X KDE_INF KDE_MED KDE_SUP
-3.0000000e+00 5.6683801e-34 3.8020287e-20 1.2663533e-14
-2.9949950e+00 7.5257304e-34 4.7052719e-20 1.5149990e-14
-2.9899900e+00 1.0002296e-33 5.8220710e-20 1.8097391e-14
-2.9849850e+00 1.3291198e-33 7.1998571e-20 2.1652505e-14
-2.9799800e+00 1.7629063e-33 8.8973949e-20 2.5884838e-14
-2.9749750e+00 2.3343892e-33 1.0993409e-19 3.0923817e-14
-2.9699700e+00 3.0894387e-33 1.3579916e-19 3.6915158e-14
-2.9649650e+00 4.0864688e-33 1.6773566e-19 4.3979170e-14
-2.9599600e+00 5.4023047e-33 2.0693840e-19 5.2327896e-14
-2.9549550e+00 7.1379297e-33 2.5504177e-19 6.2185180e-14
-2.9499499e+00 9.4260067e-33 3.1421596e-19 7.3989725e-14
-2.9449449e+00 1.2444482e-32 3.8759869e-19 8.7991431e-14
-2.9399399e+00 1.6423064e-32 4.7686729e-19 1.0461812e-13
-2.9349349e+00 2.1674741e-32 5.8600509e-19 1.2434910e-13
-2.9299299e+00 2.8569106e-32 7.2015148e-19 1.4772047e-13
-2.9249249e+00 3.7628966e-32 8.8481264e-19 1.7473960e-13
-2.9199199e+00 4.9565738e-32 1.0862928e-18 2.0732114e-13
-2.9149149e+00 6.5308856e-32 1.3339277e-18 2.4584322e-13
-2.9099099e+00 8.6007472e-32 1.6397269e-18 2.9136359e-13
-2.9049049e+00 1.1323270e-31 2.0148460e-18 3.4512363e-13
-2.8998999e+00 1.4889374e-31 2.4694525e-18 4.0857944e-13
-2.8948949e+00 1.9553109e-31 3.0232011e-18 4.8343793e-13
-2.8898899e+00 2.5650654e-31 3.6974500e-18 5.7159870e-13
-2.8848849e+00 3.3632610e-31 4.5234402e-18 6.7522878e-13
-2.8798799e+00 4.4131847e-31 5.5353047e-18 7.9583913e-13
-2.8748749e+00 5.7876103e-31 6.7637045e-18 9.3740637e-13
-2.8698699e+00 7.5864378e-31 8.2638966e-18 1.1043525e-12
-2.8648649e+00 9.9387350e-31 1.0090781e-17 1.2997580e-12
-2.8598599e+00 1.3001011e-30 1.2308748e-17 1.5284461e-12
-2.8548549e+00 1.6995164e-30 1.4993033e-17 1.7963871e-12
-2.8498498e+00 2.2204264e-30 1.8252708e-17 2.1101431e-12
-2.8448448e+00 2.8997071e-30 2.2214360e-17 2.4781939e-12
-2.8398398e+00 3.7860143e-30 2.7046144e-17 2.9138299e-12
-2.8348348e+00 4.9429702e-30 3.2942336e-17 3.4179154e-12
-2.8298298e+00 6.4504164e-30 4.0071667e-17 4.0060655e-12
-2.8248248e+00 8.4167614e-30 4.8674389e-17 4.6928530e-12
-2.8198198e+00 1.0996580e-29 5.9124097e-17 5.4943716e-12
-2.8148148e+00 1.4345310e-29 7.1701718e-17 6.4292643e-12
-2.8098098e+00 1.8682609e-29 8.6911627e-17 7.5191146e-12
-2.8048048e+00 2.4318103e-29 1.0539100e-16 8.7716902e-12
-2.7997998e+00 3.1636185e-29 1.2779657e-16 1.0263708e-11
-2.7947948e+00 4.1106879e-29 1.5469843e-16 1.1988256e-11
-2.7897898e+00 5.3403019e-29 1.8725683e-16 1.4003392e-11
-2.7847848e+00 6.9375117e-29 2.2664633e-16 1.6368104e-11
-2.7797798e+00 9.0056771e-29 2.7421199e-16 1.9104327e-11
-2.7747748e+00 1.1682544e-28 3.3159997e-16 2.2307542e-11
-2.7697698e+00 1.5146791e-28 4.0077583e-16 2.5987421e-11
-2.7647648e+00 1.9627546e-28 4.8433950e-16 3.0249062e-11
-2.7597598e+00 2.5419883e-28 5.8409379e-16 3.5213723e-11
-2.7547548e+00 3.2903590e-28 7.0447384e-16 4.0905238e-11
-2.7497497e+00 4.2567209e-28 8.5025703e-16 4.7624690e-11
-2.7447447e+00 5.5038837e-28 1.0249351e-15 5.5373118e-11
-2.7397397e+00 7.1125525e-28 1.2347284e-15 6.4433109e-11
-2.7347347e+00 9.1863693e-28 1.4864840e-15 7.4934902e-11
-2.7297297e+00 1.1854091e-27 1.7891891e-15 8.7035838e-11
-2.7247247e+00 1.5276340e-27 2.1522998e-15 1.0118803e-10
-2.7197197e+00 1.9692446e-27 2.5867980e-15 1.1750210e-10
-2.7147147e+00 2.5345068e-27 3.1026892e-15 1.3637312e-10
-2.7097097e+00 3.2634660e-27 3.7216935e-15 1.5805835e-10
-2.7047047e+00 4.2013720e-27 4.4637946e-15 1.8290040e-10
-2.6996997e+00 5.4043469e-27 5.3485846e-15 2.1179115e-10
-2.6946947e+00 6.9479647e-27 6.4071786e-15 2.4499920e-10
-2.6896897e+00 8.9285795e-27 7.6682872e-15 2.8324386e-10
-2.6846847e+00 1.1471578e-26 9.1856406e-15 3.2756992e-10
-2.6796797e+00 1.4730803e-26 1.0990879e-14 3.7897485e-10
-2.6746747e+00 1.8905671e-26 1.3125436e-14 4.3739876e-10
-2.6696697e+00 2.4270206e-26 1.5676414e-14 5.0501883e-10
-2.6646647e+00 3.1120302e-26 1.8733512e-14 5.8271977e-10
-2.6596597e+00 3.9917714e-26 2.2398026e-14 6.7126970e-10
-2.6546547e+00 5.1145422e-26 2.6700008e-14 7.7360254e-10
-2.6496496e+00 6.5463290e-26 3.1856037e-14 8.9225986e-10
-2.6446446e+00 8.3769675e-26 3.7993562e-14 1.0258599e-09
-2.6396396e+00 1.0700480e-25 4.5170683e-14 1.1805767e-09
-2.6346346e+00 1.3666488e-25 5.3751517e-14 1.3578837e-09
-2.6296296e+00 1.7430403e-25 6.3971041e-14 1.5605757e-09
-2.6246246e+00 2.2217624e-25 7.5971848e-14 1.7904988e-09
-2.6196196e+00 2.8304362e-25 9.0246616e-14 2.0532087e-09
-2.6146146e+00 3.6072167e-25 1.0705906e-13 2.3503284e-09
-2.6096096e+00 4.5907430e-25 1.2713810e-13 2.6898700e-09
-2.6046046e+00 5.8365992e-25 1.5099191e-13 3.0826258e-09
-2.5995996e+00 7.4180481e-25 1.7922304e-13 3.5252485e-09
-2.5945946e+00 9.4340010e-25 2.1258460e-13 4.0281364e-09
-2.5895896e+00 1.1992246e-24 2.5182680e-13 4.6054038e-09
-2.5845846e+00 1.5236476e-24 2.9808656e-13 5.2564084e-09
-2.5795796e+00 1.9349303e-24 3.5253241e-13 5.9964524e-09
-2.5745746e+00 2.4561677e-24 4.1683468e-13 6.8493286e-09
-2.5695696e+00 3.1165334e-24 4.9236708e-13 7.8190926e-09
-2.5645646e+00 3.9510341e-24 5.8124340e-13 8.8655119e-09
-2.5595596e+00 5.0052874e-24 6.8609725e-13 1.0090176e-08
-2.5545546e+00 6.3387746e-24 8.0902446e-13 1.1485192e-08
-2.5495495e+00 8.0164174e-24 9.5487583e-13 1.3083157e-08
-2.5445445e+00 1.0128709e-23 1.1260822e-12 1.4867965e-08
-2.5395395e+00 1.2806111e-23 1.3262624e-12 1.6896943e-08
-2.5345345e+00 1.6186279e-23 1.5606395e-12 1.9179622e-08
-2.5295295e+00 2.0446993e-23 1.8340946e-12 2.1828439e-08
-2.5245245e+00 2.5803129e-23 2.1564236e-12 2.4807572e-08
-2.5195195e+00 3.2556114e-23 2.5331724e-12 2.8097663e-08
-2.5145145e+00 4.1054055e-23 2.9721313e-12 3.1804544e-08
-2.5095095e+00 5.1741961e-23 3.4867431e-12 3.5980759e-08
-2.5045045e+00 6.5170422e-23 4.0864566e-12 4.0683062e-08
-2.4994995e+00 8.1938688e-23 4.7876238e-12 4.5974723e-08
-2.4944945e+00 1.0304443e-22 5.6073961e-12 5.2036101e-08
-2.4894895e+00 1.2942731e-22 6.5644720e-12 5.8739526e-08
-2.4844845e+00 1.6243255e-22 7.6873081e-12 6.6385225e-08
-2.4794795e+00 2.0374329e-22 9.0031570e-12 7.5035878e-08
-2.4744745e+00 2.5562233e-22 1.0547260e-11 8.4735315e-08
-2.4694695e+00 3.2103188e-22 1.2344371e-11 9.5307077e-08
-2.4644645e+00 4.0298897e-22 1.4421501e-11 1.0762816e-07
-2.4594595e+00 5.0526544e-22 1.6844727e-11 1.2144001e-07
-2.4544545e+00 6.3247848e-22 1.9646561e-11 1.3697870e-07
-2.4494494e+00 7.9129076e-22 2.2911349e-11 1.5435994e-07
-2.4444444e+00 9.8749533e-22 2.6718987e-11 1.7345939e-07
-2.4394394e+00 1.2353153e-21 3.1130198e-11 1.9472000e-07
-2.4344344e+00 1.5445157e-21 3.6221743e-11 2.1905901e-07
-2.4294294e+00 1.9307909e-21 4.2172552e-11 2.4643304e-07
-2.4244244e+00 2.4140317e-21 4.9051780e-11 2.7709505e-07
-2.4194194e+00 3.0114671e-21 5.7097547e-11 3.1060701e-07
-2.4144144e+00 3.7502618e-21 6.6336461e-11 3.4904053e-07
-2.4094094e+00 4.6699868e-21 7.6983124e-11 3.9136987e-07
-2.4044044e+00 5.8159998e-21 8.9328202e-11 4.3921811e-07
-2.3993994e+00 7.2365100e-21 1.0348564e-10 4.9135819e-07
-2.3943944e+00 9.0116530e-21 1.1982123e-10 5.4924862e-07
-2.3893894e+00 1.1193161e-20 1.3877790e-10 6.1531045e-07
-2.3843844e+00 1.3895181e-20 1.6077380e-10 6.8788666e-07
-2.3793794e+00 1.7240750e-20 1.8637021e-10 7.6856228e-07
-2.3743744e+00 2.1382464e-20 2.1545182e-10 8.5696617e-07
-2.3693694e+00 2.6504700e-20 2.4909745e-10 9.5505736e-07
-2.3643644e+00 3.2841073e-20 2.8769955e-10 1.0631893e-06
-2.3593594e+00 4.0692609e-20 3.3229525e-10 1.1829160e-06
-2.3543544e+00 5.0458941e-20 3.8363635e-10 1.3180644e-06
-2.3493493e+00 6.2570110e-20 4.4331086e-10 1.4684569e-06
-2.3443443e+00 7.7442418e-20 5.1119323e-10 1.6377092e-06
-2.3393393e+00 9.5670248e-20 5.8873631e-10 1.8243353e-06
-2.3343343e+00 1.1807787e-19 6.7916453e-10 2.0250472e-06
-2.3293293e+00 1.4579963e-19 7.8181235e-10 2.2467941e-06
-2.3243243e+00 1.7981404e-19 9.0020987e-10 2.4935095e-06
-2.3193193e+00 2.2170118e-19 1.0361641e-09 2.7687812e-06
-2.3143143e+00 2.7331592e-19 1.1917870e-09 3.0576608e-06
-2.3093093e+00 3.3735515e-19 1.3688104e-09 3.3831535e-06
-2.3043043e+00 4.1536025e-19 1.5723404e-09 3.7412460e-06
-2.2992993e+00 5.1167662e-19 1.8038336e-09 4.1349762e-06
-2.2942943e+00 6.2971445e-19 2.0702274e-09 4.5757289e-06
-2.2892893e+00 7.7345518e-19 2.3736924e-09 5.0565784e-06
-2.2842843e+00 9.5041296e-19 2.7187987e-09 5.5964399e-06
-2.2792793e+00 1.1678689e-18 3.1098504e-09 6.1799823e-06
-2.2742743e+00 1.4335602e-18 3.5549569e-09 6.8275607e-06
-2.2692693e+00 1.7596977e-18 4.0668110e-09 7.5352322e-06
-2.2642643e+00 2.1590605e-18 4.6535576e-09 8.2903485e-06
-2.2592593e+00 2.6476094e-18 5.3214357e-09 9.1284464e-06
-2.2542543e+00 3.2453150e-18 6.0748171e-09 1.0047728e-05
-2.2492492e+00 3.9813642e-18 6.9395561e-09 1.1059979e-05
-2.2442442e+00 4.8759170e-18 7.9136640e-09 1.2191932e-05
-2.2392392e+00 5.9613338e-18 9.0190056e-09 1.3405849e-05
-2.2342342e+00 7.2912933e-18 1.0271099e-08 1.4714222e-05
-2.2292292e+00 8.9145671e-18 1.1702773e-08 1.6143911e-05
-2.2242242e+00 1.0893284e-17 1.3314767e-08 1.7701384e-05
-2.2192192e+00 1.3304677e-17 1.5147031e-08 1.9397427e-05
-2.2142142e+00 1.6233395e-17 1.7242537e-08 2.1295990e-05
-2.2092092e+00 1.9812043e-17 1.9598188e-08 2.3382540e-05
-2.2042042e+00 2.4158835e-17 2.2236037e-08 2.5607593e-05
-2.1991992e+00 2.9450485e-17 2.5201412e-08 2.8045375e-05
-2.1941942e+00 3.5881643e-17 2.8552257e-08 3.0386961e-05
-2.1891892e+00 4.3679096e-17 3.2355841e-08 2.7814935e-05
-2.1841842e+00 5.3129190e-17 3.6651147e-08 2.5446673e-05
-2.1791792e+00 6.4532977e-17 4.1485055e-08 2.3270248e-05
-2.1741742e+00 7.8256606e-17 4.6902477e-08 2.1325623e-05
-2.1691692e+00 9.4895141e-17 5.3063134e-08 2.0128042e-05
-2.1641642e+00 1.1529690e-16 6.0013664e-08 2.0610839e-05
-2.1591592e+00 1.3990713e-16 6.7867194e-08 2.1964355e-05
-2.1541542e+00 1.6961042e-16 7.6625030e-08 2.3737611e-05
-2.1491491e+00 2.0518230e-16 8.6631294e-08 2.5856377e-05
-2.1441441e+00 2.4801999e-16 9.7736594e-08 2.4486281e-05
-2.1391391e+00 2.9983399e-16 1.1011448e-07 2.2819989e-05
-2.1341341e+00 3.6260624e-16 1.2401727e-07 2.3873927e-05
-2.1291291e+00 4.3835655e-16 1.3977427e-07 2.5808156e-05
-2.1241241e+00 5.2964163e-16 1.5752668e-07 2.5574079e-05
-2.1191191e+00 6.3958622e-16 1.7747560e-07 2.7467248e-05
-2.1141141e+00 7.7180309e-16 1.9948535e-07 2.9005845e-05
-2.1091091e+00 9.3057042e-16 2.2380820e-07 3.1369552e-05
-2.1041041e+00 1.1211410e-15 2.5108021e-07 3.4048069e-05
-2.0990991e+00 1.3494757e-15 2.8199262e-07 3.7077421e-05
-2.0940941e+00 1.6251608e-15 3.1577387e-07 4.0362681e-05
-2.0890891e+00 1.9560802e-15 3.5390970e-07 4.3781136e-05
-2.0840841e+00 2.3523367e-15 3.9593141e-07 4.7869842e-05
-2.0790791e+00 2.8284549e-15 4.4279534e-07 5.2130341e-05
-2.0740741e+00 3.4002873e-15 4.9552642e-07 5.6782541e-05
-2.0690691e+00 4.0842973e-15 5.5451553e-07 6.1746588e-05
-2.0640641e+00 4.8984014e-15 6.2019558e-07 6.7111860e-05
-2.0590591e+00 5.8781060e-15 6.9253402e-07 7.2989561e-05
-2.0540541e+00 7.0394346e-15 7.7387667e-07 7.9185787e-05
-2.0490490e+00 8.4214361e-15 8.6390739e-07 8.5898848e-05
-2.0440440e+00 1.0069278e-14 9.6429748e-07 9.3243170e-05
-2.0390390e+00 1.2033425e-14 1.0739080e-06 1.0148099e-04
-2.0340340e+00 1.4409258e-14 1.1951159e-06 1.1048771e-04
-2.0290290e+00 1.7254526e-14 1.2291642e-06 1.1972801e-04
-2.0240240e+00 2.0645350e-14 1.1938163e-06 1.2955422e-04
-2.0190190e+00 2.4633317e-14 1.3015686e-06 1.4049743e-04
-2.0140140e+00 2.9358525e-14 1.4354580e-06 1.5149500e-04
-2.0090090e+00 3.5092418e-14 1.5821621e-06 1.6380036e-04
-2.0040040e+00 4.1958243e-14 1.5468195e-06 1.7754846e-04
-1.9989990e+00 5.0140031e-14 1.6983922e-06 1.9198268e-04
-1.9939940e+00 5.9796011e-14 1.8027628e-06 2.0771491e-04
-1.9889890e+00 7.1062298e-14 1.9566933e-06 2.2450715e-04
-1.9839840e+00 8.4564283e-14 2.1252435e-06 2.4240775e-04
-1.9789790e+00 1.0061126e-13 2.3529193e-06 2.6176834e-04
-1.9739740e+00 1.1949427e-13 2.5971134e-06 2.8160545e-04
-1.9689690e+00 1.4188775e-13 2.8582021e-06 3.0351195e-04
-1.9639640e+00 1.6846449e-13 3.1457734e-06 3.2649873e-04
-1.9589590e+00 1.9947496e-13 3.4800265e-06 3.5129154e-04
-1.9539540e+00 2.3608619e-13 3.8524921e-06 3.7824570e-04
-1.9489489e+00 2.7992314e-13 4.2677658e-06 4.0636599e-04
-1.9439439e+00 3.3188326e-13 4.7237239e-06 4.3757184e-04
-1.9389389e+00 3.9279654e-13 5.2224072e-06 4.6957484e-04
-1.9339339e+00 4.6471725e-13 5.7805487e-06 5.0515247e-04
-1.9289289e+00 5.4845983e-13 6.3880453e-06 5.4153746e-04
-1.9239239e+00 6.4698874e-13 7.0537825e-06 5.8033603e-04
-1.9189189e+00 7.6453856e-13 7.7687087e-06 6.2096790e-04
-1.9139139e+00 9.0495279e-13 8.5578469e-06 6.6345088e-04
-1.9089089e+00 1.0665628e-12 9.4137309e-06 7.1179047e-04
-1.9039039e+00 1.2566388e-12 1.0358395e-05 7.6115906e-04
-1.8988989e+00 1.4827432e-12 1.1384683e-05 8.1093573e-04
-1.8938939e+00 1.7439302e-12 1.2515270e-05 8.6742757e-04
-1.8888889e+00 2.0544054e-12 1.3784308e-05 9.2487522e-04
-1.8838839e+00 2.4190829e-12 1.5131332e-05 9.8606131e-04
-1.8788789e+00 2.8519599e-12 1.6597085e-05 1.0514401e-03
-1.8738739e+00 3.3576878e-12 1.8240366e-05 1.1217697e-03
-1.8688689e+00 3.9505693e-12 2.0026925e-05 1.1938367e-03
-1.8638639e+00 4.6460985e-12 2.1939283e-05 1.2720983e-03
-1.8588589e+00 5.4589520e-12 2.4079028e-05 1.3551292e-03
-1.8538539e+00 6.4086639e-12 2.6337883e-05 1.4372437e-03
-1.8488488e+00 7.5215151e-12 2.8820236e-05 1.5279517e-03
-1.8438438e+00 8.8004861e-12 3.1534795e-05 1.6266405e-03
-1.8388388e+00 1.0304345e-11 3.4508449e-05 1.7280654e-03
-1.8338338e+00 1.2061578e-11 3.7862869e-05 1.8332620e-03
-1.8288288e+00 1.4111092e-11 4.1421794e-05 1.9479738e-03
-1.8238238e+00 1.6521144e-11 4.5152007e-05 2.0649744e-03
-1.8188188e+00 1.9312239e-11 4.9214763e-05 2.1836754e-03
-1.8138138e+00 2.2578507e-11 5.3699517e-05 2.3100306e-03
-1.8088088e+00 2.6332077e-11 5.8590113e-05 2.4516318e-03
-1.8038038e+00 3.0690572e-11 6.3802409e-05 2.6023008e-03
-1.7987988e+00 3.5757869e-11 6.9565776e-05 2.7558325e-03
-1.7937938e+00 4.1627640e-11 7.5785032e-05 2.9154511e-03
-1.7887888e+00 4.8449515e-11 8.2356935e-05 3.0736017e-03
-1.7837838e+00 5.6343320e-11 8.9559920e-05 3.2556013e-03
-1.7787788e+00 6.5554447e-11 9.7292965e-05 3.4389521e-03
-1.7737738e+00 7.6182345e-11 1.0564801e-04 3.6399627e-03
-1.7687688e+00 8.8276150e-11 1.1420103e-04 3.8346182e-03
-1.7637638e+00 1.0234270e-10 1.2387112e-04 4.0366529e-03
-1.7587588e+00 1.1873425e-10 1.3435445e-04 4.2360090e-03
-1.7537538e+00 1.3767774e-10 1.4584940e-04 4.4509177e-03
-1.7487487e+00 1.5990901e-10 1.5762629e-04 4.6845735e-03
-1.7437437e+00 1.8525446e-10 1.7059528e-04 4.9314846e-03
-1.7387387e+00 2.1435763e-10 1.8422918e-04 5.1761757e-03
-1.7337337e+00 2.4819216e-10 1.9911894e-04 5.4276764e-03
-1.7287287e+00 2.8725236e-10 2.1499705e-04 5.6912327e-03
-1.7237237e+00 3.3185940e-10 2.3191511e-04 5.9738185e-03
-1.7187187e+00 3.8303887e-10 2.5037285e-04 6.2691225e-03
-1.7137137e+00 4.4291702e-10 2.6957391e-04 6.5593473e-03
-1.7087087e+00 4.6700672e-10 2.9075690e-04 6.8723916e-03
-1.7037037e+00 4.9052125e-10 3.1288194e-04 7.1712831e-03
-1.6986987e+00 5.5138393e-10 3.3711411e-04 7.5050412e-03
-1.6936937e+00 5.9772907e-10 3.6267426e-04 7.8405881e-03
-1.6886887e+00 6.4796624e-10 3.8973631e-04 8.2047761e-03
-1.6836837e+00 7.2095099e-10 4.1859848e-04 8.5778443e-03
-1.6786787e+00 8.0410691e-10 4.4938719e-04 8.9609778e-03
-1.6736737e+00 9.1064736e-10 4.8220467e-04 9.3425241e-03
-1.6686687e+00 1.0384665e-09 5.1835454e-04 9.7269077e-03
-1.6636637e+00 1.1840240e-09 5.5645660e-04 1.0151866e-02
-1.6586587e+00 1.3502530e-09 5.9791626e-04 1.0600322e-02
-1.6536537e+00 1.5526806e-09 6.3946877e-04 1.1017031e-02
-1.6486486e+00 1.7811596e-09 6.8367303e-04 1.1466805e-02
-1.6436436e+00 2.0438534e-09 7.3130704e-04 1.1900884e-02
-1.6386386e+00 2.3376189e-09 7.8307910e-04 1.2387970e-02
-1.6336336e+00 2.6850692e-09 8.3660340e-04 1.2875580e-02
-1.6286286e+00 3.0731258e-09 8.9345841e-04 1.3348300e-02
-1.6236236e+00 3.5145592e-09 9.5233842e-04 1.3855151e-02
-1.6186186e+00 4.0149980e-09 1.0148822e-03 1.4362274e-02
-1.6136136e+00 4.5927421e-09 1.0837584e-03 1.4880178e-02
-1.6086086e+00 5.2565659e-09 1.1517430e-03 1.5378966e-02
-1.6036036e+00 6.0115700e-09 1.2255018e-03 1.5886568e-02
-1.5985986e+00 6.8775302e-09 1.3022526e-03 1.6447637e-02
-1.5935936e+00 7.8638382e-09 1.3838555e-03 1.7002578e-02
-1.5885886e+00 8.9664870e-09 1.4710524e-03 1.7565228e-02
-1.5835836e+00 1.0251829e-08 1.5641233e-03 1.8146557e-02
-1.5785786e+00 1.1718854e-08 1.6586869e-03 1.8711046e-02
-1.5735736e+00 1.3344437e-08 1.7559484e-03 1.9326183e-02
-1.5685686e+00 1.5189843e-08 1.8623816e-03 1.9859830e-02
-1.5635636e+00 1.7266122e-08 1.9731806e-03 2.0497187e-02
-1.5585586e+00 1.9639133e-08 2.0897503e-03 2.1064033e-02
-1.5535536e+00 2.2350567e-08 2.2122590e-03 2.1654870e-02
-1.5485485e+00 2.5386281e-08 2.3444698e-03 2.2187139e-02
-1.5435435e+00 2.8818253e-08 2.4777224e-03 2.2801430e-02
-1.5385385e+00 3.2718622e-08 2.6164659e-03 2.3378213e-02
-1.5335335e+00 3.7166968e-08 2.7668326e-03 2.4017623e-02
-1.5285285e+00 4.2156343e-08 2.9244445e-03 2.4616452e-02
-1.5235235e+00 4.7751568e-08 3.0916490e-03 2.5305184e-02
-1.5185185e+00 5.4086133e-08 3.2597030e-03 2.5979336e-02
-1.5135135e+00 6.1059901e-08 3.4393813e-03 2.6642274e-02
-1.5085085e+00 6.8946665e-08 3.6223173e-03 2.7184551e-02
-1.5035035e+00 7.7987858e-08 3.8219465e-03 2.7746352e-02
-1.4984985e+00 8.8151238e-08 4.0276543e-03 2.8254012e-02
-1.4934935e+00 9.9685408e-08 4.2372929e-03 2.8787804e-02
-1.4884885e+00 1.1234339e-07 4.4536167e-03 2.9349806e-02
-1.4834835e+00 1.2661536e-07 4.6879879e-03 2.9926125e-02
-1.4784785e+00 1.4307673e-07 4.9254893e-03 3.0464452e-02
-1.4734735e+00 1.6088321e-07 5.1675451e-03 3.0946939e-02
-1.4684685e+00 1.8137173e-07 5.4072514e-03 3.1435858e-02
-1.4634635e+00 2.0432400e-07 5.6660202e-03 3.1965348e-02
-1.4584585e+00 2.3012439e-07 5.9377382e-03 3.2373109e-02
-1.4534535e+00 2.5846408e-07 6.2120196e-03 3.2933481e-02
-1.4484484e+00 2.9053073e-07 6.4899519e-03 3.3419577e-02
-1.4434434e+00 3.2582635e-07 6.7864040e-03 3.3851227e-02
-1.4384384e+00 3.6611427e-07 7.0764818e-03 3.4272833e-02
-1.4334334e+00 4.1049863e-07 7.3925788e-03 3.4647403e-02
-1.4284284e+00 4.6074883e-07 7.7175779e-03 3.5003167e-02
-1.4234234e+00 5.1639038e-07 8.0468621e-03 3.5380191e-02
-1.4184184e+00 5.7729639e-07 8.3845695e-03 3.5740518e-02
-1.4134134e+00 6.4617040e-07 8.7478991e-03 3.5988574e-02
-1.4084084e+00 7.2425068e-07 9.0902186e-03 3.6245959e-02
-1.4034034e+00 8.0939348e-07 9.4583900e-03 3.6461413e-02
-1.3983984e+00 9.0404477e-07 9.8330872e-03 3.6616223e-02
-1.3933934e+00 1.0105935e-06 1.0198287e-02 3.6706832e-02
-1.3883884e+00 1.1285227e-06 1.0567847e-02 3.6751183e-02
-1.3833834e+00 1.2589207e-06 1.0965249e-02 3.7233751e-02
-1.3783784e+00 1.4041544e-06 1.1367963e-02 3.7926139e-02
-1.3733734e+00 1.5659953e-06 1.1799338e-02 3.8641140e-02
-1.3683684e+00 1.7452340e-06 1.2229970e-02 3.9422114e-02
-1.3633634e+00 1.9440489e-06 1.2673643e-02 4.0229815e-02
-1.3583584e+00 2.1641834e-06 1.3110215e-02 4.1148474e-02
-1.3533534e+00 2.4112485e-06 1.3530046e-02 4.2042646e-02
-1.3483483e+00 2.6841840e-06 1.3979691e-02 4.2875164e-02
-1.3433433e+00 2.9865760e-06 1.4423340e-02 4.3736448e-02
-1.3383383e+00 3.3209567e-06 1.4877630e-02 4.4682060e-02
-1.3333333e+00 3.6909816e-06 1.5335573e-02 4.5498700e-02
-1.3283283e+00 4.0967311e-06 1.5791040e-02 4.6272089e-02
-1.3233233e+00 4.5325399e-06 1.6250681e-02 4.7192451e-02
-1.3183183e+00 5.0106939e-06 1.6721009e-02 4.8081315e-02
-1.3133133e+00 5.5455246e-06 1.7202318e-02 4.8861312e-02
-1.3083083e+00 6.1374954e-06 1.7640817e-02 4.9819466e-02
-1.3033033e+00 6.7745329e-06 1.8125624e-02 5.0588760e-02
-1.2982983e+00 7.5052437e-06 1.8641531e-02 5.1392829e-02
-1.2932933e+00 8.2839300e-06 1.9098037e-02 5.2271167e-02
-1.2882883e+00 9.1409586e-06 1.9535970e-02 5.3159102e-02
-1.2832833e+00 1.0066911e-05 1.9991730e-02 5.3983656e-02
-1.2782783e+00 1.1107479e-05 2.0454933e-02 5.4770069e-02
-1.2732733e+00 1.2261152e-05 2.0907708e-02 5.5574757e-02
-1.2682683e+00 1.3514475e-05 2.1341292e-02 5.6259528e-02
-1.2632633e+00 1.4915971e-05 2.1805034e-02 5.6992124e-02
-1.2582583e+00 1.6406619e-05 2.2237726e-02 5.7675653e-02
-1.2532533e+00 1.8081952e-05 2.2700108e-02 5.8417040e-02
-1.2482482e+00 1.9911057e-05 2.3153382e-02 5.9062110e-02
-1.2432432e+00 2.1932708e-05 2.3516486e-02 5.9648710e-02
-1.2382382e+00 2.4112263e-05 2.3954943e-02 6.0166428e-02
-1.2332332e+00 2.6450906e-05 2.4332714e-02 6.0804149e-02
-1.2282282e+00 2.9035639e-05 2.4704750e-02 6.1347197e-02
-1.2232232e+00 3.1877153e-05 2.5122719e-02 6.1879607e-02
-1.2182182e+00 3.4927209e-05 2.5545844e-02 6.2480387e-02
-1.2132132e+00 3.8236650e-05 2.5890718e-02 6.3041900e-02
-1.2082082e+00 4.1919075e-05 2.6217846e-02 6.3529296e-02
-1.2032032e+00 4.5883128e-05 2.6604483e-02 6.4065773e-02
-1.1981982e+00 5.0139969e-05 2.6932366e-02 6.4493215e-02
-1.1931932e+00 5.4809962e-05 2.7308721e-02 6.4843148e-02
-1.1881882e+00 5.9882804e-05 2.7600903e-02 6.5341661e-02
-1.1831832e+00 6.5495631e-05 2.7895474e-02 6.5791463e-02
-1.1781782e+00 7.1423442e-05 2.8213540e-02 6.6137032e-02
-1.1731732e+00 7.7989385e-05 2.8440615e-02 6.6527562e-02
-1.1681682e+00 8.4886381e-05 2.8674948e-02 6.6891962e-02
-1.1631632e+00 9.2401080e-05 2.8947165e-02 6.7318346e-02
-1.1581582e+00 1.0057274e-04 2.9164312e-02 6.7621207e-02
-1.1531532e+00 1.0946720e-04 2.9383402e-02 6.7981320e-02
-1.1481481e+00 1.1891887e-04 2.9674466e-02 6.8233851e-02
-1.1431431e+00 1.2939372e-04 2.9877698e-02 6.8441411e-02
-1.1381381e+00 1.4049301e-04 3.0046354e-02 6.8673221e-02
-1.1331331e+00 1.5244787e-04 3.0223609e-02 6.8862572e-02
-1.1281281e+00 1.6536776e-04 3.0381917e-02 6.9118564e-02
-1.1231231e+00 1.7947478e-04 3.0522768e-02 6.9301846e-02
-1.1181181e+00 1.9464748e-04 3.0641104e-02 6.9484789e-02
-1.1131131e+00 2.1093102e-04 3.0769967e-02 6.9677005e-02
-1.1081081e+00 2.2843502e-04 3.0882578e-02 6.9908031e-02
-1.1031031e+00 2.4677913e-04 3.0939579e-02 7.0013549e-02
-1.0980981e+00 2.6688791e-04 3.1001820e-02 7.0165035e-02
-1.0930931e+00 2.8821616e-04 3.1121986e-02 7.0339657e-02
-1.0880881e+00 3.1017358e-04 3.1105290e-02 7.0418878e-02
-1.0830831e+00 3.3463848e-04 3.1170944e-02 7.0468240e-02
-1.0780781e+00 3.6153280e-04 3.1209384e-02 7.0498995e-02
-1.0730731e+00 3.8851564e-04 3.1172143e-02 7.0484963e-02
-1.0680681e+00 4.1780906e-04 3.1051997e-02 7.0558899e-02
-1.0630631e+00 4.4929438e-04 3.0986760e-02 7.0670433e-02
-1.0580581e+00 4.8379732e-04 3.0947413e-02 7.0699250e-02
-1.0530531e+00 5.2043561e-04 3.0916146e-02 7.0817804e-02
-1.0480480e+00 5.5898786e-04 3.0875594e-02 7.0845256e-02
-1.0430430e+00 6.0124308e-04 3.0824119e-02 7.0847242e-02
-1.0380380e+00 6.4624457e-04 3.0800574e-02 7.0905657e-02
-1.0330330e+00 6.9304889e-04 3.0677801e-02 7.0877991e-02
-1.0280280e+00 7.4121513e-04 3.0555576e-02 7.0951935e-02
-1.0230230e+00 7.9040809e-04 3.0451040e-02 7.0957461e-02
-1.0180180e+00 8.4758739e-04 3.0348538e-02 7.1017437e-02
-1.0130130e+00 9.0541077e-04 3.0211042e-02 7.1014769e-02
-1.0080080e+00 9.6974630e-04 3.0040788e-02 7.0947299e-02
-1.0030030e+00 1.0342433e-03 2.9895549e-02 7.0941089e-02
-9.9799800e-01 1.1050250e-03 2.9745612e-02 7.0899283e-02
-9.9299299e-01 1.1777020e-03 2.9570366e-02 7.0788374e-02
-9.8798799e-01 1.2572068e-03 2.9432693e-02 7.0737478e-02
-9.8298298e-01 1.3427561e-03 2.9239926e-02 7.0721030e-02
-9.7797798e-01 1.4322072e-03 2.9122991e-02 7.0670592e-02
-9.7297297e-01 1.5237507e-03 2.8988128e-02 7.0562946e-02
-9.6796797e-01 1.6178025e-03 2.8763363e-02 7.0511536e-02
-9.6296296e-01 1.7200736e-03 2.8538803e-02 7.0342685e-02
-9.5795796e-01 1.8283547e-03 2.8388591e-02 7.0208659e-02
-9.5295295e-01 1.9353238e-03 2.8229356e-02 7.0084832e-02
-9.4794795e-01 2.0507016e-03 2.8082314e-02 7.0002338e-02
-9.4294294e-01 2.1820394e-03 2.7935738e-02 6.9795162e-02
-9.3793794e-01 2.3121774e-03 2.7821334e-02 6.9654868e-02
-9.3293293e-01 2.4422693e-03 2.7717836e-02 6.9528224e-02
-9.2792793e-01 2.5748465e-03 2.7581822e-02 6.9359861e-02
-9.2292292e-01 2.7267057e-03 2.7498813e-02 6.9291330e-02
-9.1791792e-01 2.8735451e-03 2.7330492e-02 6.9172438e-02
-9.1291291e-01 3.0311282e-03 2.7268478e-02 6.8980849e-02
-9.0790791e-01 3.1930954e-03 2.7180745e-02 6.8783912e-02
-9.0290290e-01 3.3572874e-03 2.7112809e-02 6.8659659e-02
-8.9789790e-01 3.5333208e-03 2.7041736e-02 6.8538789e-02
-8.9289289e-01 3.7183875e-03 2.7020876e-02 6.8578820e-02
-8.8788789e-01 3.9203133e-03 2.7031006e-02 6.8498046e-02
-8.8288288e-01 4.1275577e-03 2.6966365e-02 6.8435571e-02
-8.7787788e-01 4.3315421e-03 2.6976077e-02 6.8153592e-02
-8.7287287e-01 4.5242598e-03 2.7066232e-02 6.8086105e-02
-8.6786787e-01 4.7398820e-03 2.7136205e-02 6.8065147e-02
-8.6286286e-01 4.9492593e-03 2.7267355e-02 6.8009952e-02
-8.5785786e-01 5.1640907e-03 2.7373292e-02 6.8008315e-02
-8.5285285e-01 5.4014940e-03 2.7509636e-02 6.8118868e-02
-8.4784785e-01 5.6490491e-03 2.7592817e-02 6.8071024e-02
-8.4284284e-01 5.9038228e-03 2.7722048e-02 6.8119980e-02
-8.3783784e-01 6.1577032e-03 2.7890999e-02 6.8228510e-02
-8.3283283e-01 6.4222686e-03 2.8105799e-02 6.8279221e-02
-8.2782783e-01 6.6854264e-03 2.8243366e-02 6.8308775e-02
-8.2282282e-01 6.9893295e-03 2.8373102e-02 6.8342740e-02
-8.1781782e-01 7.2780460e-03 2.8578726e-02 6.8498758e-02
-8.1281281e-01 7.5628384e-03 2.8831803e-02 6.8652810e-02
-8.0780781e-01 7.8737810e-03 2.9165211e-02 6.8847595e-02
-8.0280280e-01 8.1942619e-03 2.9456098e-02 6.9052746e-02
-7.9779780e-01 8.5003321e-03 2.9700114e-02 6.9335351e-02
-7.9279279e-01 8.8085392e-03 3.0029248e-02 6.9790505e-02
-7.8778779e-01 9.1244608e-03 3.0464895e-02 7.0102627e-02
-7.8278278e-01 9.4811193e-03 3.0819147e-02 7.0484290e-02
-7.7777778e-01 9.8379941e-03 3.1269839e-02 7.0951225e-02
-7.7277277e-01 1.0241139e-02 3.1688218e-02 7.1424305e-02
-7.6776777e-01 1.0641939e-02 3.2251767e-02 7.1855637e-02
-7.6276276e-01 1.1022044e-02 3.2801834e-02 7.2399497e-02
-7.5775776e-01 1.1412868e-02 3.3296812e-02 7.2811323e-02
-7.5275275e-01 1.1819460e-02 3.3826434e-02 7.3306937e-02
-7.4774775e-01 1.2224791e-02 3.4445307e-02 7.3955715e-02
-7.4274274e-01 1.2651271e-02 3.5003244e-02 7.4569928e-02
-7.3773774e-01 1.3044470e-02 3.5576905e-02 7.5255121e-02
-7.3273273e-01 1.3454519e-02 3.6259064e-02 7.6025506e-02
-7.2772773e-01 1.3910267e-02 3.6938367e-02 7.6791832e-02
-7.2272272e-01 1.4429611e-02 3.7649085e-02 7.7767857e-02
-7.1771772e-01 1.4915558e-02 3.8404919e-02 7.8575725e-02
-7.1271271e-01 1.5430637e-02 3.9186455e-02 7.9493393e-02
-7.0770771e-01 1.5970735e-02 3.9903096e-02 8.0466047e-02
-7.0270270e-01 1.6504433e-02 4.0651843e-02 8.1522121e-02
-6.9769770e-01 1.7041503e-02 4.1497495e-02 8.2542481e-02
-6.9269269e-01 1.7582029e-02 4.2376499e-02 8.3695551e-02
-6.8768769e-01 1.8180023e-02 4.3253325e-02 8.4832069e-02
-6.8268268e-01 1.8787654e-02 4.4191962e-02 8.6053173e-02
-6.7767768e-01 1.9427996e-02 4.5137295e-02 8.7310159e-02
-6.7267267e-01 2.0094270e-02 4.6133103e-02 8.8551507e-02
-6.6766767e-01 2.0696419e-02 4.7106087e-02 8.9758826e-02
-6.6266266e-01 2.1358103e-02 4.8111535e-02 9.1222469e-02
-6.5765766e-01 2.2107079e-02 4.9202649e-02 9.2662312e-02
-6.5265265e-01 2.2816141e-02 5.0340265e-02 9.4076222e-02
-6.4764765e-01 2.3579602e-02 5.1436390e-02 9.5583722e-02
-6.4264264e-01 2.4316075e-02 5.2582078e-02 9.6967117e-02
-6.3763764e-01 2.5108741e-02 5.3787561e-02 9.8395640e-02
-6.3263263e-01 2.5904571e-02 5.5078233e-02 1.0000202e-01
-6.2762763e-01 2.6682627e-02 5.6395149e-02 1.0178323e-01
-6.2262262e-01 2.7479809e-02 5.7752930e-02 1.0339425e-01
-6.1761762e-01 2.8402506e-02 5.9124691e-02 1.0533440e-01
-6.1261261e-01 2.9377710e-02 6.0575488e-02 1.0714305e-01
-6.0760761e-01 3.0370867e-02 6.2014365e-02 1.0885728e-01
-6.0260260e-01 3.1358627e-02 6.3489819e-02 1.1059252e-01
-5.9759760e-01 3.2306005e-02 6.4984059e-02 1.1254051e-01
-5.9259259e-01 3.3346392e-02 6.6531112e-02 1.1440045e-01
-5.8758759e-01 3.4448239e-02 6.8100827e-02 1.1652792e-01
-5.8258258e-01 3.5541639e-02 6.9715258e-02 1.1855224e-01
-5.7757758e-01 3.6599777e-02 7.1405411e-02 1.2050025e-01
-5.7257257e-01 3.7708200e-02 7.3144827e-02 1.2264058e-01
-5.6756757e-01 3.8921340e-02 7.4904479e-02 1.2478751e-01
-5.6256256e-01 4.0128505e-02 7.6692070e-02 1.2712064e-01
-5.5755756e-01 4.1372164e-02 7.8452343e-02 1.2944362e-01
-5.5255255e-01 4.2585498e-02 8.0313578e-02 1.3180537e-01
-5.4754755e-01 4.3795321e-02 8.2221634e-02 1.3429616e-01
-5.4254254e-01 4.5114310e-02 8.4168794e-02 1.3673740e-01
-5.3753754e-01 4.6407525e-02 8.6123920e-02 1.3923791e-01
-5.3253253e-01 4.7813212e-02 8.8134829e-02 1.4174378e-01
-5.2752753e-01 4.9233368e-02 9.0179632e-02 1.4420020e-01
-5.2252252e-01 5.0736288e-02 9.2296178e-02 1.4706598e-01
-5.1751752e-01 5.2271765e-02 9.4403798e-02 1.4973588e-01
-5.1251251e-01 5.3767566e-02 9.6477782e-02 1.5238826e-01
-5.0750751e-01 5.5302913e-02 9.8761399e-02 1.5493684e-01
-5.0250250e-01 5.6921157e-02 1.0099933e-01 1.5773546e-01
-4.9749750e-01 5.8656783e-02 1.0340424e-01 1.6048431e-01
-4.9249249e-01 6.0525628e-02 1.0569667e-01 1.6315563e-01
-4.8748749e-01 6.2309867e-02 1.0807555e-01 1.6589378e-01
-4.8248248e-01 6.4157589e-02 1.1040469e-01 1.6870658e-01
-4.7747748e-01 6.5986474e-02 1.1289820e-01 1.7173475e-01
-4.7247247e-01 6.7811036e-02 1.1530011e-01 1.7474966e-01
-4.6746747e-01 6.9750390e-02 1.1781219e-01 1.7788180e-01
-4.6246246e-01 7.1772942e-02 1.2037189e-01 1.8098845e-01
-4.5745746e-01 7.3735350e-02 1.2291949e-01 1.8423351e-01
-4.5245245e-01 7.5767902e-02 1.2562708e-01 1.8758191e-01
-4.4744745e-01 7.7898887e-02 1.2831712e-01 1.9105034e-01
-4.4244244e-01 8.0107655e-02 1.3098125e-01 1.9436898e-01
-4.3743744e-01 8.2327965e-02 1.3383103e-01 1.9762197e-01
-4.3243243e-01 8.4546024e-02 1.3668754e-01 2.0106814e-01
-4.2742743e-01 8.6774656e-02 1.3953300e-01 2.0438235e-01
-4.2242242e-01 8.9102371e-02 1.4250134e-01 2.0770892e-01
-4.1741742e-01 9.1423721e-02 1.4549792e-01 2.1108550e-01
-4.1241241e-01 9.3915624e-02 1.4843714e-01 2.1447194e-01
-4.0740741e-01 9.6439634e-02 1.5146595e-01 2.1811308e-01
-4.0240240e-01 9.8883611e-02 1.5453842e-01 2.2180016e-01
-3.9739740e-01 1.0143729e-01 1.5764709e-01 2.2542073e-01
-3.9239239e-01 1.0404498e-01 1.6080677e-01 2.2900265e-01
-3.8738739e-01 1.0662078e-01 1.6402909e-01 2.3287433e-01
-3.8238238e-01 1.0932647e-01 1.6735768e-01 2.3680421e-01
-3.7737738e-01 1.1208969e-01 1.7062301e-01 2.4076631e-01
-3.7237237e-01 1.1470875e-01 1.7388544e-01 2.4453165e-01
-3.6736737e-01 1.1764114e-01 1.7714090e-01 2.4853266e-01
-3.6236236e-01 1.2051502e-01 1.8057707e-01 2.5240051e-01
-3.5735736e-01 1.2339830e-01 1.8402653e-01 2.5631158e-01
-3.5235235e-01 1.2640620e-01 1.8769893e-01 2.6020661e-01
-3.4734735e-01 1.2944555e-01 1.9120225e-01 2.6425034e-01
-3.4234234e-01 1.3255776e-01 1.9485614e-01 2.6819743e-01
-3.3733734e-01 1.3569397e-01 1.9853365e-01 2.7241535e-01
-3.3233233e-01 1.3882429e-01 2.0220783e-01 2.7644674e-01
-3.2732733e-01 1.4199916e-01 2.0597563e-01 2.8064505e-01
-3.2232232e-01 1.4528542e-01 2.0975441e-01 2.8494530e-01
-3.1731732e-01 1.4859076e-01 2.1350415e-01 2.8923256e-01
-3.1231231e-01 1.5185474e-01 2.1738663e-01 2.9346239e-01
-3.0730731e-01 1.5524103e-01 2.2130308e-01 2.9793125e-01
-3.0230230e-01 1.5864856e-01 2.2515422e-01 3.0235274e-01
-2.9729730e-01 1.6212328e-01 2.2923924e-01 3.0701145e-01
-2.9229229e-01 1.6553162e-01 2.3325825e-01 3.1140437e-01
-2.8728729e-01 1.6910882e-01 2.3725663e-01 3.1577976e-01
-2.8228228e-01 1.7264421e-01 2.4131037e-01 3.2058041e-01
-2.7727728e-01 1.7631524e-01 2.4558083e-01 3.2529816e-01
-2.7227227e-01 1.7994887e-01 2.4965317e-01 3.2989890e-01
-2.6726727e-01 1.8360151e-01 2.5390666e-01 3.3481778e-01
-2.6226226e-01 1.8738504e-01 2.5831777e-01 3.3964168e-01
-2.5725726e-01 1.9104511e-01 2.6264178e-01 3.4434264e-01
-2.5225225e-01 1.9490179e-01 2.6712668e-01 3.4922952e-01
-2.4724725e-01 1.9882384e-01 2.7140411e-01 3.5384588e-01
-2.4224224e-01 2.0277068e-01 2.7565837e-01 3.5907497e-01
-2.3723724e-01 2.0655177e-01 2.8010656e-01 3.6411639e-01
-2.3223223e-01 2.1033375e-01 2.8451020e-01 3.6913908e-01
-2.2722723e-01 2.1442303e-01 2.8896407e-01 3.7426623e-01
-2.2222222e-01 2.1829521e-01 2.9361195e-01 3.7923519e-01
-2.1721722e-01 2.2219245e-01 2.9832145e-01 3.8443476e-01
-2.1221221e-01 2.2620490e-01 3.0275913e-01 3.8960172e-01
-2.0720721e-01 2.3034047e-01 3.0734068e-01 3.9479680e-01
-2.0220220e-01 2.3441440e-01 3.1198795e-01 3.9988939e-01
-1.9719720e-01 2.3851498e-01 3.1653677e-01 4.0512720e-01
-1.9219219e-01 2.4262932e-01 3.2137203e-01 4.1053434e-01
-1.8718719e-01 2.4676639e-01 3.2612028e-01 4.1574852e-01
-1.8218218e-01 2.5092068e-01 3.3087691e-01 4.2098719e-01
-1.7717718e-01 2.5523497e-01 3.3551681e-01 4.2614299e-01
-1.7217217e-01 2.5948867e-01 3.4029453e-01 4.3134076e-01
-1.6716717e-01 2.6375009e-01 3.4527645e-01 4.3652547e-01
-1.6216216e-01 2.6792842e-01 3.5017398e-01 4.4193915e-01
-1.5715716e-01 2.7206737e-01 3.5492441e-01 4.4719121e-01
-1.5215215e-01 2.7616826e-01 3.5979314e-01 4.5250564e-01
-1.4714715e-01 2.8040158e-01 3.6462204e-01 4.5785124e-01
-1.4214214e-01 2.8485039e-01 3.6949191e-01 4.6329863e-01
-1.3713714e-01 2.8944161e-01 3.7423564e-01 4.6849750e-01
-1.3213213e-01 2.9367264e-01 3.7909389e-01 4.7377991e-01
-1.2712713e-01 2.9810525e-01 3.8391581e-01 4.7910440e-01
-1.2212212e-01 3.0236370e-01 3.8884394e-01 4.8444324e-01
-1.1711712e-01 3.0664856e-01 3.9378793e-01 4.8997180e-01
-1.1211211e-01 3.1102120e-01 3.9852301e-01 4.9520713e-01
-1.0710711e-01 3.1532729e-01 4.0334460e-01 5.0056032e-01
-1.0210210e-01 3.1985864e-01 4.0825609e-01 5.0593082e-01
-9.7097097e-02 3.2418274e-01 4.1296709e-01 5.1124677e-01
-9.2092092e-02 3.2854792e-01 4.1780692e-01 5.1648851e-01
-8.7087087e-02 3.3298709e-01 4.2258073e-01 5.2160339e-01
-8.2082082e-02 3.3733255e-01 4.2747339e-01 5.2675313e-01
-7.7077077e-02 3.4155124e-01 4.3224033e-01 5.3202972e-01
-7.2072072e-02 3.4578217e-01 4.3714020e-01 5.3734137e-01
-6.7067067e-02 3.4992220e-01 4.4204684e-01 5.4247646e-01
-6.2062062e-02 3.5426577e-01 4.4683658e-01 5.4758101e-01
-5.7057057e-02 3.5869747e-01 4.5138566e-01 5.5273214e-01
-5.2052052e-02 3.6287165e-01 4.5622709e-01 5.5793851e-01
-4.7047047e-02 3.6722144e-01 4.6095546e-01 5.6270795e-01
-4.2042042e-02 3.7155215e-01 4.6562384e-01 5.6743617e-01
-3.7037037e-02 3.7601658e-01 4.7017356e-01 5.7263631e-01
-3.2032032e-02 3.8026717e-01 4.7469020e-01 5.7777853e-01
-2.7027027e-02 3.8440962e-01 4.7931141e-01 5.8296739e-01
-2.2022022e-02 3.8854455e-01 4.8371055e-01 5.8791146e-01
-1.7017017e-02 3.9260606e-01 4.8805083e-01 5.9266833e-01
-1.2012012e-02 3.9677161e-01 4.9250585e-01 5.9729751e-01
-7.0070070e-03 4.0074928e-01 4.9690916e-01 6.0190977e-01
-2.0020020e-03 4.0478367e-01 5.0134721e-01 6.0645592e-01
3.0030030e-03 4.0876077e-01 5.0572122e-01 6.1104413e-01
8.0080080e-03 4.1270497e-01 5.0995051e-01 6.1533935e-01
1.3013013e-02 4.1651633e-01 5.1387032e-01 6.1966099e-01
1.8018018e-02 4.2048650e-01 5.1819605e-01 6.2402488e-01
2.3023023e-02 4.2446106e-01 5.2228650e-01 6.2863809e-01
2.8028028e-02 4.2846269e-01 5.2641367e-01 6.3282905e-01
3.3033033e-02 4.3227789e-01 5.3066758e-01 6.3703698e-01
3.8038038e-02 4.3610501e-01 5.3471731e-01 6.4127132e-01
4.3043043e-02 4.4019646e-01 5.3859210e-01 6.4545590e-01
4.8048048e-02 4.4376399e-01 5.4263536e-01 6.4957292e-01
5.3053053e-02 4.4752299e-01 5.4667680e-01 6.5335004e-01
5.8058058e-02 4.5139738e-01 5.5076928e-01 6.5738038e-01
6.3063063e-02 4.5522710e-01 5.5487483e-01 6.6144452e-01
6.8068068e-02 4.5904424e-01 5.5872061e-01 6.6526227e-01
7.3073073e-02 4.6268222e-01 5.6268941e-01 6.6888141e-01
7.8078078e-02 4.6644165e-01 5.6634346e-01 6.7246386e-01
8.3083083e-02 4.6984462e-01 5.7004907e-01 6.7615109e-01
8.8088088e-02 4.7324969e-01 5.7360539e-01 6.7947820e-01
9.3093093e-02 4.7704557e-01 5.7729140e-01 6.8304986e-01
9.8098098e-02 4.8071191e-01 5.8070245e-01 6.8641048e-01
1.0310310e-01 4.8424134e-01 5.8414754e-01 6.8982126e-01
1.0810811e-01 4.8785952e-01 5.8756420e-01 6.9341829e-01
1.1311311e-01 4.9154636e-01 5.9111010e-01 6.9664480e-01
1.1811812e-01 4.9504405e-01 5.9457270e-01 6.9999688e-01
1.2312312e-01 4.9852035e-01 5.9787777e-01 7.0339946e-01
1.2812813e-01 5.0181008e-01 6.0128704e-01 7.0695779e-01
1.3313313e-01 5.0529105e-01 6.0469662e-01 7.1012049e-01
1.3813814e-01 5.0874983e-01 6.0797907e-01 7.1353379e-01
1.4314314e-01 5.1242925e-01 6.1129747e-01 7.1683269e-01
1.4814815e-01 5.1540462e-01 6.1470175e-01 7.2011825e-01
1.5315315e-01 5.1863302e-01 6.1815099e-01 7.2326554e-01
1.5815816e-01 5.2208682e-01 6.2148243e-01 7.2617560e-01
1.6316316e-01 5.2528103e-01 6.2484276e-01 7.2901459e-01
1.6816817e-01 5.2889280e-01 6.2798797e-01 7.3205977e-01
1.7317317e-01 5.3229804e-01 6.3134232e-01 7.3495093e-01
1.7817818e-01 5.3554106e-01 6.3469745e-01 7.3771553e-01
1.8318318e-01 5.3888717e-01 6.3802873e-01 7.4030048e-01
1.8818819e-01 5.4210340e-01 6.4104879e-01 7.4286073e-01
1.9319319e-01 5.4571340e-01 6.4439001e-01 7.4587316e-01
1.9819820e-01 5.4887383e-01 6.4787081e-01 7.4897242e-01
2.0320320e-01 5.5248792e-01 6.5107706e-01 7.5183503e-01
2.0820821e-01 5.5598037e-01 6.5436094e-01 7.5487761e-01
2.1321321e-01 5.5956483e-01 6.5760909e-01 7.5789400e-01
2.1821822e-01 5.6301312e-01 6.6072382e-01 7.6099335e-01
2.2322322e-01 5.6660018e-01 6.6388297e-01 7.6400125e-01
2.2822823e-01 5.7012473e-01 6.6697540e-01 7.6715221e-01
2.3323323e-01 5.7337541e-01 6.7011466e-01 7.7026486e-01
2.3823824e-01 5.7702802e-01 6.7349720e-01 7.7335049e-01
2.4324324e-01 5.8048578e-01 6.7688417e-01 7.7681015e-01
2.4824825e-01 5.8398269e-01 6.8033342e-01 7.7996955e-01
2.5325325e-01 5.8753867e-01 6.8399938e-01 7.8307316e-01
2.5825826e-01 5.9137941e-01 6.8751691e-01 7.8626723e-01
2.6326326e-01 5.9497710e-01 6.9086730e-01 7.8935740e-01
2.6826827e-01 5.9867872e-01 6.9441181e-01 7.9253253e-01
2.7327327e-01 6.0215336e-01 6.9811837e-01 7.9588554e-01
2.7827828e-01 6.0615111e-01 7.0157677e-01 7.9956892e-01
2.8328328e-01 6.0991556e-01 7.0501954e-01 8.0264944e-01
2.8828829e-01 6.1362663e-01 7.0869769e-01 8.0619093e-01
2.9329329e-01 6.1742350e-01 7.1226993e-01 8.0961927e-01
2.9829830e-01 6.2125789e-01 7.1617555e-01 8.1285640e-01
3.0330330e-01 6.2507701e-01 7.1970698e-01 8.1645646e-01
3.0830831e-01 6.2884303e-01 7.2356582e-01 8.2014105e-01
3.1331331e-01 6.3278991e-01 7.2721722e-01 8.2373049e-01
3.1831832e-01 6.3648921e-01 7.3136020e-01 8.2770375e-01
3.2332332e-01 6.4006030e-01 7.3530367e-01 8.3128398e-01
3.2832833e-01 6.4406185e-01 7.3946440e-01 8.3510569e-01
3.3333333e-01 6.4813490e-01 7.4355049e-01 8.3904773e-01
3.3833834e-01 6.5216887e-01 7.4746435e-01 8.4261118e-01
3.4334334e-01 6.5623099e-01 7.5177965e-01 8.4650049e-01
3.4834835e-01 6.6040059e-01 7.5589456e-01 8.5099266e-01
3.5335335e-01 6.6457490e-01 7.6014257e-01 8.5547799e-01
3.5835836e-01 6.6894603e-01 7.6438068e-01 8.5975886e-01
3.6336336e-01 6.7293485e-01 7.6826134e-01 8.6397426e-01
3.6836837e-01 6.7703319e-01 7.7244280e-01 8.6839231e-01
3.7337337e-01 6.8146309e-01 7.7670187e-01 8.7291018e-01
3.7837838e-01 6.8587944e-01 7.8095215e-01 8.7734979e-01
3.8338338e-01 6.9024694e-01 7.8552268e-01 8.8189938e-01
3.8838839e-01 6.9450604e-01 7.8985209e-01 8.8679189e-01
3.9339339e-01 6.9866535e-01 7.9421469e-01 8.9145090e-01
3.9839840e-01 7.0302506e-01 7.9859279e-01 8.9602649e-01
4.0340340e-01 7.0753021e-01 8.0315778e-01 9.0069002e-01
4.0840841e-01 7.1211065e-01 8.0783330e-01 9.0521016e-01
4.1341341e-01 7.1642108e-01 8.1236390e-01 9.1006936e-01
4.1841842e-01 7.2085348e-01 8.1694138e-01 9.1501124e-01
4.2342342e-01 7.2536561e-01 8.2136697e-01 9.2003402e-01
4.2842843e-01 7.2999657e-01 8.2596594e-01 9.2472933e-01
4.3343343e-01 7.3441096e-01 8.3072949e-01 9.2977781e-01
4.3843844e-01 7.3906422e-01 8.3515568e-01 9.3461527e-01
4.4344344e-01 7.4356821e-01 8.3990396e-01 9.3945678e-01
4.4844845e-01 7.4818511e-01 8.4436179e-01 9.4420487e-01
4.5345345e-01 7.5245950e-01 8.4902562e-01 9.4917829e-01
4.5845846e-01 7.5714964e-01 8.5338533e-01 9.5410456e-01
4.6346346e-01 7.6160502e-01 8.5810580e-01 9.5908383e-01
4.6846847e-01 7.6572006e-01 8.6286928e-01 9.6366940e-01
4.7347347e-01 7.7028417e-01 8.6728952e-01 9.6871711e-01
4.7847848e-01 7.7478711e-01 8.7183441e-01 9.7368227e-01
4.8348348e-01 7.7926146e-01 8.7649498e-01 9.7838499e-01
4.8848849e-01 7.8384063e-01 8.8095386e-01 9.8314544e-01
4.9349349e-01 7.8808888e-01 8.8559773e-01 9.8806413e-01
4.9849850e-01 7.9227337e-01 8.8994567e-01 9.9280010e-01
5.0350350e-01 7.9646680e-01 8.9451443e-01 9.9725377e-01
5.0850851e-01 8.0089105e-01 8.9902839e-01 1.0017059e+00
5.1351351e-01 8.0494582e-01 9.0330881e-01 1.0064007e+00
5.1851852e-01 8.0906062e-01 9.0767714e-01 1.0107941e+00
5.2352352e-01 8.1331846e-01 9.1199043e-01 1.0152860e+00
5.2852853e-01 8.1762225e-01 9.1609274e-01 1.0199171e+00
5.3353353e-01 8.2164786e-01 9.2045463e-01 1.0244115e+00
5.3853854e-01 8.2552207e-01 9.2452884e-01 1.0288306e+00
5.4354354e-01 8.2940003e-01 9.2885594e-01 1.0329292e+00
5.4854855e-01 8.3334573e-01 9.3317647e-01 1.0370316e+00
5.5355355e-01 8.3722412e-01 9.3713180e-01 1.0413983e+00
5.5855856e-01 8.4078521e-01 9.4088412e-01 1.0451738e+00
5.6356356e-01 8.4434425e-01 9.4457253e-01 1.0490532e+00
5.6856857e-01 8.4769221e-01 9.4837813e-01 1.0527653e+00
5.7357357e-01 8.5109135e-01 9.5195981e-01 1.0564762e+00
5.7857858e-01 8.5398820e-01 9.5550546e-01 1.0602426e+00
5.8358358e-01 8.5707086e-01 9.5897920e-01 1.0635754e+00
5.8858859e-01 8.6016787e-01 9.6198171e-01 1.0669525e+00
5.9359359e-01 8.6290571e-01 9.6502450e-01 1.0701362e+00
5.9859860e-01 8.6578944e-01 9.6832115e-01 1.0728357e+00
6.0360360e-01 8.6856861e-01 9.7137619e-01 1.0758051e+00
6.0860861e-01 8.7114586e-01 9.7445986e-01 1.0788181e+00
6.1361361e-01 8.7395788e-01 9.7717777e-01 1.0815174e+00
6.1861862e-01 8.7638317e-01 9.7969994e-01 1.0842517e+00
6.2362362e-01 8.7876147e-01 9.8207312e-01 1.0868161e+00
6.2862863e-01 8.8089776e-01 9.8443645e-01 1.0892701e+00
6.3363363e-01 8.8279411e-01 9.8648695e-01 1.0912526e+00
6.3863864e-01 8.8466051e-01 9.8814036e-01 1.0933217e+00
6.4364364e-01 8.8646766e-01 9.9010582e-01 1.0954291e+00
6.4864865e-01 8.8822799e-01 9.9183978e-01 1.0972210e+00
6.5365365e-01 8.8960380e-01 9.9329216e-01 1.0991858e+00
6.5865866e-01 8.9080390e-01 9.9471373e-01 1.1005410e+00
6.6366366e-01 8.9193364e-01 9.9605352e-01 1.1017233e+00
6.6866867e-01 8.9268370e-01 9.9718916e-01 1.1026828e+00
6.7367367e-01 8.9322824e-01 9.9811097e-01 1.1037905e+00
6.7867868e-01 8.9333883e-01 9.9897151e-01 1.1046128e+00
6.8368368e-01 8.9376860e-01 9.9946020e-01 1.1055495e+00
6.8868869e-01 8.9382705e-01 9.9975348e-01 1.1059260e+00
6.9369369e-01 8.9396409e-01 9.9987396e-01 1.1062985e+00
6.9869870e-01 8.9369120e-01 9.9983786e-01 1.1063304e+00
7.0370370e-01 8.9384969e-01 1.0000000e+00 1.1059390e+00
7.0870871e-01 8.9335912e-01 9.9961496e-01 1.1054506e+00
7.1371371e-01 8.9243414e-01 9.9912059e-01 1.1049204e+00
7.1871872e-01 8.9144600e-01 9.9844800e-01 1.1042292e+00
7.2372372e-01 8.9043432e-01 9.9771868e-01 1.1033942e+00
7.2872873e-01 8.8934530e-01 9.9636061e-01 1.1025444e+00
7.3373373e-01 8.8802620e-01 9.9556983e-01 1.1013848e+00
7.3873874e-01 8.8650590e-01 9.9418752e-01 1.1003076e+00
7.4374374e-01 8.8471853e-01 9.9242710e-01 1.0987108e+00
7.4874875e-01 8.8291808e-01 9.9057806e-01 1.0969307e+00
7.5375375e-01 8.8103471e-01 9.8871089e-01 1.0951252e+00
7.5875876e-01 8.7913763e-01 9.8636428e-01 1.0929706e+00
7.6376376e-01 8.7683035e-01 9.8387309e-01 1.0904594e+00
7.6876877e-01 8.7402584e-01 9.8112283e-01 1.0876935e+00
7.7377377e-01 8.7116260e-01 9.7826144e-01 1.0848409e+00
7.7877878e-01 8.6788943e-01 9.7515128e-01 1.0821135e+00
7.8378378e-01 8.6452541e-01 9.7211055e-01 1.0789592e+00
7.8878879e-01 8.6093775e-01 9.6872183e-01 1.0757409e+00
7.9379379e-01 8.5735442e-01 9.6505258e-01 1.0721268e+00
7.9879880e-01 8.5351041e-01 9.6115334e-01 1.0684077e+00
8.0380380e-01 8.4965624e-01 9.5720512e-01 1.0644477e+00
8.0880881e-01 8.4533962e-01 9.5305256e-01 1.0603573e+00
8.1381381e-01 8.4094603e-01 9.4883871e-01 1.0561669e+00
8.1881882e-01 8.3643069e-01 9.4440256e-01 1.0517253e+00
8.2382382e-01 8.3173952e-01 9.3953819e-01 1.0473789e+00
8.2882883e-01 8.2696776e-01 9.3460877e-01 1.0426453e+00
8.3383383e-01 8.2225480e-01 9.2948701e-01 1.0374883e+00
8.3883884e-01 8.1705715e-01 9.2423315e-01 1.0324689e+00
8.4384384e-01 8.1156437e-01 9.1890529e-01 1.0272291e+00
8.4884885e-01 8.0598249e-01 9.1309715e-01 1.0214087e+00
8.5385385e-01 8.0021788e-01 9.0746691e-01 1.0157441e+00
8.5885886e-01 7.9441661e-01 9.0165491e-01 1.0098559e+00
8.6386386e-01 7.8839169e-01 8.9559891e-01 1.0036100e+00
8.6886887e-01 7.8233227e-01 8.8939685e-01 9.9719781e-01
8.7387387e-01 7.7590852e-01 8.8299540e-01 9.9078883e-01
8.7887888e-01 7.6927794e-01 8.7646930e-01 9.8395213e-01
8.8388388e-01 7.6264718e-01 8.7000346e-01 9.7708198e-01
8.8888889e-01 7.5603883e-01 8.6327865e-01 9.7002315e-01
8.9389389e-01 7.4898339e-01 8.5621183e-01 9.6284578e-01
8.9889890e-01 7.4204495e-01 8.4901480e-01 9.5554343e-01
9.0390390e-01 7.3478189e-01 8.4164410e-01 9.4825839e-01
9.0890891e-01 7.2750175e-01 8.3422079e-01 9.4053013e-01
9.1391391e-01 7.2008780e-01 8.2650215e-01 9.3286579e-01
9.1891892e-01 7.1241273e-01 8.1878275e-01 9.2493704e-01
9.2392392e-01 7.0503041e-01 8.1088827e-01 9.1691126e-01
9.2892893e-01 6.9753110e-01 8.0313678e-01 9.0867336e-01
9.3393393e-01 6.8974618e-01 7.9520738e-01 9.0034832e-01
9.3893894e-01 6.8176379e-01 7.8687864e-01 8.9190393e-01
9.4394394e-01 6.7367021e-01 7.7870442e-01 8.8363131e-01
9.4894895e-01 6.6553340e-01 7.7014324e-01 8.7513553e-01
9.5395395e-01 6.5706109e-01 7.6181724e-01 8.6597791e-01
9.5895896e-01 6.4897613e-01 7.5336655e-01 8.5706701e-01
9.6396396e-01 6.4066485e-01 7.4474395e-01 8.4801943e-01
9.6896897e-01 6.3232919e-01 7.3586385e-01 8.3880302e-01
9.7397397e-01 6.2406099e-01 7.2706288e-01 8.2980650e-01
9.7897898e-01 6.1552134e-01 7.1819679e-01 8.2048039e-01
9.8398398e-01 6.0721106e-01 7.0899640e-01 8.1116224e-01
9.8898899e-01 5.9888845e-01 6.9995103e-01 8.0179658e-01
9.9399399e-01 5.9011691e-01 6.9052774e-01 7.9217480e-01
9.9899900e-01 5.8160853e-01 6.8154052e-01 7.8238744e-01
1.0040040e+00 5.7269123e-01 6.7222997e-01 7.7297504e-01
1.0090090e+00 5.6402259e-01 6.6309714e-01 7.6371036e-01
1.0140140e+00 5.5515354e-01 6.5374698e-01 7.5388537e-01
1.0190190e+00 5.4646936e-01 6.4441367e-01 7.4394657e-01
1.0240240e+00 5.3758642e-01 6.3503921e-01 7.3418713e-01
1.0290290e+00 5.2880047e-01 6.2558084e-01 7.2421272e-01
1.0340340e+00 5.1992462e-01 6.1615998e-01 7.1437987e-01
1.0390390e+00 5.1102881e-01 6.0682687e-01 7.0423788e-01
1.0440440e+00 5.0230365e-01 5.9736792e-01 6.9422458e-01
1.0490490e+00 4.9374441e-01 5.8797142e-01 6.8401397e-01
1.0540541e+00 4.8524496e-01 5.7856128e-01 6.7401262e-01
1.0590591e+00 4.7662635e-01 5.6923820e-01 6.6391472e-01
1.0640641e+00 4.6806814e-01 5.5968270e-01 6.5409824e-01
1.0690691e+00 4.5947967e-01 5.5013336e-01 6.4381869e-01
1.0740741e+00 4.5071948e-01 5.4068247e-01 6.3401284e-01
1.0790791e+00 4.4206277e-01 5.3112611e-01 6.2435100e-01
1.0840841e+00 4.3361690e-01 5.2181848e-01 6.1455333e-01
1.0890891e+00 4.2535866e-01 5.1226408e-01 6.0469188e-01
1.0940941e+00 4.1669312e-01 5.0294488e-01 5.9474850e-01
1.0990991e+00 4.0828985e-01 4.9383827e-01 5.8474308e-01
1.1041041e+00 3.9998736e-01 4.8464742e-01 5.7461993e-01
1.1091091e+00 3.9151056e-01 4.7536538e-01 5.6483043e-01
1.1141141e+00 3.8320859e-01 4.6618532e-01 5.5490965e-01
1.1191191e+00 3.7493229e-01 4.5719770e-01 5.4504029e-01
1.1241241e+00 3.6684553e-01 4.4828127e-01 5.3534353e-01
1.1291291e+00 3.5862605e-01 4.3942971e-01 5.2570693e-01
1.1341341e+00 3.5070302e-01 4.3062779e-01 5.1598325e-01
1.1391391e+00 3.4288285e-01 4.2160005e-01 5.0642686e-01
1.1441441e+00 3.3504971e-01 4.1278706e-01 4.9662638e-01
1.1491491e+00 3.2723982e-01 4.0433968e-01 4.8712402e-01
1.1541542e+00 3.1941643e-01 3.9571108e-01 4.7762069e-01
1.1591592e+00 3.1173333e-01 3.8717286e-01 4.6849698e-01
1.1641642e+00 3.0411897e-01 3.7863754e-01 4.5918222e-01
1.1691692e+00 2.9668661e-01 3.7034816e-01 4.4992777e-01
1.1741742e+00 2.8932418e-01 3.6211496e-01 4.4071356e-01
1.1791792e+00 2.8203975e-01 3.5390684e-01 4.3175086e-01
1.1841842e+00 2.7483699e-01 3.4565110e-01 4.2277140e-01
1.1891892e+00 2.6764726e-01 3.3748925e-01 4.1385455e-01
1.1941942e+00 2.6069268e-01 3.2954764e-01 4.0487555e-01
1.1991992e+00 2.5362171e-01 3.2160947e-01 3.9618691e-01
1.2042042e+00 2.4692391e-01 3.1386294e-01 3.8750480e-01
1.2092092e+00 2.4033865e-01 3.0617883e-01 3.7899682e-01
1.2142142e+00 2.3370599e-01 2.9866351e-01 3.7056232e-01
1.2192192e+00 2.2733813e-01 2.9123873e-01 3.6202885e-01
1.2242242e+00 2.2092432e-01 2.8395786e-01 3.5366573e-01
1.2292292e+00 2.1469414e-01 2.7670163e-01 3.4556986e-01
1.2342342e+00 2.0850354e-01 2.6957460e-01 3.3747997e-01
1.2392392e+00 2.0238744e-01 2.6259062e-01 3.2953315e-01
1.2442442e+00 1.9640659e-01 2.5571341e-01 3.2146779e-01
1.2492492e+00 1.9053361e-01 2.4886734e-01 3.1373532e-01
1.2542543e+00 1.8484304e-01 2.4214929e-01 3.0622895e-01
1.2592593e+00 1.7913980e-01 2.3550467e-01 2.9853111e-01
1.2642643e+00 1.7369208e-01 2.2902486e-01 2.9111769e-01
1.2692693e+00 1.6817184e-01 2.2270164e-01 2.8376286e-01
1.2742743e+00 1.6275574e-01 2.1641428e-01 2.7658152e-01
1.2792793e+00 1.5763171e-01 2.1032695e-01 2.6945981e-01
1.2842843e+00 1.5252323e-01 2.0425848e-01 2.6245185e-01
1.2892893e+00 1.4754289e-01 1.9831071e-01 2.5570599e-01
1.2942943e+00 1.4272537e-01 1.9255725e-01 2.4900887e-01
1.2992993e+00 1.3807559e-01 1.8691034e-01 2.4238321e-01
1.3043043e+00 1.3345164e-01 1.8124541e-01 2.3581609e-01
1.3093093e+00 1.2886221e-01 1.7577909e-01 2.2953449e-01
1.3143143e+00 1.2442943e-01 1.7037220e-01 2.2329408e-01
1.3193193e+00 1.2013580e-01 1.6512495e-01 2.1713260e-01
1.3243243e+00 1.1593651e-01 1.6003619e-01 2.1112333e-01
1.3293293e+00 1.1179590e-01 1.5504903e-01 2.0515386e-01
1.3343343e+00 1.0783388e-01 1.5011915e-01 1.9929412e-01
1.3393393e+00 1.0388011e-01 1.4537210e-01 1.9360256e-01
1.3443443e+00 1.0006161e-01 1.4066124e-01 1.8797861e-01
1.3493493e+00 9.6357342e-02 1.3612338e-01 1.8256782e-01
1.3543544e+00 9.2738505e-02 1.3157187e-01 1.7718263e-01
1.3593594e+00 8.9256974e-02 1.2719143e-01 1.7202012e-01
1.3643644e+00 8.5814234e-02 1.2294947e-01 1.6690332e-01
1.3693694e+00 8.2520101e-02 1.1879082e-01 1.6179444e-01
1.3743744e+00 7.9289284e-02 1.1470961e-01 1.5693726e-01
1.3793794e+00 7.6211303e-02 1.1072858e-01 1.5215138e-01
1.3843844e+00 7.3160400e-02 1.0686883e-01 1.4748702e-01
1.3893894e+00 7.0142932e-02 1.0311333e-01 1.4289001e-01
1.3943944e+00 6.7222104e-02 9.9458877e-02 1.3847695e-01
1.3993994e+00 6.4405214e-02 9.5911665e-02 1.3414695e-01
1.4044044e+00 6.1763140e-02 9.2471964e-02 1.2985345e-01
1.4094094e+00 5.9108974e-02 8.9098175e-02 1.2569874e-01
1.4144144e+00 5.6631081e-02 8.5847611e-02 1.2159418e-01
1.4194194e+00 5.4184186e-02 8.2683627e-02 1.1762343e-01
1.4244244e+00 5.1844030e-02 7.9637696e-02 1.1367053e-01
1.4294294e+00 4.9581811e-02 7.6635446e-02 1.0993392e-01
1.4344344e+00 4.7345169e-02 7.3743609e-02 1.0626404e-01
1.4394394e+00 4.5209686e-02 7.0921501e-02 1.0269876e-01
1.4444444e+00 4.3185005e-02 6.8182959e-02 9.9227299e-02
1.4494494e+00 4.1204073e-02 6.5572739e-02 9.5786847e-02
1.4544545e+00 3.9336818e-02 6.2935817e-02 9.2501629e-02
1.4594595e+00 3.7504622e-02 6.0456659e-02 8.9266469e-02
1.4644645e+00 3.5738325e-02 5.8048000e-02 8.6189090e-02
1.4694695e+00 3.4018135e-02 5.5716238e-02 8.3099668e-02
1.4744745e+00 3.2365207e-02 5.3442820e-02 8.0113614e-02
1.4794795e+00 3.0785837e-02 5.1279986e-02 7.7234317e-02
1.4844845e+00 2.9271010e-02 4.9173248e-02 7.4439686e-02
1.4894895e+00 2.7809991e-02 4.7107800e-02 7.1713017e-02
1.4944945e+00 2.6388028e-02 4.5156174e-02 6.9069791e-02
1.4994995e+00 2.5039643e-02 4.3255089e-02 6.6463013e-02
1.5045045e+00 2.3746082e-02 4.1424110e-02 6.3982607e-02
1.5095095e+00 2.2507394e-02 3.9662897e-02 6.1539876e-02
1.5145145e+00 2.1312356e-02 3.7966343e-02 5.9171397e-02
1.5195195e+00 2.0173337e-02 3.6354059e-02 5.6890826e-02
1.5245245e+00 1.9083352e-02 3.4775689e-02 5.4666974e-02
1.5295295e+00 1.8050397e-02 3.3264898e-02 5.2521852e-02
1.5345345e+00 1.7054224e-02 3.1814400e-02 5.0446759e-02
1.5395395e+00 1.6116898e-02 3.0419376e-02 4.8443924e-02
1.5445445e+00 1.5214404e-02 2.9065371e-02 4.6479941e-02
1.5495495e+00 1.4356064e-02 2.7767708e-02 4.4577890e-02
1.5545546e+00 1.3538915e-02 2.6525717e-02 4.2752025e-02
1.5595596e+00 1.2775565e-02 2.5333637e-02 4.0985916e-02
1.5645646e+00 1.2047006e-02 2.4175111e-02 3.9276135e-02
1.5695696e+00 1.1351411e-02 2.3077552e-02 3.7620166e-02
1.5745746e+00 1.0684342e-02 2.2016039e-02 3.6042637e-02
1.5795796e+00 1.0053934e-02 2.0991788e-02 3.4513689e-02
1.5845846e+00 9.4563862e-03 2.0017497e-02 3.3021828e-02
1.5895896e+00 8.8899311e-03 1.9089384e-02 3.1593472e-02
1.5945946e+00 8.3528994e-03 1.8192972e-02 3.0216307e-02
1.5995996e+00 7.8452122e-03 1.7341481e-02 2.8883230e-02
1.6046046e+00 7.3694580e-03 1.6517790e-02 2.7602348e-02
1.6096096e+00 6.9162800e-03 1.5726984e-02 2.6376478e-02
1.6146146e+00 6.4850232e-03 1.4969234e-02 2.5182862e-02
1.6196196e+00 6.0793085e-03 1.4240459e-02 2.4045689e-02
1.6246246e+00 5.6967777e-03 1.3539440e-02 2.2946295e-02
1.6296296e+00 5.3347205e-03 1.2870838e-02 2.1886382e-02
1.6346346e+00 4.9941072e-03 1.2235189e-02 2.0865018e-02
1.6396396e+00 4.6743690e-03 1.1624619e-02 1.9887347e-02
1.6446446e+00 4.3725345e-03 1.1042528e-02 1.8941853e-02
1.6496496e+00 4.0884912e-03 1.0485892e-02 1.8042627e-02
1.6546547e+00 3.8198923e-03 9.9532228e-03 1.7178376e-02
1.6596597e+00 3.5669551e-03 9.4421940e-03 1.6349945e-02
1.6646647e+00 3.3304540e-03 8.9532170e-03 1.5545681e-02
1.6696697e+00 3.1076458e-03 8.4872186e-03 1.4783295e-02
1.6746747e+00 2.8990470e-03 8.0453710e-03 1.4047462e-02
1.6796797e+00 2.7015399e-03 7.6205780e-03 1.3345652e-02
1.6846847e+00 2.5165645e-03 7.2168289e-03 1.2675223e-02
1.6896897e+00 2.3440488e-03 6.8351627e-03 1.2029985e-02
1.6946947e+00 2.1814676e-03 6.4660631e-03 1.1416638e-02
1.6996997e+00 2.0281633e-03 6.1165540e-03 1.0824401e-02
1.7047047e+00 1.8851708e-03 5.7847896e-03 1.0260937e-02
1.7097097e+00 1.7511669e-03 5.4692710e-03 9.7213248e-03
1.7147147e+00 1.6265738e-03 5.1650782e-03 9.2063729e-03
1.7197197e+00 1.5099477e-03 4.8771782e-03 8.7128759e-03
1.7247247e+00 1.4010125e-03 4.6032794e-03 8.2452117e-03
1.7297297e+00 1.2985790e-03 4.3415612e-03 7.7979564e-03
1.7347347e+00 1.2033639e-03 4.0944437e-03 7.3730838e-03
1.7397397e+00 1.1145813e-03 3.8602924e-03 6.9665489e-03
1.7447447e+00 1.0320299e-03 3.6357786e-03 6.5796039e-03
1.7497497e+00 9.5498064e-04 3.4252802e-03 6.2124762e-03
1.7547548e+00 8.8328410e-04 3.2248754e-03 5.8601143e-03
1.7597598e+00 8.1638345e-04 3.0342658e-03 5.5279240e-03
1.7647648e+00 7.5470836e-04 2.8538958e-03 5.2111882e-03
1.7697698e+00 6.9709950e-04 2.6826574e-03 4.9092903e-03
1.7747748e+00 6.4338205e-04 2.5210860e-03 4.6235032e-03
1.7797798e+00 5.9386901e-04 2.3687051e-03 4.3533899e-03
1.7847848e+00 5.4773067e-04 2.2245140e-03 4.0961656e-03
1.7897898e+00 5.0483803e-04 2.0882232e-03 3.8513528e-03
1.7947948e+00 4.6511289e-04 1.9589383e-03 3.6200392e-03
1.7997998e+00 4.2824587e-04 1.8370452e-03 3.4013067e-03
1.8048048e+00 3.9393427e-04 1.7217568e-03 3.1945866e-03
1.8098098e+00 3.6231762e-04 1.6131497e-03 2.9994392e-03
1.8148148e+00 3.3301569e-04 1.5102724e-03 2.8142825e-03
1.8198198e+00 3.0595290e-04 1.4136614e-03 2.6394034e-03
1.8248248e+00 2.8090918e-04 1.3225607e-03 2.4736842e-03
1.8298298e+00 2.5777526e-04 1.2368246e-03 2.3180738e-03
1.8348348e+00 2.3641036e-04 1.1560594e-03 2.1708643e-03
1.8398398e+00 2.1667857e-04 1.0802976e-03 2.0320639e-03
1.8448448e+00 1.9850814e-04 1.0088243e-03 1.9017230e-03
1.8498498e+00 1.8175483e-04 9.4140118e-04 1.7783002e-03
1.8548549e+00 1.6632414e-04 8.7815461e-04 1.6619201e-03
1.8598599e+00 1.5221347e-04 8.1869579e-04 1.5522838e-03
1.8648649e+00 1.3919193e-04 7.6321803e-04 1.4495110e-03
1.8698699e+00 1.2722826e-04 7.1097276e-04 1.3526193e-03
1.8748749e+00 1.1623129e-04 6.6208615e-04 1.2610972e-03
1.8798799e+00 1.0613001e-04 6.1629921e-04 1.1757855e-03
1.8848849e+00 9.6880221e-05 5.7327866e-04 1.0956793e-03
1.8898899e+00 8.8390050e-05 5.3309337e-04 1.0204265e-03
1.8948949e+00 8.0579403e-05 4.9546769e-04 9.4974955e-04
1.8998999e+00 7.3461946e-05 4.6018836e-04 8.8344989e-04
1.9049049e+00 6.6921252e-05 4.2711016e-04 8.2134319e-04
1.9099099e+00 6.0908413e-05 3.9627603e-04 7.6349002e-04
1.9149149e+00 5.5399360e-05 3.6755231e-04 7.0915171e-04
1.9199199e+00 5.0384236e-05 3.4076931e-04 6.5855842e-04
1.9249249e+00 4.5796917e-05 3.1570459e-04 6.1139678e-04
1.9299299e+00 4.1614957e-05 2.9244035e-04 5.6720338e-04
1.9349349e+00 3.7796427e-05 2.7078279e-04 5.2582005e-04
1.9399399e+00 3.4277180e-05 2.5050831e-04 4.8743165e-04
1.9449449e+00 3.1088751e-05 2.3171470e-04 4.5144708e-04
1.9499499e+00 2.8186358e-05 2.1417849e-04 4.1777180e-04
1.9549550e+00 2.5555839e-05 1.9787369e-04 3.8655196e-04
1.9599600e+00 2.3136598e-05 1.8269594e-04 3.5745553e-04
1.9649650e+00 2.0943309e-05 1.6863666e-04 3.3039669e-04
1.9699700e+00 1.8942270e-05 1.5555258e-04 3.0524466e-04
1.9749750e+00 1.7133789e-05 1.4342573e-04 2.8190769e-04
1.9799800e+00 1.5484239e-05 1.3218949e-04 2.6016295e-04
1.9849850e+00 1.3986289e-05 1.2173174e-04 2.3995023e-04
1.9899900e+00 1.2622609e-05 1.1207533e-04 2.2123251e-04
1.9949950e+00 1.1385906e-05 1.0311363e-04 2.0390144e-04
2.0000000e+00 1.0264778e-05 9.4815062e-05 1.8779024e-04
