X KDE_INF KDE_MED KDE_SUP
5.0000000e+00 5.0772228e-06 3.6035212e-04 4.7055952e-03
5.0052553e+00 5.3768645e-06 3.7717743e-04 4.8626774e-03
5.0105105e+00 5.6879262e-06 3.9387932e-04 5.0305808e-03
5.0157658e+00 6.0248261e-06 4.1142637e-04 5.2015689e-03
5.0210210e+00 6.3747475e-06 4.2903229e-04 5.3719276e-03
5.0262763e+00 6.7397957e-06 4.4735967e-04 5.5476874e-03
5.0315315e+00 7.1304172e-06 4.6712815e-04 5.7255903e-03
5.0367868e+00 7.5379050e-06 4.8766316e-04 5.9119552e-03
5.0420420e+00 7.9727398e-06 5.0863732e-04 6.1002786e-03
5.0472973e+00 8.4376547e-06 5.2988134e-04 6.2963720e-03
5.0525526e+00 8.9244110e-06 5.5243837e-04 6.5010356e-03
5.0578078e+00 9.4234948e-06 5.7596974e-04 6.7075752e-03
5.0630631e+00 9.9549118e-06 6.0121351e-04 6.9225862e-03
5.0683183e+00 1.0520693e-05 6.2714320e-04 7.1495341e-03
5.0735736e+00 1.1125854e-05 6.5351572e-04 7.3624731e-03
5.0788288e+00 1.1742223e-05 6.8131045e-04 7.5921530e-03
5.0840841e+00 1.2404742e-05 7.1003323e-04 7.8297689e-03
5.0893393e+00 1.3106375e-05 7.3902418e-04 8.0735247e-03
5.0945946e+00 1.3829558e-05 7.6946962e-04 8.3322861e-03
5.0998498e+00 1.4591732e-05 8.0150774e-04 8.5945760e-03
5.1051051e+00 1.5409563e-05 8.3349984e-04 8.8578529e-03
5.1103604e+00 1.6263320e-05 8.6782597e-04 9.1196355e-03
5.1156156e+00 1.7163836e-05 9.0371810e-04 9.3951567e-03
5.1208709e+00 1.8137589e-05 9.3968091e-04 9.6864980e-03
5.1261261e+00 1.9142959e-05 9.7796415e-04 9.9799369e-03
5.1313814e+00 2.0178171e-05 1.0178534e-03 1.0272353e-02
5.1366366e+00 2.1273865e-05 1.0581047e-03 1.0567238e-02
5.1418919e+00 2.2438986e-05 1.1003776e-03 1.0881262e-02
5.1471471e+00 2.3643232e-05 1.1440586e-03 1.1202853e-02
5.1524024e+00 2.4904192e-05 1.1892690e-03 1.1527760e-02
5.1576577e+00 2.6226960e-05 1.2360972e-03 1.1865802e-02
5.1629129e+00 2.7645583e-05 1.2852369e-03 1.2204947e-02
5.1681682e+00 2.9151570e-05 1.3365817e-03 1.2562047e-02
5.1734234e+00 3.0751068e-05 1.3892791e-03 1.2933215e-02
5.1786787e+00 3.2412847e-05 1.4430165e-03 1.3321519e-02
5.1839339e+00 3.4188834e-05 1.5001402e-03 1.3720598e-02
5.1891892e+00 3.5940818e-05 1.5575021e-03 1.4107253e-02
5.1944444e+00 3.7854958e-05 1.6177273e-03 1.4492868e-02
5.1996997e+00 3.9812499e-05 1.6796396e-03 1.4902326e-02
5.2049550e+00 4.1912237e-05 1.7448220e-03 1.5301508e-02
5.2102102e+00 4.4089455e-05 1.8120876e-03 1.5687606e-02
5.2154655e+00 4.6327734e-05 1.8827877e-03 1.6118151e-02
5.2207207e+00 4.8681819e-05 1.9546023e-03 1.6555592e-02
5.2259760e+00 5.1226393e-05 2.0306738e-03 1.7019915e-02
5.2312312e+00 5.3978161e-05 2.1087414e-03 1.7477559e-02
5.2364865e+00 5.6856725e-05 2.1870681e-03 1.7942173e-02
5.2417417e+00 5.9784882e-05 2.2676038e-03 1.8431342e-02
5.2469970e+00 6.2829487e-05 2.3525035e-03 1.8927364e-02
5.2522523e+00 6.6052919e-05 2.4403912e-03 1.9425317e-02
5.2575075e+00 6.9449069e-05 2.5292757e-03 1.9936677e-02
5.2627628e+00 7.3029846e-05 2.6215248e-03 2.0438164e-02
5.2680180e+00 7.6757632e-05 2.7166403e-03 2.0968249e-02
5.2732733e+00 8.0770971e-05 2.8205536e-03 2.1509231e-02
5.2785285e+00 8.4932235e-05 2.9225912e-03 2.2089026e-02
5.2837838e+00 8.9187761e-05 3.0308044e-03 2.2667828e-02
5.2890390e+00 9.3508285e-05 3.1391200e-03 2.3229386e-02
5.2942943e+00 9.8210917e-05 3.2513662e-03 2.3829104e-02
5.2995495e+00 1.0298520e-04 3.3667488e-03 2.4450498e-02
5.3048048e+00 1.0798396e-04 3.4877220e-03 2.5064311e-02
5.3100601e+00 1.1345585e-04 3.6088026e-03 2.5663647e-02
5.3153153e+00 1.1893945e-04 3.7343876e-03 2.6297815e-02
5.3205706e+00 1.2501707e-04 3.8640418e-03 2.6953589e-02
5.3258258e+00 1.3112611e-04 3.9974179e-03 2.7624754e-02
5.3310811e+00 1.3760202e-04 4.1330425e-03 2.8323350e-02
5.3363363e+00 1.4438376e-04 4.2744860e-03 2.8991905e-02
5.3415916e+00 1.5109375e-04 4.4239858e-03 2.9645372e-02
5.3468468e+00 1.5835858e-04 4.5773091e-03 3.0346769e-02
5.3521021e+00 1.6589966e-04 4.7352479e-03 3.1014606e-02
5.3573574e+00 1.7366669e-04 4.8931322e-03 3.1693792e-02
5.3626126e+00 1.8180255e-04 5.0566339e-03 3.2462801e-02
5.3678679e+00 1.9062444e-04 5.2312110e-03 3.3161721e-02
5.3731231e+00 1.9991912e-04 5.4001445e-03 3.3953468e-02
5.3783784e+00 2.0957563e-04 5.5791753e-03 3.4739033e-02
5.3836336e+00 2.1897829e-04 5.7665763e-03 3.5560719e-02
5.3888889e+00 2.2913375e-04 5.9565823e-03 3.6331300e-02
5.3941441e+00 2.3971198e-04 6.1549668e-03 3.7135143e-02
5.3993994e+00 2.5136045e-04 6.3602061e-03 3.7969291e-02
5.4046547e+00 2.6247883e-04 6.5615317e-03 3.8748332e-02
5.4099099e+00 2.7458896e-04 6.7727798e-03 3.9617497e-02
5.4151652e+00 2.8779984e-04 6.9912067e-03 4.0496472e-02
5.4204204e+00 3.0128989e-04 7.2109577e-03 4.1373113e-02
5.4256757e+00 3.1543952e-04 7.4403493e-03 4.2226554e-02
5.4309309e+00 3.3018971e-04 7.6749012e-03 4.3173655e-02
5.4361862e+00 3.4525682e-04 7.9150664e-03 4.4082037e-02
5.4414414e+00 3.6079836e-04 8.1580227e-03 4.4974099e-02
5.4466967e+00 3.7754537e-04 8.4056133e-03 4.5931142e-02
5.4519520e+00 3.9447301e-04 8.6656200e-03 4.6881969e-02
5.4572072e+00 4.1233600e-04 8.9411291e-03 4.7802156e-02
5.4624625e+00 4.3058472e-04 9.2141894e-03 4.8749203e-02
5.4677177e+00 4.4985622e-04 9.4958928e-03 4.9708566e-02
5.4729730e+00 4.7017253e-04 9.7932986e-03 5.0667996e-02
5.4782282e+00 4.9115113e-04 1.0095719e-02 5.1623549e-02
5.4834835e+00 5.1272676e-04 1.0386498e-02 5.2633247e-02
5.4887387e+00 5.3442237e-04 1.0709027e-02 5.3620892e-02
5.4939940e+00 5.5751587e-04 1.1036863e-02 5.4650452e-02
5.4992492e+00 5.8229240e-04 1.1359688e-02 5.5723631e-02
5.5045045e+00 6.0794544e-04 1.1698991e-02 5.6848241e-02
5.5097598e+00 6.3529703e-04 1.2045516e-02 5.7878581e-02
5.5150150e+00 6.6274754e-04 1.2395313e-02 5.8989520e-02
5.5202703e+00 6.9072942e-04 1.2743365e-02 6.0031671e-02
5.5255255e+00 7.1988804e-04 1.3124883e-02 6.1143494e-02
5.5307808e+00 7.4974261e-04 1.3498229e-02 6.2283585e-02
5.5360360e+00 7.7997291e-04 1.3882788e-02 6.3400291e-02
5.5412913e+00 8.1268120e-04 1.4270999e-02 6.4484758e-02
5.5465465e+00 8.4689503e-04 1.4676841e-02 6.5631475e-02
5.5518018e+00 8.8368599e-04 1.5078255e-02 6.6738582e-02
5.5570571e+00 9.2093770e-04 1.5490487e-02 6.7892663e-02
5.5623123e+00 9.5870574e-04 1.5921086e-02 6.9067543e-02
5.5675676e+00 9.9674125e-04 1.6356964e-02 7.0230522e-02
5.5728228e+00 1.0388574e-03 1.6812060e-02 7.1457208e-02
5.5780781e+00 1.0798268e-03 1.7275544e-02 7.2617933e-02
5.5833333e+00 1.1219537e-03 1.7762389e-02 7.3816782e-02
5.5885886e+00 1.1663099e-03 1.8235893e-02 7.4925513e-02
5.5938438e+00 1.2133771e-03 1.8729658e-02 7.5970454e-02
5.5990991e+00 1.2601114e-03 1.9230584e-02 7.7097865e-02
5.6043544e+00 1.3102358e-03 1.9728330e-02 7.8206627e-02
5.6096096e+00 1.3657760e-03 2.0246196e-02 7.9417444e-02
5.6148649e+00 1.4202604e-03 2.0752996e-02 8.0619962e-02
5.6201201e+00 1.4790761e-03 2.1313577e-02 8.1897509e-02
5.6253754e+00 1.5359479e-03 2.1853740e-02 8.3264457e-02
5.6306306e+00 1.5960883e-03 2.2427185e-02 8.4664789e-02
5.6358859e+00 1.6562776e-03 2.3007331e-02 8.6120009e-02
5.6411411e+00 1.7206346e-03 2.3578040e-02 8.7535457e-02
5.6463964e+00 1.7896492e-03 2.4184131e-02 8.8906830e-02
5.6516517e+00 1.8599779e-03 2.4747691e-02 9.0366603e-02
5.6569069e+00 1.9340690e-03 2.5376660e-02 9.1836054e-02
5.6621622e+00 2.0074625e-03 2.6014970e-02 9.3259554e-02
5.6674174e+00 2.0837432e-03 2.6640173e-02 9.4785237e-02
5.6726727e+00 2.1614458e-03 2.7299255e-02 9.6308079e-02
5.6779279e+00 2.2441518e-03 2.7931820e-02 9.7910195e-02
5.6831832e+00 2.3295490e-03 2.8608528e-02 9.9405006e-02
5.6884384e+00 2.4199432e-03 2.9300921e-02 1.0097429e-01
5.6936937e+00 2.5130457e-03 3.0013390e-02 1.0257379e-01
5.6989489e+00 2.6045564e-03 3.0696450e-02 1.0406558e-01
5.7042042e+00 2.7030026e-03 3.1388092e-02 1.0557655e-01
5.7094595e+00 2.8064539e-03 3.2073703e-02 1.0715751e-01
5.7147147e+00 2.9096123e-03 3.2822201e-02 1.0873572e-01
5.7199700e+00 3.0163121e-03 3.3593080e-02 1.1042144e-01
5.7252252e+00 3.1237458e-03 3.4365372e-02 1.1210312e-01
5.7304805e+00 3.2326836e-03 3.5139899e-02 1.1369346e-01
5.7357357e+00 3.3447847e-03 3.5941047e-02 1.1532738e-01
5.7409910e+00 3.4649722e-03 3.6754592e-02 1.1707581e-01
5.7462462e+00 3.5866696e-03 3.7585078e-02 1.1884060e-01
5.7515015e+00 3.7159075e-03 3.8364496e-02 1.2060256e-01
5.7567568e+00 3.8485276e-03 3.9218110e-02 1.2221271e-01
5.7620120e+00 3.9838733e-03 4.0068768e-02 1.2391291e-01
5.7672673e+00 4.1229907e-03 4.0917261e-02 1.2568243e-01
5.7725225e+00 4.2668274e-03 4.1767084e-02 1.2745699e-01
5.7777778e+00 4.4127681e-03 4.2670096e-02 1.2924722e-01
5.7830330e+00 4.5671207e-03 4.3587280e-02 1.3079562e-01
5.7882883e+00 4.7272334e-03 4.4502741e-02 1.3248598e-01
5.7935435e+00 4.8890395e-03 4.5403458e-02 1.3432711e-01
5.7987988e+00 5.0601805e-03 4.6310750e-02 1.3620739e-01
5.8040541e+00 5.2346229e-03 4.7257532e-02 1.3793013e-01
5.8093093e+00 5.4196805e-03 4.8213253e-02 1.3980232e-01
5.8145646e+00 5.6078494e-03 4.9188330e-02 1.4158456e-01
5.8198198e+00 5.7944818e-03 5.0160562e-02 1.4336627e-01
5.8250751e+00 5.9907660e-03 5.1136229e-02 1.4522724e-01
5.8303303e+00 6.1933411e-03 5.2062064e-02 1.4681712e-01
5.8355856e+00 6.4038812e-03 5.3131272e-02 1.4856282e-01
5.8408408e+00 6.6308348e-03 5.4157371e-02 1.5015388e-01
5.8460961e+00 6.8488622e-03 5.5138021e-02 1.5170747e-01
5.8513514e+00 7.0784601e-03 5.6202940e-02 1.5334177e-01
5.8566066e+00 7.3191377e-03 5.7262617e-02 1.5467891e-01
5.8618619e+00 7.5551592e-03 5.8324079e-02 1.5627447e-01
5.8671171e+00 7.8040696e-03 5.9442144e-02 1.5794485e-01
5.8723724e+00 8.0479092e-03 6.0472553e-02 1.5985129e-01
5.8776276e+00 8.3066497e-03 6.1565410e-02 1.6162214e-01
5.8828829e+00 8.5640472e-03 6.2519056e-02 1.6356205e-01
5.8881381e+00 8.8275455e-03 6.3583032e-02 1.6525291e-01
5.8933934e+00 9.1109154e-03 6.4642328e-02 1.6699020e-01
5.8986486e+00 9.3966590e-03 6.5776547e-02 1.6890555e-01
5.9039039e+00 9.6891857e-03 6.6784965e-02 1.7097852e-01
5.9091592e+00 9.9916302e-03 6.7804982e-02 1.7291556e-01
5.9144144e+00 1.0309377e-02 6.8930430e-02 1.7490710e-01
5.9196697e+00 1.0614908e-02 7.0080092e-02 1.7683019e-01
5.9249249e+00 1.0948289e-02 7.1184026e-02 1.7863988e-01
5.9301802e+00 1.1289347e-02 7.2182312e-02 1.8061445e-01
5.9354354e+00 1.1623686e-02 7.3165688e-02 1.8246668e-01
5.9406907e+00 1.1988877e-02 7.4202716e-02 1.8454642e-01
5.9459459e+00 1.2368305e-02 7.5175389e-02 1.8637265e-01
5.9512012e+00 1.2735550e-02 7.6098074e-02 1.8821733e-01
5.9564565e+00 1.3106483e-02 7.6949229e-02 1.9038080e-01
5.9617117e+00 1.3481239e-02 7.7781817e-02 1.9254212e-01
5.9669670e+00 1.3889411e-02 7.8747730e-02 1.9454328e-01
5.9722222e+00 1.4294557e-02 7.9750889e-02 1.9661666e-01
5.9774775e+00 1.4704444e-02 8.0874376e-02 1.9863189e-01
5.9827327e+00 1.5128389e-02 8.1891654e-02 2.0065530e-01
5.9879880e+00 1.5554717e-02 8.3013516e-02 2.0269155e-01
5.9932432e+00 1.6002039e-02 8.4092732e-02 2.0475736e-01
5.9984985e+00 1.6467991e-02 8.5200228e-02 2.0674736e-01
6.0037538e+00 1.6957188e-02 8.6379807e-02 2.0865118e-01
6.0090090e+00 1.7441666e-02 8.7534766e-02 2.1067966e-01
6.0142643e+00 1.7954116e-02 8.8730396e-02 2.1268921e-01
6.0195195e+00 1.8440141e-02 8.9861013e-02 2.1475198e-01
6.0247748e+00 1.8944860e-02 9.1159812e-02 2.1662814e-01
6.0300300e+00 1.9447842e-02 9.2491254e-02 2.1852441e-01
6.0352853e+00 1.9981168e-02 9.3792138e-02 2.2039611e-01
6.0405405e+00 2.0516847e-02 9.5066028e-02 2.2237703e-01
6.0457958e+00 2.1052104e-02 9.6489854e-02 2.2433342e-01
6.0510511e+00 2.1604572e-02 9.7720913e-02 2.2615145e-01
6.0563063e+00 2.2185913e-02 9.9076282e-02 2.2808088e-01
6.0615616e+00 2.2760723e-02 1.0054944e-01 2.2979891e-01
6.0668168e+00 2.3365917e-02 1.0183815e-01 2.3151146e-01
6.0720721e+00 2.3997609e-02 1.0329818e-01 2.3333735e-01
6.0773273e+00 2.4629093e-02 1.0463657e-01 2.3496154e-01
6.0825826e+00 2.5243344e-02 1.0602042e-01 2.3674971e-01
6.0878378e+00 2.5903362e-02 1.0751933e-01 2.3859460e-01
6.0930931e+00 2.6584302e-02 1.0886657e-01 2.4061896e-01
6.0983483e+00 2.7239204e-02 1.1022820e-01 2.4247454e-01
6.1036036e+00 2.7926064e-02 1.1179305e-01 2.4418123e-01
6.1088589e+00 2.8658658e-02 1.1326125e-01 2.4617580e-01
6.1141141e+00 2.9384196e-02 1.1475695e-01 2.4830015e-01
6.1193694e+00 3.0125726e-02 1.1608857e-01 2.5008454e-01
6.1246246e+00 3.0895649e-02 1.1784201e-01 2.5221486e-01
6.1298799e+00 3.1639056e-02 1.1925452e-01 2.5449232e-01
6.1351351e+00 3.2385866e-02 1.2065625e-01 2.5652661e-01
6.1403904e+00 3.3176723e-02 1.2200122e-01 2.5855689e-01
6.1456456e+00 3.3996351e-02 1.2352100e-01 2.6061437e-01
6.1509009e+00 3.4835612e-02 1.2507888e-01 2.6278912e-01
6.1561562e+00 3.5698235e-02 1.2649049e-01 2.6482677e-01
6.1614114e+00 3.6564198e-02 1.2795111e-01 2.6695560e-01
6.1666667e+00 3.7407829e-02 1.2953594e-01 2.6872894e-01
6.1719219e+00 3.8233454e-02 1.3110667e-01 2.7079962e-01
6.1771772e+00 3.9104341e-02 1.3258702e-01 2.7308502e-01
6.1824324e+00 3.9929526e-02 1.3420110e-01 2.7503139e-01
6.1876877e+00 4.0815478e-02 1.3565844e-01 2.7699773e-01
6.1929429e+00 4.1653958e-02 1.3728013e-01 2.7902125e-01
6.1981982e+00 4.2573885e-02 1.3868613e-01 2.8109657e-01
6.2034535e+00 4.3426696e-02 1.4014072e-01 2.8307461e-01
6.2087087e+00 4.4356975e-02 1.4166594e-01 2.8501242e-01
6.2139640e+00 4.5251841e-02 1.4325033e-01 2.8678926e-01
6.2192192e+00 4.6164162e-02 1.4458836e-01 2.8871508e-01
6.2244745e+00 4.7078961e-02 1.4608508e-01 2.9058393e-01
6.2297297e+00 4.8018072e-02 1.4739479e-01 2.9229993e-01
6.2349850e+00 4.8973034e-02 1.4877394e-01 2.9399426e-01
6.2402402e+00 4.9983269e-02 1.5015169e-01 2.9578845e-01
6.2454955e+00 5.0904780e-02 1.5145785e-01 2.9786893e-01
6.2507508e+00 5.1892336e-02 1.5275807e-01 2.9980391e-01
6.2560060e+00 5.2878922e-02 1.5414725e-01 3.0134296e-01
6.2612613e+00 5.3812694e-02 1.5550981e-01 3.0357926e-01
6.2665165e+00 5.4818323e-02 1.5689630e-01 3.0550173e-01
6.2717718e+00 5.5816787e-02 1.5814998e-01 3.0736695e-01
6.2770270e+00 5.6783412e-02 1.5953423e-01 3.0916051e-01
6.2822823e+00 5.7852004e-02 1.6092053e-01 3.1097502e-01
6.2875375e+00 5.8853307e-02 1.6242994e-01 3.1293868e-01
6.2927928e+00 5.9827785e-02 1.6390602e-01 3.1478525e-01
6.2980480e+00 6.0760403e-02 1.6529273e-01 3.1663800e-01
6.3033033e+00 6.1813777e-02 1.6668062e-01 3.1846756e-01
6.3085586e+00 6.2884960e-02 1.6826621e-01 3.2061681e-01
6.3138138e+00 6.3930913e-02 1.6975369e-01 3.2226766e-01
6.3190691e+00 6.4912766e-02 1.7116800e-01 3.2398542e-01
6.3243243e+00 6.5798641e-02 1.7280210e-01 3.2585867e-01
6.3295796e+00 6.6803365e-02 1.7444119e-01 3.2783144e-01
6.3348348e+00 6.7775276e-02 1.7599308e-01 3.2984214e-01
6.3400901e+00 6.8753587e-02 1.7744512e-01 3.3180237e-01
6.3453453e+00 6.9661368e-02 1.7882046e-01 3.3363935e-01
6.3506006e+00 7.0636069e-02 1.8040000e-01 3.3567250e-01
6.3558559e+00 7.1664759e-02 1.8187530e-01 3.3779695e-01
6.3611111e+00 7.2600152e-02 1.8359538e-01 3.3959368e-01
6.3663664e+00 7.3589343e-02 1.8506030e-01 3.4165877e-01
6.3716216e+00 7.4508499e-02 1.8663998e-01 3.4402582e-01
6.3768769e+00 7.5379875e-02 1.8826658e-01 3.4587674e-01
6.3821321e+00 7.6183827e-02 1.8990778e-01 3.4780229e-01
6.3873874e+00 7.7031729e-02 1.9151706e-01 3.4978820e-01
6.3926426e+00 7.7916654e-02 1.9316935e-01 3.5177123e-01
6.3978979e+00 7.8583048e-02 1.9460946e-01 3.5358457e-01
6.4031532e+00 7.9504328e-02 1.9621385e-01 3.5536011e-01
6.4084084e+00 8.0431817e-02 1.9787166e-01 3.5732695e-01
6.4136637e+00 8.1268559e-02 1.9950702e-01 3.5909399e-01
6.4189189e+00 8.2197799e-02 2.0122165e-01 3.6068916e-01
6.4241742e+00 8.3154896e-02 2.0263568e-01 3.6278894e-01
6.4294294e+00 8.4033812e-02 2.0398767e-01 3.6499077e-01
6.4346847e+00 8.5106312e-02 2.0556149e-01 3.6666496e-01
6.4399399e+00 8.6059067e-02 2.0720671e-01 3.6854356e-01
6.4451952e+00 8.7146756e-02 2.0891421e-01 3.7031145e-01
6.4504505e+00 8.8109100e-02 2.1043418e-01 3.7227975e-01
6.4557057e+00 8.9242469e-02 2.1200532e-01 3.7407224e-01
6.4609610e+00 9.0341209e-02 2.1351822e-01 3.7569879e-01
6.4662162e+00 9.1486858e-02 2.1515879e-01 3.7741017e-01
6.4714715e+00 9.2589224e-02 2.1664864e-01 3.7932847e-01
6.4767267e+00 9.3679196e-02 2.1812187e-01 3.8175062e-01
6.4819820e+00 9.5041915e-02 2.1940046e-01 3.8378032e-01
6.4872372e+00 9.6084843e-02 2.2098532e-01 3.8539169e-01
6.4924925e+00 9.7055134e-02 2.2267225e-01 3.8700183e-01
6.4977477e+00 9.8146439e-02 2.2390820e-01 3.8917021e-01
6.5030030e+00 9.9328320e-02 2.2540488e-01 3.9104679e-01
6.5082583e+00 1.0051329e-01 2.2697508e-01 3.9302567e-01
6.5135135e+00 1.0158706e-01 2.2850394e-01 3.9456583e-01
6.5187688e+00 1.0259603e-01 2.2990062e-01 3.9645818e-01
6.5240240e+00 1.0372519e-01 2.3162137e-01 3.9828315e-01
6.5292793e+00 1.0494438e-01 2.3316501e-01 3.9990227e-01
6.5345345e+00 1.0592216e-01 2.3484801e-01 4.0176011e-01
6.5397898e+00 1.0706738e-01 2.3637656e-01 4.0366726e-01
6.5450450e+00 1.0803640e-01 2.3779273e-01 4.0549950e-01
6.5503003e+00 1.0908733e-01 2.3938519e-01 4.0732975e-01
6.5555556e+00 1.1023164e-01 2.4100201e-01 4.0924658e-01
6.5608108e+00 1.1146377e-01 2.4242721e-01 4.1125385e-01
6.5660661e+00 1.1267704e-01 2.4406965e-01 4.1311055e-01
6.5713213e+00 1.1382146e-01 2.4574384e-01 4.1502308e-01
6.5765766e+00 1.1506701e-01 2.4714248e-01 4.1693162e-01
6.5818318e+00 1.1632394e-01 2.4868777e-01 4.1860512e-01
6.5870871e+00 1.1750762e-01 2.5030867e-01 4.2031942e-01
6.5923423e+00 1.1882486e-01 2.5177112e-01 4.2234966e-01
6.5975976e+00 1.1979997e-01 2.5332437e-01 4.2443321e-01
6.6028529e+00 1.2110541e-01 2.5499751e-01 4.2604175e-01
6.6081081e+00 1.2234162e-01 2.5633320e-01 4.2794370e-01
6.6133634e+00 1.2337812e-01 2.5813949e-01 4.2989890e-01
6.6186186e+00 1.2467930e-01 2.5960669e-01 4.3211679e-01
6.6238739e+00 1.2588299e-01 2.6102120e-01 4.3390565e-01
6.6291291e+00 1.2702879e-01 2.6273999e-01 4.3605313e-01
6.6343844e+00 1.2836247e-01 2.6419934e-01 4.3797145e-01
6.6396396e+00 1.2938133e-01 2.6567193e-01 4.3979380e-01
6.6448949e+00 1.3056528e-01 2.6723805e-01 4.4182533e-01
6.6501502e+00 1.3187823e-01 2.6874316e-01 4.4379808e-01
6.6554054e+00 1.3322104e-01 2.7023591e-01 4.4555782e-01
6.6606607e+00 1.3445357e-01 2.7155681e-01 4.4726080e-01
6.6659159e+00 1.3587242e-01 2.7301908e-01 4.4921868e-01
6.6711712e+00 1.3711846e-01 2.7457658e-01 4.5117784e-01
6.6764264e+00 1.3826424e-01 2.7622544e-01 4.5295053e-01
6.6816817e+00 1.3962426e-01 2.7788242e-01 4.5484478e-01
6.6869369e+00 1.4087089e-01 2.7932389e-01 4.5646082e-01
6.6921922e+00 1.4192267e-01 2.8094142e-01 4.5819775e-01
6.6974474e+00 1.4340020e-01 2.8238163e-01 4.6010624e-01
6.7027027e+00 1.4469751e-01 2.8379142e-01 4.6170315e-01
6.7079580e+00 1.4575508e-01 2.8524725e-01 4.6369662e-01
6.7132132e+00 1.4701780e-01 2.8677801e-01 4.6548120e-01
6.7184685e+00 1.4838894e-01 2.8834214e-01 4.6706743e-01
6.7237237e+00 1.4950040e-01 2.8985957e-01 4.6873124e-01
6.7289790e+00 1.5058856e-01 2.9146063e-01 4.7016407e-01
6.7342342e+00 1.5193227e-01 2.9321229e-01 4.7212197e-01
6.7394895e+00 1.5327188e-01 2.9457147e-01 4.7389134e-01
6.7447447e+00 1.5424374e-01 2.9613637e-01 4.7583278e-01
6.7500000e+00 1.5538140e-01 2.9765935e-01 4.7765625e-01
6.7552553e+00 1.5653248e-01 2.9917755e-01 4.7979070e-01
6.7605105e+00 1.5770519e-01 3.0076970e-01 4.8167281e-01
6.7657658e+00 1.5899660e-01 3.0226703e-01 4.8346953e-01
6.7710210e+00 1.6058550e-01 3.0378979e-01 4.8538488e-01
6.7762763e+00 1.6194486e-01 3.0544658e-01 4.8709778e-01
6.7815315e+00 1.6311140e-01 3.0689136e-01 4.8889695e-01
6.7867868e+00 1.6430407e-01 3.0846837e-01 4.9094333e-01
6.7920420e+00 1.6578253e-01 3.0996936e-01 4.9286378e-01
6.7972973e+00 1.6698711e-01 3.1157341e-01 4.9474176e-01
6.8025526e+00 1.6820339e-01 3.1325916e-01 4.9668498e-01
6.8078078e+00 1.6947473e-01 3.1498722e-01 4.9852389e-01
6.8130631e+00 1.7074065e-01 3.1671537e-01 5.0053888e-01
6.8183183e+00 1.7208144e-01 3.1814938e-01 5.0222684e-01
6.8235736e+00 1.7328479e-01 3.1988508e-01 5.0400407e-01
6.8288288e+00 1.7470126e-01 3.2137425e-01 5.0594862e-01
6.8340841e+00 1.7616945e-01 3.2296069e-01 5.0732082e-01
6.8393393e+00 1.7724566e-01 3.2481562e-01 5.0890896e-01
6.8445946e+00 1.7840749e-01 3.2643339e-01 5.1084423e-01
6.8498498e+00 1.7961290e-01 3.2820923e-01 5.1258269e-01
6.8551051e+00 1.8121662e-01 3.2985166e-01 5.1457876e-01
6.8603604e+00 1.8288253e-01 3.3145792e-01 5.1634426e-01
6.8656156e+00 1.8415987e-01 3.3303362e-01 5.1849384e-01
6.8708709e+00 1.8545613e-01 3.3462203e-01 5.2026814e-01
6.8761261e+00 1.8688852e-01 3.3636011e-01 5.2194141e-01
6.8813814e+00 1.8846647e-01 3.3799173e-01 5.2387914e-01
6.8866366e+00 1.8987384e-01 3.3955943e-01 5.2597020e-01
6.8918919e+00 1.9125408e-01 3.4105945e-01 5.2763905e-01
6.8971471e+00 1.9278633e-01 3.4300785e-01 5.2949406e-01
6.9024024e+00 1.9425061e-01 3.4458655e-01 5.3129882e-01
6.9076577e+00 1.9558453e-01 3.4636722e-01 5.3301947e-01
6.9129129e+00 1.9685944e-01 3.4806214e-01 5.3491857e-01
6.9181682e+00 1.9812761e-01 3.4989371e-01 5.3671893e-01
6.9234234e+00 1.9963951e-01 3.5157279e-01 5.3838371e-01
6.9286787e+00 2.0095863e-01 3.5340558e-01 5.3996110e-01
6.9339339e+00 2.0249387e-01 3.5491944e-01 5.4155037e-01
6.9391892e+00 2.0390218e-01 3.5642168e-01 5.4353953e-01
6.9444444e+00 2.0534259e-01 3.5813194e-01 5.4561504e-01
6.9496997e+00 2.0659713e-01 3.6001336e-01 5.4776966e-01
6.9549550e+00 2.0800551e-01 3.6196347e-01 5.4967095e-01
6.9602102e+00 2.0945215e-01 3.6370633e-01 5.5166434e-01
6.9654655e+00 2.1101435e-01 3.6521813e-01 5.5370541e-01
6.9707207e+00 2.1235415e-01 3.6711552e-01 5.5561813e-01
6.9759760e+00 2.1343865e-01 3.6896578e-01 5.5771072e-01
6.9812312e+00 2.1476095e-01 3.7067494e-01 5.5927682e-01
6.9864865e+00 2.1628001e-01 3.7239426e-01 5.6072419e-01
6.9917417e+00 2.1767444e-01 3.7428835e-01 5.6312462e-01
6.9969970e+00 2.1889183e-01 3.7595932e-01 5.6549597e-01
7.0022523e+00 2.2027005e-01 3.7778028e-01 5.6723706e-01
7.0075075e+00 2.2171175e-01 3.7947941e-01 5.6912809e-01
7.0127628e+00 2.2341902e-01 3.8094535e-01 5.7109303e-01
7.0180180e+00 2.2508220e-01 3.8266250e-01 5.7296099e-01
7.0232733e+00 2.2659001e-01 3.8431028e-01 5.7483154e-01
7.0285285e+00 2.2826187e-01 3.8595217e-01 5.7685631e-01
7.0337838e+00 2.2990899e-01 3.8783775e-01 5.7849481e-01
7.0390390e+00 2.3162673e-01 3.8952932e-01 5.8055236e-01
7.0442943e+00 2.3308265e-01 3.9137647e-01 5.8274442e-01
7.0495495e+00 2.3444709e-01 3.9298623e-01 5.8476960e-01
7.0548048e+00 2.3587231e-01 3.9475803e-01 5.8688621e-01
7.0600601e+00 2.3734850e-01 3.9678767e-01 5.8915180e-01
7.0653153e+00 2.3913015e-01 3.9857373e-01 5.9118269e-01
7.0705706e+00 2.4081659e-01 4.0023968e-01 5.9291879e-01
7.0758258e+00 2.4228650e-01 4.0194965e-01 5.9450810e-01
7.0810811e+00 2.4410052e-01 4.0382977e-01 5.9671278e-01
7.0863363e+00 2.4557079e-01 4.0550124e-01 5.9872056e-01
7.0915916e+00 2.4722045e-01 4.0722518e-01 6.0082376e-01
7.0968468e+00 2.4885386e-01 4.0913459e-01 6.0254235e-01
7.1021021e+00 2.5052036e-01 4.1099123e-01 6.0477595e-01
7.1073574e+00 2.5204317e-01 4.1273705e-01 6.0709892e-01
7.1126126e+00 2.5361375e-01 4.1461969e-01 6.0918834e-01
7.1178679e+00 2.5540787e-01 4.1662776e-01 6.1139933e-01
7.1231231e+00 2.5685427e-01 4.1835472e-01 6.1305470e-01
7.1283784e+00 2.5849087e-01 4.2025887e-01 6.1510097e-01
7.1336336e+00 2.6014717e-01 4.2213026e-01 6.1751094e-01
7.1388889e+00 2.6169671e-01 4.2392426e-01 6.1964728e-01
7.1441441e+00 2.6335142e-01 4.2583527e-01 6.2186915e-01
7.1493994e+00 2.6520765e-01 4.2787774e-01 6.2403248e-01
7.1546547e+00 2.6695492e-01 4.2974069e-01 6.2624952e-01
7.1599099e+00 2.6868384e-01 4.3163355e-01 6.2823548e-01
7.1651652e+00 2.7034901e-01 4.3345427e-01 6.3040576e-01
7.1704204e+00 2.7186488e-01 4.3555578e-01 6.3276523e-01
7.1756757e+00 2.7370827e-01 4.3746353e-01 6.3513186e-01
7.1809309e+00 2.7562754e-01 4.3939515e-01 6.3706566e-01
7.1861862e+00 2.7723655e-01 4.4127854e-01 6.3945307e-01
7.1914414e+00 2.7892649e-01 4.4302073e-01 6.4147213e-01
7.1966967e+00 2.8053786e-01 4.4495384e-01 6.4396326e-01
7.2019520e+00 2.8191854e-01 4.4688267e-01 6.4594046e-01
7.2072072e+00 2.8358837e-01 4.4900612e-01 6.4811412e-01
7.2124625e+00 2.8524984e-01 4.5112728e-01 6.5009762e-01
7.2177177e+00 2.8700522e-01 4.5319111e-01 6.5214008e-01
7.2229730e+00 2.8858864e-01 4.5528407e-01 6.5458476e-01
7.2282282e+00 2.9052105e-01 4.5695159e-01 6.5681844e-01
7.2334835e+00 2.9202133e-01 4.5886941e-01 6.5907089e-01
7.2387387e+00 2.9408210e-01 4.6086074e-01 6.6114557e-01
7.2439940e+00 2.9549152e-01 4.6288835e-01 6.6355465e-01
7.2492492e+00 2.9718528e-01 4.6479068e-01 6.6565925e-01
7.2545045e+00 2.9913761e-01 4.6691990e-01 6.6802331e-01
7.2597598e+00 3.0069210e-01 4.6896733e-01 6.6979672e-01
7.2650150e+00 3.0230522e-01 4.7080322e-01 6.7207894e-01
7.2702703e+00 3.0400794e-01 4.7315276e-01 6.7453026e-01
7.2755255e+00 3.0555897e-01 4.7509212e-01 6.7695011e-01
7.2807808e+00 3.0720553e-01 4.7736154e-01 6.7903267e-01
7.2860360e+00 3.0904069e-01 4.7965289e-01 6.8157762e-01
7.2912913e+00 3.1063544e-01 4.8198798e-01 6.8414527e-01
7.2965465e+00 3.1241133e-01 4.8403329e-01 6.8664633e-01
7.3018018e+00 3.1444310e-01 4.8613757e-01 6.8889496e-01
7.3070571e+00 3.1639652e-01 4.8841382e-01 6.9173417e-01
7.3123123e+00 3.1823953e-01 4.9033712e-01 6.9379702e-01
7.3175676e+00 3.2025060e-01 4.9250705e-01 6.9613683e-01
7.3228228e+00 3.2223005e-01 4.9463170e-01 6.9846875e-01
7.3280781e+00 3.2381429e-01 4.9672588e-01 7.0097719e-01
7.3333333e+00 3.2577969e-01 4.9866617e-01 7.0312156e-01
7.3385886e+00 3.2765333e-01 5.0069882e-01 7.0506399e-01
7.3438438e+00 3.2946425e-01 5.0297506e-01 7.0723442e-01
7.3490991e+00 3.3126847e-01 5.0485482e-01 7.0996852e-01
7.3543544e+00 3.3309069e-01 5.0698541e-01 7.1232138e-01
7.3596096e+00 3.3511509e-01 5.0936081e-01 7.1464245e-01
7.3648649e+00 3.3703828e-01 5.1152567e-01 7.1670945e-01
7.3701201e+00 3.3885033e-01 5.1384510e-01 7.1914272e-01
7.3753754e+00 3.4110172e-01 5.1602009e-01 7.2180827e-01
7.3806306e+00 3.4310870e-01 5.1858791e-01 7.2389908e-01
7.3858859e+00 3.4494246e-01 5.2116989e-01 7.2611583e-01
7.3911411e+00 3.4671851e-01 5.2345116e-01 7.2855584e-01
7.3963964e+00 3.4869625e-01 5.2573963e-01 7.3092056e-01
7.4016517e+00 3.5100976e-01 5.2812364e-01 7.3342089e-01
7.4069069e+00 3.5289982e-01 5.3013804e-01 7.3568855e-01
7.4121622e+00 3.5496897e-01 5.3251682e-01 7.3802565e-01
7.4174174e+00 3.5692241e-01 5.3462082e-01 7.4045404e-01
7.4226727e+00 3.5861553e-01 5.3674243e-01 7.4288226e-01
7.4279279e+00 3.6035675e-01 5.3900692e-01 7.4463353e-01
7.4331832e+00 3.6226938e-01 5.4131571e-01 7.4686186e-01
7.4384384e+00 3.6422237e-01 5.4351630e-01 7.4957519e-01
7.4436937e+00 3.6622779e-01 5.4599273e-01 7.5226391e-01
7.4489489e+00 3.6834863e-01 5.4822171e-01 7.5444485e-01
7.4542042e+00 3.7040725e-01 5.5050529e-01 7.5693833e-01
7.4594595e+00 3.7223481e-01 5.5286062e-01 7.5970661e-01
7.4647147e+00 3.7405394e-01 5.5523877e-01 7.6246050e-01
7.4699700e+00 3.7578695e-01 5.5768627e-01 7.6484321e-01
7.4752252e+00 3.7744706e-01 5.6003769e-01 7.6672823e-01
7.4804805e+00 3.7957313e-01 5.6198622e-01 7.6905193e-01
7.4857357e+00 3.8164210e-01 5.6403867e-01 7.7167723e-01
7.4909910e+00 3.8343898e-01 5.6640682e-01 7.7428088e-01
7.4962462e+00 3.8516438e-01 5.6856328e-01 7.7676090e-01
7.5015015e+00 3.8693545e-01 5.7086723e-01 7.7922945e-01
7.5067568e+00 3.8908542e-01 5.7337664e-01 7.8159363e-01
7.5120120e+00 3.9136070e-01 5.7568210e-01 7.8422642e-01
7.5172673e+00 3.9350467e-01 5.7789759e-01 7.8706414e-01
7.5225225e+00 3.9563639e-01 5.8029966e-01 7.8928558e-01
7.5277778e+00 3.9761410e-01 5.8249482e-01 7.9200941e-01
7.5330330e+00 3.9967600e-01 5.8461723e-01 7.9448009e-01
7.5382883e+00 4.0157949e-01 5.8701657e-01 7.9715052e-01
7.5435435e+00 4.0381369e-01 5.8941443e-01 7.9976345e-01
7.5487988e+00 4.0557010e-01 5.9170869e-01 8.0226000e-01
7.5540541e+00 4.0769209e-01 5.9429095e-01 8.0513402e-01
7.5593093e+00 4.0986911e-01 5.9693724e-01 8.0812998e-01
7.5645646e+00 4.1214805e-01 5.9899925e-01 8.1080324e-01
7.5698198e+00 4.1420724e-01 6.0119737e-01 8.1314434e-01
7.5750751e+00 4.1601457e-01 6.0330048e-01 8.1553304e-01
7.5803303e+00 4.1819537e-01 6.0559119e-01 8.1839950e-01
7.5855856e+00 4.2009680e-01 6.0779874e-01 8.2130908e-01
7.5908408e+00 4.2216329e-01 6.0978502e-01 8.2395865e-01
7.5960961e+00 4.2421487e-01 6.1229773e-01 8.2662643e-01
7.6013514e+00 4.2598438e-01 6.1472533e-01 8.2930988e-01
7.6066066e+00 4.2835997e-01 6.1695007e-01 8.3168871e-01
7.6118619e+00 4.3039309e-01 6.1907058e-01 8.3453591e-01
7.6171171e+00 4.3234872e-01 6.2101416e-01 8.3743215e-01
7.6223724e+00 4.3455458e-01 6.2312428e-01 8.4024423e-01
7.6276276e+00 4.3659371e-01 6.2542793e-01 8.4273117e-01
7.6328829e+00 4.3872213e-01 6.2777085e-01 8.4535902e-01
7.6381381e+00 4.4095890e-01 6.3000836e-01 8.4835340e-01
7.6433934e+00 4.4312756e-01 6.3249401e-01 8.5074170e-01
7.6486486e+00 4.4552792e-01 6.3482870e-01 8.5335565e-01
7.6539039e+00 4.4773207e-01 6.3720160e-01 8.5605968e-01
7.6591592e+00 4.4980794e-01 6.3956597e-01 8.5826353e-01
7.6644144e+00 4.5150352e-01 6.4192219e-01 8.6058998e-01
7.6696697e+00 4.5331076e-01 6.4458087e-01 8.6308633e-01
7.6749249e+00 4.5525268e-01 6.4705624e-01 8.6598626e-01
7.6801802e+00 4.5767704e-01 6.4958528e-01 8.6876429e-01
7.6854354e+00 4.5946891e-01 6.5206092e-01 8.7088627e-01
7.6906907e+00 4.6169767e-01 6.5436726e-01 8.7376122e-01
7.6959459e+00 4.6390733e-01 6.5661753e-01 8.7606392e-01
7.7012012e+00 4.6588995e-01 6.5890846e-01 8.7862720e-01
7.7064565e+00 4.6781205e-01 6.6121837e-01 8.8107501e-01
7.7117117e+00 4.7016530e-01 6.6360412e-01 8.8340580e-01
7.7169670e+00 4.7244078e-01 6.6583555e-01 8.8627964e-01
7.7222222e+00 4.7457230e-01 6.6815075e-01 8.8864161e-01
7.7274775e+00 4.7649764e-01 6.7028239e-01 8.9103102e-01
7.7327327e+00 4.7839883e-01 6.7266884e-01 8.9358941e-01
7.7379880e+00 4.8051906e-01 6.7492865e-01 8.9653689e-01
7.7432432e+00 4.8248906e-01 6.7726081e-01 8.9905607e-01
7.7484985e+00 4.8442765e-01 6.7984078e-01 9.0151818e-01
7.7537538e+00 4.8654917e-01 6.8218447e-01 9.0466831e-01
7.7590090e+00 4.8824305e-01 6.8449244e-01 9.0678919e-01
7.7642643e+00 4.9009908e-01 6.8690121e-01 9.0919208e-01
7.7695195e+00 4.9217656e-01 6.8936257e-01 9.1193084e-01
7.7747748e+00 4.9421616e-01 6.9157283e-01 9.1432237e-01
7.7800300e+00 4.9625101e-01 6.9398101e-01 9.1629434e-01
7.7852853e+00 4.9831687e-01 6.9619388e-01 9.1926688e-01
7.7905405e+00 5.0047089e-01 6.9824222e-01 9.2170034e-01
7.7957958e+00 5.0250738e-01 7.0039261e-01 9.2431526e-01
7.8010511e+00 5.0401966e-01 7.0248460e-01 9.2677291e-01
7.8063063e+00 5.0590371e-01 7.0450679e-01 9.2880749e-01
7.8115616e+00 5.0772889e-01 7.0667492e-01 9.3124733e-01
7.8168168e+00 5.0964039e-01 7.0913994e-01 9.3351252e-01
7.8220721e+00 5.1171358e-01 7.1146071e-01 9.3563428e-01
7.8273273e+00 5.1354654e-01 7.1357668e-01 9.3773031e-01
7.8325826e+00 5.1564639e-01 7.1602623e-01 9.4004734e-01
7.8378378e+00 5.1745438e-01 7.1836723e-01 9.4250267e-01
7.8430931e+00 5.1925862e-01 7.2054121e-01 9.4469157e-01
7.8483483e+00 5.2112443e-01 7.2258192e-01 9.4713246e-01
7.8536036e+00 5.2330800e-01 7.2490481e-01 9.4918643e-01
7.8588589e+00 5.2489226e-01 7.2711301e-01 9.5144604e-01
7.8641141e+00 5.2649960e-01 7.2936209e-01 9.5375583e-01
7.8693694e+00 5.2828194e-01 7.3156705e-01 9.5633865e-01
7.8746246e+00 5.3036484e-01 7.3365241e-01 9.5824395e-01
7.8798799e+00 5.3213935e-01 7.3570319e-01 9.6077888e-01
7.8851351e+00 5.3415418e-01 7.3793964e-01 9.6303644e-01
7.8903904e+00 5.3627782e-01 7.4004833e-01 9.6531719e-01
7.8956456e+00 5.3811712e-01 7.4184899e-01 9.6785566e-01
7.9009009e+00 5.3932982e-01 7.4413729e-01 9.7028462e-01
7.9061562e+00 5.4093062e-01 7.4627362e-01 9.7256562e-01
7.9114114e+00 5.4254805e-01 7.4846176e-01 9.7502239e-01
7.9166667e+00 5.4418504e-01 7.5053139e-01 9.7736558e-01
7.9219219e+00 5.4604053e-01 7.5293751e-01 9.7929423e-01
7.9271772e+00 5.4768903e-01 7.5524941e-01 9.8159334e-01
7.9324324e+00 5.4989325e-01 7.5733922e-01 9.8391470e-01
7.9376877e+00 5.5153412e-01 7.5947878e-01 9.8627148e-01
7.9429429e+00 5.5375594e-01 7.6145537e-01 9.8849065e-01
7.9481982e+00 5.5568901e-01 7.6325732e-01 9.9019231e-01
7.9534535e+00 5.5771788e-01 7.6507113e-01 9.9243271e-01
7.9587087e+00 5.5946256e-01 7.6705328e-01 9.9428082e-01
7.9639640e+00 5.6123355e-01 7.6906664e-01 9.9617200e-01
7.9692192e+00 5.6303328e-01 7.7112944e-01 9.9794371e-01
7.9744745e+00 5.6506921e-01 7.7307234e-01 1.0001888e+00
7.9797297e+00 5.6649021e-01 7.7520477e-01 1.0023798e+00
7.9849850e+00 5.6815587e-01 7.7747238e-01 1.0046554e+00
7.9902402e+00 5.7017135e-01 7.7931167e-01 1.0064571e+00
7.9954955e+00 5.7237052e-01 7.8097586e-01 1.0081787e+00
8.0007508e+00 5.7385409e-01 7.8247608e-01 1.0104284e+00
8.0060060e+00 5.7560133e-01 7.8447931e-01 1.0123280e+00
8.0112613e+00 5.7759951e-01 7.8630690e-01 1.0141348e+00
8.0165165e+00 5.7931866e-01 7.8840838e-01 1.0163033e+00
8.0217718e+00 5.8075983e-01 7.9054898e-01 1.0181173e+00
8.0270270e+00 5.8295558e-01 7.9253973e-01 1.0198155e+00
8.0322823e+00 5.8457760e-01 7.9421620e-01 1.0213487e+00
8.0375375e+00 5.8612863e-01 7.9627630e-01 1.0233199e+00
8.0427928e+00 5.8793478e-01 7.9786102e-01 1.0251816e+00
8.0480480e+00 5.8968702e-01 7.9975618e-01 1.0272128e+00
8.0533033e+00 5.9132363e-01 8.0123510e-01 1.0290086e+00
8.0585586e+00 5.9295064e-01 8.0284103e-01 1.0309279e+00
8.0638138e+00 5.9440538e-01 8.0432041e-01 1.0321592e+00
8.0690691e+00 5.9623450e-01 8.0606528e-01 1.0340939e+00
8.0743243e+00 5.9739576e-01 8.0805669e-01 1.0356661e+00
8.0795796e+00 5.9867218e-01 8.0990121e-01 1.0366929e+00
8.0848348e+00 6.0083648e-01 8.1127460e-01 1.0383014e+00
8.0900901e+00 6.0212674e-01 8.1299460e-01 1.0400198e+00
8.0953453e+00 6.0382958e-01 8.1477156e-01 1.0418614e+00
8.1006006e+00 6.0529927e-01 8.1636709e-01 1.0433804e+00
8.1058559e+00 6.0697940e-01 8.1836811e-01 1.0450526e+00
8.1111111e+00 6.0831641e-01 8.1992988e-01 1.0469417e+00
8.1163664e+00 6.0987731e-01 8.2132861e-01 1.0482161e+00
8.1216216e+00 6.1157830e-01 8.2300110e-01 1.0499860e+00
8.1268769e+00 6.1313993e-01 8.2404295e-01 1.0516424e+00
8.1321321e+00 6.1458290e-01 8.2571946e-01 1.0531891e+00
8.1373874e+00 6.1619489e-01 8.2689784e-01 1.0548251e+00
8.1426426e+00 6.1799499e-01 8.2845962e-01 1.0565878e+00
8.1478979e+00 6.1974163e-01 8.3005010e-01 1.0582024e+00
8.1531532e+00 6.2097036e-01 8.3167257e-01 1.0600139e+00
8.1584084e+00 6.2253001e-01 8.3318628e-01 1.0614652e+00
8.1636637e+00 6.2408835e-01 8.3455443e-01 1.0628744e+00
8.1689189e+00 6.2548669e-01 8.3610932e-01 1.0640687e+00
8.1741742e+00 6.2692472e-01 8.3739856e-01 1.0656397e+00
8.1794294e+00 6.2830147e-01 8.3904774e-01 1.0670163e+00
8.1846847e+00 6.2972777e-01 8.4033254e-01 1.0690598e+00
8.1899399e+00 6.3134046e-01 8.4150527e-01 1.0707336e+00
8.1951952e+00 6.3279423e-01 8.4300351e-01 1.0725558e+00
8.2004505e+00 6.3374618e-01 8.4449873e-01 1.0743907e+00
8.2057057e+00 6.3520445e-01 8.4595111e-01 1.0764306e+00
8.2109610e+00 6.3679404e-01 8.4728401e-01 1.0773205e+00
8.2162162e+00 6.3812351e-01 8.4853792e-01 1.0785501e+00
8.2214715e+00 6.3906054e-01 8.4982842e-01 1.0797559e+00
8.2267267e+00 6.4069713e-01 8.5096933e-01 1.0815314e+00
8.2319820e+00 6.4196084e-01 8.5249385e-01 1.0828668e+00
8.2372372e+00 6.4303876e-01 8.5372229e-01 1.0840189e+00
8.2424925e+00 6.4426788e-01 8.5470981e-01 1.0852655e+00
8.2477477e+00 6.4529743e-01 8.5634828e-01 1.0861531e+00
8.2530030e+00 6.4671852e-01 8.5740936e-01 1.0876905e+00
8.2582583e+00 6.4804062e-01 8.5856904e-01 1.0891660e+00
8.2635135e+00 6.4927681e-01 8.5969358e-01 1.0908024e+00
8.2687688e+00 6.5031103e-01 8.6109033e-01 1.0926079e+00
8.2740240e+00 6.5151424e-01 8.6222808e-01 1.0937457e+00
8.2792793e+00 6.5238980e-01 8.6368604e-01 1.0951830e+00
8.2845345e+00 6.5356175e-01 8.6526149e-01 1.0960196e+00
8.2897898e+00 6.5481652e-01 8.6635727e-01 1.0973071e+00
8.2950450e+00 6.5571370e-01 8.6748638e-01 1.0986175e+00
8.3003003e+00 6.5671993e-01 8.6885881e-01 1.1001205e+00
8.3055556e+00 6.5783932e-01 8.7014629e-01 1.1011686e+00
8.3108108e+00 6.5906945e-01 8.7145064e-01 1.1023696e+00
8.3160661e+00 6.6025346e-01 8.7283005e-01 1.1033695e+00
8.3213213e+00 6.6152670e-01 8.7400741e-01 1.1046058e+00
8.3265766e+00 6.6256564e-01 8.7524471e-01 1.1053762e+00
8.3318318e+00 6.6388036e-01 8.7654193e-01 1.1057653e+00
8.3370871e+00 6.6496485e-01 8.7797174e-01 1.1068268e+00
8.3423423e+00 6.6620224e-01 8.7874028e-01 1.1076740e+00
8.3475976e+00 6.6721050e-01 8.7980685e-01 1.1088553e+00
8.3528529e+00 6.6802360e-01 8.8108843e-01 1.1105383e+00
8.3581081e+00 6.6899966e-01 8.8213961e-01 1.1117289e+00
8.3633634e+00 6.6986244e-01 8.8348793e-01 1.1120474e+00
8.3686186e+00 6.7125827e-01 8.8471441e-01 1.1126268e+00
8.3738739e+00 6.7238680e-01 8.8579705e-01 1.1132890e+00
8.3791291e+00 6.7329129e-01 8.8682715e-01 1.1144449e+00
8.3843844e+00 6.7409823e-01 8.8786066e-01 1.1157169e+00
8.3896396e+00 6.7472342e-01 8.8908696e-01 1.1165505e+00
8.3948949e+00 6.7557966e-01 8.9032251e-01 1.1172873e+00
8.4001502e+00 6.7646257e-01 8.9158923e-01 1.1183161e+00
8.4054054e+00 6.7762691e-01 8.9248527e-01 1.1192599e+00
8.4106607e+00 6.7823472e-01 8.9328138e-01 1.1204454e+00
8.4159159e+00 6.7924467e-01 8.9463045e-01 1.1217056e+00
8.4211712e+00 6.8010101e-01 8.9555778e-01 1.1225366e+00
8.4264264e+00 6.8126374e-01 8.9635485e-01 1.1233262e+00
8.4316817e+00 6.8156732e-01 8.9736430e-01 1.1241267e+00
8.4369369e+00 6.8250145e-01 8.9844414e-01 1.1247756e+00
8.4421922e+00 6.8349402e-01 8.9942067e-01 1.1252815e+00
8.4474474e+00 6.8448047e-01 9.0082326e-01 1.1262385e+00
8.4527027e+00 6.8546089e-01 9.0162853e-01 1.1270569e+00
8.4579580e+00 6.8631152e-01 9.0208170e-01 1.1282333e+00
8.4632132e+00 6.8711490e-01 9.0299683e-01 1.1292908e+00
8.4684685e+00 6.8830089e-01 9.0387498e-01 1.1302841e+00
8.4737237e+00 6.8885360e-01 9.0483790e-01 1.1307622e+00
8.4789790e+00 6.8992523e-01 9.0549742e-01 1.1320059e+00
8.4842342e+00 6.9102421e-01 9.0664517e-01 1.1331844e+00
8.4894895e+00 6.9218023e-01 9.0730488e-01 1.1344697e+00
8.4947447e+00 6.9297919e-01 9.0839615e-01 1.1350968e+00
8.5000000e+00 6.9383103e-01 9.0895783e-01 1.1359748e+00
8.5052553e+00 6.9473807e-01 9.0977966e-01 1.1369071e+00
8.5105105e+00 6.9559034e-01 9.1027996e-01 1.1378956e+00
8.5157658e+00 6.9624288e-01 9.1129916e-01 1.1384907e+00
8.5210210e+00 6.9692169e-01 9.1203160e-01 1.1397563e+00
8.5262763e+00 6.9781967e-01 9.1300227e-01 1.1405672e+00
8.5315315e+00 6.9851757e-01 9.1410024e-01 1.1415026e+00
8.5367868e+00 6.9958960e-01 9.1513209e-01 1.1424598e+00
8.5420420e+00 7.0027571e-01 9.1574317e-01 1.1429445e+00
8.5472973e+00 7.0130230e-01 9.1634586e-01 1.1436362e+00
8.5525526e+00 7.0194876e-01 9.1725165e-01 1.1448182e+00
8.5578078e+00 7.0254736e-01 9.1774343e-01 1.1455844e+00
8.5630631e+00 7.0284395e-01 9.1885919e-01 1.1467797e+00
8.5683183e+00 7.0363659e-01 9.1991578e-01 1.1473997e+00
8.5735736e+00 7.0479900e-01 9.2044988e-01 1.1481919e+00
8.5788288e+00 7.0568449e-01 9.2079197e-01 1.1487863e+00
8.5840841e+00 7.0680713e-01 9.2150945e-01 1.1498444e+00
8.5893393e+00 7.0762102e-01 9.2241157e-01 1.1513065e+00
8.5945946e+00 7.0852248e-01 9.2309821e-01 1.1520565e+00
8.5998498e+00 7.0956886e-01 9.2381258e-01 1.1533928e+00
8.6051051e+00 7.1017298e-01 9.2444980e-01 1.1539496e+00
8.6103604e+00 7.1129970e-01 9.2513971e-01 1.1548941e+00
8.6156156e+00 7.1250246e-01 9.2572102e-01 1.1561166e+00
8.6208709e+00 7.1332831e-01 9.2651470e-01 1.1565174e+00
8.6261261e+00 7.1389169e-01 9.2683111e-01 1.1571065e+00
8.6313814e+00 7.1460840e-01 9.2760556e-01 1.1581235e+00
8.6366366e+00 7.1537749e-01 9.2873202e-01 1.1589729e+00
8.6418919e+00 7.1579422e-01 9.2960978e-01 1.1604089e+00
8.6471471e+00 7.1631717e-01 9.2982374e-01 1.1608799e+00
8.6524024e+00 7.1698063e-01 9.3057167e-01 1.1619589e+00
8.6576577e+00 7.1812218e-01 9.3110883e-01 1.1628914e+00
8.6629129e+00 7.1897511e-01 9.3181807e-01 1.1635358e+00
8.6681682e+00 7.1950548e-01 9.3259458e-01 1.1645190e+00
8.6734234e+00 7.1987617e-01 9.3325227e-01 1.1654925e+00
8.6786787e+00 7.2090310e-01 9.3393769e-01 1.1658184e+00
8.6839339e+00 7.2160652e-01 9.3514178e-01 1.1660984e+00
8.6891892e+00 7.2221546e-01 9.3621516e-01 1.1669492e+00
8.6944444e+00 7.2310534e-01 9.3738538e-01 1.1674543e+00
8.6996997e+00 7.2375583e-01 9.3825858e-01 1.1677495e+00
8.7049550e+00 7.2492060e-01 9.3901123e-01 1.1687480e+00
8.7102102e+00 7.2551849e-01 9.3991696e-01 1.1692529e+00
8.7154655e+00 7.2652054e-01 9.4048169e-01 1.1700515e+00
8.7207207e+00 7.2750279e-01 9.4141664e-01 1.1708518e+00
8.7259760e+00 7.2813457e-01 9.4213142e-01 1.1717234e+00
8.7312312e+00 7.2911076e-01 9.4286608e-01 1.1725394e+00
8.7364865e+00 7.2980364e-01 9.4348626e-01 1.1732978e+00
8.7417417e+00 7.3024103e-01 9.4406854e-01 1.1744937e+00
8.7469970e+00 7.3096294e-01 9.4471859e-01 1.1751366e+00
8.7522523e+00 7.3159013e-01 9.4548373e-01 1.1757843e+00
8.7575075e+00 7.3209959e-01 9.4599305e-01 1.1764079e+00
8.7627628e+00 7.3294871e-01 9.4665646e-01 1.1771585e+00
8.7680180e+00 7.3334154e-01 9.4749573e-01 1.1777091e+00
8.7732733e+00 7.3412080e-01 9.4797592e-01 1.1785259e+00
8.7785285e+00 7.3540254e-01 9.4861264e-01 1.1786129e+00
8.7837838e+00 7.3632488e-01 9.4892622e-01 1.1798671e+00
8.7890390e+00 7.3691798e-01 9.4966034e-01 1.1804412e+00
8.7942943e+00 7.3725925e-01 9.5043048e-01 1.1809200e+00
8.7995495e+00 7.3783313e-01 9.5123461e-01 1.1813387e+00
8.8048048e+00 7.3801186e-01 9.5228253e-01 1.1821128e+00
8.8100601e+00 7.3915670e-01 9.5310000e-01 1.1829797e+00
8.8153153e+00 7.3927809e-01 9.5414783e-01 1.1842517e+00
8.8205706e+00 7.4010129e-01 9.5479383e-01 1.1855837e+00
8.8258258e+00 7.4075874e-01 9.5559532e-01 1.1863319e+00
8.8310811e+00 7.4152451e-01 9.5639414e-01 1.1872141e+00
8.8363363e+00 7.4257565e-01 9.5717013e-01 1.1885759e+00
8.8415916e+00 7.4328871e-01 9.5797782e-01 1.1894995e+00
8.8468468e+00 7.4406172e-01 9.5861884e-01 1.1901729e+00
8.8521021e+00 7.4505139e-01 9.5931273e-01 1.1910153e+00
8.8573574e+00 7.4545020e-01 9.5975104e-01 1.1915790e+00
8.8626126e+00 7.4635334e-01 9.6054121e-01 1.1918748e+00
8.8678679e+00 7.4680005e-01 9.6145281e-01 1.1930701e+00
8.8731231e+00 7.4720794e-01 9.6229677e-01 1.1936176e+00
8.8783784e+00 7.4786270e-01 9.6307732e-01 1.1944141e+00
8.8836336e+00 7.4816064e-01 9.6383971e-01 1.1951522e+00
8.8888889e+00 7.4902726e-01 9.6435858e-01 1.1960183e+00
8.8941441e+00 7.4969246e-01 9.6492366e-01 1.1969333e+00
8.8993994e+00 7.5072944e-01 9.6582165e-01 1.1974808e+00
8.9046547e+00 7.5142253e-01 9.6640760e-01 1.1978632e+00
8.9099099e+00 7.5184810e-01 9.6715174e-01 1.1985990e+00
8.9151652e+00 7.5247105e-01 9.6810061e-01 1.1994234e+00
8.9204204e+00 7.5317730e-01 9.6903938e-01 1.2001097e+00
8.9256757e+00 7.5387157e-01 9.6992070e-01 1.2009798e+00
8.9309309e+00 7.5440556e-01 9.7094672e-01 1.2017408e+00
8.9361862e+00 7.5466454e-01 9.7154453e-01 1.2022988e+00
8.9414414e+00 7.5515254e-01 9.7244377e-01 1.2031550e+00
8.9466967e+00 7.5621829e-01 9.7329515e-01 1.2038681e+00
8.9519520e+00 7.5707946e-01 9.7386842e-01 1.2047617e+00
8.9572072e+00 7.5791247e-01 9.7449290e-01 1.2049124e+00
8.9624625e+00 7.5850026e-01 9.7529872e-01 1.2057024e+00
8.9677177e+00 7.5881938e-01 9.7593564e-01 1.2063200e+00
8.9729730e+00 7.5922575e-01 9.7654144e-01 1.2071362e+00
8.9782282e+00 7.5999738e-01 9.7712264e-01 1.2078271e+00
8.9834835e+00 7.6095983e-01 9.7798334e-01 1.2082761e+00
8.9887387e+00 7.6154536e-01 9.7846996e-01 1.2087651e+00
8.9939940e+00 7.6238212e-01 9.7927053e-01 1.2091764e+00
8.9992492e+00 7.6321081e-01 9.7952315e-01 1.2094793e+00
9.0045045e+00 7.6383193e-01 9.8034730e-01 1.2100597e+00
9.0097598e+00 7.6423839e-01 9.8120934e-01 1.2105827e+00
9.0150150e+00 7.6449367e-01 9.8178494e-01 1.2113483e+00
9.0202703e+00 7.6498722e-01 9.8228395e-01 1.2123243e+00
9.0255255e+00 7.6562689e-01 9.8259175e-01 1.2131447e+00
9.0307808e+00 7.6600555e-01 9.8343364e-01 1.2138553e+00
9.0360360e+00 7.6652478e-01 9.8374085e-01 1.2141683e+00
9.0412913e+00 7.6705522e-01 9.8432773e-01 1.2146916e+00
9.0465465e+00 7.6770483e-01 9.8488044e-01 1.2156649e+00
9.0518018e+00 7.6852380e-01 9.8569594e-01 1.2164316e+00
9.0570571e+00 7.6897958e-01 9.8616374e-01 1.2172057e+00
9.0623123e+00 7.6934257e-01 9.8692282e-01 1.2174741e+00
9.0675676e+00 7.7012208e-01 9.8765362e-01 1.2178479e+00
9.0728228e+00 7.7053697e-01 9.8824620e-01 1.2184368e+00
9.0780781e+00 7.7103013e-01 9.8882444e-01 1.2187627e+00
9.0833333e+00 7.7125484e-01 9.8953548e-01 1.2193958e+00
9.0885886e+00 7.7163306e-01 9.9053521e-01 1.2196156e+00
9.0938438e+00 7.7267454e-01 9.9118047e-01 1.2200251e+00
9.0990991e+00 7.7296254e-01 9.9183293e-01 1.2200188e+00
9.1043544e+00 7.7367283e-01 9.9219542e-01 1.2203265e+00
9.1096096e+00 7.7394394e-01 9.9245012e-01 1.2209296e+00
9.1148649e+00 7.7442168e-01 9.9280186e-01 1.2218273e+00
9.1201201e+00 7.7504355e-01 9.9319396e-01 1.2226134e+00
9.1253754e+00 7.7516025e-01 9.9342905e-01 1.2232590e+00
9.1306306e+00 7.7554228e-01 9.9364007e-01 1.2240675e+00
9.1358859e+00 7.7635171e-01 9.9407655e-01 1.2244912e+00
9.1411411e+00 7.7632938e-01 9.9425058e-01 1.2252802e+00
9.1463964e+00 7.7662828e-01 9.9499106e-01 1.2250715e+00
9.1516517e+00 7.7696315e-01 9.9543047e-01 1.2254271e+00
9.1569069e+00 7.7777351e-01 9.9585821e-01 1.2254744e+00
9.1621622e+00 7.7849576e-01 9.9624825e-01 1.2253470e+00
9.1674174e+00 7.7888433e-01 9.9647989e-01 1.2256208e+00
9.1726727e+00 7.7921768e-01 9.9700247e-01 1.2256210e+00
9.1779279e+00 7.7935138e-01 9.9754287e-01 1.2257714e+00
9.1831832e+00 7.7968346e-01 9.9760142e-01 1.2261380e+00
9.1884384e+00 7.8025749e-01 9.9800438e-01 1.2264447e+00
9.1936937e+00 7.8062639e-01 9.9796391e-01 1.2266435e+00
9.1989489e+00 7.8073235e-01 9.9842972e-01 1.2268421e+00
9.2042042e+00 7.8083197e-01 9.9879424e-01 1.2269753e+00
9.2094595e+00 7.8079454e-01 9.9913215e-01 1.2273259e+00
9.2147147e+00 7.8086222e-01 9.9920621e-01 1.2275505e+00
9.2199700e+00 7.8118420e-01 9.9933141e-01 1.2281745e+00
9.2252252e+00 7.8144974e-01 9.9972955e-01 1.2282331e+00
9.2304805e+00 7.8168783e-01 9.9954311e-01 1.2282133e+00
9.2357357e+00 7.8173357e-01 9.9992817e-01 1.2288635e+00
9.2409910e+00 7.8174499e-01 9.9986195e-01 1.2287543e+00
9.2462462e+00 7.8233160e-01 9.9972345e-01 1.2284559e+00
9.2515015e+00 7.8227526e-01 9.9963079e-01 1.2284133e+00
9.2567568e+00 7.8186208e-01 1.0000000e+00 1.2286786e+00
9.2620120e+00 7.8188450e-01 9.9986386e-01 1.2284117e+00
9.2672673e+00 7.8217715e-01 9.9984816e-01 1.2280421e+00
9.2725225e+00 7.8228864e-01 9.9944735e-01 1.2282205e+00
9.2777778e+00 7.8219948e-01 9.9939338e-01 1.2280614e+00
9.2830330e+00 7.8268334e-01 9.9937813e-01 1.2282533e+00
9.2882883e+00 7.8220362e-01 9.9927205e-01 1.2282604e+00
9.2935435e+00 7.8253289e-01 9.9902927e-01 1.2276230e+00
9.2987988e+00 7.8258715e-01 9.9905509e-01 1.2273756e+00
9.3040541e+00 7.8222745e-01 9.9896180e-01 1.2277949e+00
9.3093093e+00 7.8208997e-01 9.9889732e-01 1.2279246e+00
9.3145646e+00 7.8190237e-01 9.9884408e-01 1.2276016e+00
9.3198198e+00 7.8168723e-01 9.9880067e-01 1.2275168e+00
9.3250751e+00 7.8201764e-01 9.9857322e-01 1.2267991e+00
9.3303303e+00 7.8173490e-01 9.9805882e-01 1.2263031e+00
9.3355856e+00 7.8148321e-01 9.9755573e-01 1.2261268e+00
9.3408408e+00 7.8132104e-01 9.9720613e-01 1.2256272e+00
9.3460961e+00 7.8108466e-01 9.9683886e-01 1.2247570e+00
9.3513514e+00 7.8040671e-01 9.9663014e-01 1.2242437e+00
9.3566066e+00 7.8048245e-01 9.9654022e-01 1.2240280e+00
9.3618619e+00 7.8040665e-01 9.9627350e-01 1.2230176e+00
9.3671171e+00 7.7990917e-01 9.9622053e-01 1.2224660e+00
9.3723724e+00 7.7937330e-01 9.9539944e-01 1.2222244e+00
9.3776276e+00 7.7948201e-01 9.9501861e-01 1.2222764e+00
9.3828829e+00 7.7889313e-01 9.9473845e-01 1.2215879e+00
9.3881381e+00 7.7838718e-01 9.9410413e-01 1.2206293e+00
9.3933934e+00 7.7780188e-01 9.9342637e-01 1.2200702e+00
9.3986486e+00 7.7711674e-01 9.9277009e-01 1.2197946e+00
9.4039039e+00 7.7714747e-01 9.9200630e-01 1.2190524e+00
9.4091592e+00 7.7698534e-01 9.9152354e-01 1.2185752e+00
9.4144144e+00 7.7663378e-01 9.9137076e-01 1.2174518e+00
9.4196697e+00 7.7587165e-01 9.9081163e-01 1.2163109e+00
9.4249249e+00 7.7509699e-01 9.9002653e-01 1.2157773e+00
9.4301802e+00 7.7449405e-01 9.8924952e-01 1.2146678e+00
9.4354354e+00 7.7375296e-01 9.8868912e-01 1.2135569e+00
9.4406907e+00 7.7298874e-01 9.8750983e-01 1.2128814e+00
9.4459459e+00 7.7212327e-01 9.8666168e-01 1.2118411e+00
9.4512012e+00 7.7154546e-01 9.8564304e-01 1.2111100e+00
9.4564565e+00 7.7087049e-01 9.8457482e-01 1.2098926e+00
9.4617117e+00 7.6975439e-01 9.8376385e-01 1.2087921e+00
9.4669670e+00 7.6839147e-01 9.8263404e-01 1.2077973e+00
9.4722222e+00 7.6732197e-01 9.8163302e-01 1.2060824e+00
9.4774775e+00 7.6642775e-01 9.8084602e-01 1.2051438e+00
9.4827327e+00 7.6546101e-01 9.7965256e-01 1.2037717e+00
9.4879880e+00 7.6461442e-01 9.7870748e-01 1.2022414e+00
9.4932432e+00 7.6367820e-01 9.7737999e-01 1.2014422e+00
9.4984985e+00 7.6253953e-01 9.7631802e-01 1.2004267e+00
9.5037538e+00 7.6137796e-01 9.7516405e-01 1.1992652e+00
9.5090090e+00 7.6031283e-01 9.7423227e-01 1.1978466e+00
9.5142643e+00 7.5881053e-01 9.7280951e-01 1.1961209e+00
9.5195195e+00 7.5733308e-01 9.7152357e-01 1.1949095e+00
9.5247748e+00 7.5618317e-01 9.7018142e-01 1.1938047e+00
9.5300300e+00 7.5485177e-01 9.6864914e-01 1.1922239e+00
9.5352853e+00 7.5375851e-01 9.6721698e-01 1.1907830e+00
9.5405405e+00 7.5232982e-01 9.6591135e-01 1.1893523e+00
9.5457958e+00 7.5075116e-01 9.6435930e-01 1.1875667e+00
9.5510511e+00 7.4928360e-01 9.6279447e-01 1.1860072e+00
9.5563063e+00 7.4747112e-01 9.6114103e-01 1.1848320e+00
9.5615616e+00 7.4565685e-01 9.5924268e-01 1.1828578e+00
9.5668168e+00 7.4402462e-01 9.5738759e-01 1.1808089e+00
9.5720721e+00 7.4222805e-01 9.5549184e-01 1.1788615e+00
9.5773273e+00 7.4032663e-01 9.5410818e-01 1.1771382e+00
9.5825826e+00 7.3894134e-01 9.5249994e-01 1.1754382e+00
9.5878378e+00 7.3717195e-01 9.5075601e-01 1.1732540e+00
9.5930931e+00 7.3551841e-01 9.4875975e-01 1.1714450e+00
9.5983483e+00 7.3431353e-01 9.4673892e-01 1.1698656e+00
9.6036036e+00 7.3227030e-01 9.4470272e-01 1.1678004e+00
9.6088589e+00 7.3013937e-01 9.4265379e-01 1.1659039e+00
9.6141141e+00 7.2799300e-01 9.4038535e-01 1.1642483e+00
9.6193694e+00 7.2638701e-01 9.3812755e-01 1.1618984e+00
9.6246246e+00 7.2428592e-01 9.3633430e-01 1.1596141e+00
9.6298799e+00 7.2233438e-01 9.3402788e-01 1.1574753e+00
9.6351351e+00 7.2008853e-01 9.3189289e-01 1.1548065e+00
9.6403904e+00 7.1775604e-01 9.2950752e-01 1.1523540e+00
9.6456456e+00 7.1555315e-01 9.2721573e-01 1.1500526e+00
9.6509009e+00 7.1325096e-01 9.2464736e-01 1.1479696e+00
9.6561562e+00 7.1074771e-01 9.2224628e-01 1.1457570e+00
9.6614114e+00 7.0835149e-01 9.1982700e-01 1.1433886e+00
9.6666667e+00 7.0590344e-01 9.1733036e-01 1.1409274e+00
9.6719219e+00 7.0331845e-01 9.1446176e-01 1.1387389e+00
9.6771772e+00 7.0089578e-01 9.1211722e-01 1.1364144e+00
9.6824324e+00 6.9871020e-01 9.0954970e-01 1.1338953e+00
9.6876877e+00 6.9623205e-01 9.0687765e-01 1.1308356e+00
9.6929429e+00 6.9348794e-01 9.0429185e-01 1.1278552e+00
9.6981982e+00 6.9033333e-01 9.0147311e-01 1.1252238e+00
9.7034535e+00 6.8748960e-01 8.9871229e-01 1.1221122e+00
9.7087087e+00 6.8493019e-01 8.9591788e-01 1.1187531e+00
9.7139640e+00 6.8216641e-01 8.9284914e-01 1.1157134e+00
9.7192192e+00 6.7937559e-01 8.8994527e-01 1.1124984e+00
9.7244745e+00 6.7687993e-01 8.8720395e-01 1.1096166e+00
9.7297297e+00 6.7403539e-01 8.8443868e-01 1.1067356e+00
9.7349850e+00 6.7125620e-01 8.8133063e-01 1.1033156e+00
9.7402402e+00 6.6819013e-01 8.7807884e-01 1.0999354e+00
9.7454955e+00 6.6472015e-01 8.7487751e-01 1.0963523e+00
9.7507508e+00 6.6146708e-01 8.7176899e-01 1.0929978e+00
9.7560060e+00 6.5849062e-01 8.6825397e-01 1.0894781e+00
9.7612613e+00 6.5537283e-01 8.6512753e-01 1.0857511e+00
9.7665165e+00 6.5171036e-01 8.6175732e-01 1.0826576e+00
9.7717718e+00 6.4855138e-01 8.5860126e-01 1.0791749e+00
9.7770270e+00 6.4510464e-01 8.5508030e-01 1.0758181e+00
9.7822823e+00 6.4168247e-01 8.5177010e-01 1.0720777e+00
9.7875375e+00 6.3873443e-01 8.4804467e-01 1.0684522e+00
9.7927928e+00 6.3532720e-01 8.4430818e-01 1.0648202e+00
9.7980480e+00 6.3182508e-01 8.4094698e-01 1.0611817e+00
9.8033033e+00 6.2854826e-01 8.3731581e-01 1.0575831e+00
9.8085586e+00 6.2530648e-01 8.3383114e-01 1.0538008e+00
9.8138138e+00 6.2177750e-01 8.3021335e-01 1.0502610e+00
9.8190691e+00 6.1829293e-01 8.2618824e-01 1.0462885e+00
9.8243243e+00 6.1482386e-01 8.2252822e-01 1.0426706e+00
9.8295796e+00 6.1119139e-01 8.1875074e-01 1.0383661e+00
9.8348348e+00 6.0765503e-01 8.1471378e-01 1.0344519e+00
9.8400901e+00 6.0405725e-01 8.1092534e-01 1.0299124e+00
9.8453453e+00 6.0043428e-01 8.0700632e-01 1.0256298e+00
9.8506006e+00 5.9668143e-01 8.0298983e-01 1.0216569e+00
9.8558559e+00 5.9279738e-01 7.9904816e-01 1.0174799e+00
9.8611111e+00 5.8905345e-01 7.9473665e-01 1.0127005e+00
9.8663664e+00 5.8517184e-01 7.9054825e-01 1.0083119e+00
9.8716216e+00 5.8125282e-01 7.8642361e-01 1.0042113e+00
9.8768769e+00 5.7742914e-01 7.8190342e-01 9.9957465e-01
9.8821321e+00 5.7361927e-01 7.7741327e-01 9.9504787e-01
9.8873874e+00 5.6982389e-01 7.7326556e-01 9.9033838e-01
9.8926426e+00 5.6610476e-01 7.6887817e-01 9.8539244e-01
9.8978979e+00 5.6228430e-01 7.6429495e-01 9.8052173e-01
9.9031532e+00 5.5811588e-01 7.5985870e-01 9.7596247e-01
9.9084084e+00 5.5397782e-01 7.5524439e-01 9.7109268e-01
9.9136637e+00 5.5003405e-01 7.5079359e-01 9.6655327e-01
9.9189189e+00 5.4590533e-01 7.4627702e-01 9.6168215e-01
9.9241742e+00 5.4181644e-01 7.4147743e-01 9.5657412e-01
9.9294294e+00 5.3775086e-01 7.3713902e-01 9.5173304e-01
9.9346847e+00 5.3365348e-01 7.3256212e-01 9.4668000e-01
9.9399399e+00 5.2974914e-01 7.2799629e-01 9.4183148e-01
9.9451952e+00 5.2572127e-01 7.2281593e-01 9.3690256e-01
9.9504505e+00 5.2148063e-01 7.1818228e-01 9.3166271e-01
9.9557057e+00 5.1742628e-01 7.1344340e-01 9.2662721e-01
9.9609610e+00 5.1339898e-01 7.0871086e-01 9.2160462e-01
9.9662162e+00 5.0900741e-01 7.0398826e-01 9.1652859e-01
9.9714715e+00 5.0486840e-01 6.9909052e-01 9.1139872e-01
9.9767267e+00 5.0042460e-01 6.9441402e-01 9.0610462e-01
9.9819820e+00 4.9583696e-01 6.8944596e-01 9.0078553e-01
9.9872372e+00 4.9165005e-01 6.8456728e-01 8.9569091e-01
9.9924925e+00 4.8728550e-01 6.7950274e-01 8.9081482e-01
9.9977477e+00 4.8285089e-01 6.7435500e-01 8.8504742e-01
1.0003003e+01 4.7866506e-01 6.6946988e-01 8.7998439e-01
1.0008258e+01 4.7430778e-01 6.6448659e-01 8.7470025e-01
1.0013514e+01 4.7007218e-01 6.5919209e-01 8.6889258e-01
1.0018769e+01 4.6551426e-01 6.5402876e-01 8.6309979e-01
1.0024024e+01 4.6148327e-01 6.4879988e-01 8.5772582e-01
1.0029279e+01 4.5734703e-01 6.4383915e-01 8.5223301e-01
1.0034535e+01 4.5319515e-01 6.3891181e-01 8.4625153e-01
1.0039790e+01 4.4884695e-01 6.3389671e-01 8.4045195e-01
1.0045045e+01 4.4475564e-01 6.2881074e-01 8.3478148e-01
1.0050300e+01 4.4031360e-01 6.2335970e-01 8.2889891e-01
1.0055556e+01 4.3590071e-01 6.1836617e-01 8.2303162e-01
1.0060811e+01 4.3144772e-01 6.1318339e-01 8.1707691e-01
1.0066066e+01 4.2705749e-01 6.0785073e-01 8.1080672e-01
1.0071321e+01 4.2285107e-01 6.0285246e-01 8.0469684e-01
1.0076577e+01 4.1876132e-01 5.9740764e-01 7.9883939e-01
1.0081832e+01 4.1397196e-01 5.9197826e-01 7.9251846e-01
1.0087087e+01 4.1009615e-01 5.8668249e-01 7.8635645e-01
1.0092342e+01 4.0565521e-01 5.8146338e-01 7.8011627e-01
1.0097598e+01 4.0127879e-01 5.7601285e-01 7.7424151e-01
1.0102853e+01 3.9684206e-01 5.7067305e-01 7.6846937e-01
1.0108108e+01 3.9261104e-01 5.6538815e-01 7.6248503e-01
1.0113363e+01 3.8802129e-01 5.6012371e-01 7.5663614e-01
1.0118619e+01 3.8362997e-01 5.5483804e-01 7.5079132e-01
1.0123874e+01 3.7910717e-01 5.4939799e-01 7.4468555e-01
1.0129129e+01 3.7475080e-01 5.4428091e-01 7.3864556e-01
1.0134384e+01 3.7043785e-01 5.3894918e-01 7.3248276e-01
1.0139640e+01 3.6628275e-01 5.3359309e-01 7.2612648e-01
1.0144895e+01 3.6206757e-01 5.2849099e-01 7.1986283e-01
1.0150150e+01 3.5756629e-01 5.2311362e-01 7.1354527e-01
1.0155405e+01 3.5332898e-01 5.1793535e-01 7.0715032e-01
1.0160661e+01 3.4903994e-01 5.1278775e-01 7.0060918e-01
1.0165916e+01 3.4477551e-01 5.0763829e-01 6.9450603e-01
1.0171171e+01 3.4049610e-01 5.0232878e-01 6.8799728e-01
1.0176426e+01 3.3609314e-01 4.9700548e-01 6.8191316e-01
1.0181682e+01 3.3178030e-01 4.9170353e-01 6.7552427e-01
1.0186937e+01 3.2767082e-01 4.8645286e-01 6.6897532e-01
1.0192192e+01 3.2354954e-01 4.8115768e-01 6.6266273e-01
1.0197447e+01 3.1937667e-01 4.7595919e-01 6.5661403e-01
1.0202703e+01 3.1520855e-01 4.7090537e-01 6.5023154e-01
1.0207958e+01 3.1119355e-01 4.6548722e-01 6.4383867e-01
1.0213213e+01 3.0695032e-01 4.6036933e-01 6.3774521e-01
1.0218468e+01 3.0304499e-01 4.5502167e-01 6.3144346e-01
1.0223724e+01 2.9897372e-01 4.4985889e-01 6.2493503e-01
1.0228979e+01 2.9490630e-01 4.4457204e-01 6.1868021e-01
1.0234234e+01 2.9098519e-01 4.3940242e-01 6.1241142e-01
1.0239489e+01 2.8693893e-01 4.3421870e-01 6.0624605e-01
1.0244745e+01 2.8302240e-01 4.2879481e-01 6.0024180e-01
1.0250000e+01 2.7900758e-01 4.2365830e-01 5.9428812e-01
