X KDE_INF KDE_MED KDE_SUP
0.0000000e+00 7.2686567e-01 7.7009270e-01 8.1130213e-01
3.0030030e-03 7.3398113e-01 7.7713530e-01 8.1817220e-01
6.0060060e-03 7.4100140e-01 7.8411070e-01 8.2498387e-01
9.0090090e-03 7.4798508e-01 7.9100645e-01 8.3180583e-01
1.2012012e-02 7.5490553e-01 7.9783588e-01 8.3856897e-01
1.5015015e-02 7.6175903e-01 8.0464428e-01 8.4513829e-01
1.8018018e-02 7.6863292e-01 8.1138573e-01 8.5163777e-01
2.1021021e-02 7.7544364e-01 8.1802635e-01 8.5809236e-01
2.4024024e-02 7.8206363e-01 8.2459817e-01 8.6441922e-01
2.7027027e-02 7.8867559e-01 8.3100262e-01 8.7066141e-01
3.0030030e-02 7.9520500e-01 8.3741034e-01 8.7684824e-01
3.3033033e-02 8.0171596e-01 8.4372632e-01 8.8289054e-01
3.6036036e-02 8.0807222e-01 8.4987438e-01 8.8886059e-01
3.9039039e-02 8.1434792e-01 8.5599858e-01 8.9471426e-01
4.2042042e-02 8.2051370e-01 8.6203104e-01 9.0038513e-01
4.5045045e-02 8.2664220e-01 8.6794319e-01 9.0607294e-01
4.8048048e-02 8.3263149e-01 8.7376080e-01 9.1150774e-01
5.1051051e-02 8.3860987e-01 8.7950245e-01 9.1697202e-01
5.4054054e-02 8.4436733e-01 8.8511095e-01 9.2224954e-01
5.7057057e-02 8.5004616e-01 8.9055058e-01 9.2743986e-01
6.0060060e-02 8.5573759e-01 8.9592594e-01 9.3251070e-01
6.3063063e-02 8.6120169e-01 9.0117168e-01 9.3755481e-01
6.6066066e-02 8.6660806e-01 9.0635127e-01 9.4248383e-01
6.9069069e-02 8.7197954e-01 9.1133850e-01 9.4725511e-01
7.2072072e-02 8.7713308e-01 9.1627439e-01 9.5196458e-01
7.5075075e-02 8.8224181e-01 9.2107306e-01 9.5640078e-01
7.8078078e-02 8.8715672e-01 9.2582084e-01 9.6074165e-01
8.1081081e-02 8.9200394e-01 9.3030578e-01 9.6492529e-01
8.4084084e-02 8.9662186e-01 9.3472208e-01 9.6899873e-01
8.7087087e-02 9.0120756e-01 9.3900578e-01 9.7300229e-01
9.0090090e-02 9.0563890e-01 9.4308108e-01 9.7677676e-01
9.3093093e-02 9.1001108e-01 9.4717533e-01 9.8038457e-01
9.6096096e-02 9.1413408e-01 9.5105635e-01 9.8393333e-01
9.9099099e-02 9.1812568e-01 9.5482475e-01 9.8729283e-01
1.0210210e-01 9.2206419e-01 9.5838380e-01 9.9062127e-01
1.0510511e-01 9.2584182e-01 9.6189283e-01 9.9369363e-01
1.0810811e-01 9.2941258e-01 9.6522348e-01 9.9662331e-01
1.1111111e-01 9.3290404e-01 9.6843005e-01 9.9940298e-01
1.1411411e-01 9.3615855e-01 9.7144980e-01 1.0021432e+00
1.1711712e-01 9.3932192e-01 9.7432699e-01 1.0047170e+00
1.2012012e-01 9.4234163e-01 9.7701944e-01 1.0071475e+00
1.2312312e-01 9.4529477e-01 9.7958804e-01 1.0093650e+00
1.2612613e-01 9.4793450e-01 9.8208289e-01 1.0115316e+00
1.2912913e-01 9.5053538e-01 9.8442698e-01 1.0135203e+00
1.3213213e-01 9.5300800e-01 9.8655254e-01 1.0153732e+00
1.3513514e-01 9.5530531e-01 9.8847593e-01 1.0170163e+00
1.3813814e-01 9.5746575e-01 9.9029668e-01 1.0186094e+00
1.4114114e-01 9.5940876e-01 9.9193923e-01 1.0201577e+00
1.4414414e-01 9.6120206e-01 9.9347542e-01 1.0215063e+00
1.4714715e-01 9.6273518e-01 9.9476145e-01 1.0226165e+00
1.5015015e-01 9.6429254e-01 9.9603050e-01 1.0236772e+00
1.5315315e-01 9.6555852e-01 9.9710940e-01 1.0245523e+00
1.5615616e-01 9.6663318e-01 9.9798313e-01 1.0252354e+00
1.5915916e-01 9.6756385e-01 9.9866139e-01 1.0257619e+00
1.6216216e-01 9.6839879e-01 9.9915407e-01 1.0262206e+00
1.6516517e-01 9.6897249e-01 9.9954917e-01 1.0264489e+00
1.6816817e-01 9.6938788e-01 9.9983118e-01 1.0265989e+00
1.7117117e-01 9.6972284e-01 1.0000000e+00 1.0266115e+00
1.7417417e-01 9.6987561e-01 9.9997364e-01 1.0265042e+00
1.7717718e-01 9.6974144e-01 9.9984392e-01 1.0261656e+00
1.8018018e-01 9.6949808e-01 9.9945775e-01 1.0256282e+00
1.8318318e-01 9.6897482e-01 9.9887821e-01 1.0250500e+00
1.8618619e-01 9.6839245e-01 9.9816505e-01 1.0242791e+00
1.8918919e-01 9.6756250e-01 9.9734259e-01 1.0234119e+00
1.9219219e-01 9.6661522e-01 9.9629024e-01 1.0224023e+00
1.9519520e-01 9.6554556e-01 9.9518784e-01 1.0211978e+00
1.9819820e-01 9.6423208e-01 9.9393111e-01 1.0199446e+00
2.0120120e-01 9.6285543e-01 9.9248949e-01 1.0184687e+00
2.0420420e-01 9.6129053e-01 9.9090380e-01 1.0169088e+00
2.0720721e-01 9.5944168e-01 9.8910344e-01 1.0151853e+00
2.1021021e-01 9.5746574e-01 9.8721109e-01 1.0133472e+00
2.1321321e-01 9.5526141e-01 9.8511209e-01 1.0113485e+00
2.1621622e-01 9.5299386e-01 9.8291969e-01 1.0092376e+00
2.1921922e-01 9.5048085e-01 9.8057376e-01 1.0070432e+00
2.2222222e-01 9.4781128e-01 9.7810431e-01 1.0047061e+00
2.2522523e-01 9.4503688e-01 9.7549053e-01 1.0022579e+00
2.2822823e-01 9.4217421e-01 9.7269691e-01 9.9964702e-01
2.3123123e-01 9.3901532e-01 9.6979389e-01 9.9692919e-01
2.3423423e-01 9.3579416e-01 9.6669422e-01 9.9409676e-01
2.3723724e-01 9.3248288e-01 9.6348898e-01 9.9115850e-01
2.4024024e-01 9.2891725e-01 9.6016728e-01 9.8807196e-01
2.4324324e-01 9.2515355e-01 9.5674360e-01 9.8483585e-01
2.4624625e-01 9.2151269e-01 9.5315721e-01 9.8141906e-01
2.4924925e-01 9.1752083e-01 9.4939608e-01 9.7788341e-01
2.5225225e-01 9.1337341e-01 9.4546368e-01 9.7432469e-01
2.5525526e-01 9.0925669e-01 9.4143987e-01 9.7060434e-01
2.5825826e-01 9.0484720e-01 9.3731894e-01 9.6680918e-01
2.6126126e-01 9.0042504e-01 9.3297641e-01 9.6290022e-01
2.6426426e-01 8.9572418e-01 9.2860355e-01 9.5876602e-01
2.6726727e-01 8.9097200e-01 9.2402821e-01 9.5459535e-01
2.7027027e-01 8.8614791e-01 9.1939665e-01 9.5024579e-01
2.7327327e-01 8.8117286e-01 9.1458058e-01 9.4579206e-01
2.7627628e-01 8.7604976e-01 9.0970502e-01 9.4122897e-01
2.7927928e-01 8.7079136e-01 9.0470986e-01 9.3659153e-01
2.8228228e-01 8.6538734e-01 8.9965027e-01 9.3181778e-01
2.8528529e-01 8.5984010e-01 8.9449525e-01 9.2692678e-01
2.8828829e-01 8.5432148e-01 8.8916174e-01 9.2196357e-01
2.9129129e-01 8.4868802e-01 8.8370891e-01 9.1688975e-01
2.9429429e-01 8.4288728e-01 8.7817765e-01 9.1163789e-01
2.9729730e-01 8.3701887e-01 8.7255738e-01 9.0638729e-01
3.0030030e-01 8.3117503e-01 8.6684414e-01 9.0097975e-01
3.0330330e-01 8.2505084e-01 8.6108070e-01 8.9548115e-01
3.0630631e-01 8.1898972e-01 8.5518554e-01 8.8989807e-01
3.0930931e-01 8.1276789e-01 8.4919521e-01 8.8421939e-01
3.1231231e-01 8.0645445e-01 8.4313840e-01 8.7848708e-01
3.1531532e-01 8.0004373e-01 8.3695638e-01 8.7263963e-01
3.1831832e-01 7.9357775e-01 8.3071898e-01 8.6666334e-01
3.2132132e-01 7.8704944e-01 8.2440632e-01 8.6068623e-01
3.2432432e-01 7.8047414e-01 8.1797818e-01 8.5452734e-01
3.2732733e-01 7.7379105e-01 8.1155810e-01 8.4829796e-01
3.3033033e-01 7.6706270e-01 8.0502341e-01 8.4198231e-01
3.3333333e-01 7.6029859e-01 7.9843855e-01 8.3565557e-01
3.3633634e-01 7.5349770e-01 7.9173381e-01 8.2925851e-01
3.3933934e-01 7.4663260e-01 7.8497240e-01 8.2274522e-01
3.4234234e-01 7.3971006e-01 7.7820465e-01 8.1616447e-01
3.4534535e-01 7.3268986e-01 7.7137589e-01 8.0960828e-01
3.4834835e-01 7.2558332e-01 7.6450762e-01 8.0290689e-01
3.5135135e-01 7.1849212e-01 7.5755897e-01 7.9620638e-01
3.5435435e-01 7.1134946e-01 7.5059457e-01 7.8951121e-01
3.5735736e-01 7.0414771e-01 7.4353341e-01 7.8265113e-01
3.6036036e-01 6.9697781e-01 7.3637974e-01 7.7582868e-01
3.6336336e-01 6.8970101e-01 7.2928685e-01 7.6886451e-01
3.6636637e-01 6.8239296e-01 7.2211645e-01 7.6191845e-01
3.6936937e-01 6.7507996e-01 7.1497104e-01 7.5484089e-01
3.7237237e-01 6.6773281e-01 7.0775819e-01 7.4773607e-01
3.7537538e-01 6.6040394e-01 7.0048249e-01 7.4060267e-01
3.7837838e-01 6.5301057e-01 6.9314760e-01 7.3338371e-01
3.8138138e-01 6.4560175e-01 6.8579983e-01 7.2613402e-01
3.8438438e-01 6.3810816e-01 6.7840824e-01 7.1891428e-01
3.8738739e-01 6.3066356e-01 6.7106356e-01 7.1172227e-01
3.9039039e-01 6.2320866e-01 6.6374993e-01 7.0436419e-01
3.9339339e-01 6.1577612e-01 6.5635563e-01 6.9699634e-01
3.9639640e-01 6.0830214e-01 6.4893811e-01 6.8961981e-01
3.9939940e-01 6.0078634e-01 6.4152440e-01 6.8232128e-01
4.0240240e-01 5.9336560e-01 6.3405196e-01 6.7497797e-01
4.0540541e-01 5.8589168e-01 6.2666195e-01 6.6756442e-01
4.0840841e-01 5.7837858e-01 6.1914212e-01 6.6010480e-01
4.1141141e-01 5.7089127e-01 6.1167631e-01 6.5266927e-01
4.1441441e-01 5.6340917e-01 6.0419860e-01 6.4528789e-01
4.1741742e-01 5.5596315e-01 5.9671961e-01 6.3780561e-01
4.2042042e-01 5.4853806e-01 5.8922994e-01 6.3032213e-01
4.2342342e-01 5.4107747e-01 5.8183202e-01 6.2286741e-01
4.2642643e-01 5.3371193e-01 5.7436034e-01 6.1545300e-01
4.2942943e-01 5.2636192e-01 5.6691363e-01 6.0800915e-01
4.3243243e-01 5.1895242e-01 5.5950793e-01 6.0049274e-01
4.3543544e-01 5.1159727e-01 5.5209046e-01 5.9301096e-01
4.3843844e-01 5.0426786e-01 5.4475614e-01 5.8563390e-01
4.4144144e-01 4.9700584e-01 5.3734265e-01 5.7826184e-01
4.4444444e-01 4.8977232e-01 5.3004600e-01 5.7082939e-01
4.4744745e-01 4.8260236e-01 5.2270243e-01 5.6343700e-01
4.5045045e-01 4.7539157e-01 5.1538121e-01 5.5615623e-01
4.5345345e-01 4.6824217e-01 5.0810365e-01 5.4883901e-01
4.5645646e-01 4.6114338e-01 5.0087519e-01 5.4149320e-01
4.5945946e-01 4.5408817e-01 4.9366370e-01 5.3426901e-01
4.6246246e-01 4.4707036e-01 4.8648194e-01 5.2703908e-01
4.6546547e-01 4.4005522e-01 4.7929601e-01 5.1985316e-01
4.6846847e-01 4.3314755e-01 4.7224141e-01 5.1262797e-01
4.7147147e-01 4.2627640e-01 4.6517161e-01 5.0542940e-01
4.7447447e-01 4.1939789e-01 4.5816126e-01 4.9825376e-01
4.7747748e-01 4.1262497e-01 4.5117075e-01 4.9107210e-01
4.8048048e-01 4.0585474e-01 4.4423700e-01 4.8393742e-01
4.8348348e-01 3.9918721e-01 4.3737588e-01 4.7695891e-01
4.8648649e-01 3.9252817e-01 4.3051437e-01 4.7000608e-01
4.8948949e-01 3.8596865e-01 4.2367664e-01 4.6308143e-01
4.9249249e-01 3.7943295e-01 4.1691474e-01 4.5607608e-01
4.9549550e-01 3.7292992e-01 4.1014555e-01 4.4913667e-01
4.9849850e-01 3.6652348e-01 4.0353669e-01 4.4233503e-01
5.0150150e-01 3.6007133e-01 3.9697356e-01 4.3554280e-01
5.0450450e-01 3.5372214e-01 3.9040067e-01 4.2876955e-01
5.0750751e-01 3.4741637e-01 3.8387752e-01 4.2200757e-01
5.1051051e-01 3.4112834e-01 3.7744966e-01 4.1537970e-01
5.1351351e-01 3.3496838e-01 3.7096648e-01 4.0882344e-01
5.1651652e-01 3.2891908e-01 3.6467949e-01 4.0224845e-01
5.1951952e-01 3.2300433e-01 3.5840639e-01 3.9576964e-01
5.2252252e-01 3.1703547e-01 3.5217044e-01 3.8934313e-01
5.2552553e-01 3.1109447e-01 3.4600640e-01 3.8294070e-01
5.2852853e-01 3.0530975e-01 3.3996028e-01 3.7664276e-01
5.3153153e-01 2.9956265e-01 3.3392428e-01 3.7039711e-01
5.3453453e-01 2.9382721e-01 3.2793629e-01 3.6417462e-01
5.3753754e-01 2.8812432e-01 3.2202031e-01 3.5803292e-01
5.4054054e-01 2.8253842e-01 3.1615969e-01 3.5193960e-01
5.4354354e-01 2.7708712e-01 3.1031274e-01 3.4591804e-01
5.4654655e-01 2.7163808e-01 3.0452088e-01 3.3997482e-01
5.4954955e-01 2.6626443e-01 2.9886306e-01 3.3406631e-01
5.5255255e-01 2.6096136e-01 2.9327193e-01 3.2819990e-01
5.5555556e-01 2.5566371e-01 2.8774773e-01 3.2249079e-01
5.5855856e-01 2.5049192e-01 2.8229561e-01 3.1682732e-01
5.6156156e-01 2.4539136e-01 2.7688822e-01 3.1114303e-01
5.6456456e-01 2.4035098e-01 2.7147848e-01 3.0553014e-01
5.6756757e-01 2.3538107e-01 2.6621609e-01 2.9992844e-01
5.7057057e-01 2.3046114e-01 2.6103354e-01 2.9439480e-01
5.7357357e-01 2.2568128e-01 2.5591443e-01 2.8895438e-01
5.7657658e-01 2.2094340e-01 2.5084495e-01 2.8366287e-01
5.7957958e-01 2.1628327e-01 2.4582371e-01 2.7835527e-01
5.8258258e-01 2.1166218e-01 2.4087524e-01 2.7313368e-01
5.8558559e-01 2.0713408e-01 2.3599131e-01 2.6794015e-01
5.8858859e-01 2.0267247e-01 2.3120063e-01 2.6289323e-01
5.9159159e-01 1.9821768e-01 2.2646722e-01 2.5792237e-01
5.9459459e-01 1.9383543e-01 2.2175487e-01 2.5297393e-01
5.9759760e-01 1.8952609e-01 2.1714521e-01 2.4813137e-01
6.0060060e-01 1.8532283e-01 2.1260027e-01 2.4333662e-01
6.0360360e-01 1.8118864e-01 2.0811461e-01 2.3856105e-01
6.0660661e-01 1.7712236e-01 2.0369101e-01 2.3388238e-01
6.0960961e-01 1.7311988e-01 1.9936558e-01 2.2928861e-01
6.1261261e-01 1.6913143e-01 1.9509087e-01 2.2474690e-01
6.1561562e-01 1.6526564e-01 1.9090416e-01 2.2027588e-01
6.1861862e-01 1.6141014e-01 1.8680309e-01 2.1594036e-01
6.2162162e-01 1.5764075e-01 1.8274112e-01 2.1166000e-01
6.2462462e-01 1.5391567e-01 1.7872134e-01 2.0737271e-01
6.2762763e-01 1.5027902e-01 1.7475650e-01 2.0317975e-01
6.3063063e-01 1.4670188e-01 1.7085749e-01 1.9902999e-01
6.3363363e-01 1.4319690e-01 1.6705223e-01 1.9500929e-01
6.3663664e-01 1.3973198e-01 1.6329637e-01 1.9103672e-01
6.3963964e-01 1.3636916e-01 1.5956448e-01 1.8710579e-01
6.4264264e-01 1.3304931e-01 1.5598485e-01 1.8324379e-01
6.4564565e-01 1.2979716e-01 1.5243773e-01 1.7945580e-01
6.4864865e-01 1.2659464e-01 1.4894873e-01 1.7574066e-01
6.5165165e-01 1.2346679e-01 1.4552328e-01 1.7202810e-01
6.5465465e-01 1.2038533e-01 1.4218687e-01 1.6842294e-01
6.5765766e-01 1.1733243e-01 1.3889473e-01 1.6489410e-01
6.6066066e-01 1.1439065e-01 1.3563991e-01 1.6138250e-01
6.6366366e-01 1.1149059e-01 1.3246855e-01 1.5800785e-01
6.6666667e-01 1.0864183e-01 1.2933248e-01 1.5462645e-01
6.6966967e-01 1.0586647e-01 1.2625689e-01 1.5127096e-01
6.7267267e-01 1.0316131e-01 1.2328268e-01 1.4805863e-01
6.7567568e-01 1.0051838e-01 1.2035294e-01 1.4491931e-01
6.7867868e-01 9.7906451e-02 1.1745604e-01 1.4180369e-01
6.8168168e-01 9.5342764e-02 1.1463544e-01 1.3869409e-01
6.8468468e-01 9.2814734e-02 1.1182292e-01 1.3567554e-01
6.8768769e-01 9.0318486e-02 1.0910928e-01 1.3272527e-01
6.9069069e-01 8.7913369e-02 1.0643031e-01 1.2984148e-01
6.9369369e-01 8.5583460e-02 1.0379518e-01 1.2702960e-01
6.9669670e-01 8.3266315e-02 1.0121161e-01 1.2431099e-01
6.9969970e-01 8.1007400e-02 9.8693311e-02 1.2157512e-01
7.0270270e-01 7.8798942e-02 9.6251722e-02 1.1891132e-01
7.0570571e-01 7.6633876e-02 9.3858618e-02 1.1629608e-01
7.0870871e-01 7.4520642e-02 9.1465744e-02 1.1370390e-01
7.1171171e-01 7.2480441e-02 8.9161458e-02 1.1119060e-01
7.1471471e-01 7.0467482e-02 8.6885577e-02 1.0876198e-01
7.1771772e-01 6.8492218e-02 8.4695300e-02 1.0635268e-01
7.2072072e-01 6.6561859e-02 8.2518537e-02 1.0402798e-01
7.2372372e-01 6.4670260e-02 8.0385690e-02 1.0177389e-01
7.2672673e-01 6.2820179e-02 7.8299752e-02 9.9496382e-02
7.2972973e-01 6.1027901e-02 7.6256842e-02 9.7338142e-02
7.3273273e-01 5.9277087e-02 7.4251390e-02 9.5182472e-02
7.3573574e-01 5.7568090e-02 7.2261541e-02 9.3064835e-02
7.3873874e-01 5.5886840e-02 7.0378789e-02 9.1079528e-02
7.4174174e-01 5.4244486e-02 6.8522119e-02 8.9101464e-02
7.4474474e-01 5.2660644e-02 6.6719179e-02 8.7165391e-02
7.4774775e-01 5.1100822e-02 6.4948210e-02 8.5222847e-02
7.5075075e-01 4.9608835e-02 6.3223290e-02 8.3333950e-02
7.5375375e-01 4.8134724e-02 6.1515543e-02 8.1487926e-02
7.5675676e-01 4.6713746e-02 5.9865577e-02 7.9778307e-02
7.5975976e-01 4.5278838e-02 5.8260347e-02 7.8054300e-02
7.6276276e-01 4.3893463e-02 5.6682173e-02 7.6345716e-02
7.6576577e-01 4.2543682e-02 5.5140405e-02 7.4713481e-02
7.6876877e-01 4.1234874e-02 5.3626487e-02 7.3055320e-02
7.7177177e-01 3.9965311e-02 5.2150484e-02 7.1501361e-02
7.7477477e-01 3.8723978e-02 5.0708208e-02 7.0003699e-02
7.7777778e-01 3.7504592e-02 4.9286019e-02 6.8584053e-02
7.8078078e-01 3.6323430e-02 4.7927593e-02 6.7126916e-02
7.8378378e-01 3.5180863e-02 4.6612582e-02 6.5763835e-02
7.8678679e-01 3.4059741e-02 4.5334384e-02 6.4392662e-02
7.8978979e-01 3.2970035e-02 4.4074038e-02 6.3056362e-02
7.9279279e-01 3.1906675e-02 4.2835161e-02 6.1781465e-02
7.9579580e-01 3.0873253e-02 4.1665358e-02 6.0501608e-02
7.9879880e-01 2.9875666e-02 4.0502300e-02 5.9285187e-02
8.0180180e-01 2.8906118e-02 3.9378941e-02 5.8094554e-02
8.0480480e-01 2.7955725e-02 3.8262991e-02 5.6909238e-02
8.0780781e-01 2.7039386e-02 3.7186432e-02 5.5801048e-02
8.1081081e-01 2.6151677e-02 3.6127690e-02 5.4679432e-02
8.1381381e-01 2.5282368e-02 3.5113330e-02 5.3623134e-02
8.1681682e-01 2.4446501e-02 3.4118180e-02 5.2608641e-02
8.1981982e-01 2.3634039e-02 3.3135244e-02 5.1560605e-02
8.2282282e-01 2.2837901e-02 3.2170293e-02 5.0565894e-02
8.2582583e-01 2.2069998e-02 3.1235468e-02 4.9618759e-02
8.2882883e-01 2.1319939e-02 3.0326640e-02 4.8733555e-02
8.3183183e-01 2.0598193e-02 2.9439214e-02 4.7814777e-02
8.3483483e-01 1.9902013e-02 2.8573570e-02 4.6870053e-02
8.3783784e-01 1.9217399e-02 2.7729856e-02 4.5920949e-02
8.4084084e-01 1.8550671e-02 2.6898509e-02 4.5065486e-02
8.4384384e-01 1.7909452e-02 2.6113879e-02 4.4248597e-02
8.4684685e-01 1.7285989e-02 2.5342417e-02 4.3442791e-02
8.4984985e-01 1.6676728e-02 2.4598889e-02 4.2601762e-02
8.5285285e-01 1.6095523e-02 2.3861889e-02 4.1837236e-02
8.5585586e-01 1.5528697e-02 2.3139215e-02 4.1072686e-02
8.5885886e-01 1.4975468e-02 2.2431066e-02 4.0315203e-02
8.6186186e-01 1.4442817e-02 2.1740762e-02 3.9584583e-02
8.6486486e-01 1.3925570e-02 2.1076260e-02 3.8907498e-02
8.6786787e-01 1.3426672e-02 2.0423993e-02 3.8235383e-02
8.7087087e-01 1.2950052e-02 1.9799960e-02 3.7559717e-02
8.7387387e-01 1.2483196e-02 1.9193892e-02 3.6941049e-02
8.7687688e-01 1.2028917e-02 1.8607970e-02 3.6321957e-02
8.7987988e-01 1.1591132e-02 1.8036704e-02 3.5723786e-02
8.8288288e-01 1.1160229e-02 1.7477119e-02 3.5130616e-02
8.8588589e-01 1.0752428e-02 1.6931707e-02 3.4613397e-02
8.8888889e-01 1.0354426e-02 1.6393206e-02 3.4115850e-02
8.9189189e-01 9.9677210e-03 1.5885431e-02 3.3605592e-02
8.9489489e-01 9.5948277e-03 1.5387674e-02 3.3107105e-02
8.9789790e-01 9.2327334e-03 1.4911107e-02 3.2603143e-02
9.0090090e-01 8.8874291e-03 1.4440820e-02 3.2097844e-02
9.0390390e-01 8.5527951e-03 1.3997286e-02 3.1624666e-02
9.0690691e-01 8.2269415e-03 1.3556873e-02 3.1208993e-02
9.0990991e-01 7.9140772e-03 1.3133856e-02 3.0759292e-02
9.1291291e-01 7.6115436e-03 1.2713226e-02 3.0284715e-02
9.1591592e-01 7.3192036e-03 1.2311873e-02 2.9860518e-02
9.1891892e-01 7.0345849e-03 1.1923810e-02 2.9449682e-02
9.2192192e-01 6.7636479e-03 1.1546950e-02 2.9064666e-02
9.2492492e-01 6.5025917e-03 1.1190850e-02 2.8663873e-02
9.2792793e-01 6.2487876e-03 1.0839462e-02 2.8294112e-02
9.3093093e-01 6.0022687e-03 1.0490537e-02 2.7962150e-02
9.3393393e-01 5.7646855e-03 1.0159985e-02 2.7603415e-02
9.3693694e-01 5.5356876e-03 9.8339806e-03 2.7260125e-02
9.3993994e-01 5.3149939e-03 9.5114002e-03 2.6918075e-02
9.4294294e-01 5.1043990e-03 9.2182699e-03 2.6534104e-02
9.4594595e-01 4.9002447e-03 8.9272488e-03 2.6213260e-02
9.4894895e-01 4.7035596e-03 8.6475024e-03 2.5891303e-02
9.5195195e-01 4.5165132e-03 8.3578527e-03 2.5628076e-02
9.5495495e-01 4.3357261e-03 8.0944890e-03 2.5345188e-02
9.5795796e-01 4.1613842e-03 7.8314181e-03 2.5038281e-02
9.6096096e-01 3.9913084e-03 7.5845396e-03 2.4761903e-02
9.6396396e-01 3.8282076e-03 7.3433265e-03 2.4426682e-02
9.6696697e-01 3.6681469e-03 7.1088471e-03 2.4166903e-02
9.6996997e-01 3.5173197e-03 6.8695714e-03 2.3931859e-02
9.7297297e-01 3.3756358e-03 6.6427219e-03 2.3697113e-02
9.7597598e-01 3.2363628e-03 6.4303996e-03 2.3473639e-02
9.7897898e-01 3.1011528e-03 6.2248987e-03 2.3295371e-02
9.8198198e-01 2.9703761e-03 6.0248369e-03 2.3060913e-02
9.8498498e-01 2.8440749e-03 5.8277622e-03 2.2848924e-02
9.8798799e-01 2.7254021e-03 5.6447833e-03 2.2641585e-02
9.9099099e-01 2.6106946e-03 5.4693539e-03 2.2448467e-02
9.9399399e-01 2.5020185e-03 5.2972691e-03 2.2261830e-02
9.9699700e-01 2.3963862e-03 5.1313687e-03 2.2101138e-02
1.0000000e+00 2.2934580e-03 4.9767898e-03 2.1942461e-02
1.0030030e+00 2.1948544e-03 4.8198230e-03 2.1739033e-02
1.0060060e+00 2.1003433e-03 4.6728514e-03 2.1611246e-02
1.0090090e+00 2.0103278e-03 4.5303146e-03 2.1462467e-02
1.0120120e+00 1.9231719e-03 4.3939866e-03 2.1295131e-02
1.0150150e+00 1.8396579e-03 4.2545364e-03 2.1140186e-02
1.0180180e+00 1.7604274e-03 4.1257684e-03 2.1012877e-02
1.0210210e+00 1.6831110e-03 4.0014915e-03 2.0892794e-02
1.0240240e+00 1.6105344e-03 3.8777038e-03 2.0776480e-02
1.0270270e+00 1.5390978e-03 3.7658924e-03 2.0660715e-02
1.0300300e+00 1.4723066e-03 3.6583289e-03 2.0562184e-02
1.0330330e+00 1.4081125e-03 3.5509272e-03 2.0460130e-02
1.0360360e+00 1.3449620e-03 3.4526770e-03 2.0352393e-02
1.0390390e+00 1.2855100e-03 3.3506496e-03 2.0249962e-02
1.0420420e+00 1.2298537e-03 3.2510598e-03 2.0136188e-02
1.0450450e+00 1.1753469e-03 3.1462228e-03 2.0069131e-02
1.0480480e+00 1.1227691e-03 3.0493186e-03 1.9999360e-02
1.0510511e+00 1.0720059e-03 2.9658417e-03 1.9931974e-02
1.0540541e+00 1.0234285e-03 2.8839618e-03 1.9850109e-02
1.0570571e+00 9.7708652e-04 2.8010165e-03 1.9778218e-02
1.0600601e+00 9.3369993e-04 2.7138341e-03 1.9715821e-02
1.0630631e+00 8.9190054e-04 2.6415424e-03 1.9660803e-02
1.0660661e+00 8.5138990e-04 2.5709420e-03 1.9600594e-02
1.0690691e+00 8.1247720e-04 2.5022980e-03 1.9530963e-02
1.0720721e+00 7.7569543e-04 2.4393961e-03 1.9481123e-02
1.0750751e+00 7.3964944e-04 2.3734344e-03 1.9424031e-02
1.0780781e+00 7.0548967e-04 2.3178968e-03 1.9365260e-02
1.0810811e+00 6.7273272e-04 2.2496874e-03 1.9328334e-02
1.0840841e+00 6.4205850e-04 2.1882716e-03 1.9283521e-02
1.0870871e+00 6.1316617e-04 2.1293888e-03 1.9239870e-02
1.0900901e+00 5.8492741e-04 2.0710349e-03 1.9211130e-02
1.0930931e+00 5.5775189e-04 2.0182608e-03 1.9146002e-02
1.0960961e+00 5.3136239e-04 1.9697464e-03 1.9100448e-02
1.0990991e+00 5.0631180e-04 1.9298686e-03 1.9053495e-02
1.1021021e+00 4.8263953e-04 1.8866611e-03 1.8992221e-02
1.1051051e+00 4.5981251e-04 1.8495343e-03 1.8946884e-02
1.1081081e+00 4.3820778e-04 1.8038843e-03 1.8902761e-02
1.1111111e+00 4.1745672e-04 1.7711461e-03 1.8881266e-02
1.1141141e+00 3.9795701e-04 1.7320773e-03 1.8847694e-02
1.1171171e+00 3.7875992e-04 1.6936726e-03 1.8835413e-02
1.1201201e+00 3.6042733e-04 1.6589811e-03 1.8794188e-02
1.1231231e+00 3.4322873e-04 1.6190699e-03 1.8764391e-02
1.1261261e+00 3.2687452e-04 1.5920736e-03 1.8745923e-02
1.1291291e+00 3.1104038e-04 1.5563442e-03 1.8705805e-02
1.1321321e+00 2.9627782e-04 1.5172979e-03 1.8660490e-02
1.1351351e+00 2.8197364e-04 1.4892545e-03 1.8597761e-02
1.1381381e+00 2.6855609e-04 1.4587310e-03 1.8548751e-02
1.1411411e+00 2.5588655e-04 1.4374106e-03 1.8492934e-02
1.1441441e+00 2.4368339e-04 1.4177973e-03 1.8450142e-02
1.1471471e+00 2.3167167e-04 1.3930724e-03 1.8415529e-02
1.1501502e+00 2.2030181e-04 1.3669984e-03 1.8369568e-02
1.1531532e+00 2.0949161e-04 1.3449360e-03 1.8348850e-02
1.1561562e+00 1.9936581e-04 1.3230337e-03 1.8303253e-02
1.1591592e+00 1.8937326e-04 1.3013836e-03 1.8258112e-02
1.1621622e+00 1.7986360e-04 1.2805148e-03 1.8244748e-02
1.1651652e+00 1.7111420e-04 1.2627950e-03 1.8217638e-02
1.1681682e+00 1.6262681e-04 1.2449170e-03 1.8185028e-02
1.1711712e+00 1.5459820e-04 1.2262481e-03 1.8157841e-02
1.1741742e+00 1.4683727e-04 1.2064883e-03 1.8107518e-02
1.1771772e+00 1.3953882e-04 1.1881464e-03 1.8056154e-02
1.1801802e+00 1.3254479e-04 1.1792274e-03 1.8022742e-02
1.1831832e+00 1.2597218e-04 1.1559768e-03 1.7982854e-02
1.1861862e+00 1.1958762e-04 1.1465974e-03 1.7955167e-02
1.1891892e+00 1.1359965e-04 1.1349964e-03 1.7913701e-02
1.1921922e+00 1.0791915e-04 1.1247985e-03 1.7890463e-02
1.1951952e+00 1.0225426e-04 1.1135839e-03 1.7864045e-02
1.1981982e+00 9.6909131e-05 1.0989760e-03 1.7838903e-02
1.2012012e+00 9.1904585e-05 1.0878553e-03 1.7803472e-02
1.2042042e+00 8.7179697e-05 1.0761279e-03 1.7775525e-02
1.2072072e+00 8.2745281e-05 1.0666219e-03 1.7763631e-02
1.2102102e+00 7.8528836e-05 1.0613929e-03 1.7749332e-02
1.2132132e+00 7.4491253e-05 1.0502118e-03 1.7730891e-02
1.2162162e+00 7.0631997e-05 1.0386838e-03 1.7684101e-02
1.2192192e+00 6.7118848e-05 1.0246205e-03 1.7666268e-02
1.2222222e+00 6.3590185e-05 1.0206802e-03 1.7645195e-02
1.2252252e+00 6.0350168e-05 1.0114580e-03 1.7612874e-02
1.2282282e+00 5.7268265e-05 1.0082844e-03 1.7591617e-02
1.2312312e+00 5.4306225e-05 9.9550770e-04 1.7571036e-02
1.2342342e+00 5.1512417e-05 9.9026391e-04 1.7510145e-02
1.2372372e+00 4.8794036e-05 9.8474925e-04 1.7511936e-02
1.2402402e+00 4.6287443e-05 9.7722039e-04 1.7488271e-02
1.2432432e+00 4.3840392e-05 9.7109377e-04 1.7438301e-02
1.2462462e+00 4.1497568e-05 9.6306145e-04 1.7407287e-02
1.2492492e+00 3.9257196e-05 9.5681605e-04 1.7371957e-02
1.2522523e+00 3.7194864e-05 9.5322823e-04 1.7363841e-02
1.2552553e+00 3.5192377e-05 9.5948182e-04 1.7350777e-02
1.2582583e+00 3.3306509e-05 9.5815274e-04 1.7284139e-02
1.2612613e+00 3.1497285e-05 9.5833251e-04 1.7280101e-02
1.2642643e+00 2.9767676e-05 9.5298362e-04 1.7235560e-02
1.2672673e+00 2.8129700e-05 9.4231789e-04 1.7249957e-02
1.2702703e+00 2.6587010e-05 9.3554697e-04 1.7251436e-02
1.2732733e+00 2.5127542e-05 9.2973645e-04 1.7234486e-02
1.2762763e+00 2.3723592e-05 9.2659788e-04 1.7232033e-02
1.2792793e+00 2.2376658e-05 9.2256085e-04 1.7234996e-02
1.2822823e+00 2.1120978e-05 9.1924800e-04 1.7223867e-02
1.2852853e+00 1.9922869e-05 9.1111035e-04 1.7214141e-02
1.2882883e+00 1.8789214e-05 9.1360675e-04 1.7199969e-02
1.2912913e+00 1.7736937e-05 9.0920222e-04 1.7155299e-02
1.2942943e+00 1.6731970e-05 9.0768671e-04 1.7133851e-02
1.2972973e+00 1.5754911e-05 9.0405786e-04 1.7126674e-02
1.3003003e+00 1.4841287e-05 9.0710762e-04 1.7098872e-02
1.3033033e+00 1.3972541e-05 9.0577173e-04 1.7084977e-02
1.3063063e+00 1.3154694e-05 9.0450789e-04 1.7073467e-02
1.3093093e+00 1.2388128e-05 9.0563057e-04 1.7049221e-02
1.3123123e+00 1.1658518e-05 9.0251661e-04 1.7051032e-02
1.3153153e+00 1.0997756e-05 9.0324552e-04 1.7062525e-02
1.3183183e+00 1.0349316e-05 9.0148278e-04 1.7059881e-02
1.3213213e+00 9.7396400e-06 8.9841687e-04 1.7063519e-02
1.3243243e+00 9.1507213e-06 8.8972250e-04 1.7076790e-02
1.3273273e+00 8.6039744e-06 8.8723205e-04 1.7063409e-02
1.3303303e+00 8.0924929e-06 8.8085949e-04 1.7071709e-02
1.3333333e+00 7.6078930e-06 8.7679580e-04 1.7042072e-02
1.3363363e+00 7.1561709e-06 8.7311236e-04 1.7060408e-02
1.3393393e+00 6.7202233e-06 8.6691973e-04 1.7078671e-02
1.3423423e+00 6.3075944e-06 8.7243969e-04 1.7105507e-02
1.3453453e+00 5.9236116e-06 8.7374031e-04 1.7104790e-02
1.3483483e+00 5.5555063e-06 8.6797007e-04 1.7088237e-02
1.3513514e+00 5.2121899e-06 8.6846170e-04 1.7018018e-02
1.3543544e+00 4.8939563e-06 8.6309052e-04 1.6996638e-02
1.3573574e+00 4.5911025e-06 8.6110582e-04 1.7003326e-02
1.3603604e+00 4.3098834e-06 8.6315163e-04 1.6951738e-02
1.3633634e+00 4.0413867e-06 8.6553521e-04 1.6944255e-02
1.3663664e+00 3.7875911e-06 8.6594283e-04 1.6949918e-02
1.3693694e+00 3.5491939e-06 8.6647773e-04 1.6970629e-02
1.3723724e+00 3.3229781e-06 8.6497824e-04 1.6955963e-02
1.3753754e+00 3.1127129e-06 8.6519032e-04 1.6947662e-02
1.3783784e+00 2.9135919e-06 8.6008339e-04 1.6936141e-02
1.3813814e+00 2.7265891e-06 8.5837187e-04 1.6951245e-02
1.3843844e+00 2.5523286e-06 8.6245243e-04 1.6953277e-02
1.3873874e+00 2.3880688e-06 8.5764432e-04 1.6947222e-02
1.3903904e+00 2.2347811e-06 8.5780915e-04 1.6947541e-02
1.3933934e+00 2.0901076e-06 8.6036245e-04 1.6941093e-02
1.3963964e+00 1.9544732e-06 8.5650432e-04 1.6920739e-02
1.3993994e+00 1.8280899e-06 8.5294353e-04 1.6961278e-02
1.4024024e+00 1.7086238e-06 8.5511319e-04 1.6961985e-02
1.4054054e+00 1.5974815e-06 8.5147847e-04 1.6963192e-02
1.4084084e+00 1.4940209e-06 8.4976645e-04 1.6976712e-02
1.4114114e+00 1.3954504e-06 8.5067653e-04 1.7009257e-02
1.4144144e+00 1.3029143e-06 8.5527355e-04 1.7002107e-02
1.4174174e+00 1.2174649e-06 8.5246503e-04 1.6975985e-02
1.4204204e+00 1.1365425e-06 8.4855047e-04 1.6984230e-02
1.4234234e+00 1.0614583e-06 8.5655454e-04 1.7031581e-02
1.4264264e+00 9.9119923e-07 8.5532231e-04 1.7023394e-02
1.4294294e+00 9.2475473e-07 8.5914685e-04 1.7016310e-02
1.4324324e+00 8.6299475e-07 8.5799794e-04 1.7003537e-02
1.4354354e+00 8.0495263e-07 8.5981069e-04 1.7020359e-02
1.4384384e+00 7.5011644e-07 8.6738200e-04 1.7029437e-02
1.4414414e+00 6.9939523e-07 8.6567619e-04 1.7033257e-02
1.4444444e+00 6.5186301e-07 8.7060062e-04 1.7035049e-02
1.4474474e+00 6.0784024e-07 8.7888825e-04 1.7035298e-02
1.4504505e+00 5.6639298e-07 8.8073365e-04 1.7034919e-02
1.4534535e+00 5.2805310e-07 8.8682888e-04 1.7048000e-02
1.4564565e+00 4.9200640e-07 8.8991273e-04 1.7044709e-02
1.4594595e+00 4.5870375e-07 8.9240168e-04 1.7062587e-02
1.4624625e+00 4.2731751e-07 8.9139042e-04 1.7079309e-02
1.4654655e+00 3.9785039e-07 9.0026159e-04 1.7104036e-02
1.4684685e+00 3.7023893e-07 8.9691398e-04 1.7103471e-02
1.4714715e+00 3.4484566e-07 8.9341472e-04 1.7082440e-02
1.4744745e+00 3.2101061e-07 8.8772080e-04 1.7061054e-02
1.4774775e+00 2.9870669e-07 8.8878421e-04 1.7095554e-02
1.4804805e+00 2.7780966e-07 8.8918084e-04 1.7092975e-02
1.4834835e+00 2.5841287e-07 8.8526696e-04 1.7160316e-02
1.4864865e+00 2.4030191e-07 8.8323639e-04 1.7174941e-02
1.4894895e+00 2.2342043e-07 8.8178316e-04 1.7174076e-02
1.4924925e+00 2.0765388e-07 8.7931076e-04 1.7178926e-02
1.4954955e+00 1.9284114e-07 8.8248512e-04 1.7174554e-02
1.4984985e+00 1.7927857e-07 8.7916605e-04 1.7190708e-02
1.5015015e+00 1.6656460e-07 8.7237055e-04 1.7210281e-02
1.5045045e+00 1.5470740e-07 8.7292857e-04 1.7176572e-02
1.5075075e+00 1.4366283e-07 8.7296126e-04 1.7189946e-02
1.5105105e+00 1.3337947e-07 8.7209078e-04 1.7166173e-02
1.5135135e+00 1.2376503e-07 8.6984963e-04 1.7191267e-02
1.5165165e+00 1.1483624e-07 8.6770040e-04 1.7203422e-02
1.5195195e+00 1.0663029e-07 8.6960230e-04 1.7222761e-02
1.5225225e+00 9.8930100e-08 8.6900972e-04 1.7226447e-02
1.5255255e+00 9.1775514e-08 8.7313438e-04 1.7228367e-02
1.5285285e+00 8.5103556e-08 8.7331278e-04 1.7230919e-02
1.5315315e+00 7.8901613e-08 8.7277631e-04 1.7247133e-02
1.5345345e+00 7.3122746e-08 8.7561271e-04 1.7257362e-02
1.5375375e+00 6.7750068e-08 8.6927054e-04 1.7262563e-02
1.5405405e+00 6.2824586e-08 8.6426848e-04 1.7285873e-02
1.5435435e+00 5.8191627e-08 8.5986448e-04 1.7295719e-02
1.5465465e+00 5.3923473e-08 8.5428682e-04 1.7341798e-02
1.5495495e+00 4.9958499e-08 8.4830117e-04 1.7341813e-02
1.5525526e+00 4.6275679e-08 8.4325760e-04 1.7343720e-02
1.5555556e+00 4.2851543e-08 8.3519374e-04 1.7353747e-02
1.5585586e+00 3.9663567e-08 8.2971981e-04 1.7365926e-02
1.5615616e+00 3.6722940e-08 8.2180491e-04 1.7377924e-02
1.5645646e+00 3.3981321e-08 8.1745700e-04 1.7376873e-02
1.5675676e+00 3.1423303e-08 8.0902628e-04 1.7401610e-02
1.5705706e+00 2.9064196e-08 7.9785185e-04 1.7409444e-02
1.5735736e+00 2.6877955e-08 7.9609198e-04 1.7423512e-02
1.5765766e+00 2.4850951e-08 7.8747378e-04 1.7482843e-02
1.5795796e+00 2.2976104e-08 7.6890957e-04 1.7487196e-02
1.5825826e+00 2.1233898e-08 7.6146269e-04 1.7485905e-02
1.5855856e+00 1.9620129e-08 7.5057838e-04 1.7506481e-02
1.5885886e+00 1.8120867e-08 7.4078680e-04 1.7519114e-02
1.5915916e+00 1.6744898e-08 7.3079575e-04 1.7536257e-02
1.5945946e+00 1.5462060e-08 7.2587724e-04 1.7555698e-02
1.5975976e+00 1.4272047e-08 7.0896620e-04 1.7557969e-02
1.6006006e+00 1.3180651e-08 6.9679204e-04 1.7562455e-02
1.6036036e+00 1.2171907e-08 6.8375137e-04 1.7593409e-02
1.6066066e+00 1.1245452e-08 6.7574265e-04 1.7599415e-02
1.6096096e+00 1.0368682e-08 6.6191176e-04 1.7605983e-02
1.6126126e+00 9.5604818e-09 6.4487913e-04 1.7628053e-02
1.6156156e+00 8.8175719e-09 6.3376616e-04 1.7642763e-02
1.6186186e+00 8.1333359e-09 6.2320060e-04 1.7656298e-02
1.6216216e+00 7.5017975e-09 6.1392217e-04 1.7670518e-02
1.6246246e+00 6.9153063e-09 6.0044857e-04 1.7690871e-02
1.6276276e+00 6.3740448e-09 5.8505873e-04 1.7696843e-02
1.6306306e+00 5.8745083e-09 5.7081652e-04 1.7715487e-02
1.6336336e+00 5.4127889e-09 5.5657818e-04 1.7718046e-02
1.6366366e+00 4.9868087e-09 5.5047789e-04 1.7711438e-02
1.6396396e+00 4.5942461e-09 5.3601339e-04 1.7748157e-02
1.6426426e+00 4.2304347e-09 5.2256075e-04 1.7749953e-02
1.6456456e+00 3.8948302e-09 5.0654433e-04 1.7742382e-02
1.6486486e+00 3.5857330e-09 4.9232854e-04 1.7740324e-02
1.6516517e+00 3.3001583e-09 4.8062455e-04 1.7774887e-02
1.6546547e+00 3.0374828e-09 4.6403440e-04 1.7797202e-02
1.6576577e+00 2.7926448e-09 4.4811034e-04 1.7781707e-02
1.6606607e+00 2.5676432e-09 4.3219892e-04 1.7764303e-02
1.6636637e+00 2.3602059e-09 4.1881500e-04 1.7796838e-02
1.6666667e+00 2.1714782e-09 4.0422042e-04 1.7830804e-02
1.6696697e+00 1.9964449e-09 3.8981257e-04 1.7849455e-02
1.6726727e+00 1.8356708e-09 3.7686521e-04 1.7874934e-02
1.6756757e+00 1.6851560e-09 3.6328994e-04 1.7879381e-02
1.6786787e+00 1.5479122e-09 3.4905626e-04 1.7896130e-02
1.6816817e+00 1.4219172e-09 3.3778876e-04 1.7909561e-02
1.6846847e+00 1.3061319e-09 3.2597309e-04 1.7931340e-02
1.6876877e+00 1.1985703e-09 3.1324510e-04 1.7945839e-02
1.6906907e+00 1.1001599e-09 3.0277075e-04 1.7937301e-02
1.6936937e+00 1.0099844e-09 2.8960901e-04 1.7953736e-02
1.6966967e+00 9.2755226e-10 2.7776373e-04 1.7974865e-02
1.6996997e+00 8.5081216e-10 2.6702772e-04 1.7998937e-02
1.7027027e+00 7.8006403e-10 2.5643174e-04 1.8033951e-02
1.7057057e+00 7.1494417e-10 2.4628985e-04 1.8048408e-02
1.7087087e+00 6.5559417e-10 2.3569203e-04 1.8057476e-02
1.7117117e+00 6.0065401e-10 2.2583033e-04 1.8062804e-02
1.7147147e+00 5.5011300e-10 2.1670291e-04 1.8087017e-02
1.7177177e+00 5.0381478e-10 2.0722209e-04 1.8078707e-02
1.7207207e+00 4.6148077e-10 1.9836294e-04 1.8086496e-02
1.7237237e+00 4.2306216e-10 1.8985756e-04 1.8107493e-02
1.7267267e+00 3.8774956e-10 1.8168987e-04 1.8089446e-02
1.7297297e+00 3.5509589e-10 1.7376498e-04 1.8097259e-02
1.7327327e+00 3.2494527e-10 1.6628310e-04 1.8079385e-02
1.7357357e+00 2.9736892e-10 1.5891696e-04 1.8089634e-02
1.7387387e+00 2.7193889e-10 1.5154672e-04 1.8107736e-02
1.7417417e+00 2.4890200e-10 1.4485224e-04 1.8093216e-02
1.7447447e+00 2.2770243e-10 1.3862408e-04 1.8095531e-02
1.7477477e+00 2.0826422e-10 1.3254929e-04 1.8067366e-02
1.7507508e+00 1.9059868e-10 1.2679929e-04 1.8059052e-02
1.7537538e+00 1.7442588e-10 1.2127482e-04 1.8079868e-02
1.7567568e+00 1.5961864e-10 1.1585554e-04 1.8085963e-02
1.7597598e+00 1.4589382e-10 1.1043780e-04 1.8097739e-02
1.7627628e+00 1.3346268e-10 1.0530910e-04 1.8109435e-02
1.7657658e+00 1.2182407e-10 1.0052628e-04 1.8111333e-02
1.7687688e+00 1.1132552e-10 9.5974813e-05 1.8091939e-02
1.7717718e+00 1.0162898e-10 9.1681843e-05 1.8100604e-02
1.7747748e+00 9.2745218e-11 8.7563635e-05 1.8096476e-02
1.7777778e+00 8.4660079e-11 8.3540617e-05 1.8106434e-02
1.7807808e+00 7.7410985e-11 7.9749773e-05 1.8119376e-02
1.7837838e+00 7.0674736e-11 7.6099272e-05 1.8125683e-02
1.7867868e+00 6.4423491e-11 7.2623320e-05 1.8121625e-02
1.7897898e+00 5.8829873e-11 6.9249385e-05 1.8129066e-02
1.7927928e+00 5.3619667e-11 6.5962440e-05 1.8143592e-02
1.7957958e+00 4.8921405e-11 6.2759816e-05 1.8147443e-02
1.7987988e+00 4.4594337e-11 5.9759523e-05 1.8122504e-02
1.8018018e+00 4.0656007e-11 5.6813838e-05 1.8113600e-02
1.8048048e+00 3.7070388e-11 5.4036136e-05 1.8114796e-02
1.8078078e+00 3.3752940e-11 5.1350368e-05 1.8111933e-02
1.8108108e+00 3.0756882e-11 4.8858114e-05 1.8110914e-02
1.8138138e+00 2.7986915e-11 4.6540907e-05 1.8101946e-02
1.8168168e+00 2.5504584e-11 4.4324860e-05 1.8084391e-02
1.8198198e+00 2.3207992e-11 4.2168544e-05 1.8072341e-02
1.8228228e+00 2.1110742e-11 4.0114284e-05 1.8075840e-02
1.8258258e+00 1.9205925e-11 3.8158859e-05 1.8072916e-02
1.8288288e+00 1.7477944e-11 3.6265273e-05 1.8074031e-02
1.8318318e+00 1.5903361e-11 3.4503984e-05 1.8091951e-02
1.8348348e+00 1.4462830e-11 3.2821764e-05 1.8092815e-02
1.8378378e+00 1.3144341e-11 3.1215405e-05 1.8065827e-02
1.8408408e+00 1.1952540e-11 2.9648901e-05 1.8049447e-02
1.8438438e+00 1.0864066e-11 2.8155880e-05 1.8053312e-02
1.8468468e+00 9.8707845e-12 2.6739948e-05 1.8048134e-02
1.8498498e+00 8.9701133e-12 2.5376005e-05 1.8034764e-02
1.8528529e+00 8.1453965e-12 2.4090624e-05 1.7977810e-02
1.8558559e+00 7.3996235e-12 2.2880065e-05 1.7957754e-02
1.8588589e+00 6.7205514e-12 2.1661909e-05 1.7952913e-02
1.8618619e+00 6.1034844e-12 2.0522363e-05 1.7917565e-02
1.8648649e+00 5.5396755e-12 1.9429589e-05 1.7898746e-02
1.8678679e+00 5.0262672e-12 1.8394178e-05 1.7897062e-02
1.8708709e+00 4.5595469e-12 1.7399218e-05 1.7878421e-02
1.8738739e+00 4.1356819e-12 1.6467334e-05 1.7843467e-02
1.8768769e+00 3.7516142e-12 1.5589158e-05 1.7828231e-02
1.8798799e+00 3.4022212e-12 1.4746582e-05 1.7801293e-02
1.8828829e+00 3.0816487e-12 1.3958842e-05 1.7790540e-02
1.8858859e+00 2.7920158e-12 1.3215903e-05 1.7808231e-02
1.8888889e+00 2.5295070e-12 1.2499268e-05 1.7774232e-02
1.8918919e+00 2.2916399e-12 1.1821870e-05 1.7787785e-02
1.8948949e+00 2.0758037e-12 1.1177109e-05 1.7766646e-02
1.8978979e+00 1.8801380e-12 1.0575592e-05 1.7761737e-02
1.9009009e+00 1.7026863e-12 1.0006081e-05 1.7741550e-02
1.9039039e+00 1.5419878e-12 9.4355035e-06 1.7715636e-02
1.9069069e+00 1.3962382e-12 8.9212754e-06 1.7686071e-02
1.9099099e+00 1.2646105e-12 8.4330049e-06 1.7673577e-02
1.9129129e+00 1.1458129e-12 7.9659493e-06 1.7641626e-02
1.9159159e+00 1.0367789e-12 7.5205078e-06 1.7582960e-02
1.9189189e+00 9.3794039e-13 7.0961230e-06 1.7557859e-02
1.9219219e+00 8.4843333e-13 6.6949417e-06 1.7556672e-02
1.9249249e+00 7.6717914e-13 6.3202980e-06 1.7529535e-02
1.9279279e+00 6.9413777e-13 5.9672370e-06 1.7519760e-02
1.9309309e+00 6.2792087e-13 5.6327959e-06 1.7490042e-02
1.9339339e+00 5.6771317e-13 5.3160583e-06 1.7433915e-02
1.9369369e+00 5.1301992e-13 5.0146457e-06 1.7409837e-02
1.9399399e+00 4.6369520e-13 4.7283913e-06 1.7374659e-02
1.9429429e+00 4.1904995e-13 4.4568799e-06 1.7344284e-02
1.9459459e+00 3.7860714e-13 4.2054745e-06 1.7333114e-02
1.9489489e+00 3.4203739e-13 3.9650630e-06 1.7324574e-02
1.9519520e+00 3.0860017e-13 3.7376631e-06 1.7276029e-02
1.9549550e+00 2.7874873e-13 3.5226150e-06 1.7237602e-02
1.9579580e+00 2.5165783e-13 3.3192898e-06 1.7208453e-02
1.9609610e+00 2.2698348e-13 3.1282863e-06 1.7210172e-02
1.9639640e+00 2.0489055e-13 2.9499205e-06 1.7172774e-02
1.9669670e+00 1.8483875e-13 2.7811762e-06 1.7124824e-02
1.9699700e+00 1.6669077e-13 2.6215677e-06 1.7068532e-02
1.9729730e+00 1.5029029e-13 2.4706319e-06 1.7031260e-02
1.9759760e+00 1.3548107e-13 2.3279271e-06 1.6953053e-02
1.9789790e+00 1.2207454e-13 2.1930327e-06 1.6904280e-02
1.9819820e+00 1.1006562e-13 2.0654502e-06 1.6827626e-02
1.9849850e+00 9.9227619e-14 1.9415733e-06 1.6783731e-02
1.9879880e+00 8.9387158e-14 1.8247717e-06 1.6711928e-02
1.9909910e+00 8.0487399e-14 1.7146638e-06 1.6667308e-02
1.9939940e+00 7.2459095e-14 1.6111329e-06 1.6616018e-02
1.9969970e+00 6.5239857e-14 1.5159456e-06 1.6556678e-02
2.0000000e+00 5.8705356e-14 1.4250440e-06 1.6511753e-02
2.0030030e+00 5.2836142e-14 1.3388497e-06 1.6445077e-02
2.0060060e+00 4.7527489e-14 1.2579763e-06 1.6359918e-02
2.0090090e+00 4.2733955e-14 1.1819557e-06 1.6289403e-02
2.0120120e+00 3.8464309e-14 1.1098118e-06 1.6173912e-02
2.0150150e+00 3.4593158e-14 1.0410479e-06 1.6076228e-02
2.0180180e+00 3.1113386e-14 9.7682516e-07 1.5964032e-02
2.0210210e+00 2.7981842e-14 9.1764266e-07 1.5892158e-02
2.0240240e+00 2.5162083e-14 8.6144314e-07 1.5776923e-02
2.0270270e+00 2.2623938e-14 8.0806687e-07 1.5673687e-02
2.0300300e+00 2.0335984e-14 7.5728950e-07 1.5557445e-02
2.0330330e+00 1.8265781e-14 7.0932973e-07 1.5449577e-02
2.0360360e+00 1.6419242e-14 6.6435884e-07 1.5321898e-02
2.0390390e+00 1.4738082e-14 6.2267988e-07 1.5205880e-02
2.0420420e+00 1.3240718e-14 5.8350148e-07 1.5100408e-02
2.0450450e+00 1.1895696e-14 5.4638477e-07 1.4966277e-02
2.0480480e+00 1.0684289e-14 5.1128161e-07 1.4819009e-02
2.0510511e+00 9.5922900e-15 4.7833939e-07 1.4726282e-02
2.0540541e+00 8.6102414e-15 4.4743144e-07 1.4601219e-02
2.0570571e+00 7.7262825e-15 4.1843811e-07 1.4470989e-02
2.0600601e+00 6.9364009e-15 3.9124640e-07 1.4320364e-02
2.0630631e+00 6.2177283e-15 3.6574959e-07 1.4172145e-02
2.0660661e+00 5.5749271e-15 3.4201213e-07 1.4019516e-02
2.0690691e+00 4.9978867e-15 3.1984467e-07 1.3847690e-02
2.0720721e+00 4.4765204e-15 2.9874542e-07 1.3686419e-02
2.0750751e+00 4.0069157e-15 2.7889501e-07 1.3525509e-02
2.0780781e+00 3.5883621e-15 2.6035569e-07 1.3342708e-02
2.0810811e+00 3.2111899e-15 2.4334519e-07 1.3178997e-02
2.0840841e+00 2.8754361e-15 2.2722948e-07 1.2979371e-02
2.0870871e+00 2.5750243e-15 2.1230121e-07 1.2804418e-02
2.0900901e+00 2.3052309e-15 1.9820794e-07 1.2622660e-02
2.0930931e+00 2.0620673e-15 1.8469064e-07 1.2452859e-02
2.0960961e+00 1.8443291e-15 1.7206155e-07 1.2286425e-02
2.0990991e+00 1.6498169e-15 1.6043814e-07 1.2114520e-02
2.1021021e+00 1.4746252e-15 1.4959879e-07 1.1947815e-02
2.1051051e+00 1.3173092e-15 1.3946426e-07 1.1756481e-02
2.1081081e+00 1.1776143e-15 1.2999066e-07 1.1566881e-02
2.1111111e+00 1.0533516e-15 1.2113671e-07 1.1395791e-02
2.1141141e+00 9.4139954e-16 1.1288008e-07 1.1223257e-02
2.1171171e+00 8.4146775e-16 1.0525776e-07 1.1047303e-02
2.1201201e+00 7.5207640e-16 9.8221890e-08 1.0869654e-02
2.1231231e+00 6.7160642e-16 9.1547609e-08 1.0691335e-02
2.1261261e+00 6.0029304e-16 8.5394277e-08 1.0508057e-02
2.1291291e+00 5.3612032e-16 7.9606584e-08 1.0310895e-02
2.1321321e+00 4.7884971e-16 7.4155134e-08 1.0122226e-02
2.1351351e+00 4.2741537e-16 6.8948135e-08 9.9422406e-03
2.1381381e+00 3.8135695e-16 6.4099185e-08 9.7744605e-03
2.1411411e+00 3.4022641e-16 5.9673810e-08 9.5958657e-03
2.1441441e+00 3.0357022e-16 5.5505453e-08 9.4128692e-03
2.1471471e+00 2.7063761e-16 5.1556014e-08 9.2367420e-03
2.1501502e+00 2.4144415e-16 4.7935762e-08 9.0722088e-03
2.1531532e+00 2.1527004e-16 4.4565550e-08 8.8990499e-03
2.1561562e+00 1.9178342e-16 4.1407254e-08 8.7282971e-03
2.1591592e+00 1.7093059e-16 3.8520287e-08 8.5391402e-03
2.1621622e+00 1.5223164e-16 3.5844603e-08 8.3588646e-03
2.1651652e+00 1.3550818e-16 3.3348203e-08 8.1851714e-03
2.1681682e+00 1.2069455e-16 3.1012835e-08 8.0092027e-03
2.1711712e+00 1.0748131e-16 2.8826462e-08 7.8382244e-03
2.1741742e+00 9.5704996e-17 2.6796062e-08 7.6744555e-03
2.1771772e+00 8.5159896e-17 2.4898705e-08 7.5253250e-03
2.1801802e+00 7.5832800e-17 2.3141719e-08 7.3491507e-03
2.1831832e+00 6.7430415e-17 2.1504475e-08 7.1925846e-03
2.1861862e+00 5.9945046e-17 1.9963883e-08 7.0420728e-03
2.1891892e+00 5.3283272e-17 1.8517422e-08 6.8823663e-03
2.1921922e+00 4.7361314e-17 1.7185098e-08 6.7376542e-03
2.1951952e+00 4.2105325e-17 1.5936124e-08 6.5825903e-03
2.1981982e+00 3.7452397e-17 1.4786791e-08 6.4147311e-03
2.2012012e+00 3.3281659e-17 1.3710424e-08 6.2733346e-03
2.2042042e+00 2.9569663e-17 1.2706302e-08 6.1264847e-03
2.2072072e+00 2.6264818e-17 1.1765231e-08 5.9823311e-03
2.2102102e+00 2.3319173e-17 1.0889812e-08 5.8388360e-03
2.2132132e+00 2.0700304e-17 1.0086648e-08 5.6935894e-03
2.2162162e+00 1.8375059e-17 9.3471910e-09 5.5630941e-03
2.2192192e+00 1.6297226e-17 8.6597770e-09 5.4214024e-03
2.2222222e+00 1.4469603e-17 8.0190014e-09 5.2882269e-03
2.2252252e+00 1.2837466e-17 7.4145795e-09 5.1579619e-03
2.2282282e+00 1.1388904e-17 6.8597929e-09 5.0303027e-03
2.2312312e+00 1.0097853e-17 6.3528938e-09 4.9088977e-03
2.2342342e+00 8.9511984e-18 5.8834024e-09 4.7809739e-03
2.2372372e+00 7.9354838e-18 5.4475333e-09 4.6599536e-03
2.2402402e+00 7.0368930e-18 5.0411598e-09 4.5510833e-03
2.2432432e+00 6.2395793e-18 4.6617657e-09 4.4358509e-03
2.2462462e+00 5.5308640e-18 4.3129442e-09 4.3185209e-03
2.2492492e+00 4.8987790e-18 3.9902594e-09 4.2062531e-03
2.2522523e+00 4.3360718e-18 3.6909894e-09 4.0939118e-03
2.2552553e+00 3.8368361e-18 3.4134917e-09 3.9888446e-03
2.2582583e+00 3.3966201e-18 3.1562346e-09 3.8805428e-03
2.2612613e+00 3.0078164e-18 2.9177905e-09 3.7665536e-03
2.2642643e+00 2.6626029e-18 2.6968284e-09 3.6690896e-03
2.2672673e+00 2.3544106e-18 2.4921082e-09 3.5702908e-03
2.2702703e+00 2.0821905e-18 2.3000831e-09 3.4695287e-03
2.2732733e+00 1.8419879e-18 2.1210250e-09 3.3732914e-03
2.2762763e+00 1.6290590e-18 1.9571773e-09 3.2852283e-03
2.2792793e+00 1.4399113e-18 1.8031635e-09 3.1966346e-03
2.2822823e+00 1.2726564e-18 1.6604233e-09 3.1087200e-03
2.2852853e+00 1.1245656e-18 1.5309187e-09 3.0217520e-03
2.2882883e+00 9.9335538e-19 1.4111615e-09 2.9370383e-03
2.2912913e+00 8.7761955e-19 1.3008568e-09 2.8524263e-03
2.2942943e+00 7.7523941e-19 1.1989387e-09 2.7706854e-03
2.2972973e+00 6.8402386e-19 1.1047885e-09 2.6915425e-03
2.3003003e+00 6.0352136e-19 1.0178317e-09 2.6142017e-03
2.3033033e+00 5.3239451e-19 9.3753507e-10 2.5402103e-03
2.3063063e+00 4.7021881e-19 8.6231437e-10 2.4687984e-03
2.3093093e+00 4.1481238e-19 7.9313636e-10 2.3927745e-03
2.3123123e+00 3.6621108e-19 7.2952888e-10 2.3233650e-03
2.3153153e+00 3.2297222e-19 6.7108111e-10 2.2536491e-03
2.3183183e+00 2.8473623e-19 6.1802991e-10 2.1837870e-03
2.3213213e+00 2.5120222e-19 5.6906041e-10 2.1187522e-03
2.3243243e+00 2.2149907e-19 5.2386772e-10 2.0561243e-03
2.3273273e+00 1.9529489e-19 4.8216902e-10 1.9900357e-03
2.3303303e+00 1.7206197e-19 4.4370198e-10 1.9283826e-03
2.3333333e+00 1.5152421e-19 4.0822333e-10 1.8653365e-03
2.3363363e+00 1.3343511e-19 3.7550754e-10 1.8051763e-03
2.3393393e+00 1.1751799e-19 3.4534558e-10 1.7464606e-03
2.3423423e+00 1.0356695e-19 3.1754373e-10 1.6881679e-03
2.3453453e+00 9.1181810e-20 2.9192249e-10 1.6343830e-03
2.3483483e+00 8.0313818e-20 2.6831563e-10 1.5812394e-03
2.3513514e+00 7.0620124e-20 2.4656918e-10 1.5295150e-03
2.3543544e+00 6.2041190e-20 2.2654057e-10 1.4800600e-03
2.3573574e+00 5.4513026e-20 2.0809785e-10 1.4320562e-03
2.3603604e+00 4.7964427e-20 1.9106957e-10 1.3841893e-03
2.3633634e+00 4.2141043e-20 1.7544526e-10 1.3372493e-03
2.3663664e+00 3.7063922e-20 1.6102659e-10 1.2921418e-03
2.3693694e+00 3.2569081e-20 1.4761672e-10 1.2493075e-03
2.3723724e+00 2.8631721e-20 1.3508676e-10 1.2073263e-03
2.3753754e+00 2.5158144e-20 1.2371636e-10 1.1678298e-03
2.3783784e+00 2.2118263e-20 1.1332868e-10 1.1285091e-03
2.3813814e+00 1.9417603e-20 1.0393680e-10 1.0913071e-03
2.3843844e+00 1.7048417e-20 9.5304452e-11 1.0519427e-03
2.3873874e+00 1.4963286e-20 8.7366580e-11 1.0155782e-03
2.3903904e+00 1.3127468e-20 8.0016480e-11 9.7969857e-04
2.3933934e+00 1.1532666e-20 7.3270338e-11 9.4486689e-04
2.3963964e+00 1.0124253e-20 6.7079774e-11 9.1142848e-04
2.3993994e+00 8.8818402e-21 6.1368626e-11 8.7915103e-04
2.4024024e+00 7.7910492e-21 5.6118094e-11 8.4865984e-04
2.4054054e+00 6.8334769e-21 5.1306668e-11 8.1787984e-04
2.4084084e+00 5.9924340e-21 4.6898514e-11 7.8841223e-04
2.4114114e+00 5.2538843e-21 4.2860649e-11 7.5829523e-04
2.4144144e+00 4.6054649e-21 3.9162714e-11 7.3062436e-04
2.4174174e+00 4.0362525e-21 3.5789912e-11 7.0331033e-04
2.4204204e+00 3.5360307e-21 3.2712764e-11 6.7566117e-04
2.4234234e+00 3.0974402e-21 2.9872767e-11 6.5113213e-04
2.4264264e+00 2.7114278e-21 2.7273951e-11 6.2775023e-04
2.4294294e+00 2.3740133e-21 2.4896313e-11 6.0463224e-04
2.4324324e+00 2.0785729e-21 2.2722803e-11 5.8089307e-04
2.4354354e+00 1.8208134e-21 2.0749363e-11 5.5939870e-04
2.4384384e+00 1.5937658e-21 1.8943589e-11 5.3818236e-04
2.4414414e+00 1.3945329e-21 1.7291569e-11 5.1822898e-04
2.4444444e+00 1.2199518e-21 1.5780514e-11 4.9791921e-04
2.4474474e+00 1.0666281e-21 1.4398675e-11 4.7864510e-04
2.4504505e+00 9.3239249e-22 1.3143092e-11 4.6054641e-04
2.4534535e+00 8.1489171e-22 1.1996371e-11 4.4270464e-04
2.4564565e+00 7.1205973e-22 1.0947203e-11 4.2537668e-04
2.4594595e+00 6.2181603e-22 9.9807158e-12 4.0855989e-04
2.4624625e+00 5.4291494e-22 9.0977673e-12 3.9209836e-04
2.4654655e+00 4.7433584e-22 8.2912990e-12 3.7690310e-04
2.4684685e+00 4.1432037e-22 7.5548343e-12 3.6226107e-04
2.4714715e+00 3.6168432e-22 6.8824319e-12 3.4714162e-04
2.4744745e+00 3.1567372e-22 6.2686427e-12 3.3319241e-04
2.4774775e+00 2.7549741e-22 5.7064941e-12 3.2011880e-04
2.4804805e+00 2.4042886e-22 5.1923991e-12 3.0671366e-04
2.4834835e+00 2.0989937e-22 4.7210144e-12 2.9454914e-04
2.4864865e+00 1.8315504e-22 4.2916555e-12 2.8206050e-04
2.4894895e+00 1.5980293e-22 3.9006276e-12 2.6990973e-04
2.4924925e+00 1.3933707e-22 3.5485289e-12 2.5860713e-04
2.4954955e+00 1.2136287e-22 3.2275785e-12 2.4756513e-04
2.4984985e+00 1.0569919e-22 2.9350797e-12 2.3719223e-04
2.5015015e+00 9.2113673e-23 2.6685637e-12 2.2747028e-04
2.5045045e+00 8.0258600e-23 2.4262408e-12 2.1814275e-04
2.5075075e+00 6.9915598e-23 2.2034953e-12 2.0889597e-04
2.5105105e+00 6.0890004e-23 2.0008088e-12 2.0024993e-04
2.5135135e+00 5.2993251e-23 1.8164118e-12 1.9166756e-04
2.5165165e+00 4.6107190e-23 1.6486872e-12 1.8334519e-04
2.5195195e+00 4.0121785e-23 1.4964599e-12 1.7521254e-04
2.5225225e+00 3.4914054e-23 1.3588405e-12 1.6729540e-04
2.5255255e+00 3.0376329e-23 1.2343681e-12 1.5994804e-04
2.5285285e+00 2.6423388e-23 1.1210766e-12 1.5271222e-04
2.5315315e+00 2.2997092e-23 1.0169118e-12 1.4583215e-04
2.5345345e+00 2.0004613e-23 9.2218653e-13 1.3907156e-04
2.5375375e+00 1.7393837e-23 8.3612107e-13 1.3273974e-04
2.5405405e+00 1.5120998e-23 7.5793937e-13 1.2683204e-04
2.5435435e+00 1.3145161e-23 6.8693347e-13 1.2113226e-04
2.5465465e+00 1.1420676e-23 6.2276138e-13 1.1547338e-04
2.5495495e+00 9.9237937e-24 5.6481676e-13 1.1022233e-04
2.5525526e+00 8.6129012e-24 5.1216260e-13 1.0535543e-04
2.5555556e+00 7.4786022e-24 4.6432549e-13 1.0062596e-04
2.5585586e+00 6.4926779e-24 4.2054691e-13 9.5860792e-05
2.5615616e+00 5.6362367e-24 3.8070109e-13 9.1252389e-05
2.5645646e+00 4.8928047e-24 3.4456304e-13 8.7011025e-05
2.5675676e+00 4.2472479e-24 3.1179429e-13 8.3065013e-05
2.5705706e+00 3.6868750e-24 2.8208664e-13 7.9160133e-05
2.5735736e+00 3.1985821e-24 2.5515952e-13 7.5400580e-05
2.5765766e+00 2.7746441e-24 2.3075756e-13 7.1782402e-05
2.5795796e+00 2.4071883e-24 2.0864836e-13 6.8457516e-05
2.5825826e+00 2.0870669e-24 1.8862051e-13 6.5272019e-05
2.5855856e+00 1.8095712e-24 1.7048170e-13 6.2212294e-05
2.5885886e+00 1.5687571e-24 1.5420614e-13 5.9213467e-05
2.5915916e+00 1.3597714e-24 1.3946966e-13 5.6363709e-05
2.5945946e+00 1.1777260e-24 1.2611658e-13 5.3685499e-05
2.5975976e+00 1.0198478e-24 1.1401947e-13 5.1098993e-05
2.6006006e+00 8.8296111e-25 1.0306239e-13 4.8549438e-05
2.6036036e+00 7.6436162e-25 9.3133373e-14 4.6123265e-05
2.6066066e+00 6.6180036e-25 8.4093367e-14 4.3883390e-05
2.6096096e+00 5.7297923e-25 7.5915895e-14 4.1771398e-05
2.6126126e+00 4.9591552e-25 6.8520143e-14 3.9598219e-05
2.6156156e+00 4.2900554e-25 6.1832723e-14 3.7622142e-05
2.6186186e+00 3.7084659e-25 5.5787006e-14 3.5800180e-05
2.6216216e+00 3.2097766e-25 5.0322511e-14 3.4059736e-05
2.6246246e+00 2.7751413e-25 4.5384351e-14 3.2396187e-05
2.6276276e+00 2.3967874e-25 4.0922722e-14 3.0767460e-05
2.6306306e+00 2.0700970e-25 3.6892447e-14 2.9195926e-05
2.6336336e+00 1.7884649e-25 3.3252553e-14 2.7720379e-05
2.6366366e+00 1.5458181e-25 2.9965883e-14 2.6281510e-05
2.6396396e+00 1.3357584e-25 2.6998755e-14 2.4928409e-05
2.6426426e+00 1.1531235e-25 2.4320638e-14 2.3682979e-05
2.6456456e+00 9.9624831e-26 2.1903866e-14 2.2468420e-05
2.6486486e+00 8.5991087e-26 1.9726559e-14 2.1301391e-05
2.6516517e+00 7.4144716e-26 1.7754424e-14 2.0186676e-05
2.6546547e+00 6.3924904e-26 1.5974694e-14 1.9122337e-05
2.6576577e+00 5.5105917e-26 1.4375502e-14 1.8148607e-05
2.6606607e+00 4.7495107e-26 1.2934922e-14 1.7217285e-05
2.6636637e+00 4.0983913e-26 1.1643306e-14 1.6309826e-05
2.6666667e+00 3.5337526e-26 1.0478597e-14 1.5450667e-05
2.6696697e+00 3.0459451e-26 9.4285384e-15 1.4639976e-05
2.6726727e+00 2.6230903e-26 8.4820335e-15 1.3851369e-05
2.6756757e+00 2.2586937e-26 7.6290415e-15 1.3107200e-05
2.6786787e+00 1.9474792e-26 6.8591604e-15 1.2422259e-05
2.6816817e+00 1.6788671e-26 6.1607035e-15 1.1770790e-05
2.6846847e+00 1.4470211e-26 5.5322841e-15 1.1147520e-05
2.6876877e+00 1.2465764e-26 4.9669920e-15 1.0554553e-05
2.6906907e+00 1.0724766e-26 4.4585872e-15 9.9760689e-06
2.6936937e+00 9.2246799e-27 4.0014362e-15 9.4247646e-06
2.6966967e+00 7.9331991e-27 3.5938960e-15 8.9047158e-06
2.6996997e+00 6.8214497e-27 3.2273520e-15 8.4213348e-06
2.7027027e+00 5.8667614e-27 2.8976208e-15 7.9640111e-06
2.7057057e+00 5.0487594e-27 2.6010647e-15 7.5229909e-06
2.7087087e+00 4.3439627e-27 2.3343992e-15 7.1147578e-06
2.7117117e+00 3.7351655e-27 2.0933482e-15 6.7203142e-06
2.7147147e+00 3.2098659e-27 1.8756512e-15 6.3386686e-06
2.7177177e+00 2.7580066e-27 1.6802648e-15 5.9807237e-06
2.7207207e+00 2.3700324e-27 1.5049373e-15 5.6449139e-06
2.7237237e+00 2.0352362e-27 1.3476409e-15 5.3216077e-06
2.7267267e+00 1.7470135e-27 1.2065490e-15 5.0270408e-06
2.7297297e+00 1.5003354e-27 1.0795149e-15 4.7480890e-06
2.7327327e+00 1.2881860e-27 9.6551324e-16 4.4822112e-06
2.7357357e+00 1.1055180e-27 8.6424380e-16 4.2282428e-06
2.7387387e+00 9.4835956e-28 7.7361563e-16 3.9855149e-06
2.7417417e+00 8.1385920e-28 6.9235488e-16 3.7576546e-06
2.7447447e+00 6.9807946e-28 6.1950786e-16 3.5418457e-06
2.7477477e+00 5.9913098e-28 5.5421648e-16 3.3383991e-06
2.7507508e+00 5.1425624e-28 4.9570877e-16 3.1440614e-06
2.7537538e+00 4.4133768e-28 4.4329039e-16 2.9638293e-06
2.7567568e+00 3.7827188e-28 3.9633696e-16 2.7925770e-06
2.7597598e+00 3.2417619e-28 3.5428714e-16 2.6283406e-06
2.7627628e+00 2.7787180e-28 3.1663633e-16 2.4762027e-06
2.7657658e+00 2.3804693e-28 2.8285645e-16 2.3253954e-06
2.7687688e+00 2.0387981e-28 2.5245520e-16 2.1882329e-06
2.7717718e+00 1.7459561e-28 2.2527707e-16 2.0583099e-06
2.7747748e+00 1.4940102e-28 2.0098521e-16 1.9361407e-06
2.7777778e+00 1.2786457e-28 1.7943152e-16 1.8217767e-06
2.7807808e+00 1.0943633e-28 1.6017272e-16 1.7129437e-06
2.7837838e+00 9.3526767e-29 1.4295288e-16 1.6079112e-06
2.7867868e+00 7.9981287e-29 1.2755921e-16 1.5107344e-06
2.7897898e+00 6.8422791e-29 1.1370391e-16 1.4207140e-06
2.7927928e+00 5.8543195e-29 1.0132378e-16 1.3361158e-06
2.7957958e+00 5.0086257e-29 9.0273814e-17 1.2546240e-06
2.7987988e+00 4.2834161e-29 8.0413068e-17 1.1771144e-06
2.8018018e+00 3.6617985e-29 7.1615315e-17 1.1040506e-06
2.8048048e+00 3.1288208e-29 6.3767534e-17 1.0353178e-06
2.8078078e+00 2.6727102e-29 5.6768545e-17 9.7222162e-07
2.8108108e+00 2.2826438e-29 5.0527794e-17 9.1272685e-07
2.8138138e+00 1.9488834e-29 4.4964250e-17 8.5570108e-07
2.8168168e+00 1.6631900e-29 4.0005416e-17 8.0262070e-07
2.8198198e+00 1.4186156e-29 3.5601917e-17 7.5326963e-07
2.8228228e+00 1.2106810e-29 3.1692527e-17 7.0632125e-07
2.8258258e+00 1.0331166e-29 2.8206868e-17 6.6158678e-07
2.8288288e+00 8.8179582e-30 2.5099635e-17 6.1963852e-07
2.8318318e+00 7.5249311e-30 2.2330296e-17 5.8122341e-07
2.8348348e+00 6.4143515e-30 1.9862600e-17 5.4498639e-07
2.8378378e+00 5.4666505e-30 1.7664129e-17 5.1053788e-07
2.8408408e+00 4.6623305e-30 1.5706448e-17 4.7780127e-07
2.8438438e+00 3.9762042e-30 1.3970592e-17 4.4704432e-07
2.8468468e+00 3.3874301e-30 1.2424130e-17 4.1850674e-07
2.8498498e+00 2.8853368e-30 1.1046675e-17 3.9145910e-07
2.8528529e+00 2.4578630e-30 9.8185099e-18 3.6597807e-07
2.8558559e+00 2.0932260e-30 8.7214483e-18 3.4271633e-07
2.8588589e+00 1.7820837e-30 7.7454413e-18 3.2074964e-07
2.8618619e+00 1.5168937e-30 6.8773044e-18 2.9947759e-07
2.8648649e+00 1.2909138e-30 6.1052697e-18 2.8026105e-07
2.8678679e+00 1.0982342e-30 5.4188357e-18 2.6223747e-07
2.8708709e+00 9.3369799e-31 4.8086331e-18 2.4528023e-07
2.8738739e+00 7.9369028e-31 4.2663042e-18 2.2924305e-07
2.8768769e+00 6.7455584e-31 3.7843955e-18 2.1435838e-07
2.8798799e+00 5.7382417e-31 3.3566151e-18 2.0044285e-07
2.8828829e+00 4.8811933e-31 2.9764087e-18 1.8697517e-07
2.8858859e+00 4.1483127e-31 2.6386366e-18 1.7422859e-07
2.8888889e+00 3.5241231e-31 2.3387356e-18 1.6231047e-07
2.8918919e+00 2.9933339e-31 2.0725126e-18 1.5117780e-07
2.8948949e+00 2.5421509e-31 1.8362329e-18 1.4111845e-07
2.8978979e+00 2.1586175e-31 1.6257793e-18 1.3178283e-07
2.9009009e+00 1.8323248e-31 1.4390507e-18 1.2278680e-07
2.9039039e+00 1.5551740e-31 1.2735177e-18 1.1449249e-07
2.9069069e+00 1.3205499e-31 1.1268036e-18 1.0678327e-07
2.9099099e+00 1.1213125e-31 9.9679504e-19 9.9620391e-08
2.9129129e+00 9.5186855e-32 8.8161280e-19 9.2881683e-08
2.9159159e+00 8.0792769e-32 7.7958647e-19 8.6642449e-08
2.9189189e+00 6.8538213e-32 6.8923143e-19 8.0806397e-08
2.9219219e+00 5.8120272e-32 6.0922854e-19 7.5241385e-08
2.9249249e+00 4.9276657e-32 5.3840588e-19 7.0032072e-08
2.9279279e+00 4.1788245e-32 4.7582753e-19 6.5208085e-08
2.9309309e+00 3.5415795e-32 4.2058009e-19 6.0748529e-08
2.9339339e+00 3.0006302e-32 3.7167416e-19 5.6559157e-08
2.9369369e+00 2.5418106e-32 3.2839047e-19 5.2586141e-08
2.9399399e+00 2.1527277e-32 2.8995583e-19 4.8913573e-08
2.9429429e+00 1.8228470e-32 2.5594641e-19 4.5473565e-08
2.9459459e+00 1.5432600e-32 2.2588148e-19 4.2260629e-08
2.9489489e+00 1.3067077e-32 1.9930885e-19 3.9315374e-08
2.9519520e+00 1.1059424e-32 1.7582755e-19 3.6574033e-08
2.9549550e+00 9.3537356e-33 1.5508210e-19 3.3972104e-08
2.9579580e+00 7.9119577e-33 1.3675738e-19 3.1501177e-08
2.9609610e+00 6.6916977e-33 1.2057416e-19 2.9245491e-08
2.9639640e+00 5.6585332e-33 1.0628504e-19 2.7193357e-08
2.9669670e+00 4.7839498e-33 9.3670834e-20 2.5266866e-08
2.9699700e+00 4.0437525e-33 8.2537445e-20 2.3454013e-08
2.9729730e+00 3.4174148e-33 7.2712996e-20 2.1764509e-08
2.9759760e+00 2.8875378e-33 6.4045326e-20 2.0190189e-08
2.9789790e+00 2.4395292e-33 5.6399756e-20 1.8722598e-08
2.9819820e+00 2.0611866e-33 4.9657104e-20 1.7356370e-08
2.9849850e+00 1.7413157e-33 4.3711925e-20 1.6086666e-08
2.9879880e+00 1.4708120e-33 3.8470946e-20 1.4917672e-08
2.9909910e+00 1.2407151e-33 3.3855711e-20 1.3842006e-08
2.9939940e+00 1.0473393e-33 2.9800678e-20 1.2839215e-08
2.9969970e+00 8.8419846e-34 2.6226169e-20 1.1894129e-08
3.0000000e+00 7.4653338e-34 2.3075870e-20 1.1030576e-08
