X KDE_INF KDE_MED KDE_SUP
-4.0000000e+00 1.0840025e-05 2.2157295e-03 1.9635943e-02
-3.9919920e+00 1.1565712e-05 2.2614707e-03 1.9767001e-02
-3.9839840e+00 1.2302005e-05 2.3155118e-03 1.9862503e-02
-3.9759760e+00 1.3124115e-05 2.3701494e-03 1.9921914e-02
-3.9679680e+00 1.3821478e-05 2.4251312e-03 2.0058443e-02
-3.9599600e+00 1.4674437e-05 2.4934108e-03 2.0122880e-02
-3.9519520e+00 1.5510929e-05 2.5630136e-03 2.0222888e-02
-3.9439439e+00 1.6361062e-05 2.6197938e-03 2.0367913e-02
-3.9359359e+00 1.7315447e-05 2.6692635e-03 2.0480826e-02
-3.9279279e+00 1.8451870e-05 2.7333742e-03 2.0567349e-02
-3.9199199e+00 1.9405996e-05 2.7949496e-03 2.0741583e-02
-3.9119119e+00 2.0717937e-05 2.8568130e-03 2.0870019e-02
-3.9039039e+00 2.2044760e-05 2.9213154e-03 2.1026763e-02
-3.8958959e+00 2.3404412e-05 2.9845625e-03 2.1129817e-02
-3.8878879e+00 2.4927170e-05 3.0470546e-03 2.1205959e-02
-3.8798799e+00 2.6282971e-05 3.0952072e-03 2.1345201e-02
-3.8718719e+00 2.7644816e-05 3.1520525e-03 2.1426208e-02
-3.8638639e+00 2.9376303e-05 3.2230140e-03 2.1534775e-02
-3.8558559e+00 3.1263928e-05 3.3034051e-03 2.1676385e-02
-3.8478478e+00 3.3058074e-05 3.3665671e-03 2.1781097e-02
-3.8398398e+00 3.5004559e-05 3.4447661e-03 2.1919251e-02
-3.8318318e+00 3.6912495e-05 3.5195724e-03 2.2029650e-02
-3.8238238e+00 3.8736384e-05 3.6045514e-03 2.2197573e-02
-3.8158158e+00 4.0989122e-05 3.6888311e-03 2.2364013e-02
-3.8078078e+00 4.3517101e-05 3.7838761e-03 2.2482812e-02
-3.7997998e+00 4.6104453e-05 3.8580994e-03 2.2603093e-02
-3.7917918e+00 4.8407992e-05 3.9295941e-03 2.2756588e-02
-3.7837838e+00 5.0630660e-05 4.0301504e-03 2.2903374e-02
-3.7757758e+00 5.3171330e-05 4.1145820e-03 2.3066431e-02
-3.7677678e+00 5.6046206e-05 4.2083291e-03 2.3246352e-02
-3.7597598e+00 5.8932159e-05 4.2940506e-03 2.3407046e-02
-3.7517518e+00 6.2233073e-05 4.3680921e-03 2.3620016e-02
-3.7437437e+00 6.5867927e-05 4.4676540e-03 2.3731030e-02
-3.7357357e+00 6.9257682e-05 4.5554893e-03 2.3939078e-02
-3.7277277e+00 7.2782423e-05 4.6484116e-03 2.4048446e-02
-3.7197197e+00 7.5719403e-05 4.7468950e-03 2.4172968e-02
-3.7117117e+00 7.9419759e-05 4.8392595e-03 2.4377262e-02
-3.7037037e+00 8.3811522e-05 4.9162937e-03 2.4528789e-02
-3.6956957e+00 8.7897650e-05 5.0218218e-03 2.4696159e-02
-3.6876877e+00 9.3347379e-05 5.1126762e-03 2.4873568e-02
-3.6796797e+00 9.7576504e-05 5.2055353e-03 2.5024311e-02
-3.6716717e+00 1.0187829e-04 5.3195466e-03 2.5210343e-02
-3.6636637e+00 1.0758669e-04 5.4297430e-03 2.5376769e-02
-3.6556557e+00 1.1311197e-04 5.5297993e-03 2.5551080e-02
-3.6476476e+00 1.1889123e-04 5.6366866e-03 2.5681827e-02
-3.6396396e+00 1.2505918e-04 5.7423707e-03 2.5898268e-02
-3.6316316e+00 1.3127964e-04 5.8758830e-03 2.6103285e-02
-3.6236236e+00 1.3718646e-04 5.9849349e-03 2.6242179e-02
-3.6156156e+00 1.4433306e-04 6.1111065e-03 2.6450295e-02
-3.6076076e+00 1.5175853e-04 6.2391233e-03 2.6671957e-02
-3.5995996e+00 1.5873761e-04 6.3667674e-03 2.6884363e-02
-3.5915916e+00 1.6504953e-04 6.4803511e-03 2.7061296e-02
-3.5835836e+00 1.7196410e-04 6.6185129e-03 2.7233951e-02
-3.5755756e+00 1.8012667e-04 6.7637236e-03 2.7410972e-02
-3.5675676e+00 1.8657087e-04 6.9017398e-03 2.7585366e-02
-3.5595596e+00 1.9587124e-04 7.0128253e-03 2.7818462e-02
-3.5515516e+00 2.0511262e-04 7.1643231e-03 2.8018576e-02
-3.5435435e+00 2.1606234e-04 7.2925241e-03 2.8140504e-02
-3.5355355e+00 2.2462173e-04 7.4387060e-03 2.8352670e-02
-3.5275275e+00 2.3369066e-04 7.5867641e-03 2.8493762e-02
-3.5195195e+00 2.4503445e-04 7.7095808e-03 2.8696170e-02
-3.5115115e+00 2.5747176e-04 7.8272704e-03 2.8978680e-02
-3.5035035e+00 2.6902931e-04 7.9641681e-03 2.9183326e-02
-3.4954955e+00 2.7870384e-04 8.1064843e-03 2.9359394e-02
-3.4874875e+00 2.9029598e-04 8.2421671e-03 2.9586264e-02
-3.4794795e+00 3.0485990e-04 8.4015705e-03 2.9775635e-02
-3.4714715e+00 3.1807774e-04 8.5384228e-03 2.9998855e-02
-3.4634635e+00 3.3280887e-04 8.6706808e-03 3.0218026e-02
-3.4554555e+00 3.4466833e-04 8.8058008e-03 3.0387282e-02
-3.4474474e+00 3.5932368e-04 8.9791312e-03 3.0621498e-02
-3.4394394e+00 3.7540569e-04 9.1155357e-03 3.0769119e-02
-3.4314314e+00 3.9242791e-04 9.2650786e-03 3.0959323e-02
-3.4234234e+00 4.1100877e-04 9.4112194e-03 3.1204395e-02
-3.4154154e+00 4.2806432e-04 9.5538363e-03 3.1426733e-02
-3.4074074e+00 4.4737412e-04 9.7157432e-03 3.1652522e-02
-3.3993994e+00 4.6585973e-04 9.8953432e-03 3.1853847e-02
-3.3913914e+00 4.8717230e-04 1.0056775e-02 3.2075989e-02
-3.3833834e+00 5.0777244e-04 1.0217887e-02 3.2276826e-02
-3.3753754e+00 5.3279331e-04 1.0402478e-02 3.2491931e-02
-3.3673674e+00 5.5627217e-04 1.0553156e-02 3.2652680e-02
-3.3593594e+00 5.8005158e-04 1.0733760e-02 3.2888809e-02
-3.3513514e+00 5.9795937e-04 1.0912937e-02 3.3147522e-02
-3.3433433e+00 6.2310114e-04 1.1078798e-02 3.3388386e-02
-3.3353353e+00 6.5461868e-04 1.1236229e-02 3.3611916e-02
-3.3273273e+00 6.8100954e-04 1.1435117e-02 3.3852261e-02
-3.3193193e+00 7.0505052e-04 1.1628482e-02 3.4011820e-02
-3.3113113e+00 7.4002393e-04 1.1800737e-02 3.4183170e-02
-3.3033033e+00 7.7005926e-04 1.1992809e-02 3.4338739e-02
-3.2952953e+00 8.0348439e-04 1.2181414e-02 3.4454774e-02
-3.2872873e+00 8.3597096e-04 1.2366225e-02 3.4591999e-02
-3.2792793e+00 8.7175784e-04 1.2529956e-02 3.4817713e-02
-3.2712713e+00 9.0475546e-04 1.2685382e-02 3.4990279e-02
-3.2632633e+00 9.4658224e-04 1.2863616e-02 3.5235925e-02
-3.2552553e+00 9.8139676e-04 1.3054266e-02 3.5542085e-02
-3.2472472e+00 1.0228817e-03 1.3217738e-02 3.5778676e-02
-3.2392392e+00 1.0494578e-03 1.3357580e-02 3.6016383e-02
-3.2312312e+00 1.0890888e-03 1.3545943e-02 3.6254773e-02
-3.2232232e+00 1.1333007e-03 1.3741011e-02 3.6506134e-02
-3.2152152e+00 1.1754985e-03 1.3903770e-02 3.6766500e-02
-3.2072072e+00 1.2180787e-03 1.4052763e-02 3.7052897e-02
-3.1991992e+00 1.2563722e-03 1.4246468e-02 3.7355759e-02
-3.1911912e+00 1.3017601e-03 1.4428337e-02 3.7711712e-02
-3.1831832e+00 1.3476913e-03 1.4591659e-02 3.8036888e-02
-3.1751752e+00 1.3999226e-03 1.4766158e-02 3.8394327e-02
-3.1671672e+00 1.4497867e-03 1.4970408e-02 3.8726842e-02
-3.1591592e+00 1.4981888e-03 1.5150290e-02 3.9034040e-02
-3.1511512e+00 1.5600745e-03 1.5343848e-02 3.9341743e-02
-3.1431431e+00 1.6070963e-03 1.5531782e-02 3.9666153e-02
-3.1351351e+00 1.6672700e-03 1.5712471e-02 3.9978863e-02
-3.1271271e+00 1.7215709e-03 1.5873875e-02 4.0284685e-02
-3.1191191e+00 1.7815466e-03 1.6043944e-02 4.0574309e-02
-3.1111111e+00 1.8451167e-03 1.6198302e-02 4.0787059e-02
-3.1031031e+00 1.9054470e-03 1.6372046e-02 4.1182736e-02
-3.0950951e+00 1.9755441e-03 1.6534362e-02 4.1469069e-02
-3.0870871e+00 2.0404021e-03 1.6698324e-02 4.1819161e-02
-3.0790791e+00 2.1103868e-03 1.6854518e-02 4.2106693e-02
-3.0710711e+00 2.1739443e-03 1.7009186e-02 4.2440174e-02
-3.0630631e+00 2.2480501e-03 1.7121087e-02 4.2784825e-02
-3.0550551e+00 2.3274749e-03 1.7225101e-02 4.3173647e-02
-3.0470470e+00 2.3984897e-03 1.7354635e-02 4.3460723e-02
-3.0390390e+00 2.4833488e-03 1.7488821e-02 4.3818052e-02
-3.0310310e+00 2.5483879e-03 1.7640821e-02 4.4130194e-02
-3.0230230e+00 2.6256315e-03 1.7791728e-02 4.4494762e-02
-3.0150150e+00 2.7065875e-03 1.7954845e-02 4.4843597e-02
-3.0070070e+00 2.7937735e-03 1.8151259e-02 4.5145866e-02
-2.9989990e+00 2.8795524e-03 1.8338175e-02 4.5396014e-02
-2.9909910e+00 2.9746294e-03 1.8507437e-02 4.5762561e-02
-2.9829830e+00 3.0612056e-03 1.8708370e-02 4.6077947e-02
-2.9749750e+00 3.1632738e-03 1.8918362e-02 4.6370518e-02
-2.9669670e+00 3.2704365e-03 1.9143300e-02 4.6748931e-02
-2.9589590e+00 3.3624274e-03 1.9366532e-02 4.7068987e-02
-2.9509510e+00 3.4694406e-03 1.9581211e-02 4.7343127e-02
-2.9429429e+00 3.5805535e-03 1.9816306e-02 4.7654019e-02
-2.9349349e+00 3.6963985e-03 2.0023634e-02 4.7966824e-02
-2.9269269e+00 3.7910609e-03 2.0251873e-02 4.8317587e-02
-2.9189189e+00 3.9044270e-03 2.0496869e-02 4.8559550e-02
-2.9109109e+00 4.0259566e-03 2.0729691e-02 4.8843898e-02
-2.9029029e+00 4.1644659e-03 2.0959091e-02 4.9166134e-02
-2.8948949e+00 4.2723961e-03 2.1209442e-02 4.9426157e-02
-2.8868869e+00 4.3868342e-03 2.1454236e-02 4.9666402e-02
-2.8788789e+00 4.5088157e-03 2.1688363e-02 4.9946765e-02
-2.8708709e+00 4.6413360e-03 2.1953763e-02 5.0177170e-02
-2.8628629e+00 4.7875584e-03 2.2160303e-02 5.0446001e-02
-2.8548549e+00 4.9247960e-03 2.2419220e-02 5.0725924e-02
-2.8468468e+00 5.0565595e-03 2.2704043e-02 5.1025116e-02
-2.8388388e+00 5.1851005e-03 2.2924095e-02 5.1262894e-02
-2.8308308e+00 5.3254655e-03 2.3196160e-02 5.1529223e-02
-2.8228228e+00 5.4663147e-03 2.3455921e-02 5.1846195e-02
-2.8148148e+00 5.6153606e-03 2.3718432e-02 5.2147648e-02
-2.8068068e+00 5.7580507e-03 2.4001152e-02 5.2374998e-02
-2.7987988e+00 5.9117843e-03 2.4297020e-02 5.2682222e-02
-2.7907908e+00 6.0743349e-03 2.4589603e-02 5.2986445e-02
-2.7827828e+00 6.2371975e-03 2.4851726e-02 5.3211268e-02
-2.7747748e+00 6.4091187e-03 2.5147965e-02 5.3507425e-02
-2.7667668e+00 6.5605465e-03 2.5396367e-02 5.3816949e-02
-2.7587588e+00 6.7456944e-03 2.5671682e-02 5.4083931e-02
-2.7507508e+00 6.8890261e-03 2.5929428e-02 5.4366223e-02
-2.7427427e+00 7.0538399e-03 2.6219670e-02 5.4696642e-02
-2.7347347e+00 7.2266351e-03 2.6430618e-02 5.5021496e-02
-2.7267267e+00 7.4385209e-03 2.6740047e-02 5.5266990e-02
-2.7187187e+00 7.6617779e-03 2.7030147e-02 5.5647110e-02
-2.7107107e+00 7.8521249e-03 2.7268120e-02 5.5998860e-02
-2.7027027e+00 8.0607994e-03 2.7568040e-02 5.6326466e-02
-2.6946947e+00 8.2367624e-03 2.7884646e-02 5.6632480e-02
-2.6866867e+00 8.4411616e-03 2.8180080e-02 5.6977585e-02
-2.6786787e+00 8.6630293e-03 2.8498706e-02 5.7294035e-02
-2.6706707e+00 8.8999731e-03 2.8816347e-02 5.7649482e-02
-2.6626627e+00 9.0797435e-03 2.9132930e-02 5.7980286e-02
-2.6546547e+00 9.2842035e-03 2.9363149e-02 5.8325518e-02
-2.6466466e+00 9.4786083e-03 2.9687759e-02 5.8655532e-02
-2.6386386e+00 9.6809685e-03 3.0003122e-02 5.8990476e-02
-2.6306306e+00 9.9127066e-03 3.0321566e-02 5.9314345e-02
-2.6226226e+00 1.0152966e-02 3.0656458e-02 5.9689257e-02
-2.6146146e+00 1.0390896e-02 3.1017500e-02 6.0069256e-02
-2.6066066e+00 1.0617557e-02 3.1307668e-02 6.0445232e-02
-2.5985986e+00 1.0886622e-02 3.1594756e-02 6.0849671e-02
-2.5905906e+00 1.1110420e-02 3.1897959e-02 6.1232733e-02
-2.5825826e+00 1.1359691e-02 3.2137899e-02 6.1525338e-02
-2.5745746e+00 1.1606180e-02 3.2406853e-02 6.1923563e-02
-2.5665666e+00 1.1866330e-02 3.2735174e-02 6.2296489e-02
-2.5585586e+00 1.2109987e-02 3.2998343e-02 6.2615464e-02
-2.5505506e+00 1.2366710e-02 3.3306550e-02 6.3011020e-02
-2.5425425e+00 1.2563667e-02 3.3621886e-02 6.3357193e-02
-2.5345345e+00 1.2806908e-02 3.3963547e-02 6.3640028e-02
-2.5265265e+00 1.3060786e-02 3.4253283e-02 6.4006663e-02
-2.5185185e+00 1.3311037e-02 3.4514344e-02 6.4417160e-02
-2.5105105e+00 1.3604225e-02 3.4834250e-02 6.4828817e-02
-2.5025025e+00 1.3884876e-02 3.5157120e-02 6.5211286e-02
-2.4944945e+00 1.4149944e-02 3.5465289e-02 6.5664820e-02
-2.4864865e+00 1.4423854e-02 3.5764095e-02 6.6088372e-02
-2.4784785e+00 1.4690402e-02 3.6114997e-02 6.6588939e-02
-2.4704705e+00 1.4919706e-02 3.6463658e-02 6.7036751e-02
-2.4624625e+00 1.5161180e-02 3.6807076e-02 6.7457485e-02
-2.4544545e+00 1.5439335e-02 3.7192386e-02 6.7868868e-02
-2.4464464e+00 1.5700094e-02 3.7499458e-02 6.8337630e-02
-2.4384384e+00 1.6030840e-02 3.7898441e-02 6.8769961e-02
-2.4304304e+00 1.6330442e-02 3.8216893e-02 6.9219226e-02
-2.4224224e+00 1.6640199e-02 3.8619781e-02 6.9600764e-02
-2.4144144e+00 1.6920278e-02 3.9012016e-02 7.0057028e-02
-2.4064064e+00 1.7232333e-02 3.9374787e-02 7.0493363e-02
-2.3983984e+00 1.7540352e-02 3.9746532e-02 7.0991058e-02
-2.3903904e+00 1.7838430e-02 4.0154048e-02 7.1445347e-02
-2.3823824e+00 1.8153620e-02 4.0587249e-02 7.1972867e-02
-2.3743744e+00 1.8478824e-02 4.1012903e-02 7.2510551e-02
-2.3663664e+00 1.8818375e-02 4.1433906e-02 7.2960297e-02
-2.3583584e+00 1.9128199e-02 4.1939893e-02 7.3454411e-02
-2.3503504e+00 1.9486435e-02 4.2377589e-02 7.3991917e-02
-2.3423423e+00 1.9861187e-02 4.2879612e-02 7.4523042e-02
-2.3343343e+00 2.0254957e-02 4.3387169e-02 7.5082491e-02
-2.3263263e+00 2.0596316e-02 4.3886799e-02 7.5672231e-02
-2.3183183e+00 2.0985450e-02 4.4398460e-02 7.6268909e-02
-2.3103103e+00 2.1354919e-02 4.4867460e-02 7.6905743e-02
-2.3023023e+00 2.1778934e-02 4.5358153e-02 7.7443682e-02
-2.2942943e+00 2.2147955e-02 4.5856703e-02 7.8046499e-02
-2.2862863e+00 2.2562549e-02 4.6398502e-02 7.8641313e-02
-2.2782783e+00 2.2964471e-02 4.6913208e-02 7.9284838e-02
-2.2702703e+00 2.3427937e-02 4.7431367e-02 7.9918250e-02
-2.2622623e+00 2.3895519e-02 4.8021568e-02 8.0562463e-02
-2.2542543e+00 2.4340650e-02 4.8597152e-02 8.1167724e-02
-2.2462462e+00 2.4790469e-02 4.9193567e-02 8.1866427e-02
-2.2382382e+00 2.5257675e-02 4.9813561e-02 8.2656470e-02
-2.2302302e+00 2.5730403e-02 5.0391912e-02 8.3402803e-02
-2.2222222e+00 2.6217806e-02 5.0996889e-02 8.4010136e-02
-2.2142142e+00 2.6756628e-02 5.1650933e-02 8.4753743e-02
-2.2062062e+00 2.7263352e-02 5.2297122e-02 8.5537262e-02
-2.1981982e+00 2.7810949e-02 5.2983126e-02 8.6270769e-02
-2.1901902e+00 2.8358795e-02 5.3663455e-02 8.7064094e-02
-2.1821822e+00 2.8916625e-02 5.4383891e-02 8.7903725e-02
-2.1741742e+00 2.9484855e-02 5.5072131e-02 8.8686461e-02
-2.1661662e+00 3.0066894e-02 5.5796049e-02 8.9458309e-02
-2.1581582e+00 3.0702678e-02 5.6534873e-02 9.0364447e-02
-2.1501502e+00 3.1338299e-02 5.7299582e-02 9.1239871e-02
-2.1421421e+00 3.1958354e-02 5.8007640e-02 9.2123166e-02
-2.1341341e+00 3.2608195e-02 5.8750669e-02 9.3147470e-02
-2.1261261e+00 3.3254521e-02 5.9558490e-02 9.3978132e-02
-2.1181181e+00 3.3895716e-02 6.0358165e-02 9.4901767e-02
-2.1101101e+00 3.4574057e-02 6.1181852e-02 9.5891161e-02
-2.1021021e+00 3.5252007e-02 6.2039089e-02 9.6888588e-02
-2.0940941e+00 3.5976303e-02 6.2907160e-02 9.7963179e-02
-2.0860861e+00 3.6693943e-02 6.3773676e-02 9.8984870e-02
-2.0780781e+00 3.7460313e-02 6.4666783e-02 1.0004269e-01
-2.0700701e+00 3.8152942e-02 6.5566723e-02 1.0109611e-01
-2.0620621e+00 3.8945771e-02 6.6515502e-02 1.0223552e-01
-2.0540541e+00 3.9687128e-02 6.7440455e-02 1.0328726e-01
-2.0460460e+00 4.0534791e-02 6.8397128e-02 1.0440927e-01
-2.0380380e+00 4.1405991e-02 6.9401470e-02 1.0542145e-01
-2.0300300e+00 4.2315542e-02 7.0420767e-02 1.0660619e-01
-2.0220220e+00 4.3189530e-02 7.1434590e-02 1.0786113e-01
-2.0140140e+00 4.4096651e-02 7.2541422e-02 1.0912902e-01
-2.0060060e+00 4.5029947e-02 7.3626346e-02 1.1033569e-01
-1.9979980e+00 4.6000825e-02 7.4745812e-02 1.1166871e-01
-1.9899900e+00 4.6922593e-02 7.5850905e-02 1.1300018e-01
-1.9819820e+00 4.7879315e-02 7.7008981e-02 1.1428070e-01
-1.9739740e+00 4.8819386e-02 7.8228073e-02 1.1559659e-01
-1.9659660e+00 4.9817729e-02 7.9475869e-02 1.1713576e-01
-1.9579580e+00 5.0861497e-02 8.0680677e-02 1.1856481e-01
-1.9499499e+00 5.1896927e-02 8.1934557e-02 1.1995518e-01
-1.9419419e+00 5.2996507e-02 8.3247428e-02 1.2131282e-01
-1.9339339e+00 5.4085605e-02 8.4545971e-02 1.2279693e-01
-1.9259259e+00 5.5205555e-02 8.5869841e-02 1.2434069e-01
-1.9179179e+00 5.6378948e-02 8.7235889e-02 1.2588993e-01
-1.9099099e+00 5.7488079e-02 8.8634539e-02 1.2750615e-01
-1.9019019e+00 5.8698464e-02 9.0056735e-02 1.2915688e-01
-1.8938939e+00 5.9947578e-02 9.1505115e-02 1.3074841e-01
-1.8858859e+00 6.1215724e-02 9.2942318e-02 1.3228613e-01
-1.8778779e+00 6.2512539e-02 9.4506477e-02 1.3407924e-01
-1.8698699e+00 6.3766626e-02 9.6022973e-02 1.3588051e-01
-1.8618619e+00 6.5086814e-02 9.7563423e-02 1.3767934e-01
-1.8538539e+00 6.6346797e-02 9.9161392e-02 1.3950091e-01
-1.8458458e+00 6.7719085e-02 1.0075047e-01 1.4135139e-01
-1.8378378e+00 6.9110171e-02 1.0231747e-01 1.4320884e-01
-1.8298298e+00 7.0559564e-02 1.0398414e-01 1.4507695e-01
-1.8218218e+00 7.1973759e-02 1.0569498e-01 1.4703092e-01
-1.8138138e+00 7.3407984e-02 1.0738029e-01 1.4903563e-01
-1.8058058e+00 7.4922789e-02 1.0916238e-01 1.5098622e-01
-1.7977978e+00 7.6422989e-02 1.1096706e-01 1.5302911e-01
-1.7897898e+00 7.7988758e-02 1.1284562e-01 1.5507888e-01
-1.7817818e+00 7.9516374e-02 1.1472798e-01 1.5715358e-01
-1.7737738e+00 8.1145015e-02 1.1660330e-01 1.5923843e-01
-1.7657658e+00 8.2840184e-02 1.1852498e-01 1.6124081e-01
-1.7577578e+00 8.4479444e-02 1.2047790e-01 1.6351492e-01
-1.7497497e+00 8.6169967e-02 1.2244252e-01 1.6576361e-01
-1.7417417e+00 8.7958862e-02 1.2445759e-01 1.6802628e-01
-1.7337337e+00 8.9668283e-02 1.2643736e-01 1.7026147e-01
-1.7257257e+00 9.1395914e-02 1.2851591e-01 1.7254682e-01
-1.7177177e+00 9.3225878e-02 1.3058645e-01 1.7477875e-01
-1.7097097e+00 9.5121823e-02 1.3271341e-01 1.7715066e-01
-1.7017017e+00 9.6977388e-02 1.3489424e-01 1.7952276e-01
-1.6936937e+00 9.8907909e-02 1.3708935e-01 1.8192373e-01
-1.6856857e+00 1.0081833e-01 1.3928089e-01 1.8446193e-01
-1.6776777e+00 1.0283413e-01 1.4160484e-01 1.8703526e-01
-1.6696697e+00 1.0480321e-01 1.4389620e-01 1.8962502e-01
-1.6616617e+00 1.0682550e-01 1.4624280e-01 1.9231036e-01
-1.6536537e+00 1.0895256e-01 1.4867306e-01 1.9490255e-01
-1.6456456e+00 1.1111430e-01 1.5115037e-01 1.9764110e-01
-1.6376376e+00 1.1325232e-01 1.5352173e-01 2.0041016e-01
-1.6296296e+00 1.1542642e-01 1.5597867e-01 2.0296195e-01
-1.6216216e+00 1.1766478e-01 1.5858202e-01 2.0591364e-01
-1.6136136e+00 1.1991087e-01 1.6114409e-01 2.0877297e-01
-1.6056056e+00 1.2224774e-01 1.6372692e-01 2.1170092e-01
-1.5975976e+00 1.2466857e-01 1.6641673e-01 2.1458378e-01
-1.5895896e+00 1.2703159e-01 1.6906064e-01 2.1749103e-01
-1.5815816e+00 1.2944791e-01 1.7172827e-01 2.2048709e-01
-1.5735736e+00 1.3191849e-01 1.7455621e-01 2.2364646e-01
-1.5655656e+00 1.3444109e-01 1.7735551e-01 2.2679143e-01
-1.5575576e+00 1.3694580e-01 1.8024484e-01 2.2993272e-01
-1.5495495e+00 1.3949077e-01 1.8309632e-01 2.3301650e-01
-1.5415415e+00 1.4210195e-01 1.8596329e-01 2.3618278e-01
-1.5335335e+00 1.4467742e-01 1.8883860e-01 2.3948964e-01
-1.5255255e+00 1.4728316e-01 1.9177810e-01 2.4271255e-01
-1.5175175e+00 1.5003725e-01 1.9479666e-01 2.4591678e-01
-1.5095095e+00 1.5272942e-01 1.9775014e-01 2.4929116e-01
-1.5015015e+00 1.5548176e-01 2.0091388e-01 2.5257516e-01
-1.4934935e+00 1.5827537e-01 2.0408857e-01 2.5596061e-01
-1.4854855e+00 1.6094413e-01 2.0714823e-01 2.5956214e-01
-1.4774775e+00 1.6383233e-01 2.1036762e-01 2.6301980e-01
-1.4694695e+00 1.6676346e-01 2.1360843e-01 2.6658324e-01
-1.4614615e+00 1.6972551e-01 2.1680891e-01 2.7013334e-01
-1.4534535e+00 1.7273800e-01 2.2015107e-01 2.7371828e-01
-1.4454454e+00 1.7578127e-01 2.2353832e-01 2.7735488e-01
-1.4374374e+00 1.7876207e-01 2.2688533e-01 2.8104107e-01
-1.4294294e+00 1.8182515e-01 2.3022742e-01 2.8475472e-01
-1.4214214e+00 1.8490624e-01 2.3364430e-01 2.8849860e-01
-1.4134134e+00 1.8813925e-01 2.3721045e-01 2.9223299e-01
-1.4054054e+00 1.9130784e-01 2.4075825e-01 2.9592627e-01
-1.3973974e+00 1.9456413e-01 2.4425740e-01 2.9967295e-01
-1.3893894e+00 1.9784738e-01 2.4790506e-01 3.0353723e-01
-1.3813814e+00 2.0119646e-01 2.5151327e-01 3.0754917e-01
-1.3733734e+00 2.0455308e-01 2.5519249e-01 3.1161782e-01
-1.3653654e+00 2.0798936e-01 2.5885351e-01 3.1550221e-01
-1.3573574e+00 2.1139171e-01 2.6255067e-01 3.1953802e-01
-1.3493493e+00 2.1497917e-01 2.6631035e-01 3.2364349e-01
-1.3413413e+00 2.1845577e-01 2.7016154e-01 3.2773152e-01
-1.3333333e+00 2.2193210e-01 2.7403711e-01 3.3188252e-01
-1.3253253e+00 2.2547085e-01 2.7794676e-01 3.3613720e-01
-1.3173173e+00 2.2904401e-01 2.8185709e-01 3.4034342e-01
-1.3093093e+00 2.3262852e-01 2.8579784e-01 3.4466110e-01
-1.3013013e+00 2.3624284e-01 2.8978918e-01 3.4888356e-01
-1.2932933e+00 2.3984297e-01 2.9380603e-01 3.5308934e-01
-1.2852853e+00 2.4352832e-01 2.9781438e-01 3.5739468e-01
-1.2772773e+00 2.4728091e-01 3.0198864e-01 3.6180934e-01
-1.2692693e+00 2.5115741e-01 3.0607914e-01 3.6614747e-01
-1.2612613e+00 2.5502705e-01 3.1024861e-01 3.7062466e-01
-1.2532533e+00 2.5887312e-01 3.1435324e-01 3.7509568e-01
-1.2452452e+00 2.6285190e-01 3.1844367e-01 3.7950932e-01
-1.2372372e+00 2.6677675e-01 3.2263017e-01 3.8404560e-01
-1.2292292e+00 2.7083263e-01 3.2691803e-01 3.8854927e-01
-1.2212212e+00 2.7481419e-01 3.3125550e-01 3.9325060e-01
-1.2132132e+00 2.7876742e-01 3.3565040e-01 3.9783992e-01
-1.2052052e+00 2.8290469e-01 3.4001002e-01 4.0241020e-01
-1.1971972e+00 2.8693298e-01 3.4439329e-01 4.0710230e-01
-1.1891892e+00 2.9115606e-01 3.4886194e-01 4.1186950e-01
-1.1811812e+00 2.9534600e-01 3.5325797e-01 4.1668591e-01
-1.1731732e+00 2.9959508e-01 3.5769715e-01 4.2137487e-01
-1.1651652e+00 3.0391690e-01 3.6227726e-01 4.2612114e-01
-1.1571572e+00 3.0828071e-01 3.6695668e-01 4.3105089e-01
-1.1491491e+00 3.1254592e-01 3.7161974e-01 4.3582600e-01
-1.1411411e+00 3.1706206e-01 3.7620185e-01 4.4061065e-01
-1.1331331e+00 3.2146609e-01 3.8076427e-01 4.4559631e-01
-1.1251251e+00 3.2593089e-01 3.8535474e-01 4.5048972e-01
-1.1171171e+00 3.3038008e-01 3.9009612e-01 4.5540083e-01
-1.1091091e+00 3.3496967e-01 3.9492752e-01 4.6037095e-01
-1.1011011e+00 3.3960842e-01 3.9967776e-01 4.6523618e-01
-1.0930931e+00 3.4423844e-01 4.0454394e-01 4.7004078e-01
-1.0850851e+00 3.4886833e-01 4.0936661e-01 4.7512596e-01
-1.0770771e+00 3.5343222e-01 4.1428009e-01 4.8004797e-01
-1.0690691e+00 3.5815514e-01 4.1924451e-01 4.8508135e-01
-1.0610611e+00 3.6293078e-01 4.2422365e-01 4.9025922e-01
-1.0530531e+00 3.6773432e-01 4.2920421e-01 4.9551649e-01
-1.0450450e+00 3.7244310e-01 4.3433065e-01 5.0061654e-01
-1.0370370e+00 3.7726620e-01 4.3925583e-01 5.0566500e-01
-1.0290290e+00 3.8223975e-01 4.4430043e-01 5.1097913e-01
-1.0210210e+00 3.8707922e-01 4.4935110e-01 5.1619605e-01
-1.0130130e+00 3.9195231e-01 4.5443601e-01 5.2134935e-01
-1.0050050e+00 3.9682866e-01 4.5957471e-01 5.2655541e-01
-9.9699700e-01 4.0177186e-01 4.6479126e-01 5.3174420e-01
-9.8898899e-01 4.0654430e-01 4.6997077e-01 5.3689803e-01
-9.8098098e-01 4.1153113e-01 4.7503113e-01 5.4221760e-01
-9.7297297e-01 4.1659886e-01 4.8029131e-01 5.4758590e-01
-9.6496496e-01 4.2162346e-01 4.8537604e-01 5.5300901e-01
-9.5695696e-01 4.2661957e-01 4.9064905e-01 5.5852692e-01
-9.4894895e-01 4.3161262e-01 4.9582381e-01 5.6388545e-01
-9.4094094e-01 4.3670097e-01 5.0106306e-01 5.6920398e-01
-9.3293293e-01 4.4185795e-01 5.0632310e-01 5.7443133e-01
-9.2492492e-01 4.4705042e-01 5.1165396e-01 5.7986799e-01
-9.1691692e-01 4.5214137e-01 5.1699408e-01 5.8531858e-01
-9.0890891e-01 4.5734415e-01 5.2250017e-01 5.9080524e-01
-9.0090090e-01 4.6261379e-01 5.2796456e-01 5.9634496e-01
-8.9289289e-01 4.6793607e-01 5.3350417e-01 6.0198565e-01
-8.8488488e-01 4.7311224e-01 5.3891908e-01 6.0757125e-01
-8.7687688e-01 4.7856132e-01 5.4440230e-01 6.1315204e-01
-8.6886887e-01 4.8386350e-01 5.4983909e-01 6.1863675e-01
-8.6086086e-01 4.8913819e-01 5.5525570e-01 6.2414015e-01
-8.5285285e-01 4.9473775e-01 5.6066638e-01 6.2973709e-01
-8.4484484e-01 5.0004151e-01 5.6604077e-01 6.3536422e-01
-8.3683684e-01 5.0528651e-01 5.7156737e-01 6.4094021e-01
-8.2882883e-01 5.1073434e-01 5.7710071e-01 6.4662262e-01
-8.2082082e-01 5.1620188e-01 5.8256888e-01 6.5232123e-01
-8.1281281e-01 5.2155225e-01 5.8828055e-01 6.5811271e-01
-8.0480480e-01 5.2698295e-01 5.9376091e-01 6.6366232e-01
-7.9679680e-01 5.3237152e-01 5.9932279e-01 6.6948220e-01
-7.8878879e-01 5.3789148e-01 6.0504678e-01 6.7509520e-01
-7.8078078e-01 5.4328441e-01 6.1074253e-01 6.8090263e-01
-7.7277277e-01 5.4887381e-01 6.1630318e-01 6.8662536e-01
-7.6476476e-01 5.5431614e-01 6.2199838e-01 6.9249430e-01
-7.5675676e-01 5.5951163e-01 6.2759690e-01 6.9819018e-01
-7.4874875e-01 5.6499188e-01 6.3313731e-01 7.0372932e-01
-7.4074074e-01 5.7057490e-01 6.3889754e-01 7.0935404e-01
-7.3273273e-01 5.7606903e-01 6.4458148e-01 7.1515029e-01
-7.2472472e-01 5.8157510e-01 6.5012765e-01 7.2086580e-01
-7.1671672e-01 5.8693133e-01 6.5576117e-01 7.2664577e-01
-7.0870871e-01 5.9230834e-01 6.6135869e-01 7.3227637e-01
-7.0070070e-01 5.9786653e-01 6.6700133e-01 7.3779168e-01
-6.9269269e-01 6.0322986e-01 6.7275446e-01 7.4343585e-01
-6.8468468e-01 6.0877492e-01 6.7837148e-01 7.4904192e-01
-6.7667668e-01 6.1435190e-01 6.8403987e-01 7.5478096e-01
-6.6866867e-01 6.1983574e-01 6.8971030e-01 7.6048717e-01
-6.6066066e-01 6.2532034e-01 6.9529510e-01 7.6627952e-01
-6.5265265e-01 6.3084876e-01 7.0083633e-01 7.7196868e-01
-6.4464464e-01 6.3637438e-01 7.0640228e-01 7.7767321e-01
-6.3663664e-01 6.4194063e-01 7.1197988e-01 7.8319160e-01
-6.2862863e-01 6.4743720e-01 7.1756147e-01 7.8885460e-01
-6.2062062e-01 6.5283603e-01 7.2308988e-01 7.9477410e-01
-6.1261261e-01 6.5847402e-01 7.2881182e-01 8.0026330e-01
-6.0460460e-01 6.6404097e-01 7.3449246e-01 8.0598303e-01
-5.9659660e-01 6.6953072e-01 7.4008261e-01 8.1166826e-01
-5.8858859e-01 6.7495545e-01 7.4566890e-01 8.1713964e-01
-5.8058058e-01 6.8057861e-01 7.5123001e-01 8.2263950e-01
-5.7257257e-01 6.8583937e-01 7.5673798e-01 8.2793054e-01
-5.6456456e-01 6.9113960e-01 7.6218882e-01 8.3343113e-01
-5.5655656e-01 6.9655787e-01 7.6762627e-01 8.3882270e-01
-5.4854855e-01 7.0179373e-01 7.7302209e-01 8.4440822e-01
-5.4054054e-01 7.0710196e-01 7.7838483e-01 8.4989628e-01
-5.3253253e-01 7.1236918e-01 7.8379653e-01 8.5512315e-01
-5.2452452e-01 7.1755949e-01 7.8911981e-01 8.6021486e-01
-5.1651652e-01 7.2273126e-01 7.9442334e-01 8.6547970e-01
-5.0850851e-01 7.2796527e-01 7.9965565e-01 8.7059111e-01
-5.0050050e-01 7.3322402e-01 8.0496612e-01 8.7578378e-01
-4.9249249e-01 7.3837893e-01 8.1001462e-01 8.8083441e-01
-4.8448448e-01 7.4355393e-01 8.1525064e-01 8.8609519e-01
-4.7647648e-01 7.4852870e-01 8.2037615e-01 8.9116486e-01
-4.6846847e-01 7.5338668e-01 8.2548250e-01 8.9644856e-01
-4.6046046e-01 7.5849755e-01 8.3041733e-01 9.0159329e-01
-4.5245245e-01 7.6350129e-01 8.3539009e-01 9.0673964e-01
-4.4444444e-01 7.6861715e-01 8.4027363e-01 9.1153158e-01
-4.3643644e-01 7.7358699e-01 8.4518383e-01 9.1638375e-01
-4.2842843e-01 7.7830446e-01 8.5009487e-01 9.2117332e-01
-4.2042042e-01 7.8315304e-01 8.5484838e-01 9.2586596e-01
-4.1241241e-01 7.8767389e-01 8.5957330e-01 9.3045503e-01
-4.0440440e-01 7.9256441e-01 8.6428143e-01 9.3499698e-01
-3.9639640e-01 7.9728987e-01 8.6900093e-01 9.3983598e-01
-3.8838839e-01 8.0187451e-01 8.7358300e-01 9.4438704e-01
-3.8038038e-01 8.0617249e-01 8.7825774e-01 9.4895218e-01
-3.7237237e-01 8.1076387e-01 8.8264699e-01 9.5340918e-01
-3.6436436e-01 8.1517105e-01 8.8717019e-01 9.5785366e-01
-3.5635636e-01 8.1954304e-01 8.9151906e-01 9.6205327e-01
-3.4834835e-01 8.2380338e-01 8.9569644e-01 9.6631212e-01
-3.4034034e-01 8.2806552e-01 9.0009768e-01 9.7074489e-01
-3.3233233e-01 8.3209771e-01 9.0432471e-01 9.7482906e-01
-3.2432432e-01 8.3593905e-01 9.0853556e-01 9.7895995e-01
-3.1631632e-01 8.3973651e-01 9.1255620e-01 9.8310190e-01
-3.0830831e-01 8.4360208e-01 9.1640790e-01 9.8714301e-01
-3.0030030e-01 8.4729083e-01 9.2013484e-01 9.9085787e-01
-2.9229229e-01 8.5110422e-01 9.2379062e-01 9.9475272e-01
-2.8428428e-01 8.5482460e-01 9.2744259e-01 9.9850104e-01
-2.7627628e-01 8.5857345e-01 9.3104062e-01 1.0021222e+00
-2.6826827e-01 8.6206623e-01 9.3462604e-01 1.0057434e+00
-2.6026026e-01 8.6564109e-01 9.3808178e-01 1.0092229e+00
-2.5225225e-01 8.6908202e-01 9.4161255e-01 1.0126969e+00
-2.4424424e-01 8.7250204e-01 9.4500953e-01 1.0160750e+00
-2.3623624e-01 8.7575513e-01 9.4824551e-01 1.0192950e+00
-2.2822823e-01 8.7884252e-01 9.5136216e-01 1.0224290e+00
-2.2022022e-01 8.8202075e-01 9.5449219e-01 1.0255412e+00
-2.1221221e-01 8.8504066e-01 9.5740113e-01 1.0285171e+00
-2.0420420e-01 8.8786202e-01 9.6035413e-01 1.0315927e+00
-1.9619620e-01 8.9071976e-01 9.6313051e-01 1.0343814e+00
-1.8818819e-01 8.9359599e-01 9.6572573e-01 1.0371745e+00
-1.8018018e-01 8.9623406e-01 9.6823833e-01 1.0399615e+00
-1.7217217e-01 8.9886626e-01 9.7070790e-01 1.0425492e+00
-1.6416416e-01 9.0120874e-01 9.7307833e-01 1.0451170e+00
-1.5615616e-01 9.0347324e-01 9.7534474e-01 1.0473463e+00
-1.4814815e-01 9.0552238e-01 9.7750260e-01 1.0496180e+00
-1.4014014e-01 9.0781805e-01 9.7948915e-01 1.0515889e+00
-1.3213213e-01 9.0993624e-01 9.8152300e-01 1.0535713e+00
-1.2412412e-01 9.1182087e-01 9.8338341e-01 1.0555718e+00
-1.1611612e-01 9.1366666e-01 9.8528512e-01 1.0572571e+00
-1.0810811e-01 9.1540185e-01 9.8705349e-01 1.0589728e+00
-1.0010010e-01 9.1700970e-01 9.8863890e-01 1.0604964e+00
-9.2092092e-02 9.1838700e-01 9.9020106e-01 1.0622167e+00
-8.4084084e-02 9.1966503e-01 9.9162326e-01 1.0636130e+00
-7.6076076e-02 9.2093697e-01 9.9292063e-01 1.0649944e+00
-6.8068068e-02 9.2218628e-01 9.9407180e-01 1.0661905e+00
-6.0060060e-02 9.2327982e-01 9.9517779e-01 1.0671473e+00
-5.2052052e-02 9.2448421e-01 9.9627825e-01 1.0681576e+00
-4.4044044e-02 9.2541714e-01 9.9708861e-01 1.0689275e+00
-3.6036036e-02 9.2615110e-01 9.9783993e-01 1.0697410e+00
-2.8028028e-02 9.2675094e-01 9.9848894e-01 1.0701909e+00
-2.0020020e-02 9.2736856e-01 9.9890823e-01 1.0707289e+00
-1.2012012e-02 9.2794307e-01 9.9942236e-01 1.0712488e+00
-4.0040040e-03 9.2833557e-01 9.9972683e-01 1.0715164e+00
4.0040040e-03 9.2860350e-01 9.9999714e-01 1.0717921e+00
1.2012012e-02 9.2889655e-01 1.0000000e+00 1.0717740e+00
2.0020020e-02 9.2885200e-01 9.9997447e-01 1.0717826e+00
2.8028028e-02 9.2858463e-01 9.9971097e-01 1.0714652e+00
3.6036036e-02 9.2821316e-01 9.9945722e-01 1.0712350e+00
4.4044044e-02 9.2775845e-01 9.9905970e-01 1.0708490e+00
5.2052052e-02 9.2712853e-01 9.9856448e-01 1.0703236e+00
6.0060060e-02 9.2638182e-01 9.9792227e-01 1.0696388e+00
6.8068068e-02 9.2548079e-01 9.9717451e-01 1.0690226e+00
7.6076076e-02 9.2471064e-01 9.9641980e-01 1.0681189e+00
8.4084084e-02 9.2377278e-01 9.9547687e-01 1.0669972e+00
9.2092092e-02 9.2270878e-01 9.9443524e-01 1.0659978e+00
1.0010010e-01 9.2143472e-01 9.9320292e-01 1.0647943e+00
1.0810811e-01 9.2010194e-01 9.9195636e-01 1.0635358e+00
1.1611612e-01 9.1887055e-01 9.9060185e-01 1.0620978e+00
1.2412412e-01 9.1732937e-01 9.8918824e-01 1.0604244e+00
1.3213213e-01 9.1562483e-01 9.8751509e-01 1.0586618e+00
1.4014014e-01 9.1395063e-01 9.8583050e-01 1.0567762e+00
1.4814815e-01 9.1211417e-01 9.8412102e-01 1.0550347e+00
1.5615616e-01 9.1027204e-01 9.8218300e-01 1.0531574e+00
1.6416416e-01 9.0814908e-01 9.8012604e-01 1.0512092e+00
1.7217217e-01 9.0605601e-01 9.7773533e-01 1.0490689e+00
1.8018018e-01 9.0366467e-01 9.7549478e-01 1.0469031e+00
1.8818819e-01 9.0113576e-01 9.7324344e-01 1.0443686e+00
1.9619620e-01 8.9861312e-01 9.7077554e-01 1.0420138e+00
2.0420420e-01 8.9592909e-01 9.6821042e-01 1.0392638e+00
2.1221221e-01 8.9318871e-01 9.6534134e-01 1.0366974e+00
2.2022022e-01 8.9037989e-01 9.6245044e-01 1.0337454e+00
2.2822823e-01 8.8758060e-01 9.5957878e-01 1.0307874e+00
2.3623624e-01 8.8449798e-01 9.5658124e-01 1.0276614e+00
2.4424424e-01 8.8135818e-01 9.5353839e-01 1.0246163e+00
2.5225225e-01 8.7806293e-01 9.5035488e-01 1.0214918e+00
2.6026026e-01 8.7458705e-01 9.4689548e-01 1.0182374e+00
2.6826827e-01 8.7114075e-01 9.4343365e-01 1.0147620e+00
2.7627628e-01 8.6736715e-01 9.3986554e-01 1.0112965e+00
2.8428428e-01 8.6369372e-01 9.3625729e-01 1.0077052e+00
2.9229229e-01 8.5992473e-01 9.3230459e-01 1.0038202e+00
3.0030030e-01 8.5615608e-01 9.2850270e-01 9.9995381e-01
3.0830831e-01 8.5226698e-01 9.2450646e-01 9.9604405e-01
3.1631632e-01 8.4819988e-01 9.2048540e-01 9.9202510e-01
3.2432432e-01 8.4407993e-01 9.1621616e-01 9.8791049e-01
3.3233233e-01 8.3998348e-01 9.1183565e-01 9.8356113e-01
3.4034034e-01 8.3557547e-01 9.0735122e-01 9.7943946e-01
3.4834835e-01 8.3103259e-01 9.0284872e-01 9.7507233e-01
3.5635636e-01 8.2660113e-01 8.9825617e-01 9.7061858e-01
3.6436436e-01 8.2199424e-01 8.9359575e-01 9.6613475e-01
3.7237237e-01 8.1735300e-01 8.8879803e-01 9.6134771e-01
3.8038038e-01 8.1249580e-01 8.8403148e-01 9.5657578e-01
3.8838839e-01 8.0739879e-01 8.7923582e-01 9.5162955e-01
3.9639640e-01 8.0251059e-01 8.7432469e-01 9.4647736e-01
4.0440440e-01 7.9739786e-01 8.6942784e-01 9.4158724e-01
4.1241241e-01 7.9223265e-01 8.6433006e-01 9.3642039e-01
4.2042042e-01 7.8705360e-01 8.5904910e-01 9.3115672e-01
4.2842843e-01 7.8174461e-01 8.5362539e-01 9.2576674e-01
4.3643644e-01 7.7639564e-01 8.4837109e-01 9.2031360e-01
4.4444444e-01 7.7090946e-01 8.4299211e-01 9.1474481e-01
4.5245245e-01 7.6553668e-01 8.3755823e-01 9.0919275e-01
4.6046046e-01 7.6001693e-01 8.3191077e-01 9.0369800e-01
4.6846847e-01 7.5424753e-01 8.2634124e-01 8.9810467e-01
4.7647648e-01 7.4865033e-01 8.2060207e-01 8.9225718e-01
4.8448448e-01 7.4293864e-01 8.1473164e-01 8.8647398e-01
4.9249249e-01 7.3713089e-01 8.0887456e-01 8.8065856e-01
5.0050050e-01 7.3128355e-01 8.0299234e-01 8.7469692e-01
5.0850851e-01 7.2537387e-01 7.9705002e-01 8.6873193e-01
5.1651652e-01 7.1934292e-01 7.9100090e-01 8.6268995e-01
5.2452452e-01 7.1338244e-01 7.8475513e-01 8.5650669e-01
5.3253253e-01 7.0754673e-01 7.7867329e-01 8.5040393e-01
5.4054054e-01 7.0136936e-01 7.7251176e-01 8.4423059e-01
5.4854855e-01 6.9506680e-01 7.6612992e-01 8.3798774e-01
5.5655656e-01 6.8868732e-01 7.5986595e-01 8.3163300e-01
5.6456456e-01 6.8228700e-01 7.5345802e-01 8.2516230e-01
5.7257257e-01 6.7616516e-01 7.4696141e-01 8.1872633e-01
5.8058058e-01 6.6975399e-01 7.4049532e-01 8.1240159e-01
5.8858859e-01 6.6334167e-01 7.3384557e-01 8.0572575e-01
5.9659660e-01 6.5682828e-01 7.2731155e-01 7.9912557e-01
6.0460460e-01 6.5027481e-01 7.2079851e-01 7.9247990e-01
6.1261261e-01 6.4379388e-01 7.1406086e-01 7.8582816e-01
6.2062062e-01 6.3716720e-01 7.0736669e-01 7.7911338e-01
6.2862863e-01 6.3056792e-01 7.0057574e-01 7.7212937e-01
6.3663664e-01 6.2404059e-01 6.9378087e-01 7.6531490e-01
6.4464464e-01 6.1739464e-01 6.8711812e-01 7.5864419e-01
6.5265265e-01 6.1074224e-01 6.8043856e-01 7.5182226e-01
6.6066066e-01 6.0406441e-01 6.7358334e-01 7.4479609e-01
6.6866867e-01 5.9733084e-01 6.6679200e-01 7.3777790e-01
6.7667668e-01 5.9046714e-01 6.5977777e-01 7.3072474e-01
6.8468468e-01 5.8373365e-01 6.5280208e-01 7.2361591e-01
6.9269269e-01 5.7683273e-01 6.4590734e-01 7.1656094e-01
7.0070070e-01 5.6997665e-01 6.3893023e-01 7.0967534e-01
7.0870871e-01 5.6336875e-01 6.3202649e-01 7.0254190e-01
7.1671672e-01 5.5657030e-01 6.2498749e-01 6.9537973e-01
7.2472472e-01 5.4986248e-01 6.1799462e-01 6.8822298e-01
7.3273273e-01 5.4292119e-01 6.1091036e-01 6.8083681e-01
7.4074074e-01 5.3604207e-01 6.0389257e-01 6.7356624e-01
7.4874875e-01 5.2907742e-01 5.9677231e-01 6.6638326e-01
7.5675676e-01 5.2235412e-01 5.8972089e-01 6.5916863e-01
7.6476476e-01 5.1554672e-01 5.8254911e-01 6.5188912e-01
7.7277277e-01 5.0869858e-01 5.7547580e-01 6.4466117e-01
7.8078078e-01 5.0187563e-01 5.6830513e-01 6.3741213e-01
7.8878879e-01 4.9522698e-01 5.6122426e-01 6.2995801e-01
7.9679680e-01 4.8848274e-01 5.5410042e-01 6.2256758e-01
8.0480480e-01 4.8166781e-01 5.4705441e-01 6.1511979e-01
8.1281281e-01 4.7490368e-01 5.3993776e-01 6.0781579e-01
8.2082082e-01 4.6816406e-01 5.3278186e-01 6.0060617e-01
8.2882883e-01 4.6142876e-01 5.2565865e-01 5.9326633e-01
8.3683684e-01 4.5468728e-01 5.1862658e-01 5.8582511e-01
8.4484484e-01 4.4814344e-01 5.1162345e-01 5.7858995e-01
8.5285285e-01 4.4152659e-01 5.0451301e-01 5.7133255e-01
8.6086086e-01 4.3487371e-01 4.9753393e-01 5.6410124e-01
8.6886887e-01 4.2809244e-01 4.9067391e-01 5.5667780e-01
8.7687688e-01 4.2154124e-01 4.8374629e-01 5.4937657e-01
8.8488488e-01 4.1496253e-01 4.7690561e-01 5.4209021e-01
8.9289289e-01 4.0846313e-01 4.6998739e-01 5.3473397e-01
9.0090090e-01 4.0198861e-01 4.6306824e-01 5.2742925e-01
9.0890891e-01 3.9556852e-01 4.5630076e-01 5.2023613e-01
9.1691692e-01 3.8915629e-01 4.4943619e-01 5.1309932e-01
9.2492492e-01 3.8266386e-01 4.4270217e-01 5.0603963e-01
9.3293293e-01 3.7619173e-01 4.3592292e-01 4.9886528e-01
9.4094094e-01 3.6990642e-01 4.2921734e-01 4.9170845e-01
9.4894895e-01 3.6380042e-01 4.2248939e-01 4.8452064e-01
9.5695696e-01 3.5757375e-01 4.1581434e-01 4.7745081e-01
9.6496496e-01 3.5142607e-01 4.0923146e-01 4.7049786e-01
9.7297297e-01 3.4524074e-01 4.0255823e-01 4.6352860e-01
9.8098098e-01 3.3908272e-01 3.9592981e-01 4.5661475e-01
9.8898899e-01 3.3302782e-01 3.8939501e-01 4.4966994e-01
9.9699700e-01 3.2697248e-01 3.8299179e-01 4.4281923e-01
1.0050050e+00 3.2105721e-01 3.7653122e-01 4.3582084e-01
1.0130130e+00 3.1511625e-01 3.7011396e-01 4.2889795e-01
1.0210210e+00 3.0924336e-01 3.6371913e-01 4.2197312e-01
1.0290290e+00 3.0350498e-01 3.5740685e-01 4.1517140e-01
1.0370370e+00 2.9772206e-01 3.5122516e-01 4.0843672e-01
1.0450450e+00 2.9197712e-01 3.4491377e-01 4.0179868e-01
1.0530531e+00 2.8614777e-01 3.3870074e-01 3.9516184e-01
1.0610611e+00 2.8051998e-01 3.3252551e-01 3.8859651e-01
1.0690691e+00 2.7506046e-01 3.2638677e-01 3.8208042e-01
1.0770771e+00 2.6950289e-01 3.2045634e-01 3.7558981e-01
1.0850851e+00 2.6408921e-01 3.1451336e-01 3.6909580e-01
1.0930931e+00 2.5877194e-01 3.0851180e-01 3.6271951e-01
1.1011011e+00 2.5341541e-01 3.0266165e-01 3.5640874e-01
1.1091091e+00 2.4818456e-01 2.9689956e-01 3.5003709e-01
1.1171171e+00 2.4291002e-01 2.9109339e-01 3.4382325e-01
1.1251251e+00 2.3775624e-01 2.8535301e-01 3.3767742e-01
1.1331331e+00 2.3258254e-01 2.7972186e-01 3.3157025e-01
1.1411411e+00 2.2752960e-01 2.7415141e-01 3.2549944e-01
1.1491491e+00 2.2248434e-01 2.6864265e-01 3.1948142e-01
1.1571572e+00 2.1761573e-01 2.6315395e-01 3.1345097e-01
1.1651652e+00 2.1286562e-01 2.5783324e-01 3.0756792e-01
1.1731732e+00 2.0813933e-01 2.5249583e-01 3.0171555e-01
1.1811812e+00 2.0338886e-01 2.4723802e-01 2.9602267e-01
1.1891892e+00 1.9873895e-01 2.4203122e-01 2.9026463e-01
1.1971972e+00 1.9408258e-01 2.3697889e-01 2.8457948e-01
1.2052052e+00 1.8953690e-01 2.3186421e-01 2.7901134e-01
1.2132132e+00 1.8518020e-01 2.2692946e-01 2.7356162e-01
1.2212212e+00 1.8081175e-01 2.2201121e-01 2.6804264e-01
1.2292292e+00 1.7648347e-01 2.1708515e-01 2.6261418e-01
1.2372372e+00 1.7215966e-01 2.1224394e-01 2.5714183e-01
1.2452452e+00 1.6797268e-01 2.0752455e-01 2.5183991e-01
1.2532533e+00 1.6379288e-01 2.0290020e-01 2.4662901e-01
1.2612613e+00 1.5970794e-01 1.9830907e-01 2.4145649e-01
1.2692693e+00 1.5568814e-01 1.9372296e-01 2.3629179e-01
1.2772773e+00 1.5175272e-01 1.8923184e-01 2.3142198e-01
1.2852853e+00 1.4785500e-01 1.8483029e-01 2.2647764e-01
1.2932933e+00 1.4403471e-01 1.8047109e-01 2.2152868e-01
1.3013013e+00 1.4024622e-01 1.7619581e-01 2.1671771e-01
1.3093093e+00 1.3653314e-01 1.7193612e-01 2.1199829e-01
1.3173173e+00 1.3287474e-01 1.6775831e-01 2.0741493e-01
1.3253253e+00 1.2937591e-01 1.6367731e-01 2.0277885e-01
1.3333333e+00 1.2592556e-01 1.5968549e-01 1.9831972e-01
1.3413413e+00 1.2246078e-01 1.5569117e-01 1.9379705e-01
1.3493493e+00 1.1913061e-01 1.5181097e-01 1.8945895e-01
1.3573574e+00 1.1590827e-01 1.4799514e-01 1.8515801e-01
1.3653654e+00 1.1265121e-01 1.4419041e-01 1.8086734e-01
1.3733734e+00 1.0943658e-01 1.4050291e-01 1.7671205e-01
1.3813814e+00 1.0636818e-01 1.3689772e-01 1.7253363e-01
1.3893894e+00 1.0332047e-01 1.3335988e-01 1.6843757e-01
1.3973974e+00 1.0033988e-01 1.2987128e-01 1.6451729e-01
1.4054054e+00 9.7421231e-02 1.2645418e-01 1.6057901e-01
1.4134134e+00 9.4556802e-02 1.2312447e-01 1.5667117e-01
1.4214214e+00 9.1798468e-02 1.1983105e-01 1.5288596e-01
1.4294294e+00 8.9112200e-02 1.1661130e-01 1.4916507e-01
1.4374374e+00 8.6401227e-02 1.1338321e-01 1.4541079e-01
1.4454454e+00 8.3769376e-02 1.1030250e-01 1.4174978e-01
1.4534535e+00 8.1162826e-02 1.0728573e-01 1.3824880e-01
1.4614615e+00 7.8739902e-02 1.0428912e-01 1.3477780e-01
1.4694695e+00 7.6301670e-02 1.0138123e-01 1.3147824e-01
1.4774775e+00 7.3921279e-02 9.8487666e-02 1.2814665e-01
1.4854855e+00 7.1597702e-02 9.5656298e-02 1.2491262e-01
1.4934935e+00 6.9354586e-02 9.2927911e-02 1.2172381e-01
1.5015015e+00 6.7148512e-02 9.0190376e-02 1.1857748e-01
1.5095095e+00 6.4997000e-02 8.7566393e-02 1.1556258e-01
1.5175175e+00 6.2899979e-02 8.5006875e-02 1.1245232e-01
1.5255255e+00 6.0834431e-02 8.2476492e-02 1.0951266e-01
1.5335335e+00 5.8833515e-02 8.0023060e-02 1.0660189e-01
1.5415415e+00 5.6887190e-02 7.7644209e-02 1.0373837e-01
1.5495495e+00 5.4965006e-02 7.5279337e-02 1.0092237e-01
1.5575576e+00 5.3111065e-02 7.2988192e-02 9.8172808e-02
1.5655656e+00 5.1328283e-02 7.0759538e-02 9.5529786e-02
1.5735736e+00 4.9555304e-02 6.8575924e-02 9.2927939e-02
1.5815816e+00 4.7853334e-02 6.6449960e-02 9.0411604e-02
1.5895896e+00 4.6174423e-02 6.4362737e-02 8.7904731e-02
1.5975976e+00 4.4547686e-02 6.2339902e-02 8.5531525e-02
1.6056056e+00 4.2963140e-02 6.0349988e-02 8.3156610e-02
1.6136136e+00 4.1407649e-02 5.8426868e-02 8.0852369e-02
1.6216216e+00 3.9927316e-02 5.6509375e-02 7.8614696e-02
1.6296296e+00 3.8513322e-02 5.4674734e-02 7.6446089e-02
1.6376376e+00 3.7127261e-02 5.2885888e-02 7.4286715e-02
1.6456456e+00 3.5768880e-02 5.1124218e-02 7.2108576e-02
1.6536537e+00 3.4453694e-02 4.9415359e-02 7.0098298e-02
1.6616617e+00 3.3156698e-02 4.7751613e-02 6.8115968e-02
1.6696697e+00 3.1905529e-02 4.6143438e-02 6.6098043e-02
1.6776777e+00 3.0699065e-02 4.4564734e-02 6.4166117e-02
1.6856857e+00 2.9539184e-02 4.3030387e-02 6.2290164e-02
1.6936937e+00 2.8405109e-02 4.1568498e-02 6.0498350e-02
1.7017017e+00 2.7311614e-02 4.0141201e-02 5.8718654e-02
1.7097097e+00 2.6266021e-02 3.8743047e-02 5.6955188e-02
1.7177177e+00 2.5232596e-02 3.7377124e-02 5.5320441e-02
1.7257257e+00 2.4237632e-02 3.6050642e-02 5.3668568e-02
1.7337337e+00 2.3267396e-02 3.4757166e-02 5.2087950e-02
1.7417417e+00 2.2327379e-02 3.3489352e-02 5.0513871e-02
1.7497497e+00 2.1428422e-02 3.2277191e-02 4.8972471e-02
1.7577578e+00 2.0555540e-02 3.1106313e-02 4.7449820e-02
1.7657658e+00 1.9711960e-02 2.9965354e-02 4.6033453e-02
1.7737738e+00 1.8882968e-02 2.8845307e-02 4.4626924e-02
1.7817818e+00 1.8094492e-02 2.7765498e-02 4.3219461e-02
1.7897898e+00 1.7347924e-02 2.6741801e-02 4.1915937e-02
1.7977978e+00 1.6607902e-02 2.5720141e-02 4.0601229e-02
1.8058058e+00 1.5901512e-02 2.4737189e-02 3.9329339e-02
1.8138138e+00 1.5230119e-02 2.3788856e-02 3.8104008e-02
1.8218218e+00 1.4576060e-02 2.2868111e-02 3.6914545e-02
1.8298298e+00 1.3940477e-02 2.1982635e-02 3.5788634e-02
1.8378378e+00 1.3330044e-02 2.1117090e-02 3.4685254e-02
1.8458458e+00 1.2751038e-02 2.0278369e-02 3.3582675e-02
1.8538539e+00 1.2188698e-02 1.9483702e-02 3.2557176e-02
1.8618619e+00 1.1650791e-02 1.8701389e-02 3.1525946e-02
1.8698699e+00 1.1130748e-02 1.7940427e-02 3.0504083e-02
1.8778779e+00 1.0636330e-02 1.7206873e-02 2.9519255e-02
1.8858859e+00 1.0151613e-02 1.6505258e-02 2.8586962e-02
1.8938939e+00 9.6888972e-03 1.5825941e-02 2.7704208e-02
1.9019019e+00 9.2422505e-03 1.5165066e-02 2.6830358e-02
1.9099099e+00 8.8106529e-03 1.4526579e-02 2.5993483e-02
1.9179179e+00 8.4007764e-03 1.3912568e-02 2.5120231e-02
1.9259259e+00 8.0052873e-03 1.3335908e-02 2.4309966e-02
1.9339339e+00 7.6268700e-03 1.2762572e-02 2.3527202e-02
1.9419419e+00 7.2690953e-03 1.2215386e-02 2.2760737e-02
1.9499499e+00 6.9201477e-03 1.1682310e-02 2.2057852e-02
1.9579580e+00 6.5854902e-03 1.1165438e-02 2.1348307e-02
1.9659660e+00 6.2718059e-03 1.0669623e-02 2.0664790e-02
1.9739740e+00 5.9641772e-03 1.0200693e-02 2.0015240e-02
1.9819820e+00 5.6717418e-03 9.7446486e-03 1.9365205e-02
1.9899900e+00 5.3901267e-03 9.3126710e-03 1.8748650e-02
1.9979980e+00 5.1223190e-03 8.8952308e-03 1.8101865e-02
2.0060060e+00 4.8683102e-03 8.4931837e-03 1.7504262e-02
2.0140140e+00 4.6220267e-03 8.1032850e-03 1.6916907e-02
2.0220220e+00 4.3910345e-03 7.7272560e-03 1.6353484e-02
2.0300300e+00 4.1682318e-03 7.3677200e-03 1.5803469e-02
2.0380380e+00 3.9574345e-03 7.0251996e-03 1.5240891e-02
2.0460460e+00 3.7545917e-03 6.6904959e-03 1.4702597e-02
2.0540541e+00 3.5611747e-03 6.3727114e-03 1.4196076e-02
2.0620621e+00 3.3768138e-03 6.0674932e-03 1.3698191e-02
2.0700701e+00 3.2012307e-03 5.7815423e-03 1.3201800e-02
2.0780781e+00 3.0331433e-03 5.5004466e-03 1.2709294e-02
2.0860861e+00 2.8728800e-03 5.2329349e-03 1.2237918e-02
2.0940941e+00 2.7198114e-03 4.9774740e-03 1.1785745e-02
2.1021021e+00 2.5751149e-03 4.7345243e-03 1.1331351e-02
2.1101101e+00 2.4369039e-03 4.4999443e-03 1.0900676e-02
2.1181181e+00 2.3063358e-03 4.2764269e-03 1.0511724e-02
2.1261261e+00 2.1812715e-03 4.0600242e-03 1.0111839e-02
2.1341341e+00 2.0603990e-03 3.8553486e-03 9.7565784e-03
2.1421421e+00 1.9462470e-03 3.6585660e-03 9.3690222e-03
2.1501502e+00 1.8380103e-03 3.4722149e-03 9.0052748e-03
2.1581582e+00 1.7358023e-03 3.2955760e-03 8.6601715e-03
2.1661662e+00 1.6388168e-03 3.1277644e-03 8.3215765e-03
2.1741742e+00 1.5471644e-03 2.9667300e-03 8.0009983e-03
2.1821822e+00 1.4595212e-03 2.8121005e-03 7.7055074e-03
2.1901902e+00 1.3770344e-03 2.6628119e-03 7.4080102e-03
2.1981982e+00 1.2982836e-03 2.5231520e-03 7.1165255e-03
2.2062062e+00 1.2234132e-03 2.3897462e-03 6.8312462e-03
2.2142142e+00 1.1524552e-03 2.2628606e-03 6.5519733e-03
2.2222222e+00 1.0852846e-03 2.1413165e-03 6.2803963e-03
2.2302302e+00 1.0217678e-03 2.0279994e-03 6.0268095e-03
2.2382382e+00 9.6171554e-04 1.9186187e-03 5.7652509e-03
2.2462462e+00 9.0483014e-04 1.8150698e-03 5.5248950e-03
2.2542543e+00 8.5138534e-04 1.7150299e-03 5.2844638e-03
2.2622623e+00 8.0092469e-04 1.6221823e-03 5.0563466e-03
2.2702703e+00 7.5300735e-04 1.5327789e-03 4.8456001e-03
2.2782783e+00 7.0772960e-04 1.4477929e-03 4.6380132e-03
2.2862863e+00 6.6488835e-04 1.3667497e-03 4.4333998e-03
2.2942943e+00 6.2426775e-04 1.2899883e-03 4.2429312e-03
2.3023023e+00 5.8573747e-04 1.2166280e-03 4.0566212e-03
2.3103103e+00 5.4968824e-04 1.1472062e-03 3.8935743e-03
2.3183183e+00 5.1570384e-04 1.0817975e-03 3.7159061e-03
2.3263263e+00 4.8371330e-04 1.0192328e-03 3.5540688e-03
2.3343343e+00 4.5362348e-04 9.6025279e-04 3.4007924e-03
2.3423423e+00 4.2520325e-04 9.0470384e-04 3.2438390e-03
2.3503504e+00 3.9847816e-04 8.5182528e-04 3.0984914e-03
2.3583584e+00 3.7297195e-04 8.0207054e-04 2.9537434e-03
2.3663664e+00 3.4922234e-04 7.5484345e-04 2.8163618e-03
2.3743744e+00 3.2680196e-04 7.0994683e-04 2.6852641e-03
2.3823824e+00 3.0585771e-04 6.6712061e-04 2.5573244e-03
2.3903904e+00 2.8608212e-04 6.2660276e-04 2.4370651e-03
2.3983984e+00 2.6756304e-04 5.8852724e-04 2.3223956e-03
2.4064064e+00 2.5001746e-04 5.5249669e-04 2.2070265e-03
2.4144144e+00 2.3365626e-04 5.1896169e-04 2.1039340e-03
2.4224224e+00 2.1828175e-04 4.8720091e-04 2.0042317e-03
2.4304304e+00 2.0383941e-04 4.5701496e-04 1.9066289e-03
2.4384384e+00 1.9023008e-04 4.2852133e-04 1.8126545e-03
2.4464464e+00 1.7753857e-04 4.0187337e-04 1.7237282e-03
2.4544545e+00 1.6557145e-04 3.7663989e-04 1.6389535e-03
2.4624625e+00 1.5446166e-04 3.5295382e-04 1.5581812e-03
2.4704705e+00 1.4389311e-04 3.3049239e-04 1.4812763e-03
2.4784785e+00 1.3406662e-04 3.0949548e-04 1.4067026e-03
2.4864865e+00 1.2489728e-04 2.8997598e-04 1.3374284e-03
2.4944945e+00 1.1634798e-04 2.7153095e-04 1.2694697e-03
2.5025025e+00 1.0833251e-04 2.5396016e-04 1.2020234e-03
2.5105105e+00 1.0075447e-04 2.3746980e-04 1.1380146e-03
2.5185185e+00 9.3719029e-05 2.2211834e-04 1.0777414e-03
2.5265265e+00 8.7155287e-05 2.0758066e-04 1.0198289e-03
2.5345345e+00 8.1016701e-05 1.9396231e-04 9.6580311e-04
2.5425425e+00 7.5312181e-05 1.8108962e-04 9.1579280e-04
2.5505506e+00 6.9996766e-05 1.6904758e-04 8.6832073e-04
2.5585586e+00 6.5053268e-05 1.5785092e-04 8.2154796e-04
2.5665666e+00 6.0375876e-05 1.4732142e-04 7.7627411e-04
2.5745746e+00 5.5999269e-05 1.3744758e-04 7.3327594e-04
2.5825826e+00 5.1971178e-05 1.2817743e-04 6.9395887e-04
2.5905906e+00 4.8195055e-05 1.1936895e-04 6.5567229e-04
2.5985986e+00 4.4683916e-05 1.1121359e-04 6.1885503e-04
2.6066066e+00 4.1413255e-05 1.0360661e-04 5.8562843e-04
2.6146146e+00 3.8370499e-05 9.6495357e-05 5.5317553e-04
2.6226226e+00 3.5511075e-05 8.9819235e-05 5.2255538e-04
2.6306306e+00 3.2870661e-05 8.3557699e-05 4.9312197e-04
2.6386386e+00 3.0423917e-05 7.7749706e-05 4.6482036e-04
2.6466466e+00 2.8129055e-05 7.2274450e-05 4.3839920e-04
2.6546547e+00 2.5993146e-05 6.7242245e-05 4.1376116e-04
2.6626627e+00 2.4029233e-05 6.2531725e-05 3.8966708e-04
2.6706707e+00 2.2205387e-05 5.8082078e-05 3.6724412e-04
2.6786787e+00 2.0503676e-05 5.3949035e-05 3.4550270e-04
2.6866867e+00 1.8935797e-05 5.0092406e-05 3.2529675e-04
2.6946947e+00 1.7471672e-05 4.6516161e-05 3.0696879e-04
2.7027027e+00 1.6113884e-05 4.3179846e-05 2.8869225e-04
2.7107107e+00 1.4861421e-05 4.0061595e-05 2.7211224e-04
2.7187187e+00 1.3703673e-05 3.7148858e-05 2.5652119e-04
2.7267267e+00 1.2628600e-05 3.4425219e-05 2.4111867e-04
2.7347347e+00 1.1633856e-05 3.1888132e-05 2.2665002e-04
2.7427427e+00 1.0720654e-05 2.9526704e-05 2.1300142e-04
2.7507508e+00 9.8725546e-06 2.7317675e-05 2.0006944e-04
2.7587588e+00 9.0901165e-06 2.5269959e-05 1.8791223e-04
2.7667668e+00 8.3680279e-06 2.3392320e-05 1.7696620e-04
2.7747748e+00 7.7066648e-06 2.1627522e-05 1.6619006e-04
2.7827828e+00 7.0859007e-06 1.9985252e-05 1.5597421e-04
2.7907908e+00 6.5132534e-06 1.8479146e-05 1.4626106e-04
2.7987988e+00 5.9847450e-06 1.7084328e-05 1.3706204e-04
2.8068068e+00 5.4985272e-06 1.5787988e-05 1.2863460e-04
2.8148148e+00 5.0514822e-06 1.4565711e-05 1.2043751e-04
2.8228228e+00 4.6321695e-06 1.3440940e-05 1.1297326e-04
2.8308308e+00 4.2473069e-06 1.2398782e-05 1.0599722e-04
2.8388388e+00 3.8970613e-06 1.1438546e-05 9.9134143e-05
2.8468468e+00 3.5747072e-06 1.0545891e-05 9.2747417e-05
2.8548549e+00 3.2763900e-06 9.7121956e-06 8.6684505e-05
2.8628629e+00 3.0047018e-06 8.9458044e-06 8.1044500e-05
2.8708709e+00 2.7532880e-06 8.2422458e-06 7.5850485e-05
2.8788789e+00 2.5218120e-06 7.5885812e-06 7.0804504e-05
2.8868869e+00 2.3072086e-06 6.9855445e-06 6.6116864e-05
2.8948949e+00 2.1117450e-06 6.4276750e-06 6.1720536e-05
2.9029029e+00 1.9318265e-06 5.9126144e-06 5.7563395e-05
2.9109109e+00 1.7645450e-06 5.4349040e-06 5.3675788e-05
2.9189189e+00 1.6118865e-06 4.9927347e-06 5.0060853e-05
2.9269269e+00 1.4732824e-06 4.5886559e-06 4.6659861e-05
2.9349349e+00 1.3448780e-06 4.2130640e-06 4.3450655e-05
2.9429429e+00 1.2278233e-06 3.8726665e-06 4.0508368e-05
2.9509510e+00 1.1212585e-06 3.5555862e-06 3.7764091e-05
2.9589590e+00 1.0234928e-06 3.2627399e-06 3.5158365e-05
2.9669670e+00 9.3376082e-07 2.9903676e-06 3.2731140e-05
2.9749750e+00 8.5215267e-07 2.7411300e-06 3.0472560e-05
2.9829830e+00 7.7721201e-07 2.5123448e-06 2.8330601e-05
2.9909910e+00 7.0798204e-07 2.3027254e-06 2.6331072e-05
2.9989990e+00 6.4524147e-07 2.1102353e-06 2.4486528e-05
3.0070070e+00 5.8771418e-07 1.9305097e-06 2.2800266e-05
3.0150150e+00 5.3476406e-07 1.7660314e-06 2.1137882e-05
3.0230230e+00 4.8692986e-07 1.6154445e-06 1.9595558e-05
3.0310310e+00 4.4295404e-07 1.4770500e-06 1.8212047e-05
3.0390390e+00 4.0301029e-07 1.3506578e-06 1.6875380e-05
3.0470470e+00 3.6657304e-07 1.2335368e-06 1.5658055e-05
3.0550551e+00 3.3308314e-07 1.1268789e-06 1.4527371e-05
3.0630631e+00 3.0263550e-07 1.0291497e-06 1.3483253e-05
3.0710711e+00 2.7487907e-07 9.4001393e-07 1.2501503e-05
3.0790791e+00 2.4959407e-07 8.5828413e-07 1.1583268e-05
3.0870871e+00 2.2652448e-07 7.8317406e-07 1.0741923e-05
3.0950951e+00 2.0550114e-07 7.1477904e-07 9.9312677e-06
3.1031031e+00 1.8634749e-07 6.5220276e-07 9.2026225e-06
3.1111111e+00 1.6899829e-07 5.9510274e-07 8.5074569e-06
3.1191191e+00 1.5319570e-07 5.4207981e-07 7.8707964e-06
3.1271271e+00 1.3880603e-07 4.9334085e-07 7.2574766e-06
3.1351351e+00 1.2560078e-07 4.4895687e-07 6.6981994e-06
3.1431431e+00 1.1362500e-07 4.0836193e-07 6.1763806e-06
3.1511512e+00 1.0279070e-07 3.7134002e-07 5.6994804e-06
3.1591592e+00 9.3081406e-08 3.3783315e-07 5.2560429e-06
3.1671672e+00 8.4123380e-08 3.0727408e-07 4.8461629e-06
3.1751752e+00 7.5988595e-08 2.7908647e-07 4.4612470e-06
3.1831832e+00 6.8743967e-08 2.5338537e-07 4.1041593e-06
3.1911912e+00 6.2050216e-08 2.3019886e-07 3.7835831e-06
3.1991992e+00 5.6020104e-08 2.0895794e-07 3.4840549e-06
3.2072072e+00 5.0577101e-08 1.8962868e-07 3.2123152e-06
3.2152152e+00 4.5637079e-08 1.7204513e-07 2.9538937e-06
3.2232232e+00 4.1164516e-08 1.5594538e-07 2.7134835e-06
3.2312312e+00 3.7114804e-08 1.4134200e-07 2.4932208e-06
3.2392392e+00 3.3457440e-08 1.2804314e-07 2.3030753e-06
3.2472472e+00 3.0147891e-08 1.1599001e-07 2.1151736e-06
3.2552553e+00 2.7161099e-08 1.0501750e-07 1.9406135e-06
3.2632633e+00 2.4458848e-08 9.5089943e-08 1.7805345e-06
3.2712713e+00 2.2021516e-08 8.5991570e-08 1.6352869e-06
3.2792793e+00 1.9815612e-08 7.7807561e-08 1.4993947e-06
3.2872873e+00 1.7820841e-08 7.0341031e-08 1.3772788e-06
3.2952953e+00 1.6034512e-08 6.3567560e-08 1.2603183e-06
3.3033033e+00 1.4407327e-08 5.7430382e-08 1.1571018e-06
3.3113113e+00 1.2945459e-08 5.1892892e-08 1.0615793e-06
3.3193193e+00 1.1632012e-08 4.6877655e-08 9.7129546e-07
3.3273273e+00 1.0448322e-08 4.2312982e-08 8.8909221e-07
3.3353353e+00 9.3810228e-09 3.8169461e-08 8.1376921e-07
3.3433433e+00 8.4146070e-09 3.4420238e-08 7.4374414e-07
3.3513514e+00 7.5529077e-09 3.1060625e-08 6.8071067e-07
3.3593594e+00 6.7719187e-09 2.8011754e-08 6.2310121e-07
3.3673674e+00 6.0702790e-09 2.5238312e-08 5.6953656e-07
3.3753754e+00 5.4376760e-09 2.2747085e-08 5.1994020e-07
3.3833834e+00 4.8719920e-09 2.0494875e-08 4.7439536e-07
3.3913914e+00 4.3591279e-09 1.8455665e-08 4.3277978e-07
3.3993994e+00 3.9027522e-09 1.6609140e-08 3.9533787e-07
3.4074074e+00 3.4919632e-09 1.4943284e-08 3.6090225e-07
3.4154154e+00 3.1253623e-09 1.3430721e-08 3.2912126e-07
3.4234234e+00 2.7933835e-09 1.2067339e-08 3.0026970e-07
3.4314314e+00 2.4955110e-09 1.0853106e-08 2.7406777e-07
3.4394394e+00 2.2298754e-09 9.7494455e-09 2.4948688e-07
3.4474474e+00 1.9903616e-09 8.7502308e-09 2.2683111e-07
3.4554555e+00 1.7771695e-09 7.8513723e-09 2.0668487e-07
3.4634635e+00 1.5861059e-09 7.0478918e-09 1.8796491e-07
3.4714715e+00 1.4149894e-09 6.3173857e-09 1.7086419e-07
3.4794795e+00 1.2617405e-09 5.6622763e-09 1.5546530e-07
3.4874875e+00 1.1245772e-09 5.0817150e-09 1.4158254e-07
3.4954955e+00 1.0021687e-09 4.5583825e-09 1.2886730e-07
3.5035035e+00 8.9282237e-10 4.0825078e-09 1.1722452e-07
3.5115115e+00 7.9468952e-10 3.6551824e-09 1.0641076e-07
3.5195195e+00 7.0729625e-10 3.2715807e-09 9.6460608e-08
3.5275275e+00 6.2943586e-10 2.9280391e-09 8.7492932e-08
3.5355355e+00 5.5996967e-10 2.6170525e-09 7.9496083e-08
3.5435435e+00 4.9781604e-10 2.3392840e-09 7.2145070e-08
3.5515516e+00 4.4259870e-10 2.0907613e-09 6.5288984e-08
3.5595596e+00 3.9326729e-10 1.8685097e-09 5.9270775e-08
3.5675676e+00 3.4943710e-10 1.6685547e-09 5.3615906e-08
3.5755756e+00 3.0994864e-10 1.4891992e-09 4.8506414e-08
3.5835836e+00 2.7509106e-10 1.3295371e-09 4.3894548e-08
3.5915916e+00 2.4407208e-10 1.1861512e-09 3.9731155e-08
3.5995996e+00 2.1657940e-10 1.0575782e-09 3.5965934e-08
3.6076076e+00 1.9194442e-10 9.4310868e-10 3.2519642e-08
3.6156156e+00 1.7018167e-10 8.4057757e-10 2.9367360e-08
3.6236236e+00 1.5069376e-10 7.4866981e-10 2.6545357e-08
3.6316316e+00 1.3333770e-10 6.6658709e-10 2.3998293e-08
3.6396396e+00 1.1808993e-10 5.9328587e-10 2.1711928e-08
3.6476476e+00 1.0448109e-10 5.2818312e-10 1.9615484e-08
3.6556557e+00 9.2403988e-11 4.6976794e-10 1.7686008e-08
3.6636637e+00 8.1698532e-11 4.1782326e-10 1.5949429e-08
3.6716717e+00 7.2260807e-11 3.7152804e-10 1.4372197e-08
3.6796797e+00 6.3865165e-11 3.3036918e-10 1.2966686e-08
3.6876877e+00 5.6454511e-11 2.9337216e-10 1.1683815e-08
3.6956957e+00 4.9838381e-11 2.6055629e-10 1.0535112e-08
3.7037037e+00 4.4006541e-11 2.3124282e-10 9.4992245e-09
3.7117117e+00 3.8832495e-11 2.0519657e-10 8.5465441e-09
3.7197197e+00 3.4262054e-11 1.8203992e-10 7.7000256e-09
3.7277277e+00 3.0212418e-11 1.6143438e-10 6.9306456e-09
3.7357357e+00 2.6625980e-11 1.4310489e-10 6.2311790e-09
3.7437437e+00 2.3470538e-11 1.2674717e-10 5.5978844e-09
3.7517518e+00 2.0682641e-11 1.1228144e-10 5.0284362e-09
3.7597598e+00 1.8227361e-11 9.9510309e-11 4.5118606e-09
3.7677678e+00 1.6045697e-11 8.8084044e-11 4.0452419e-09
3.7757758e+00 1.4125308e-11 7.7990192e-11 3.6289353e-09
3.7837838e+00 1.2431502e-11 6.8991573e-11 3.2535541e-09
3.7917918e+00 1.0935618e-11 6.0935546e-11 2.9210438e-09
3.7997998e+00 9.6185581e-12 5.3851297e-11 2.6193239e-09
3.8078078e+00 8.4577804e-12 4.7611322e-11 2.3479855e-09
3.8158158e+00 7.4352540e-12 4.2050794e-11 2.1068503e-09
3.8238238e+00 6.5309918e-12 3.7146706e-11 1.8892511e-09
3.8318318e+00 5.7367468e-12 3.2800013e-11 1.6910955e-09
3.8398398e+00 5.0334440e-12 2.8957841e-11 1.5105663e-09
3.8478478e+00 4.4150576e-12 2.5532022e-11 1.3516606e-09
3.8558559e+00 3.8737627e-12 2.2510396e-11 1.2106986e-09
3.8638639e+00 3.3963364e-12 1.9834251e-11 1.0818183e-09
3.8718719e+00 2.9742458e-12 1.7470201e-11 9.6618523e-10
3.8798799e+00 2.6052262e-12 1.5377973e-11 8.6257572e-10
3.8878879e+00 2.2806833e-12 1.3534408e-11 7.7132587e-10
3.8958959e+00 1.9965769e-12 1.1915420e-11 6.8811909e-10
3.9039039e+00 1.7464399e-12 1.0478456e-11 6.1464531e-10
3.9119119e+00 1.5274235e-12 9.2111497e-12 5.4916441e-10
3.9199199e+00 1.3353894e-12 8.0981686e-12 4.8991251e-10
3.9279279e+00 1.1663947e-12 7.1150898e-12 4.3595900e-10
3.9359359e+00 1.0188238e-12 6.2559344e-12 3.8778191e-10
3.9439439e+00 8.9016334e-13 5.4952753e-12 3.4485728e-10
3.9519520e+00 7.7693885e-13 4.8216633e-12 3.0680964e-10
3.9599600e+00 6.7859613e-13 4.2303636e-12 2.7262918e-10
3.9679680e+00 5.9194598e-13 3.7101335e-12 2.4240715e-10
3.9759760e+00 5.1616167e-13 3.2540166e-12 2.1533792e-10
3.9839840e+00 4.4966828e-13 2.8516105e-12 1.9138723e-10
3.9919920e+00 3.9179021e-13 2.4974144e-12 1.7024592e-10
4.0000000e+00 3.4121712e-13 2.1865649e-12 1.5139095e-10
