X KDE_INF KDE_MED KDE_SUP
5.0000000e+00 2.5616005e-10 2.4794835e-07 5.9036887e-04
5.0052553e+00 2.7001659e-10 2.5824210e-07 6.0394258e-04
5.0105105e+00 2.8464355e-10 2.6915949e-07 6.1814099e-04
5.0157658e+00 3.0007918e-10 2.8051000e-07 6.3332900e-04
5.0210210e+00 3.1610457e-10 2.9225999e-07 6.4865948e-04
5.0262763e+00 3.3316460e-10 3.0433699e-07 6.6435156e-04
5.0315315e+00 3.5123609e-10 3.1693514e-07 6.8035210e-04
5.0367868e+00 3.6998907e-10 3.3003150e-07 6.9669197e-04
5.0420420e+00 3.8982363e-10 3.4376811e-07 7.1267959e-04
5.0472973e+00 4.1074945e-10 3.5803426e-07 7.2877262e-04
5.0525526e+00 4.3278259e-10 3.7257749e-07 7.4479601e-04
5.0578078e+00 4.5600691e-10 3.8810596e-07 7.6223179e-04
5.0630631e+00 4.8044483e-10 4.0438609e-07 7.8007766e-04
5.0683183e+00 5.0623212e-10 4.2060008e-07 7.9693941e-04
5.0735736e+00 5.3278344e-10 4.3759175e-07 8.1442289e-04
5.0788288e+00 5.6105338e-10 4.5527656e-07 8.3254835e-04
5.0840841e+00 5.9082598e-10 4.7372306e-07 8.5124919e-04
5.0893393e+00 6.2213449e-10 4.9298451e-07 8.6962151e-04
5.0945946e+00 6.5511353e-10 5.1310519e-07 8.8809400e-04
5.0998498e+00 6.8973752e-10 5.3402305e-07 9.0808624e-04
5.1051051e+00 7.2561513e-10 5.5546077e-07 9.2777520e-04
5.1103604e+00 7.6294582e-10 5.7783176e-07 9.4727374e-04
5.1156156e+00 8.0323516e-10 6.0133361e-07 9.6740260e-04
5.1208709e+00 8.4532023e-10 6.2574720e-07 9.8985764e-04
5.1261261e+00 8.8980991e-10 6.5077922e-07 1.0133733e-03
5.1313814e+00 9.3663212e-10 6.7711754e-07 1.0351377e-03
5.1366366e+00 9.8611159e-10 7.0393286e-07 1.0572029e-03
5.1418919e+00 1.0380285e-09 7.3140837e-07 1.0808217e-03
5.1471471e+00 1.0925224e-09 7.6042861e-07 1.1044682e-03
5.1524024e+00 1.1499603e-09 7.9028474e-07 1.1275758e-03
5.1576577e+00 1.2091135e-09 8.2105356e-07 1.1523746e-03
5.1629129e+00 1.2718745e-09 8.5365031e-07 1.1763913e-03
5.1681682e+00 1.3381437e-09 8.8662029e-07 1.2012236e-03
5.1734234e+00 1.4068776e-09 9.2127042e-07 1.2289913e-03
5.1786787e+00 1.4796542e-09 9.5670217e-07 1.2552377e-03
5.1839339e+00 1.5578488e-09 9.9457807e-07 1.2830589e-03
5.1891892e+00 1.6385954e-09 1.0336138e-06 1.3099356e-03
5.1944444e+00 1.7220830e-09 1.0739748e-06 1.3381241e-03
5.1996997e+00 1.8106608e-09 1.1164161e-06 1.3657540e-03
5.2049550e+00 1.9037129e-09 1.1596272e-06 1.3948186e-03
5.2102102e+00 2.0016648e-09 1.2048612e-06 1.4258193e-03
5.2154655e+00 2.1053908e-09 1.2518105e-06 1.4551016e-03
5.2207207e+00 2.2131422e-09 1.2992712e-06 1.4853738e-03
5.2259760e+00 2.3265919e-09 1.3487372e-06 1.5147211e-03
5.2312312e+00 2.4457191e-09 1.4014919e-06 1.5484209e-03
5.2364865e+00 2.5690451e-09 1.4568181e-06 1.5787369e-03
5.2417417e+00 2.6995196e-09 1.5129270e-06 1.6103898e-03
5.2469970e+00 2.8372590e-09 1.5709419e-06 1.6420131e-03
5.2522523e+00 2.9832676e-09 1.6326140e-06 1.6753990e-03
5.2575075e+00 3.1353951e-09 1.6972540e-06 1.7101534e-03
5.2627628e+00 3.2951654e-09 1.7604679e-06 1.7465804e-03
5.2680180e+00 3.4606840e-09 1.8265269e-06 1.7860005e-03
5.2732733e+00 3.6338877e-09 1.8950347e-06 1.8213882e-03
5.2785285e+00 3.8147655e-09 1.9676718e-06 1.8591435e-03
5.2837838e+00 4.0083630e-09 2.0427542e-06 1.8960040e-03
5.2890390e+00 4.2107743e-09 2.1194078e-06 1.9333457e-03
5.2942943e+00 4.4212108e-09 2.2007534e-06 1.9736327e-03
5.2995495e+00 4.6435154e-09 2.2833063e-06 2.0146290e-03
5.3048048e+00 4.8755322e-09 2.3684889e-06 2.0523991e-03
5.3100601e+00 5.1200614e-09 2.4563104e-06 2.0925304e-03
5.3153153e+00 5.3743665e-09 2.5491534e-06 2.1313068e-03
5.3205706e+00 5.6415435e-09 2.6443731e-06 2.1740076e-03
5.3258258e+00 5.9201302e-09 2.7409069e-06 2.2137756e-03
5.3310811e+00 6.2146707e-09 2.8442617e-06 2.2549930e-03
5.3363363e+00 6.5194598e-09 2.9509836e-06 2.2965833e-03
5.3415916e+00 6.8413136e-09 3.0631143e-06 2.3423097e-03
5.3468468e+00 7.1784321e-09 3.1764754e-06 2.3868616e-03
5.3521021e+00 7.5317628e-09 3.2932158e-06 2.4327498e-03
5.3573574e+00 7.9030852e-09 3.4122354e-06 2.4770284e-03
5.3626126e+00 8.2925765e-09 3.5367480e-06 2.5210455e-03
5.3678679e+00 8.7050676e-09 3.6640454e-06 2.5665284e-03
5.3731231e+00 9.1341809e-09 3.7956741e-06 2.6153139e-03
5.3783784e+00 9.5773072e-09 3.9333302e-06 2.6614877e-03
5.3836336e+00 1.0039751e-08 4.0756905e-06 2.7138387e-03
5.3888889e+00 1.0531791e-08 4.2229050e-06 2.7653662e-03
5.3941441e+00 1.1042908e-08 4.3796749e-06 2.8170228e-03
5.3993994e+00 1.1574050e-08 4.5422704e-06 2.8685820e-03
5.4046547e+00 1.2135072e-08 4.7101536e-06 2.9176107e-03
5.4099099e+00 1.2721310e-08 4.8791734e-06 2.9737923e-03
5.4151652e+00 1.3333264e-08 5.0522880e-06 3.0288658e-03
5.4204204e+00 1.3981611e-08 5.2370305e-06 3.0789848e-03
5.4256757e+00 1.4647963e-08 5.4271186e-06 3.1334078e-03
5.4309309e+00 1.5340758e-08 5.6296961e-06 3.1894842e-03
5.4361862e+00 1.6084787e-08 5.8310796e-06 3.2433519e-03
5.4414414e+00 1.6844800e-08 6.0335363e-06 3.2983330e-03
5.4466967e+00 1.7644385e-08 6.2425839e-06 3.3576106e-03
5.4519520e+00 1.8487266e-08 6.4596914e-06 3.4135130e-03
5.4572072e+00 1.9370484e-08 6.6900313e-06 3.4702934e-03
5.4624625e+00 2.0294833e-08 6.9207818e-06 3.5342954e-03
5.4677177e+00 2.1264812e-08 7.1648875e-06 3.5988277e-03
5.4729730e+00 2.2270297e-08 7.4214948e-06 3.6588110e-03
5.4782282e+00 2.3320297e-08 7.6765930e-06 3.7183546e-03
5.4834835e+00 2.4427645e-08 7.9405860e-06 3.7834348e-03
5.4887387e+00 2.5594850e-08 8.2182451e-06 3.8460021e-03
5.4939940e+00 2.6809667e-08 8.5015411e-06 3.9136532e-03
5.4992492e+00 2.8085318e-08 8.7894817e-06 3.9813870e-03
5.5045045e+00 2.9429429e-08 9.0865342e-06 4.0443998e-03
5.5097598e+00 3.0814680e-08 9.3938731e-06 4.1085201e-03
5.5150150e+00 3.2273762e-08 9.7186474e-06 4.1761558e-03
5.5202703e+00 3.3775490e-08 1.0065643e-05 4.2473982e-03
5.5255255e+00 3.5357687e-08 1.0420266e-05 4.3193838e-03
5.5307808e+00 3.6996752e-08 1.0778481e-05 4.3913557e-03
5.5360360e+00 3.8729691e-08 1.1145091e-05 4.4591008e-03
5.5412913e+00 4.0560092e-08 1.1529528e-05 4.5302724e-03
5.5465465e+00 4.2453839e-08 1.1920159e-05 4.6008022e-03
5.5518018e+00 4.4443414e-08 1.2319186e-05 4.6687162e-03
5.5570571e+00 4.6503652e-08 1.2735733e-05 4.7466470e-03
5.5623123e+00 4.8659477e-08 1.3172421e-05 4.8267261e-03
5.5675676e+00 5.0919372e-08 1.3619399e-05 4.9056563e-03
5.5728228e+00 5.3316349e-08 1.4077226e-05 4.9768352e-03
5.5780781e+00 5.5777154e-08 1.4548221e-05 5.0518155e-03
5.5833333e+00 5.8349579e-08 1.5029282e-05 5.1331436e-03
5.5885886e+00 6.1028617e-08 1.5539954e-05 5.2094883e-03
5.5938438e+00 6.3799786e-08 1.6059962e-05 5.2859770e-03
5.5990991e+00 6.6670823e-08 1.6594598e-05 5.3678256e-03
5.6043544e+00 6.9750299e-08 1.7153371e-05 5.4565016e-03
5.6096096e+00 7.2956661e-08 1.7733796e-05 5.5366260e-03
5.6148649e+00 7.6272421e-08 1.8326458e-05 5.6138282e-03
5.6201201e+00 7.9705944e-08 1.8940294e-05 5.7002854e-03
5.6253754e+00 8.3387323e-08 1.9568439e-05 5.7830818e-03
5.6306306e+00 8.7222892e-08 2.0217322e-05 5.8682810e-03
5.6358859e+00 9.1186404e-08 2.0890911e-05 5.9538564e-03
5.6411411e+00 9.5291519e-08 2.1598975e-05 6.0409449e-03
5.6463964e+00 9.9606179e-08 2.2312148e-05 6.1276200e-03
5.6516517e+00 1.0407780e-07 2.3036769e-05 6.2180506e-03
5.6569069e+00 1.0881929e-07 2.3783261e-05 6.3138214e-03
5.6621622e+00 1.1373726e-07 2.4547276e-05 6.3989782e-03
5.6674174e+00 1.1882901e-07 2.5341582e-05 6.4908995e-03
5.6726727e+00 1.2413676e-07 2.6159254e-05 6.5841867e-03
5.6779279e+00 1.2978088e-07 2.7018032e-05 6.6725289e-03
5.6831832e+00 1.3566316e-07 2.7911885e-05 6.7659432e-03
5.6884384e+00 1.4172398e-07 2.8818344e-05 6.8691001e-03
5.6936937e+00 1.4803079e-07 2.9769247e-05 6.9626690e-03
5.6989489e+00 1.5461885e-07 3.0746127e-05 7.0639065e-03
5.7042042e+00 1.6147593e-07 3.1737771e-05 7.1605595e-03
5.7094595e+00 1.6856871e-07 3.2751473e-05 7.2649006e-03
5.7147147e+00 1.7595014e-07 3.3811920e-05 7.3638741e-03
5.7199700e+00 1.8367374e-07 3.4891812e-05 7.4648079e-03
5.7252252e+00 1.9179191e-07 3.5995747e-05 7.5659010e-03
5.7304805e+00 2.0013444e-07 3.7151873e-05 7.6694923e-03
5.7357357e+00 2.0894441e-07 3.8297639e-05 7.7682771e-03
5.7409910e+00 2.1810034e-07 3.9488726e-05 7.8795278e-03
5.7462462e+00 2.2766837e-07 4.0715756e-05 7.9825994e-03
5.7515015e+00 2.3762750e-07 4.1983806e-05 8.0788966e-03
5.7567568e+00 2.4799847e-07 4.3295036e-05 8.1735412e-03
5.7620120e+00 2.5873593e-07 4.4672092e-05 8.2749200e-03
5.7672673e+00 2.6976515e-07 4.6031658e-05 8.3874331e-03
5.7725225e+00 2.8153678e-07 4.7432622e-05 8.5050454e-03
5.7777778e+00 2.9390190e-07 4.8911391e-05 8.6107996e-03
5.7830330e+00 3.0671609e-07 5.0449159e-05 8.7302640e-03
5.7882883e+00 3.1991167e-07 5.1954062e-05 8.8414988e-03
5.7935435e+00 3.3380356e-07 5.3501798e-05 8.9536011e-03
5.7987988e+00 3.4805498e-07 5.5171275e-05 9.0680369e-03
5.8040541e+00 3.6289000e-07 5.6921892e-05 9.1870488e-03
5.8093093e+00 3.7837960e-07 5.8715743e-05 9.2919049e-03
5.8145646e+00 3.9468767e-07 6.0526296e-05 9.4083509e-03
5.8198198e+00 4.1131148e-07 6.2342849e-05 9.5256247e-03
5.8250751e+00 4.2884334e-07 6.4222924e-05 9.6458606e-03
5.8303303e+00 4.4738212e-07 6.6179880e-05 9.7684096e-03
5.8355856e+00 4.6656940e-07 6.8251310e-05 9.8787383e-03
5.8408408e+00 4.8657774e-07 7.0321387e-05 9.9950911e-03
5.8460961e+00 5.0746391e-07 7.2412717e-05 1.0107289e-02
5.8513514e+00 5.2929210e-07 7.4584164e-05 1.0215683e-02
5.8566066e+00 5.5175851e-07 7.6795340e-05 1.0347449e-02
5.8618619e+00 5.7472303e-07 7.9070006e-05 1.0472253e-02
5.8671171e+00 5.9879559e-07 8.1462329e-05 1.0587348e-02
5.8723724e+00 6.2435841e-07 8.3898683e-05 1.0704777e-02
5.8776276e+00 6.5081362e-07 8.6438751e-05 1.0822141e-02
5.8828829e+00 6.7824621e-07 8.8989657e-05 1.0940670e-02
5.8881381e+00 7.0583475e-07 9.1557931e-05 1.1075479e-02
5.8933934e+00 7.3502687e-07 9.4276796e-05 1.1206606e-02
5.8986486e+00 7.6551573e-07 9.7059439e-05 1.1326181e-02
5.9039039e+00 7.9782252e-07 9.9824251e-05 1.1447923e-02
5.9091592e+00 8.3152421e-07 1.0276415e-04 1.1562813e-02
5.9144144e+00 8.6586912e-07 1.0581382e-04 1.1692985e-02
5.9196697e+00 9.0174850e-07 1.0878173e-04 1.1815929e-02
5.9249249e+00 9.3912664e-07 1.1185810e-04 1.1937919e-02
5.9301802e+00 9.7821392e-07 1.1502477e-04 1.2064367e-02
5.9354354e+00 1.0186433e-06 1.1827084e-04 1.2188969e-02
5.9406907e+00 1.0602455e-06 1.2175049e-04 1.2309290e-02
5.9459459e+00 1.1039342e-06 1.2521286e-04 1.2445222e-02
5.9512012e+00 1.1496144e-06 1.2885305e-04 1.2587785e-02
5.9564565e+00 1.1970906e-06 1.3253677e-04 1.2720270e-02
5.9617117e+00 1.2465141e-06 1.3651323e-04 1.2846789e-02
5.9669670e+00 1.2972254e-06 1.4029019e-04 1.2980987e-02
5.9722222e+00 1.3499178e-06 1.4432135e-04 1.3119512e-02
5.9774775e+00 1.4047358e-06 1.4843792e-04 1.3258662e-02
5.9827327e+00 1.4624860e-06 1.5273181e-04 1.3374014e-02
5.9879880e+00 1.5224024e-06 1.5689458e-04 1.3512721e-02
5.9932432e+00 1.5848048e-06 1.6126491e-04 1.3654666e-02
5.9984985e+00 1.6489263e-06 1.6578470e-04 1.3771103e-02
6.0037538e+00 1.7158037e-06 1.7054247e-04 1.3883718e-02
6.0090090e+00 1.7854414e-06 1.7524110e-04 1.4001568e-02
6.0142643e+00 1.8579576e-06 1.7996690e-04 1.4123261e-02
6.0195195e+00 1.9317751e-06 1.8495407e-04 1.4240078e-02
6.0247748e+00 2.0095289e-06 1.9004594e-04 1.4345675e-02
6.0300300e+00 2.0915075e-06 1.9531496e-04 1.4460911e-02
6.0352853e+00 2.1752793e-06 2.0057247e-04 1.4584889e-02
6.0405405e+00 2.2607343e-06 2.0590978e-04 1.4713211e-02
6.0457958e+00 2.3495398e-06 2.1175731e-04 1.4823479e-02
6.0510511e+00 2.4429693e-06 2.1765957e-04 1.4943640e-02
6.0563063e+00 2.5422379e-06 2.2347431e-04 1.5089458e-02
6.0615616e+00 2.6423965e-06 2.2947025e-04 1.5223318e-02
6.0668168e+00 2.7467737e-06 2.3574248e-04 1.5335636e-02
6.0720721e+00 2.8560943e-06 2.4217151e-04 1.5457571e-02
6.0773273e+00 2.9674397e-06 2.4864104e-04 1.5563904e-02
6.0825826e+00 3.0835525e-06 2.5519005e-04 1.5672094e-02
6.0878378e+00 3.2075523e-06 2.6206628e-04 1.5783942e-02
6.0930931e+00 3.3365280e-06 2.6916520e-04 1.5883597e-02
6.0983483e+00 3.4684002e-06 2.7634109e-04 1.6010581e-02
6.1036036e+00 3.6050068e-06 2.8371228e-04 1.6101234e-02
6.1088589e+00 3.7453618e-06 2.9135327e-04 1.6192471e-02
6.1141141e+00 3.8915303e-06 2.9947180e-04 1.6275042e-02
6.1193694e+00 4.0439032e-06 3.0758472e-04 1.6358692e-02
6.1246246e+00 4.2000243e-06 3.1552659e-04 1.6463756e-02
6.1298799e+00 4.3619064e-06 3.2368076e-04 1.6581978e-02
6.1351351e+00 4.5334596e-06 3.3215736e-04 1.6672885e-02
6.1403904e+00 4.7076033e-06 3.4061604e-04 1.6757210e-02
6.1456456e+00 4.8920560e-06 3.4889612e-04 1.6840376e-02
6.1509009e+00 5.0798451e-06 3.5824165e-04 1.6942139e-02
6.1561562e+00 5.2722327e-06 3.6733243e-04 1.7046476e-02
6.1614114e+00 5.4768626e-06 3.7694060e-04 1.7138307e-02
6.1666667e+00 5.6873559e-06 3.8618056e-04 1.7221387e-02
6.1719219e+00 5.9076039e-06 3.9555986e-04 1.7287514e-02
6.1771772e+00 6.1329485e-06 4.0570301e-04 1.7385112e-02
6.1824324e+00 6.3710426e-06 4.1583210e-04 1.7471311e-02
6.1876877e+00 6.6122937e-06 4.2602112e-04 1.7553995e-02
6.1929429e+00 6.8627575e-06 4.3699390e-04 1.7633187e-02
6.1981982e+00 7.1289350e-06 4.4814458e-04 1.7704055e-02
6.2034535e+00 7.3968399e-06 4.5945114e-04 1.7779043e-02
6.2087087e+00 7.6805546e-06 4.7092780e-04 1.7869290e-02
6.2139640e+00 7.9702636e-06 4.8246286e-04 1.7950849e-02
6.2192192e+00 8.2692293e-06 4.9482468e-04 1.8019449e-02
6.2244745e+00 8.5817974e-06 5.0730023e-04 1.8096902e-02
6.2297297e+00 8.9064858e-06 5.1979080e-04 1.8155301e-02
6.2349850e+00 9.2348361e-06 5.3311692e-04 1.8213200e-02
6.2402402e+00 9.5831069e-06 5.4681482e-04 1.8267338e-02
6.2454955e+00 9.9390973e-06 5.6031534e-04 1.8332392e-02
6.2507508e+00 1.0313351e-05 5.7400675e-04 1.8379083e-02
6.2560060e+00 1.0693210e-05 5.8858997e-04 1.8417211e-02
6.2612613e+00 1.1090010e-05 6.0368696e-04 1.8478503e-02
6.2665165e+00 1.1494061e-05 6.1931033e-04 1.8508776e-02
6.2717718e+00 1.1919163e-05 6.3477360e-04 1.8548629e-02
6.2770270e+00 1.2362231e-05 6.5015348e-04 1.8581700e-02
6.2822823e+00 1.2813072e-05 6.6636735e-04 1.8619109e-02
6.2875375e+00 1.3275558e-05 6.8222594e-04 1.8667936e-02
6.2927928e+00 1.3770267e-05 6.9817861e-04 1.8713568e-02
6.2980480e+00 1.4273930e-05 7.1525263e-04 1.8763517e-02
6.3033033e+00 1.4791963e-05 7.3276061e-04 1.8791777e-02
6.3085586e+00 1.5335612e-05 7.5059298e-04 1.8830792e-02
6.3138138e+00 1.5899451e-05 7.6848395e-04 1.8874686e-02
6.3190691e+00 1.6474291e-05 7.8727858e-04 1.8897706e-02
6.3243243e+00 1.7066236e-05 8.0647897e-04 1.8918529e-02
6.3295796e+00 1.7687485e-05 8.2615713e-04 1.8944724e-02
6.3348348e+00 1.8327403e-05 8.4577524e-04 1.8982583e-02
6.3400901e+00 1.9002123e-05 8.6502320e-04 1.9006246e-02
6.3453453e+00 1.9684138e-05 8.8583596e-04 1.9042458e-02
6.3506006e+00 2.0377236e-05 9.0722865e-04 1.9069179e-02
6.3558559e+00 2.1079631e-05 9.2856292e-04 1.9096133e-02
6.3611111e+00 2.1841620e-05 9.5045490e-04 1.9127429e-02
6.3663664e+00 2.2633722e-05 9.7301217e-04 1.9153033e-02
6.3716216e+00 2.3447103e-05 9.9464725e-04 1.9176147e-02
6.3768769e+00 2.4282485e-05 1.0178839e-03 1.9202393e-02
6.3821321e+00 2.5147304e-05 1.0409886e-03 1.9222163e-02
6.3873874e+00 2.6047751e-05 1.0650417e-03 1.9248465e-02
6.3926426e+00 2.6989289e-05 1.0893839e-03 1.9265605e-02
6.3978979e+00 2.7931607e-05 1.1134839e-03 1.9270015e-02
6.4031532e+00 2.8922474e-05 1.1383210e-03 1.9274885e-02
6.4084084e+00 2.9947613e-05 1.1620539e-03 1.9290141e-02
6.4136637e+00 3.1008261e-05 1.1874091e-03 1.9301383e-02
6.4189189e+00 3.2095944e-05 1.2132076e-03 1.9317343e-02
6.4241742e+00 3.3224875e-05 1.2384285e-03 1.9329167e-02
6.4294294e+00 3.4392923e-05 1.2653976e-03 1.9339022e-02
6.4346847e+00 3.5610225e-05 1.2928927e-03 1.9343998e-02
6.4399399e+00 3.6864400e-05 1.3221572e-03 1.9349490e-02
6.4451952e+00 3.8147696e-05 1.3522199e-03 1.9360415e-02
6.4504505e+00 3.9454745e-05 1.3818254e-03 1.9372758e-02
6.4557057e+00 4.0805214e-05 1.4115133e-03 1.9383694e-02
6.4609610e+00 4.2201274e-05 1.4435536e-03 1.9401589e-02
6.4662162e+00 4.3636699e-05 1.4723922e-03 1.9429744e-02
6.4714715e+00 4.5116489e-05 1.5022518e-03 1.9465015e-02
6.4767267e+00 4.6669692e-05 1.5343767e-03 1.9488323e-02
6.4819820e+00 4.8265703e-05 1.5677159e-03 1.9535568e-02
6.4872372e+00 4.9901882e-05 1.6009176e-03 1.9564247e-02
6.4924925e+00 5.1606195e-05 1.6339232e-03 1.9636945e-02
6.4977477e+00 5.3394510e-05 1.6668848e-03 1.9697399e-02
6.5030030e+00 5.5197386e-05 1.6998825e-03 1.9779108e-02
6.5082583e+00 5.7035123e-05 1.7330954e-03 1.9866288e-02
6.5135135e+00 5.8914891e-05 1.7676760e-03 1.9926835e-02
6.5187688e+00 6.0871723e-05 1.8059966e-03 1.9985257e-02
6.5240240e+00 6.2854790e-05 1.8455786e-03 2.0063621e-02
6.5292793e+00 6.4970356e-05 1.8831171e-03 2.0159478e-02
6.5345345e+00 6.7162425e-05 1.9251847e-03 2.0236997e-02
6.5397898e+00 6.9420829e-05 1.9632611e-03 2.0307146e-02
6.5450450e+00 7.1761156e-05 2.0031618e-03 2.0423142e-02
6.5503003e+00 7.4191207e-05 2.0420513e-03 2.0525637e-02
6.5555556e+00 7.6684070e-05 2.0813285e-03 2.0644124e-02
6.5608108e+00 7.9199748e-05 2.1225664e-03 2.0740712e-02
6.5660661e+00 8.1831518e-05 2.1640143e-03 2.0847396e-02
6.5713213e+00 8.4554334e-05 2.2078062e-03 2.0956285e-02
6.5765766e+00 8.7359486e-05 2.2562552e-03 2.1051383e-02
6.5818318e+00 9.0256531e-05 2.3009262e-03 2.1181415e-02
6.5870871e+00 9.3259925e-05 2.3491859e-03 2.1302571e-02
6.5923423e+00 9.6314803e-05 2.3985109e-03 2.1417501e-02
6.5975976e+00 9.9465002e-05 2.4485752e-03 2.1560503e-02
6.6028529e+00 1.0272822e-04 2.4968258e-03 2.1670378e-02
6.6081081e+00 1.0606791e-04 2.5466130e-03 2.1793328e-02
6.6133634e+00 1.0952234e-04 2.5956107e-03 2.1942953e-02
6.6186186e+00 1.1309612e-04 2.6429278e-03 2.2057584e-02
6.6238739e+00 1.1671886e-04 2.6945101e-03 2.2166139e-02
6.6291291e+00 1.2048102e-04 2.7465309e-03 2.2306749e-02
6.6343844e+00 1.2434827e-04 2.7999132e-03 2.2427578e-02
6.6396396e+00 1.2842477e-04 2.8530920e-03 2.2541191e-02
6.6448949e+00 1.3247554e-04 2.9071502e-03 2.2668896e-02
6.6501502e+00 1.3670999e-04 2.9608014e-03 2.2810354e-02
6.6554054e+00 1.4107290e-04 3.0184100e-03 2.2902635e-02
6.6606607e+00 1.4551382e-04 3.0757828e-03 2.2991673e-02
6.6659159e+00 1.5011422e-04 3.1350096e-03 2.3115478e-02
6.6711712e+00 1.5497008e-04 3.1943673e-03 2.3278615e-02
6.6764264e+00 1.5992010e-04 3.2532640e-03 2.3364673e-02
6.6816817e+00 1.6499033e-04 3.3126745e-03 2.3445500e-02
6.6869369e+00 1.7019844e-04 3.3691748e-03 2.3599082e-02
6.6921922e+00 1.7555443e-04 3.4294864e-03 2.3756655e-02
6.6974474e+00 1.8117697e-04 3.4910536e-03 2.3889234e-02
6.7027027e+00 1.8690650e-04 3.5530502e-03 2.4026317e-02
6.7079580e+00 1.9271805e-04 3.6157059e-03 2.4134067e-02
6.7132132e+00 1.9865616e-04 3.6817927e-03 2.4242236e-02
6.7184685e+00 2.0481177e-04 3.7509359e-03 2.4353099e-02
6.7237237e+00 2.1120211e-04 3.8202653e-03 2.4510324e-02
6.7289790e+00 2.1778537e-04 3.8899455e-03 2.4650868e-02
6.7342342e+00 2.2475360e-04 3.9597841e-03 2.4781855e-02
6.7394895e+00 2.3172027e-04 4.0317357e-03 2.4914064e-02
6.7447447e+00 2.3887704e-04 4.1009163e-03 2.5046363e-02
6.7500000e+00 2.4609854e-04 4.1729728e-03 2.5120655e-02
6.7552553e+00 2.5359499e-04 4.2472395e-03 2.5248805e-02
6.7605105e+00 2.6131900e-04 4.3241937e-03 2.5344082e-02
6.7657658e+00 2.6928207e-04 4.3927287e-03 2.5507575e-02
6.7710210e+00 2.7752323e-04 4.4688358e-03 2.5617310e-02
6.7762763e+00 2.8577736e-04 4.5482567e-03 2.5735462e-02
6.7815315e+00 2.9451025e-04 4.6294285e-03 2.5858509e-02
6.7867868e+00 3.0342322e-04 4.7111362e-03 2.5924285e-02
6.7920420e+00 3.1263501e-04 4.7873556e-03 2.6013294e-02
6.7972973e+00 3.2213407e-04 4.8682690e-03 2.6123701e-02
6.8025526e+00 3.3186553e-04 4.9416347e-03 2.6186624e-02
6.8078078e+00 3.4191979e-04 5.0223556e-03 2.6344093e-02
6.8130631e+00 3.5219453e-04 5.1056613e-03 2.6377985e-02
6.8183183e+00 3.6266307e-04 5.1839719e-03 2.6509550e-02
6.8235736e+00 3.7343054e-04 5.2693852e-03 2.6635798e-02
6.8288288e+00 3.8446329e-04 5.3405956e-03 2.6714522e-02
6.8340841e+00 3.9561088e-04 5.4289379e-03 2.6841977e-02
6.8393393e+00 4.0711076e-04 5.5105082e-03 2.6949228e-02
6.8445946e+00 4.1887314e-04 5.5946582e-03 2.7037199e-02
6.8498498e+00 4.3101287e-04 5.6779222e-03 2.7192865e-02
6.8551051e+00 4.4353185e-04 5.7676081e-03 2.7278407e-02
6.8603604e+00 4.5630456e-04 5.8573915e-03 2.7401560e-02
6.8656156e+00 4.6947342e-04 5.9455596e-03 2.7554247e-02
6.8708709e+00 4.8317549e-04 6.0362134e-03 2.7666281e-02
6.8761261e+00 4.9718304e-04 6.1360987e-03 2.7757296e-02
6.8813814e+00 5.1174166e-04 6.2284042e-03 2.7871033e-02
6.8866366e+00 5.2666910e-04 6.3100722e-03 2.8016394e-02
6.8918919e+00 5.4178968e-04 6.3937878e-03 2.8084546e-02
6.8971471e+00 5.5776875e-04 6.4886316e-03 2.8204940e-02
6.9024024e+00 5.7419120e-04 6.5755372e-03 2.8277025e-02
6.9076577e+00 5.9048603e-04 6.6609669e-03 2.8406185e-02
6.9129129e+00 6.0773941e-04 6.7665010e-03 2.8509017e-02
6.9181682e+00 6.2534436e-04 6.8544706e-03 2.8612860e-02
6.9234234e+00 6.4323935e-04 6.9466997e-03 2.8710874e-02
6.9286787e+00 6.6170930e-04 7.0482624e-03 2.8825909e-02
6.9339339e+00 6.8026089e-04 7.1437349e-03 2.8956812e-02
6.9391892e+00 6.9954020e-04 7.2356117e-03 2.9004324e-02
6.9444444e+00 7.1962521e-04 7.3359688e-03 2.9165957e-02
6.9496997e+00 7.4054831e-04 7.4341564e-03 2.9257099e-02
6.9549550e+00 7.6199525e-04 7.5142502e-03 2.9326837e-02
6.9602102e+00 7.8360676e-04 7.6171599e-03 2.9460974e-02
6.9654655e+00 8.0611937e-04 7.7147511e-03 2.9605896e-02
6.9707207e+00 8.2887995e-04 7.8230331e-03 2.9736761e-02
6.9759760e+00 8.5195203e-04 7.9124796e-03 2.9861276e-02
6.9812312e+00 8.7588181e-04 7.9851391e-03 2.9949721e-02
6.9864865e+00 9.0039010e-04 8.0738536e-03 3.0021821e-02
6.9917417e+00 9.2563263e-04 8.1420242e-03 3.0104803e-02
6.9969970e+00 9.5162074e-04 8.2494625e-03 3.0217292e-02
7.0022523e+00 9.7893383e-04 8.3508493e-03 3.0338804e-02
7.0075075e+00 1.0063635e-03 8.4465481e-03 3.0434635e-02
7.0127628e+00 1.0344725e-03 8.5496355e-03 3.0511452e-02
7.0180180e+00 1.0628859e-03 8.6365013e-03 3.0598675e-02
7.0232733e+00 1.0921141e-03 8.7345711e-03 3.0696133e-02
7.0285285e+00 1.1219918e-03 8.8334130e-03 3.0765524e-02
7.0337838e+00 1.1524877e-03 8.9389910e-03 3.0832146e-02
7.0390390e+00 1.1835020e-03 9.0355961e-03 3.0910918e-02
7.0442943e+00 1.2147563e-03 9.1284262e-03 3.1044920e-02
7.0495495e+00 1.2477002e-03 9.2247056e-03 3.1185466e-02
7.0548048e+00 1.2814705e-03 9.3306111e-03 3.1314654e-02
7.0600601e+00 1.3169603e-03 9.4271986e-03 3.1459355e-02
7.0653153e+00 1.3517360e-03 9.5330984e-03 3.1543119e-02
7.0705706e+00 1.3878675e-03 9.6214389e-03 3.1693002e-02
7.0758258e+00 1.4251591e-03 9.7329646e-03 3.1742307e-02
7.0810811e+00 1.4630007e-03 9.8091923e-03 3.1872417e-02
7.0863363e+00 1.5023930e-03 9.9106540e-03 3.1985470e-02
7.0915916e+00 1.5428424e-03 1.0002559e-02 3.2111760e-02
7.0968468e+00 1.5839407e-03 1.0092634e-02 3.2277101e-02
7.1021021e+00 1.6258650e-03 1.0180834e-02 3.2378158e-02
7.1073574e+00 1.6676390e-03 1.0278002e-02 3.2480084e-02
7.1126126e+00 1.7117367e-03 1.0379822e-02 3.2552981e-02
7.1178679e+00 1.7555915e-03 1.0482808e-02 3.2686931e-02
7.1231231e+00 1.8012823e-03 1.0578104e-02 3.2783459e-02
7.1283784e+00 1.8491647e-03 1.0656506e-02 3.2885659e-02
7.1336336e+00 1.8969011e-03 1.0759970e-02 3.2993177e-02
7.1388889e+00 1.9457177e-03 1.0869507e-02 3.3111065e-02
7.1441441e+00 1.9956917e-03 1.0983386e-02 3.3205101e-02
7.1493994e+00 2.0484533e-03 1.1101945e-02 3.3284221e-02
7.1546547e+00 2.1009789e-03 1.1207583e-02 3.3428763e-02
7.1599099e+00 2.1551732e-03 1.1317428e-02 3.3516376e-02
7.1651652e+00 2.2110203e-03 1.1428567e-02 3.3657204e-02
7.1704204e+00 2.2690409e-03 1.1514826e-02 3.3766267e-02
7.1756757e+00 2.3281953e-03 1.1615218e-02 3.3868527e-02
7.1809309e+00 2.3867404e-03 1.1727915e-02 3.4021199e-02
7.1861862e+00 2.4466930e-03 1.1847677e-02 3.4132661e-02
7.1914414e+00 2.5086545e-03 1.1966405e-02 3.4221604e-02
7.1966967e+00 2.5732757e-03 1.2105543e-02 3.4374878e-02
7.2019520e+00 2.6385116e-03 1.2211191e-02 3.4491035e-02
7.2072072e+00 2.7035411e-03 1.2339439e-02 3.4646231e-02
7.2124625e+00 2.7709575e-03 1.2447835e-02 3.4711569e-02
7.2177177e+00 2.8390419e-03 1.2578787e-02 3.4870287e-02
7.2229730e+00 2.9091682e-03 1.2675688e-02 3.5060015e-02
7.2282282e+00 2.9815931e-03 1.2788122e-02 3.5194810e-02
7.2334835e+00 3.0556257e-03 1.2918452e-02 3.5351990e-02
7.2387387e+00 3.1287115e-03 1.3060848e-02 3.5495837e-02
7.2439940e+00 3.2063155e-03 1.3198563e-02 3.5653653e-02
7.2492492e+00 3.2852216e-03 1.3320671e-02 3.5812678e-02
7.2545045e+00 3.3653633e-03 1.3450253e-02 3.5945945e-02
7.2597598e+00 3.4463150e-03 1.3557276e-02 3.6133486e-02
7.2650150e+00 3.5306147e-03 1.3702325e-02 3.6294158e-02
7.2702703e+00 3.6147650e-03 1.3831257e-02 3.6415870e-02
7.2755255e+00 3.7015720e-03 1.3947035e-02 3.6546411e-02
7.2807808e+00 3.7920952e-03 1.4075964e-02 3.6679564e-02
7.2860360e+00 3.8823740e-03 1.4226341e-02 3.6833426e-02
7.2912913e+00 3.9736372e-03 1.4365512e-02 3.7022908e-02
7.2965465e+00 4.0657795e-03 1.4502417e-02 3.7150923e-02
7.3018018e+00 4.1616691e-03 1.4650772e-02 3.7313832e-02
7.3070571e+00 4.2627780e-03 1.4815776e-02 3.7434189e-02
7.3123123e+00 4.3645057e-03 1.4966133e-02 3.7593506e-02
7.3175676e+00 4.4666858e-03 1.5133855e-02 3.7755419e-02
7.3228228e+00 4.5701822e-03 1.5282375e-02 3.7927747e-02
7.3280781e+00 4.6768425e-03 1.5411738e-02 3.8100308e-02
7.3333333e+00 4.7833334e-03 1.5559829e-02 3.8283608e-02
7.3385886e+00 4.8936591e-03 1.5721480e-02 3.8477716e-02
7.3438438e+00 5.0071090e-03 1.5895195e-02 3.8639465e-02
7.3490991e+00 5.1184814e-03 1.6060153e-02 3.8836905e-02
7.3543544e+00 5.2328446e-03 1.6231250e-02 3.9023691e-02
7.3596096e+00 5.3508387e-03 1.6422881e-02 3.9233680e-02
7.3648649e+00 5.4722098e-03 1.6617573e-02 3.9436504e-02
7.3701201e+00 5.5929460e-03 1.6812628e-02 3.9632353e-02
7.3753754e+00 5.7211280e-03 1.6982627e-02 3.9834886e-02
7.3806306e+00 5.8518191e-03 1.7136042e-02 3.9986354e-02
7.3858859e+00 5.9855375e-03 1.7344518e-02 4.0157731e-02
7.3911411e+00 6.1088424e-03 1.7526500e-02 4.0342935e-02
7.3963964e+00 6.2459333e-03 1.7699459e-02 4.0511230e-02
7.4016517e+00 6.3802482e-03 1.7889631e-02 4.0685503e-02
7.4069069e+00 6.5228586e-03 1.8078974e-02 4.0870083e-02
7.4121622e+00 6.6618599e-03 1.8265526e-02 4.1047970e-02
7.4174174e+00 6.8123773e-03 1.8463406e-02 4.1270923e-02
7.4226727e+00 6.9581488e-03 1.8665959e-02 4.1426933e-02
7.4279279e+00 7.1130476e-03 1.8856155e-02 4.1598600e-02
7.4331832e+00 7.2705362e-03 1.9059588e-02 4.1789319e-02
7.4384384e+00 7.4246000e-03 1.9294834e-02 4.2035887e-02
7.4436937e+00 7.5768480e-03 1.9481270e-02 4.2213921e-02
7.4489489e+00 7.7431234e-03 1.9701731e-02 4.2416742e-02
7.4542042e+00 7.9139538e-03 1.9913596e-02 4.2607746e-02
7.4594595e+00 8.0765755e-03 2.0140645e-02 4.2881617e-02
7.4647147e+00 8.2409167e-03 2.0371068e-02 4.3101158e-02
7.4699700e+00 8.4166947e-03 2.0598232e-02 4.3347361e-02
7.4752252e+00 8.5953561e-03 2.0811405e-02 4.3618322e-02
7.4804805e+00 8.7791844e-03 2.1051493e-02 4.3868531e-02
7.4857357e+00 8.9613426e-03 2.1290246e-02 4.4087078e-02
7.4909910e+00 9.1462166e-03 2.1542678e-02 4.4323256e-02
7.4962462e+00 9.3398222e-03 2.1778040e-02 4.4582075e-02
7.5015015e+00 9.5295243e-03 2.2010584e-02 4.4854094e-02
7.5067568e+00 9.7235906e-03 2.2271102e-02 4.5056024e-02
7.5120120e+00 9.9262604e-03 2.2498491e-02 4.5295963e-02
7.5172673e+00 1.0130284e-02 2.2748470e-02 4.5535387e-02
7.5225225e+00 1.0340976e-02 2.2989347e-02 4.5823913e-02
7.5277778e+00 1.0550497e-02 2.3266409e-02 4.6105924e-02
7.5330330e+00 1.0766051e-02 2.3524412e-02 4.6371467e-02
7.5382883e+00 1.0985015e-02 2.3789161e-02 4.6659264e-02
7.5435435e+00 1.1201051e-02 2.4072437e-02 4.6969042e-02
7.5487988e+00 1.1431658e-02 2.4349251e-02 4.7290009e-02
7.5540541e+00 1.1662969e-02 2.4653531e-02 4.7609641e-02
7.5593093e+00 1.1901504e-02 2.4935232e-02 4.7942283e-02
7.5645646e+00 1.2139957e-02 2.5210783e-02 4.8289584e-02
7.5698198e+00 1.2384264e-02 2.5512725e-02 4.8626361e-02
7.5750751e+00 1.2627159e-02 2.5796362e-02 4.8980678e-02
7.5803303e+00 1.2882618e-02 2.6078998e-02 4.9283980e-02
7.5855856e+00 1.3130303e-02 2.6401931e-02 4.9607626e-02
7.5908408e+00 1.3387852e-02 2.6713178e-02 4.9982848e-02
7.5960961e+00 1.3655088e-02 2.7000199e-02 5.0364961e-02
7.6013514e+00 1.3928919e-02 2.7342285e-02 5.0699690e-02
7.6066066e+00 1.4205103e-02 2.7668981e-02 5.1058190e-02
7.6118619e+00 1.4493087e-02 2.7981471e-02 5.1407147e-02
7.6171171e+00 1.4778510e-02 2.8329706e-02 5.1796118e-02
7.6223724e+00 1.5067770e-02 2.8683735e-02 5.2158790e-02
7.6276276e+00 1.5361464e-02 2.9020176e-02 5.2547590e-02
7.6328829e+00 1.5659081e-02 2.9381658e-02 5.2910453e-02
7.6381381e+00 1.5959553e-02 2.9731389e-02 5.3305130e-02
7.6433934e+00 1.6276824e-02 3.0095052e-02 5.3737314e-02
7.6486486e+00 1.6588185e-02 3.0461764e-02 5.4158571e-02
7.6539039e+00 1.6890717e-02 3.0861272e-02 5.4589778e-02
7.6591592e+00 1.7211071e-02 3.1247597e-02 5.5011851e-02
7.6644144e+00 1.7545400e-02 3.1605397e-02 5.5406197e-02
7.6696697e+00 1.7885187e-02 3.1996507e-02 5.5810819e-02
7.6749249e+00 1.8221465e-02 3.2399925e-02 5.6272294e-02
7.6801802e+00 1.8558493e-02 3.2791209e-02 5.6766374e-02
7.6854354e+00 1.8896148e-02 3.3205714e-02 5.7220948e-02
7.6906907e+00 1.9247635e-02 3.3658414e-02 5.7682391e-02
7.6959459e+00 1.9599111e-02 3.4087745e-02 5.8146764e-02
7.7012012e+00 1.9960102e-02 3.4546826e-02 5.8631252e-02
7.7064565e+00 2.0330277e-02 3.4985962e-02 5.9160018e-02
7.7117117e+00 2.0711161e-02 3.5418194e-02 5.9629716e-02
7.7169670e+00 2.1099735e-02 3.5862183e-02 6.0147276e-02
7.7222222e+00 2.1488257e-02 3.6343629e-02 6.0668072e-02
7.7274775e+00 2.1884323e-02 3.6837280e-02 6.1190158e-02
7.7327327e+00 2.2291447e-02 3.7301619e-02 6.1748647e-02
7.7379880e+00 2.2704865e-02 3.7780292e-02 6.2303598e-02
7.7432432e+00 2.3126176e-02 3.8263744e-02 6.2839153e-02
7.7484985e+00 2.3555509e-02 3.8779219e-02 6.3438618e-02
7.7537538e+00 2.3987554e-02 3.9295944e-02 6.4011365e-02
7.7590090e+00 2.4427143e-02 3.9826516e-02 6.4548788e-02
7.7642643e+00 2.4875918e-02 4.0373451e-02 6.5105986e-02
7.7695195e+00 2.5341295e-02 4.0873633e-02 6.5637194e-02
7.7747748e+00 2.5779006e-02 4.1440412e-02 6.6241027e-02
7.7800300e+00 2.6231867e-02 4.2000821e-02 6.6837137e-02
7.7852853e+00 2.6698514e-02 4.2566767e-02 6.7466905e-02
7.7905405e+00 2.7189791e-02 4.3128997e-02 6.8054927e-02
7.7957958e+00 2.7669765e-02 4.3676639e-02 6.8707811e-02
7.8010511e+00 2.8151834e-02 4.4254299e-02 6.9370839e-02
7.8063063e+00 2.8640586e-02 4.4853069e-02 7.0024250e-02
7.8115616e+00 2.9142996e-02 4.5466332e-02 7.0672942e-02
7.8168168e+00 2.9674013e-02 4.6057288e-02 7.1335308e-02
7.8220721e+00 3.0192714e-02 4.6651852e-02 7.1990925e-02
7.8273273e+00 3.0734349e-02 4.7298589e-02 7.2698306e-02
7.8325826e+00 3.1245024e-02 4.7939028e-02 7.3382950e-02
7.8378378e+00 3.1803252e-02 4.8575078e-02 7.4090128e-02
7.8430931e+00 3.2336515e-02 4.9244911e-02 7.4781069e-02
7.8483483e+00 3.2885368e-02 4.9892274e-02 7.5498823e-02
7.8536036e+00 3.3469401e-02 5.0590476e-02 7.6212807e-02
7.8588589e+00 3.4029662e-02 5.1281992e-02 7.6962031e-02
7.8641141e+00 3.4622241e-02 5.1956899e-02 7.7720086e-02
7.8693694e+00 3.5218095e-02 5.2629455e-02 7.8447083e-02
7.8746246e+00 3.5826671e-02 5.3352584e-02 7.9229250e-02
7.8798799e+00 3.6458397e-02 5.4071557e-02 7.9974753e-02
7.8851351e+00 3.7062492e-02 5.4807897e-02 8.0740780e-02
7.8903904e+00 3.7686862e-02 5.5550049e-02 8.1509985e-02
7.8956456e+00 3.8333437e-02 5.6318068e-02 8.2296588e-02
7.9009009e+00 3.8979301e-02 5.7087670e-02 8.3172423e-02
7.9061562e+00 3.9609882e-02 5.7882452e-02 8.3988072e-02
7.9114114e+00 4.0269438e-02 5.8663947e-02 8.4800329e-02
7.9166667e+00 4.0960598e-02 5.9453795e-02 8.5676384e-02
7.9219219e+00 4.1646933e-02 6.0274008e-02 8.6569867e-02
7.9271772e+00 4.2330469e-02 6.1067123e-02 8.7471005e-02
7.9324324e+00 4.3009750e-02 6.1898435e-02 8.8330172e-02
7.9376877e+00 4.3711267e-02 6.2708951e-02 8.9220551e-02
7.9429429e+00 4.4434880e-02 6.3560250e-02 9.0184395e-02
7.9481982e+00 4.5147897e-02 6.4393639e-02 9.1149279e-02
7.9534535e+00 4.5906564e-02 6.5242624e-02 9.2095530e-02
7.9587087e+00 4.6645423e-02 6.6106356e-02 9.3077124e-02
7.9639640e+00 4.7401800e-02 6.7008791e-02 9.4095393e-02
7.9692192e+00 4.8177329e-02 6.7899203e-02 9.5105628e-02
7.9744745e+00 4.8975356e-02 6.8822030e-02 9.6113605e-02
7.9797297e+00 4.9758144e-02 6.9756226e-02 9.7109047e-02
7.9849850e+00 5.0550667e-02 7.0699305e-02 9.8172020e-02
7.9902402e+00 5.1362885e-02 7.1648949e-02 9.9212359e-02
7.9954955e+00 5.2204501e-02 7.2601413e-02 1.0025915e-01
8.0007508e+00 5.3060284e-02 7.3571710e-02 1.0129967e-01
8.0060060e+00 5.3905359e-02 7.4520470e-02 1.0239112e-01
8.0112613e+00 5.4767082e-02 7.5496450e-02 1.0352464e-01
8.0165165e+00 5.5644167e-02 7.6521220e-02 1.0465973e-01
8.0217718e+00 5.6538535e-02 7.7567351e-02 1.0578742e-01
8.0270270e+00 5.7415633e-02 7.8619332e-02 1.0693526e-01
8.0322823e+00 5.8322778e-02 7.9698676e-02 1.0804608e-01
8.0375375e+00 5.9225548e-02 8.0776623e-02 1.0924200e-01
8.0427928e+00 6.0153057e-02 8.1877810e-02 1.1042778e-01
8.0480480e+00 6.1085720e-02 8.2938345e-02 1.1168042e-01
8.0533033e+00 6.2061210e-02 8.4048572e-02 1.1294356e-01
8.0585586e+00 6.3042476e-02 8.5174960e-02 1.1416637e-01
8.0638138e+00 6.4018834e-02 8.6308763e-02 1.1543227e-01
8.0690691e+00 6.5022639e-02 8.7466687e-02 1.1668879e-01
8.0743243e+00 6.6017553e-02 8.8610699e-02 1.1793870e-01
8.0795796e+00 6.7046833e-02 8.9795043e-02 1.1917561e-01
8.0848348e+00 6.8079424e-02 9.0968269e-02 1.2048100e-01
8.0900901e+00 6.9151127e-02 9.2152049e-02 1.2176334e-01
8.0953453e+00 7.0199269e-02 9.3350719e-02 1.2309607e-01
8.1006006e+00 7.1269363e-02 9.4579588e-02 1.2441620e-01
8.1058559e+00 7.2364107e-02 9.5825239e-02 1.2575309e-01
8.1111111e+00 7.3475466e-02 9.7096601e-02 1.2715757e-01
8.1163664e+00 7.4614920e-02 9.8382503e-02 1.2859955e-01
8.1216216e+00 7.5741970e-02 9.9693582e-02 1.3007453e-01
8.1268769e+00 7.6879903e-02 1.0101644e-01 1.3146932e-01
8.1321321e+00 7.8025942e-02 1.0231360e-01 1.3293222e-01
8.1373874e+00 7.9219719e-02 1.0372029e-01 1.3440368e-01
8.1426426e+00 8.0458853e-02 1.0508225e-01 1.3589583e-01
8.1478979e+00 8.1686928e-02 1.0643889e-01 1.3740447e-01
8.1531532e+00 8.2918049e-02 1.0779979e-01 1.3888976e-01
8.1584084e+00 8.4151365e-02 1.0919137e-01 1.4042830e-01
8.1636637e+00 8.5407800e-02 1.1061432e-01 1.4202362e-01
8.1689189e+00 8.6696430e-02 1.1206463e-01 1.4364387e-01
8.1741742e+00 8.7935207e-02 1.1350543e-01 1.4520316e-01
8.1794294e+00 8.9241070e-02 1.1493429e-01 1.4681787e-01
8.1846847e+00 9.0556933e-02 1.1642258e-01 1.4847070e-01
8.1899399e+00 9.1852541e-02 1.1793260e-01 1.5008958e-01
8.1951952e+00 9.3210940e-02 1.1943151e-01 1.5180756e-01
8.2004505e+00 9.4575614e-02 1.2096138e-01 1.5351022e-01
8.2057057e+00 9.5972973e-02 1.2248332e-01 1.5521405e-01
8.2109610e+00 9.7367805e-02 1.2402265e-01 1.5686587e-01
8.2162162e+00 9.8773480e-02 1.2561157e-01 1.5867312e-01
8.2214715e+00 1.0021350e-01 1.2723059e-01 1.6042178e-01
8.2267267e+00 1.0165612e-01 1.2883832e-01 1.6216455e-01
8.2319820e+00 1.0310044e-01 1.3052820e-01 1.6392851e-01
8.2372372e+00 1.0456782e-01 1.3215842e-01 1.6569280e-01
8.2424925e+00 1.0604255e-01 1.3388400e-01 1.6752181e-01
8.2477477e+00 1.0753169e-01 1.3562473e-01 1.6941972e-01
8.2530030e+00 1.0905731e-01 1.3735955e-01 1.7130848e-01
8.2582583e+00 1.1060994e-01 1.3910556e-01 1.7324654e-01
8.2635135e+00 1.1219115e-01 1.4082175e-01 1.7518767e-01
8.2687688e+00 1.1378843e-01 1.4259698e-01 1.7718555e-01
8.2740240e+00 1.1533681e-01 1.4440364e-01 1.7915437e-01
8.2792793e+00 1.1695750e-01 1.4622237e-01 1.8105891e-01
8.2845345e+00 1.1856484e-01 1.4801591e-01 1.8300856e-01
8.2897898e+00 1.2022507e-01 1.4988703e-01 1.8495984e-01
8.2950450e+00 1.2190017e-01 1.5174021e-01 1.8699141e-01
8.3003003e+00 1.2358910e-01 1.5358533e-01 1.8906454e-01
8.3055556e+00 1.2528883e-01 1.5545299e-01 1.9116065e-01
8.3108108e+00 1.2699279e-01 1.5738103e-01 1.9322448e-01
8.3160661e+00 1.2872866e-01 1.5934700e-01 1.9523983e-01
8.3213213e+00 1.3049296e-01 1.6130847e-01 1.9734979e-01
8.3265766e+00 1.3226414e-01 1.6330900e-01 1.9952335e-01
8.3318318e+00 1.3404792e-01 1.6533828e-01 2.0173094e-01
8.3370871e+00 1.3586312e-01 1.6736071e-01 2.0390621e-01
8.3423423e+00 1.3771373e-01 1.6941075e-01 2.0606432e-01
8.3475976e+00 1.3959796e-01 1.7149228e-01 2.0830242e-01
8.3528529e+00 1.4149566e-01 1.7361996e-01 2.1059597e-01
8.3581081e+00 1.4340007e-01 1.7572833e-01 2.1289891e-01
8.3633634e+00 1.4530636e-01 1.7784714e-01 2.1519877e-01
8.3686186e+00 1.4725806e-01 1.8001368e-01 2.1748279e-01
8.3738739e+00 1.4923620e-01 1.8219080e-01 2.1975416e-01
8.3791291e+00 1.5122235e-01 1.8440730e-01 2.2220507e-01
8.3843844e+00 1.5326298e-01 1.8664179e-01 2.2459143e-01
8.3896396e+00 1.5522657e-01 1.8890316e-01 2.2703569e-01
8.3948949e+00 1.5728275e-01 1.9114494e-01 2.2946657e-01
8.4001502e+00 1.5928828e-01 1.9343230e-01 2.3187773e-01
8.4054054e+00 1.6135721e-01 1.9573193e-01 2.3434171e-01
8.4106607e+00 1.6346943e-01 1.9806092e-01 2.3682034e-01
8.4159159e+00 1.6558575e-01 2.0041221e-01 2.3935397e-01
8.4211712e+00 1.6771991e-01 2.0278876e-01 2.4188252e-01
8.4264264e+00 1.6987778e-01 2.0519780e-01 2.4447578e-01
8.4316817e+00 1.7206512e-01 2.0756642e-01 2.4707737e-01
8.4369369e+00 1.7431231e-01 2.0998815e-01 2.4965161e-01
8.4421922e+00 1.7655749e-01 2.1244988e-01 2.5226511e-01
8.4474474e+00 1.7880071e-01 2.1490336e-01 2.5489727e-01
8.4527027e+00 1.8105842e-01 2.1739248e-01 2.5749698e-01
8.4579580e+00 1.8338176e-01 2.1989393e-01 2.6017679e-01
8.4632132e+00 1.8572277e-01 2.2241646e-01 2.6288783e-01
8.4684685e+00 1.8804515e-01 2.2494673e-01 2.6558665e-01
8.4737237e+00 1.9042331e-01 2.2753915e-01 2.6839766e-01
8.4789790e+00 1.9282095e-01 2.3016153e-01 2.7116229e-01
8.4842342e+00 1.9523952e-01 2.3275542e-01 2.7397258e-01
8.4894895e+00 1.9769093e-01 2.3536847e-01 2.7673900e-01
8.4947447e+00 2.0009585e-01 2.3805844e-01 2.7955874e-01
8.5000000e+00 2.0256898e-01 2.4069078e-01 2.8244992e-01
8.5052553e+00 2.0508722e-01 2.4339781e-01 2.8531732e-01
8.5105105e+00 2.0755954e-01 2.4610495e-01 2.8823023e-01
8.5157658e+00 2.1010101e-01 2.4880567e-01 2.9108867e-01
8.5210210e+00 2.1264233e-01 2.5156622e-01 2.9403158e-01
8.5262763e+00 2.1523421e-01 2.5434106e-01 2.9694555e-01
8.5315315e+00 2.1788071e-01 2.5717083e-01 2.9993244e-01
8.5367868e+00 2.2044959e-01 2.5995432e-01 3.0294868e-01
8.5420420e+00 2.2314790e-01 2.6280952e-01 3.0592342e-01
8.5472973e+00 2.2581947e-01 2.6569528e-01 3.0896121e-01
8.5525526e+00 2.2855805e-01 2.6857192e-01 3.1190781e-01
8.5578078e+00 2.3123068e-01 2.7145911e-01 3.1498589e-01
8.5630631e+00 2.3396091e-01 2.7438956e-01 3.1812933e-01
8.5683183e+00 2.3672228e-01 2.7735028e-01 3.2127778e-01
8.5735736e+00 2.3947882e-01 2.8038859e-01 3.2441968e-01
8.5788288e+00 2.4228698e-01 2.8337301e-01 3.2759066e-01
8.5840841e+00 2.4510800e-01 2.8638135e-01 3.3073960e-01
8.5893393e+00 2.4797946e-01 2.8947255e-01 3.3392236e-01
8.5945946e+00 2.5081075e-01 2.9253456e-01 3.3714554e-01
8.5998498e+00 2.5372626e-01 2.9559500e-01 3.4038624e-01
8.6051051e+00 2.5666505e-01 2.9870620e-01 3.4363310e-01
8.6103604e+00 2.5959767e-01 3.0185293e-01 3.4694618e-01
8.6156156e+00 2.6256893e-01 3.0498511e-01 3.5030425e-01
8.6208709e+00 2.6554166e-01 3.0818001e-01 3.5363299e-01
8.6261261e+00 2.6852840e-01 3.1132177e-01 3.5696822e-01
8.6313814e+00 2.7156554e-01 3.1450504e-01 3.6033217e-01
8.6366366e+00 2.7460888e-01 3.1780908e-01 3.6370834e-01
8.6418919e+00 2.7766204e-01 3.2105812e-01 3.6709058e-01
8.6471471e+00 2.8078600e-01 3.2438384e-01 3.7051482e-01
8.6524024e+00 2.8392765e-01 3.2765044e-01 3.7400658e-01
8.6576577e+00 2.8703102e-01 3.3096170e-01 3.7738601e-01
8.6629129e+00 2.9018890e-01 3.3434136e-01 3.8084873e-01
8.6681682e+00 2.9338992e-01 3.3772047e-01 3.8441126e-01
8.6734234e+00 2.9661657e-01 3.4106279e-01 3.8796730e-01
8.6786787e+00 2.9989069e-01 3.4443366e-01 3.9147950e-01
8.6839339e+00 3.0314575e-01 3.4783938e-01 3.9497523e-01
8.6891892e+00 3.0641218e-01 3.5126888e-01 3.9856258e-01
8.6944444e+00 3.0973251e-01 3.5472232e-01 4.0218173e-01
8.6996997e+00 3.1308717e-01 3.5822719e-01 4.0578068e-01
8.7049550e+00 3.1637175e-01 3.6169459e-01 4.0940490e-01
8.7102102e+00 3.1973664e-01 3.6522119e-01 4.1304288e-01
8.7154655e+00 3.2315978e-01 3.6868755e-01 4.1670120e-01
8.7207207e+00 3.2659921e-01 3.7228299e-01 4.2040578e-01
8.7259760e+00 3.3002516e-01 3.7586114e-01 4.2413595e-01
8.7312312e+00 3.3348757e-01 3.7944213e-01 4.2783729e-01
8.7364865e+00 3.3698986e-01 3.8308655e-01 4.3150888e-01
8.7417417e+00 3.4048780e-01 3.8671536e-01 4.3520922e-01
8.7469970e+00 3.4399589e-01 3.9038710e-01 4.3898135e-01
8.7522523e+00 3.4749510e-01 3.9407407e-01 4.4279534e-01
8.7575075e+00 3.5108578e-01 3.9772616e-01 4.4656543e-01
8.7627628e+00 3.5468227e-01 4.0138419e-01 4.5034792e-01
8.7680180e+00 3.5830311e-01 4.0511296e-01 4.5419160e-01
8.7732733e+00 3.6191920e-01 4.0885434e-01 4.5799127e-01
8.7785285e+00 3.6557787e-01 4.1264237e-01 4.6194037e-01
8.7837838e+00 3.6933249e-01 4.1646120e-01 4.6580008e-01
8.7890390e+00 3.7303467e-01 4.2023187e-01 4.6964566e-01
8.7942943e+00 3.7673613e-01 4.2410101e-01 4.7353578e-01
8.7995495e+00 3.8045864e-01 4.2789130e-01 4.7744942e-01
8.8048048e+00 3.8420145e-01 4.3174588e-01 4.8133939e-01
8.8100601e+00 3.8796108e-01 4.3561996e-01 4.8526766e-01
8.8153153e+00 3.9175032e-01 4.3947923e-01 4.8929444e-01
8.8205706e+00 3.9553588e-01 4.4342086e-01 4.9328382e-01
8.8258258e+00 3.9932399e-01 4.4731476e-01 4.9719383e-01
8.8310811e+00 4.0317504e-01 4.5125354e-01 5.0112794e-01
8.8363363e+00 4.0707888e-01 4.5521627e-01 5.0519549e-01
8.8415916e+00 4.1097333e-01 4.5916511e-01 5.0914629e-01
8.8468468e+00 4.1486081e-01 4.6309183e-01 5.1321656e-01
8.8521021e+00 4.1871856e-01 4.6710733e-01 5.1721482e-01
8.8573574e+00 4.2261151e-01 4.7111222e-01 5.2119530e-01
8.8626126e+00 4.2657624e-01 4.7514942e-01 5.2526934e-01
8.8678679e+00 4.3057282e-01 4.7921878e-01 5.2932778e-01
8.8731231e+00 4.3458792e-01 4.8325899e-01 5.3338934e-01
8.8783784e+00 4.3856733e-01 4.8733368e-01 5.3748736e-01
8.8836336e+00 4.4264674e-01 4.9144757e-01 5.4162420e-01
8.8888889e+00 4.4669224e-01 4.9552951e-01 5.4570875e-01
8.8941441e+00 4.5077287e-01 4.9962947e-01 5.4978438e-01
8.8993994e+00 4.5480176e-01 5.0367071e-01 5.5392716e-01
8.9046547e+00 4.5882975e-01 5.0780140e-01 5.5804405e-01
8.9099099e+00 4.6291106e-01 5.1189927e-01 5.6215790e-01
8.9151652e+00 4.6697751e-01 5.1604451e-01 5.6626616e-01
8.9204204e+00 4.7112207e-01 5.2016191e-01 5.7045490e-01
8.9256757e+00 4.7524243e-01 5.2423702e-01 5.7460461e-01
8.9309309e+00 4.7938200e-01 5.2841283e-01 5.7872702e-01
8.9361862e+00 4.8355022e-01 5.3261586e-01 5.8282974e-01
8.9414414e+00 4.8771728e-01 5.3680969e-01 5.8697635e-01
8.9466967e+00 4.9194228e-01 5.4103079e-01 5.9108286e-01
8.9519520e+00 4.9616992e-01 5.4518244e-01 5.9521616e-01
8.9572072e+00 5.0036664e-01 5.4936656e-01 5.9943559e-01
8.9624625e+00 5.0459098e-01 5.5357632e-01 6.0369737e-01
8.9677177e+00 5.0880393e-01 5.5781206e-01 6.0796142e-01
8.9729730e+00 5.1304015e-01 5.6210284e-01 6.1219090e-01
8.9782282e+00 5.1717799e-01 5.6634821e-01 6.1638276e-01
8.9834835e+00 5.2145867e-01 5.7058177e-01 6.2060705e-01
8.9887387e+00 5.2570031e-01 5.7483608e-01 6.2482022e-01
8.9939940e+00 5.2995208e-01 5.7904596e-01 6.2908301e-01
8.9992492e+00 5.3421974e-01 5.8332511e-01 6.3327938e-01
9.0045045e+00 5.3859913e-01 5.8759652e-01 6.3754565e-01
9.0097598e+00 5.4289580e-01 5.9183093e-01 6.4172174e-01
9.0150150e+00 5.4719642e-01 5.9613981e-01 6.4598117e-01
9.0202703e+00 5.5148991e-01 6.0041029e-01 6.5024441e-01
9.0255255e+00 5.5571906e-01 6.0464990e-01 6.5448997e-01
9.0307808e+00 5.6001466e-01 6.0894916e-01 6.5871498e-01
9.0360360e+00 5.6431785e-01 6.1323046e-01 6.6287886e-01
9.0412913e+00 5.6859275e-01 6.1753928e-01 6.6709377e-01
9.0465465e+00 5.7287524e-01 6.2186502e-01 6.7132976e-01
9.0518018e+00 5.7719512e-01 6.2617873e-01 6.7550431e-01
9.0570571e+00 5.8151017e-01 6.3043299e-01 6.7968463e-01
9.0623123e+00 5.8583319e-01 6.3470428e-01 6.8384787e-01
9.0675676e+00 5.9021544e-01 6.3899903e-01 6.8805582e-01
9.0728228e+00 5.9461199e-01 6.4331243e-01 6.9221604e-01
9.0780781e+00 5.9900348e-01 6.4754981e-01 6.9631313e-01
9.0833333e+00 6.0334536e-01 6.5187697e-01 7.0049010e-01
9.0885886e+00 6.0767546e-01 6.5611479e-01 7.0462899e-01
9.0938438e+00 6.1202913e-01 6.6039931e-01 7.0880481e-01
9.0990991e+00 6.1642201e-01 6.6463777e-01 7.1293884e-01
9.1043544e+00 6.2075255e-01 6.6888769e-01 7.1709024e-01
9.1096096e+00 6.2512112e-01 6.7314198e-01 7.2122010e-01
9.1148649e+00 6.2944776e-01 6.7739377e-01 7.2540863e-01
9.1201201e+00 6.3377170e-01 6.8162831e-01 7.2947668e-01
9.1253754e+00 6.3805682e-01 6.8587667e-01 7.3364393e-01
9.1306306e+00 6.4243317e-01 6.9008068e-01 7.3771659e-01
9.1358859e+00 6.4678389e-01 6.9428419e-01 7.4180534e-01
9.1411411e+00 6.5111448e-01 6.9849065e-01 7.4593627e-01
9.1463964e+00 6.5545538e-01 7.0269704e-01 7.5006745e-01
9.1516517e+00 6.5981859e-01 7.0691735e-01 7.5414791e-01
9.1569069e+00 6.6411973e-01 7.1102933e-01 7.5817831e-01
9.1621622e+00 6.6851454e-01 7.1519855e-01 7.6222879e-01
9.1674174e+00 6.7284201e-01 7.1937362e-01 7.6629859e-01
9.1726727e+00 6.7710294e-01 7.2355370e-01 7.7035444e-01
9.1779279e+00 6.8134674e-01 7.2762403e-01 7.7436926e-01
9.1831832e+00 6.8564781e-01 7.3177049e-01 7.7837693e-01
9.1884384e+00 6.8993339e-01 7.3589239e-01 7.8229132e-01
9.1936937e+00 6.9419653e-01 7.4003781e-01 7.8624095e-01
9.1989489e+00 6.9839321e-01 7.4414505e-01 7.9017383e-01
9.2042042e+00 7.0259926e-01 7.4820190e-01 7.9407059e-01
9.2094595e+00 7.0685080e-01 7.5230107e-01 7.9792612e-01
9.2147147e+00 7.1112241e-01 7.5641938e-01 8.0186176e-01
9.2199700e+00 7.1533868e-01 7.6039220e-01 8.0573470e-01
9.2252252e+00 7.1946873e-01 7.6437298e-01 8.0954093e-01
9.2304805e+00 7.2356166e-01 7.6836055e-01 8.1336353e-01
9.2357357e+00 7.2775950e-01 7.7231508e-01 8.1714034e-01
9.2409910e+00 7.3201138e-01 7.7638664e-01 8.2084371e-01
9.2462462e+00 7.3617420e-01 7.8031812e-01 8.2458796e-01
9.2515015e+00 7.4032013e-01 7.8419068e-01 8.2838736e-01
9.2567568e+00 7.4437854e-01 7.8807981e-01 8.3205496e-01
9.2620120e+00 7.4849439e-01 7.9196027e-01 8.3578520e-01
9.2672673e+00 7.5258145e-01 7.9585237e-01 8.3934912e-01
9.2725225e+00 7.5662192e-01 7.9975175e-01 8.4305310e-01
9.2777778e+00 7.6069637e-01 8.0360040e-01 8.4667830e-01
9.2830330e+00 7.6461838e-01 8.0741968e-01 8.5029579e-01
9.2882883e+00 7.6850919e-01 8.1118306e-01 8.5382740e-01
9.2935435e+00 7.7245186e-01 8.1493945e-01 8.5741410e-01
9.2987988e+00 7.7644005e-01 8.1870914e-01 8.6094352e-01
9.3040541e+00 7.8033422e-01 8.2243715e-01 8.6442469e-01
9.3093093e+00 7.8426691e-01 8.2617816e-01 8.6791202e-01
9.3145646e+00 7.8813102e-01 8.2981964e-01 8.7126251e-01
9.3198198e+00 7.9204196e-01 8.3348472e-01 8.7467579e-01
9.3250751e+00 7.9577110e-01 8.3714612e-01 8.7806956e-01
9.3303303e+00 7.9963825e-01 8.4074017e-01 8.8142278e-01
9.3355856e+00 8.0347466e-01 8.4430379e-01 8.8472014e-01
9.3408408e+00 8.0719173e-01 8.4782747e-01 8.8805991e-01
9.3460961e+00 8.1084211e-01 8.5130462e-01 8.9136060e-01
9.3513514e+00 8.1444589e-01 8.5479078e-01 8.9459757e-01
9.3566066e+00 8.1801722e-01 8.5819869e-01 8.9776898e-01
9.3618619e+00 8.2158886e-01 8.6164785e-01 9.0102213e-01
9.3671171e+00 8.2518281e-01 8.6504429e-01 9.0417613e-01
9.3723724e+00 8.2875729e-01 8.6837450e-01 9.0729946e-01
9.3776276e+00 8.3227110e-01 8.7172541e-01 9.1035386e-01
9.3828829e+00 8.3582304e-01 8.7504840e-01 9.1337336e-01
9.3881381e+00 8.3927220e-01 8.7836621e-01 9.1643634e-01
9.3933934e+00 8.4267467e-01 8.8154601e-01 9.1953840e-01
9.3986486e+00 8.4601853e-01 8.8475479e-01 9.2255480e-01
9.4039039e+00 8.4938613e-01 8.8795804e-01 9.2549309e-01
9.4091592e+00 8.5273239e-01 8.9103806e-01 9.2837202e-01
9.4144144e+00 8.5598681e-01 8.9417625e-01 9.3119119e-01
9.4196697e+00 8.5917759e-01 8.9721527e-01 9.3405416e-01
9.4249249e+00 8.6237395e-01 9.0021739e-01 9.3682051e-01
9.4301802e+00 8.6555330e-01 9.0324809e-01 9.3962285e-01
9.4354354e+00 8.6867007e-01 9.0624480e-01 9.4237872e-01
9.4406907e+00 8.7174071e-01 9.0919687e-01 9.4509086e-01
9.4459459e+00 8.7478622e-01 9.1208391e-01 9.4768777e-01
9.4512012e+00 8.7782886e-01 9.1490436e-01 9.5033841e-01
9.4564565e+00 8.8079671e-01 9.1762915e-01 9.5292461e-01
9.4617117e+00 8.8365101e-01 9.2039590e-01 9.5553454e-01
9.4669670e+00 8.8641803e-01 9.2318783e-01 9.5795581e-01
9.4722222e+00 8.8921624e-01 9.2589615e-01 9.6041812e-01
9.4774775e+00 8.9201227e-01 9.2850364e-01 9.6285389e-01
9.4827327e+00 8.9477998e-01 9.3104907e-01 9.6535285e-01
9.4879880e+00 8.9744017e-01 9.3366189e-01 9.6776565e-01
9.4932432e+00 9.0005123e-01 9.3614294e-01 9.7006528e-01
9.4984985e+00 9.0264250e-01 9.3857861e-01 9.7239331e-01
9.5037538e+00 9.0519430e-01 9.4103018e-01 9.7470281e-01
9.5090090e+00 9.0764985e-01 9.4339917e-01 9.7690212e-01
9.5142643e+00 9.1017057e-01 9.4575612e-01 9.7912592e-01
9.5195195e+00 9.1268792e-01 9.4808264e-01 9.8125275e-01
9.5247748e+00 9.1505011e-01 9.5033639e-01 9.8338940e-01
9.5300300e+00 9.1737045e-01 9.5258496e-01 9.8543425e-01
9.5352853e+00 9.1958728e-01 9.5473471e-01 9.8746535e-01
9.5405405e+00 9.2182151e-01 9.5692083e-01 9.8945498e-01
9.5457958e+00 9.2397776e-01 9.5899074e-01 9.9134431e-01
9.5510511e+00 9.2600454e-01 9.6104071e-01 9.9320838e-01
9.5563063e+00 9.2805260e-01 9.6308047e-01 9.9505926e-01
9.5615616e+00 9.3015500e-01 9.6506707e-01 9.9678633e-01
9.5668168e+00 9.3217340e-01 9.6686521e-01 9.9856779e-01
9.5720721e+00 9.3410721e-01 9.6866540e-01 1.0002829e+00
9.5773273e+00 9.3588873e-01 9.7049010e-01 1.0020313e+00
9.5825826e+00 9.3758741e-01 9.7221376e-01 1.0036540e+00
9.5878378e+00 9.3932498e-01 9.7388500e-01 1.0052359e+00
9.5930931e+00 9.4100496e-01 9.7552312e-01 1.0067570e+00
9.5983483e+00 9.4260178e-01 9.7716007e-01 1.0082956e+00
9.6036036e+00 9.4414514e-01 9.7866833e-01 1.0098300e+00
9.6088589e+00 9.4569041e-01 9.8018586e-01 1.0112723e+00
9.6141141e+00 9.4707164e-01 9.8161225e-01 1.0126162e+00
9.6193694e+00 9.4840681e-01 9.8294875e-01 1.0139933e+00
9.6246246e+00 9.4977266e-01 9.8431334e-01 1.0152760e+00
9.6298799e+00 9.5098527e-01 9.8549196e-01 1.0165383e+00
9.6351351e+00 9.5207045e-01 9.8673011e-01 1.0178019e+00
9.6403904e+00 9.5318411e-01 9.8787927e-01 1.0189820e+00
9.6456456e+00 9.5428744e-01 9.8904000e-01 1.0201152e+00
9.6509009e+00 9.5534729e-01 9.9010896e-01 1.0211629e+00
9.6561562e+00 9.5629236e-01 9.9115017e-01 1.0222249e+00
9.6614114e+00 9.5713638e-01 9.9212787e-01 1.0232793e+00
9.6666667e+00 9.5796843e-01 9.9306679e-01 1.0242560e+00
9.6719219e+00 9.5873047e-01 9.9394988e-01 1.0251511e+00
9.6771772e+00 9.5940516e-01 9.9468563e-01 1.0260216e+00
9.6824324e+00 9.6002226e-01 9.9551548e-01 1.0268123e+00
9.6876877e+00 9.6057891e-01 9.9620383e-01 1.0275922e+00
9.6929429e+00 9.6113274e-01 9.9689338e-01 1.0283176e+00
9.6981982e+00 9.6160538e-01 9.9746109e-01 1.0290436e+00
9.7034535e+00 9.6201634e-01 9.9795029e-01 1.0296802e+00
9.7087087e+00 9.6234368e-01 9.9842464e-01 1.0303018e+00
9.7139640e+00 9.6262000e-01 9.9877050e-01 1.0308218e+00
9.7192192e+00 9.6269602e-01 9.9917036e-01 1.0313831e+00
9.7244745e+00 9.6282425e-01 9.9944718e-01 1.0318606e+00
9.7297297e+00 9.6292127e-01 9.9963372e-01 1.0322706e+00
9.7349850e+00 9.6292646e-01 9.9973847e-01 1.0326856e+00
9.7402402e+00 9.6288930e-01 9.9992336e-01 1.0330423e+00
9.7454955e+00 9.6280087e-01 9.9998156e-01 1.0332467e+00
9.7507508e+00 9.6268459e-01 1.0000000e+00 1.0334698e+00
9.7560060e+00 9.6241628e-01 9.9991845e-01 1.0336107e+00
9.7612613e+00 9.6214755e-01 9.9984601e-01 1.0337066e+00
9.7665165e+00 9.6180390e-01 9.9972026e-01 1.0337688e+00
9.7717718e+00 9.6154402e-01 9.9947198e-01 1.0337777e+00
9.7770270e+00 9.6103027e-01 9.9921649e-01 1.0336824e+00
9.7822823e+00 9.6051134e-01 9.9888503e-01 1.0335666e+00
9.7875375e+00 9.5993890e-01 9.9843672e-01 1.0333186e+00
9.7927928e+00 9.5931261e-01 9.9799082e-01 1.0331332e+00
9.7980480e+00 9.5858802e-01 9.9752212e-01 1.0328219e+00
9.8033033e+00 9.5782250e-01 9.9696450e-01 1.0325392e+00
9.8085586e+00 9.5696692e-01 9.9640081e-01 1.0321188e+00
9.8138138e+00 9.5606942e-01 9.9572240e-01 1.0316094e+00
9.8190691e+00 9.5515695e-01 9.9504298e-01 1.0310962e+00
9.8243243e+00 9.5427140e-01 9.9423375e-01 1.0305683e+00
9.8295796e+00 9.5325153e-01 9.9342087e-01 1.0299736e+00
9.8348348e+00 9.5220823e-01 9.9252853e-01 1.0292778e+00
9.8400901e+00 9.5102398e-01 9.9162014e-01 1.0284889e+00
9.8453453e+00 9.4976811e-01 9.9067196e-01 1.0276933e+00
9.8506006e+00 9.4851541e-01 9.8961171e-01 1.0268812e+00
9.8558559e+00 9.4715365e-01 9.8844949e-01 1.0260558e+00
9.8611111e+00 9.4585551e-01 9.8727964e-01 1.0251032e+00
9.8663664e+00 9.4441636e-01 9.8609314e-01 1.0240591e+00
9.8716216e+00 9.4291540e-01 9.8485517e-01 1.0230799e+00
9.8768769e+00 9.4135951e-01 9.8347843e-01 1.0220046e+00
9.8821321e+00 9.3976815e-01 9.8207004e-01 1.0209326e+00
9.8873874e+00 9.3807760e-01 9.8064779e-01 1.0197477e+00
9.8926426e+00 9.3638090e-01 9.7914574e-01 1.0184641e+00
9.8978979e+00 9.3455885e-01 9.7762472e-01 1.0171473e+00
9.9031532e+00 9.3277683e-01 9.7600158e-01 1.0157166e+00
9.9084084e+00 9.3094071e-01 9.7430467e-01 1.0143074e+00
9.9136637e+00 9.2903208e-01 9.7265721e-01 1.0129025e+00
9.9189189e+00 9.2707433e-01 9.7092235e-01 1.0113887e+00
9.9241742e+00 9.2505439e-01 9.6915876e-01 1.0098165e+00
9.9294294e+00 9.2300862e-01 9.6727175e-01 1.0082586e+00
9.9346847e+00 9.2090156e-01 9.6533774e-01 1.0065569e+00
9.9399399e+00 9.1868939e-01 9.6332932e-01 1.0047634e+00
9.9451952e+00 9.1648799e-01 9.6132730e-01 1.0030629e+00
9.9504505e+00 9.1418927e-01 9.5929983e-01 1.0011919e+00
9.9557057e+00 9.1182774e-01 9.5714798e-01 9.9927173e-01
9.9609610e+00 9.0949428e-01 9.5499934e-01 9.9733898e-01
9.9662162e+00 9.0705568e-01 9.5275003e-01 9.9541789e-01
9.9714715e+00 9.0459211e-01 9.5049590e-01 9.9333517e-01
9.9767267e+00 9.0205529e-01 9.4817704e-01 9.9131070e-01
9.9819820e+00 8.9950821e-01 9.4580265e-01 9.8915077e-01
9.9872372e+00 8.9693982e-01 9.4344959e-01 9.8708423e-01
9.9924925e+00 8.9427187e-01 9.4100018e-01 9.8484962e-01
9.9977477e+00 8.9147394e-01 9.3847299e-01 9.8267654e-01
1.0003003e+01 8.8860790e-01 9.3587968e-01 9.8040446e-01
1.0008258e+01 8.8575153e-01 9.3327157e-01 9.7804929e-01
1.0013514e+01 8.8286513e-01 9.3071223e-01 9.7568838e-01
1.0018769e+01 8.7994341e-01 9.2800191e-01 9.7328869e-01
1.0024024e+01 8.7705856e-01 9.2524915e-01 9.7080905e-01
1.0029279e+01 8.7410496e-01 9.2241423e-01 9.6823502e-01
1.0034535e+01 8.7102262e-01 9.1963051e-01 9.6560195e-01
1.0039790e+01 8.6802477e-01 9.1675644e-01 9.6293583e-01
1.0045045e+01 8.6489160e-01 9.1381990e-01 9.6023276e-01
1.0050300e+01 8.6174254e-01 9.1091454e-01 9.5740411e-01
1.0055556e+01 8.5861008e-01 9.0786401e-01 9.5462433e-01
1.0060811e+01 8.5542104e-01 9.0480996e-01 9.5185748e-01
1.0066066e+01 8.5216276e-01 9.0168066e-01 9.4899661e-01
1.0071321e+01 8.4880758e-01 8.9849805e-01 9.4610943e-01
1.0076577e+01 8.4550692e-01 8.9526070e-01 9.4309030e-01
1.0081832e+01 8.4213995e-01 8.9204181e-01 9.4003172e-01
1.0087087e+01 8.3871477e-01 8.8877485e-01 9.3698549e-01
1.0092342e+01 8.3532083e-01 8.8540648e-01 9.3383583e-01
1.0097598e+01 8.3182431e-01 8.8204337e-01 9.3064916e-01
1.0102853e+01 8.2829192e-01 8.7866990e-01 9.2745768e-01
1.0108108e+01 8.2475350e-01 8.7522704e-01 9.2416411e-01
1.0113363e+01 8.2115714e-01 8.7176124e-01 9.2080881e-01
1.0118619e+01 8.1748533e-01 8.6824192e-01 9.1741183e-01
1.0123874e+01 8.1380530e-01 8.6474385e-01 9.1403459e-01
1.0129129e+01 8.1013790e-01 8.6118034e-01 9.1066254e-01
1.0134384e+01 8.0645144e-01 8.5758163e-01 9.0722267e-01
1.0139640e+01 8.0265211e-01 8.5393623e-01 9.0376998e-01
1.0144895e+01 7.9887399e-01 8.5028611e-01 9.0021408e-01
1.0150150e+01 7.9502158e-01 8.4655671e-01 8.9663673e-01
1.0155405e+01 7.9116026e-01 8.4280787e-01 8.9305953e-01
1.0160661e+01 7.8722946e-01 8.3903733e-01 8.8934985e-01
1.0165916e+01 7.8339626e-01 8.3518132e-01 8.8570151e-01
1.0171171e+01 7.7950137e-01 8.3138334e-01 8.8202371e-01
1.0176426e+01 7.7554165e-01 8.2750544e-01 8.7828707e-01
1.0181682e+01 7.7153618e-01 8.2361932e-01 8.7452110e-01
1.0186937e+01 7.6754965e-01 8.1964414e-01 8.7063284e-01
1.0192192e+01 7.6357285e-01 8.1566323e-01 8.6675922e-01
1.0197447e+01 7.5947121e-01 8.1173465e-01 8.6285925e-01
1.0202703e+01 7.5538682e-01 8.0768476e-01 8.5893934e-01
1.0207958e+01 7.5122517e-01 8.0360905e-01 8.5491925e-01
1.0213213e+01 7.4712364e-01 7.9949610e-01 8.5088103e-01
1.0218468e+01 7.4295403e-01 7.9535052e-01 8.4684004e-01
1.0223724e+01 7.3877845e-01 7.9121330e-01 8.4281400e-01
1.0228979e+01 7.3451675e-01 7.8708572e-01 8.3867023e-01
1.0234234e+01 7.3028913e-01 7.8294387e-01 8.3451898e-01
1.0239489e+01 7.2609417e-01 7.7874783e-01 8.3039041e-01
1.0244745e+01 7.2177888e-01 7.7453546e-01 8.2618295e-01
1.0250000e+01 7.1748117e-01 7.7026196e-01 8.2197452e-01
