X KDE_INF KDE_MED KDE_SUP
-3.0000000e+00 8.1615172e-31 5.6754348e-02 1.7026304e-01
-2.9949950e+00 1.0701230e-30 5.6738811e-02 1.7021643e-01
-2.9899900e+00 1.4023590e-30 5.6692223e-02 1.7007667e-01
-2.9849850e+00 1.8367389e-30 5.6614662e-02 1.6984398e-01
-2.9799800e+00 2.4043537e-30 5.6506254e-02 1.6951876e-01
-2.9749750e+00 3.1463193e-30 5.6367178e-02 1.6910153e-01
-2.9699700e+00 4.1156003e-30 5.6197661e-02 1.6859298e-01
-2.9649650e+00 5.3725560e-30 5.5997979e-02 1.6799394e-01
-2.9599600e+00 7.0092576e-30 5.5768459e-02 1.6730538e-01
-2.9549550e+00 9.1395658e-30 5.5509473e-02 1.6652842e-01
-2.9499499e+00 1.1910818e-29 5.5221442e-02 1.6566433e-01
-2.9449449e+00 1.5513868e-29 5.4904830e-02 1.6471449e-01
-2.9399399e+00 2.0226100e-29 5.4560146e-02 1.6368044e-01
-2.9349349e+00 2.6363103e-29 5.4187944e-02 1.6256383e-01
-2.9299299e+00 3.4350447e-29 5.3788818e-02 1.6136645e-01
-2.9249249e+00 4.4733251e-29 5.3363400e-02 1.6009020e-01
-2.9199199e+00 5.8222484e-29 5.2912363e-02 1.5873709e-01
-2.9149149e+00 7.5737888e-29 5.2436416e-02 1.5730925e-01
-2.9099099e+00 9.8475526e-29 5.1936300e-02 1.5580890e-01
-2.9049049e+00 1.2801243e-28 5.1412792e-02 1.5423838e-01
-2.8998999e+00 1.6631758e-28 5.0866698e-02 1.5260009e-01
-2.8948949e+00 2.1596650e-28 5.0298852e-02 1.5089656e-01
-2.8898899e+00 2.8028303e-28 4.9710115e-02 1.4913035e-01
-2.8848849e+00 3.6355440e-28 4.9101374e-02 1.4730412e-01
-2.8798799e+00 4.7041404e-28 4.8473534e-02 1.4542060e-01
-2.8748749e+00 6.0837375e-28 4.7827524e-02 1.4348257e-01
-2.8698699e+00 7.8713397e-28 4.7164288e-02 1.4149286e-01
-2.8648649e+00 1.0178630e-27 4.6484787e-02 1.3945436e-01
-2.8598599e+00 1.3150185e-27 4.5789993e-02 1.3736998e-01
-2.8548549e+00 1.6952627e-27 4.5080890e-02 1.3524267e-01
-2.8498498e+00 2.1842599e-27 4.4358469e-02 1.3307541e-01
-2.8448448e+00 2.8127672e-27 4.3623730e-02 1.3087119e-01
-2.8398398e+00 3.6201407e-27 4.2877674e-02 1.2863302e-01
-2.8348348e+00 4.6581819e-27 4.2121304e-02 1.2636391e-01
-2.8298298e+00 5.9916170e-27 4.1355623e-02 1.2406687e-01
-2.8248248e+00 7.7063781e-27 4.0581632e-02 1.2174490e-01
-2.8198198e+00 9.9222604e-27 3.9800325e-02 1.1940097e-01
-2.8148148e+00 1.2768321e-26 3.9012690e-02 1.1703807e-01
-2.8098098e+00 1.6421765e-26 3.8219706e-02 1.1465912e-01
-2.8048048e+00 2.1109051e-26 3.7422342e-02 1.1226703e-01
-2.7997998e+00 2.7121099e-26 3.6621553e-02 1.0986466e-01
-2.7947948e+00 3.4837590e-26 3.5818280e-02 1.0745484e-01
-2.7897898e+00 4.4725094e-26 3.5013447e-02 1.0504034e-01
-2.7847848e+00 5.7348078e-26 3.4207960e-02 1.0262388e-01
-2.7797798e+00 7.3350485e-26 3.3402707e-02 1.0020812e-01
-2.7747748e+00 9.3766923e-26 3.2598552e-02 9.7795657e-02
-2.7697698e+00 1.1980057e-25 3.1796341e-02 9.5389022e-02
-2.7647648e+00 1.5297860e-25 3.0996891e-02 9.2990674e-02
-2.7597598e+00 1.9523830e-25 3.0200999e-02 9.0602998e-02
-2.7547548e+00 2.4903588e-25 2.9409433e-02 8.8228300e-02
-2.7497497e+00 3.1760028e-25 2.8622936e-02 8.5868807e-02
-2.7447447e+00 4.0535516e-25 2.7842220e-02 8.3526660e-02
-2.7397397e+00 5.1707452e-25 2.7067972e-02 8.1203916e-02
-2.7347347e+00 6.5922422e-25 2.6300848e-02 7.8902544e-02
-2.7297297e+00 8.3834229e-25 2.5541474e-02 7.6624421e-02
-2.7247247e+00 1.0653973e-24 2.4790445e-02 7.4371336e-02
-2.7197197e+00 1.3532063e-24 2.4048327e-02 7.2144982e-02
-2.7147147e+00 1.7178237e-24 2.3315654e-02 6.9946961e-02
-2.7097097e+00 2.1794924e-24 2.2592926e-02 6.7778779e-02
-2.7047047e+00 2.7637217e-24 2.1880616e-02 6.5641849e-02
-2.6996997e+00 3.5026393e-24 2.1179163e-02 6.3537488e-02
-2.6946947e+00 4.4374647e-24 2.0488973e-02 6.1466919e-02
-2.6896897e+00 5.6194853e-24 1.9810424e-02 5.9431272e-02
-2.6846847e+00 7.1124736e-24 1.9143861e-02 5.7431582e-02
-2.6796797e+00 8.9971981e-24 1.8489597e-02 5.5468791e-02
-2.6746747e+00 1.1383649e-23 1.7847917e-02 5.3543752e-02
-2.6696697e+00 1.4384113e-23 1.7219075e-02 5.1657224e-02
-2.6646647e+00 1.8160372e-23 1.6603294e-02 4.9809881e-02
-2.6596597e+00 2.2915466e-23 1.6000769e-02 4.8002308e-02
-2.6546547e+00 2.8899809e-23 1.5411668e-02 4.6235004e-02
-2.6496496e+00 3.6435595e-23 1.4836129e-02 4.4508387e-02
-2.6446446e+00 4.5960374e-23 1.4274264e-02 4.2822792e-02
-2.6396396e+00 5.7868147e-23 1.3726159e-02 4.1178477e-02
-2.6346346e+00 7.2821220e-23 1.3191874e-02 3.9575623e-02
-2.6296296e+00 9.1588020e-23 1.2671445e-02 3.8014335e-02
-2.6246246e+00 1.1512821e-22 1.2164884e-02 3.6494651e-02
-2.6196196e+00 1.4463958e-22 1.1672179e-02 3.5016538e-02
-2.6146146e+00 1.8161635e-22 1.1193299e-02 3.3579897e-02
-2.6096096e+00 2.2793320e-22 1.0728190e-02 3.2184569e-02
-2.6046046e+00 2.8626092e-22 1.0276777e-02 3.0830332e-02
-2.5995996e+00 3.5914044e-22 9.8389696e-03 2.9516909e-02
-2.5945946e+00 4.5031853e-22 9.4146563e-03 2.8243969e-02
-2.5895896e+00 5.6387239e-22 9.0037098e-03 2.7011129e-02
-2.5845846e+00 7.0582827e-22 8.6059869e-03 2.5817961e-02
-2.5795796e+00 8.8383689e-22 8.2213293e-03 2.4663988e-02
-2.5745746e+00 1.1064599e-21 7.8495648e-03 2.3548694e-02
-2.5695696e+00 1.3843998e-21 7.4905083e-03 2.2471525e-02
-2.5645646e+00 1.7312100e-21 7.1439625e-03 2.1431888e-02
-2.5595596e+00 2.1637163e-21 6.8097195e-03 2.0429158e-02
-2.5545546e+00 2.7027956e-21 6.4875609e-03 1.9462683e-02
-2.5495495e+00 3.3743368e-21 6.1772594e-03 1.8531778e-02
-2.5445445e+00 4.2104256e-21 5.8785797e-03 1.7635739e-02
-2.5395395e+00 5.2508052e-21 5.5912788e-03 1.6773836e-02
-2.5345345e+00 6.5446759e-21 5.3151076e-03 1.5945323e-02
-2.5295295e+00 8.1498961e-21 5.0498113e-03 1.5149434e-02
-2.5245245e+00 1.0134944e-20 4.7951302e-03 1.4385391e-02
-2.5195195e+00 1.2596828e-20 4.5508009e-03 1.3652403e-02
-2.5145145e+00 1.5650553e-20 4.3165565e-03 1.2949670e-02
-2.5095095e+00 1.9433938e-20 4.0921279e-03 1.2276384e-02
-2.5045045e+00 2.4118740e-20 3.8772441e-03 1.1631732e-02
-2.4994995e+00 2.9916521e-20 3.6716330e-03 1.1014899e-02
-2.4944945e+00 3.7085167e-20 3.4750220e-03 1.0425066e-02
-2.4894895e+00 4.5928814e-20 3.2871386e-03 9.8614158e-03
-2.4844845e+00 5.6856355e-20 3.1077112e-03 9.3231335e-03
-2.4794795e+00 7.0643188e-20 2.9364692e-03 8.8094077e-03
-2.4744745e+00 8.7658650e-20 2.7731440e-03 8.3194323e-03
-2.4694695e+00 1.0860998e-19 2.6174692e-03 7.8524077e-03
-2.4644645e+00 1.3449525e-19 2.4691808e-03 7.4075427e-03
-2.4594595e+00 1.6616696e-19 2.3280183e-03 6.9840554e-03
-2.4544545e+00 2.0432734e-19 2.1937243e-03 6.5811738e-03
-2.4494494e+00 2.5261456e-19 2.0660455e-03 6.1981377e-03
-2.4444444e+00 3.1177377e-19 1.9447326e-03 5.8341995e-03
-2.4394394e+00 3.8411649e-19 1.8295407e-03 5.4886249e-03
-2.4344344e+00 4.7352446e-19 1.7202297e-03 5.1606936e-03
-2.4294294e+00 5.8304582e-19 1.6165642e-03 4.8497040e-03
-2.4244244e+00 7.1693206e-19 1.5183142e-03 4.5549605e-03
-2.4194194e+00 8.8113024e-19 1.4252548e-03 4.2757928e-03
-2.4144144e+00 1.0825955e-18 1.3371667e-03 4.0115377e-03
-2.4094094e+00 1.3293916e-18 1.2538361e-03 3.7615698e-03
-2.4044044e+00 1.6311740e-18 1.1750549e-03 3.5252717e-03
-2.3993994e+00 2.0003690e-18 1.1006208e-03 3.3020573e-03
-2.3943944e+00 2.4517854e-18 1.0303374e-03 3.0915418e-03
-2.3893894e+00 3.0034283e-18 9.6401402e-04 2.8928974e-03
-2.3843844e+00 3.6771775e-18 9.0146615e-04 2.7059443e-03
-2.3793794e+00 4.4996052e-18 8.4251505e-04 2.5306196e-03
-2.3743744e+00 5.5029649e-18 7.8698796e-04 2.3661896e-03
-2.3693694e+00 6.7263830e-18 7.3471799e-04 2.2131639e-03
-2.3643644e+00 8.2169030e-18 6.8554416e-04 2.0697921e-03
-2.3593594e+00 1.0032167e-17 6.3931129e-04 1.9477598e-03
-2.3543544e+00 1.2245502e-17 5.9586994e-04 1.8602320e-03
-2.3493493e+00 1.4935256e-17 5.5507639e-04 1.7648570e-03
-2.3443443e+00 1.8218101e-17 5.1679251e-04 1.6989428e-03
-2.3393393e+00 2.2250612e-17 4.8088567e-04 1.6307113e-03
-2.3343343e+00 2.7160866e-17 4.4722866e-04 1.6409423e-03
-2.3293293e+00 3.3090023e-17 4.1569960e-04 1.6488242e-03
-2.3243243e+00 4.0244899e-17 3.8618175e-04 1.5447269e-03
-2.3193193e+00 4.8920051e-17 3.5856349e-04 1.4342538e-03
-2.3143143e+00 5.9438586e-17 3.3273813e-04 1.3309523e-03
-2.3093093e+00 7.2215429e-17 3.0860378e-04 1.2344149e-03
-2.3043043e+00 8.7740832e-17 2.8606327e-04 1.1442528e-03
-2.2992993e+00 1.0659035e-16 2.6502395e-04 1.0600955e-03
-2.2942943e+00 1.2921955e-16 2.4539762e-04 9.8159005e-04
-2.2892893e+00 1.5663794e-16 2.2710034e-04 9.0840076e-04
-2.2842843e+00 1.9017515e-16 2.1005227e-04 8.4020836e-04
-2.2792793e+00 2.3082926e-16 1.9417767e-04 7.7670962e-04
-2.2742743e+00 2.8002156e-16 1.7940451e-04 7.1761671e-04
-2.2692693e+00 3.3951236e-16 1.6566458e-04 6.6265667e-04
-2.2642643e+00 4.1141795e-16 1.5289323e-04 6.1157085e-04
-2.2592593e+00 4.9828111e-16 1.4102928e-04 5.6411435e-04
-2.2542543e+00 6.0315529e-16 1.3001473e-04 5.2005550e-04
-2.2492492e+00 7.2884893e-16 1.1979493e-04 4.7917529e-04
-2.2442442e+00 8.7988146e-16 1.1031823e-04 4.4126685e-04
-2.2392392e+00 1.0628175e-15 1.0153557e-04 4.0613495e-04
-2.2342342e+00 1.2815863e-15 9.3401121e-05 3.7359547e-04
-2.2292292e+00 1.5440562e-15 8.5871481e-05 3.4347490e-04
-2.2242242e+00 1.8600377e-15 7.8905830e-05 3.1560987e-04
-2.2192192e+00 2.2362114e-15 7.2466320e-05 2.8984668e-04
-2.2142142e+00 2.6868513e-15 6.6516192e-05 2.6604080e-04
-2.2092092e+00 3.2278038e-15 6.1021787e-05 2.4405648e-04
-2.2042042e+00 3.8784460e-15 5.5952925e-05 2.2376626e-04
-2.1991992e+00 4.6691181e-15 5.1278909e-05 2.0505060e-04
-2.1941942e+00 5.6190909e-15 4.6969568e-05 1.8779744e-04
-2.1891892e+00 6.7360382e-15 4.3002126e-05 1.7190181e-04
-2.1841842e+00 8.0706067e-15 3.9354098e-05 1.5726548e-04
-2.1791792e+00 9.6836051e-15 3.6003904e-05 1.4379657e-04
-2.1741742e+00 1.1541756e-14 3.2924448e-05 1.3140921e-04
-2.1691692e+00 1.3799584e-14 3.0100653e-05 1.2002322e-04
-2.1641642e+00 1.6490068e-14 2.7521534e-05 1.0956376e-04
-2.1591592e+00 1.9694331e-14 2.5162988e-05 9.9961036e-05
-2.1541542e+00 2.3378224e-14 2.3033029e-05 9.1150013e-05
-2.1491491e+00 2.7940323e-14 2.1111484e-05 8.3070130e-05
-2.1441441e+00 3.3443618e-14 1.9392832e-05 7.5665032e-05
-2.1391391e+00 3.9879230e-14 1.7921214e-05 6.8882313e-05
-2.1341341e+00 4.7546051e-14 1.6596445e-05 6.2673277e-05
-2.1291291e+00 5.6717674e-14 1.5614855e-05 5.6992703e-05
-2.1241241e+00 6.7637321e-14 1.4795043e-05 5.1798632e-05
-2.1191191e+00 8.0587235e-14 1.4418276e-05 4.7052160e-05
-2.1141141e+00 9.5951856e-14 1.4259673e-05 4.2717263e-05
-2.1091091e+00 1.1421451e-13 1.4531869e-05 3.8760696e-05
-2.1041041e+00 1.3587872e-13 1.4954752e-05 3.5152200e-05
-2.0990991e+00 1.6145719e-13 1.5182122e-05 3.1866405e-05
-2.0940941e+00 1.9155728e-13 1.4430720e-05 2.8899705e-05
-2.0890891e+00 2.2754034e-13 1.3065385e-05 2.6396087e-05
-2.0840841e+00 2.7004914e-13 1.1822753e-05 2.4751858e-05
-2.0790791e+00 3.2055776e-13 1.0692449e-05 2.4476810e-05
-2.0740741e+00 3.8028960e-13 9.6649122e-06 2.4162280e-05
-2.0690691e+00 4.5080945e-13 8.7313385e-06 2.1828346e-05
-2.0640641e+00 5.3359358e-13 7.8836240e-06 1.9709060e-05
-2.0590591e+00 6.3122900e-13 7.1143161e-06 1.7785790e-05
-2.0540541e+00 7.4658275e-13 6.4165648e-06 1.6041412e-05
-2.0490490e+00 8.8214062e-13 5.7840786e-06 1.4460196e-05
-2.0440440e+00 1.0406881e-12 5.2110826e-06 1.3027706e-05
-2.0390390e+00 1.2283798e-12 4.6922798e-06 1.1730700e-05
-2.0340340e+00 1.4517071e-12 4.2228146e-06 1.0557040e-05
-2.0290290e+00 1.7089935e-12 3.7982391e-06 9.4957438e-06
-2.0240240e+00 2.0107775e-12 3.4144815e-06 8.5509891e-06
-2.0190190e+00 2.3645570e-12 3.0678166e-06 8.2176954e-06
-2.0140140e+00 2.7790587e-12 2.7548388e-06 8.2645164e-06
-2.0090090e+00 3.2644336e-12 2.4724366e-06 7.4173099e-06
-2.0040040e+00 3.8344000e-12 2.2177690e-06 6.6533071e-06
-1.9989990e+00 4.5125644e-12 1.9882438e-06 5.9647331e-06
-1.9939940e+00 5.3069305e-12 1.7814971e-06 5.3539248e-06
-1.9889890e+00 6.2229713e-12 1.5953750e-06 5.3951774e-06
-1.9839840e+00 7.2952129e-12 1.4279159e-06 4.9977056e-06
-1.9789790e+00 8.5680880e-12 1.2773345e-06 4.4749207e-06
-1.9739740e+00 1.0059231e-11 1.1420071e-06 4.5680285e-06
-1.9689690e+00 1.1808589e-11 1.0204581e-06 4.3505450e-06
-1.9639640e+00 1.3832416e-11 9.1134683e-07 4.5009467e-06
-1.9589590e+00 1.6169072e-11 8.1345660e-07 4.6875968e-06
-1.9539540e+00 1.8926098e-11 7.2568352e-07 5.0456332e-06
-1.9489489e+00 2.2155979e-11 6.4702687e-07 5.4456955e-06
-1.9439439e+00 2.5922919e-11 5.7657997e-07 5.8645610e-06
-1.9389389e+00 3.0232309e-11 5.1352194e-07 6.4030137e-06
-1.9339339e+00 3.5223907e-11 4.5710997e-07 6.9759717e-06
-1.9289289e+00 4.1043833e-11 4.0667242e-07 7.6651819e-06
-1.9239239e+00 4.7799410e-11 3.6160246e-07 8.3644622e-06
-1.9189189e+00 5.5660721e-11 3.2135195e-07 9.1509626e-06
-1.9139139e+00 6.4894354e-11 2.8542688e-07 1.0022499e-05
-1.9089089e+00 7.5703552e-11 2.5338253e-07 1.1003123e-05
-1.9039039e+00 8.7951671e-11 2.2481694e-07 1.2059190e-05
-1.8988989e+00 1.0200627e-10 1.9937474e-07 1.3256398e-05
-1.8938939e+00 1.1835312e-10 1.7673626e-07 1.4582434e-05
-1.8888889e+00 1.3724455e-10 1.5663755e-07 1.6060182e-05
-1.8838839e+00 1.5934883e-10 1.3892731e-07 1.7613058e-05
-1.8788789e+00 1.8497548e-10 1.2338817e-07 1.9404668e-05
-1.8738739e+00 2.1436366e-10 1.1024473e-07 2.1316380e-05
-1.8688689e+00 2.4846824e-10 9.9777669e-08 2.3334580e-05
-1.8638639e+00 2.8784134e-10 9.1664873e-08 2.5516882e-05
-1.8588589e+00 3.3045762e-10 8.7741877e-08 2.7930430e-05
-1.8538539e+00 3.8083193e-10 8.6831461e-08 3.0682254e-05
-1.8488488e+00 4.4036608e-10 8.7210837e-08 3.3409288e-05
-1.8438438e+00 5.0703945e-10 7.6868978e-08 3.6398033e-05
-1.8388388e+00 5.8554569e-10 6.7716412e-08 3.9630869e-05
-1.8338338e+00 6.7476456e-10 5.9620958e-08 4.3401543e-05
-1.8288288e+00 7.7843402e-10 5.2464584e-08 4.7438437e-05
-1.8238238e+00 9.0052309e-10 4.6141978e-08 5.1884684e-05
-1.8188188e+00 1.0366264e-09 4.0559445e-08 5.6561167e-05
-1.8138138e+00 1.1918050e-09 3.5635368e-08 6.1735945e-05
-1.8088088e+00 1.3759175e-09 3.1302921e-08 6.6963313e-05
-1.8038038e+00 1.5848511e-09 2.7522847e-08 7.2997761e-05
-1.7987988e+00 1.8272024e-09 2.4387426e-08 7.8934777e-05
-1.7937938e+00 2.1015108e-09 2.2288976e-08 8.5758837e-05
-1.7887888e+00 2.4102892e-09 2.1433287e-08 9.3635970e-05
-1.7837838e+00 2.7677154e-09 2.1538902e-08 1.0189312e-04
-1.7787788e+00 3.1693974e-09 1.8897149e-08 1.1032319e-04
-1.7737738e+00 3.6281884e-09 1.6529609e-08 1.1842999e-04
-1.7687688e+00 3.6124375e-09 1.4463592e-08 1.2810990e-04
-1.7637638e+00 3.1562845e-09 1.2831811e-08 1.3873817e-04
-1.7587588e+00 2.7562244e-09 1.2109001e-08 1.5003258e-04
-1.7537538e+00 2.4055573e-09 1.2027712e-08 1.6255822e-04
-1.7487487e+00 2.0983698e-09 1.0492528e-08 1.7635523e-04
-1.7437437e+00 1.8294242e-09 9.4774897e-09 1.9069913e-04
-1.7387387e+00 1.5941076e-09 9.5240162e-09 2.0649681e-04
-1.7337337e+00 1.3883614e-09 8.5905291e-09 2.2229995e-04
-1.7287287e+00 1.2086674e-09 8.4829288e-09 2.4130321e-04
-1.7237237e+00 1.0518383e-09 8.4874341e-09 2.5961509e-04
-1.7187187e+00 9.1551641e-10 9.0034909e-09 2.7934072e-04
-1.7137137e+00 7.9720519e-10 9.7722297e-09 3.0216325e-04
-1.7087087e+00 6.9545426e-10 1.0785558e-08 3.2471885e-04
-1.7037037e+00 6.0936369e-10 1.2025419e-08 3.4969022e-04
-1.6986987e+00 5.3814024e-10 1.3498334e-08 3.7451899e-04
-1.6936937e+00 4.8189259e-10 1.5217761e-08 4.0198595e-04
-1.6886887e+00 4.4327443e-10 1.7053649e-08 4.3124850e-04
-1.6836837e+00 4.1884993e-10 1.9154890e-08 4.6408764e-04
-1.6786787e+00 4.2137271e-10 2.1625773e-08 5.0046051e-04
-1.6736737e+00 4.2683089e-10 2.4444416e-08 5.3838594e-04
-1.6686687e+00 4.3767685e-10 2.7593471e-08 5.7838039e-04
-1.6636637e+00 3.7838783e-10 3.1293932e-08 6.1710086e-04
-1.6586587e+00 3.2723724e-10 3.5472825e-08 6.5952445e-04
-1.6536537e+00 2.8340265e-10 4.0244375e-08 7.0764141e-04
-1.6486486e+00 2.4735699e-10 4.5561065e-08 7.5492767e-04
-1.6436436e+00 2.2082795e-10 5.1607981e-08 8.0935125e-04
-1.6386386e+00 2.0611728e-10 5.8433186e-08 8.6705730e-04
-1.6336336e+00 1.9948424e-10 6.6089090e-08 9.2212502e-04
-1.6286286e+00 2.0118037e-10 7.4724545e-08 9.8572778e-04
-1.6236236e+00 1.7442735e-10 8.4525439e-08 1.0502841e-03
-1.6186186e+00 1.5560974e-10 9.5536831e-08 1.1149520e-03
-1.6136136e+00 1.4673438e-10 1.0796190e-07 1.1842898e-03
-1.6086086e+00 1.4652113e-10 1.2206160e-07 1.2634760e-03
-1.6036036e+00 1.3102344e-10 1.3761262e-07 1.3473441e-03
-1.5985986e+00 1.2701312e-10 1.5545471e-07 1.4344889e-03
-1.5935936e+00 1.2046146e-10 1.7503237e-07 1.5227477e-03
-1.5885886e+00 1.1957820e-10 1.9755176e-07 1.6168247e-03
-1.5835836e+00 1.1872293e-10 2.2127712e-07 1.7194440e-03
-1.5785786e+00 1.2286074e-10 2.4787911e-07 1.8319872e-03
-1.5735736e+00 1.3109196e-10 2.7861602e-07 1.9290498e-03
-1.5685686e+00 1.4527719e-10 3.1358869e-07 2.0383991e-03
-1.5635636e+00 1.6216097e-10 3.5330339e-07 2.1600616e-03
-1.5585586e+00 1.8232661e-10 3.9670158e-07 2.2746058e-03
-1.5535536e+00 2.0627765e-10 4.4480367e-07 2.4057076e-03
-1.5485485e+00 2.3527323e-10 4.9840892e-07 2.5496410e-03
-1.5435435e+00 2.7041154e-10 5.5899786e-07 2.6805001e-03
-1.5385385e+00 3.0908497e-10 6.2683849e-07 2.8015998e-03
-1.5335335e+00 3.5532524e-10 7.0123912e-07 2.9407546e-03
-1.5285285e+00 4.0926635e-10 7.8391645e-07 3.1070425e-03
-1.5235235e+00 4.7145138e-10 8.7523187e-07 3.2585507e-03
-1.5185185e+00 5.4417560e-10 9.7730840e-07 3.4300685e-03
-1.5135135e+00 6.2785188e-10 1.0899957e-06 3.6171963e-03
-1.5085085e+00 7.2536386e-10 1.2188220e-06 3.8124388e-03
-1.5035035e+00 8.3639477e-10 1.3594615e-06 4.0059378e-03
-1.4984985e+00 9.6579521e-10 1.5159231e-06 4.2049501e-03
-1.4934935e+00 1.1155256e-09 1.6948700e-06 4.4250326e-03
-1.4884885e+00 1.2862345e-09 1.8900869e-06 4.6547897e-03
-1.4834835e+00 1.4831599e-09 2.1053433e-06 4.8403646e-03
-1.4784785e+00 1.7096908e-09 2.3481359e-06 5.0946371e-03
-1.4734735e+00 1.9651400e-09 2.6122659e-06 5.3534661e-03
-1.4684685e+00 2.2615073e-09 2.9104467e-06 5.6213010e-03
-1.4634635e+00 2.6023866e-09 3.2369781e-06 5.9070471e-03
-1.4584585e+00 2.9939522e-09 3.5904363e-06 6.1711016e-03
-1.4534535e+00 3.4427864e-09 3.9845149e-06 6.4686838e-03
-1.4484484e+00 3.9514357e-09 4.4264422e-06 6.7537091e-03
-1.4434434e+00 4.5412435e-09 4.9019129e-06 7.0455189e-03
-1.4384384e+00 5.2050797e-09 5.4194390e-06 7.4052542e-03
-1.4334334e+00 5.9632191e-09 6.0039193e-06 7.7249943e-03
-1.4284284e+00 6.8410803e-09 6.6468665e-06 8.0424970e-03
-1.4234234e+00 7.8103841e-09 7.3440889e-06 8.3582154e-03
-1.4184184e+00 8.9476215e-09 8.1336393e-06 8.7245949e-03
-1.4134134e+00 1.0207634e-08 8.9621029e-06 9.0269686e-03
-1.4084084e+00 1.1652389e-08 9.8965106e-06 9.4159164e-03
-1.4034034e+00 1.3309234e-08 1.0898105e-05 9.8280997e-03
-1.3983984e+00 1.5217961e-08 1.2018245e-05 1.0213116e-02
-1.3933934e+00 1.7333151e-08 1.3244727e-05 1.0593401e-02
-1.3883884e+00 1.9788829e-08 1.4581695e-05 1.1054498e-02
-1.3833834e+00 2.2495373e-08 1.6084208e-05 1.1448950e-02
-1.3783784e+00 2.5653052e-08 1.7711959e-05 1.1799589e-02
-1.3733734e+00 2.9211702e-08 1.9477060e-05 1.2264844e-02
-1.3683684e+00 3.3235362e-08 2.1414155e-05 1.2735003e-02
-1.3633634e+00 3.7865485e-08 2.3509447e-05 1.3248826e-02
-1.3583584e+00 4.3120071e-08 2.5783897e-05 1.3628971e-02
-1.3533534e+00 4.8777466e-08 2.8296250e-05 1.4115952e-02
-1.3483483e+00 5.5519093e-08 3.1146300e-05 1.4667735e-02
-1.3433433e+00 6.3120691e-08 3.4122280e-05 1.5142979e-02
-1.3383383e+00 7.1621507e-08 3.7295836e-05 1.5609215e-02
-1.3333333e+00 8.1176190e-08 4.0853525e-05 1.6141220e-02
-1.3283283e+00 9.2032468e-08 4.4747842e-05 1.6719838e-02
-1.3233233e+00 1.0437114e-07 4.8910841e-05 1.7300796e-02
-1.3183183e+00 1.1780792e-07 5.3374688e-05 1.7803229e-02
-1.3133133e+00 1.3351817e-07 5.8176102e-05 1.8296668e-02
-1.3083083e+00 1.5090256e-07 6.3459732e-05 1.8778643e-02
-1.3033033e+00 1.7058970e-07 6.9184253e-05 1.9387639e-02
-1.2982983e+00 1.9259257e-07 7.5577782e-05 1.9991989e-02
-1.2932933e+00 2.1739085e-07 8.2201839e-05 2.0528703e-02
-1.2882883e+00 2.4488702e-07 8.9582229e-05 2.1097539e-02
-1.2832833e+00 2.7634469e-07 9.7136693e-05 2.1813012e-02
-1.2782783e+00 3.1126235e-07 1.0549651e-04 2.2491261e-02
-1.2732733e+00 3.5059518e-07 1.1469185e-04 2.3018730e-02
-1.2682683e+00 3.9516286e-07 1.2442167e-04 2.3717282e-02
-1.2632633e+00 4.4449596e-07 1.3539290e-04 2.4294611e-02
-1.2582583e+00 5.0073314e-07 1.4705433e-04 2.5104195e-02
-1.2532533e+00 5.6270840e-07 1.5983372e-04 2.5762265e-02
-1.2482482e+00 6.3151071e-07 1.7342968e-04 2.6406573e-02
-1.2432432e+00 7.0851280e-07 1.8759505e-04 2.6899263e-02
-1.2382382e+00 7.9436488e-07 2.0317914e-04 2.7673248e-02
-1.2332332e+00 8.9130089e-07 2.1954331e-04 2.8387791e-02
-1.2282282e+00 9.9845597e-07 2.3855423e-04 2.9150712e-02
-1.2232232e+00 1.1185477e-06 2.5782500e-04 2.9837544e-02
-1.2182182e+00 1.2531764e-06 2.7911009e-04 3.0422715e-02
-1.2132132e+00 1.4034025e-06 3.0173341e-04 3.1205688e-02
-1.2082082e+00 1.5687759e-06 3.2639709e-04 3.1943298e-02
-1.2032032e+00 1.7533538e-06 3.5173145e-04 3.2467333e-02
-1.1981982e+00 1.9575906e-06 3.7914329e-04 3.3087039e-02
-1.1931932e+00 2.1841773e-06 4.0891355e-04 3.3825676e-02
-1.1881882e+00 2.4359269e-06 4.4066245e-04 3.4490987e-02
-1.1831832e+00 2.7095160e-06 4.7302673e-04 3.5350034e-02
-1.1781782e+00 3.0155227e-06 5.0779535e-04 3.6089014e-02
-1.1731732e+00 3.3597575e-06 5.4699942e-04 3.6587948e-02
-1.1681682e+00 3.7399955e-06 5.8716098e-04 3.7229868e-02
-1.1631632e+00 4.1540935e-06 6.3179528e-04 3.7935343e-02
-1.1581582e+00 4.6120468e-06 6.7610113e-04 3.8651714e-02
-1.1531532e+00 5.1280475e-06 7.2322166e-04 3.9448568e-02
-1.1481481e+00 5.7024571e-06 7.7532377e-04 4.0024433e-02
-1.1431431e+00 6.3362808e-06 8.2891323e-04 4.0772172e-02
-1.1381381e+00 7.0161592e-06 8.8702636e-04 4.1301927e-02
-1.1331331e+00 7.7934266e-06 9.4737268e-04 4.2043560e-02
-1.1281281e+00 8.6431338e-06 1.0124135e-03 4.2741452e-02
-1.1231231e+00 9.5895053e-06 1.0868138e-03 4.3626663e-02
-1.1181181e+00 1.0617079e-05 1.1600048e-03 4.4192378e-02
-1.1131131e+00 1.1744292e-05 1.2423879e-03 4.4856770e-02
-1.1081081e+00 1.2996724e-05 1.3276636e-03 4.5355812e-02
-1.1031031e+00 1.4366900e-05 1.4134526e-03 4.6015236e-02
-1.0980981e+00 1.5883077e-05 1.5097012e-03 4.6628992e-02
-1.0930931e+00 1.7539575e-05 1.6107205e-03 4.7327546e-02
-1.0880881e+00 1.9404897e-05 1.7200240e-03 4.8134484e-02
-1.0830831e+00 2.1402723e-05 1.8275984e-03 4.8834262e-02
-1.0780781e+00 2.3617263e-05 1.9454577e-03 4.9347713e-02
-1.0730731e+00 2.6002357e-05 2.0730104e-03 5.0042891e-02
-1.0680681e+00 2.8653237e-05 2.1971562e-03 5.0652650e-02
-1.0630631e+00 3.1550193e-05 2.3405891e-03 5.1184335e-02
-1.0580581e+00 3.4826185e-05 2.4788925e-03 5.1823734e-02
-1.0530531e+00 3.8340287e-05 2.6289665e-03 5.2332046e-02
-1.0480480e+00 4.2263323e-05 2.7880376e-03 5.2781329e-02
-1.0430430e+00 4.6440550e-05 2.9554006e-03 5.3289492e-02
-1.0380380e+00 5.0828717e-05 3.1265498e-03 5.3831203e-02
-1.0330330e+00 5.5903300e-05 3.3062509e-03 5.4273627e-02
-1.0280280e+00 6.1376904e-05 3.5017428e-03 5.4690547e-02
-1.0230230e+00 6.7027219e-05 3.7023512e-03 5.5073217e-02
-1.0180180e+00 7.3742364e-05 3.9187809e-03 5.5365476e-02
-1.0130130e+00 8.0740793e-05 4.1412426e-03 5.5702667e-02
-1.0080080e+00 8.8088037e-05 4.3894270e-03 5.6061370e-02
-1.0030030e+00 9.6273637e-05 4.6219286e-03 5.6370612e-02
-9.9799800e-01 1.0503702e-04 4.8799719e-03 5.6575826e-02
-9.9299299e-01 1.1460416e-04 5.1381341e-03 5.6793805e-02
-9.8798799e-01 1.2524807e-04 5.4091050e-03 5.7068079e-02
-9.8298298e-01 1.3653354e-04 5.7176352e-03 5.7374735e-02
-9.7797798e-01 1.4908872e-04 6.0119960e-03 5.7829134e-02
-9.7297297e-01 1.6273102e-04 6.3234834e-03 5.8405876e-02
-9.6796797e-01 1.7714995e-04 6.6420866e-03 5.9199480e-02
-9.6296296e-01 1.9278247e-04 6.9760151e-03 6.0011152e-02
-9.5795796e-01 2.1005493e-04 7.3219916e-03 6.0879513e-02
-9.5295295e-01 2.2788475e-04 7.6750175e-03 6.1811482e-02
-9.4794795e-01 2.4769463e-04 8.0395762e-03 6.2820961e-02
-9.4294294e-01 2.6916955e-04 8.4625754e-03 6.3751023e-02
-9.3793794e-01 2.9238637e-04 8.8842264e-03 6.4621190e-02
-9.3293293e-01 3.1715967e-04 9.2456599e-03 6.5645975e-02
-9.2792793e-01 3.4417690e-04 9.6928299e-03 6.6804121e-02
-9.2292292e-01 3.7373780e-04 1.0153849e-02 6.7981782e-02
-9.1791792e-01 4.0531100e-04 1.0596095e-02 6.8934179e-02
-9.1291291e-01 4.3943338e-04 1.1079372e-02 7.0204732e-02
-9.0790791e-01 4.7469472e-04 1.1593757e-02 7.1316002e-02
-9.0290290e-01 5.1338357e-04 1.2101505e-02 7.2378434e-02
-8.9789790e-01 5.5449688e-04 1.2624777e-02 7.3564918e-02
-8.9289289e-01 5.9998863e-04 1.3220886e-02 7.4814089e-02
-8.8788789e-01 6.4907853e-04 1.3777155e-02 7.5939929e-02
-8.8288288e-01 7.0149967e-04 1.4293519e-02 7.7002923e-02
-8.7787788e-01 7.5638002e-04 1.4933956e-02 7.8192587e-02
-8.7287287e-01 8.1478524e-04 1.5564864e-02 7.9375095e-02
-8.6786787e-01 8.7734383e-04 1.6223184e-02 8.0524620e-02
-8.6286286e-01 9.4481603e-04 1.6880423e-02 8.1941254e-02
-8.5785786e-01 1.0169415e-03 1.7511104e-02 8.3072108e-02
-8.5285285e-01 1.0940666e-03 1.8193890e-02 8.4286504e-02
-8.4784785e-01 1.1759944e-03 1.8877404e-02 8.5538788e-02
-8.4284284e-01 1.2624599e-03 1.9603076e-02 8.6763905e-02
-8.3783784e-01 1.3573991e-03 2.0305800e-02 8.8005658e-02
-8.3283283e-01 1.4606838e-03 2.1118787e-02 8.9390160e-02
-8.2782783e-01 1.5683062e-03 2.1918258e-02 9.0783167e-02
-8.2282282e-01 1.6839880e-03 2.2747320e-02 9.2054476e-02
-8.1781782e-01 1.8046476e-03 2.3532518e-02 9.2949737e-02
-8.1281281e-01 1.9364971e-03 2.4338584e-02 9.4193202e-02
-8.0780781e-01 2.0739389e-03 2.5186476e-02 9.5681518e-02
-8.0280280e-01 2.2218706e-03 2.6076598e-02 9.7125833e-02
-7.9779780e-01 2.3768786e-03 2.6980105e-02 9.8423221e-02
-7.9279279e-01 2.5399004e-03 2.7863132e-02 9.9804938e-02
-7.8778779e-01 2.7183952e-03 2.8779304e-02 1.0078295e-01
-7.8278278e-01 2.9049353e-03 2.9758325e-02 1.0210769e-01
-7.7777778e-01 3.1013628e-03 3.0707835e-02 1.0367345e-01
-7.7277277e-01 3.3046331e-03 3.1690652e-02 1.0495118e-01
-7.6776777e-01 3.5246590e-03 3.2657825e-02 1.0594260e-01
-7.6276276e-01 3.7533628e-03 3.3676036e-02 1.0698431e-01
-7.5775776e-01 3.9956720e-03 3.4719411e-02 1.0819066e-01
-7.5275275e-01 4.2465922e-03 3.5722584e-02 1.0956183e-01
-7.4774775e-01 4.5174060e-03 3.6767959e-02 1.1072216e-01
-7.4274274e-01 4.8112065e-03 3.7811133e-02 1.1161088e-01
-7.3773774e-01 5.1255090e-03 3.8922989e-02 1.1261712e-01
-7.3273273e-01 5.4451878e-03 4.0034402e-02 1.1377660e-01
-7.2772773e-01 5.7908470e-03 4.1154972e-02 1.1482581e-01
-7.2272272e-01 6.1422784e-03 4.2340683e-02 1.1593688e-01
-7.1771772e-01 6.5076404e-03 4.3440342e-02 1.1726872e-01
-7.1271271e-01 6.9212972e-03 4.4694632e-02 1.1859060e-01
-7.0770771e-01 7.3539025e-03 4.5794586e-02 1.2020056e-01
-7.0270270e-01 7.7858145e-03 4.6993717e-02 1.2170387e-01
-6.9769770e-01 8.2557064e-03 4.8112211e-02 1.2323189e-01
-6.9269269e-01 8.7514729e-03 4.9319914e-02 1.2473656e-01
-6.8768769e-01 9.2415256e-03 5.0487499e-02 1.2647221e-01
-6.8268268e-01 9.7827703e-03 5.1726611e-02 1.2792369e-01
-6.7767768e-01 1.0326749e-02 5.2922353e-02 1.2982140e-01
-6.7267267e-01 1.0912619e-02 5.4178220e-02 1.3164772e-01
-6.6766767e-01 1.1517903e-02 5.5348692e-02 1.3320653e-01
-6.6266266e-01 1.2168188e-02 5.6583142e-02 1.3494293e-01
-6.5765766e-01 1.2842709e-02 5.7751524e-02 1.3679426e-01
-6.5265265e-01 1.3562437e-02 5.9002858e-02 1.3876000e-01
-6.4764765e-01 1.4281273e-02 6.0180510e-02 1.4075788e-01
-6.4264264e-01 1.5039342e-02 6.1437138e-02 1.4294705e-01
-6.3763764e-01 1.5866224e-02 6.2863031e-02 1.4530654e-01
-6.3263263e-01 1.6715261e-02 6.4210547e-02 1.4768709e-01
-6.2762763e-01 1.7587317e-02 6.5546131e-02 1.4982042e-01
-6.2262262e-01 1.8480105e-02 6.7051755e-02 1.5195437e-01
-6.1761762e-01 1.9420104e-02 6.8595119e-02 1.5406374e-01
-6.1261261e-01 2.0402350e-02 7.0128952e-02 1.5603397e-01
-6.0760761e-01 2.1418824e-02 7.1804335e-02 1.5827377e-01
-6.0260260e-01 2.2496936e-02 7.3456163e-02 1.6066369e-01
-5.9759760e-01 2.3659048e-02 7.5069901e-02 1.6296915e-01
-5.9259259e-01 2.4800710e-02 7.6839737e-02 1.6537119e-01
-5.8758759e-01 2.5982470e-02 7.8793736e-02 1.6759966e-01
-5.8258258e-01 2.7252301e-02 8.0618983e-02 1.7002788e-01
-5.7757758e-01 2.8554703e-02 8.2545829e-02 1.7221105e-01
-5.7257257e-01 2.9826471e-02 8.4301787e-02 1.7464395e-01
-5.6756757e-01 3.1125436e-02 8.6358767e-02 1.7710593e-01
-5.6256256e-01 3.2532644e-02 8.8477454e-02 1.7947906e-01
-5.5755756e-01 3.4017311e-02 9.0520770e-02 1.8199248e-01
-5.5255255e-01 3.5480930e-02 9.2791536e-02 1.8454998e-01
-5.4754755e-01 3.7066371e-02 9.5117329e-02 1.8717797e-01
-5.4254254e-01 3.8592281e-02 9.7365578e-02 1.9024524e-01
-5.3753754e-01 4.0213854e-02 9.9733134e-02 1.9298884e-01
-5.3253253e-01 4.1860273e-02 1.0211404e-01 1.9579912e-01
-5.2752753e-01 4.3560528e-02 1.0452733e-01 1.9867207e-01
-5.2252252e-01 4.5297822e-02 1.0692028e-01 2.0178029e-01
-5.1751752e-01 4.7044750e-02 1.0941472e-01 2.0475046e-01
-5.1251251e-01 4.8882370e-02 1.1203606e-01 2.0779604e-01
-5.0750751e-01 5.0856981e-02 1.1457202e-01 2.1096164e-01
-5.0250250e-01 5.2716484e-02 1.1723586e-01 2.1418901e-01
-4.9749750e-01 5.4721522e-02 1.1989183e-01 2.1740320e-01
-4.9249249e-01 5.6738963e-02 1.2264761e-01 2.2063372e-01
-4.8748749e-01 5.8710017e-02 1.2536906e-01 2.2403024e-01
-4.8248248e-01 6.0833137e-02 1.2828159e-01 2.2765218e-01
-4.7747748e-01 6.3039223e-02 1.3133269e-01 2.3116449e-01
-4.7247247e-01 6.5362444e-02 1.3425444e-01 2.3489312e-01
-4.6746747e-01 6.7745639e-02 1.3712995e-01 2.3815550e-01
-4.6246246e-01 7.0037086e-02 1.4033986e-01 2.4167116e-01
-4.5745746e-01 7.2390548e-02 1.4353859e-01 2.4507439e-01
-4.5245245e-01 7.4967452e-02 1.4701930e-01 2.4864060e-01
-4.4744745e-01 7.7485962e-02 1.5029177e-01 2.5231536e-01
-4.4244244e-01 8.0115831e-02 1.5374156e-01 2.5636543e-01
-4.3743744e-01 8.2693450e-02 1.5711217e-01 2.6025345e-01
-4.3243243e-01 8.5307390e-02 1.6065669e-01 2.6402018e-01
-4.2742743e-01 8.7950638e-02 1.6430726e-01 2.6817101e-01
-4.2242242e-01 9.0801801e-02 1.6789800e-01 2.7240389e-01
-4.1741742e-01 9.3710303e-02 1.7172718e-01 2.7668335e-01
-4.1241241e-01 9.6635466e-02 1.7546241e-01 2.8132240e-01
-4.0740741e-01 9.9641852e-02 1.7941140e-01 2.8564096e-01
-4.0240240e-01 1.0281655e-01 1.8342657e-01 2.9020273e-01
-3.9739740e-01 1.0603065e-01 1.8733359e-01 2.9507461e-01
-3.9239239e-01 1.0941284e-01 1.9139989e-01 2.9964197e-01
-3.8738739e-01 1.1266667e-01 1.9565596e-01 3.0426833e-01
-3.8238238e-01 1.1596311e-01 2.0006472e-01 3.0901992e-01
-3.7737738e-01 1.1923689e-01 2.0454175e-01 3.1400286e-01
-3.7237237e-01 1.2280246e-01 2.0873955e-01 3.1900821e-01
-3.6736737e-01 1.2640823e-01 2.1301252e-01 3.2426644e-01
-3.6236236e-01 1.3002393e-01 2.1775822e-01 3.2962114e-01
-3.5735736e-01 1.3379052e-01 2.2221589e-01 3.3498742e-01
-3.5235235e-01 1.3752424e-01 2.2683455e-01 3.4034381e-01
-3.4734735e-01 1.4144145e-01 2.3152678e-01 3.4587014e-01
-3.4234234e-01 1.4534874e-01 2.3652084e-01 3.5129323e-01
-3.3733734e-01 1.4925908e-01 2.4134153e-01 3.5690866e-01
-3.3233233e-01 1.5322079e-01 2.4658239e-01 3.6241810e-01
-3.2732733e-01 1.5742198e-01 2.5150483e-01 3.6782981e-01
-3.2232232e-01 1.6161582e-01 2.5647028e-01 3.7353410e-01
-3.1731732e-01 1.6574972e-01 2.6173936e-01 3.7959332e-01
-3.1231231e-01 1.7010726e-01 2.6704653e-01 3.8578397e-01
-3.0730731e-01 1.7444094e-01 2.7265788e-01 3.9198884e-01
-3.0230230e-01 1.7896150e-01 2.7812823e-01 3.9821402e-01
-2.9729730e-01 1.8349533e-01 2.8356261e-01 4.0467682e-01
-2.9229229e-01 1.8819125e-01 2.8934460e-01 4.1073478e-01
-2.8728729e-01 1.9296794e-01 2.9508018e-01 4.1736950e-01
-2.8228228e-01 1.9776414e-01 3.0082727e-01 4.2357081e-01
-2.7727728e-01 2.0263572e-01 3.0659601e-01 4.3029762e-01
-2.7227227e-01 2.0772200e-01 3.1236046e-01 4.3666953e-01
-2.6726727e-01 2.1274728e-01 3.1845823e-01 4.4301858e-01
-2.6226226e-01 2.1784614e-01 3.2428591e-01 4.4972478e-01
-2.5725726e-01 2.2294408e-01 3.3035985e-01 4.5707763e-01
-2.5225225e-01 2.2832367e-01 3.3665955e-01 4.6398933e-01
-2.4724725e-01 2.3363268e-01 3.4284546e-01 4.7056090e-01
-2.4224224e-01 2.3905341e-01 3.4903873e-01 4.7750103e-01
-2.3723724e-01 2.4447089e-01 3.5526232e-01 4.8462823e-01
-2.3223223e-01 2.5001485e-01 3.6164413e-01 4.9192066e-01
-2.2722723e-01 2.5602266e-01 3.6788392e-01 4.9867962e-01
-2.2222222e-01 2.6161833e-01 3.7476197e-01 5.0593911e-01
-2.1721722e-01 2.6739360e-01 3.8154143e-01 5.1305523e-01
-2.1221221e-01 2.7325911e-01 3.8805515e-01 5.2037609e-01
-2.0720721e-01 2.7897499e-01 3.9486429e-01 5.2750749e-01
-2.0220220e-01 2.8514843e-01 4.0160784e-01 5.3486143e-01
-1.9719720e-01 2.9135074e-01 4.0867285e-01 5.4222843e-01
-1.9219219e-01 2.9760683e-01 4.1577931e-01 5.4992443e-01
-1.8718719e-01 3.0375156e-01 4.2287138e-01 5.5755371e-01
-1.8218218e-01 3.0988243e-01 4.2967788e-01 5.6566314e-01
-1.7717718e-01 3.1614604e-01 4.3664760e-01 5.7340324e-01
-1.7217217e-01 3.2257010e-01 4.4355691e-01 5.8091776e-01
-1.6716717e-01 3.2920243e-01 4.5075431e-01 5.8877524e-01
-1.6216216e-01 3.3533501e-01 4.5793557e-01 5.9655987e-01
-1.5715716e-01 3.4188622e-01 4.6507138e-01 6.0429337e-01
-1.5215215e-01 3.4830503e-01 4.7261471e-01 6.1233260e-01
-1.4714715e-01 3.5481271e-01 4.8001457e-01 6.2024594e-01
-1.4214214e-01 3.6156725e-01 4.8725698e-01 6.2811342e-01
-1.3713714e-01 3.6842875e-01 4.9488391e-01 6.3634818e-01
-1.3213213e-01 3.7506013e-01 5.0221014e-01 6.4426917e-01
-1.2712713e-01 3.8182180e-01 5.1005866e-01 6.5211716e-01
-1.2212212e-01 3.8867010e-01 5.1757899e-01 6.6014914e-01
-1.1711712e-01 3.9563948e-01 5.2490238e-01 6.6807843e-01
-1.1211211e-01 4.0280086e-01 5.3256836e-01 6.7625893e-01
-1.0710711e-01 4.1018252e-01 5.3993625e-01 6.8429251e-01
-1.0210210e-01 4.1754949e-01 5.4758645e-01 6.9222525e-01
-9.7097097e-02 4.2478636e-01 5.5528419e-01 7.0059646e-01
-9.2092092e-02 4.3205345e-01 5.6306271e-01 7.0859101e-01
-8.7087087e-02 4.3890465e-01 5.7096550e-01 7.1644699e-01
-8.2082082e-02 4.4660666e-01 5.7870811e-01 7.2472500e-01
-7.7077077e-02 4.5370431e-01 5.8648849e-01 7.3273142e-01
-7.2072072e-02 4.6108024e-01 5.9428466e-01 7.4024454e-01
-6.7067067e-02 4.6846677e-01 6.0226057e-01 7.4844852e-01
-6.2062062e-02 4.7598884e-01 6.1032390e-01 7.5670884e-01
-5.7057057e-02 4.8321878e-01 6.1806248e-01 7.6449119e-01
-5.2052052e-02 4.9054538e-01 6.2583127e-01 7.7251646e-01
-4.7047047e-02 4.9779391e-01 6.3400516e-01 7.8077767e-01
-4.2042042e-02 5.0510374e-01 6.4192659e-01 7.8835781e-01
-3.7037037e-02 5.1230714e-01 6.5004722e-01 7.9633666e-01
-3.2032032e-02 5.1937242e-01 6.5790348e-01 8.0440060e-01
-2.7027027e-02 5.2699991e-01 6.6558889e-01 8.1216562e-01
-2.2022022e-02 5.3458576e-01 6.7326186e-01 8.2002310e-01
-1.7017017e-02 5.4208537e-01 6.8106134e-01 8.2773823e-01
-1.2012012e-02 5.4921658e-01 6.8870050e-01 8.3571068e-01
-7.0070070e-03 5.5643787e-01 6.9659889e-01 8.4371595e-01
-2.0020020e-03 5.6321559e-01 7.0451753e-01 8.5172658e-01
3.0030030e-03 5.7041588e-01 7.1208892e-01 8.5944588e-01
8.0080080e-03 5.7751329e-01 7.1944484e-01 8.6725593e-01
1.3013013e-02 5.8458836e-01 7.2691636e-01 8.7507146e-01
1.8018018e-02 5.9163465e-01 7.3449467e-01 8.8263149e-01
2.3023023e-02 5.9847738e-01 7.4199798e-01 8.8968825e-01
2.8028028e-02 6.0577368e-01 7.4927563e-01 8.9698899e-01
3.3033033e-02 6.1352977e-01 7.5640353e-01 9.0492864e-01
3.8038038e-02 6.2030397e-01 7.6384362e-01 9.1197423e-01
4.3043043e-02 6.2714002e-01 7.7108538e-01 9.1927718e-01
4.8048048e-02 6.3429680e-01 7.7818868e-01 9.2643242e-01
5.3053053e-02 6.4152810e-01 7.8551632e-01 9.3317380e-01
5.8058058e-02 6.4830543e-01 7.9267636e-01 9.4057767e-01
6.3063063e-02 6.5517240e-01 7.9974482e-01 9.4771281e-01
6.8068068e-02 6.6163044e-01 8.0659371e-01 9.5456907e-01
7.3073073e-02 6.6871111e-01 8.1349229e-01 9.6199611e-01
7.8078078e-02 6.7527693e-01 8.2038479e-01 9.6843286e-01
8.3083083e-02 6.8129129e-01 8.2720776e-01 9.7500087e-01
8.8088088e-02 6.8786415e-01 8.3392353e-01 9.8202497e-01
9.3093093e-02 6.9416974e-01 8.4030976e-01 9.8839767e-01
9.8098098e-02 7.0033758e-01 8.4680997e-01 9.9493019e-01
1.0310310e-01 7.0659596e-01 8.5306121e-01 1.0013335e+00
1.0810811e-01 7.1300876e-01 8.5917207e-01 1.0078165e+00
1.1311311e-01 7.1901446e-01 8.6552896e-01 1.0137425e+00
1.1811812e-01 7.2497927e-01 8.7135181e-01 1.0198400e+00
1.2312312e-01 7.3079396e-01 8.7712420e-01 1.0257366e+00
1.2812813e-01 7.3641419e-01 8.8322753e-01 1.0313567e+00
1.3313313e-01 7.4200312e-01 8.8919153e-01 1.0371179e+00
1.3813814e-01 7.4743055e-01 8.9499113e-01 1.0426659e+00
1.4314314e-01 7.5304665e-01 9.0074924e-01 1.0480274e+00
1.4814815e-01 7.5821560e-01 9.0651183e-01 1.0535450e+00
1.5315315e-01 7.6318229e-01 9.1193600e-01 1.0588702e+00
1.5815816e-01 7.6826259e-01 9.1709860e-01 1.0639552e+00
1.6316316e-01 7.7329090e-01 9.2246425e-01 1.0691533e+00
1.6816817e-01 7.7815727e-01 9.2738820e-01 1.0740612e+00
1.7317317e-01 7.8250231e-01 9.3224569e-01 1.0787721e+00
1.7817818e-01 7.8715913e-01 9.3700352e-01 1.0829835e+00
1.8318318e-01 7.9183844e-01 9.4135790e-01 1.0874151e+00
1.8818819e-01 7.9636133e-01 9.4613973e-01 1.0919352e+00
1.9319319e-01 8.0070570e-01 9.5024339e-01 1.0956622e+00
1.9819820e-01 8.0477293e-01 9.5440091e-01 1.0997956e+00
2.0320320e-01 8.0879129e-01 9.5835573e-01 1.1041100e+00
2.0820821e-01 8.1250548e-01 9.6200301e-01 1.1078038e+00
2.1321321e-01 8.1571165e-01 9.6526531e-01 1.1114916e+00
2.1821822e-01 8.1939202e-01 9.6869086e-01 1.1148210e+00
2.2322322e-01 8.2256649e-01 9.7219640e-01 1.1178044e+00
2.2822823e-01 8.2589162e-01 9.7499884e-01 1.1209454e+00
2.3323323e-01 8.2866930e-01 9.7811135e-01 1.1240328e+00
2.3823824e-01 8.3172556e-01 9.8062192e-01 1.1268487e+00
2.4324324e-01 8.3432111e-01 9.8324093e-01 1.1295751e+00
2.4824825e-01 8.3686811e-01 9.8541045e-01 1.1323039e+00
2.5325325e-01 8.3896234e-01 9.8759560e-01 1.1350443e+00
2.5825826e-01 8.4103228e-01 9.8961254e-01 1.1368952e+00
2.6326326e-01 8.4244499e-01 9.9131154e-01 1.1388366e+00
2.6826827e-01 8.4415740e-01 9.9302285e-01 1.1406092e+00
2.7327327e-01 8.4548913e-01 9.9453766e-01 1.1423254e+00
2.7827828e-01 8.4723261e-01 9.9592206e-01 1.1438956e+00
2.8328328e-01 8.4828965e-01 9.9689119e-01 1.1446776e+00
2.8828829e-01 8.4955731e-01 9.9792088e-01 1.1454175e+00
2.9329329e-01 8.5027622e-01 9.9849457e-01 1.1459275e+00
2.9829830e-01 8.5081502e-01 9.9903297e-01 1.1467271e+00
3.0330330e-01 8.5135733e-01 9.9954170e-01 1.1474193e+00
3.0830831e-01 8.5151926e-01 9.9995985e-01 1.1477836e+00
3.1331331e-01 8.5153942e-01 1.0000000e+00 1.1481996e+00
3.1831832e-01 8.5167931e-01 9.9965924e-01 1.1484144e+00
3.2332332e-01 8.5110335e-01 9.9930317e-01 1.1477320e+00
3.2832833e-01 8.5056861e-01 9.9870056e-01 1.1478135e+00
3.3333333e-01 8.4970122e-01 9.9791159e-01 1.1471378e+00
3.3833834e-01 8.4874633e-01 9.9712692e-01 1.1465771e+00
3.4334334e-01 8.4728851e-01 9.9638137e-01 1.1459301e+00
3.4834835e-01 8.4615470e-01 9.9548920e-01 1.1450020e+00
3.5335335e-01 8.4451823e-01 9.9372190e-01 1.1436908e+00
3.5835836e-01 8.4290731e-01 9.9224899e-01 1.1424145e+00
3.6336336e-01 8.4084134e-01 9.9047191e-01 1.1403769e+00
3.6836837e-01 8.3861738e-01 9.8833715e-01 1.1380109e+00
3.7337337e-01 8.3651350e-01 9.8620868e-01 1.1360422e+00
3.7837838e-01 8.3403619e-01 9.8376726e-01 1.1340990e+00
3.8338338e-01 8.3178288e-01 9.8117195e-01 1.1319159e+00
3.8838839e-01 8.2891527e-01 9.7842265e-01 1.1288820e+00
3.9339339e-01 8.2597795e-01 9.7528942e-01 1.1260616e+00
3.9839840e-01 8.2290920e-01 9.7220275e-01 1.1231523e+00
4.0340340e-01 8.1938594e-01 9.6869636e-01 1.1194515e+00
4.0840841e-01 8.1637453e-01 9.6527579e-01 1.1157017e+00
4.1341341e-01 8.1284346e-01 9.6134060e-01 1.1117778e+00
4.1841842e-01 8.0883038e-01 9.5728535e-01 1.1076032e+00
4.2342342e-01 8.0482797e-01 9.5349095e-01 1.1038199e+00
4.2842843e-01 8.0082292e-01 9.4912463e-01 1.0997673e+00
4.3343343e-01 7.9606683e-01 9.4443323e-01 1.0948253e+00
4.3843844e-01 7.9136705e-01 9.3960420e-01 1.0902207e+00
4.4344344e-01 7.8704802e-01 9.3455306e-01 1.0852152e+00
4.4844845e-01 7.8257752e-01 9.2936389e-01 1.0801430e+00
4.5345345e-01 7.7767905e-01 9.2428179e-01 1.0749793e+00
4.5845846e-01 7.7250936e-01 9.1891078e-01 1.0696995e+00
4.6346346e-01 7.6696090e-01 9.1381117e-01 1.0636582e+00
4.6846847e-01 7.6203042e-01 9.0843120e-01 1.0582646e+00
4.7347347e-01 7.5648980e-01 9.0255467e-01 1.0525115e+00
4.7847848e-01 7.5071968e-01 8.9683794e-01 1.0466081e+00
4.8348348e-01 7.4508925e-01 8.9062148e-01 1.0404688e+00
4.8848849e-01 7.3864828e-01 8.8408858e-01 1.0334907e+00
4.9349349e-01 7.3291365e-01 8.7777319e-01 1.0271290e+00
4.9849850e-01 7.2703723e-01 8.7132234e-01 1.0204106e+00
5.0350350e-01 7.2046993e-01 8.6480972e-01 1.0132508e+00
5.0850851e-01 7.1373917e-01 8.5847612e-01 1.0059465e+00
5.1351351e-01 7.0722426e-01 8.5193616e-01 9.9867095e-01
5.1851852e-01 7.0058786e-01 8.4501822e-01 9.9144650e-01
5.2352352e-01 6.9417425e-01 8.3803095e-01 9.8426770e-01
5.2852853e-01 6.8770394e-01 8.3093959e-01 9.7702347e-01
5.3353353e-01 6.8086020e-01 8.2374035e-01 9.6928464e-01
5.3853854e-01 6.7389224e-01 8.1644877e-01 9.6162366e-01
5.4354354e-01 6.6699883e-01 8.0908620e-01 9.5372532e-01
5.4854855e-01 6.5973194e-01 8.0142103e-01 9.4532782e-01
5.5355355e-01 6.5230090e-01 7.9369046e-01 9.3689117e-01
5.5855856e-01 6.4481909e-01 7.8621427e-01 9.2879866e-01
5.6356356e-01 6.3746793e-01 7.7834329e-01 9.2042932e-01
5.6856857e-01 6.3001470e-01 7.7070136e-01 9.1178154e-01
5.7357357e-01 6.2292280e-01 7.6293725e-01 9.0321492e-01
5.7857858e-01 6.1540731e-01 7.5476818e-01 8.9490009e-01
5.8358358e-01 6.0797694e-01 7.4674979e-01 8.8634964e-01
5.8858859e-01 6.0063132e-01 7.3829692e-01 8.7772559e-01
5.9359359e-01 5.9300097e-01 7.3013331e-01 8.6918763e-01
5.9859860e-01 5.8533092e-01 7.2185283e-01 8.6067448e-01
6.0360360e-01 5.7789941e-01 7.1338746e-01 8.5170268e-01
6.0860861e-01 5.7021845e-01 7.0499304e-01 8.4285206e-01
6.1361361e-01 5.6262244e-01 6.9651220e-01 8.3399669e-01
6.1861862e-01 5.5486795e-01 6.8811772e-01 8.2494996e-01
6.2362362e-01 5.4695950e-01 6.7951246e-01 8.1643386e-01
6.2862863e-01 5.3893303e-01 6.7112694e-01 8.0749503e-01
6.3363363e-01 5.3122146e-01 6.6282810e-01 7.9837634e-01
6.3863864e-01 5.2347031e-01 6.5430953e-01 7.8944940e-01
6.4364364e-01 5.1597891e-01 6.4566759e-01 7.7998656e-01
6.4864865e-01 5.0828375e-01 6.3733534e-01 7.7139784e-01
6.5365365e-01 5.0068152e-01 6.2873137e-01 7.6205674e-01
6.5865866e-01 4.9290311e-01 6.2020748e-01 7.5281241e-01
6.6366366e-01 4.8509789e-01 6.1136397e-01 7.4405699e-01
6.6866867e-01 4.7717561e-01 6.0253895e-01 7.3520405e-01
6.7367367e-01 4.6953581e-01 5.9440912e-01 7.2636560e-01
6.7867868e-01 4.6177833e-01 5.8584834e-01 7.1751823e-01
6.8368368e-01 4.5402148e-01 5.7739406e-01 7.0853776e-01
6.8868869e-01 4.4658466e-01 5.6909372e-01 6.9921850e-01
6.9369369e-01 4.3889491e-01 5.6088011e-01 6.9036467e-01
6.9869870e-01 4.3133847e-01 5.5246195e-01 6.8143450e-01
7.0370370e-01 4.2380610e-01 5.4425794e-01 6.7229801e-01
7.0870871e-01 4.1625813e-01 5.3615744e-01 6.6365525e-01
7.1371371e-01 4.0893066e-01 5.2792427e-01 6.5464828e-01
7.1871872e-01 4.0163654e-01 5.1977304e-01 6.4595414e-01
7.2372372e-01 3.9402240e-01 5.1153987e-01 6.3688399e-01
7.2872873e-01 3.8678930e-01 5.0349727e-01 6.2811487e-01
7.3373373e-01 3.7950293e-01 4.9560305e-01 6.1933036e-01
7.3873874e-01 3.7223239e-01 4.8758434e-01 6.1058919e-01
7.4374374e-01 3.6514356e-01 4.7965448e-01 6.0212748e-01
7.4874875e-01 3.5837452e-01 4.7160008e-01 5.9377705e-01
7.5375375e-01 3.5137802e-01 4.6360417e-01 5.8559364e-01
7.5875876e-01 3.4420636e-01 4.5595461e-01 5.7727904e-01
7.6376376e-01 3.3740841e-01 4.4827915e-01 5.6863342e-01
7.6876877e-01 3.3074844e-01 4.4067762e-01 5.6040635e-01
7.7377377e-01 3.2403189e-01 4.3307366e-01 5.5214642e-01
7.7877878e-01 3.1736679e-01 4.2552519e-01 5.4401069e-01
7.8378378e-01 3.1047579e-01 4.1806504e-01 5.3563110e-01
7.8878879e-01 3.0402436e-01 4.1053713e-01 5.2751901e-01
7.9379379e-01 2.9748143e-01 4.0332102e-01 5.1944664e-01
7.9879880e-01 2.9115377e-01 3.9604526e-01 5.1196531e-01
8.0380380e-01 2.8485321e-01 3.8884955e-01 5.0418904e-01
8.0880881e-01 2.7875878e-01 3.8155536e-01 4.9646162e-01
8.1381381e-01 2.7250057e-01 3.7450873e-01 4.8873469e-01
8.1881882e-01 2.6640859e-01 3.6763376e-01 4.8106844e-01
8.2382382e-01 2.6048695e-01 3.6057825e-01 4.7339222e-01
8.2882883e-01 2.5482178e-01 3.5374688e-01 4.6581796e-01
8.3383383e-01 2.4926808e-01 3.4717363e-01 4.5828854e-01
8.3883884e-01 2.4375247e-01 3.4062423e-01 4.5108397e-01
8.4384384e-01 2.3828652e-01 3.3403641e-01 4.4364664e-01
8.4884885e-01 2.3284678e-01 3.2763164e-01 4.3660373e-01
8.5385385e-01 2.2761887e-01 3.2137473e-01 4.2948320e-01
8.5885886e-01 2.2222116e-01 3.1523211e-01 4.2248211e-01
8.6386386e-01 2.1697607e-01 3.0898368e-01 4.1554278e-01
8.6886887e-01 2.1178816e-01 3.0295177e-01 4.0860006e-01
8.7387387e-01 2.0676197e-01 2.9708277e-01 4.0165034e-01
8.7887888e-01 2.0177634e-01 2.9114618e-01 3.9495877e-01
8.8388388e-01 1.9703036e-01 2.8544291e-01 3.8825302e-01
8.8888889e-01 1.9225567e-01 2.7960104e-01 3.8148950e-01
8.9389389e-01 1.8778808e-01 2.7416858e-01 3.7488272e-01
8.9889890e-01 1.8344581e-01 2.6865948e-01 3.6834589e-01
9.0390390e-01 1.7918878e-01 2.6317470e-01 3.6209258e-01
9.0890891e-01 1.7489400e-01 2.5781410e-01 3.5589942e-01
9.1391391e-01 1.7066358e-01 2.5260212e-01 3.4973877e-01
9.1891892e-01 1.6650926e-01 2.4744575e-01 3.4373046e-01
9.2392392e-01 1.6240899e-01 2.4244548e-01 3.3765105e-01
9.2892893e-01 1.5867825e-01 2.3743042e-01 3.3163532e-01
9.3393393e-01 1.5498072e-01 2.3257404e-01 3.2562893e-01
9.3893894e-01 1.5110953e-01 2.2777819e-01 3.1974905e-01
9.4394394e-01 1.4748673e-01 2.2295500e-01 3.1398850e-01
9.4894895e-01 1.4364865e-01 2.1826229e-01 3.0844571e-01
9.5395395e-01 1.4010853e-01 2.1389188e-01 3.0283827e-01
9.5895896e-01 1.3657747e-01 2.0955843e-01 2.9736975e-01
9.6396396e-01 1.3314329e-01 2.0514970e-01 2.9192196e-01
9.6896897e-01 1.2991822e-01 2.0101023e-01 2.8660727e-01
9.7397397e-01 1.2656037e-01 1.9677815e-01 2.8113135e-01
9.7897898e-01 1.2354118e-01 1.9278547e-01 2.7594262e-01
9.8398398e-01 1.2064302e-01 1.8867659e-01 2.7103315e-01
9.8898899e-01 1.1769196e-01 1.8480462e-01 2.6615804e-01
9.9399399e-01 1.1489173e-01 1.8099040e-01 2.6122909e-01
9.9899900e-01 1.1208883e-01 1.7730671e-01 2.5631807e-01
1.0040040e+00 1.0935492e-01 1.7356968e-01 2.5168401e-01
1.0090090e+00 1.0682897e-01 1.7000790e-01 2.4718371e-01
1.0140140e+00 1.0416190e-01 1.6651650e-01 2.4281241e-01
1.0190190e+00 1.0165306e-01 1.6309659e-01 2.3850953e-01
1.0240240e+00 9.9114937e-02 1.5981920e-01 2.3431774e-01
1.0290290e+00 9.6711495e-02 1.5669258e-01 2.3017577e-01
1.0340340e+00 9.4378386e-02 1.5358510e-01 2.2601299e-01
1.0390390e+00 9.1950779e-02 1.5071677e-01 2.2196110e-01
1.0440440e+00 8.9704554e-02 1.4763557e-01 2.1816334e-01
1.0490490e+00 8.7561198e-02 1.4487272e-01 2.1447662e-01
1.0540541e+00 8.5317731e-02 1.4197068e-01 2.1096503e-01
1.0590591e+00 8.3294971e-02 1.3931371e-01 2.0735360e-01
1.0640641e+00 8.1329135e-02 1.3655166e-01 2.0376987e-01
1.0690691e+00 7.9374229e-02 1.3393937e-01 2.0053701e-01
1.0740741e+00 7.7451558e-02 1.3134227e-01 1.9739323e-01
1.0790791e+00 7.5564165e-02 1.2886496e-01 1.9426724e-01
1.0840841e+00 7.3606907e-02 1.2653809e-01 1.9116226e-01
1.0890891e+00 7.1726094e-02 1.2421138e-01 1.8819711e-01
1.0940941e+00 6.9816810e-02 1.2184323e-01 1.8531211e-01
1.0990991e+00 6.8047706e-02 1.1959994e-01 1.8277109e-01
1.1041041e+00 6.6106408e-02 1.1744834e-01 1.8012160e-01
1.1091091e+00 6.4516726e-02 1.1534591e-01 1.7747902e-01
1.1141141e+00 6.2713108e-02 1.1329280e-01 1.7511620e-01
1.1191191e+00 6.0940552e-02 1.1136273e-01 1.7280636e-01
1.1241241e+00 5.9373537e-02 1.0937227e-01 1.7052615e-01
1.1291291e+00 5.7809183e-02 1.0740150e-01 1.6848543e-01
1.1341341e+00 5.6306583e-02 1.0551985e-01 1.6637895e-01
1.1391391e+00 5.4821538e-02 1.0361268e-01 1.6446319e-01
1.1441441e+00 5.3270237e-02 1.0184819e-01 1.6253501e-01
1.1491491e+00 5.1786409e-02 9.9999352e-02 1.6087090e-01
1.1541542e+00 5.0292359e-02 9.8314813e-02 1.5911840e-01
1.1591592e+00 4.8712731e-02 9.6736436e-02 1.5741662e-01
1.1641642e+00 4.7187212e-02 9.5106577e-02 1.5582260e-01
1.1691692e+00 4.5649552e-02 9.3558013e-02 1.5425242e-01
1.1741742e+00 4.3973348e-02 9.1974869e-02 1.5295415e-01
1.1791792e+00 4.2352967e-02 9.0380404e-02 1.5166224e-01
1.1841842e+00 4.0684495e-02 8.8947579e-02 1.5035649e-01
1.1891892e+00 3.9033376e-02 8.7458016e-02 1.4898244e-01
1.1941942e+00 3.7384965e-02 8.5914252e-02 1.4758075e-01
1.1991992e+00 3.5774326e-02 8.4522568e-02 1.4635015e-01
1.2042042e+00 3.4200109e-02 8.3153302e-02 1.4504518e-01
1.2092092e+00 3.2727508e-02 8.1874639e-02 1.4396429e-01
1.2142142e+00 3.1335378e-02 8.0591518e-02 1.4268896e-01
1.2192192e+00 2.9985594e-02 7.9369330e-02 1.4148025e-01
1.2242242e+00 2.8639985e-02 7.8306946e-02 1.4039801e-01
1.2292292e+00 2.7373136e-02 7.7254229e-02 1.3938619e-01
1.2342342e+00 2.6142257e-02 7.6273605e-02 1.3836774e-01
1.2392392e+00 2.4905054e-02 7.5360451e-02 1.3746670e-01
1.2442442e+00 2.3753303e-02 7.4499189e-02 1.3648983e-01
1.2492492e+00 2.2616325e-02 7.3655585e-02 1.3548578e-01
1.2542543e+00 2.1551175e-02 7.2890948e-02 1.3451809e-01
1.2592593e+00 2.0535315e-02 7.2134540e-02 1.3367633e-01
1.2642643e+00 1.9569416e-02 7.1369314e-02 1.3292069e-01
1.2692693e+00 1.8637240e-02 7.0633570e-02 1.3210383e-01
1.2742743e+00 1.7726199e-02 6.9938504e-02 1.3130117e-01
1.2792793e+00 1.6850845e-02 6.9258680e-02 1.3044403e-01
1.2842843e+00 1.6024251e-02 6.8610517e-02 1.2965162e-01
1.2892893e+00 1.5222841e-02 6.7984011e-02 1.2884925e-01
1.2942943e+00 1.4441108e-02 6.7345995e-02 1.2802868e-01
1.2992993e+00 1.3698343e-02 6.6744937e-02 1.2724379e-01
1.3043043e+00 1.3004791e-02 6.6147318e-02 1.2652876e-01
1.3093093e+00 1.2344011e-02 6.5546011e-02 1.2574745e-01
1.3143143e+00 1.1704270e-02 6.4940908e-02 1.2492680e-01
1.3193193e+00 1.1079484e-02 6.4367235e-02 1.2403791e-01
1.3243243e+00 1.0485005e-02 6.3777698e-02 1.2316508e-01
1.3293293e+00 9.9219220e-03 6.3180420e-02 1.2225209e-01
1.3343343e+00 9.3929872e-03 6.2592871e-02 1.2144591e-01
1.3393393e+00 8.8857667e-03 6.1979164e-02 1.2060826e-01
1.3443443e+00 8.3946955e-03 6.1366450e-02 1.1979390e-01
1.3493493e+00 7.9447304e-03 6.0714188e-02 1.1890942e-01
1.3543544e+00 7.5076875e-03 6.0075361e-02 1.1798220e-01
1.3593594e+00 7.0899271e-03 5.9464745e-02 1.1705875e-01
1.3643644e+00 6.6921818e-03 5.8826607e-02 1.1614201e-01
1.3693694e+00 6.3154673e-03 5.8125328e-02 1.1517010e-01
1.3743744e+00 5.9492100e-03 5.7475343e-02 1.1418870e-01
1.3793794e+00 5.6025882e-03 5.6831987e-02 1.1318394e-01
1.3843844e+00 5.2734520e-03 5.6134362e-02 1.1207715e-01
1.3893894e+00 4.9597599e-03 5.5423625e-02 1.1086517e-01
1.3943944e+00 4.6637834e-03 5.4696336e-02 1.0961017e-01
1.3993994e+00 4.3834792e-03 5.3939499e-02 1.0835579e-01
1.4044044e+00 4.1233574e-03 5.3116942e-02 1.0701558e-01
1.4094094e+00 3.8671351e-03 5.2305507e-02 1.0558128e-01
1.4144144e+00 3.6350306e-03 5.1498477e-02 1.0418239e-01
1.4194194e+00 3.4114485e-03 5.0630672e-02 1.0268084e-01
1.4244244e+00 3.1974962e-03 4.9750091e-02 1.0117531e-01
1.4294294e+00 2.9926446e-03 4.8868198e-02 9.9629247e-02
1.4344344e+00 2.8023815e-03 4.7966412e-02 9.8086618e-02
1.4394394e+00 2.6228306e-03 4.7046560e-02 9.6539246e-02
1.4444444e+00 2.4535079e-03 4.6140546e-02 9.4910794e-02
1.4494494e+00 2.2925425e-03 4.5241286e-02 9.3253180e-02
1.4544545e+00 2.1446802e-03 4.4319105e-02 9.1606579e-02
1.4594595e+00 2.0031898e-03 4.3375851e-02 8.9916365e-02
1.4644645e+00 1.8707003e-03 4.2438452e-02 8.8216064e-02
1.4694695e+00 1.7434017e-03 4.1517817e-02 8.6484552e-02
1.4744745e+00 1.6254407e-03 4.0596376e-02 8.4769065e-02
1.4794795e+00 1.5166179e-03 3.9660927e-02 8.3094636e-02
1.4844845e+00 1.4127351e-03 3.8720455e-02 8.1344380e-02
1.4894895e+00 1.3157722e-03 3.7800653e-02 7.9617629e-02
1.4944945e+00 1.2261768e-03 3.6871998e-02 7.7848751e-02
1.4994995e+00 1.1407333e-03 3.5963603e-02 7.6084703e-02
1.5045045e+00 1.0600145e-03 3.5059970e-02 7.4343046e-02
1.5095095e+00 9.8511603e-04 3.4155738e-02 7.2621657e-02
1.5145145e+00 9.1401996e-04 3.3248075e-02 7.0889956e-02
1.5195195e+00 8.4795760e-04 3.2357211e-02 6.9159413e-02
1.5245245e+00 7.8641359e-04 3.1480048e-02 6.7442015e-02
1.5295295e+00 7.3045023e-04 3.0597005e-02 6.5700477e-02
1.5345345e+00 6.7694355e-04 2.9732926e-02 6.3998207e-02
1.5395395e+00 6.2673222e-04 2.8881076e-02 6.2319529e-02
1.5445445e+00 5.8105799e-04 2.8043247e-02 6.0645319e-02
1.5495495e+00 5.3720700e-04 2.7214820e-02 5.8963733e-02
1.5545546e+00 4.9682576e-04 2.6392342e-02 5.7302558e-02
1.5595596e+00 4.5881462e-04 2.5586006e-02 5.5644494e-02
1.5645646e+00 4.2389377e-04 2.4781918e-02 5.4004825e-02
1.5695696e+00 3.9129811e-04 2.3990412e-02 5.2380708e-02
1.5745746e+00 3.6096354e-04 2.3204554e-02 5.0751065e-02
1.5795796e+00 3.3264382e-04 2.2452011e-02 4.9137626e-02
1.5845846e+00 3.0686745e-04 2.1697543e-02 4.7629147e-02
1.5895896e+00 2.8261413e-04 2.0962622e-02 4.6104576e-02
1.5945946e+00 2.6033616e-04 2.0233037e-02 4.4635361e-02
1.5995996e+00 2.3967581e-04 1.9531580e-02 4.3189922e-02
1.6046046e+00 2.2076479e-04 1.8837788e-02 4.1735018e-02
1.6096096e+00 2.0304178e-04 1.8158889e-02 4.0318599e-02
1.6146146e+00 1.8675914e-04 1.7494040e-02 3.8931829e-02
1.6196196e+00 1.7166580e-04 1.6852138e-02 3.7562359e-02
1.6246246e+00 1.5739184e-04 1.6217810e-02 3.6220973e-02
1.6296296e+00 1.4437952e-04 1.5595902e-02 3.4928083e-02
1.6346346e+00 1.3235961e-04 1.4983655e-02 3.3683624e-02
1.6396396e+00 1.2150859e-04 1.4406561e-02 3.2442821e-02
1.6446446e+00 1.1127127e-04 1.3840172e-02 3.1251459e-02
1.6496496e+00 1.0185777e-04 1.3283757e-02 3.0082765e-02
1.6546547e+00 9.3280195e-05 1.2744451e-02 2.8942203e-02
1.6596597e+00 8.5208720e-05 1.2222051e-02 2.7832427e-02
1.6646647e+00 7.7921674e-05 1.1717206e-02 2.6752538e-02
1.6696697e+00 7.1179986e-05 1.1223779e-02 2.5700911e-02
1.6746747e+00 6.4959411e-05 1.0739833e-02 2.4689730e-02
1.6796797e+00 5.9258355e-05 1.0276412e-02 2.3713669e-02
1.6846847e+00 5.4098079e-05 9.8269419e-03 2.2752852e-02
1.6896897e+00 4.9325370e-05 9.3927293e-03 2.1818705e-02
1.6946947e+00 4.4914778e-05 8.9758721e-03 2.0931678e-02
1.6996997e+00 4.0903685e-05 8.5689701e-03 2.0065118e-02
1.7047047e+00 3.7235841e-05 8.1773027e-03 1.9202865e-02
1.7097097e+00 3.3883901e-05 7.8011237e-03 1.8389956e-02
1.7147147e+00 3.0794295e-05 7.4368837e-03 1.7605260e-02
1.7197197e+00 2.7995195e-05 7.0854069e-03 1.6842714e-02
1.7247247e+00 2.5419402e-05 6.7491191e-03 1.6098985e-02
1.7297297e+00 2.3109195e-05 6.4242657e-03 1.5385906e-02
1.7347347e+00 2.0971591e-05 6.1109578e-03 1.4689840e-02
1.7397397e+00 1.9027024e-05 5.8076880e-03 1.4030296e-02
1.7447447e+00 1.7232638e-05 5.5193005e-03 1.3394234e-02
1.7497497e+00 1.5611559e-05 5.2420233e-03 1.2775024e-02
1.7547548e+00 1.4132570e-05 4.9765434e-03 1.2181000e-02
1.7597598e+00 1.2807801e-05 4.7221720e-03 1.1616844e-02
1.7647648e+00 1.1578677e-05 4.4777270e-03 1.1076480e-02
1.7697698e+00 1.0463894e-05 4.2432637e-03 1.0542622e-02
1.7747748e+00 9.4637433e-06 4.0176468e-03 1.0036978e-02
1.7797798e+00 8.5464941e-06 3.8018278e-03 9.5431325e-03
1.7847848e+00 7.7070182e-06 3.5957697e-03 9.0750037e-03
1.7897898e+00 6.9510437e-06 3.4002323e-03 8.6143860e-03
1.7947948e+00 6.2620782e-06 3.2102798e-03 8.1813192e-03
1.7997998e+00 5.6447431e-06 3.0293751e-03 7.7639155e-03
1.8048048e+00 5.0848668e-06 2.8585840e-03 7.3663889e-03
1.8098098e+00 4.5698982e-06 2.6968033e-03 6.9864168e-03
1.8148148e+00 4.1096217e-06 2.5398360e-03 6.6167036e-03
1.8198198e+00 3.7012923e-06 2.3923101e-03 6.2618544e-03
1.8248248e+00 3.3282308e-06 2.2514561e-03 5.9243264e-03
1.8298298e+00 2.9870115e-06 2.1192979e-03 5.6043873e-03
1.8348348e+00 2.6846271e-06 1.9926215e-03 5.3016748e-03
1.8398398e+00 2.4109693e-06 1.8744462e-03 5.0139120e-03
1.8448448e+00 2.1639866e-06 1.7616965e-03 4.7355517e-03
1.8498498e+00 1.9350503e-06 1.6541826e-03 4.4687695e-03
1.8548549e+00 1.7354067e-06 1.5526898e-03 4.2155794e-03
1.8598599e+00 1.5541769e-06 1.4564661e-03 3.9766221e-03
1.8648649e+00 1.3890090e-06 1.3657929e-03 3.7474777e-03
1.8698699e+00 1.2414248e-06 1.2795190e-03 3.5287140e-03
1.8748749e+00 1.1115987e-06 1.1980487e-03 3.3221538e-03
1.8798799e+00 9.9270174e-07 1.1212417e-03 3.1252278e-03
1.8848849e+00 8.8575974e-07 1.0495169e-03 2.9392178e-03
1.8898899e+00 7.9054560e-07 9.8180442e-04 2.7637417e-03
1.8948949e+00 7.0460766e-07 9.1720358e-04 2.5955764e-03
1.8998999e+00 6.2742733e-07 8.5680001e-04 2.4372809e-03
1.9049049e+00 5.5950315e-07 7.9911017e-04 2.2865508e-03
1.9099099e+00 4.9856554e-07 7.4519532e-04 2.1434979e-03
1.9149149e+00 4.4340482e-07 6.9438317e-04 2.0074241e-03
1.9199199e+00 3.9415986e-07 6.4660974e-04 1.8803813e-03
1.9249249e+00 3.5012959e-07 6.0192008e-04 1.7611547e-03
1.9299299e+00 3.1095441e-07 5.5972751e-04 1.6487050e-03
1.9349349e+00 2.7620916e-07 5.2104559e-04 1.5425226e-03
1.9399399e+00 2.4541925e-07 4.8438051e-04 1.4423846e-03
1.9449449e+00 2.1770947e-07 4.5010234e-04 1.3489398e-03
1.9499499e+00 1.9325658e-07 4.1805272e-04 1.2596199e-03
1.9549550e+00 1.7119203e-07 3.8768977e-04 1.1754560e-03
1.9599600e+00 1.5189659e-07 3.5976486e-04 1.0974368e-03
1.9649650e+00 1.3440668e-07 3.3374364e-04 1.0230612e-03
1.9699700e+00 1.1889986e-07 3.0928698e-04 9.5395018e-04
1.9749750e+00 1.0520583e-07 2.8651264e-04 8.8865277e-04
1.9799800e+00 9.3033240e-08 2.6538608e-04 8.2735271e-04
1.9849850e+00 8.2252968e-08 2.4538884e-04 7.6989229e-04
1.9899900e+00 7.2640775e-08 2.2680288e-04 7.1541434e-04
1.9949950e+00 6.4132550e-08 2.0964828e-04 6.6600423e-04
2.0000000e+00 5.6594294e-08 1.9342064e-04 6.1869808e-04
