X KDE_INF KDE_MED KDE_SUP
5.0000000e+00 3.6218654e-04 2.7371813e-03 5.3749040e-03
5.0240240e+00 3.8040399e-04 2.8395330e-03 5.5705019e-03
5.0480480e+00 3.9954439e-04 2.9441447e-03 5.7722014e-03
5.0720721e+00 4.1944292e-04 3.0523994e-03 5.9799871e-03
5.0960961e+00 4.4003711e-04 3.1635834e-03 6.1939786e-03
5.1201201e+00 4.6166997e-04 3.2797235e-03 6.4138871e-03
5.1441441e+00 4.8439609e-04 3.3988666e-03 6.6417351e-03
5.1681682e+00 5.0806678e-04 3.5215406e-03 6.8771264e-03
5.1921922e+00 5.3290537e-04 3.6490552e-03 7.1171122e-03
5.2162162e+00 5.5881447e-04 3.7787386e-03 7.3660460e-03
5.2402402e+00 5.8590075e-04 3.9113962e-03 7.6190884e-03
5.2642643e+00 6.1417462e-04 4.0477881e-03 7.8819913e-03
5.2882883e+00 6.4352130e-04 4.1895090e-03 8.1525382e-03
5.3123123e+00 6.7390109e-04 4.3351041e-03 8.4288174e-03
5.3363363e+00 7.0590719e-04 4.4842682e-03 8.7143390e-03
5.3603604e+00 7.3933133e-04 4.6375615e-03 9.0070873e-03
5.3843844e+00 7.7398625e-04 4.7957708e-03 9.3102616e-03
5.4084084e+00 8.1027138e-04 4.9574268e-03 9.6182883e-03
5.4324324e+00 8.4792884e-04 5.1232006e-03 9.9371109e-03
5.4564565e+00 8.8723459e-04 5.2950155e-03 1.0260250e-02
5.4804805e+00 9.2820316e-04 5.4730714e-03 1.0592971e-02
5.5045045e+00 9.7079666e-04 5.6563804e-03 1.0934652e-02
5.5285285e+00 1.0153200e-03 5.8435064e-03 1.1288044e-02
5.5525526e+00 1.0612781e-03 6.0343972e-03 1.1645730e-02
5.5765766e+00 1.1095170e-03 6.2300988e-03 1.2017999e-02
5.6006006e+00 1.1594268e-03 6.4327885e-03 1.2392177e-02
5.6246246e+00 1.2113588e-03 6.6374458e-03 1.2785375e-02
5.6486486e+00 1.2652688e-03 6.8507913e-03 1.3184594e-02
5.6726727e+00 1.3213856e-03 7.0679433e-03 1.3592427e-02
5.6966967e+00 1.3798627e-03 7.2915026e-03 1.4007243e-02
5.7207207e+00 1.4402747e-03 7.5217423e-03 1.4438521e-02
5.7447447e+00 1.5030649e-03 7.7550782e-03 1.4876078e-02
5.7687688e+00 1.5686399e-03 7.9943506e-03 1.5326705e-02
5.7927928e+00 1.6368647e-03 8.2390227e-03 1.5789301e-02
5.8168168e+00 1.7074969e-03 8.4929433e-03 1.6258780e-02
5.8408408e+00 1.7806253e-03 8.7542038e-03 1.6740868e-02
5.8648649e+00 1.8565531e-03 9.0198921e-03 1.7235556e-02
5.8888889e+00 1.9350817e-03 9.2921328e-03 1.7745302e-02
5.9129129e+00 2.0162910e-03 9.5717014e-03 1.8250784e-02
5.9369369e+00 2.1008755e-03 9.8571235e-03 1.8775367e-02
5.9609610e+00 2.1879899e-03 1.0146477e-02 1.9313403e-02
5.9849850e+00 2.2791510e-03 1.0443992e-02 1.9865767e-02
6.0090090e+00 2.3728431e-03 1.0752892e-02 2.0433915e-02
6.0330330e+00 2.4703483e-03 1.1065009e-02 2.1007925e-02
6.0570571e+00 2.5709828e-03 1.1387859e-02 2.1595907e-02
6.0810811e+00 2.6749849e-03 1.1712126e-02 2.2197247e-02
6.1051051e+00 2.7826971e-03 1.2042911e-02 2.2802841e-02
6.1291291e+00 2.8938886e-03 1.2382030e-02 2.3422554e-02
6.1531532e+00 3.0103896e-03 1.2735666e-02 2.4053196e-02
6.1771772e+00 3.1302988e-03 1.3092302e-02 2.4701222e-02
6.2012012e+00 3.2555093e-03 1.3451881e-02 2.5362558e-02
6.2252252e+00 3.3847195e-03 1.3820157e-02 2.6034438e-02
6.2492492e+00 3.5170905e-03 1.4194510e-02 2.6716439e-02
6.2732733e+00 3.6543219e-03 1.4581946e-02 2.7422767e-02
6.2972973e+00 3.7967966e-03 1.4972657e-02 2.8137632e-02
6.3213213e+00 3.9432088e-03 1.5368689e-02 2.8865816e-02
6.3453453e+00 4.0938418e-03 1.5775928e-02 2.9619421e-02
6.3693694e+00 4.2493849e-03 1.6192549e-02 3.0365556e-02
6.3933934e+00 4.4099640e-03 1.6616878e-02 3.1131480e-02
6.4174174e+00 4.5757574e-03 1.7054149e-02 3.1902271e-02
6.4414414e+00 4.7460421e-03 1.7497049e-02 3.2693267e-02
6.4654655e+00 4.9220805e-03 1.7944785e-02 3.3499633e-02
6.4894895e+00 5.1035336e-03 1.8410165e-02 3.4321967e-02
6.5135135e+00 5.2908091e-03 1.8872674e-02 3.5144281e-02
6.5375375e+00 5.4859405e-03 1.9351210e-02 3.5990303e-02
6.5615616e+00 5.6865307e-03 1.9843316e-02 3.6850650e-02
6.5855856e+00 5.8904708e-03 2.0339763e-02 3.7716276e-02
6.6096096e+00 6.1008296e-03 2.0841504e-02 3.8605398e-02
6.6336336e+00 6.3196428e-03 2.1354943e-02 3.9496966e-02
6.6576577e+00 6.5402140e-03 2.1886124e-02 4.0415050e-02
6.6816817e+00 6.7692316e-03 2.2426321e-02 4.1351357e-02
6.7057057e+00 7.0052501e-03 2.2964791e-02 4.2294506e-02
6.7297297e+00 7.2444121e-03 2.3534920e-02 4.3248454e-02
6.7537538e+00 7.4925976e-03 2.4105472e-02 4.4227850e-02
6.7777778e+00 7.7508754e-03 2.4674968e-02 4.5211207e-02
6.8018018e+00 8.0166626e-03 2.5256469e-02 4.6221104e-02
6.8258258e+00 8.2903878e-03 2.5866365e-02 4.7251917e-02
6.8498498e+00 8.5706883e-03 2.6478677e-02 4.8285498e-02
6.8738739e+00 8.8584166e-03 2.7098741e-02 4.9336315e-02
6.8978979e+00 9.1564063e-03 2.7744019e-02 5.0382628e-02
6.9219219e+00 9.4599533e-03 2.8392990e-02 5.1446439e-02
6.9459459e+00 9.7727756e-03 2.9044232e-02 5.2536224e-02
6.9699700e+00 1.0090814e-02 2.9721273e-02 5.3646011e-02
6.9939940e+00 1.0418605e-02 3.0406698e-02 5.4765217e-02
7.0180180e+00 1.0755156e-02 3.1104010e-02 5.5911183e-02
7.0420420e+00 1.1102740e-02 3.1811199e-02 5.7075307e-02
7.0660661e+00 1.1456616e-02 3.2523783e-02 5.8237020e-02
7.0900901e+00 1.1822046e-02 3.3263406e-02 5.9394978e-02
7.1141141e+00 1.2198374e-02 3.4001102e-02 6.0566423e-02
7.1381381e+00 1.2581203e-02 3.4741111e-02 6.1762385e-02
7.1621622e+00 1.2977252e-02 3.5502128e-02 6.2988515e-02
7.1861862e+00 1.3386764e-02 3.6274521e-02 6.4242549e-02
7.2102102e+00 1.3800324e-02 3.7049076e-02 6.5484566e-02
7.2342342e+00 1.4225291e-02 3.7857732e-02 6.6751786e-02
7.2582583e+00 1.4657767e-02 3.8668368e-02 6.8036708e-02
7.2822823e+00 1.5104940e-02 3.9497363e-02 6.9337273e-02
7.3063063e+00 1.5561813e-02 4.0374766e-02 7.0648951e-02
7.3303303e+00 1.6026202e-02 4.1258833e-02 7.1968247e-02
7.3543544e+00 1.6503033e-02 4.2133456e-02 7.3320244e-02
7.3783784e+00 1.6998089e-02 4.3012054e-02 7.4689468e-02
7.4024024e+00 1.7505766e-02 4.3921407e-02 7.6041631e-02
7.4264264e+00 1.8022307e-02 4.4856879e-02 7.7405242e-02
7.4504505e+00 1.8539338e-02 4.5804253e-02 7.8742831e-02
7.4744745e+00 1.9065831e-02 4.6733954e-02 8.0163699e-02
7.4984985e+00 1.9600349e-02 4.7678982e-02 8.1585859e-02
7.5225225e+00 2.0152499e-02 4.8632014e-02 8.3027942e-02
7.5465465e+00 2.0727645e-02 4.9643870e-02 8.4478148e-02
7.5705706e+00 2.1312455e-02 5.0648813e-02 8.5924161e-02
7.5945946e+00 2.1920776e-02 5.1637102e-02 8.7378457e-02
7.6186186e+00 2.2523151e-02 5.2649963e-02 8.8892685e-02
7.6426426e+00 2.3165004e-02 5.3651738e-02 9.0398264e-02
7.6666667e+00 2.3799971e-02 5.4678564e-02 9.1962725e-02
7.6906907e+00 2.4441761e-02 5.5724476e-02 9.3538162e-02
7.7147147e+00 2.5098956e-02 5.6817456e-02 9.5125519e-02
7.7387387e+00 2.5766176e-02 5.7854538e-02 9.6684633e-02
7.7627628e+00 2.6447408e-02 5.8968064e-02 9.8323671e-02
7.7867868e+00 2.7149559e-02 6.0070629e-02 9.9943402e-02
7.8108108e+00 2.7864154e-02 6.1198839e-02 1.0159244e-01
7.8348348e+00 2.8588867e-02 6.2333027e-02 1.0327039e-01
7.8588589e+00 2.9325677e-02 6.3457647e-02 1.0496830e-01
7.8828829e+00 3.0086878e-02 6.4593823e-02 1.0661019e-01
7.9069069e+00 3.0852954e-02 6.5749725e-02 1.0835306e-01
7.9309309e+00 3.1630377e-02 6.6921392e-02 1.0999748e-01
7.9549550e+00 3.2428760e-02 6.8104108e-02 1.1170717e-01
7.9789790e+00 3.3271071e-02 6.9320211e-02 1.1341360e-01
8.0030030e+00 3.4123667e-02 7.0561518e-02 1.1516219e-01
8.0270270e+00 3.4993923e-02 7.1783072e-02 1.1694187e-01
8.0510511e+00 3.5859434e-02 7.3049846e-02 1.1869065e-01
8.0750751e+00 3.6740009e-02 7.4275553e-02 1.2048001e-01
8.0990991e+00 3.7669654e-02 7.5496558e-02 1.2220993e-01
8.1231231e+00 3.8596909e-02 7.6801609e-02 1.2398771e-01
8.1471471e+00 3.9507956e-02 7.8109775e-02 1.2581378e-01
8.1711712e+00 4.0369425e-02 7.9453437e-02 1.2763349e-01
8.1951952e+00 4.1270753e-02 8.0752765e-02 1.2947912e-01
8.2192192e+00 4.2152092e-02 8.2062996e-02 1.3130339e-01
8.2432432e+00 4.3068582e-02 8.3412511e-02 1.3320730e-01
8.2672673e+00 4.3984400e-02 8.4754529e-02 1.3494662e-01
8.2912913e+00 4.4896527e-02 8.6115372e-02 1.3679151e-01
8.3153153e+00 4.5820676e-02 8.7457861e-02 1.3865035e-01
8.3393393e+00 4.6743742e-02 8.8804494e-02 1.4069345e-01
8.3633634e+00 4.7708473e-02 9.0178082e-02 1.4263901e-01
8.3873874e+00 4.8715968e-02 9.1505011e-02 1.4453820e-01
8.4114114e+00 4.9644052e-02 9.2897407e-02 1.4639332e-01
8.4354354e+00 5.0632910e-02 9.4298375e-02 1.4828288e-01
8.4594595e+00 5.1593666e-02 9.5769672e-02 1.5016779e-01
8.4834835e+00 5.2553490e-02 9.7214017e-02 1.5211133e-01
8.5075075e+00 5.3552253e-02 9.8664271e-02 1.5394105e-01
8.5315315e+00 5.4624835e-02 1.0015345e-01 1.5581620e-01
8.5555556e+00 5.5702167e-02 1.0164068e-01 1.5779751e-01
8.5795796e+00 5.6710012e-02 1.0313593e-01 1.5966458e-01
8.6036036e+00 5.7781313e-02 1.0465785e-01 1.6149406e-01
8.6276276e+00 5.8871646e-02 1.0620523e-01 1.6339924e-01
8.6516517e+00 5.9988609e-02 1.0772101e-01 1.6531782e-01
8.6756757e+00 6.1108217e-02 1.0930437e-01 1.6729880e-01
8.6996997e+00 6.2215226e-02 1.1095687e-01 1.6921937e-01
8.7237237e+00 6.3341863e-02 1.1265798e-01 1.7115897e-01
8.7477477e+00 6.4474095e-02 1.1431302e-01 1.7316632e-01
8.7717718e+00 6.5660457e-02 1.1590938e-01 1.7517354e-01
8.7957958e+00 6.6965416e-02 1.1756550e-01 1.7715920e-01
8.8198198e+00 6.8215652e-02 1.1922395e-01 1.7920589e-01
8.8438438e+00 6.9459303e-02 1.2088234e-01 1.8120459e-01
8.8678679e+00 7.0696359e-02 1.2248546e-01 1.8324763e-01
8.8918919e+00 7.1920759e-02 1.2418465e-01 1.8526367e-01
8.9159159e+00 7.3211326e-02 1.2592356e-01 1.8736845e-01
8.9399399e+00 7.4603010e-02 1.2757350e-01 1.8943383e-01
8.9639640e+00 7.5920701e-02 1.2931231e-01 1.9153664e-01
8.9879880e+00 7.7261928e-02 1.3113508e-01 1.9365246e-01
9.0120120e+00 7.8694480e-02 1.3285949e-01 1.9565262e-01
9.0360360e+00 8.0140924e-02 1.3453688e-01 1.9772766e-01
9.0600601e+00 8.1528948e-02 1.3630854e-01 1.9988948e-01
9.0840841e+00 8.3016206e-02 1.3806736e-01 2.0209387e-01
9.1081081e+00 8.4382958e-02 1.3976428e-01 2.0413457e-01
9.1321321e+00 8.5745240e-02 1.4147431e-01 2.0629131e-01
9.1561562e+00 8.7232795e-02 1.4333754e-01 2.0844005e-01
9.1801802e+00 8.8789248e-02 1.4522087e-01 2.1063191e-01
9.2042042e+00 9.0284963e-02 1.4705629e-01 2.1282041e-01
9.2282282e+00 9.1731096e-02 1.4893035e-01 2.1487301e-01
9.2522523e+00 9.3184168e-02 1.5081989e-01 2.1707564e-01
9.2762763e+00 9.4781427e-02 1.5276796e-01 2.1932386e-01
9.3003003e+00 9.6283759e-02 1.5465703e-01 2.2147757e-01
9.3243243e+00 9.7792902e-02 1.5659466e-01 2.2377111e-01
9.3483483e+00 9.9447902e-02 1.5862991e-01 2.2607012e-01
9.3723724e+00 1.0101881e-01 1.6052832e-01 2.2831305e-01
9.3963964e+00 1.0278238e-01 1.6249848e-01 2.3054023e-01
9.4204204e+00 1.0433099e-01 1.6445252e-01 2.3284439e-01
9.4444444e+00 1.0605337e-01 1.6649864e-01 2.3516342e-01
9.4684685e+00 1.0771903e-01 1.6850504e-01 2.3738812e-01
9.4924925e+00 1.0932805e-01 1.7047671e-01 2.3968155e-01
9.5165165e+00 1.1109794e-01 1.7252502e-01 2.4212671e-01
9.5405405e+00 1.1292775e-01 1.7454835e-01 2.4447024e-01
9.5645646e+00 1.1466608e-01 1.7664824e-01 2.4690955e-01
9.5885886e+00 1.1650654e-01 1.7881338e-01 2.4944445e-01
9.6126126e+00 1.1831005e-01 1.8089682e-01 2.5175672e-01
9.6366366e+00 1.2015473e-01 1.8303995e-01 2.5422067e-01
9.6606607e+00 1.2187435e-01 1.8515465e-01 2.5656271e-01
9.6846847e+00 1.2369068e-01 1.8738293e-01 2.5902048e-01
9.7087087e+00 1.2556799e-01 1.8954106e-01 2.6138878e-01
9.7327327e+00 1.2749141e-01 1.9169812e-01 2.6388854e-01
9.7567568e+00 1.2944806e-01 1.9386204e-01 2.6632384e-01
9.7807808e+00 1.3138788e-01 1.9614956e-01 2.6861308e-01
9.8048048e+00 1.3335597e-01 1.9827987e-01 2.7119418e-01
9.8288288e+00 1.3537033e-01 2.0050298e-01 2.7371732e-01
9.8528529e+00 1.3746865e-01 2.0292888e-01 2.7612548e-01
9.8768769e+00 1.3947664e-01 2.0531947e-01 2.7878280e-01
9.9009009e+00 1.4149049e-01 2.0757519e-01 2.8125242e-01
9.9249249e+00 1.4359675e-01 2.0990964e-01 2.8399893e-01
9.9489489e+00 1.4560825e-01 2.1224920e-01 2.8649780e-01
9.9729730e+00 1.4775872e-01 2.1465003e-01 2.8902255e-01
9.9969970e+00 1.4999383e-01 2.1706460e-01 2.9155597e-01
1.0021021e+01 1.5209747e-01 2.1930411e-01 2.9409463e-01
1.0045045e+01 1.5429161e-01 2.2168784e-01 2.9683384e-01
1.0069069e+01 1.5649127e-01 2.2420964e-01 2.9946413e-01
1.0093093e+01 1.5879356e-01 2.2665137e-01 3.0218401e-01
1.0117117e+01 1.6105888e-01 2.2916085e-01 3.0494984e-01
1.0141141e+01 1.6332320e-01 2.3169693e-01 3.0771322e-01
1.0165165e+01 1.6568272e-01 2.3421097e-01 3.1042666e-01
1.0189189e+01 1.6810541e-01 2.3686094e-01 3.1323726e-01
1.0213213e+01 1.7046971e-01 2.3945878e-01 3.1615845e-01
1.0237237e+01 1.7287697e-01 2.4208651e-01 3.1889729e-01
1.0261261e+01 1.7528438e-01 2.4463277e-01 3.2157500e-01
1.0285285e+01 1.7776346e-01 2.4727379e-01 3.2446267e-01
1.0309309e+01 1.8027162e-01 2.4978264e-01 3.2732414e-01
1.0333333e+01 1.8281787e-01 2.5247575e-01 3.3028402e-01
1.0357357e+01 1.8539078e-01 2.5523298e-01 3.3327756e-01
1.0381381e+01 1.8782778e-01 2.5799678e-01 3.3614204e-01
1.0405405e+01 1.9042801e-01 2.6081012e-01 3.3920019e-01
1.0429429e+01 1.9293363e-01 2.6358365e-01 3.4227857e-01
1.0453453e+01 1.9548153e-01 2.6633111e-01 3.4529207e-01
1.0477477e+01 1.9796921e-01 2.6907432e-01 3.4840192e-01
1.0501502e+01 2.0066305e-01 2.7202955e-01 3.5148190e-01
1.0525526e+01 2.0343949e-01 2.7492637e-01 3.5461271e-01
1.0549550e+01 2.0611944e-01 2.7783649e-01 3.5789834e-01
1.0573574e+01 2.0888036e-01 2.8074322e-01 3.6104192e-01
1.0597598e+01 2.1158943e-01 2.8363284e-01 3.6422350e-01
1.0621622e+01 2.1436374e-01 2.8657873e-01 3.6766199e-01
1.0645646e+01 2.1711061e-01 2.8967757e-01 3.7094937e-01
1.0669670e+01 2.1985486e-01 2.9275036e-01 3.7425425e-01
1.0693694e+01 2.2276992e-01 2.9594484e-01 3.7761701e-01
1.0717718e+01 2.2576573e-01 2.9922794e-01 3.8061843e-01
1.0741742e+01 2.2874090e-01 3.0239230e-01 3.8404413e-01
1.0765766e+01 2.3167120e-01 3.0559476e-01 3.8734315e-01
1.0789790e+01 2.3466580e-01 3.0872319e-01 3.9069238e-01
1.0813814e+01 2.3757690e-01 3.1207203e-01 3.9407600e-01
1.0837838e+01 2.4075022e-01 3.1537422e-01 3.9750871e-01
1.0861862e+01 2.4382055e-01 3.1879069e-01 4.0089685e-01
1.0885886e+01 2.4690207e-01 3.2213138e-01 4.0448040e-01
1.0909910e+01 2.5003087e-01 3.2544225e-01 4.0787236e-01
1.0933934e+01 2.5324765e-01 3.2902670e-01 4.1145059e-01
1.0957958e+01 2.5641390e-01 3.3242788e-01 4.1516393e-01
1.0981982e+01 2.5979414e-01 3.3578436e-01 4.1882579e-01
1.1006006e+01 2.6317200e-01 3.3934848e-01 4.2260354e-01
1.1030030e+01 2.6654957e-01 3.4280943e-01 4.2634172e-01
1.1054054e+01 2.7005129e-01 3.4636906e-01 4.2998745e-01
1.1078078e+01 2.7340876e-01 3.4992961e-01 4.3382174e-01
1.1102102e+01 2.7679242e-01 3.5361293e-01 4.3758931e-01
1.1126126e+01 2.8018992e-01 3.5728834e-01 4.4160990e-01
1.1150150e+01 2.8377433e-01 3.6101882e-01 4.4568637e-01
1.1174174e+01 2.8716037e-01 3.6464300e-01 4.4954074e-01
1.1198198e+01 2.9054268e-01 3.6843357e-01 4.5351327e-01
1.1222222e+01 2.9407912e-01 3.7221033e-01 4.5748445e-01
1.1246246e+01 2.9759773e-01 3.7598596e-01 4.6150762e-01
1.1270270e+01 3.0113985e-01 3.7983190e-01 4.6552729e-01
1.1294294e+01 3.0482952e-01 3.8362825e-01 4.6955355e-01
1.1318318e+01 3.0840300e-01 3.8752249e-01 4.7361894e-01
1.1342342e+01 3.1205104e-01 3.9147309e-01 4.7774417e-01
1.1366366e+01 3.1566315e-01 3.9555182e-01 4.8193652e-01
1.1390390e+01 3.1926058e-01 3.9937601e-01 4.8603055e-01
1.1414414e+01 3.2294921e-01 4.0342218e-01 4.9016232e-01
1.1438438e+01 3.2672286e-01 4.0742171e-01 4.9440558e-01
1.1462462e+01 3.3058344e-01 4.1143813e-01 4.9853557e-01
1.1486486e+01 3.3449656e-01 4.1542837e-01 5.0281673e-01
1.1510511e+01 3.3823725e-01 4.1952971e-01 5.0717692e-01
1.1534535e+01 3.4221175e-01 4.2369032e-01 5.1167468e-01
1.1558559e+01 3.4621569e-01 4.2798050e-01 5.1622874e-01
1.1582583e+01 3.5013317e-01 4.3214294e-01 5.2068702e-01
1.1606607e+01 3.5396977e-01 4.3635559e-01 5.2493094e-01
1.1630631e+01 3.5781634e-01 4.4068568e-01 5.2959898e-01
1.1654655e+01 3.6174758e-01 4.4499931e-01 5.3431352e-01
1.1678679e+01 3.6560988e-01 4.4927692e-01 5.3883878e-01
1.1702703e+01 3.6948454e-01 4.5357672e-01 5.4348106e-01
1.1726727e+01 3.7347184e-01 4.5790988e-01 5.4803016e-01
1.1750751e+01 3.7754170e-01 4.6233990e-01 5.5283196e-01
1.1774775e+01 3.8161815e-01 4.6682468e-01 5.5733811e-01
1.1798799e+01 3.8577429e-01 4.7113808e-01 5.6205261e-01
1.1822823e+01 3.9006849e-01 4.7564503e-01 5.6677105e-01
1.1846847e+01 3.9428322e-01 4.8013408e-01 5.7143817e-01
1.1870871e+01 3.9840760e-01 4.8453018e-01 5.7615157e-01
1.1894895e+01 4.0252099e-01 4.8906683e-01 5.8118173e-01
1.1918919e+01 4.0655885e-01 4.9364322e-01 5.8612861e-01
1.1942943e+01 4.1078229e-01 4.9837877e-01 5.9116036e-01
1.1966967e+01 4.1484893e-01 5.0304931e-01 5.9625593e-01
1.1990991e+01 4.1915322e-01 5.0766180e-01 6.0124917e-01
1.2015015e+01 4.2334182e-01 5.1231351e-01 6.0612117e-01
1.2039039e+01 4.2769052e-01 5.1701155e-01 6.1116947e-01
1.2063063e+01 4.3193764e-01 5.2148512e-01 6.1643102e-01
1.2087087e+01 4.3632575e-01 5.2623709e-01 6.2160484e-01
1.2111111e+01 4.4059589e-01 5.3096562e-01 6.2677516e-01
1.2135135e+01 4.4493180e-01 5.3568760e-01 6.3185074e-01
1.2159159e+01 4.4922010e-01 5.4042154e-01 6.3696340e-01
1.2183183e+01 4.5352566e-01 5.4532184e-01 6.4204314e-01
1.2207207e+01 4.5794749e-01 5.5019647e-01 6.4727066e-01
1.2231231e+01 4.6220466e-01 5.5513138e-01 6.5244342e-01
1.2255255e+01 4.6649767e-01 5.5994976e-01 6.5756401e-01
1.2279279e+01 4.7093106e-01 5.6467226e-01 6.6283903e-01
1.2303303e+01 4.7554576e-01 5.6942605e-01 6.6803540e-01
1.2327327e+01 4.8024534e-01 5.7415006e-01 6.7313396e-01
1.2351351e+01 4.8472092e-01 5.7896006e-01 6.7822987e-01
1.2375375e+01 4.8923350e-01 5.8389133e-01 6.8335261e-01
1.2399399e+01 4.9373243e-01 5.8872743e-01 6.8859133e-01
1.2423423e+01 4.9812902e-01 5.9371037e-01 6.9352357e-01
1.2447447e+01 5.0270821e-01 5.9856250e-01 6.9865170e-01
1.2471471e+01 5.0721342e-01 6.0320789e-01 7.0380494e-01
1.2495495e+01 5.1188807e-01 6.0813339e-01 7.0881587e-01
1.2519520e+01 5.1653739e-01 6.1294281e-01 7.1391689e-01
1.2543544e+01 5.2119352e-01 6.1795779e-01 7.1907688e-01
1.2567568e+01 5.2596932e-01 6.2291269e-01 7.2448191e-01
1.2591592e+01 5.3075579e-01 6.2777096e-01 7.2965144e-01
1.2615616e+01 5.3524499e-01 6.3275015e-01 7.3483227e-01
1.2639640e+01 5.3981667e-01 6.3758081e-01 7.3995046e-01
1.2663664e+01 5.4427447e-01 6.4256895e-01 7.4502007e-01
1.2687688e+01 5.4895838e-01 6.4741257e-01 7.5040452e-01
1.2711712e+01 5.5342014e-01 6.5213141e-01 7.5552026e-01
1.2735736e+01 5.5823334e-01 6.5706825e-01 7.6070462e-01
1.2759760e+01 5.6280286e-01 6.6199732e-01 7.6586629e-01
1.2783784e+01 5.6752595e-01 6.6700605e-01 7.7097030e-01
1.2807808e+01 5.7209787e-01 6.7198126e-01 7.7642572e-01
1.2831832e+01 5.7670799e-01 6.7680722e-01 7.8162719e-01
1.2855856e+01 5.8136055e-01 6.8174143e-01 7.8655976e-01
1.2879880e+01 5.8610740e-01 6.8653224e-01 7.9181732e-01
1.2903904e+01 5.9057088e-01 6.9150214e-01 7.9686001e-01
1.2927928e+01 5.9514755e-01 6.9636678e-01 8.0174454e-01
1.2951952e+01 5.9958630e-01 7.0127864e-01 8.0665890e-01
1.2975976e+01 6.0407130e-01 7.0598670e-01 8.1166683e-01
1.3000000e+01 6.0873865e-01 7.1081718e-01 8.1649260e-01
1.3024024e+01 6.1320129e-01 7.1568772e-01 8.2148959e-01
1.3048048e+01 6.1785645e-01 7.2049558e-01 8.2678771e-01
1.3072072e+01 6.2244265e-01 7.2514161e-01 8.3208416e-01
1.3096096e+01 6.2710042e-01 7.2973335e-01 8.3692796e-01
1.3120120e+01 6.3150430e-01 7.3446607e-01 8.4173974e-01
1.3144144e+01 6.3617789e-01 7.3913094e-01 8.4646266e-01
1.3168168e+01 6.4082518e-01 7.4367244e-01 8.5138429e-01
1.3192192e+01 6.4535609e-01 7.4831548e-01 8.5630582e-01
1.3216216e+01 6.4963250e-01 7.5309851e-01 8.6104981e-01
1.3240240e+01 6.5400693e-01 7.5772222e-01 8.6571136e-01
1.3264264e+01 6.5842682e-01 7.6228600e-01 8.7061546e-01
1.3288288e+01 6.6308871e-01 7.6684093e-01 8.7510632e-01
1.3312312e+01 6.6752044e-01 7.7130453e-01 8.7987118e-01
1.3336336e+01 6.7182165e-01 7.7591338e-01 8.8440624e-01
1.3360360e+01 6.7632291e-01 7.8039961e-01 8.8897568e-01
1.3384384e+01 6.8075709e-01 7.8497956e-01 8.9347959e-01
1.3408408e+01 6.8526739e-01 7.8947902e-01 8.9802489e-01
1.3432432e+01 6.8947265e-01 7.9394764e-01 9.0267319e-01
1.3456456e+01 6.9376413e-01 7.9842511e-01 9.0707539e-01
1.3480480e+01 6.9820901e-01 8.0285219e-01 9.1144937e-01
1.3504505e+01 7.0251843e-01 8.0727270e-01 9.1567158e-01
1.3528529e+01 7.0669051e-01 8.1149328e-01 9.1999780e-01
1.3552553e+01 7.1080226e-01 8.1582876e-01 9.2426111e-01
1.3576577e+01 7.1518177e-01 8.1995868e-01 9.2858881e-01
1.3600601e+01 7.1943019e-01 8.2416434e-01 9.3239512e-01
1.3624625e+01 7.2360703e-01 8.2850567e-01 9.3653125e-01
1.3648649e+01 7.2776305e-01 8.3268149e-01 9.4034908e-01
1.3672673e+01 7.3184423e-01 8.3680437e-01 9.4432589e-01
1.3696697e+01 7.3579774e-01 8.4063296e-01 9.4848152e-01
1.3720721e+01 7.3990723e-01 8.4459010e-01 9.5243875e-01
1.3744745e+01 7.4394250e-01 8.4853964e-01 9.5647070e-01
1.3768769e+01 7.4771420e-01 8.5244075e-01 9.6048401e-01
1.3792793e+01 7.5165310e-01 8.5628998e-01 9.6420920e-01
1.3816817e+01 7.5561781e-01 8.6012752e-01 9.6789630e-01
1.3840841e+01 7.5950127e-01 8.6391955e-01 9.7144050e-01
1.3864865e+01 7.6332939e-01 8.6771867e-01 9.7515150e-01
1.3888889e+01 7.6724078e-01 8.7142596e-01 9.7867374e-01
1.3912913e+01 7.7095267e-01 8.7535048e-01 9.8217302e-01
1.3936937e+01 7.7469308e-01 8.7904499e-01 9.8574804e-01
1.3960961e+01 7.7830280e-01 8.8257998e-01 9.8943111e-01
1.3984985e+01 7.8185288e-01 8.8609918e-01 9.9290803e-01
1.4009009e+01 7.8530089e-01 8.8956954e-01 9.9631339e-01
1.4033033e+01 7.8881130e-01 8.9319406e-01 9.9971696e-01
1.4057057e+01 7.9247248e-01 8.9669981e-01 1.0031809e+00
1.4081081e+01 7.9608481e-01 9.0006889e-01 1.0063508e+00
1.4105105e+01 7.9930506e-01 9.0355102e-01 1.0097033e+00
1.4129129e+01 8.0251682e-01 9.0694568e-01 1.0129543e+00
1.4153153e+01 8.0609230e-01 9.1018399e-01 1.0162409e+00
1.4177177e+01 8.0931818e-01 9.1333618e-01 1.0193972e+00
1.4201201e+01 8.1232468e-01 9.1657679e-01 1.0222707e+00
1.4225225e+01 8.1552021e-01 9.1966566e-01 1.0252148e+00
1.4249249e+01 8.1866921e-01 9.2302585e-01 1.0282830e+00
1.4273273e+01 8.2182188e-01 9.2604768e-01 1.0311116e+00
1.4297297e+01 8.2471194e-01 9.2900424e-01 1.0340391e+00
1.4321321e+01 8.2783006e-01 9.3192075e-01 1.0365883e+00
1.4345345e+01 8.3044775e-01 9.3468114e-01 1.0392941e+00
1.4369369e+01 8.3327952e-01 9.3759612e-01 1.0419922e+00
1.4393393e+01 8.3600711e-01 9.4032667e-01 1.0444283e+00
1.4417417e+01 8.3865768e-01 9.4304828e-01 1.0471269e+00
1.4441441e+01 8.4123836e-01 9.4574825e-01 1.0496745e+00
1.4465465e+01 8.4396354e-01 9.4839911e-01 1.0519831e+00
1.4489489e+01 8.4649727e-01 9.5083885e-01 1.0545357e+00
1.4513514e+01 8.4931450e-01 9.5328142e-01 1.0569300e+00
1.4537538e+01 8.5168512e-01 9.5561133e-01 1.0594919e+00
1.4561562e+01 8.5407299e-01 9.5779406e-01 1.0617524e+00
1.4585586e+01 8.5649060e-01 9.6011702e-01 1.0638984e+00
1.4609610e+01 8.5858014e-01 9.6233780e-01 1.0661048e+00
1.4633634e+01 8.6090569e-01 9.6418367e-01 1.0682463e+00
1.4657658e+01 8.6323851e-01 9.6628659e-01 1.0701895e+00
1.4681682e+01 8.6522680e-01 9.6846333e-01 1.0721663e+00
1.4705706e+01 8.6715029e-01 9.7025651e-01 1.0742162e+00
1.4729730e+01 8.6878164e-01 9.7212817e-01 1.0760878e+00
1.4753754e+01 8.7050591e-01 9.7387967e-01 1.0778100e+00
1.4777778e+01 8.7219066e-01 9.7580349e-01 1.0794299e+00
1.4801802e+01 8.7401082e-01 9.7743833e-01 1.0811530e+00
1.4825826e+01 8.7594509e-01 9.7910879e-01 1.0827044e+00
1.4849850e+01 8.7757917e-01 9.8063929e-01 1.0843550e+00
1.4873874e+01 8.7911211e-01 9.8208500e-01 1.0858438e+00
1.4897898e+01 8.8060297e-01 9.8340861e-01 1.0874960e+00
1.4921922e+01 8.8193604e-01 9.8495021e-01 1.0887135e+00
1.4945946e+01 8.8331717e-01 9.8638632e-01 1.0902893e+00
1.4969970e+01 8.8450605e-01 9.8740337e-01 1.0914760e+00
1.4993994e+01 8.8579964e-01 9.8868701e-01 1.0925674e+00
1.5018018e+01 8.8696250e-01 9.8997157e-01 1.0936568e+00
1.5042042e+01 8.8803922e-01 9.9102809e-01 1.0947645e+00
1.5066066e+01 8.8916149e-01 9.9204062e-01 1.0957331e+00
1.5090090e+01 8.9030351e-01 9.9314214e-01 1.0966484e+00
1.5114114e+01 8.9108531e-01 9.9417555e-01 1.0977699e+00
1.5138138e+01 8.9195723e-01 9.9515066e-01 1.0984938e+00
1.5162162e+01 8.9291491e-01 9.9593352e-01 1.0994116e+00
1.5186186e+01 8.9360651e-01 9.9659275e-01 1.1001597e+00
1.5210210e+01 8.9428921e-01 9.9739373e-01 1.1007287e+00
1.5234234e+01 8.9498442e-01 9.9789978e-01 1.1014432e+00
1.5258258e+01 8.9557004e-01 9.9844062e-01 1.1021915e+00
1.5282282e+01 8.9594789e-01 9.9879020e-01 1.1026939e+00
1.5306306e+01 8.9642705e-01 9.9908117e-01 1.1031619e+00
1.5330330e+01 8.9673283e-01 9.9942309e-01 1.1031865e+00
1.5354354e+01 8.9700637e-01 9.9971528e-01 1.1036230e+00
1.5378378e+01 8.9715011e-01 9.9983988e-01 1.1038523e+00
1.5402402e+01 8.9750459e-01 9.9988407e-01 1.1040667e+00
1.5426426e+01 8.9765527e-01 9.9977754e-01 1.1040176e+00
1.5450450e+01 8.9789000e-01 1.0000000e+00 1.1039022e+00
1.5474474e+01 8.9786017e-01 9.9993853e-01 1.1040340e+00
1.5498498e+01 8.9775688e-01 9.9979411e-01 1.1038452e+00
1.5522523e+01 8.9739886e-01 9.9949377e-01 1.1035792e+00
1.5546547e+01 8.9715769e-01 9.9925621e-01 1.1034773e+00
1.5570571e+01 8.9670490e-01 9.9910388e-01 1.1033551e+00
1.5594595e+01 8.9660219e-01 9.9902532e-01 1.1031469e+00
1.5618619e+01 8.9598483e-01 9.9865956e-01 1.1025396e+00
1.5642643e+01 8.9551518e-01 9.9824128e-01 1.1019367e+00
1.5666667e+01 8.9529845e-01 9.9753286e-01 1.1015596e+00
1.5690691e+01 8.9475438e-01 9.9716657e-01 1.1009699e+00
1.5714715e+01 8.9431918e-01 9.9659408e-01 1.1005359e+00
1.5738739e+01 8.9369969e-01 9.9604484e-01 1.0998853e+00
1.5762763e+01 8.9284837e-01 9.9516858e-01 1.0992311e+00
1.5786787e+01 8.9214179e-01 9.9444058e-01 1.0985839e+00
1.5810811e+01 8.9132835e-01 9.9351579e-01 1.0978849e+00
1.5834835e+01 8.9029663e-01 9.9270463e-01 1.0970444e+00
1.5858859e+01 8.8929597e-01 9.9174009e-01 1.0962050e+00
1.5882883e+01 8.8817355e-01 9.9083679e-01 1.0953187e+00
1.5906907e+01 8.8723902e-01 9.8984348e-01 1.0942623e+00
1.5930931e+01 8.8592233e-01 9.8867997e-01 1.0931024e+00
1.5954955e+01 8.8463848e-01 9.8764189e-01 1.0919376e+00
1.5978979e+01 8.8337338e-01 9.8616937e-01 1.0908196e+00
1.6003003e+01 8.8209746e-01 9.8463209e-01 1.0895621e+00
1.6027027e+01 8.8075948e-01 9.8312403e-01 1.0882681e+00
1.6051051e+01 8.7922289e-01 9.8158690e-01 1.0869090e+00
1.6075075e+01 8.7788853e-01 9.8019149e-01 1.0855024e+00
1.6099099e+01 8.7630059e-01 9.7877152e-01 1.0838865e+00
1.6123123e+01 8.7458034e-01 9.7733483e-01 1.0822077e+00
1.6147147e+01 8.7299606e-01 9.7554093e-01 1.0803660e+00
1.6171171e+01 8.7123059e-01 9.7394493e-01 1.0785582e+00
1.6195195e+01 8.6955097e-01 9.7222113e-01 1.0767344e+00
1.6219219e+01 8.6750798e-01 9.7030537e-01 1.0748919e+00
1.6243243e+01 8.6578392e-01 9.6838427e-01 1.0730515e+00
1.6267267e+01 8.6420017e-01 9.6661857e-01 1.0713121e+00
1.6291291e+01 8.6231930e-01 9.6478496e-01 1.0691617e+00
1.6315315e+01 8.6042918e-01 9.6291851e-01 1.0673059e+00
1.6339339e+01 8.5840817e-01 9.6089470e-01 1.0651540e+00
1.6363363e+01 8.5648577e-01 9.5869724e-01 1.0630355e+00
1.6387387e+01 8.5439627e-01 9.5665019e-01 1.0609002e+00
1.6411411e+01 8.5229737e-01 9.5441538e-01 1.0588049e+00
1.6435435e+01 8.5029967e-01 9.5205476e-01 1.0568720e+00
1.6459459e+01 8.4813209e-01 9.4987536e-01 1.0544423e+00
1.6483483e+01 8.4567878e-01 9.4767339e-01 1.0520191e+00
1.6507508e+01 8.4328569e-01 9.4546365e-01 1.0496973e+00
1.6531532e+01 8.4100381e-01 9.4312734e-01 1.0472612e+00
1.6555556e+01 8.3871703e-01 9.4074116e-01 1.0445943e+00
1.6579580e+01 8.3639090e-01 9.3837315e-01 1.0417582e+00
1.6603604e+01 8.3398357e-01 9.3601391e-01 1.0391914e+00
1.6627628e+01 8.3156048e-01 9.3343884e-01 1.0366790e+00
1.6651652e+01 8.2879660e-01 9.3101582e-01 1.0338415e+00
1.6675676e+01 8.2633131e-01 9.2845437e-01 1.0311232e+00
1.6699700e+01 8.2371190e-01 9.2570049e-01 1.0283007e+00
1.6723724e+01 8.2138909e-01 9.2290989e-01 1.0256335e+00
1.6747748e+01 8.1879505e-01 9.2015971e-01 1.0226514e+00
1.6771772e+01 8.1627998e-01 9.1739458e-01 1.0198203e+00
1.6795796e+01 8.1346599e-01 9.1463871e-01 1.0168042e+00
1.6819820e+01 8.1063873e-01 9.1162788e-01 1.0139673e+00
1.6843844e+01 8.0784747e-01 9.0870134e-01 1.0110670e+00
1.6867868e+01 8.0503619e-01 9.0585391e-01 1.0079364e+00
1.6891892e+01 8.0219530e-01 9.0307894e-01 1.0048033e+00
1.6915916e+01 7.9923321e-01 9.0005353e-01 1.0017636e+00
1.6939940e+01 7.9641103e-01 8.9710236e-01 9.9869026e-01
1.6963964e+01 7.9348696e-01 8.9420374e-01 9.9553896e-01
1.6987988e+01 7.9035567e-01 8.9102957e-01 9.9218415e-01
1.7012012e+01 7.8749759e-01 8.8797251e-01 9.8895300e-01
1.7036036e+01 7.8439473e-01 8.8484006e-01 9.8572350e-01
1.7060060e+01 7.8132093e-01 8.8169850e-01 9.8255351e-01
1.7084084e+01 7.7790925e-01 8.7844517e-01 9.7932878e-01
1.7108108e+01 7.7457451e-01 8.7522209e-01 9.7578736e-01
1.7132132e+01 7.7153873e-01 8.7195039e-01 9.7256371e-01
1.7156156e+01 7.6828862e-01 8.6888917e-01 9.6975598e-01
1.7180180e+01 7.6498113e-01 8.6544218e-01 9.6620668e-01
1.7204204e+01 7.6159954e-01 8.6226475e-01 9.6270419e-01
1.7228228e+01 7.5815056e-01 8.5898778e-01 9.5952702e-01
1.7252252e+01 7.5488626e-01 8.5542426e-01 9.5620011e-01
1.7276276e+01 7.5144937e-01 8.5215123e-01 9.5302502e-01
1.7300300e+01 7.4808762e-01 8.4862558e-01 9.4956344e-01
1.7324324e+01 7.4452591e-01 8.4521540e-01 9.4596345e-01
1.7348348e+01 7.4085110e-01 8.4162466e-01 9.4246907e-01
1.7372372e+01 7.3715287e-01 8.3799946e-01 9.3899011e-01
1.7396396e+01 7.3350404e-01 8.3448377e-01 9.3538018e-01
1.7420420e+01 7.2974120e-01 8.3093004e-01 9.3168655e-01
1.7444444e+01 7.2597988e-01 8.2735135e-01 9.2795374e-01
1.7468468e+01 7.2231404e-01 8.2373417e-01 9.2438370e-01
1.7492492e+01 7.1855763e-01 8.1984228e-01 9.2069060e-01
1.7516517e+01 7.1490060e-01 8.1614135e-01 9.1701795e-01
1.7540541e+01 7.1131736e-01 8.1231292e-01 9.1353520e-01
1.7564565e+01 7.0735243e-01 8.0870712e-01 9.0995901e-01
1.7588589e+01 7.0356510e-01 8.0494719e-01 9.0621033e-01
1.7612613e+01 6.9991577e-01 8.0120179e-01 9.0238000e-01
1.7636637e+01 6.9586709e-01 7.9734660e-01 8.9858972e-01
1.7660661e+01 6.9214563e-01 7.9359771e-01 8.9485656e-01
1.7684685e+01 6.8810670e-01 7.9001129e-01 8.9116548e-01
1.7708709e+01 6.8441193e-01 7.8612714e-01 8.8741107e-01
1.7732733e+01 6.8059602e-01 7.8221341e-01 8.8358957e-01
1.7756757e+01 6.7641418e-01 7.7834268e-01 8.7971254e-01
1.7780781e+01 6.7245908e-01 7.7441242e-01 8.7591345e-01
1.7804805e+01 6.6858974e-01 7.7059396e-01 8.7211164e-01
1.7828829e+01 6.6458687e-01 7.6659096e-01 8.6841922e-01
1.7852853e+01 6.6055558e-01 7.6273357e-01 8.6453402e-01
1.7876877e+01 6.5649927e-01 7.5885084e-01 8.6066338e-01
1.7900901e+01 6.5244062e-01 7.5495145e-01 8.5686784e-01
1.7924925e+01 6.4857550e-01 7.5089128e-01 8.5281055e-01
1.7948949e+01 6.4443394e-01 7.4688142e-01 8.4893287e-01
1.7972973e+01 6.4029403e-01 7.4274225e-01 8.4489026e-01
1.7996997e+01 6.3630196e-01 7.3852117e-01 8.4095381e-01
1.8021021e+01 6.3230281e-01 7.3456140e-01 8.3691805e-01
1.8045045e+01 6.2808333e-01 7.3037044e-01 8.3312869e-01
1.8069069e+01 6.2411231e-01 7.2621736e-01 8.2910065e-01
1.8093093e+01 6.2008925e-01 7.2218943e-01 8.2534091e-01
1.8117117e+01 6.1591587e-01 7.1798540e-01 8.2160164e-01
1.8141141e+01 6.1183456e-01 7.1395246e-01 8.1750236e-01
1.8165165e+01 6.0750216e-01 7.0987215e-01 8.1326384e-01
1.8189189e+01 6.0321428e-01 7.0560056e-01 8.0908158e-01
1.8213213e+01 5.9911839e-01 7.0129025e-01 8.0501683e-01
1.8237237e+01 5.9481107e-01 6.9709515e-01 8.0105471e-01
1.8261261e+01 5.9051583e-01 6.9279261e-01 7.9705647e-01
1.8285285e+01 5.8631105e-01 6.8865314e-01 7.9285821e-01
1.8309309e+01 5.8192929e-01 6.8435152e-01 7.8869189e-01
1.8333333e+01 5.7751240e-01 6.8024608e-01 7.8465807e-01
1.8357357e+01 5.7322582e-01 6.7599675e-01 7.8062193e-01
1.8381381e+01 5.6909761e-01 6.7177377e-01 7.7619686e-01
1.8405405e+01 5.6485261e-01 6.6751767e-01 7.7188181e-01
1.8429429e+01 5.6058670e-01 6.6334553e-01 7.6774579e-01
1.8453453e+01 5.5638877e-01 6.5909393e-01 7.6351474e-01
1.8477477e+01 5.5217507e-01 6.5494315e-01 7.5940855e-01
1.8501502e+01 5.4785043e-01 6.5070105e-01 7.5510829e-01
1.8525526e+01 5.4377156e-01 6.4639358e-01 7.5098340e-01
1.8549550e+01 5.3936858e-01 6.4204548e-01 7.4688143e-01
1.8573574e+01 5.3518784e-01 6.3753681e-01 7.4270445e-01
1.8597598e+01 5.3103851e-01 6.3331940e-01 7.3837499e-01
1.8621622e+01 5.2692440e-01 6.2889980e-01 7.3400908e-01
1.8645646e+01 5.2261976e-01 6.2451743e-01 7.2955776e-01
1.8669670e+01 5.1847256e-01 6.2027514e-01 7.2535892e-01
1.8693694e+01 5.1435560e-01 6.1598287e-01 7.2109039e-01
1.8717718e+01 5.1002703e-01 6.1154914e-01 7.1677742e-01
1.8741742e+01 5.0576370e-01 6.0722346e-01 7.1208176e-01
1.8765766e+01 5.0157310e-01 6.0293964e-01 7.0795244e-01
1.8789790e+01 4.9732285e-01 5.9855073e-01 7.0332619e-01
1.8813814e+01 4.9323207e-01 5.9425261e-01 6.9902689e-01
1.8837838e+01 4.8915210e-01 5.8985939e-01 6.9492031e-01
1.8861862e+01 4.8501690e-01 5.8567746e-01 6.9043845e-01
1.8885886e+01 4.8077795e-01 5.8130968e-01 6.8609442e-01
1.8909910e+01 4.7659559e-01 5.7701469e-01 6.8173661e-01
1.8933934e+01 4.7234605e-01 5.7258439e-01 6.7717082e-01
1.8957958e+01 4.6823552e-01 5.6814911e-01 6.7258389e-01
1.8981982e+01 4.6422218e-01 5.6389544e-01 6.6824292e-01
1.9006006e+01 4.6011429e-01 5.5952097e-01 6.6384946e-01
1.9030030e+01 4.5605244e-01 5.5525587e-01 6.5935919e-01
1.9054054e+01 4.5189317e-01 5.5088417e-01 6.5485416e-01
1.9078078e+01 4.4783524e-01 5.4645267e-01 6.5034687e-01
1.9102102e+01 4.4366803e-01 5.4213462e-01 6.4594473e-01
1.9126126e+01 4.3963831e-01 5.3760133e-01 6.4146415e-01
1.9150150e+01 4.3556830e-01 5.3325874e-01 6.3697003e-01
1.9174174e+01 4.3145985e-01 5.2897081e-01 6.3225986e-01
1.9198198e+01 4.2723029e-01 5.2475110e-01 6.2777264e-01
1.9222222e+01 4.2307806e-01 5.2046553e-01 6.2317124e-01
1.9246246e+01 4.1896458e-01 5.1610889e-01 6.1832859e-01
1.9270270e+01 4.1497376e-01 5.1165555e-01 6.1370094e-01
1.9294294e+01 4.1107456e-01 5.0733999e-01 6.0914288e-01
1.9318318e+01 4.0714946e-01 5.0311064e-01 6.0478701e-01
1.9342342e+01 4.0310295e-01 4.9895172e-01 6.0048192e-01
1.9366366e+01 3.9921191e-01 4.9460436e-01 5.9579582e-01
1.9390390e+01 3.9532442e-01 4.9024576e-01 5.9104891e-01
1.9414414e+01 3.9134926e-01 4.8604169e-01 5.8638670e-01
1.9438438e+01 3.8764198e-01 4.8159442e-01 5.8178117e-01
1.9462462e+01 3.8367018e-01 4.7746410e-01 5.7717451e-01
1.9486486e+01 3.7971272e-01 4.7304259e-01 5.7273213e-01
1.9510511e+01 3.7585651e-01 4.6875034e-01 5.6823392e-01
1.9534535e+01 3.7214066e-01 4.6445080e-01 5.6373996e-01
1.9558559e+01 3.6839019e-01 4.6025261e-01 5.5913317e-01
1.9582583e+01 3.6456929e-01 4.5598360e-01 5.5450646e-01
1.9606607e+01 3.6063686e-01 4.5185242e-01 5.4987270e-01
1.9630631e+01 3.5678996e-01 4.4746645e-01 5.4539721e-01
1.9654655e+01 3.5284104e-01 4.4318956e-01 5.4091459e-01
1.9678679e+01 3.4910696e-01 4.3903236e-01 5.3643487e-01
1.9702703e+01 3.4544790e-01 4.3484598e-01 5.3192985e-01
1.9726727e+01 3.4171087e-01 4.3065922e-01 5.2730167e-01
1.9750751e+01 3.3795267e-01 4.2654484e-01 5.2279293e-01
1.9774775e+01 3.3422546e-01 4.2248417e-01 5.1830836e-01
1.9798799e+01 3.3055503e-01 4.1826711e-01 5.1380496e-01
1.9822823e+01 3.2683933e-01 4.1414162e-01 5.0940255e-01
1.9846847e+01 3.2332700e-01 4.0996635e-01 5.0500011e-01
1.9870871e+01 3.1961261e-01 4.0594830e-01 5.0050765e-01
1.9894895e+01 3.1594295e-01 4.0176445e-01 4.9576834e-01
1.9918919e+01 3.1243711e-01 3.9773908e-01 4.9117459e-01
1.9942943e+01 3.0890586e-01 3.9364053e-01 4.8662384e-01
1.9966967e+01 3.0523900e-01 3.8955364e-01 4.8237693e-01
1.9990991e+01 3.0163510e-01 3.8556131e-01 4.7773687e-01
2.0015015e+01 2.9819981e-01 3.8169439e-01 4.7329210e-01
2.0039039e+01 2.9478345e-01 3.7774943e-01 4.6884088e-01
2.0063063e+01 2.9134306e-01 3.7367140e-01 4.6435066e-01
2.0087087e+01 2.8781339e-01 3.6970938e-01 4.5976384e-01
2.0111111e+01 2.8447103e-01 3.6579568e-01 4.5550659e-01
2.0135135e+01 2.8094545e-01 3.6183494e-01 4.5115781e-01
2.0159159e+01 2.7764522e-01 3.5786574e-01 4.4676424e-01
2.0183183e+01 2.7429124e-01 3.5401799e-01 4.4240315e-01
2.0207207e+01 2.7084816e-01 3.5017139e-01 4.3826800e-01
2.0231231e+01 2.6735284e-01 3.4623236e-01 4.3387777e-01
2.0255255e+01 2.6408276e-01 3.4244061e-01 4.2944037e-01
2.0279279e+01 2.6067554e-01 3.3857364e-01 4.2517519e-01
2.0303303e+01 2.5735967e-01 3.3477359e-01 4.2105015e-01
2.0327327e+01 2.5397544e-01 3.3114500e-01 4.1674311e-01
2.0351351e+01 2.5068655e-01 3.2737138e-01 4.1266504e-01
2.0375375e+01 2.4729290e-01 3.2357994e-01 4.0836591e-01
2.0399399e+01 2.4391530e-01 3.1985293e-01 4.0429988e-01
2.0423423e+01 2.4062076e-01 3.1618263e-01 4.0003357e-01
2.0447447e+01 2.3728828e-01 3.1245839e-01 3.9596278e-01
2.0471471e+01 2.3400542e-01 3.0881348e-01 3.9172570e-01
2.0495495e+01 2.3069800e-01 3.0510666e-01 3.8763286e-01
2.0519520e+01 2.2758561e-01 3.0146651e-01 3.8357082e-01
2.0543544e+01 2.2423852e-01 2.9787221e-01 3.7962560e-01
2.0567568e+01 2.2114436e-01 2.9442195e-01 3.7570029e-01
2.0591592e+01 2.1819823e-01 2.9084680e-01 3.7160694e-01
2.0615616e+01 2.1499824e-01 2.8722349e-01 3.6760590e-01
2.0639640e+01 2.1186712e-01 2.8381178e-01 3.6372673e-01
2.0663664e+01 2.0886948e-01 2.8038280e-01 3.5971868e-01
2.0687688e+01 2.0594955e-01 2.7687757e-01 3.5567785e-01
2.0711712e+01 2.0298125e-01 2.7340382e-01 3.5201792e-01
2.0735736e+01 1.9988172e-01 2.6999184e-01 3.4819708e-01
2.0759760e+01 1.9682797e-01 2.6659215e-01 3.4435646e-01
2.0783784e+01 1.9385314e-01 2.6313490e-01 3.4071230e-01
2.0807808e+01 1.9078502e-01 2.5983585e-01 3.3690561e-01
2.0831832e+01 1.8791963e-01 2.5668705e-01 3.3314833e-01
2.0855856e+01 1.8510684e-01 2.5328047e-01 3.2936867e-01
2.0879880e+01 1.8225793e-01 2.4995614e-01 3.2581497e-01
2.0903904e+01 1.7945831e-01 2.4668306e-01 3.2221623e-01
2.0927928e+01 1.7663630e-01 2.4346880e-01 3.1844276e-01
2.0951952e+01 1.7388948e-01 2.4037718e-01 3.1480815e-01
2.0975976e+01 1.7124749e-01 2.3713293e-01 3.1127834e-01
2.1000000e+01 1.6849046e-01 2.3384881e-01 3.0772527e-01
2.1024024e+01 1.6579138e-01 2.3064247e-01 3.0427582e-01
2.1048048e+01 1.6312739e-01 2.2751692e-01 3.0074676e-01
2.1072072e+01 1.6041053e-01 2.2428718e-01 2.9706482e-01
2.1096096e+01 1.5780215e-01 2.2114645e-01 2.9360473e-01
2.1120120e+01 1.5521322e-01 2.1806828e-01 2.9020111e-01
2.1144144e+01 1.5259593e-01 2.1494471e-01 2.8655874e-01
2.1168168e+01 1.5012473e-01 2.1195549e-01 2.8321444e-01
2.1192192e+01 1.4758097e-01 2.0894705e-01 2.7975740e-01
2.1216216e+01 1.4506443e-01 2.0601388e-01 2.7643636e-01
2.1240240e+01 1.4255101e-01 2.0312220e-01 2.7317345e-01
2.1264264e+01 1.3997666e-01 2.0023668e-01 2.6991968e-01
2.1288288e+01 1.3746586e-01 1.9738404e-01 2.6670382e-01
2.1312312e+01 1.3507870e-01 1.9447008e-01 2.6360964e-01
2.1336336e+01 1.3256515e-01 1.9162878e-01 2.6049448e-01
2.1360360e+01 1.3023104e-01 1.8885682e-01 2.5739615e-01
2.1384384e+01 1.2787072e-01 1.8606683e-01 2.5417721e-01
2.1408408e+01 1.2550017e-01 1.8338299e-01 2.5095660e-01
2.1432432e+01 1.2311972e-01 1.8074167e-01 2.4776851e-01
2.1456456e+01 1.2079104e-01 1.7805730e-01 2.4465345e-01
2.1480480e+01 1.1856940e-01 1.7538228e-01 2.4155041e-01
2.1504505e+01 1.1628132e-01 1.7272278e-01 2.3845481e-01
2.1528529e+01 1.1407236e-01 1.7014676e-01 2.3543231e-01
2.1552553e+01 1.1190551e-01 1.6753515e-01 2.3245728e-01
2.1576577e+01 1.0978660e-01 1.6498130e-01 2.2952062e-01
2.1600601e+01 1.0764629e-01 1.6248073e-01 2.2656432e-01
2.1624625e+01 1.0556331e-01 1.6000065e-01 2.2377431e-01
2.1648649e+01 1.0353855e-01 1.5759314e-01 2.2078122e-01
2.1672673e+01 1.0142354e-01 1.5511807e-01 2.1790326e-01
2.1696697e+01 9.9386884e-02 1.5271858e-01 2.1503589e-01
2.1720721e+01 9.7468421e-02 1.5028094e-01 2.1216277e-01
2.1744745e+01 9.5462218e-02 1.4793907e-01 2.0924962e-01
2.1768769e+01 9.3564688e-02 1.4561401e-01 2.0637302e-01
2.1792793e+01 9.1657013e-02 1.4331981e-01 2.0359822e-01
2.1816817e+01 8.9810209e-02 1.4104189e-01 2.0081906e-01
2.1840841e+01 8.8001749e-02 1.3868731e-01 1.9804093e-01
2.1864865e+01 8.6227244e-02 1.3638074e-01 1.9537225e-01
2.1888889e+01 8.4389909e-02 1.3417052e-01 1.9265688e-01
2.1912913e+01 8.2692133e-02 1.3194336e-01 1.8997394e-01
2.1936937e+01 8.0971972e-02 1.2977375e-01 1.8736579e-01
2.1960961e+01 7.9294697e-02 1.2761463e-01 1.8476794e-01
2.1984985e+01 7.7654718e-02 1.2544082e-01 1.8225597e-01
2.2009009e+01 7.5978478e-02 1.2329214e-01 1.7963465e-01
2.2033033e+01 7.4349496e-02 1.2125683e-01 1.7714250e-01
2.2057057e+01 7.2764476e-02 1.1913209e-01 1.7459562e-01
2.2081081e+01 7.1218768e-02 1.1710951e-01 1.7204913e-01
2.2105105e+01 6.9681736e-02 1.1504954e-01 1.6948787e-01
2.2129129e+01 6.8124255e-02 1.1307234e-01 1.6701081e-01
2.2153153e+01 6.6575371e-02 1.1111301e-01 1.6459192e-01
2.2177177e+01 6.5131096e-02 1.0918395e-01 1.6206930e-01
2.2201201e+01 6.3723287e-02 1.0722961e-01 1.5955887e-01
2.2225225e+01 6.2322614e-02 1.0532163e-01 1.5716881e-01
2.2249249e+01 6.0910952e-02 1.0342985e-01 1.5474508e-01
2.2273273e+01 5.9517590e-02 1.0156789e-01 1.5243970e-01
2.2297297e+01 5.8193974e-02 9.9739844e-02 1.5015481e-01
2.2321321e+01 5.6830546e-02 9.7974783e-02 1.4780072e-01
2.2345345e+01 5.5497456e-02 9.6189869e-02 1.4554762e-01
2.2369369e+01 5.4235263e-02 9.4413389e-02 1.4326880e-01
2.2393393e+01 5.2993305e-02 9.2679002e-02 1.4093843e-01
2.2417417e+01 5.1741375e-02 9.0924371e-02 1.3873989e-01
2.2441441e+01 5.0463819e-02 8.9244783e-02 1.3649692e-01
2.2465465e+01 4.9199494e-02 8.7593505e-02 1.3433142e-01
2.2489489e+01 4.8055105e-02 8.5959639e-02 1.3216530e-01
2.2513514e+01 4.6872898e-02 8.4298506e-02 1.3000711e-01
2.2537538e+01 4.5686688e-02 8.2693661e-02 1.2790254e-01
2.2561562e+01 4.4574938e-02 8.1097608e-02 1.2584029e-01
2.2585586e+01 4.3461184e-02 7.9576972e-02 1.2380123e-01
2.2609610e+01 4.2400641e-02 7.8018977e-02 1.2174965e-01
2.2633634e+01 4.1312628e-02 7.6543351e-02 1.1971670e-01
2.2657658e+01 4.0324881e-02 7.5030391e-02 1.1769997e-01
2.2681682e+01 3.9307512e-02 7.3592770e-02 1.1571163e-01
2.2705706e+01 3.8318537e-02 7.2136747e-02 1.1373219e-01
2.2729730e+01 3.7352591e-02 7.0705826e-02 1.1177384e-01
2.2753754e+01 3.6357226e-02 6.9286731e-02 1.0987824e-01
2.2777778e+01 3.5376883e-02 6.7888791e-02 1.0798578e-01
2.2801802e+01 3.4449383e-02 6.6491077e-02 1.0608117e-01
2.2825826e+01 3.3526627e-02 6.5164640e-02 1.0421797e-01
2.2849850e+01 3.2627515e-02 6.3799837e-02 1.0234596e-01
2.2873874e+01 3.1746742e-02 6.2486975e-02 1.0049400e-01
2.2897898e+01 3.0872268e-02 6.1174054e-02 9.8674301e-02
2.2921922e+01 3.0042131e-02 5.9879241e-02 9.6835207e-02
2.2945946e+01 2.9207456e-02 5.8640421e-02 9.5069944e-02
2.2969970e+01 2.8404156e-02 5.7366614e-02 9.3270962e-02
2.2993994e+01 2.7642525e-02 5.6152818e-02 9.1514811e-02
2.3018018e+01 2.6886465e-02 5.4963505e-02 8.9786919e-02
2.3042042e+01 2.6138171e-02 5.3806940e-02 8.8127829e-02
2.3066066e+01 2.5414124e-02 5.2622142e-02 8.6427388e-02
2.3090090e+01 2.4701433e-02 5.1510538e-02 8.4717168e-02
2.3114114e+01 2.4027985e-02 5.0416676e-02 8.3089315e-02
2.3138138e+01 2.3359317e-02 4.9284358e-02 8.1429661e-02
2.3162162e+01 2.2692487e-02 4.8230256e-02 7.9835707e-02
2.3186186e+01 2.2045427e-02 4.7174430e-02 7.8193311e-02
2.3210210e+01 2.1413456e-02 4.6155283e-02 7.6623007e-02
2.3234234e+01 2.0809694e-02 4.5103139e-02 7.5109695e-02
2.3258258e+01 2.0220972e-02 4.4084345e-02 7.3582474e-02
2.3282282e+01 1.9627600e-02 4.3091890e-02 7.2076874e-02
2.3306306e+01 1.9062897e-02 4.2117699e-02 7.0548959e-02
2.3330330e+01 1.8494901e-02 4.1150311e-02 6.9092578e-02
2.3354354e+01 1.7941625e-02 4.0212955e-02 6.7644575e-02
2.3378378e+01 1.7416334e-02 3.9302493e-02 6.6218437e-02
2.3402402e+01 1.6894079e-02 3.8402798e-02 6.4806382e-02
2.3426426e+01 1.6394359e-02 3.7508543e-02 6.3397256e-02
2.3450450e+01 1.5907528e-02 3.6619002e-02 6.2043676e-02
2.3474474e+01 1.5434382e-02 3.5753082e-02 6.0699780e-02
2.3498498e+01 1.4977294e-02 3.4912828e-02 5.9368468e-02
2.3522523e+01 1.4527926e-02 3.4081234e-02 5.8025524e-02
2.3546547e+01 1.4090068e-02 3.3262351e-02 5.6695172e-02
2.3570571e+01 1.3665607e-02 3.2463128e-02 5.5456527e-02
2.3594595e+01 1.3253747e-02 3.1681208e-02 5.4151476e-02
2.3618619e+01 1.2852552e-02 3.0904541e-02 5.2930057e-02
2.3642643e+01 1.2462965e-02 3.0138520e-02 5.1718686e-02
2.3666667e+01 1.2072976e-02 2.9387700e-02 5.0515577e-02
2.3690691e+01 1.1696464e-02 2.8660988e-02 4.9351099e-02
2.3714715e+01 1.1334835e-02 2.7940606e-02 4.8190574e-02
2.3738739e+01 1.0983859e-02 2.7226948e-02 4.7042911e-02
2.3762763e+01 1.0642685e-02 2.6535331e-02 4.5946656e-02
2.3786787e+01 1.0300788e-02 2.5856372e-02 4.4829566e-02
2.3810811e+01 9.9810892e-03 2.5192821e-02 4.3761063e-02
2.3834835e+01 9.6600007e-03 2.4542149e-02 4.2724837e-02
2.3858859e+01 9.3514469e-03 2.3893073e-02 4.1689385e-02
2.3882883e+01 9.0514200e-03 2.3269303e-02 4.0664603e-02
2.3906907e+01 8.7615031e-03 2.2649558e-02 3.9666284e-02
2.3930931e+01 8.4825764e-03 2.2038849e-02 3.8688828e-02
2.3954955e+01 8.2109041e-03 2.1452752e-02 3.7740472e-02
2.3978979e+01 7.9452749e-03 2.0880869e-02 3.6793756e-02
2.4003003e+01 7.6863281e-03 2.0312023e-02 3.5866337e-02
2.4027027e+01 7.4308858e-03 1.9765989e-02 3.4960344e-02
2.4051051e+01 7.1864721e-03 1.9218803e-02 3.4068561e-02
2.4075075e+01 6.9492236e-03 1.8690665e-02 3.3201976e-02
2.4099099e+01 6.7171580e-03 1.8168347e-02 3.2351874e-02
2.4123123e+01 6.4923020e-03 1.7657416e-02 3.1505884e-02
2.4147147e+01 6.2734098e-03 1.7160369e-02 3.0696973e-02
2.4171171e+01 6.0602271e-03 1.6675946e-02 2.9892616e-02
2.4195195e+01 5.8509608e-03 1.6200903e-02 2.9115704e-02
2.4219219e+01 5.6504337e-03 1.5732106e-02 2.8346886e-02
2.4243243e+01 5.4558439e-03 1.5279391e-02 2.7595292e-02
2.4267267e+01 5.2702400e-03 1.4843775e-02 2.6850356e-02
2.4291291e+01 5.0905118e-03 1.4413235e-02 2.6124584e-02
2.4315315e+01 4.9124648e-03 1.3987464e-02 2.5421777e-02
2.4339339e+01 4.7414990e-03 1.3571387e-02 2.4726886e-02
2.4363363e+01 4.5754328e-03 1.3172739e-02 2.4039438e-02
2.4387387e+01 4.4158976e-03 1.2783440e-02 2.3373465e-02
2.4411411e+01 4.2582509e-03 1.2398553e-02 2.2722961e-02
2.4435435e+01 4.1078141e-03 1.2028234e-02 2.2079603e-02
2.4459459e+01 3.9602088e-03 1.1665053e-02 2.1450384e-02
2.4483483e+01 3.8174903e-03 1.1309414e-02 2.0841489e-02
2.4507508e+01 3.6788778e-03 1.0958911e-02 2.0242090e-02
2.4531532e+01 3.5442912e-03 1.0619276e-02 1.9659100e-02
2.4555556e+01 3.4141039e-03 1.0294903e-02 1.9085671e-02
2.4579580e+01 3.2877737e-03 9.9748637e-03 1.8530307e-02
2.4603604e+01 3.1647468e-03 9.6688529e-03 1.7984859e-02
2.4627628e+01 3.0473450e-03 9.3630723e-03 1.7451965e-02
2.4651652e+01 2.9328430e-03 9.0676258e-03 1.6933094e-02
2.4675676e+01 2.8227088e-03 8.7777417e-03 1.6423160e-02
2.4699700e+01 2.7150015e-03 8.5020810e-03 1.5926041e-02
2.4723724e+01 2.6114698e-03 8.2329652e-03 1.5445354e-02
2.4747748e+01 2.5116215e-03 7.9695024e-03 1.4974543e-02
2.4771772e+01 2.4151726e-03 7.7142627e-03 1.4521892e-02
2.4795796e+01 2.3220969e-03 7.4628809e-03 1.4075072e-02
2.4819820e+01 2.2329425e-03 7.2201365e-03 1.3635838e-02
2.4843844e+01 2.1450216e-03 6.9833454e-03 1.3212118e-02
2.4867868e+01 2.0610723e-03 6.7584603e-03 1.2791459e-02
2.4891892e+01 1.9798128e-03 6.5366950e-03 1.2387389e-02
2.4915916e+01 1.9013246e-03 6.3200177e-03 1.1991115e-02
2.4939940e+01 1.8256271e-03 6.1121449e-03 1.1610497e-02
2.4963964e+01 1.7525402e-03 5.9087743e-03 1.1238562e-02
2.4987988e+01 1.6839092e-03 5.7088545e-03 1.0877312e-02
2.5012012e+01 1.6167899e-03 5.5169870e-03 1.0525433e-02
2.5036036e+01 1.5516595e-03 5.3299124e-03 1.0175376e-02
2.5060060e+01 1.4885186e-03 5.1480623e-03 9.8430213e-03
2.5084084e+01 1.4286322e-03 4.9723123e-03 9.5102247e-03
2.5108108e+01 1.3702752e-03 4.8029112e-03 9.1915813e-03
2.5132132e+01 1.3142419e-03 4.6384325e-03 8.8835768e-03
2.5156156e+01 1.2597613e-03 4.4772222e-03 8.5846652e-03
2.5180180e+01 1.2075081e-03 4.3222589e-03 8.2929077e-03
2.5204204e+01 1.1566910e-03 4.1727998e-03 8.0121066e-03
2.5228228e+01 1.1083274e-03 4.0249205e-03 7.7416846e-03
2.5252252e+01 1.0617643e-03 3.8810482e-03 7.4754762e-03
2.5276276e+01 1.0167991e-03 3.7428238e-03 7.2180172e-03
2.5300300e+01 9.7381191e-04 3.6102815e-03 6.9674733e-03
2.5324324e+01 9.3178139e-04 3.4796297e-03 6.7241085e-03
2.5348348e+01 8.9190272e-04 3.3546637e-03 6.4881441e-03
2.5372372e+01 8.5404380e-04 3.2321960e-03 6.2587907e-03
2.5396396e+01 8.1771861e-04 3.1146397e-03 6.0372123e-03
2.5420420e+01 7.8198810e-04 3.0007024e-03 5.8215647e-03
2.5444444e+01 7.4800397e-04 2.8899187e-03 5.6123905e-03
2.5468468e+01 7.1537367e-04 2.7829465e-03 5.4102834e-03
2.5492492e+01 6.8430258e-04 2.6801078e-03 5.2135198e-03
2.5516517e+01 6.5375964e-04 2.5797080e-03 5.0234668e-03
2.5540541e+01 6.2489115e-04 2.4827759e-03 4.8382291e-03
2.5564565e+01 5.9697725e-04 2.3899445e-03 4.6599112e-03
2.5588589e+01 5.7034485e-04 2.2993928e-03 4.4865118e-03
2.5612613e+01 5.4502682e-04 2.2120078e-03 4.3188136e-03
2.5636637e+01 5.2073478e-04 2.1276968e-03 4.1563377e-03
2.5660661e+01 4.9734158e-04 2.0467464e-03 4.0002754e-03
2.5684685e+01 4.7468266e-04 1.9674118e-03 3.8489936e-03
2.5708709e+01 4.5313115e-04 1.8914033e-03 3.7047240e-03
2.5732733e+01 4.3270379e-04 1.8181305e-03 3.5628621e-03
2.5756757e+01 4.1281795e-04 1.7477854e-03 3.4263815e-03
2.5780781e+01 3.9392448e-04 1.6788373e-03 3.2947841e-03
2.5804805e+01 3.7572536e-04 1.6124169e-03 3.1685535e-03
2.5828829e+01 3.5826598e-04 1.5480818e-03 3.0451781e-03
2.5852853e+01 3.4155270e-04 1.4861207e-03 2.9261027e-03
2.5876877e+01 3.2555505e-04 1.4267438e-03 2.8113519e-03
2.5900901e+01 3.1035704e-04 1.3690745e-03 2.6999257e-03
2.5924925e+01 2.9570858e-04 1.3134665e-03 2.5926347e-03
2.5948949e+01 2.8181137e-04 1.2601827e-03 2.4885726e-03
2.5972973e+01 2.6839224e-04 1.2088063e-03 2.3894445e-03
2.5996997e+01 2.5561266e-04 1.1590408e-03 2.2932219e-03
2.6021021e+01 2.4332205e-04 1.1112486e-03 2.2002486e-03
2.6045045e+01 2.3166386e-04 1.0655942e-03 2.1108331e-03
2.6069069e+01 2.2045179e-04 1.0214039e-03 2.0246526e-03
2.6093093e+01 2.0975567e-04 9.7926798e-04 1.9420035e-03
2.6117117e+01 1.9952773e-04 9.3825028e-04 1.8623235e-03
2.6141141e+01 1.8976261e-04 8.9900779e-04 1.7852569e-03
2.6165165e+01 1.8050237e-04 8.6089404e-04 1.7105695e-03
2.6189189e+01 1.7160644e-04 8.2404938e-04 1.6397040e-03
2.6213213e+01 1.6307863e-04 7.8889611e-04 1.5712150e-03
2.6237237e+01 1.5497399e-04 7.5512564e-04 1.5048566e-03
2.6261261e+01 1.4730506e-04 7.2270511e-04 1.4411620e-03
2.6285285e+01 1.3998288e-04 6.9185618e-04 1.3799140e-03
2.6309309e+01 1.3294442e-04 6.6184202e-04 1.3207136e-03
2.6333333e+01 1.2622034e-04 6.3288473e-04 1.2639402e-03
2.6357357e+01 1.1981889e-04 6.0524189e-04 1.2096999e-03
2.6381381e+01 1.1372522e-04 5.7861508e-04 1.1573495e-03
2.6405405e+01 1.0791608e-04 5.5324087e-04 1.1071650e-03
2.6429429e+01 1.0242988e-04 5.2854765e-04 1.0585679e-03
2.6453453e+01 9.7147891e-05 5.0513725e-04 1.0120155e-03
2.6477477e+01 9.2138456e-05 4.8264655e-04 9.6741264e-04
2.6501502e+01 8.7360001e-05 4.6121673e-04 9.2489227e-04
2.6525526e+01 8.2821859e-05 4.4032712e-04 8.8381144e-04
2.6549550e+01 7.8453129e-05 4.2038503e-04 8.4400429e-04
2.6573574e+01 7.4331792e-05 4.0134547e-04 8.0607626e-04
2.6597598e+01 7.0436582e-05 3.8316684e-04 7.7004093e-04
2.6621622e+01 6.6717866e-05 3.6574847e-04 7.3493308e-04
2.6645646e+01 6.3172498e-05 3.4891442e-04 7.0144719e-04
2.6669670e+01 5.9843557e-05 3.3272904e-04 6.6895431e-04
2.6693694e+01 5.6667276e-05 3.1729757e-04 6.3812050e-04
2.6717718e+01 5.3622438e-05 3.0247930e-04 6.0855501e-04
2.6741742e+01 5.0746698e-05 2.8828598e-04 5.8034736e-04
2.6765766e+01 4.8037571e-05 2.7478059e-04 5.5362043e-04
2.6789790e+01 4.5453851e-05 2.6187746e-04 5.2785350e-04
2.6813814e+01 4.2980250e-05 2.4941590e-04 5.0311569e-04
2.6837838e+01 4.0646413e-05 2.3753070e-04 4.7961299e-04
2.6861862e+01 3.8431949e-05 2.2619770e-04 4.5676318e-04
2.6885886e+01 3.6315703e-05 2.1532277e-04 4.3512327e-04
2.6909910e+01 3.4336390e-05 2.0496593e-04 4.1414601e-04
2.6933934e+01 3.2457529e-05 1.9508482e-04 3.9416306e-04
2.6957958e+01 3.0660699e-05 1.8562423e-04 3.7528031e-04
2.6981982e+01 2.8961463e-05 1.7661004e-04 3.5717582e-04
2.7006006e+01 2.7345576e-05 1.6798391e-04 3.3988347e-04
2.7030030e+01 2.5805262e-05 1.5972302e-04 3.2329848e-04
2.7054054e+01 2.4355142e-05 1.5186676e-04 3.0749428e-04
2.7078078e+01 2.2993288e-05 1.4430717e-04 2.9245536e-04
2.7102102e+01 2.1681012e-05 1.3713570e-04 2.7805079e-04
2.7126126e+01 2.0452559e-05 1.3026695e-04 2.6432417e-04
2.7150150e+01 1.9278881e-05 1.2373454e-04 2.5125163e-04
2.7174174e+01 1.8175837e-05 1.1751002e-04 2.3870788e-04
2.7198198e+01 1.7132268e-05 1.1160523e-04 2.2672028e-04
2.7222222e+01 1.6145383e-05 1.0599380e-04 2.1527353e-04
2.7246246e+01 1.5221391e-05 1.0058768e-04 2.0438243e-04
2.7270270e+01 1.4335547e-05 9.5441539e-05 1.9399911e-04
2.7294294e+01 1.3504581e-05 9.0564655e-05 1.8412668e-04
2.7318318e+01 1.2715590e-05 8.5896166e-05 1.7471685e-04
2.7342342e+01 1.1968656e-05 8.1454024e-05 1.6572518e-04
2.7366366e+01 1.1271043e-05 7.7204369e-05 1.5714130e-04
2.7390390e+01 1.0608103e-05 7.3170177e-05 1.4903805e-04
2.7414414e+01 9.9851295e-06 6.9343447e-05 1.4127074e-04
2.7438438e+01 9.3908236e-06 6.5712939e-05 1.3392761e-04
2.7462462e+01 8.8352381e-06 6.2238875e-05 1.2688664e-04
2.7486486e+01 8.3068771e-06 5.8915808e-05 1.2018463e-04
2.7510511e+01 7.8093537e-06 5.5793105e-05 1.1386171e-04
2.7534535e+01 7.3393252e-06 5.2821751e-05 1.0780600e-04
2.7558559e+01 6.8982708e-06 5.0007521e-05 1.0206087e-04
2.7582583e+01 6.4798101e-06 4.7328527e-05 9.6660715e-05
2.7606607e+01 6.0850787e-06 4.4791447e-05 9.1492148e-05
2.7630631e+01 5.7151765e-06 4.2363816e-05 8.6583577e-05
2.7654655e+01 5.3667237e-06 4.0055952e-05 8.1937220e-05
2.7678679e+01 5.0391361e-06 3.7867048e-05 7.7504961e-05
2.7702703e+01 4.7298636e-06 3.5790833e-05 7.3314614e-05
2.7726727e+01 4.4375484e-06 3.3824680e-05 6.9315568e-05
2.7750751e+01 4.1637223e-06 3.1979275e-05 6.5499786e-05
2.7774775e+01 3.9061401e-06 3.0215287e-05 6.1886664e-05
2.7798799e+01 3.6637786e-06 2.8533709e-05 5.8484077e-05
2.7822823e+01 3.4362228e-06 2.6943572e-05 5.5246377e-05
2.7846847e+01 3.2211904e-06 2.5429900e-05 5.2190360e-05
2.7870871e+01 3.0195262e-06 2.3996754e-05 4.9273145e-05
2.7894895e+01 2.8297439e-06 2.2649907e-05 4.6515472e-05
2.7918919e+01 2.6510457e-06 2.1375254e-05 4.3905771e-05
2.7942943e+01 2.4831532e-06 2.0163409e-05 4.1434197e-05
2.7966967e+01 2.3256152e-06 1.9016310e-05 3.9098379e-05
2.7990991e+01 2.1777489e-06 1.7930689e-05 3.6902226e-05
2.8015015e+01 2.0383566e-06 1.6905672e-05 3.4805168e-05
2.8039039e+01 1.9076211e-06 1.5936904e-05 3.2819965e-05
2.8063063e+01 1.7845085e-06 1.5023259e-05 3.0938016e-05
2.8087087e+01 1.6693633e-06 1.4154382e-05 2.9162593e-05
2.8111111e+01 1.5616263e-06 1.3329763e-05 2.7473694e-05
2.8135135e+01 1.4603836e-06 1.2555642e-05 2.5891953e-05
2.8159159e+01 1.3653849e-06 1.1821704e-05 2.4381417e-05
2.8183183e+01 1.2760492e-06 1.1128608e-05 2.2965479e-05
2.8207207e+01 1.1924037e-06 1.0469952e-05 2.1620589e-05
2.8231231e+01 1.1140432e-06 9.8519920e-06 2.0357752e-05
2.8255255e+01 1.0407113e-06 9.2668371e-06 1.9157716e-05
2.8279279e+01 9.7197481e-07 8.7158701e-06 1.8032600e-05
2.8303303e+01 9.0775133e-07 8.1959165e-06 1.6966582e-05
2.8327327e+01 8.4728295e-07 7.7046219e-06 1.5955660e-05
2.8351351e+01 7.9101655e-07 7.2411639e-06 1.5009479e-05
2.8375375e+01 7.3818787e-07 6.8064446e-06 1.4114281e-05
2.8399399e+01 6.8894950e-07 6.3965677e-06 1.3261210e-05
2.8423423e+01 6.4279663e-07 6.0065874e-06 1.2462649e-05
2.8447447e+01 5.9943423e-07 5.6419193e-06 1.1703372e-05
2.8471471e+01 5.5904909e-07 5.2984650e-06 1.0991144e-05
2.8495495e+01 5.2125413e-07 4.9721141e-06 1.0324097e-05
2.8519520e+01 4.8582405e-07 4.6647210e-06 9.6942888e-06
2.8543544e+01 4.5267071e-07 4.3760606e-06 9.1034311e-06
2.8567568e+01 4.2171656e-07 4.1074369e-06 8.5433899e-06
2.8591592e+01 3.9280229e-07 3.8518597e-06 8.0166768e-06
2.8615616e+01 3.6576444e-07 3.6125848e-06 7.5218340e-06
2.8639640e+01 3.4044545e-07 3.3864610e-06 7.0555987e-06
2.8663664e+01 3.1683302e-07 3.1753545e-06 6.6193258e-06
2.8687688e+01 2.9480550e-07 2.9762086e-06 6.2069586e-06
2.8711712e+01 2.7434310e-07 2.7884739e-06 5.8180614e-06
2.8735736e+01 2.5518722e-07 2.6117658e-06 5.4528835e-06
2.8759760e+01 2.3737446e-07 2.4462162e-06 5.1086404e-06
2.8783784e+01 2.2072845e-07 2.2904832e-06 4.7840599e-06
2.8807808e+01 2.0519370e-07 2.1439816e-06 4.4794323e-06
2.8831832e+01 1.9072381e-07 2.0063878e-06 4.1938598e-06
2.8855856e+01 1.7724025e-07 1.8778325e-06 3.9247487e-06
2.8879880e+01 1.6467649e-07 1.7573884e-06 3.6730826e-06
2.8903904e+01 1.5295345e-07 1.6437433e-06 3.4382293e-06
2.8927928e+01 1.4204888e-07 1.5371439e-06 3.2165267e-06
2.8951952e+01 1.3190374e-07 1.4371558e-06 3.0092594e-06
2.8975976e+01 1.2246090e-07 1.3431478e-06 2.8147917e-06
2.9000000e+01 1.1366658e-07 1.2551523e-06 2.6315265e-06
