X KDE_INF KDE_MED KDE_SUP
-1.4000000e+01 2.6999179e-11 1.0525349e-04 1.5249378e-02
-1.3990991e+01 3.0395052e-11 1.0876118e-04 1.5316310e-02
-1.3981982e+01 3.4599619e-11 1.1113379e-04 1.5327077e-02
-1.3972973e+01 3.9077071e-11 1.1503178e-04 1.5381169e-02
-1.3963964e+01 4.4169677e-11 1.1775154e-04 1.5382385e-02
-1.3954955e+01 5.0219799e-11 1.2093711e-04 1.5389752e-02
-1.3945946e+01 5.6762854e-11 1.2394619e-04 1.5428552e-02
-1.3936937e+01 6.3048886e-11 1.2770981e-04 1.5457730e-02
-1.3927928e+01 7.1404095e-11 1.3182027e-04 1.5520408e-02
-1.3918919e+01 8.0412916e-11 1.3461994e-04 1.5559056e-02
-1.3909910e+01 9.0011929e-11 1.3940559e-04 1.5570060e-02
-1.3900901e+01 1.0118754e-10 1.4319436e-04 1.5584447e-02
-1.3891892e+01 1.1318712e-10 1.4914668e-04 1.5561310e-02
-1.3882883e+01 1.2769695e-10 1.5345097e-04 1.5570149e-02
-1.3873874e+01 1.4425822e-10 1.5781492e-04 1.5575661e-02
-1.3864865e+01 1.6244248e-10 1.6190403e-04 1.5583697e-02
-1.3855856e+01 1.8438318e-10 1.6775020e-04 1.5596522e-02
-1.3846847e+01 2.0522806e-10 1.7420065e-04 1.5654168e-02
-1.3837838e+01 2.2895044e-10 1.8003094e-04 1.5686598e-02
-1.3828829e+01 2.5735834e-10 1.8299070e-04 1.5709524e-02
-1.3819820e+01 2.8737371e-10 1.8457531e-04 1.5745141e-02
-1.3810811e+01 3.2157168e-10 1.8948188e-04 1.5778358e-02
-1.3801802e+01 3.6072826e-10 1.9743936e-04 1.5827662e-02
-1.3792793e+01 4.0557464e-10 2.0257200e-04 1.5894355e-02
-1.3783784e+01 4.5447964e-10 2.0910336e-04 1.5914034e-02
-1.3774775e+01 5.1094853e-10 2.1522003e-04 1.5956416e-02
-1.3765766e+01 5.7835800e-10 2.2010051e-04 1.5987232e-02
-1.3756757e+01 6.4872633e-10 2.2637755e-04 1.6016005e-02
-1.3747748e+01 7.2049300e-10 2.3224153e-04 1.6069449e-02
-1.3738739e+01 8.0853691e-10 2.3757315e-04 1.6085076e-02
-1.3729730e+01 9.0752048e-10 2.4204915e-04 1.6081604e-02
-1.3720721e+01 1.0053834e-09 2.4918956e-04 1.6104583e-02
-1.3711712e+01 1.1313976e-09 2.5707297e-04 1.6129952e-02
-1.3702703e+01 1.2629409e-09 2.6350154e-04 1.6159130e-02
-1.3693694e+01 1.4167428e-09 2.7286411e-04 1.6177273e-02
-1.3684685e+01 1.5889864e-09 2.8078305e-04 1.6172478e-02
-1.3675676e+01 1.7837703e-09 2.8954590e-04 1.6184980e-02
-1.3666667e+01 1.9909872e-09 2.9611666e-04 1.6219401e-02
-1.3657658e+01 2.2252408e-09 3.0443829e-04 1.6245910e-02
-1.3648649e+01 2.4884778e-09 3.1096730e-04 1.6255877e-02
-1.3639640e+01 2.7260039e-09 3.2078598e-04 1.6297423e-02
-1.3630631e+01 2.9992814e-09 3.2671029e-04 1.6342709e-02
-1.3621622e+01 3.3807667e-09 3.3390372e-04 1.6383797e-02
-1.3612613e+01 3.7683447e-09 3.4350853e-04 1.6407977e-02
-1.3603604e+01 4.1425463e-09 3.5254880e-04 1.6447281e-02
-1.3594595e+01 4.6312900e-09 3.6024872e-04 1.6474454e-02
-1.3585586e+01 5.1540706e-09 3.6756063e-04 1.6509184e-02
-1.3576577e+01 5.7358611e-09 3.7354218e-04 1.6517523e-02
-1.3567568e+01 6.3477303e-09 3.8104070e-04 1.6539492e-02
-1.3558559e+01 7.0222391e-09 3.8899896e-04 1.6566251e-02
-1.3549550e+01 7.7908638e-09 3.9843851e-04 1.6588748e-02
-1.3540541e+01 8.6126401e-09 4.1265364e-04 1.6616363e-02
-1.3531532e+01 9.5861583e-09 4.2296365e-04 1.6629765e-02
-1.3522523e+01 1.0687161e-08 4.3320157e-04 1.6650981e-02
-1.3513514e+01 1.1836616e-08 4.4584364e-04 1.6674452e-02
-1.3504505e+01 1.3184831e-08 4.5557731e-04 1.6694373e-02
-1.3495495e+01 1.4680826e-08 4.6728241e-04 1.6710808e-02
-1.3486486e+01 1.6349660e-08 4.7783719e-04 1.6739647e-02
-1.3477477e+01 1.8301630e-08 4.8922455e-04 1.6744268e-02
-1.3468468e+01 2.0140313e-08 4.9840529e-04 1.6741293e-02
-1.3459459e+01 2.2214939e-08 5.1489151e-04 1.6759732e-02
-1.3450450e+01 2.4527090e-08 5.2280224e-04 1.6777546e-02
-1.3441441e+01 2.6970831e-08 5.3029073e-04 1.6790777e-02
-1.3432432e+01 2.9894864e-08 5.4255662e-04 1.6803034e-02
-1.3423423e+01 3.2896680e-08 5.5438834e-04 1.6816098e-02
-1.3414414e+01 3.6414071e-08 5.6806955e-04 1.6823833e-02
-1.3405405e+01 4.0252891e-08 5.8420455e-04 1.6828806e-02
-1.3396396e+01 4.4581478e-08 5.9831313e-04 1.6834854e-02
-1.3387387e+01 4.9013004e-08 6.1365219e-04 1.6835369e-02
-1.3378378e+01 5.4111082e-08 6.3087409e-04 1.6835668e-02
-1.3369369e+01 5.9288812e-08 6.4490018e-04 1.6841591e-02
-1.3360360e+01 6.5113905e-08 6.5683248e-04 1.6853515e-02
-1.3351351e+01 7.1555068e-08 6.8110894e-04 1.6857186e-02
-1.3342342e+01 7.8545385e-08 7.0078668e-04 1.6864295e-02
-1.3333333e+01 8.6004497e-08 7.1115323e-04 1.6851349e-02
-1.3324324e+01 9.4676706e-08 7.2623932e-04 1.6859163e-02
-1.3315315e+01 1.0477594e-07 7.3874896e-04 1.6890823e-02
-1.3306306e+01 1.1573251e-07 7.5256762e-04 1.6932326e-02
-1.3297297e+01 1.2762865e-07 7.7277895e-04 1.6968007e-02
-1.3288288e+01 1.4071882e-07 7.9465220e-04 1.7027925e-02
-1.3279279e+01 1.5506685e-07 8.1102162e-04 1.7085309e-02
-1.3270270e+01 1.7009599e-07 8.2515577e-04 1.7115855e-02
-1.3261261e+01 1.8837355e-07 8.4698868e-04 1.7159116e-02
-1.3252252e+01 2.0525081e-07 8.6883053e-04 1.7194292e-02
-1.3243243e+01 2.2562510e-07 8.8337942e-04 1.7215702e-02
-1.3234234e+01 2.4819728e-07 9.0211886e-04 1.7361160e-02
-1.3225225e+01 2.7308535e-07 9.2081469e-04 1.7388758e-02
-1.3216216e+01 2.9877995e-07 9.4235233e-04 1.7511787e-02
-1.3207207e+01 3.2682808e-07 9.6309572e-04 1.7546416e-02
-1.3198198e+01 3.5778105e-07 9.8586625e-04 1.7579278e-02
-1.3189189e+01 3.9331080e-07 1.0093983e-03 1.7631642e-02
-1.3180180e+01 4.3220279e-07 1.0368539e-03 1.7669959e-02
-1.3171171e+01 4.7150514e-07 1.0610492e-03 1.7714539e-02
-1.3162162e+01 5.1409038e-07 1.0799496e-03 1.7807888e-02
-1.3153153e+01 5.6212255e-07 1.1081785e-03 1.7890521e-02
-1.3144144e+01 6.1815196e-07 1.1341624e-03 1.7987298e-02
-1.3135135e+01 6.7532286e-07 1.1571669e-03 1.8087368e-02
-1.3126126e+01 7.3770146e-07 1.1748888e-03 1.8149492e-02
-1.3117117e+01 8.0710584e-07 1.2060994e-03 1.8209350e-02
-1.3108108e+01 8.8107167e-07 1.2293111e-03 1.8349807e-02
-1.3099099e+01 9.5895260e-07 1.2477563e-03 1.8398146e-02
-1.3090090e+01 1.0518223e-06 1.2659852e-03 1.8451078e-02
-1.3081081e+01 1.1518917e-06 1.2858010e-03 1.8497882e-02
-1.3072072e+01 1.2582188e-06 1.3006386e-03 1.8640972e-02
-1.3063063e+01 1.3759181e-06 1.3363554e-03 1.8716753e-02
-1.3054054e+01 1.5003346e-06 1.3739601e-03 1.8805736e-02
-1.3045045e+01 1.6224753e-06 1.3906293e-03 1.8823820e-02
-1.3036036e+01 1.7671857e-06 1.4191761e-03 1.8926819e-02
-1.3027027e+01 1.9141459e-06 1.4370067e-03 1.8940348e-02
-1.3018018e+01 2.0813057e-06 1.4688287e-03 1.9021633e-02
-1.3009009e+01 2.2640595e-06 1.4904615e-03 1.9113656e-02
-1.3000000e+01 2.4757725e-06 1.5228436e-03 1.9099495e-02
-1.2990991e+01 2.6938542e-06 1.5602034e-03 1.9184501e-02
-1.2981982e+01 2.9320442e-06 1.5897057e-03 1.9225421e-02
-1.2972973e+01 3.1992376e-06 1.6253397e-03 1.9371313e-02
-1.2963964e+01 3.4639869e-06 1.6514762e-03 1.9405111e-02
-1.2954955e+01 3.7659243e-06 1.6935712e-03 1.9455968e-02
-1.2945946e+01 4.0988567e-06 1.7258177e-03 1.9524613e-02
-1.2936937e+01 4.4619824e-06 1.7502120e-03 1.9576257e-02
-1.2927928e+01 4.8445349e-06 1.7934617e-03 1.9713387e-02
-1.2918919e+01 5.2383468e-06 1.8278676e-03 1.9848461e-02
-1.2909910e+01 5.7106411e-06 1.8653790e-03 1.9958412e-02
-1.2900901e+01 6.1815182e-06 1.9061673e-03 2.0010112e-02
-1.2891892e+01 6.6942053e-06 1.9369369e-03 2.0095570e-02
-1.2882883e+01 7.2742639e-06 1.9744900e-03 2.0209925e-02
-1.2873874e+01 7.8655463e-06 2.0226418e-03 2.0334981e-02
-1.2864865e+01 8.5336806e-06 2.0669933e-03 2.0460426e-02
-1.2855856e+01 9.2730847e-06 2.1165942e-03 2.0459489e-02
-1.2846847e+01 1.0056378e-05 2.1711579e-03 2.0559379e-02
-1.2837838e+01 1.0869837e-05 2.1984788e-03 2.0601977e-02
-1.2828829e+01 1.1740607e-05 2.2432961e-03 2.0690730e-02
-1.2819820e+01 1.2740650e-05 2.2876755e-03 2.0774091e-02
-1.2810811e+01 1.3783623e-05 2.3223766e-03 2.0886389e-02
-1.2801802e+01 1.4901781e-05 2.3770027e-03 2.1003883e-02
-1.2792793e+01 1.6117237e-05 2.4263618e-03 2.1134833e-02
-1.2783784e+01 1.7417374e-05 2.4746985e-03 2.1284285e-02
-1.2774775e+01 1.8849897e-05 2.5010891e-03 2.1414569e-02
-1.2765766e+01 2.0377873e-05 2.5478604e-03 2.1493535e-02
-1.2756757e+01 2.1939884e-05 2.6041524e-03 2.1546336e-02
-1.2747748e+01 2.3629710e-05 2.6346430e-03 2.1599231e-02
-1.2738739e+01 2.5458870e-05 2.6610681e-03 2.1776674e-02
-1.2729730e+01 2.7438098e-05 2.6953338e-03 2.1902828e-02
-1.2720721e+01 2.9670678e-05 2.7516105e-03 2.2030058e-02
-1.2711712e+01 3.2048001e-05 2.7952078e-03 2.2123758e-02
-1.2702703e+01 3.4568873e-05 2.8438171e-03 2.2209253e-02
-1.2693694e+01 3.7231746e-05 2.9021829e-03 2.2263567e-02
-1.2684685e+01 4.0206608e-05 2.9574069e-03 2.2375079e-02
-1.2675676e+01 4.3306475e-05 2.9905921e-03 2.2552881e-02
-1.2666667e+01 4.6531186e-05 3.0378807e-03 2.2672515e-02
-1.2657658e+01 5.0094288e-05 3.0904821e-03 2.2749141e-02
-1.2648649e+01 5.3957153e-05 3.1374821e-03 2.2837999e-02
-1.2639640e+01 5.8063986e-05 3.1937553e-03 2.2975047e-02
-1.2630631e+01 6.2206528e-05 3.2581310e-03 2.3097200e-02
-1.2621622e+01 6.6524856e-05 3.2853603e-03 2.3267408e-02
-1.2612613e+01 7.1404108e-05 3.3583377e-03 2.3313521e-02
-1.2603604e+01 7.6437411e-05 3.3962359e-03 2.3431364e-02
-1.2594595e+01 8.1908634e-05 3.4455135e-03 2.3492013e-02
-1.2585586e+01 8.7858604e-05 3.5028189e-03 2.3547010e-02
-1.2576577e+01 9.4236801e-05 3.5595914e-03 2.3670010e-02
-1.2567568e+01 1.0105789e-04 3.6123472e-03 2.3760643e-02
-1.2558559e+01 1.0855151e-04 3.7003035e-03 2.3866978e-02
-1.2549550e+01 1.1678166e-04 3.7585710e-03 2.3972196e-02
-1.2540541e+01 1.2496517e-04 3.8192575e-03 2.4131067e-02
-1.2531532e+01 1.3364298e-04 3.9039333e-03 2.4227489e-02
-1.2522523e+01 1.4314143e-04 3.9695527e-03 2.4391236e-02
-1.2513514e+01 1.5303953e-04 4.0414108e-03 2.4501029e-02
-1.2504505e+01 1.6352045e-04 4.1073280e-03 2.4650633e-02
-1.2495495e+01 1.7479770e-04 4.1938486e-03 2.4752766e-02
-1.2486486e+01 1.8641384e-04 4.2724938e-03 2.4866711e-02
-1.2477477e+01 1.9920974e-04 4.3724352e-03 2.4987483e-02
-1.2468468e+01 2.1228600e-04 4.4402463e-03 2.5104436e-02
-1.2459459e+01 2.2602061e-04 4.5183972e-03 2.5257123e-02
-1.2450450e+01 2.4086022e-04 4.6050822e-03 2.5423045e-02
-1.2441441e+01 2.5727298e-04 4.6986049e-03 2.5569977e-02
-1.2432432e+01 2.7395379e-04 4.7705427e-03 2.5752299e-02
-1.2423423e+01 2.9111672e-04 4.8553642e-03 2.5851476e-02
-1.2414414e+01 3.0957251e-04 4.9419696e-03 2.5991624e-02
-1.2405405e+01 3.2936218e-04 5.0438476e-03 2.6143428e-02
-1.2396396e+01 3.5037524e-04 5.1664642e-03 2.6315697e-02
-1.2387387e+01 3.7216785e-04 5.2705716e-03 2.6425936e-02
-1.2378378e+01 3.9483180e-04 5.3752141e-03 2.6584671e-02
-1.2369369e+01 4.1926387e-04 5.5085813e-03 2.6722017e-02
-1.2360360e+01 4.4667358e-04 5.6076957e-03 2.6790294e-02
-1.2351351e+01 4.7539969e-04 5.7139129e-03 2.7012095e-02
-1.2342342e+01 5.0503288e-04 5.8435122e-03 2.7216203e-02
-1.2333333e+01 5.3501592e-04 5.9723062e-03 2.7390934e-02
-1.2324324e+01 5.6790592e-04 6.0669372e-03 2.7577801e-02
-1.2315315e+01 6.0387200e-04 6.2038129e-03 2.7786992e-02
-1.2306306e+01 6.4080456e-04 6.3420722e-03 2.7986957e-02
-1.2297297e+01 6.7867375e-04 6.4716765e-03 2.8171168e-02
-1.2288288e+01 7.1781504e-04 6.6010179e-03 2.8373584e-02
-1.2279279e+01 7.5848721e-04 6.7333963e-03 2.8497610e-02
-1.2270270e+01 8.0398320e-04 6.8626267e-03 2.8735060e-02
-1.2261261e+01 8.5127643e-04 6.9911912e-03 2.8944132e-02
-1.2252252e+01 9.0221259e-04 7.1332920e-03 2.9126025e-02
-1.2243243e+01 9.5516964e-04 7.2872213e-03 2.9335210e-02
-1.2234234e+01 1.0105611e-03 7.4452710e-03 2.9421043e-02
-1.2225225e+01 1.0680772e-03 7.6235327e-03 2.9588142e-02
-1.2216216e+01 1.1292148e-03 7.8136652e-03 2.9788945e-02
-1.2207207e+01 1.1947709e-03 8.0001270e-03 3.0033004e-02
-1.2198198e+01 1.2631873e-03 8.1601991e-03 3.0222666e-02
-1.2189189e+01 1.3333513e-03 8.3501373e-03 3.0435613e-02
-1.2180180e+01 1.4100138e-03 8.5586040e-03 3.0629391e-02
-1.2171171e+01 1.4899862e-03 8.7616300e-03 3.0841285e-02
-1.2162162e+01 1.5732370e-03 8.9520843e-03 3.1056917e-02
-1.2153153e+01 1.6633387e-03 9.1804434e-03 3.1197056e-02
-1.2144144e+01 1.7504680e-03 9.4061977e-03 3.1458486e-02
-1.2135135e+01 1.8433181e-03 9.6159507e-03 3.1684177e-02
-1.2126126e+01 1.9398526e-03 9.8492056e-03 3.1869149e-02
-1.2117117e+01 2.0475932e-03 1.0077746e-02 3.2079214e-02
-1.2108108e+01 2.1563875e-03 1.0320531e-02 3.2326447e-02
-1.2099099e+01 2.2679501e-03 1.0584984e-02 3.2534427e-02
-1.2090090e+01 2.3844004e-03 1.0845206e-02 3.2808660e-02
-1.2081081e+01 2.5066830e-03 1.1092505e-02 3.3074604e-02
-1.2072072e+01 2.6346456e-03 1.1347866e-02 3.3302059e-02
-1.2063063e+01 2.7640741e-03 1.1629496e-02 3.3537760e-02
-1.2054054e+01 2.8949208e-03 1.1943849e-02 3.3793902e-02
-1.2045045e+01 3.0421833e-03 1.2258055e-02 3.4032711e-02
-1.2036036e+01 3.1962522e-03 1.2553592e-02 3.4316281e-02
-1.2027027e+01 3.3558551e-03 1.2876716e-02 3.4555102e-02
-1.2018018e+01 3.5188995e-03 1.3187535e-02 3.4855311e-02
-1.2009009e+01 3.6924404e-03 1.3556225e-02 3.5156291e-02
-1.2000000e+01 3.8752469e-03 1.3881195e-02 3.5488244e-02
-1.1990991e+01 4.0639939e-03 1.4194050e-02 3.5846772e-02
-1.1981982e+01 4.2713151e-03 1.4517390e-02 3.6218096e-02
-1.1972973e+01 4.4774577e-03 1.4891913e-02 3.6542133e-02
-1.1963964e+01 4.6956425e-03 1.5278508e-02 3.6931379e-02
-1.1954955e+01 4.9184352e-03 1.5646877e-02 3.7276712e-02
-1.1945946e+01 5.1515027e-03 1.6057715e-02 3.7641934e-02
-1.1936937e+01 5.3850935e-03 1.6443306e-02 3.8081334e-02
-1.1927928e+01 5.6396016e-03 1.6850402e-02 3.8579678e-02
-1.1918919e+01 5.8950136e-03 1.7239749e-02 3.9112062e-02
-1.1909910e+01 6.1609612e-03 1.7665335e-02 3.9663615e-02
-1.1900901e+01 6.4406523e-03 1.8062164e-02 4.0169553e-02
-1.1891892e+01 6.7399535e-03 1.8458092e-02 4.0691110e-02
-1.1882883e+01 7.0532651e-03 1.8908975e-02 4.1247510e-02
-1.1873874e+01 7.3656196e-03 1.9375688e-02 4.1748843e-02
-1.1864865e+01 7.6950805e-03 1.9874327e-02 4.2431576e-02
-1.1855856e+01 8.0345797e-03 2.0370166e-02 4.3044730e-02
-1.1846847e+01 8.3879861e-03 2.0912368e-02 4.3674570e-02
-1.1837838e+01 8.7486685e-03 2.1427978e-02 4.4279849e-02
-1.1828829e+01 9.1335392e-03 2.1982106e-02 4.4912679e-02
-1.1819820e+01 9.5049455e-03 2.2575548e-02 4.5614131e-02
-1.1810811e+01 9.9158497e-03 2.3150213e-02 4.6292127e-02
-1.1801802e+01 1.0333254e-02 2.3728532e-02 4.7016610e-02
-1.1792793e+01 1.0760052e-02 2.4365858e-02 4.7789495e-02
-1.1783784e+01 1.1213597e-02 2.5019637e-02 4.8554615e-02
-1.1774775e+01 1.1656873e-02 2.5678259e-02 4.9364664e-02
-1.1765766e+01 1.2103468e-02 2.6331892e-02 5.0231552e-02
-1.1756757e+01 1.2589698e-02 2.7063737e-02 5.1054369e-02
-1.1747748e+01 1.3091044e-02 2.7795637e-02 5.1864905e-02
-1.1738739e+01 1.3589299e-02 2.8478867e-02 5.2678168e-02
-1.1729730e+01 1.4134094e-02 2.9242951e-02 5.3625441e-02
-1.1720721e+01 1.4674853e-02 3.0031610e-02 5.4540984e-02
-1.1711712e+01 1.5250684e-02 3.0833273e-02 5.5457961e-02
-1.1702703e+01 1.5816378e-02 3.1651655e-02 5.6412856e-02
-1.1693694e+01 1.6395302e-02 3.2514059e-02 5.7372519e-02
-1.1684685e+01 1.7022414e-02 3.3371784e-02 5.8439193e-02
-1.1675676e+01 1.7667192e-02 3.4282481e-02 5.9423610e-02
-1.1666667e+01 1.8338149e-02 3.5197265e-02 6.0526777e-02
-1.1657658e+01 1.8991010e-02 3.6124993e-02 6.1663618e-02
-1.1648649e+01 1.9663082e-02 3.7090772e-02 6.2864168e-02
-1.1639640e+01 2.0377097e-02 3.8094400e-02 6.4050745e-02
-1.1630631e+01 2.1087517e-02 3.9113657e-02 6.5334070e-02
-1.1621622e+01 2.1842367e-02 4.0156091e-02 6.6598881e-02
-1.1612613e+01 2.2556798e-02 4.1211745e-02 6.7948887e-02
-1.1603604e+01 2.3396541e-02 4.2320173e-02 6.9206739e-02
-1.1594595e+01 2.4199743e-02 4.3433124e-02 7.0491290e-02
-1.1585586e+01 2.5028284e-02 4.4526027e-02 7.1909819e-02
-1.1576577e+01 2.5843638e-02 4.5665172e-02 7.3302553e-02
-1.1567568e+01 2.6735107e-02 4.6811057e-02 7.4734012e-02
-1.1558559e+01 2.7648392e-02 4.7999381e-02 7.6232781e-02
-1.1549550e+01 2.8576759e-02 4.9220447e-02 7.7624328e-02
-1.1540541e+01 2.9536200e-02 5.0471559e-02 7.9170303e-02
-1.1531532e+01 3.0519101e-02 5.1726285e-02 8.0740572e-02
-1.1522523e+01 3.1527819e-02 5.3046693e-02 8.2308802e-02
-1.1513514e+01 3.2591932e-02 5.4361144e-02 8.3833276e-02
-1.1504505e+01 3.3648055e-02 5.5749594e-02 8.5460737e-02
-1.1495495e+01 3.4761577e-02 5.7127745e-02 8.7103885e-02
-1.1486486e+01 3.5872139e-02 5.8555837e-02 8.8827137e-02
-1.1477477e+01 3.7038800e-02 6.0026346e-02 9.0634973e-02
-1.1468468e+01 3.8253642e-02 6.1552218e-02 9.2443130e-02
-1.1459459e+01 3.9490091e-02 6.3157187e-02 9.4307670e-02
-1.1450450e+01 4.0745192e-02 6.4788949e-02 9.6157737e-02
-1.1441441e+01 4.2054269e-02 6.6433607e-02 9.8009785e-02
-1.1432432e+01 4.3372011e-02 6.8066313e-02 9.9894948e-02
-1.1423423e+01 4.4677909e-02 6.9744185e-02 1.0187678e-01
-1.1414414e+01 4.6060161e-02 7.1454082e-02 1.0380741e-01
-1.1405405e+01 4.7482432e-02 7.3206082e-02 1.0592384e-01
-1.1396396e+01 4.8951089e-02 7.5034622e-02 1.0801752e-01
-1.1387387e+01 5.0458335e-02 7.6885593e-02 1.1025990e-01
-1.1378378e+01 5.1979652e-02 7.8776375e-02 1.1242356e-01
-1.1369369e+01 5.3520712e-02 8.0713872e-02 1.1463711e-01
-1.1360360e+01 5.5135032e-02 8.2635592e-02 1.1687165e-01
-1.1351351e+01 5.6827771e-02 8.4622751e-02 1.1916046e-01
-1.1342342e+01 5.8515485e-02 8.6656337e-02 1.2151436e-01
-1.1333333e+01 6.0253871e-02 8.8723141e-02 1.2388072e-01
-1.1324324e+01 6.2035846e-02 9.0833446e-02 1.2633673e-01
-1.1315315e+01 6.3834557e-02 9.2969289e-02 1.2883410e-01
-1.1306306e+01 6.5697251e-02 9.5246849e-02 1.3144516e-01
-1.1297297e+01 6.7573754e-02 9.7524702e-02 1.3399757e-01
-1.1288288e+01 6.9552835e-02 9.9813841e-02 1.3669455e-01
-1.1279279e+01 7.1508642e-02 1.0213306e-01 1.3934326e-01
-1.1270270e+01 7.3472644e-02 1.0456111e-01 1.4213323e-01
-1.1261261e+01 7.5543631e-02 1.0700893e-01 1.4486416e-01
-1.1252252e+01 7.7656493e-02 1.0948627e-01 1.4775109e-01
-1.1243243e+01 7.9824219e-02 1.1197572e-01 1.5065139e-01
-1.1234234e+01 8.2062274e-02 1.1460387e-01 1.5354341e-01
-1.1225225e+01 8.4370366e-02 1.1719760e-01 1.5654918e-01
-1.1216216e+01 8.6755208e-02 1.1988962e-01 1.5945513e-01
-1.1207207e+01 8.9051145e-02 1.2263005e-01 1.6243670e-01
-1.1198198e+01 9.1478773e-02 1.2546036e-01 1.6548346e-01
-1.1189189e+01 9.3947424e-02 1.2822675e-01 1.6866217e-01
-1.1180180e+01 9.6496718e-02 1.3117477e-01 1.7186946e-01
-1.1171171e+01 9.9086556e-02 1.3411632e-01 1.7514932e-01
-1.1162162e+01 1.0171797e-01 1.3708443e-01 1.7847785e-01
-1.1153153e+01 1.0440396e-01 1.4018407e-01 1.8185649e-01
-1.1144144e+01 1.0719406e-01 1.4328450e-01 1.8535662e-01
-1.1135135e+01 1.0997910e-01 1.4642157e-01 1.8887254e-01
-1.1126126e+01 1.1287484e-01 1.4960385e-01 1.9247511e-01
-1.1117117e+01 1.1580212e-01 1.5285617e-01 1.9613969e-01
-1.1108108e+01 1.1879132e-01 1.5620542e-01 2.0003030e-01
-1.1099099e+01 1.2187515e-01 1.5962431e-01 2.0383339e-01
-1.1090090e+01 1.2494247e-01 1.6311172e-01 2.0770536e-01
-1.1081081e+01 1.2817369e-01 1.6663664e-01 2.1167962e-01
-1.1072072e+01 1.3140717e-01 1.7021641e-01 2.1566950e-01
-1.1063063e+01 1.3468621e-01 1.7385667e-01 2.1957954e-01
-1.1054054e+01 1.3807407e-01 1.7761248e-01 2.2361921e-01
-1.1045045e+01 1.4145449e-01 1.8141488e-01 2.2776724e-01
-1.1036036e+01 1.4482702e-01 1.8533145e-01 2.3190693e-01
-1.1027027e+01 1.4841724e-01 1.8929147e-01 2.3620177e-01
-1.1018018e+01 1.5205272e-01 1.9323519e-01 2.4060737e-01
-1.1009009e+01 1.5581135e-01 1.9731911e-01 2.4495785e-01
-1.1000000e+01 1.5958116e-01 2.0147661e-01 2.4953121e-01
-1.0990991e+01 1.6351415e-01 2.0568319e-01 2.5402316e-01
-1.0981982e+01 1.6741214e-01 2.0997081e-01 2.5856228e-01
-1.0972973e+01 1.7125847e-01 2.1427785e-01 2.6318293e-01
-1.0963964e+01 1.7529553e-01 2.1866679e-01 2.6806999e-01
-1.0954955e+01 1.7941026e-01 2.2319693e-01 2.7292142e-01
-1.0945946e+01 1.8362568e-01 2.2777616e-01 2.7780149e-01
-1.0936937e+01 1.8776415e-01 2.3237282e-01 2.8277992e-01
-1.0927928e+01 1.9212162e-01 2.3703736e-01 2.8791280e-01
-1.0918919e+01 1.9647558e-01 2.4182280e-01 2.9297329e-01
-1.0909910e+01 2.0084532e-01 2.4675114e-01 2.9817865e-01
-1.0900901e+01 2.0540356e-01 2.5171420e-01 3.0350386e-01
-1.0891892e+01 2.1004385e-01 2.5668572e-01 3.0893156e-01
-1.0882883e+01 2.1474416e-01 2.6179222e-01 3.1429246e-01
-1.0873874e+01 2.1953617e-01 2.6699921e-01 3.1962725e-01
-1.0864865e+01 2.2442216e-01 2.7215580e-01 3.2521536e-01
-1.0855856e+01 2.2937367e-01 2.7751474e-01 3.3087400e-01
-1.0846847e+01 2.3449905e-01 2.8292039e-01 3.3654886e-01
-1.0837838e+01 2.3957395e-01 2.8851158e-01 3.4230314e-01
-1.0828829e+01 2.4468994e-01 2.9400386e-01 3.4828985e-01
-1.0819820e+01 2.4998907e-01 2.9961365e-01 3.5422152e-01
-1.0810811e+01 2.5521524e-01 3.0526114e-01 3.6019170e-01
-1.0801802e+01 2.6060194e-01 3.1115854e-01 3.6646044e-01
-1.0792793e+01 2.6617320e-01 3.1700358e-01 3.7269188e-01
-1.0783784e+01 2.7177016e-01 3.2302674e-01 3.7895320e-01
-1.0774775e+01 2.7754835e-01 3.2913971e-01 3.8540497e-01
-1.0765766e+01 2.8330972e-01 3.3531366e-01 3.9189968e-01
-1.0756757e+01 2.8921982e-01 3.4149970e-01 3.9834072e-01
-1.0747748e+01 2.9511233e-01 3.4782260e-01 4.0489448e-01
-1.0738739e+01 3.0103098e-01 3.5418067e-01 4.1163570e-01
-1.0729730e+01 3.0709283e-01 3.6063213e-01 4.1834057e-01
-1.0720721e+01 3.1326524e-01 3.6707855e-01 4.2505781e-01
-1.0711712e+01 3.1954238e-01 3.7369551e-01 4.3197849e-01
-1.0702703e+01 3.2584536e-01 3.8041847e-01 4.3883020e-01
-1.0693694e+01 3.3218021e-01 3.8716853e-01 4.4598011e-01
-1.0684685e+01 3.3858041e-01 3.9414456e-01 4.5305557e-01
-1.0675676e+01 3.4510266e-01 4.0102492e-01 4.6023020e-01
-1.0666667e+01 3.5164329e-01 4.0803616e-01 4.6745982e-01
-1.0657658e+01 3.5830998e-01 4.1505316e-01 4.7486991e-01
-1.0648649e+01 3.6505481e-01 4.2218258e-01 4.8229673e-01
-1.0639640e+01 3.7183841e-01 4.2936093e-01 4.8974195e-01
-1.0630631e+01 3.7884864e-01 4.3673538e-01 4.9736042e-01
-1.0621622e+01 3.8570227e-01 4.4416470e-01 5.0493327e-01
-1.0612613e+01 3.9266343e-01 4.5165062e-01 5.1264215e-01
-1.0603604e+01 3.9980791e-01 4.5911278e-01 5.2040852e-01
-1.0594595e+01 4.0697299e-01 4.6655667e-01 5.2809388e-01
-1.0585586e+01 4.1407888e-01 4.7414200e-01 5.3593450e-01
-1.0576577e+01 4.2131758e-01 4.8173312e-01 5.4376854e-01
-1.0567568e+01 4.2874353e-01 4.8944651e-01 5.5168107e-01
-1.0558559e+01 4.3629050e-01 4.9716515e-01 5.5949935e-01
-1.0549550e+01 4.4375846e-01 5.0479188e-01 5.6753244e-01
-1.0540541e+01 4.5113736e-01 5.1261605e-01 5.7569853e-01
-1.0531532e+01 4.5880221e-01 5.2073949e-01 5.8404131e-01
-1.0522523e+01 4.6638245e-01 5.2871122e-01 5.9221237e-01
-1.0513514e+01 4.7404246e-01 5.3664692e-01 6.0064056e-01
-1.0504505e+01 4.8176175e-01 5.4460988e-01 6.0901790e-01
-1.0495495e+01 4.8950270e-01 5.5271361e-01 6.1753350e-01
-1.0486486e+01 4.9733058e-01 5.6096259e-01 6.2594516e-01
-1.0477477e+01 5.0507079e-01 5.6912769e-01 6.3454893e-01
-1.0468468e+01 5.1297411e-01 5.7748292e-01 6.4303208e-01
-1.0459459e+01 5.2089910e-01 5.8579774e-01 6.5150356e-01
-1.0450450e+01 5.2882346e-01 5.9404751e-01 6.6005141e-01
-1.0441441e+01 5.3679221e-01 6.0221419e-01 6.6843703e-01
-1.0432432e+01 5.4474026e-01 6.1038214e-01 6.7712438e-01
-1.0423423e+01 5.5260284e-01 6.1864651e-01 6.8580090e-01
-1.0414414e+01 5.6043893e-01 6.2698159e-01 6.9429114e-01
-1.0405405e+01 5.6845689e-01 6.3524332e-01 7.0268893e-01
-1.0396396e+01 5.7624699e-01 6.4352012e-01 7.1115248e-01
-1.0387387e+01 5.8419530e-01 6.5164313e-01 7.1972594e-01
-1.0378378e+01 5.9215545e-01 6.5997598e-01 7.2845184e-01
-1.0369369e+01 6.0023129e-01 6.6829789e-01 7.3691122e-01
-1.0360360e+01 6.0834434e-01 6.7662039e-01 7.4551046e-01
-1.0351351e+01 6.1631064e-01 6.8478784e-01 7.5414234e-01
-1.0342342e+01 6.2448069e-01 6.9306937e-01 7.6267145e-01
-1.0333333e+01 6.3224949e-01 7.0135923e-01 7.7115056e-01
-1.0324324e+01 6.4021230e-01 7.0959852e-01 7.7966414e-01
-1.0315315e+01 6.4796183e-01 7.1769761e-01 7.8814000e-01
-1.0306306e+01 6.5584436e-01 7.2578715e-01 7.9649404e-01
-1.0297297e+01 6.6375445e-01 7.3395951e-01 8.0487163e-01
-1.0288288e+01 6.7148985e-01 7.4198506e-01 8.1317394e-01
-1.0279279e+01 6.7928013e-01 7.5016942e-01 8.2153137e-01
-1.0270270e+01 6.8695922e-01 7.5806804e-01 8.2941761e-01
-1.0261261e+01 6.9456408e-01 7.6597303e-01 8.3747429e-01
-1.0252252e+01 7.0225216e-01 7.7384330e-01 8.4561011e-01
-1.0243243e+01 7.0973354e-01 7.8163306e-01 8.5346115e-01
-1.0234234e+01 7.1731647e-01 7.8934688e-01 8.6126693e-01
-1.0225225e+01 7.2478942e-01 7.9686023e-01 8.6911252e-01
-1.0216216e+01 7.3207752e-01 8.0448404e-01 8.7670362e-01
-1.0207207e+01 7.3940559e-01 8.1208764e-01 8.8440556e-01
-1.0198198e+01 7.4648544e-01 8.1928183e-01 8.9187193e-01
-1.0189189e+01 7.5359225e-01 8.2644117e-01 8.9935892e-01
-1.0180180e+01 7.6054988e-01 8.3365971e-01 9.0647796e-01
-1.0171171e+01 7.6739976e-01 8.4079283e-01 9.1349897e-01
-1.0162162e+01 7.7437686e-01 8.4780596e-01 9.2043660e-01
-1.0153153e+01 7.8103236e-01 8.5465648e-01 9.2739792e-01
-1.0144144e+01 7.8770275e-01 8.6140709e-01 9.3421395e-01
-1.0135135e+01 7.9411591e-01 8.6808309e-01 9.4089239e-01
-1.0126126e+01 8.0039458e-01 8.7459708e-01 9.4742521e-01
-1.0117117e+01 8.0662845e-01 8.8095968e-01 9.5390662e-01
-1.0108108e+01 8.1261563e-01 8.8717178e-01 9.6026837e-01
-1.0099099e+01 8.1865163e-01 8.9343363e-01 9.6653832e-01
-1.0090090e+01 8.2468790e-01 8.9941484e-01 9.7275801e-01
-1.0081081e+01 8.3039854e-01 9.0514347e-01 9.7869504e-01
-1.0072072e+01 8.3597398e-01 9.1086670e-01 9.8465205e-01
-1.0063063e+01 8.4160317e-01 9.1642901e-01 9.9021487e-01
-1.0054054e+01 8.4684184e-01 9.2180992e-01 9.9572342e-01
-1.0045045e+01 8.5212794e-01 9.2703867e-01 1.0010154e+00
-1.0036036e+01 8.5698198e-01 9.3205976e-01 1.0062578e+00
-1.0027027e+01 8.6173199e-01 9.3687010e-01 1.0112465e+00
-1.0018018e+01 8.6620701e-01 9.4160350e-01 1.0158112e+00
-1.0009009e+01 8.7075017e-01 9.4611384e-01 1.0205056e+00
-1.0000000e+01 8.7508996e-01 9.5059462e-01 1.0250141e+00
-9.9909910e+00 8.7917246e-01 9.5472606e-01 1.0294740e+00
-9.9819820e+00 8.8303003e-01 9.5885841e-01 1.0334530e+00
-9.9729730e+00 8.8696377e-01 9.6275887e-01 1.0374112e+00
-9.9639640e+00 8.9069561e-01 9.6638199e-01 1.0413095e+00
-9.9549550e+00 8.9426200e-01 9.6983910e-01 1.0449390e+00
-9.9459459e+00 8.9765081e-01 9.7312074e-01 1.0482663e+00
-9.9369369e+00 9.0082312e-01 9.7636126e-01 1.0515904e+00
-9.9279279e+00 9.0361141e-01 9.7929559e-01 1.0547436e+00
-9.9189189e+00 9.0658400e-01 9.8206201e-01 1.0575987e+00
-9.9099099e+00 9.0915238e-01 9.8461220e-01 1.0602342e+00
-9.9009009e+00 9.1183295e-01 9.8703024e-01 1.0629093e+00
-9.8918919e+00 9.1389132e-01 9.8922379e-01 1.0650706e+00
-9.8828829e+00 9.1578654e-01 9.9104298e-01 1.0670470e+00
-9.8738739e+00 9.1747380e-01 9.9299225e-01 1.0689639e+00
-9.8648649e+00 9.1895491e-01 9.9462370e-01 1.0706215e+00
-9.8558559e+00 9.2035760e-01 9.9612072e-01 1.0720430e+00
-9.8468468e+00 9.2157194e-01 9.9728415e-01 1.0734158e+00
-9.8378378e+00 9.2241635e-01 9.9812520e-01 1.0742273e+00
-9.8288288e+00 9.2328657e-01 9.9893879e-01 1.0751966e+00
-9.8198198e+00 9.2384387e-01 9.9946120e-01 1.0758791e+00
-9.8108108e+00 9.2414594e-01 9.9975676e-01 1.0764308e+00
-9.8018018e+00 9.2421423e-01 9.9982132e-01 1.0766719e+00
-9.7927928e+00 9.2400092e-01 1.0000000e+00 1.0768447e+00
-9.7837838e+00 9.2371961e-01 9.9975923e-01 1.0767049e+00
-9.7747748e+00 9.2328912e-01 9.9938117e-01 1.0762744e+00
-9.7657658e+00 9.2266104e-01 9.9881978e-01 1.0756176e+00
-9.7567568e+00 9.2194007e-01 9.9796205e-01 1.0748557e+00
-9.7477477e+00 9.2097176e-01 9.9700622e-01 1.0740132e+00
-9.7387387e+00 9.1977471e-01 9.9578518e-01 1.0728945e+00
-9.7297297e+00 9.1843326e-01 9.9444144e-01 1.0714833e+00
-9.7207207e+00 9.1686352e-01 9.9277087e-01 1.0697864e+00
-9.7117117e+00 9.1490338e-01 9.9084615e-01 1.0682272e+00
-9.7027027e+00 9.1290040e-01 9.8897082e-01 1.0662140e+00
-9.6936937e+00 9.1060302e-01 9.8686398e-01 1.0642189e+00
-9.6846847e+00 9.0827200e-01 9.8439608e-01 1.0618239e+00
-9.6756757e+00 9.0585236e-01 9.8184950e-01 1.0592646e+00
-9.6666667e+00 9.0312911e-01 9.7917324e-01 1.0565762e+00
-9.6576577e+00 9.0027629e-01 9.7626317e-01 1.0537200e+00
-9.6486486e+00 8.9734654e-01 9.7321504e-01 1.0507598e+00
-9.6396396e+00 8.9419390e-01 9.7003064e-01 1.0476131e+00
-9.6306306e+00 8.9088927e-01 9.6667697e-01 1.0443200e+00
-9.6216216e+00 8.8749095e-01 9.6310964e-01 1.0408088e+00
-9.6126126e+00 8.8374661e-01 9.5942479e-01 1.0369476e+00
-9.6036036e+00 8.8025936e-01 9.5562753e-01 1.0329959e+00
-9.5945946e+00 8.7625350e-01 9.5160070e-01 1.0288427e+00
-9.5855856e+00 8.7217424e-01 9.4745724e-01 1.0245423e+00
-9.5765766e+00 8.6792922e-01 9.4310981e-01 1.0201475e+00
-9.5675676e+00 8.6357431e-01 9.3880777e-01 1.0155748e+00
-9.5585586e+00 8.5885634e-01 9.3441812e-01 1.0108918e+00
-9.5495495e+00 8.5420256e-01 9.2953290e-01 1.0060893e+00
-9.5405405e+00 8.4952767e-01 9.2448808e-01 1.0010870e+00
-9.5315315e+00 8.4454609e-01 9.1933111e-01 9.9590259e-01
-9.5225225e+00 8.3937298e-01 9.1422872e-01 9.9064554e-01
-9.5135135e+00 8.3406764e-01 9.0885621e-01 9.8531348e-01
-9.5045045e+00 8.2875142e-01 9.0344057e-01 9.7975991e-01
-9.4954955e+00 8.2330836e-01 8.9789027e-01 9.7413769e-01
-9.4864865e+00 8.1796331e-01 8.9237661e-01 9.6826163e-01
-9.4774775e+00 8.1235112e-01 8.8659202e-01 9.6240847e-01
-9.4684685e+00 8.0643361e-01 8.8075364e-01 9.5628358e-01
-9.4594595e+00 8.0051120e-01 8.7477453e-01 9.5002329e-01
-9.4504505e+00 7.9457185e-01 8.6875906e-01 9.4402901e-01
-9.4414414e+00 7.8877942e-01 8.6253024e-01 9.3754767e-01
-9.4324324e+00 7.8263373e-01 8.5630698e-01 9.3119452e-01
-9.4234234e+00 7.7642042e-01 8.5001494e-01 9.2452883e-01
-9.4144144e+00 7.7020304e-01 8.4367086e-01 9.1792304e-01
-9.4054054e+00 7.6382530e-01 8.3711880e-01 9.1115398e-01
-9.3963964e+00 7.5739247e-01 8.3064042e-01 9.0449043e-01
-9.3873874e+00 7.5076530e-01 8.2397602e-01 8.9778625e-01
-9.3783784e+00 7.4424855e-01 8.1723226e-01 8.9104571e-01
-9.3693694e+00 7.3764630e-01 8.1053954e-01 8.8425839e-01
-9.3603604e+00 7.3089526e-01 8.0352114e-01 8.7710513e-01
-9.3513514e+00 7.2419887e-01 7.9664111e-01 8.6993537e-01
-9.3423423e+00 7.1760199e-01 7.8975918e-01 8.6274678e-01
-9.3333333e+00 7.1056401e-01 7.8270786e-01 8.5562498e-01
-9.3243243e+00 7.0379680e-01 7.7568963e-01 8.4833436e-01
-9.3153153e+00 6.9704045e-01 7.6867026e-01 8.4106075e-01
-9.3063063e+00 6.9011664e-01 7.6163228e-01 8.3388093e-01
-9.2972973e+00 6.8320761e-01 7.5451779e-01 8.2660196e-01
-9.2882883e+00 6.7624558e-01 7.4724214e-01 8.1943730e-01
-9.2792793e+00 6.6926172e-01 7.4002538e-01 8.1222038e-01
-9.2702703e+00 6.6213427e-01 7.3273905e-01 8.0481180e-01
-9.2612613e+00 6.5485045e-01 7.2548170e-01 7.9752040e-01
-9.2522523e+00 6.4779022e-01 7.1817415e-01 7.9009501e-01
-9.2432432e+00 6.4081355e-01 7.1083684e-01 7.8272090e-01
-9.2342342e+00 6.3385533e-01 7.0358115e-01 7.7519224e-01
-9.2252252e+00 6.2713742e-01 6.9644014e-01 7.6812570e-01
-9.2162162e+00 6.2003909e-01 6.8928095e-01 7.6074273e-01
-9.2072072e+00 6.1309197e-01 6.8221305e-01 7.5350745e-01
-9.1981982e+00 6.0618145e-01 6.7517399e-01 7.4613707e-01
-9.1891892e+00 5.9926884e-01 6.6811627e-01 7.3891841e-01
-9.1801802e+00 5.9238678e-01 6.6110766e-01 7.3144278e-01
-9.1711712e+00 5.8550769e-01 6.5399340e-01 7.2411794e-01
-9.1621622e+00 5.7876599e-01 6.4680994e-01 7.1698664e-01
-9.1531532e+00 5.7189256e-01 6.3961286e-01 7.0976249e-01
-9.1441441e+00 5.6495711e-01 6.3262613e-01 7.0245501e-01
-9.1351351e+00 5.5812643e-01 6.2544703e-01 6.9528995e-01
-9.1261261e+00 5.5147472e-01 6.1827294e-01 6.8811070e-01
-9.1171171e+00 5.4481637e-01 6.1139326e-01 6.8107756e-01
-9.1081081e+00 5.3798368e-01 6.0442308e-01 6.7420971e-01
-9.0990991e+00 5.3154276e-01 5.9746110e-01 6.6705059e-01
-9.0900901e+00 5.2495588e-01 5.9054461e-01 6.6017254e-01
-9.0810811e+00 5.1839940e-01 5.8367772e-01 6.5325281e-01
-9.0720721e+00 5.1189714e-01 5.7705213e-01 6.4619625e-01
-9.0630631e+00 5.0521885e-01 5.7032544e-01 6.3926804e-01
-9.0540541e+00 4.9872953e-01 5.6382711e-01 6.3255146e-01
-9.0450450e+00 4.9237779e-01 5.5714735e-01 6.2601604e-01
-9.0360360e+00 4.8606660e-01 5.5076071e-01 6.1921933e-01
-9.0270270e+00 4.7988808e-01 5.4433476e-01 6.1265886e-01
-9.0180180e+00 4.7358505e-01 5.3793476e-01 6.0618987e-01
-9.0090090e+00 4.6740303e-01 5.3152863e-01 5.9974719e-01
-9.0000000e+00 4.6143885e-01 5.2520227e-01 5.9345651e-01
-8.9909910e+00 4.5542017e-01 5.1912550e-01 5.8690983e-01
-8.9819820e+00 4.4923371e-01 5.1321292e-01 5.8060204e-01
-8.9729730e+00 4.4331291e-01 5.0714015e-01 5.7436289e-01
-8.9639640e+00 4.3745493e-01 5.0123619e-01 5.6816737e-01
-8.9549550e+00 4.3163725e-01 4.9536001e-01 5.6217552e-01
-8.9459459e+00 4.2598539e-01 4.8964270e-01 5.5620626e-01
-8.9369369e+00 4.2010362e-01 4.8381519e-01 5.5038352e-01
-8.9279279e+00 4.1463670e-01 4.7809591e-01 5.4453707e-01
-8.9189189e+00 4.0901865e-01 4.7257691e-01 5.3866475e-01
-8.9099099e+00 4.0355972e-01 4.6696152e-01 5.3294029e-01
-8.9009009e+00 3.9803952e-01 4.6143745e-01 5.2744188e-01
-8.8918919e+00 3.9283235e-01 4.5607881e-01 5.2202496e-01
-8.8828829e+00 3.8769036e-01 4.5069962e-01 5.1659412e-01
-8.8738739e+00 3.8256880e-01 4.4528844e-01 5.1127678e-01
-8.8648649e+00 3.7766641e-01 4.3997369e-01 5.0608047e-01
-8.8558559e+00 3.7267311e-01 4.3474437e-01 5.0085734e-01
-8.8468468e+00 3.6779342e-01 4.2955386e-01 4.9580441e-01
-8.8378378e+00 3.6298641e-01 4.2450664e-01 4.9066190e-01
-8.8288288e+00 3.5818488e-01 4.1954030e-01 4.8552871e-01
-8.8198198e+00 3.5345076e-01 4.1455260e-01 4.8047746e-01
-8.8108108e+00 3.4893358e-01 4.0980981e-01 4.7575443e-01
-8.8018018e+00 3.4448155e-01 4.0509258e-01 4.7096978e-01
-8.7927928e+00 3.4009299e-01 4.0031537e-01 4.6616116e-01
-8.7837838e+00 3.3560731e-01 3.9576387e-01 4.6162215e-01
-8.7747748e+00 3.3126769e-01 3.9119960e-01 4.5699979e-01
-8.7657658e+00 3.2687536e-01 3.8684481e-01 4.5234596e-01
-8.7567568e+00 3.2262945e-01 3.8250497e-01 4.4793984e-01
-8.7477477e+00 3.1850041e-01 3.7822050e-01 4.4359274e-01
-8.7387387e+00 3.1437951e-01 3.7409375e-01 4.3929823e-01
-8.7297297e+00 3.1021545e-01 3.6988727e-01 4.3504775e-01
-8.7207207e+00 3.0632665e-01 3.6567904e-01 4.3074906e-01
-8.7117117e+00 3.0252242e-01 3.6164436e-01 4.2661166e-01
-8.7027027e+00 2.9868091e-01 3.5758792e-01 4.2241204e-01
-8.6936937e+00 2.9488559e-01 3.5363646e-01 4.1847992e-01
-8.6846847e+00 2.9115252e-01 3.4985247e-01 4.1470818e-01
-8.6756757e+00 2.8766882e-01 3.4607038e-01 4.1079795e-01
-8.6666667e+00 2.8407088e-01 3.4244671e-01 4.0713386e-01
-8.6576577e+00 2.8056036e-01 3.3868112e-01 4.0346285e-01
-8.6486486e+00 2.7711564e-01 3.3516567e-01 3.9977013e-01
-8.6396396e+00 2.7374552e-01 3.3155110e-01 3.9626120e-01
-8.6306306e+00 2.7033658e-01 3.2821570e-01 3.9257574e-01
-8.6216216e+00 2.6710188e-01 3.2465981e-01 3.8900619e-01
-8.6126126e+00 2.6387550e-01 3.2143947e-01 3.8545679e-01
-8.6036036e+00 2.6074442e-01 3.1807650e-01 3.8205795e-01
-8.5945946e+00 2.5755211e-01 3.1472757e-01 3.7865374e-01
-8.5855856e+00 2.5456764e-01 3.1153570e-01 3.7532720e-01
-8.5765766e+00 2.5140864e-01 3.0832912e-01 3.7213817e-01
-8.5675676e+00 2.4840833e-01 3.0530176e-01 3.6899730e-01
-8.5585586e+00 2.4539114e-01 3.0219736e-01 3.6576557e-01
-8.5495495e+00 2.4257999e-01 2.9908324e-01 3.6273217e-01
-8.5405405e+00 2.3966669e-01 2.9601008e-01 3.5949299e-01
-8.5315315e+00 2.3682731e-01 2.9318078e-01 3.5658421e-01
-8.5225225e+00 2.3397275e-01 2.9022452e-01 3.5366008e-01
-8.5135135e+00 2.3121845e-01 2.8747459e-01 3.5064067e-01
-8.5045045e+00 2.2860307e-01 2.8469162e-01 3.4771876e-01
-8.4954955e+00 2.2608715e-01 2.8195355e-01 3.4483699e-01
-8.4864865e+00 2.2342960e-01 2.7931031e-01 3.4195727e-01
-8.4774775e+00 2.2084807e-01 2.7662482e-01 3.3909186e-01
-8.4684685e+00 2.1834309e-01 2.7389949e-01 3.3629030e-01
-8.4594595e+00 2.1585472e-01 2.7127245e-01 3.3350887e-01
-8.4504505e+00 2.1337861e-01 2.6864132e-01 3.3070802e-01
-8.4414414e+00 2.1081815e-01 2.6603148e-01 3.2813216e-01
-8.4324324e+00 2.0841136e-01 2.6349570e-01 3.2549448e-01
-8.4234234e+00 2.0603223e-01 2.6094634e-01 3.2286321e-01
-8.4144144e+00 2.0360881e-01 2.5852792e-01 3.2041824e-01
-8.4054054e+00 2.0121253e-01 2.5622378e-01 3.1770880e-01
-8.3963964e+00 1.9912605e-01 2.5375715e-01 3.1515988e-01
-8.3873874e+00 1.9681604e-01 2.5142349e-01 3.1248013e-01
-8.3783784e+00 1.9463361e-01 2.4905522e-01 3.1001536e-01
-8.3693694e+00 1.9261122e-01 2.4665136e-01 3.0752705e-01
-8.3603604e+00 1.9042247e-01 2.4434468e-01 3.0507920e-01
-8.3513514e+00 1.8834485e-01 2.4207785e-01 3.0266786e-01
-8.3423423e+00 1.8629907e-01 2.3987715e-01 3.0031895e-01
-8.3333333e+00 1.8414852e-01 2.3771449e-01 2.9794809e-01
-8.3243243e+00 1.8214179e-01 2.3543843e-01 2.9581426e-01
-8.3153153e+00 1.8010430e-01 2.3332108e-01 2.9350348e-01
-8.3063063e+00 1.7804358e-01 2.3121362e-01 2.9118127e-01
-8.2972973e+00 1.7611777e-01 2.2902737e-01 2.8887597e-01
-8.2882883e+00 1.7422836e-01 2.2691369e-01 2.8658221e-01
-8.2792793e+00 1.7230019e-01 2.2484949e-01 2.8423376e-01
-8.2702703e+00 1.7041623e-01 2.2278331e-01 2.8188984e-01
-8.2612613e+00 1.6848354e-01 2.2072668e-01 2.7958367e-01
-8.2522523e+00 1.6650029e-01 2.1867279e-01 2.7727277e-01
-8.2432432e+00 1.6458220e-01 2.1652319e-01 2.7499623e-01
-8.2342342e+00 1.6264921e-01 2.1445218e-01 2.7283873e-01
-8.2252252e+00 1.6078057e-01 2.1240330e-01 2.7062137e-01
-8.2162162e+00 1.5896304e-01 2.1046646e-01 2.6836597e-01
-8.2072072e+00 1.5711196e-01 2.0854853e-01 2.6635120e-01
-8.1981982e+00 1.5538672e-01 2.0652628e-01 2.6417614e-01
-8.1891892e+00 1.5356248e-01 2.0452140e-01 2.6198492e-01
-8.1801802e+00 1.5181306e-01 2.0262955e-01 2.5999256e-01
-8.1711712e+00 1.5000343e-01 2.0064514e-01 2.5788365e-01
-8.1621622e+00 1.4832209e-01 1.9876461e-01 2.5575666e-01
-8.1531532e+00 1.4663272e-01 1.9690294e-01 2.5376683e-01
-8.1441441e+00 1.4480169e-01 1.9506312e-01 2.5161552e-01
-8.1351351e+00 1.4313448e-01 1.9317589e-01 2.4947036e-01
-8.1261261e+00 1.4153197e-01 1.9133821e-01 2.4735245e-01
-8.1171171e+00 1.3978297e-01 1.8948597e-01 2.4530237e-01
-8.1081081e+00 1.3817805e-01 1.8759535e-01 2.4337810e-01
-8.0990991e+00 1.3653829e-01 1.8571485e-01 2.4118414e-01
-8.0900901e+00 1.3497172e-01 1.8386521e-01 2.3906092e-01
-8.0810811e+00 1.3322426e-01 1.8196101e-01 2.3681918e-01
-8.0720721e+00 1.3148676e-01 1.8021487e-01 2.3475109e-01
-8.0630631e+00 1.2990013e-01 1.7840681e-01 2.3267594e-01
-8.0540541e+00 1.2814257e-01 1.7662113e-01 2.3052958e-01
-8.0450450e+00 1.2650820e-01 1.7479251e-01 2.2863833e-01
-8.0360360e+00 1.2494230e-01 1.7294560e-01 2.2664234e-01
-8.0270270e+00 1.2336185e-01 1.7120477e-01 2.2463539e-01
-8.0180180e+00 1.2174456e-01 1.6939857e-01 2.2263383e-01
-8.0090090e+00 1.2021641e-01 1.6755301e-01 2.2065447e-01
-8.0000000e+00 1.1867902e-01 1.6576773e-01 2.1863725e-01
-7.9909910e+00 1.1719917e-01 1.6386732e-01 2.1676751e-01
-7.9819820e+00 1.1570165e-01 1.6214104e-01 2.1474992e-01
-7.9729730e+00 1.1411141e-01 1.6039639e-01 2.1277587e-01
-7.9639640e+00 1.1262715e-01 1.5869182e-01 2.1083998e-01
-7.9549550e+00 1.1101122e-01 1.5691519e-01 2.0891737e-01
-7.9459459e+00 1.0948633e-01 1.5527361e-01 2.0707017e-01
-7.9369369e+00 1.0805570e-01 1.5346958e-01 2.0513305e-01
-7.9279279e+00 1.0649929e-01 1.5169071e-01 2.0336960e-01
-7.9189189e+00 1.0510884e-01 1.4996572e-01 2.0144675e-01
-7.9099099e+00 1.0367174e-01 1.4831546e-01 1.9953198e-01
-7.9009009e+00 1.0213778e-01 1.4658925e-01 1.9754435e-01
-7.8918919e+00 1.0066879e-01 1.4494990e-01 1.9563644e-01
-7.8828829e+00 9.9206575e-02 1.4328788e-01 1.9375858e-01
-7.8738739e+00 9.7771161e-02 1.4157749e-01 1.9190537e-01
-7.8648649e+00 9.6358711e-02 1.3984156e-01 1.9008122e-01
-7.8558559e+00 9.4920035e-02 1.3817882e-01 1.8814679e-01
-7.8468468e+00 9.3537164e-02 1.3652260e-01 1.8643190e-01
-7.8378378e+00 9.2120938e-02 1.3493156e-01 1.8457667e-01
-7.8288288e+00 9.0722731e-02 1.3327119e-01 1.8272432e-01
-7.8198198e+00 8.9373284e-02 1.3166413e-01 1.8087211e-01
-7.8108108e+00 8.8128646e-02 1.3004144e-01 1.7893309e-01
-7.8018018e+00 8.6788272e-02 1.2841360e-01 1.7711202e-01
-7.7927928e+00 8.5449455e-02 1.2686724e-01 1.7524237e-01
-7.7837838e+00 8.4061851e-02 1.2526209e-01 1.7340938e-01
-7.7747748e+00 8.2739778e-02 1.2369916e-01 1.7165472e-01
-7.7657658e+00 8.1480058e-02 1.2220818e-01 1.6984461e-01
-7.7567568e+00 8.0310772e-02 1.2055360e-01 1.6792675e-01
-7.7477477e+00 7.8990386e-02 1.1902858e-01 1.6622419e-01
-7.7387387e+00 7.7755868e-02 1.1742471e-01 1.6445063e-01
-7.7297297e+00 7.6475983e-02 1.1581399e-01 1.6272255e-01
-7.7207207e+00 7.5296104e-02 1.1432876e-01 1.6088021e-01
-7.7117117e+00 7.4120921e-02 1.1286912e-01 1.5906979e-01
-7.7027027e+00 7.2925715e-02 1.1142818e-01 1.5731142e-01
-7.6936937e+00 7.1692829e-02 1.0991373e-01 1.5552752e-01
-7.6846847e+00 7.0469544e-02 1.0845281e-01 1.5379252e-01
-7.6756757e+00 6.9271491e-02 1.0695411e-01 1.5207123e-01
-7.6666667e+00 6.8103967e-02 1.0551602e-01 1.5043690e-01
-7.6576577e+00 6.6934214e-02 1.0409594e-01 1.4874891e-01
-7.6486486e+00 6.5838628e-02 1.0266752e-01 1.4710274e-01
-7.6396396e+00 6.4681125e-02 1.0117028e-01 1.4544258e-01
-7.6306306e+00 6.3629243e-02 9.9823660e-02 1.4380297e-01
-7.6216216e+00 6.2616988e-02 9.8377890e-02 1.4227826e-01
-7.6126126e+00 6.1581744e-02 9.6917427e-02 1.4072440e-01
-7.6036036e+00 6.0528672e-02 9.5526283e-02 1.3905394e-01
-7.5945946e+00 5.9464285e-02 9.4131132e-02 1.3735416e-01
-7.5855856e+00 5.8476652e-02 9.2780335e-02 1.3576583e-01
-7.5765766e+00 5.7401907e-02 9.1452856e-02 1.3409658e-01
-7.5675676e+00 5.6304286e-02 9.0159985e-02 1.3256690e-01
-7.5585586e+00 5.5298612e-02 8.8880103e-02 1.3113919e-01
-7.5495495e+00 5.4302368e-02 8.7585850e-02 1.2964279e-01
-7.5405405e+00 5.3225181e-02 8.6332438e-02 1.2806010e-01
-7.5315315e+00 5.2196803e-02 8.5189391e-02 1.2648119e-01
-7.5225225e+00 5.1244188e-02 8.3929256e-02 1.2498062e-01
-7.5135135e+00 5.0272897e-02 8.2774964e-02 1.2342005e-01
-7.5045045e+00 4.9332507e-02 8.1537475e-02 1.2188512e-01
-7.4954955e+00 4.8337458e-02 8.0350246e-02 1.2037814e-01
-7.4864865e+00 4.7450194e-02 7.9154785e-02 1.1907064e-01
-7.4774775e+00 4.6499291e-02 7.7996748e-02 1.1764369e-01
-7.4684685e+00 4.5605550e-02 7.6836153e-02 1.1618224e-01
-7.4594595e+00 4.4665663e-02 7.5599239e-02 1.1469104e-01
-7.4504505e+00 4.3765003e-02 7.4481854e-02 1.1331859e-01
-7.4414414e+00 4.2948137e-02 7.3344127e-02 1.1195561e-01
-7.4324324e+00 4.2097718e-02 7.2195809e-02 1.1062784e-01
-7.4234234e+00 4.1174722e-02 7.1053953e-02 1.0939387e-01
-7.4144144e+00 4.0363008e-02 6.9924834e-02 1.0808571e-01
-7.4054054e+00 3.9487293e-02 6.8885980e-02 1.0676537e-01
-7.3963964e+00 3.8660643e-02 6.7887746e-02 1.0546492e-01
-7.3873874e+00 3.7886892e-02 6.6800408e-02 1.0426732e-01
-7.3783784e+00 3.7116587e-02 6.5691089e-02 1.0299865e-01
-7.3693694e+00 3.6347014e-02 6.4670679e-02 1.0167485e-01
-7.3603604e+00 3.5597454e-02 6.3676639e-02 1.0047129e-01
-7.3513514e+00 3.4832881e-02 6.2700900e-02 9.9244890e-02
-7.3423423e+00 3.4029946e-02 6.1773258e-02 9.8086692e-02
-7.3333333e+00 3.3282775e-02 6.0809613e-02 9.6983113e-02
-7.3243243e+00 3.2582013e-02 5.9875221e-02 9.5771047e-02
-7.3153153e+00 3.1864960e-02 5.8988167e-02 9.4606192e-02
-7.3063063e+00 3.1147029e-02 5.8105656e-02 9.3527035e-02
-7.2972973e+00 3.0455257e-02 5.7205013e-02 9.2471103e-02
-7.2882883e+00 2.9753056e-02 5.6267703e-02 9.1349076e-02
-7.2792793e+00 2.9123977e-02 5.5359831e-02 9.0228609e-02
-7.2702703e+00 2.8429818e-02 5.4495218e-02 8.9169864e-02
-7.2612613e+00 2.7784649e-02 5.3610003e-02 8.8118105e-02
-7.2522523e+00 2.7171899e-02 5.2766135e-02 8.7003472e-02
-7.2432432e+00 2.6528058e-02 5.1959267e-02 8.5981951e-02
-7.2342342e+00 2.5904982e-02 5.1184348e-02 8.5012223e-02
-7.2252252e+00 2.5314584e-02 5.0321821e-02 8.3860741e-02
-7.2162162e+00 2.4713434e-02 4.9523150e-02 8.2828994e-02
-7.2072072e+00 2.4146858e-02 4.8694444e-02 8.1889723e-02
-7.1981982e+00 2.3551054e-02 4.7913335e-02 8.0956897e-02
-7.1891892e+00 2.2990227e-02 4.7108376e-02 7.9944390e-02
-7.1801802e+00 2.2473899e-02 4.6336265e-02 7.8935364e-02
-7.1711712e+00 2.1912231e-02 4.5604059e-02 7.8039782e-02
-7.1621622e+00 2.1381161e-02 4.4857349e-02 7.7141689e-02
-7.1531532e+00 2.0879049e-02 4.4132003e-02 7.6174749e-02
-7.1441441e+00 2.0396317e-02 4.3451326e-02 7.5304148e-02
-7.1351351e+00 1.9947364e-02 4.2814034e-02 7.4466954e-02
-7.1261261e+00 1.9470730e-02 4.2144475e-02 7.3637514e-02
-7.1171171e+00 1.9061038e-02 4.1459566e-02 7.2787282e-02
-7.1081081e+00 1.8599054e-02 4.0769201e-02 7.1908611e-02
-7.0990991e+00 1.8141779e-02 4.0085831e-02 7.1084688e-02
-7.0900901e+00 1.7663184e-02 3.9470057e-02 7.0312691e-02
-7.0810811e+00 1.7207273e-02 3.8799527e-02 6.9465406e-02
-7.0720721e+00 1.6788711e-02 3.8194787e-02 6.8710632e-02
-7.0630631e+00 1.6340657e-02 3.7603540e-02 6.7921436e-02
-7.0540541e+00 1.5899128e-02 3.6992482e-02 6.7152863e-02
-7.0450450e+00 1.5490774e-02 3.6417903e-02 6.6381681e-02
-7.0360360e+00 1.5072646e-02 3.5867259e-02 6.5687380e-02
-7.0270270e+00 1.4661130e-02 3.5348529e-02 6.4922004e-02
-7.0180180e+00 1.4237397e-02 3.4827882e-02 6.4238389e-02
-7.0090090e+00 1.3853182e-02 3.4325032e-02 6.3436259e-02
-7.0000000e+00 1.3501089e-02 3.3793231e-02 6.2806094e-02
-6.9909910e+00 1.3099924e-02 3.3252985e-02 6.2138865e-02
-6.9819820e+00 1.2715019e-02 3.2735462e-02 6.1420289e-02
-6.9729730e+00 1.2351195e-02 3.2227156e-02 6.0812073e-02
-6.9639640e+00 1.1967161e-02 3.1694813e-02 6.0121650e-02
-6.9549550e+00 1.1606197e-02 3.1204807e-02 5.9492343e-02
-6.9459459e+00 1.1271389e-02 3.0725415e-02 5.8860491e-02
-6.9369369e+00 1.0926111e-02 3.0200139e-02 5.8287957e-02
-6.9279279e+00 1.0613562e-02 2.9665675e-02 5.7752990e-02
-6.9189189e+00 1.0284613e-02 2.9130645e-02 5.7149020e-02
-6.9099099e+00 9.9492423e-03 2.8625531e-02 5.6552820e-02
-6.9009009e+00 9.6410053e-03 2.8161562e-02 5.6066773e-02
-6.8918919e+00 9.3532883e-03 2.7727715e-02 5.5438848e-02
-6.8828829e+00 9.0341046e-03 2.7276134e-02 5.4871556e-02
-6.8738739e+00 8.7547648e-03 2.6788376e-02 5.4277292e-02
-6.8648649e+00 8.4589717e-03 2.6313028e-02 5.3758421e-02
-6.8558559e+00 8.1509067e-03 2.5892184e-02 5.3253110e-02
-6.8468468e+00 7.8534021e-03 2.5440691e-02 5.2796468e-02
-6.8378378e+00 7.5591244e-03 2.5015122e-02 5.2270252e-02
-6.8288288e+00 7.2958245e-03 2.4583316e-02 5.1827715e-02
-6.8198198e+00 7.0177553e-03 2.4136986e-02 5.1354430e-02
-6.8108108e+00 6.7699730e-03 2.3724399e-02 5.0875915e-02
-6.8018018e+00 6.5253046e-03 2.3330858e-02 5.0343007e-02
-6.7927928e+00 6.2658773e-03 2.2919251e-02 4.9893176e-02
-6.7837838e+00 6.0364875e-03 2.2545294e-02 4.9471019e-02
-6.7747748e+00 5.8090273e-03 2.2178217e-02 4.8953229e-02
-6.7657658e+00 5.5823145e-03 2.1825515e-02 4.8554612e-02
-6.7567568e+00 5.3658278e-03 2.1475193e-02 4.8080245e-02
-6.7477477e+00 5.1569719e-03 2.1097817e-02 4.7607573e-02
-6.7387387e+00 4.9478523e-03 2.0734091e-02 4.7182845e-02
-6.7297297e+00 4.7583460e-03 2.0394998e-02 4.6729171e-02
-6.7207207e+00 4.5660964e-03 2.0053246e-02 4.6264738e-02
-6.7117117e+00 4.3896080e-03 1.9716231e-02 4.5821186e-02
-6.7027027e+00 4.2176492e-03 1.9379034e-02 4.5394365e-02
-6.6936937e+00 4.0420973e-03 1.9074648e-02 4.4918822e-02
-6.6846847e+00 3.8816292e-03 1.8777146e-02 4.4518646e-02
-6.6756757e+00 3.7130863e-03 1.8515141e-02 4.4038020e-02
-6.6666667e+00 3.5724859e-03 1.8280471e-02 4.3572453e-02
-6.6576577e+00 3.4199568e-03 1.8006217e-02 4.3072932e-02
-6.6486486e+00 3.2719915e-03 1.7726832e-02 4.2671468e-02
-6.6396396e+00 3.1264557e-03 1.7470920e-02 4.2285855e-02
-6.6306306e+00 2.9975761e-03 1.7249597e-02 4.1896612e-02
-6.6216216e+00 2.8623254e-03 1.7020620e-02 4.1475357e-02
-6.6126126e+00 2.7398002e-03 1.6834989e-02 4.1054594e-02
-6.6036036e+00 2.6187865e-03 1.6618509e-02 4.0632931e-02
-6.5945946e+00 2.4925188e-03 1.6415813e-02 4.0196832e-02
-6.5855856e+00 2.3749656e-03 1.6207328e-02 3.9816717e-02
-6.5765766e+00 2.2628895e-03 1.5989547e-02 3.9454054e-02
-6.5675676e+00 2.1497967e-03 1.5736023e-02 3.9057325e-02
-6.5585586e+00 2.0496645e-03 1.5495963e-02 3.8634618e-02
-6.5495495e+00 1.9488336e-03 1.5267011e-02 3.8266882e-02
-6.5405405e+00 1.8576271e-03 1.5025067e-02 3.7892154e-02
-6.5315315e+00 1.7635015e-03 1.4774318e-02 3.7529223e-02
-6.5225225e+00 1.6742792e-03 1.4521379e-02 3.7150720e-02
-6.5135135e+00 1.5877188e-03 1.4261367e-02 3.6792350e-02
-6.5045045e+00 1.5080771e-03 1.4048819e-02 3.6420200e-02
-6.4954955e+00 1.4367965e-03 1.3818131e-02 3.5981344e-02
-6.4864865e+00 1.3595379e-03 1.3576359e-02 3.5647287e-02
-6.4774775e+00 1.2914949e-03 1.3309548e-02 3.5298754e-02
-6.4684685e+00 1.2202510e-03 1.3061383e-02 3.4985698e-02
-6.4594595e+00 1.1539485e-03 1.2830364e-02 3.4714393e-02
-6.4504505e+00 1.0889471e-03 1.2578042e-02 3.4438667e-02
-6.4414414e+00 1.0345274e-03 1.2346249e-02 3.4132624e-02
-6.4324324e+00 9.7887033e-04 1.2124302e-02 3.3917755e-02
-6.4234234e+00 9.2605950e-04 1.1874430e-02 3.3735159e-02
-6.4144144e+00 8.7341224e-04 1.1654852e-02 3.3588660e-02
-6.4054054e+00 8.2642922e-04 1.1415193e-02 3.3423366e-02
-6.3963964e+00 7.8034479e-04 1.1142193e-02 3.3212506e-02
-6.3873874e+00 7.3608288e-04 1.0896932e-02 3.2954514e-02
-6.3783784e+00 6.9522627e-04 1.0657259e-02 3.2721536e-02
-6.3693694e+00 6.5404967e-04 1.0408474e-02 3.2460632e-02
-6.3603604e+00 6.1495404e-04 1.0169865e-02 3.2169449e-02
-6.3513514e+00 5.7863056e-04 9.9444812e-03 3.1931896e-02
-6.3423423e+00 5.4277814e-04 9.7151892e-03 3.1692316e-02
-6.3333333e+00 5.0958881e-04 9.5284025e-03 3.1467329e-02
-6.3243243e+00 4.7864136e-04 9.3056429e-03 3.1199519e-02
-6.3153153e+00 4.4963042e-04 9.0807830e-03 3.1000154e-02
-6.3063063e+00 4.2105709e-04 8.8749390e-03 3.0698106e-02
-6.2972973e+00 3.9496914e-04 8.6691810e-03 3.0381478e-02
-6.2882883e+00 3.7087964e-04 8.4655044e-03 3.0120458e-02
-6.2792793e+00 3.4711802e-04 8.2515413e-03 2.9903182e-02
-6.2702703e+00 3.2514770e-04 8.0572849e-03 2.9600781e-02
-6.2612613e+00 3.0421155e-04 7.8455088e-03 2.9272299e-02
-6.2522523e+00 2.8524549e-04 7.6214488e-03 2.8972204e-02
-6.2432432e+00 2.6728046e-04 7.3970308e-03 2.8704918e-02
-6.2342342e+00 2.5012463e-04 7.1832086e-03 2.8319569e-02
-6.2252252e+00 2.3375650e-04 6.9577553e-03 2.7963262e-02
-6.2162162e+00 2.1763166e-04 6.7416822e-03 2.7650639e-02
-6.2072072e+00 2.0346021e-04 6.5397776e-03 2.7359548e-02
-6.1981982e+00 1.8963112e-04 6.3338383e-03 2.7024428e-02
-6.1891892e+00 1.7694499e-04 6.1597546e-03 2.6739608e-02
-6.1801802e+00 1.6461634e-04 5.9676097e-03 2.6504536e-02
-6.1711712e+00 1.5320684e-04 5.7856833e-03 2.6201664e-02
-6.1621622e+00 1.4266882e-04 5.5950774e-03 2.5865494e-02
-6.1531532e+00 1.3290782e-04 5.4050126e-03 2.5513156e-02
-6.1441441e+00 1.2357305e-04 5.2129679e-03 2.5184864e-02
-6.1351351e+00 1.1505375e-04 5.0340050e-03 2.4937088e-02
-6.1261261e+00 1.0696147e-04 4.8627462e-03 2.4641368e-02
-6.1171171e+00 9.9165574e-05 4.6903454e-03 2.4318886e-02
-6.1081081e+00 9.1998142e-05 4.5081774e-03 2.3978823e-02
-6.0990991e+00 8.5397030e-05 4.3530940e-03 2.3660447e-02
-6.0900901e+00 7.9079614e-05 4.2031783e-03 2.3367410e-02
-6.0810811e+00 7.3267542e-05 4.0423771e-03 2.3049609e-02
-6.0720721e+00 6.7892155e-05 3.8859147e-03 2.2733125e-02
-6.0630631e+00 6.2832921e-05 3.7359441e-03 2.2415306e-02
-6.0540541e+00 5.8035847e-05 3.6002150e-03 2.2099825e-02
-6.0450450e+00 5.3705186e-05 3.4643517e-03 2.1758704e-02
-6.0360360e+00 4.9792013e-05 3.3292972e-03 2.1399632e-02
-6.0270270e+00 4.5991725e-05 3.1971418e-03 2.1062007e-02
-6.0180180e+00 4.2440621e-05 3.0732694e-03 2.0744228e-02
-6.0090090e+00 3.9229154e-05 2.9434119e-03 2.0403544e-02
-6.0000000e+00 3.6196413e-05 2.8236464e-03 2.0084930e-02
-5.9909910e+00 3.3370898e-05 2.7032157e-03 1.9779370e-02
-5.9819820e+00 3.0791556e-05 2.5806255e-03 1.9488277e-02
-5.9729730e+00 2.8484048e-05 2.4665171e-03 1.9210346e-02
-5.9639640e+00 2.6252067e-05 2.3530891e-03 1.8896543e-02
-5.9549550e+00 2.4200284e-05 2.2509167e-03 1.8554394e-02
-5.9459459e+00 2.2270187e-05 2.1516436e-03 1.8279607e-02
-5.9369369e+00 2.0492792e-05 2.0527788e-03 1.8039349e-02
-5.9279279e+00 1.8868725e-05 1.9602013e-03 1.7743515e-02
-5.9189189e+00 1.7389303e-05 1.8707258e-03 1.7484837e-02
-5.9099099e+00 1.5957074e-05 1.7829973e-03 1.7269038e-02
-5.9009009e+00 1.4641898e-05 1.6993023e-03 1.7106109e-02
-5.8918919e+00 1.3439199e-05 1.6141194e-03 1.6959015e-02
-5.8828829e+00 1.2343906e-05 1.5331017e-03 1.6847666e-02
-5.8738739e+00 1.1323207e-05 1.4578452e-03 1.6812659e-02
-5.8648649e+00 1.0398119e-05 1.3875511e-03 1.6767838e-02
-5.8558559e+00 9.5368635e-06 1.3189513e-03 1.6719864e-02
-5.8468468e+00 8.7272802e-06 1.2577304e-03 1.6633063e-02
-5.8378378e+00 8.0035655e-06 1.1946258e-03 1.6548366e-02
-5.8288288e+00 7.3315263e-06 1.1334207e-03 1.6437469e-02
-5.8198198e+00 6.7242836e-06 1.0720751e-03 1.6306181e-02
-5.8108108e+00 6.1402853e-06 1.0181381e-03 1.6200665e-02
-5.8018018e+00 5.6017806e-06 9.6505916e-04 1.6052638e-02
-5.7927928e+00 5.1312566e-06 9.1404637e-04 1.5913261e-02
-5.7837838e+00 4.6942337e-06 8.6584123e-04 1.5777230e-02
-5.7747748e+00 4.2783170e-06 8.1843708e-04 1.5621921e-02
-5.7657658e+00 3.8960885e-06 7.7275580e-04 1.5463140e-02
-5.7567568e+00 3.5511422e-06 7.2854555e-04 1.5287416e-02
-5.7477477e+00 3.2325114e-06 6.8797173e-04 1.5121946e-02
-5.7387387e+00 2.9481292e-06 6.4974871e-04 1.4890697e-02
-5.7297297e+00 2.6825746e-06 6.1370093e-04 1.4703363e-02
-5.7207207e+00 2.4409636e-06 5.7830495e-04 1.4525149e-02
-5.7117117e+00 2.2223256e-06 5.4442218e-04 1.4354765e-02
-5.7027027e+00 2.0215484e-06 5.1377963e-04 1.4152038e-02
-5.6936937e+00 1.8351039e-06 4.8408459e-04 1.3921356e-02
-5.6846847e+00 1.6672701e-06 4.5516059e-04 1.3735775e-02
-5.6756757e+00 1.5140680e-06 4.2774750e-04 1.3555842e-02
-5.6666667e+00 1.3703216e-06 4.0255182e-04 1.3350116e-02
-5.6576577e+00 1.2436217e-06 3.7846456e-04 1.3142045e-02
-5.6486486e+00 1.1304964e-06 3.5506438e-04 1.2917596e-02
-5.6396396e+00 1.0249396e-06 3.3350824e-04 1.2699093e-02
-5.6306306e+00 9.2736894e-07 3.1289543e-04 1.2470098e-02
-5.6216216e+00 8.3847014e-07 2.9352093e-04 1.2268168e-02
-5.6126126e+00 7.5898653e-07 2.7481034e-04 1.2083161e-02
-5.6036036e+00 6.8599975e-07 2.5694743e-04 1.1846670e-02
-5.5945946e+00 6.2002885e-07 2.4020593e-04 1.1611529e-02
-5.5855856e+00 5.6016348e-07 2.2519190e-04 1.1356884e-02
-5.5765766e+00 5.0605957e-07 2.1066895e-04 1.1126004e-02
-5.5675676e+00 4.5667477e-07 1.9704078e-04 1.0874092e-02
-5.5585586e+00 4.1236399e-07 1.8425523e-04 1.0653477e-02
-5.5495495e+00 3.7211622e-07 1.7226153e-04 1.0379148e-02
-5.5405405e+00 3.3565308e-07 1.6126762e-04 1.0119611e-02
-5.5315315e+00 3.0242970e-07 1.5028721e-04 9.8767105e-03
-5.5225225e+00 2.7242693e-07 1.4009265e-04 9.6360650e-03
-5.5135135e+00 2.4543744e-07 1.3037605e-04 9.4284936e-03
-5.5045045e+00 2.2083545e-07 1.2128288e-04 9.2006336e-03
-5.4954955e+00 1.9890610e-07 1.1280244e-04 8.9530137e-03
-5.4864865e+00 1.7883653e-07 1.0481501e-04 8.7181660e-03
-5.4774775e+00 1.6078042e-07 9.7472100e-05 8.4603961e-03
-5.4684685e+00 1.4448179e-07 9.0664916e-05 8.2588759e-03
-5.4594595e+00 1.2981926e-07 8.4131071e-05 7.9974275e-03
-5.4504505e+00 1.1658906e-07 7.8234306e-05 7.7619202e-03
-5.4414414e+00 1.0470759e-07 7.2777669e-05 7.5378995e-03
-5.4324324e+00 9.4056066e-08 6.7582999e-05 7.3444776e-03
-5.4234234e+00 8.4277568e-08 6.2724943e-05 7.1229008e-03
-5.4144144e+00 7.5626793e-08 5.8125082e-05 6.9046539e-03
-5.4054054e+00 6.7622172e-08 5.3953248e-05 6.6991356e-03
-5.3963964e+00 6.0438610e-08 4.9980709e-05 6.4956096e-03
-5.3873874e+00 5.4053932e-08 4.6294248e-05 6.3070049e-03
-5.3783784e+00 4.8354401e-08 4.2836189e-05 6.0976883e-03
-5.3693694e+00 4.3232205e-08 3.9598250e-05 5.9057952e-03
-5.3603604e+00 3.8631525e-08 3.6649933e-05 5.7017905e-03
-5.3513514e+00 3.4498273e-08 3.3849967e-05 5.5044249e-03
-5.3423423e+00 3.0757287e-08 3.1299561e-05 5.3079495e-03
-5.3333333e+00 2.7430864e-08 2.8877811e-05 5.1294821e-03
-5.3243243e+00 2.4452134e-08 2.6668141e-05 4.9570170e-03
-5.3153153e+00 2.1824419e-08 2.4554430e-05 4.7640272e-03
-5.3063063e+00 1.9444022e-08 2.2628445e-05 4.5955230e-03
-5.2972973e+00 1.7316891e-08 2.0866372e-05 4.4265782e-03
-5.2882883e+00 1.5408268e-08 1.9218613e-05 4.2624033e-03
-5.2792793e+00 1.3700529e-08 1.7700068e-05 4.1043290e-03
-5.2702703e+00 1.2187127e-08 1.6289567e-05 3.9455038e-03
-5.2612613e+00 1.0831685e-08 1.4975361e-05 3.7936254e-03
-5.2522523e+00 9.6210676e-09 1.3743113e-05 3.6509392e-03
-5.2432432e+00 8.5433680e-09 1.2642536e-05 3.5017642e-03
-5.2342342e+00 7.5834581e-09 1.1626430e-05 3.3513863e-03
-5.2252252e+00 6.7173456e-09 1.0682488e-05 3.2205109e-03
-5.2162162e+00 5.9563738e-09 9.7928607e-06 3.0953937e-03
-5.2072072e+00 5.2814408e-09 8.9482903e-06 2.9629498e-03
-5.1981982e+00 4.6710485e-09 8.2002296e-06 2.8400742e-03
-5.1891892e+00 4.1377335e-09 7.5055657e-06 2.7200651e-03
-5.1801802e+00 3.6635797e-09 6.8704224e-06 2.6011334e-03
-5.1711712e+00 3.2396766e-09 6.2937531e-06 2.4904212e-03
-5.1621622e+00 2.8650340e-09 5.7653496e-06 2.3780546e-03
-5.1531532e+00 2.5272162e-09 5.2644452e-06 2.2664184e-03
-5.1441441e+00 2.2343037e-09 4.8086428e-06 2.1625637e-03
-5.1351351e+00 1.9719835e-09 4.3959249e-06 2.0578589e-03
-5.1261261e+00 1.7414462e-09 4.0189017e-06 1.9622106e-03
-5.1171171e+00 1.5368997e-09 3.6713622e-06 1.8690948e-03
-5.1081081e+00 1.3550494e-09 3.3447713e-06 1.7772196e-03
-5.0990991e+00 1.1940775e-09 3.0455656e-06 1.6904319e-03
-5.0900901e+00 1.0519151e-09 2.7711320e-06 1.6096022e-03
-5.0810811e+00 9.2637173e-10 2.5232380e-06 1.5308578e-03
-5.0720721e+00 8.1544113e-10 2.2940286e-06 1.4550971e-03
-5.0630631e+00 7.1681196e-10 2.0880811e-06 1.3838195e-03
-5.0540541e+00 6.3027839e-10 1.8970092e-06 1.3176510e-03
-5.0450450e+00 5.5418468e-10 1.7274927e-06 1.2547467e-03
-5.0360360e+00 4.8727960e-10 1.5727301e-06 1.1909858e-03
-5.0270270e+00 4.2857632e-10 1.4320953e-06 1.1295955e-03
-5.0180180e+00 3.7637160e-10 1.3015473e-06 1.0704968e-03
-5.0090090e+00 3.2960514e-10 1.1833204e-06 1.0137438e-03
-5.0000000e+00 2.8896412e-10 1.0743403e-06 9.5774055e-04
