X KDE_INF KDE_MED KDE_SUP
-1.4000000e+01 7.9758362e-22 2.3738460e-17 1.2178297e-14
-1.3990991e+01 9.8187629e-22 2.8537089e-17 1.4403186e-14
-1.3981982e+01 1.2073970e-21 3.4280231e-17 1.7031464e-14
-1.3972973e+01 1.4849813e-21 4.1099494e-17 2.0109236e-14
-1.3963964e+01 1.8255353e-21 4.9335988e-17 2.3789641e-14
-1.3954955e+01 2.2436849e-21 5.9136405e-17 2.8062275e-14
-1.3945946e+01 2.7569981e-21 7.0905604e-17 3.3139154e-14
-1.3936937e+01 3.3846037e-21 8.4938100e-17 3.9061712e-14
-1.3927928e+01 4.1531997e-21 1.0174663e-16 4.6026225e-14
-1.3918919e+01 5.0940183e-21 1.2177545e-16 5.4157792e-14
-1.3909910e+01 6.2412737e-21 1.4577662e-16 6.3658896e-14
-1.3900901e+01 7.6484182e-21 1.7431728e-16 7.4823809e-14
-1.3891892e+01 9.3625921e-21 2.0813059e-16 8.8068562e-14
-1.3882883e+01 1.1470034e-20 2.4885129e-16 1.0356436e-13
-1.3873874e+01 1.4041959e-20 2.9714288e-16 1.2158459e-13
-1.3864865e+01 1.7175007e-20 3.5494104e-16 1.4259378e-13
-1.3855856e+01 2.1009333e-20 4.2348788e-16 1.6727902e-13
-1.3846847e+01 2.5671804e-20 5.0508191e-16 1.9604187e-13
-1.3837838e+01 3.1361615e-20 6.0200902e-16 2.3011802e-13
-1.3828829e+01 3.8316954e-20 7.1843102e-16 2.6929535e-13
-1.3819820e+01 4.6761237e-20 8.5646184e-16 3.1540331e-13
-1.3810811e+01 5.7062827e-20 1.0200368e-15 3.6906352e-13
-1.3801802e+01 6.9519064e-20 1.2136605e-15 4.3094970e-13
-1.3792793e+01 8.4712289e-20 1.4436613e-15 5.0202957e-13
-1.3783784e+01 1.0317807e-19 1.7124108e-15 5.8771076e-13
-1.3774775e+01 1.2561077e-19 2.0373366e-15 6.8711920e-13
-1.3765766e+01 1.5285955e-19 2.4233780e-15 8.0290181e-13
-1.3756757e+01 1.8617608e-19 2.8799833e-15 9.3504712e-13
-1.3747748e+01 2.2666220e-19 3.4229520e-15 1.0866170e-12
-1.3738739e+01 2.7529289e-19 4.0590839e-15 1.2692706e-12
-1.3729730e+01 3.3483593e-19 4.8147722e-15 1.4797886e-12
-1.3720721e+01 4.0512566e-19 5.6976158e-15 1.7243973e-12
-1.3711712e+01 4.9156724e-19 6.7549654e-15 2.0085071e-12
-1.3702703e+01 5.9633573e-19 8.0009175e-15 2.3390226e-12
-1.3693694e+01 7.2313390e-19 9.4599132e-15 2.7210756e-12
-1.3684685e+01 8.7670319e-19 1.1193135e-14 3.1588569e-12
-1.3675676e+01 1.0624602e-18 1.3241900e-14 3.6790081e-12
-1.3666667e+01 1.2878573e-18 1.5653008e-14 4.2799231e-12
-1.3657658e+01 1.5621130e-18 1.8504313e-14 4.9665603e-12
-1.3648649e+01 1.8900389e-18 2.1833455e-14 5.7718579e-12
-1.3639640e+01 2.2889905e-18 2.5761998e-14 6.6911941e-12
-1.3630631e+01 2.7704883e-18 3.0372116e-14 7.7499943e-12
-1.3621622e+01 3.3503842e-18 3.5839595e-14 8.9900597e-12
-1.3612613e+01 4.0505994e-18 4.2204469e-14 1.0427099e-11
-1.3603604e+01 4.8962991e-18 4.9620399e-14 1.2079236e-11
-1.3594595e+01 5.9150206e-18 5.8458793e-14 1.4007399e-11
-1.3585586e+01 7.1441187e-18 6.8836148e-14 1.6208588e-11
-1.3576577e+01 8.6239927e-18 8.0996608e-14 1.8749658e-11
-1.3567568e+01 1.0405594e-17 9.5349028e-14 2.1678831e-11
-1.3558559e+01 1.2549434e-17 1.1212008e-13 2.4924816e-11
-1.3549550e+01 1.5129942e-17 1.3158467e-13 2.8778789e-11
-1.3540541e+01 1.8218024e-17 1.5451559e-13 3.3149870e-11
-1.3531532e+01 2.1915901e-17 1.8150200e-13 3.8195029e-11
-1.3522523e+01 2.6344910e-17 2.1254664e-13 4.4025204e-11
-1.3513514e+01 3.1686817e-17 2.4932927e-13 5.0821900e-11
-1.3504505e+01 3.8116068e-17 2.9247951e-13 5.8485243e-11
-1.3495495e+01 4.5798388e-17 3.4308797e-13 6.7456025e-11
-1.3486486e+01 5.5031496e-17 4.0203917e-13 7.7618600e-11
-1.3477477e+01 6.5999808e-17 4.7102400e-13 8.9300897e-11
-1.3468468e+01 7.9175688e-17 5.5107249e-13 1.0283361e-10
-1.3459459e+01 9.5100519e-17 6.4442304e-13 1.1854512e-10
-1.3450450e+01 1.1389992e-16 7.5407621e-13 1.3666310e-10
-1.3441441e+01 1.3643432e-16 8.8204162e-13 1.5715475e-10
-1.3432432e+01 1.6321454e-16 1.0310228e-12 1.8060805e-10
-1.3423423e+01 1.9520430e-16 1.2034742e-12 2.0692596e-10
-1.3414414e+01 2.3394251e-16 1.4038350e-12 2.3777997e-10
-1.3405405e+01 2.8026772e-16 1.6370938e-12 2.7266444e-10
-1.3396396e+01 3.3391046e-16 1.9086945e-12 3.1246271e-10
-1.3387387e+01 3.9935091e-16 2.2210219e-12 3.5855625e-10
-1.3378378e+01 4.7752941e-16 2.5783639e-12 4.1105406e-10
-1.3369369e+01 5.6936158e-16 2.9983103e-12 4.7074874e-10
-1.3360360e+01 6.7963477e-16 3.4876238e-12 5.3808861e-10
-1.3351351e+01 8.0570508e-16 4.0612391e-12 6.1334530e-10
-1.3342342e+01 9.6124354e-16 4.7085118e-12 7.0162804e-10
-1.3333333e+01 1.1462772e-15 5.4724822e-12 8.0286619e-10
-1.3324324e+01 1.3640853e-15 6.3533277e-12 9.1410073e-10
-1.3315315e+01 1.6263502e-15 7.3792203e-12 1.0408508e-09
-1.3306306e+01 1.9384367e-15 8.5637914e-12 1.1822228e-09
-1.3297297e+01 2.3069776e-15 9.9307586e-12 1.3513746e-09
-1.3288288e+01 2.7443026e-15 1.1528141e-11 1.5427162e-09
-1.3279279e+01 3.2660032e-15 1.3370762e-11 1.7576560e-09
-1.3270270e+01 3.8764243e-15 1.5520343e-11 2.0039483e-09
-1.3261261e+01 4.5957035e-15 1.7979900e-11 2.2749970e-09
-1.3252252e+01 5.4402375e-15 2.0831550e-11 2.5759207e-09
-1.3243243e+01 6.4448962e-15 2.4118401e-11 2.9307255e-09
-1.3234234e+01 7.6402248e-15 2.7880774e-11 3.3338335e-09
-1.3225225e+01 9.0347930e-15 3.2214744e-11 3.7964753e-09
-1.3216216e+01 1.0700180e-14 3.7237730e-11 4.3157469e-09
-1.3207207e+01 1.2653248e-14 4.3029748e-11 4.9048900e-09
-1.3198198e+01 1.4952422e-14 4.9615464e-11 5.5275662e-09
-1.3189189e+01 1.7658473e-14 5.7211860e-11 6.2413024e-09
-1.3180180e+01 2.0844584e-14 6.5917063e-11 7.0863426e-09
-1.3171171e+01 2.4580148e-14 7.5936364e-11 8.0453165e-09
-1.3162162e+01 2.8996208e-14 8.7395882e-11 9.0947516e-09
-1.3153153e+01 3.4227420e-14 1.0064074e-10 1.0318215e-08
-1.3144144e+01 4.0284544e-14 1.1580176e-10 1.1701148e-08
-1.3135135e+01 4.7299403e-14 1.3328203e-10 1.3211267e-08
-1.3126126e+01 5.5731199e-14 1.5313968e-10 1.4959996e-08
-1.3117117e+01 6.5595443e-14 1.7571327e-10 1.6907195e-08
-1.3108108e+01 7.7214236e-14 2.0198436e-10 1.9105630e-08
-1.3099099e+01 9.0757784e-14 2.3197313e-10 2.1582387e-08
-1.3090090e+01 1.0666093e-13 2.6589267e-10 2.4303117e-08
-1.3081081e+01 1.2529719e-13 3.0513800e-10 2.7355548e-08
-1.3072072e+01 1.4720730e-13 3.4979267e-10 3.0815533e-08
-1.3063063e+01 1.7279367e-13 4.0127771e-10 3.4779192e-08
-1.3054054e+01 2.0272404e-13 4.6021777e-10 3.9147644e-08
-1.3045045e+01 2.3771146e-13 5.2690380e-10 4.4108828e-08
-1.3036036e+01 2.7827160e-13 6.0283352e-10 4.9433517e-08
-1.3027027e+01 3.2591629e-13 6.9036615e-10 5.5700478e-08
-1.3018018e+01 3.8213521e-13 7.8925159e-10 6.2593802e-08
-1.3009009e+01 4.4749629e-13 9.0154537e-10 7.0084895e-08
-1.3000000e+01 5.2361723e-13 1.0287289e-09 7.8842999e-08
-1.2990991e+01 6.1245051e-13 1.1740572e-09 8.7990736e-08
-1.2981982e+01 7.1602558e-13 1.3399400e-09 9.8856275e-08
-1.2972973e+01 8.3679510e-13 1.5293909e-09 1.1083612e-07
-1.2963964e+01 9.7579940e-13 1.7442960e-09 1.2432031e-07
-1.2954955e+01 1.1385648e-12 1.9884643e-09 1.3939764e-07
-1.2945946e+01 1.3283547e-12 2.2650326e-09 1.5639756e-07
-1.2936937e+01 1.5517531e-12 2.5789968e-09 1.7543475e-07
-1.2927928e+01 1.8056740e-12 2.9344468e-09 1.9544335e-07
-1.2918919e+01 2.1002379e-12 3.3396308e-09 2.1810172e-07
-1.2909910e+01 2.4453074e-12 3.7917773e-09 2.4362450e-07
-1.2900901e+01 2.8463348e-12 4.3101355e-09 2.7226941e-07
-1.2891892e+01 3.3169082e-12 4.8931394e-09 3.0336843e-07
-1.2882883e+01 3.8637555e-12 5.5588588e-09 3.3818603e-07
-1.2873874e+01 4.4973628e-12 6.2990957e-09 3.7727504e-07
-1.2864865e+01 5.2303725e-12 7.1351602e-09 4.2077447e-07
-1.2855856e+01 6.0851311e-12 8.0919467e-09 4.6902443e-07
-1.2846847e+01 7.0763483e-12 9.1828434e-09 5.2208604e-07
-1.2837838e+01 8.2266627e-12 1.0382805e-08 5.8137052e-07
-1.2828829e+01 9.5473862e-12 1.1773408e-08 6.4769124e-07
-1.2819820e+01 1.1063910e-11 1.3328798e-08 7.2002436e-07
-1.2810811e+01 1.2823404e-11 1.5072881e-08 8.0100945e-07
-1.2801802e+01 1.4861084e-11 1.7062672e-08 8.9047575e-07
-1.2792793e+01 1.7199525e-11 1.9295479e-08 9.8759678e-07
-1.2783784e+01 1.9908236e-11 2.1827829e-08 1.0966734e-06
-1.2774775e+01 2.3055250e-11 2.4636494e-08 1.2190262e-06
-1.2765766e+01 2.6672364e-11 2.7773248e-08 1.3528411e-06
-1.2756757e+01 3.0798171e-11 3.1291223e-08 1.5014471e-06
-1.2747748e+01 3.5568598e-11 3.5240211e-08 1.6650880e-06
-1.2738739e+01 4.1102493e-11 3.9712874e-08 1.8411072e-06
-1.2729730e+01 4.7465051e-11 4.4725437e-08 2.0379902e-06
-1.2720721e+01 5.4681138e-11 5.0391449e-08 2.2524493e-06
-1.2711712e+01 6.3154520e-11 5.6719157e-08 2.4920508e-06
-1.2702703e+01 7.2876899e-11 6.3889724e-08 2.7573327e-06
-1.2693694e+01 8.3866148e-11 7.1824939e-08 3.0453270e-06
-1.2684685e+01 9.6677463e-11 8.0698050e-08 3.3611572e-06
-1.2675676e+01 1.1142848e-10 9.0741892e-08 3.7225694e-06
-1.2666667e+01 1.2838281e-10 1.0179152e-07 4.1160715e-06
-1.2657658e+01 1.4760850e-10 1.1418683e-07 4.5321428e-06
-1.2648649e+01 1.6975975e-10 1.2811574e-07 5.0045389e-06
-1.2639640e+01 1.9524877e-10 1.4369130e-07 5.5066893e-06
-1.2630631e+01 2.2396174e-10 1.6090818e-07 6.0475091e-06
-1.2621622e+01 2.5663668e-10 1.8037234e-07 6.6569377e-06
-1.2612613e+01 2.9520936e-10 2.0211526e-07 7.3288853e-06
-1.2603604e+01 3.3951542e-10 2.2577494e-07 8.0495153e-06
-1.2594595e+01 3.8886733e-10 2.5252582e-07 8.8561501e-06
-1.2585586e+01 4.4661170e-10 2.8200652e-07 9.7313358e-06
-1.2576577e+01 5.1155182e-10 3.1530830e-07 1.0630558e-05
-1.2567568e+01 5.8682872e-10 3.5188112e-07 1.1671298e-05
-1.2558559e+01 6.7235674e-10 3.9247003e-07 1.2841549e-05
-1.2549550e+01 7.7055605e-10 4.3822229e-07 1.4047719e-05
-1.2540541e+01 8.8219061e-10 4.8820440e-07 1.5437108e-05
-1.2531532e+01 1.0098532e-09 5.4401611e-07 1.6922055e-05
-1.2522523e+01 1.1560610e-09 6.0605898e-07 1.8576793e-05
-1.2513514e+01 1.3170045e-09 6.7574424e-07 2.0281535e-05
-1.2504505e+01 1.5033350e-09 7.5239290e-07 2.2199829e-05
-1.2495495e+01 1.7135872e-09 8.3651289e-07 2.4294685e-05
-1.2486486e+01 1.9518642e-09 9.3001407e-07 2.6592794e-05
-1.2477477e+01 2.2224215e-09 1.0333674e-06 2.9091709e-05
-1.2468468e+01 2.5299898e-09 1.1496970e-06 3.1760142e-05
-1.2459459e+01 2.8799646e-09 1.2767958e-06 3.4706704e-05
-1.2450450e+01 3.2706304e-09 1.4183894e-06 3.7862040e-05
-1.2441441e+01 3.7230496e-09 1.5751078e-06 4.1246662e-05
-1.2432432e+01 4.2299232e-09 1.7492575e-06 4.5028505e-05
-1.2423423e+01 4.8033692e-09 1.9394916e-06 4.9111241e-05
-1.2414414e+01 5.4523491e-09 2.1474753e-06 5.3635019e-05
-1.2405405e+01 6.1855372e-09 2.3786277e-06 5.8153061e-05
-1.2396396e+01 7.0019732e-09 2.6374589e-06 6.3328997e-05
-1.2387387e+01 7.9526397e-09 2.9236477e-06 6.9116813e-05
-1.2378378e+01 9.0296269e-09 3.2314124e-06 7.5390205e-05
-1.2369369e+01 1.0225896e-08 3.5738269e-06 8.1866993e-05
-1.2360360e+01 1.1573551e-08 3.9480005e-06 8.9014616e-05
-1.2351351e+01 1.3082451e-08 4.3565894e-06 9.6794473e-05
-1.2342342e+01 1.4810663e-08 4.8041120e-06 1.0521079e-04
-1.2333333e+01 1.6696368e-08 5.3065878e-06 1.1400749e-04
-1.2324324e+01 1.8713235e-08 5.8503138e-06 1.2366253e-04
-1.2315315e+01 2.1153700e-08 6.4558172e-06 1.3394583e-04
-1.2306306e+01 2.3954978e-08 7.1145598e-06 1.4491617e-04
-1.2297297e+01 2.6976861e-08 7.8384787e-06 1.5694297e-04
-1.2288288e+01 3.0451726e-08 8.6305297e-06 1.7015465e-04
-1.2279279e+01 3.4380667e-08 9.4957388e-06 1.8378699e-04
-1.2270270e+01 3.8819223e-08 1.0434468e-05 1.9889070e-04
-1.2261261e+01 4.3696889e-08 1.1468231e-05 2.1543186e-04
-1.2252252e+01 4.9334983e-08 1.2588602e-05 2.3310750e-04
-1.2243243e+01 5.5523145e-08 1.3807600e-05 2.5237336e-04
-1.2234234e+01 6.2549924e-08 1.5181799e-05 2.7186456e-04
-1.2225225e+01 7.0211038e-08 1.6662623e-05 2.9288679e-04
-1.2216216e+01 7.8923702e-08 1.8274334e-05 3.1561989e-04
-1.2207207e+01 8.8753205e-08 2.0041639e-05 3.3984600e-04
-1.2198198e+01 9.9560316e-08 2.1974261e-05 3.6682648e-04
-1.2189189e+01 1.1194714e-07 2.4099753e-05 3.9424313e-04
-1.2180180e+01 1.2524527e-07 2.6345670e-05 4.2451111e-04
-1.2171171e+01 1.4032622e-07 2.8870835e-05 4.5816898e-04
-1.2162162e+01 1.5734171e-07 3.1603573e-05 4.9400836e-04
-1.2153153e+01 1.7667827e-07 3.4500371e-05 5.3233505e-04
-1.2144144e+01 1.9810101e-07 3.7731776e-05 5.7063474e-04
-1.2135135e+01 2.2184353e-07 4.1149382e-05 6.1314516e-04
-1.2126126e+01 2.4831963e-07 4.4910168e-05 6.5958468e-04
-1.2117117e+01 2.7794245e-07 4.9043299e-05 7.0837632e-04
-1.2108108e+01 3.1009802e-07 5.3525227e-05 7.5970251e-04
-1.2099099e+01 3.4740656e-07 5.8345413e-05 8.1626793e-04
-1.2090090e+01 3.8870426e-07 6.3612198e-05 8.7695243e-04
-1.2081081e+01 4.3464810e-07 6.9313292e-05 9.4166845e-04
-1.2072072e+01 4.8173463e-07 7.5495979e-05 1.0119955e-03
-1.2063063e+01 5.3721492e-07 8.2173850e-05 1.0826763e-03
-1.2054054e+01 6.0103327e-07 8.9543443e-05 1.1591107e-03
-1.2045045e+01 6.7022378e-07 9.7411434e-05 1.2387923e-03
-1.2036036e+01 7.4823553e-07 1.0581529e-04 1.3257894e-03
-1.2027027e+01 8.3269144e-07 1.1483457e-04 1.4165520e-03
-1.2018018e+01 9.2674247e-07 1.2472214e-04 1.5129350e-03
-1.2009009e+01 1.0241002e-06 1.3551517e-04 1.6171078e-03
-1.2000000e+01 1.1417335e-06 1.4702014e-04 1.7213403e-03
-1.1990991e+01 1.2683199e-06 1.5937065e-04 1.8400442e-03
-1.1981982e+01 1.4113470e-06 1.7268763e-04 1.9696449e-03
-1.1972973e+01 1.5700251e-06 1.8696649e-04 2.1044408e-03
-1.1963964e+01 1.7438393e-06 2.0254782e-04 2.2445427e-03
-1.1954955e+01 1.9330351e-06 2.1899484e-04 2.3859882e-03
-1.1945946e+01 2.1464002e-06 2.3712814e-04 2.5458510e-03
-1.1936937e+01 2.3751702e-06 2.5675491e-04 2.7158816e-03
-1.1927928e+01 2.6334569e-06 2.7747939e-04 2.8911623e-03
-1.1918919e+01 2.9226067e-06 2.9991416e-04 3.0809300e-03
-1.1909910e+01 3.2333260e-06 3.2364187e-04 3.2793849e-03
-1.1900901e+01 3.5815216e-06 3.4900976e-04 3.4846124e-03
-1.1891892e+01 3.9597958e-06 3.7707706e-04 3.7018644e-03
-1.1882883e+01 4.3693750e-06 4.0657323e-04 3.9351469e-03
-1.1873874e+01 4.8293072e-06 4.3882879e-04 4.1798058e-03
-1.1864865e+01 5.3238253e-06 4.7251600e-04 4.4405604e-03
-1.1855856e+01 5.8807444e-06 5.0896681e-04 4.7090121e-03
-1.1846847e+01 6.4989947e-06 5.4792946e-04 4.9992887e-03
-1.1837838e+01 7.1688571e-06 5.8963179e-04 5.2887224e-03
-1.1828829e+01 7.9036191e-06 6.3449118e-04 5.5890424e-03
-1.1819820e+01 8.7235577e-06 6.8204629e-04 5.9158906e-03
-1.1810811e+01 9.6287280e-06 7.3278004e-04 6.2611943e-03
-1.1801802e+01 1.0606037e-05 7.8722006e-04 6.6054605e-03
-1.1792793e+01 1.1657680e-05 8.4572819e-04 6.9704365e-03
-1.1783784e+01 1.2785853e-05 9.0700763e-04 7.3669128e-03
-1.1774775e+01 1.4116672e-05 9.7321738e-04 7.7801255e-03
-1.1765766e+01 1.5502371e-05 1.0434125e-03 8.2009251e-03
-1.1756757e+01 1.7021331e-05 1.1187794e-03 8.6489664e-03
-1.1747748e+01 1.8695943e-05 1.1987150e-03 9.1271592e-03
-1.1738739e+01 2.0540373e-05 1.2860404e-03 9.6270137e-03
-1.1729730e+01 2.2552931e-05 1.3747181e-03 1.0140459e-02
-1.1720721e+01 2.4671676e-05 1.4714614e-03 1.0670226e-02
-1.1711712e+01 2.6968061e-05 1.5753524e-03 1.1239506e-02
-1.1702703e+01 2.9535309e-05 1.6838632e-03 1.1830139e-02
-1.1693694e+01 3.2306163e-05 1.7964836e-03 1.2454951e-02
-1.1684685e+01 3.5360108e-05 1.9212685e-03 1.3059936e-02
-1.1675676e+01 3.8662191e-05 2.0505172e-03 1.3737975e-02
-1.1666667e+01 4.2213091e-05 2.1847059e-03 1.4459427e-02
-1.1657658e+01 4.6151370e-05 2.3331940e-03 1.5191270e-02
-1.1648649e+01 5.0441264e-05 2.4871895e-03 1.5926001e-02
-1.1639640e+01 5.5133881e-05 2.6516265e-03 1.6739419e-02
-1.1630631e+01 6.0168305e-05 2.8212255e-03 1.7559997e-02
-1.1621622e+01 6.5633319e-05 3.0078234e-03 1.8415994e-02
-1.1612613e+01 7.1655650e-05 3.2021009e-03 1.9308520e-02
-1.1603604e+01 7.8161286e-05 3.4042840e-03 2.0199353e-02
-1.1594595e+01 8.5099646e-05 3.6144210e-03 2.1167350e-02
-1.1585586e+01 9.2700219e-05 3.8402665e-03 2.2129166e-02
-1.1576577e+01 1.0100796e-04 4.0787406e-03 2.3205909e-02
-1.1567568e+01 1.0983584e-04 4.3329822e-03 2.4259856e-02
-1.1558559e+01 1.1964720e-04 4.5938256e-03 2.5391466e-02
-1.1549550e+01 1.2997385e-04 4.8795317e-03 2.6530683e-02
-1.1540541e+01 1.4120274e-04 5.1801379e-03 2.7689686e-02
-1.1531532e+01 1.5344327e-04 5.4909886e-03 2.8935350e-02
-1.1522523e+01 1.6683995e-04 5.8195717e-03 3.0231576e-02
-1.1513514e+01 1.8120035e-04 6.1573305e-03 3.1565199e-02
-1.1504505e+01 1.9708417e-04 6.5149261e-03 3.2957617e-02
-1.1495495e+01 2.1391983e-04 6.8945324e-03 3.4315746e-02
-1.1486486e+01 2.3212194e-04 7.2873093e-03 3.5740231e-02
-1.1477477e+01 2.5159423e-04 7.7054958e-03 3.7257105e-02
-1.1468468e+01 2.7288741e-04 8.1306873e-03 3.8735402e-02
-1.1459459e+01 2.9524788e-04 8.5903778e-03 4.0249226e-02
-1.1450450e+01 3.1947171e-04 9.0801151e-03 4.1886127e-02
-1.1441441e+01 3.4624768e-04 9.5813244e-03 4.3586765e-02
-1.1432432e+01 3.7508959e-04 1.0104892e-02 4.5237444e-02
-1.1423423e+01 4.0533604e-04 1.0639032e-02 4.6963076e-02
-1.1414414e+01 4.3788743e-04 1.1200016e-02 4.8717335e-02
-1.1405405e+01 4.7281647e-04 1.1796739e-02 5.0557965e-02
-1.1396396e+01 5.1047480e-04 1.2408746e-02 5.2511023e-02
-1.1387387e+01 5.4960568e-04 1.3042847e-02 5.4517333e-02
-1.1378378e+01 5.9304009e-04 1.3725484e-02 5.6394095e-02
-1.1369369e+01 6.4009858e-04 1.4429424e-02 5.8326438e-02
-1.1360360e+01 6.8969140e-04 1.5156667e-02 6.0411198e-02
-1.1351351e+01 7.4497018e-04 1.5936356e-02 6.2584529e-02
-1.1342342e+01 8.0395039e-04 1.6720460e-02 6.4810519e-02
-1.1333333e+01 8.6460224e-04 1.7527815e-02 6.7087466e-02
-1.1324324e+01 9.2866700e-04 1.8383407e-02 6.9404530e-02
-1.1315315e+01 9.9616414e-04 1.9283375e-02 7.1648154e-02
-1.1306306e+01 1.0693926e-03 2.0200866e-02 7.3997806e-02
-1.1297297e+01 1.1496370e-03 2.1131646e-02 7.6500730e-02
-1.1288288e+01 1.2336569e-03 2.2119351e-02 7.8985697e-02
-1.1279279e+01 1.3270092e-03 2.3151456e-02 8.1603128e-02
-1.1270270e+01 1.4232302e-03 2.4244911e-02 8.4275740e-02
-1.1261261e+01 1.5273127e-03 2.5327810e-02 8.6951845e-02
-1.1252252e+01 1.6366378e-03 2.6484969e-02 8.9755477e-02
-1.1243243e+01 1.7496155e-03 2.7659818e-02 9.2379238e-02
-1.1234234e+01 1.8762425e-03 2.8865377e-02 9.5139190e-02
-1.1225225e+01 2.0077175e-03 3.0146258e-02 9.7895061e-02
-1.1216216e+01 2.1479463e-03 3.1428074e-02 1.0089649e-01
-1.1207207e+01 2.2983406e-03 3.2807797e-02 1.0388000e-01
-1.1198198e+01 2.4549961e-03 3.4185501e-02 1.0673606e-01
-1.1189189e+01 2.6171643e-03 3.5590710e-02 1.0974007e-01
-1.1180180e+01 2.7931745e-03 3.7120306e-02 1.1284210e-01
-1.1171171e+01 2.9868174e-03 3.8628142e-02 1.1587818e-01
-1.1162162e+01 3.1999375e-03 4.0222733e-02 1.1906136e-01
-1.1153153e+01 3.4204186e-03 4.1835975e-02 1.2186271e-01
-1.1144144e+01 3.6517043e-03 4.3492017e-02 1.2494457e-01
-1.1135135e+01 3.8896574e-03 4.5180749e-02 1.2832927e-01
-1.1126126e+01 4.1423831e-03 4.6928656e-02 1.3149631e-01
-1.1117117e+01 4.4146901e-03 4.8753721e-02 1.3464493e-01
-1.1108108e+01 4.7017492e-03 5.0526943e-02 1.3792871e-01
-1.1099099e+01 5.0034159e-03 5.2440892e-02 1.4108787e-01
-1.1090090e+01 5.3264516e-03 5.4384647e-02 1.4441236e-01
-1.1081081e+01 5.6576918e-03 5.6305173e-02 1.4801983e-01
-1.1072072e+01 6.0148550e-03 5.8412628e-02 1.5195187e-01
-1.1063063e+01 6.3883297e-03 6.0488434e-02 1.5584260e-01
-1.1054054e+01 6.7853078e-03 6.2617707e-02 1.5963383e-01
-1.1045045e+01 7.1989295e-03 6.4770854e-02 1.6342743e-01
-1.1036036e+01 7.6454617e-03 6.6931909e-02 1.6740003e-01
-1.1027027e+01 8.1111472e-03 6.9191376e-02 1.7145175e-01
-1.1018018e+01 8.5834351e-03 7.1528943e-02 1.7578374e-01
-1.1009009e+01 9.1091520e-03 7.3825524e-02 1.7995162e-01
-1.1000000e+01 9.6487994e-03 7.6378813e-02 1.8418890e-01
-1.0990991e+01 1.0236727e-02 7.8863939e-02 1.8837657e-01
-1.0981982e+01 1.0834415e-02 8.1344251e-02 1.9250067e-01
-1.0972973e+01 1.1475186e-02 8.3798948e-02 1.9699017e-01
-1.0963964e+01 1.2143544e-02 8.6409294e-02 2.0109595e-01
-1.0954955e+01 1.2845692e-02 8.8956259e-02 2.0550763e-01
-1.0945946e+01 1.3572281e-02 9.1636350e-02 2.1009742e-01
-1.0936937e+01 1.4351230e-02 9.4292608e-02 2.1467135e-01
-1.0927928e+01 1.5168764e-02 9.6919427e-02 2.1905098e-01
-1.0918919e+01 1.6018889e-02 9.9673188e-02 2.2353564e-01
-1.0909910e+01 1.6848911e-02 1.0250096e-01 2.2815115e-01
-1.0900901e+01 1.7764855e-02 1.0530775e-01 2.3239478e-01
-1.0891892e+01 1.8701417e-02 1.0806031e-01 2.3687372e-01
-1.0882883e+01 1.9695441e-02 1.1088083e-01 2.4110947e-01
-1.0873874e+01 2.0701210e-02 1.1385820e-01 2.4559077e-01
-1.0864865e+01 2.1807650e-02 1.1680127e-01 2.5001041e-01
-1.0855856e+01 2.2918384e-02 1.1961431e-01 2.5467507e-01
-1.0846847e+01 2.4166962e-02 1.2254677e-01 2.5912669e-01
-1.0837838e+01 2.5421750e-02 1.2542263e-01 2.6341130e-01
-1.0828829e+01 2.6739929e-02 1.2826050e-01 2.6742770e-01
-1.0819820e+01 2.8077229e-02 1.3100565e-01 2.7158395e-01
-1.0810811e+01 2.9500892e-02 1.3379431e-01 2.7505152e-01
-1.0801802e+01 3.0959585e-02 1.3645519e-01 2.7865642e-01
-1.0792793e+01 3.2459496e-02 1.3889922e-01 2.8198246e-01
-1.0783784e+01 3.4080430e-02 1.4135734e-01 2.8556525e-01
-1.0774775e+01 3.5727985e-02 1.4391723e-01 2.8949430e-01
-1.0765766e+01 3.7498953e-02 1.4634777e-01 2.9338323e-01
-1.0756757e+01 3.9271944e-02 1.4889776e-01 2.9746434e-01
-1.0747748e+01 4.1123665e-02 1.5142639e-01 3.0175134e-01
-1.0738739e+01 4.2999312e-02 1.5440188e-01 3.0612019e-01
-1.0729730e+01 4.5034480e-02 1.5727536e-01 3.1066763e-01
-1.0720721e+01 4.7161641e-02 1.6019110e-01 3.1581898e-01
-1.0711712e+01 4.9318489e-02 1.6338526e-01 3.2040546e-01
-1.0702703e+01 5.1510336e-02 1.6675483e-01 3.2551218e-01
-1.0693694e+01 5.3775896e-02 1.7003225e-01 3.3041522e-01
-1.0684685e+01 5.6164313e-02 1.7360251e-01 3.3489469e-01
-1.0675676e+01 5.8674525e-02 1.7701932e-01 3.3961308e-01
-1.0666667e+01 6.1250449e-02 1.8026092e-01 3.4455164e-01
-1.0657658e+01 6.3884875e-02 1.8369247e-01 3.4945951e-01
-1.0648649e+01 6.6524968e-02 1.8739720e-01 3.5425988e-01
-1.0639640e+01 6.9243910e-02 1.9120343e-01 3.5932946e-01
-1.0630631e+01 7.2137814e-02 1.9510324e-01 3.6455558e-01
-1.0621622e+01 7.5179206e-02 1.9906062e-01 3.6981948e-01
-1.0612613e+01 7.8318971e-02 2.0339813e-01 3.7498899e-01
-1.0603604e+01 8.1549758e-02 2.0752865e-01 3.7995421e-01
-1.0594595e+01 8.4905381e-02 2.1176900e-01 3.8499377e-01
-1.0585586e+01 8.8364143e-02 2.1593973e-01 3.9008521e-01
-1.0576577e+01 9.1934455e-02 2.2034586e-01 3.9549368e-01
-1.0567568e+01 9.5335570e-02 2.2465047e-01 4.0052784e-01
-1.0558559e+01 9.8850945e-02 2.2887028e-01 4.0551094e-01
-1.0549550e+01 1.0240223e-01 2.3343546e-01 4.1019055e-01
-1.0540541e+01 1.0613507e-01 2.3793551e-01 4.1455687e-01
-1.0531532e+01 1.0976916e-01 2.4228008e-01 4.1870956e-01
-1.0522523e+01 1.1388114e-01 2.4681205e-01 4.2346965e-01
-1.0513514e+01 1.1764857e-01 2.5132873e-01 4.2838743e-01
-1.0504505e+01 1.2136299e-01 2.5606549e-01 4.3243587e-01
-1.0495495e+01 1.2498115e-01 2.6097690e-01 4.3694291e-01
-1.0486486e+01 1.2888498e-01 2.6525595e-01 4.4216991e-01
-1.0477477e+01 1.3272456e-01 2.6944354e-01 4.4667837e-01
-1.0468468e+01 1.3653338e-01 2.7411565e-01 4.5200407e-01
-1.0459459e+01 1.4031191e-01 2.7863681e-01 4.5672085e-01
-1.0450450e+01 1.4424504e-01 2.8310150e-01 4.6201477e-01
-1.0441441e+01 1.4810980e-01 2.8721719e-01 4.6760974e-01
-1.0432432e+01 1.5185333e-01 2.9166496e-01 4.7308001e-01
-1.0423423e+01 1.5552170e-01 2.9614995e-01 4.7858672e-01
-1.0414414e+01 1.5939822e-01 3.0087247e-01 4.8382906e-01
-1.0405405e+01 1.6320514e-01 3.0579182e-01 4.8955310e-01
-1.0396396e+01 1.6693072e-01 3.1036056e-01 4.9494684e-01
-1.0387387e+01 1.7053093e-01 3.1511094e-01 5.0047606e-01
-1.0378378e+01 1.7452377e-01 3.1971846e-01 5.0662844e-01
-1.0369369e+01 1.7857823e-01 3.2489572e-01 5.1236678e-01
-1.0360360e+01 1.8267328e-01 3.2990382e-01 5.1798789e-01
-1.0351351e+01 1.8703547e-01 3.3490718e-01 5.2348912e-01
-1.0342342e+01 1.9121490e-01 3.3967285e-01 5.2917154e-01
-1.0333333e+01 1.9535626e-01 3.4462290e-01 5.3582085e-01
-1.0324324e+01 1.9955268e-01 3.5009622e-01 5.4183656e-01
-1.0315315e+01 2.0415944e-01 3.5586981e-01 5.4817992e-01
-1.0306306e+01 2.0881300e-01 3.6137332e-01 5.5425865e-01
-1.0297297e+01 2.1351904e-01 3.6684915e-01 5.6048405e-01
-1.0288288e+01 2.1827256e-01 3.7254204e-01 5.6727009e-01
-1.0279279e+01 2.2338145e-01 3.7852281e-01 5.7335529e-01
-1.0270270e+01 2.2824108e-01 3.8435359e-01 5.7995607e-01
-1.0261261e+01 2.3299239e-01 3.9020933e-01 5.8655460e-01
-1.0252252e+01 2.3830452e-01 3.9644257e-01 5.9291545e-01
-1.0243243e+01 2.4345642e-01 4.0248276e-01 5.9956293e-01
-1.0234234e+01 2.4833850e-01 4.0846883e-01 6.0672126e-01
-1.0225225e+01 2.5369860e-01 4.1471822e-01 6.1345411e-01
-1.0216216e+01 2.5903564e-01 4.2089128e-01 6.2018626e-01
-1.0207207e+01 2.6392651e-01 4.2754186e-01 6.2727671e-01
-1.0198198e+01 2.6974951e-01 4.3347178e-01 6.3497965e-01
-1.0189189e+01 2.7547944e-01 4.4002634e-01 6.4216756e-01
-1.0180180e+01 2.8115477e-01 4.4629520e-01 6.4980546e-01
-1.0171171e+01 2.8633971e-01 4.5327361e-01 6.5709381e-01
-1.0162162e+01 2.9176105e-01 4.5997033e-01 6.6339226e-01
-1.0153153e+01 2.9734022e-01 4.6691247e-01 6.7076012e-01
-1.0144144e+01 3.0312692e-01 4.7374760e-01 6.7826669e-01
-1.0135135e+01 3.0902079e-01 4.8093121e-01 6.8627515e-01
-1.0126126e+01 3.1473345e-01 4.8796010e-01 6.9423531e-01
-1.0117117e+01 3.2042480e-01 4.9493909e-01 7.0192892e-01
-1.0108108e+01 3.2627598e-01 5.0162044e-01 7.1031229e-01
-1.0099099e+01 3.3233648e-01 5.0881038e-01 7.1864419e-01
-1.0090090e+01 3.3808609e-01 5.1611523e-01 7.2729892e-01
-1.0081081e+01 3.4411446e-01 5.2357594e-01 7.3545719e-01
-1.0072072e+01 3.5023143e-01 5.3092983e-01 7.4379128e-01
-1.0063063e+01 3.5617353e-01 5.3850333e-01 7.5142693e-01
-1.0054054e+01 3.6221728e-01 5.4590186e-01 7.6074623e-01
-1.0045045e+01 3.6818833e-01 5.5370574e-01 7.6949037e-01
-1.0036036e+01 3.7458035e-01 5.6127267e-01 7.7769275e-01
-1.0027027e+01 3.8022222e-01 5.6889124e-01 7.8638279e-01
-1.0018018e+01 3.8621637e-01 5.7695919e-01 7.9546303e-01
-1.0009009e+01 3.9217173e-01 5.8515841e-01 8.0450176e-01
-1.0000000e+01 3.9837643e-01 5.9291702e-01 8.1385527e-01
-9.9909910e+00 4.0467994e-01 6.0032130e-01 8.2337298e-01
-9.9819820e+00 4.1087927e-01 6.0847316e-01 8.3249153e-01
-9.9729730e+00 4.1764830e-01 6.1612488e-01 8.4174791e-01
-9.9639640e+00 4.2387076e-01 6.2432493e-01 8.5121407e-01
-9.9549550e+00 4.3007705e-01 6.3268277e-01 8.6069727e-01
-9.9459459e+00 4.3637043e-01 6.4051278e-01 8.7028987e-01
-9.9369369e+00 4.4286441e-01 6.4869883e-01 8.7975595e-01
-9.9279279e+00 4.4967805e-01 6.5715534e-01 8.8976002e-01
-9.9189189e+00 4.5615938e-01 6.6504217e-01 8.9866614e-01
-9.9099099e+00 4.6274243e-01 6.7307450e-01 9.0798327e-01
-9.9009009e+00 4.6886346e-01 6.8146598e-01 9.1725785e-01
-9.8918919e+00 4.7540551e-01 6.8980702e-01 9.2633293e-01
-9.8828829e+00 4.8122856e-01 6.9769678e-01 9.3601271e-01
-9.8738739e+00 4.8780852e-01 7.0613137e-01 9.4569400e-01
-9.8648649e+00 4.9451060e-01 7.1412341e-01 9.5561085e-01
-9.8558559e+00 5.0106786e-01 7.2188949e-01 9.6496807e-01
-9.8468468e+00 5.0790280e-01 7.3023905e-01 9.7414252e-01
-9.8378378e+00 5.1439902e-01 7.3849833e-01 9.8345790e-01
-9.8288288e+00 5.2087436e-01 7.4686103e-01 9.9262773e-01
-9.8198198e+00 5.2735997e-01 7.5488762e-01 1.0014398e+00
-9.8108108e+00 5.3380899e-01 7.6270740e-01 1.0109962e+00
-9.8018018e+00 5.4002450e-01 7.7074398e-01 1.0201176e+00
-9.7927928e+00 5.4635380e-01 7.7823114e-01 1.0288823e+00
-9.7837838e+00 5.5208940e-01 7.8572556e-01 1.0376826e+00
-9.7747748e+00 5.5831665e-01 7.9360479e-01 1.0464279e+00
-9.7657658e+00 5.6475748e-01 8.0151854e-01 1.0551274e+00
-9.7567568e+00 5.7088295e-01 8.0886034e-01 1.0642554e+00
-9.7477477e+00 5.7733010e-01 8.1692473e-01 1.0732837e+00
-9.7387387e+00 5.8341020e-01 8.2440716e-01 1.0811328e+00
-9.7297297e+00 5.8982907e-01 8.3165596e-01 1.0894545e+00
-9.7207207e+00 5.9531302e-01 8.3884529e-01 1.0976049e+00
-9.7117117e+00 6.0097522e-01 8.4571373e-01 1.1051479e+00
-9.7027027e+00 6.0629472e-01 8.5255602e-01 1.1122156e+00
-9.6936937e+00 6.1208037e-01 8.5943782e-01 1.1198289e+00
-9.6846847e+00 6.1834193e-01 8.6576122e-01 1.1282852e+00
-9.6756757e+00 6.2440215e-01 8.7248301e-01 1.1357881e+00
-9.6666667e+00 6.2965085e-01 8.7906571e-01 1.1435580e+00
-9.6576577e+00 6.3474879e-01 8.8563541e-01 1.1509811e+00
-9.6486486e+00 6.3958388e-01 8.9243563e-01 1.1570403e+00
-9.6396396e+00 6.4522125e-01 8.9874452e-01 1.1641776e+00
-9.6306306e+00 6.5018713e-01 9.0401480e-01 1.1702267e+00
-9.6216216e+00 6.5581550e-01 9.0994470e-01 1.1764144e+00
-9.6126126e+00 6.6066831e-01 9.1528659e-01 1.1823826e+00
-9.6036036e+00 6.6631563e-01 9.2085718e-01 1.1878653e+00
-9.5945946e+00 6.7083032e-01 9.2620893e-01 1.1941895e+00
-9.5855856e+00 6.7586667e-01 9.3192523e-01 1.1993892e+00
-9.5765766e+00 6.8027832e-01 9.3659235e-01 1.2050212e+00
-9.5675676e+00 6.8430136e-01 9.4193005e-01 1.2104254e+00
-9.5585586e+00 6.8796660e-01 9.4626070e-01 1.2148093e+00
-9.5495495e+00 6.9147940e-01 9.5063548e-01 1.2198345e+00
-9.5405405e+00 6.9479789e-01 9.5496156e-01 1.2247442e+00
-9.5315315e+00 6.9879011e-01 9.5868270e-01 1.2291899e+00
-9.5225225e+00 7.0184746e-01 9.6271322e-01 1.2331506e+00
-9.5135135e+00 7.0514158e-01 9.6611818e-01 1.2371000e+00
-9.5045045e+00 7.0897359e-01 9.6977983e-01 1.2408488e+00
-9.4954955e+00 7.1206677e-01 9.7307999e-01 1.2444736e+00
-9.4864865e+00 7.1482950e-01 9.7649449e-01 1.2481935e+00
-9.4774775e+00 7.1828312e-01 9.7940383e-01 1.2509508e+00
-9.4684685e+00 7.2064222e-01 9.8213257e-01 1.2535205e+00
-9.4594595e+00 7.2332599e-01 9.8455534e-01 1.2556156e+00
-9.4504505e+00 7.2569512e-01 9.8679456e-01 1.2582197e+00
-9.4414414e+00 7.2787786e-01 9.8924638e-01 1.2605478e+00
-9.4324324e+00 7.3003413e-01 9.9111713e-01 1.2625849e+00
-9.4234234e+00 7.3111544e-01 9.9286071e-01 1.2632069e+00
-9.4144144e+00 7.3293468e-01 9.9431916e-01 1.2642328e+00
-9.4054054e+00 7.3454152e-01 9.9528593e-01 1.2654904e+00
-9.3963964e+00 7.3500468e-01 9.9683825e-01 1.2662015e+00
-9.3873874e+00 7.3629405e-01 9.9772592e-01 1.2666747e+00
-9.3783784e+00 7.3763296e-01 9.9806419e-01 1.2664941e+00
-9.3693694e+00 7.3886191e-01 9.9900909e-01 1.2660884e+00
-9.3603604e+00 7.3949622e-01 9.9961390e-01 1.2661015e+00
-9.3513514e+00 7.3944647e-01 1.0000000e+00 1.2661909e+00
-9.3423423e+00 7.3901105e-01 9.9988473e-01 1.2656633e+00
-9.3333333e+00 7.3901262e-01 9.9929410e-01 1.2647045e+00
-9.3243243e+00 7.3881265e-01 9.9888782e-01 1.2634245e+00
-9.3153153e+00 7.3880978e-01 9.9891877e-01 1.2622804e+00
-9.3063063e+00 7.3843113e-01 9.9781212e-01 1.2608644e+00
-9.2972973e+00 7.3701540e-01 9.9699978e-01 1.2593218e+00
-9.2882883e+00 7.3572322e-01 9.9546116e-01 1.2579834e+00
-9.2792793e+00 7.3493314e-01 9.9349979e-01 1.2565039e+00
-9.2702703e+00 7.3340415e-01 9.9109322e-01 1.2546086e+00
-9.2612613e+00 7.3223360e-01 9.8940557e-01 1.2530265e+00
-9.2522523e+00 7.3038556e-01 9.8718693e-01 1.2503970e+00
-9.2432432e+00 7.2912786e-01 9.8481978e-01 1.2474340e+00
-9.2342342e+00 7.2679376e-01 9.8196056e-01 1.2445230e+00
-9.2252252e+00 7.2444743e-01 9.7917044e-01 1.2419326e+00
-9.2162162e+00 7.2238162e-01 9.7613842e-01 1.2391819e+00
-9.2072072e+00 7.1917785e-01 9.7337759e-01 1.2358608e+00
-9.1981982e+00 7.1667144e-01 9.7030939e-01 1.2324237e+00
-9.1891892e+00 7.1418873e-01 9.6681628e-01 1.2289252e+00
-9.1801802e+00 7.1117585e-01 9.6319445e-01 1.2247747e+00
-9.1711712e+00 7.0806372e-01 9.5958087e-01 1.2203808e+00
-9.1621622e+00 7.0458890e-01 9.5553874e-01 1.2168929e+00
-9.1531532e+00 7.0118561e-01 9.5169173e-01 1.2132045e+00
-9.1441441e+00 6.9744515e-01 9.4733813e-01 1.2093972e+00
-9.1351351e+00 6.9346948e-01 9.4330773e-01 1.2048447e+00
-9.1261261e+00 6.8968502e-01 9.3854567e-01 1.2004292e+00
-9.1171171e+00 6.8597604e-01 9.3414129e-01 1.1960830e+00
-9.1081081e+00 6.8189325e-01 9.2979240e-01 1.1915805e+00
-9.0990991e+00 6.7840293e-01 9.2546429e-01 1.1865570e+00
-9.0900901e+00 6.7419027e-01 9.2081213e-01 1.1815322e+00
-9.0810811e+00 6.7042792e-01 9.1610309e-01 1.1769040e+00
-9.0720721e+00 6.6594492e-01 9.1133720e-01 1.1720916e+00
-9.0630631e+00 6.6144082e-01 9.0655116e-01 1.1662967e+00
-9.0540541e+00 6.5690671e-01 9.0091861e-01 1.1606155e+00
-9.0450450e+00 6.5217662e-01 8.9566339e-01 1.1551944e+00
-9.0360360e+00 6.4767935e-01 8.9086866e-01 1.1495865e+00
-9.0270270e+00 6.4299210e-01 8.8514426e-01 1.1437291e+00
-9.0180180e+00 6.3817943e-01 8.7963641e-01 1.1383602e+00
-9.0090090e+00 6.3380090e-01 8.7389289e-01 1.1323614e+00
-9.0000000e+00 6.2880114e-01 8.6875777e-01 1.1261915e+00
-8.9909910e+00 6.2343551e-01 8.6281153e-01 1.1205635e+00
-8.9819820e+00 6.1845091e-01 8.5682851e-01 1.1146391e+00
-8.9729730e+00 6.1291733e-01 8.5119146e-01 1.1082953e+00
-8.9639640e+00 6.0752718e-01 8.4534623e-01 1.1024062e+00
-8.9549550e+00 6.0197119e-01 8.3893947e-01 1.0961647e+00
-8.9459459e+00 5.9660006e-01 8.3311781e-01 1.0898386e+00
-8.9369369e+00 5.9124101e-01 8.2727232e-01 1.0837959e+00
-8.9279279e+00 5.8599405e-01 8.2111398e-01 1.0774801e+00
-8.9189189e+00 5.8020937e-01 8.1510269e-01 1.0714369e+00
-8.9099099e+00 5.7461699e-01 8.0929727e-01 1.0649663e+00
-8.9009009e+00 5.6938851e-01 8.0288961e-01 1.0587463e+00
-8.8918919e+00 5.6388771e-01 7.9594828e-01 1.0521511e+00
-8.8828829e+00 5.5793708e-01 7.8991291e-01 1.0460808e+00
-8.8738739e+00 5.5224287e-01 7.8364093e-01 1.0402629e+00
-8.8648649e+00 5.4615120e-01 7.7732289e-01 1.0341773e+00
-8.8558559e+00 5.4073986e-01 7.7105697e-01 1.0279500e+00
-8.8468468e+00 5.3512974e-01 7.6489115e-01 1.0217321e+00
-8.8378378e+00 5.2939685e-01 7.5859458e-01 1.0148901e+00
-8.8288288e+00 5.2385224e-01 7.5238724e-01 1.0083354e+00
-8.8198198e+00 5.1882396e-01 7.4665906e-01 1.0012042e+00
-8.8108108e+00 5.1320469e-01 7.4031391e-01 9.9512801e-01
-8.8018018e+00 5.0736833e-01 7.3472368e-01 9.8902828e-01
-8.7927928e+00 5.0155175e-01 7.2790805e-01 9.8223959e-01
-8.7837838e+00 4.9542301e-01 7.2120933e-01 9.7657224e-01
-8.7747748e+00 4.8986154e-01 7.1499414e-01 9.6984680e-01
-8.7657658e+00 4.8438635e-01 7.0892969e-01 9.6345306e-01
-8.7567568e+00 4.7844120e-01 7.0239814e-01 9.5723983e-01
-8.7477477e+00 4.7221728e-01 6.9580125e-01 9.5051772e-01
-8.7387387e+00 4.6628159e-01 6.9004384e-01 9.4457860e-01
-8.7297297e+00 4.6088661e-01 6.8465870e-01 9.3828335e-01
-8.7207207e+00 4.5563063e-01 6.7859949e-01 9.3177875e-01
-8.7117117e+00 4.5000871e-01 6.7280944e-01 9.2675917e-01
-8.7027027e+00 4.4469648e-01 6.6692121e-01 9.2106803e-01
-8.6936937e+00 4.3951568e-01 6.6117834e-01 9.1457170e-01
-8.6846847e+00 4.3408515e-01 6.5517887e-01 9.0887956e-01
-8.6756757e+00 4.2923306e-01 6.4957297e-01 9.0266880e-01
-8.6666667e+00 4.2380505e-01 6.4373717e-01 8.9719030e-01
-8.6576577e+00 4.1851514e-01 6.3834632e-01 8.9143317e-01
-8.6486486e+00 4.1316987e-01 6.3220915e-01 8.8527219e-01
-8.6396396e+00 4.0787874e-01 6.2664127e-01 8.7954685e-01
-8.6306306e+00 4.0224382e-01 6.2094786e-01 8.7295475e-01
-8.6216216e+00 3.9709502e-01 6.1578268e-01 8.6757234e-01
-8.6126126e+00 3.9239216e-01 6.1027806e-01 8.6186064e-01
-8.6036036e+00 3.8703622e-01 6.0469617e-01 8.5610496e-01
-8.5945946e+00 3.8193304e-01 5.9947237e-01 8.5012010e-01
-8.5855856e+00 3.7644525e-01 5.9414978e-01 8.4462883e-01
-8.5765766e+00 3.7182062e-01 5.8853314e-01 8.4026817e-01
-8.5675676e+00 3.6707684e-01 5.8312416e-01 8.3434847e-01
-8.5585586e+00 3.6208306e-01 5.7746115e-01 8.2875127e-01
-8.5495495e+00 3.5715366e-01 5.7242826e-01 8.2279115e-01
-8.5405405e+00 3.5246588e-01 5.6687868e-01 8.1766263e-01
-8.5315315e+00 3.4795318e-01 5.6147554e-01 8.1221550e-01
-8.5225225e+00 3.4308793e-01 5.5685535e-01 8.0737533e-01
-8.5135135e+00 3.3872074e-01 5.5161059e-01 8.0184448e-01
-8.5045045e+00 3.3443015e-01 5.4586314e-01 7.9681496e-01
-8.4954955e+00 3.2976036e-01 5.4073780e-01 7.9171217e-01
-8.4864865e+00 3.2508414e-01 5.3598201e-01 7.8654864e-01
-8.4774775e+00 3.2071234e-01 5.3097911e-01 7.8166392e-01
-8.4684685e+00 3.1627738e-01 5.2613187e-01 7.7636192e-01
-8.4594595e+00 3.1231019e-01 5.2137894e-01 7.7120683e-01
-8.4504505e+00 3.0804448e-01 5.1686407e-01 7.6679169e-01
-8.4414414e+00 3.0432754e-01 5.1220202e-01 7.6224821e-01
-8.4324324e+00 3.0083125e-01 5.0768674e-01 7.5705686e-01
-8.4234234e+00 2.9646517e-01 5.0256119e-01 7.5160862e-01
-8.4144144e+00 2.9223917e-01 4.9786188e-01 7.4765200e-01
-8.4054054e+00 2.8853016e-01 4.9347212e-01 7.4355304e-01
-8.3963964e+00 2.8441832e-01 4.8928131e-01 7.3931021e-01
-8.3873874e+00 2.8059539e-01 4.8480042e-01 7.3493934e-01
-8.3783784e+00 2.7647451e-01 4.8011640e-01 7.3041225e-01
-8.3693694e+00 2.7196481e-01 4.7632503e-01 7.2685216e-01
-8.3603604e+00 2.6797024e-01 4.7194522e-01 7.2215570e-01
-8.3513514e+00 2.6409006e-01 4.6797161e-01 7.1770664e-01
-8.3423423e+00 2.6064061e-01 4.6385923e-01 7.1285776e-01
-8.3333333e+00 2.5694000e-01 4.5974679e-01 7.0829180e-01
-8.3243243e+00 2.5336643e-01 4.5555590e-01 7.0417217e-01
-8.3153153e+00 2.4964475e-01 4.5126425e-01 7.0017398e-01
-8.3063063e+00 2.4602088e-01 4.4767013e-01 6.9597149e-01
-8.2972973e+00 2.4238694e-01 4.4376486e-01 6.9162949e-01
-8.2882883e+00 2.3903906e-01 4.3974849e-01 6.8775617e-01
-8.2792793e+00 2.3528810e-01 4.3539919e-01 6.8388004e-01
-8.2702703e+00 2.3201142e-01 4.3140928e-01 6.8067121e-01
-8.2612613e+00 2.2864513e-01 4.2766673e-01 6.7638929e-01
-8.2522523e+00 2.2543073e-01 4.2413177e-01 6.7269258e-01
-8.2432432e+00 2.2258327e-01 4.2078032e-01 6.6895046e-01
-8.2342342e+00 2.1902220e-01 4.1724263e-01 6.6477439e-01
-8.2252252e+00 2.1615720e-01 4.1366911e-01 6.6117895e-01
-8.2162162e+00 2.1312662e-01 4.1043693e-01 6.5674024e-01
-8.2072072e+00 2.1020810e-01 4.0632957e-01 6.5337899e-01
-8.1981982e+00 2.0733557e-01 4.0329842e-01 6.5014715e-01
-8.1891892e+00 2.0394682e-01 3.9988222e-01 6.4712108e-01
-8.1801802e+00 2.0103972e-01 3.9665856e-01 6.4396659e-01
-8.1711712e+00 1.9830298e-01 3.9346533e-01 6.4035245e-01
-8.1621622e+00 1.9596119e-01 3.9035008e-01 6.3626387e-01
-8.1531532e+00 1.9307868e-01 3.8694370e-01 6.3241360e-01
-8.1441441e+00 1.9043797e-01 3.8399000e-01 6.2945534e-01
-8.1351351e+00 1.8799541e-01 3.8086562e-01 6.2647742e-01
-8.1261261e+00 1.8546088e-01 3.7785675e-01 6.2296168e-01
-8.1171171e+00 1.8293777e-01 3.7398952e-01 6.1903314e-01
-8.1081081e+00 1.8061449e-01 3.7085233e-01 6.1582829e-01
-8.0990991e+00 1.7818360e-01 3.6780251e-01 6.1292839e-01
-8.0900901e+00 1.7594273e-01 3.6487809e-01 6.0945307e-01
-8.0810811e+00 1.7360209e-01 3.6182309e-01 6.0625732e-01
-8.0720721e+00 1.7136157e-01 3.5889093e-01 6.0299748e-01
-8.0630631e+00 1.6931420e-01 3.5546276e-01 5.9976341e-01
-8.0540541e+00 1.6685677e-01 3.5265212e-01 5.9700808e-01
-8.0450450e+00 1.6466552e-01 3.4973234e-01 5.9397307e-01
-8.0360360e+00 1.6228728e-01 3.4685788e-01 5.9122560e-01
-8.0270270e+00 1.6022508e-01 3.4391606e-01 5.8821927e-01
-8.0180180e+00 1.5823242e-01 3.4109136e-01 5.8476098e-01
-8.0090090e+00 1.5613157e-01 3.3883291e-01 5.8142683e-01
-8.0000000e+00 1.5399448e-01 3.3638619e-01 5.7801456e-01
-7.9909910e+00 1.5194861e-01 3.3386171e-01 5.7467950e-01
-7.9819820e+00 1.5012152e-01 3.3127231e-01 5.7215974e-01
-7.9729730e+00 1.4843374e-01 3.2856546e-01 5.6903579e-01
-7.9639640e+00 1.4693191e-01 3.2574897e-01 5.6577241e-01
-7.9549550e+00 1.4538403e-01 3.2294168e-01 5.6296026e-01
-7.9459459e+00 1.4357721e-01 3.2027664e-01 5.5986172e-01
-7.9369369e+00 1.4173016e-01 3.1822385e-01 5.5738082e-01
-7.9279279e+00 1.4021897e-01 3.1605200e-01 5.5523302e-01
-7.9189189e+00 1.3852023e-01 3.1335730e-01 5.5239419e-01
-7.9099099e+00 1.3652566e-01 3.1086799e-01 5.4955731e-01
-7.9009009e+00 1.3438635e-01 3.0827898e-01 5.4693815e-01
-7.8918919e+00 1.3249797e-01 3.0650497e-01 5.4389473e-01
-7.8828829e+00 1.3085679e-01 3.0398721e-01 5.4127218e-01
-7.8738739e+00 1.2921314e-01 3.0184515e-01 5.3811045e-01
-7.8648649e+00 1.2775073e-01 2.9972861e-01 5.3605600e-01
-7.8558559e+00 1.2618690e-01 2.9752623e-01 5.3274887e-01
-7.8468468e+00 1.2450211e-01 2.9537436e-01 5.3018853e-01
-7.8378378e+00 1.2314512e-01 2.9344352e-01 5.2823007e-01
-7.8288288e+00 1.2159245e-01 2.9133634e-01 5.2593497e-01
-7.8198198e+00 1.2018547e-01 2.8937462e-01 5.2396568e-01
-7.8108108e+00 1.1865144e-01 2.8744755e-01 5.2170823e-01
-7.8018018e+00 1.1715638e-01 2.8562947e-01 5.1903825e-01
-7.7927928e+00 1.1548420e-01 2.8358434e-01 5.1642117e-01
-7.7837838e+00 1.1352601e-01 2.8182762e-01 5.1398959e-01
-7.7747748e+00 1.1219245e-01 2.8014613e-01 5.1117206e-01
-7.7657658e+00 1.1064857e-01 2.7812565e-01 5.0812083e-01
-7.7567568e+00 1.0905862e-01 2.7646205e-01 5.0555397e-01
-7.7477477e+00 1.0762279e-01 2.7473499e-01 5.0339994e-01
-7.7387387e+00 1.0594833e-01 2.7323342e-01 5.0116734e-01
-7.7297297e+00 1.0507381e-01 2.7168050e-01 4.9858380e-01
-7.7207207e+00 1.0373571e-01 2.6995980e-01 4.9610505e-01
-7.7117117e+00 1.0241524e-01 2.6844045e-01 4.9407888e-01
-7.7027027e+00 1.0172084e-01 2.6688666e-01 4.9184790e-01
-7.6936937e+00 1.0052295e-01 2.6509992e-01 4.8995195e-01
-7.6846847e+00 9.9456452e-02 2.6346708e-01 4.8848202e-01
-7.6756757e+00 9.8041638e-02 2.6188280e-01 4.8652759e-01
-7.6666667e+00 9.6866342e-02 2.6035426e-01 4.8462415e-01
-7.6576577e+00 9.5406395e-02 2.5864925e-01 4.8243823e-01
-7.6486486e+00 9.4285742e-02 2.5669848e-01 4.7982299e-01
-7.6396396e+00 9.3002623e-02 2.5553553e-01 4.7800427e-01
-7.6306306e+00 9.1771499e-02 2.5401769e-01 4.7620314e-01
-7.6216216e+00 9.0640522e-02 2.5252617e-01 4.7449855e-01
-7.6126126e+00 8.9699138e-02 2.5096318e-01 4.7202366e-01
-7.6036036e+00 8.8664442e-02 2.4951751e-01 4.7037407e-01
-7.5945946e+00 8.7688835e-02 2.4797314e-01 4.6817703e-01
-7.5855856e+00 8.6740429e-02 2.4659748e-01 4.6623106e-01
-7.5765766e+00 8.5900342e-02 2.4492398e-01 4.6443534e-01
-7.5675676e+00 8.5106895e-02 2.4349030e-01 4.6215832e-01
-7.5585586e+00 8.4377402e-02 2.4189049e-01 4.6024890e-01
-7.5495495e+00 8.3549889e-02 2.4037809e-01 4.5777689e-01
-7.5405405e+00 8.2586975e-02 2.3865752e-01 4.5606027e-01
-7.5315315e+00 8.1774053e-02 2.3715169e-01 4.5445232e-01
-7.5225225e+00 8.0447531e-02 2.3580697e-01 4.5286841e-01
-7.5135135e+00 7.9747701e-02 2.3441166e-01 4.5094636e-01
-7.5045045e+00 7.9408343e-02 2.3368271e-01 4.4851170e-01
-7.4954955e+00 7.8264235e-02 2.3240219e-01 4.4674405e-01
-7.4864865e+00 7.7822356e-02 2.3134252e-01 4.4462411e-01
-7.4774775e+00 7.7042991e-02 2.2991363e-01 4.4238820e-01
-7.4684685e+00 7.6068702e-02 2.2867823e-01 4.4076504e-01
-7.4594595e+00 7.5048564e-02 2.2715259e-01 4.3972766e-01
-7.4504505e+00 7.4080779e-02 2.2609185e-01 4.3837188e-01
-7.4414414e+00 7.3171603e-02 2.2445532e-01 4.3675689e-01
-7.4324324e+00 7.2377417e-02 2.2317432e-01 4.3539686e-01
-7.4234234e+00 7.1541250e-02 2.2207729e-01 4.3365549e-01
-7.4144144e+00 7.0663389e-02 2.2071484e-01 4.3228807e-01
-7.4054054e+00 6.9894472e-02 2.1951131e-01 4.3092318e-01
-7.3963964e+00 6.9158693e-02 2.1868370e-01 4.2920211e-01
-7.3873874e+00 6.8448279e-02 2.1698249e-01 4.2792494e-01
-7.3783784e+00 6.7645840e-02 2.1565404e-01 4.2623722e-01
-7.3693694e+00 6.6807450e-02 2.1462676e-01 4.2517124e-01
-7.3603604e+00 6.6173832e-02 2.1303658e-01 4.2421977e-01
-7.3513514e+00 6.5340456e-02 2.1185077e-01 4.2253604e-01
-7.3423423e+00 6.4696584e-02 2.1057861e-01 4.2137395e-01
-7.3333333e+00 6.4075516e-02 2.0915964e-01 4.1995942e-01
-7.3243243e+00 6.3347441e-02 2.0764745e-01 4.1876343e-01
-7.3153153e+00 6.2468677e-02 2.0599334e-01 4.1732429e-01
-7.3063063e+00 6.1767756e-02 2.0541916e-01 4.1599619e-01
-7.2972973e+00 6.1007906e-02 2.0402164e-01 4.1517727e-01
-7.2882883e+00 6.0144369e-02 2.0251175e-01 4.1425633e-01
-7.2792793e+00 5.9544409e-02 2.0144842e-01 4.1271667e-01
-7.2702703e+00 5.8844306e-02 2.0010085e-01 4.1211664e-01
-7.2612613e+00 5.8055716e-02 1.9879714e-01 4.1051520e-01
-7.2522523e+00 5.7248381e-02 1.9793403e-01 4.0903926e-01
-7.2432432e+00 5.6719051e-02 1.9741853e-01 4.0723133e-01
-7.2342342e+00 5.5868280e-02 1.9631419e-01 4.0584775e-01
-7.2252252e+00 5.5345216e-02 1.9518361e-01 4.0454656e-01
-7.2162162e+00 5.4699243e-02 1.9400398e-01 4.0412628e-01
-7.2072072e+00 5.4142333e-02 1.9301784e-01 4.0285923e-01
-7.1981982e+00 5.3561933e-02 1.9230176e-01 4.0218243e-01
-7.1891892e+00 5.2794794e-02 1.9123433e-01 4.0098432e-01
-7.1801802e+00 5.2261939e-02 1.9002689e-01 3.9990428e-01
-7.1711712e+00 5.1551495e-02 1.8898769e-01 3.9878060e-01
-7.1621622e+00 5.0644147e-02 1.8788201e-01 3.9765454e-01
-7.1531532e+00 4.9950226e-02 1.8632455e-01 3.9633513e-01
-7.1441441e+00 4.9119427e-02 1.8537529e-01 3.9487438e-01
-7.1351351e+00 4.8306870e-02 1.8457468e-01 3.9346541e-01
-7.1261261e+00 4.7487864e-02 1.8345089e-01 3.9242554e-01
-7.1171171e+00 4.7122819e-02 1.8287843e-01 3.9128484e-01
-7.1081081e+00 4.6262835e-02 1.8154207e-01 3.8991982e-01
-7.0990991e+00 4.5597713e-02 1.8037708e-01 3.8885686e-01
-7.0900901e+00 4.4864642e-02 1.7948134e-01 3.8804774e-01
-7.0810811e+00 4.4041344e-02 1.7843037e-01 3.8661858e-01
-7.0720721e+00 4.3416351e-02 1.7733597e-01 3.8536347e-01
-7.0630631e+00 4.2532175e-02 1.7628067e-01 3.8436230e-01
-7.0540541e+00 4.2066461e-02 1.7561486e-01 3.8301141e-01
-7.0450450e+00 4.1535877e-02 1.7492219e-01 3.8229846e-01
-7.0360360e+00 4.1185453e-02 1.7395480e-01 3.8161114e-01
-7.0270270e+00 4.0599931e-02 1.7317186e-01 3.8032439e-01
-7.0180180e+00 3.9979649e-02 1.7209690e-01 3.7923931e-01
-7.0090090e+00 3.9384830e-02 1.7126753e-01 3.7811343e-01
-7.0000000e+00 3.8875983e-02 1.7026397e-01 3.7770378e-01
-6.9909910e+00 3.8319598e-02 1.6924317e-01 3.7664916e-01
-6.9819820e+00 3.7615933e-02 1.6791713e-01 3.7564808e-01
-6.9729730e+00 3.7023707e-02 1.6712733e-01 3.7484083e-01
-6.9639640e+00 3.6579874e-02 1.6614777e-01 3.7339729e-01
-6.9549550e+00 3.5817693e-02 1.6497155e-01 3.7218036e-01
-6.9459459e+00 3.5026655e-02 1.6409473e-01 3.7157666e-01
-6.9369369e+00 3.4607942e-02 1.6316173e-01 3.7020793e-01
-6.9279279e+00 3.3988330e-02 1.6229125e-01 3.6919704e-01
-6.9189189e+00 3.3193283e-02 1.6112910e-01 3.6816799e-01
-6.9099099e+00 3.2518775e-02 1.6018486e-01 3.6745103e-01
-6.9009009e+00 3.1750957e-02 1.5906875e-01 3.6659513e-01
-6.8918919e+00 3.0932539e-02 1.5785959e-01 3.6573773e-01
-6.8828829e+00 3.0295883e-02 1.5681491e-01 3.6458318e-01
-6.8738739e+00 2.9687704e-02 1.5554619e-01 3.6296258e-01
-6.8648649e+00 2.9209890e-02 1.5474433e-01 3.6169545e-01
-6.8558559e+00 2.8571099e-02 1.5398925e-01 3.6045464e-01
-6.8468468e+00 2.7889347e-02 1.5337580e-01 3.5954412e-01
-6.8378378e+00 2.7181740e-02 1.5277320e-01 3.5870143e-01
-6.8288288e+00 2.6520640e-02 1.5184581e-01 3.5750303e-01
-6.8198198e+00 2.6210565e-02 1.5085908e-01 3.5681171e-01
-6.8108108e+00 2.5571649e-02 1.5004122e-01 3.5527818e-01
-6.8018018e+00 2.4799726e-02 1.4884141e-01 3.5434419e-01
-6.7927928e+00 2.4161509e-02 1.4811860e-01 3.5300669e-01
-6.7837838e+00 2.3446709e-02 1.4709012e-01 3.5139125e-01
-6.7747748e+00 2.2761973e-02 1.4631637e-01 3.5032831e-01
-6.7657658e+00 2.2220270e-02 1.4570873e-01 3.4896725e-01
-6.7567568e+00 2.1812542e-02 1.4491966e-01 3.4719814e-01
-6.7477477e+00 2.1370417e-02 1.4401771e-01 3.4624688e-01
-6.7387387e+00 2.0748111e-02 1.4327599e-01 3.4537169e-01
-6.7297297e+00 2.0311767e-02 1.4258973e-01 3.4441983e-01
-6.7207207e+00 1.9682004e-02 1.4178731e-01 3.4325255e-01
-6.7117117e+00 1.9222736e-02 1.4116019e-01 3.4206746e-01
-6.7027027e+00 1.8640316e-02 1.4008400e-01 3.4142668e-01
-6.6936937e+00 1.8098369e-02 1.3920501e-01 3.4024121e-01
-6.6846847e+00 1.7636493e-02 1.3848676e-01 3.3838424e-01
-6.6756757e+00 1.7114339e-02 1.3827090e-01 3.3713399e-01
-6.6666667e+00 1.6523023e-02 1.3793433e-01 3.3632622e-01
-6.6576577e+00 1.6000095e-02 1.3753254e-01 3.3510447e-01
-6.6486486e+00 1.5558253e-02 1.3723753e-01 3.3397207e-01
-6.6396396e+00 1.4999306e-02 1.3682674e-01 3.3254299e-01
-6.6306306e+00 1.4533563e-02 1.3644063e-01 3.3071549e-01
-6.6216216e+00 1.3982648e-02 1.3593294e-01 3.2927469e-01
-6.6126126e+00 1.3434150e-02 1.3530368e-01 3.2824717e-01
-6.6036036e+00 1.2954400e-02 1.3482425e-01 3.2705936e-01
-6.5945946e+00 1.2398769e-02 1.3420345e-01 3.2552703e-01
-6.5855856e+00 1.1922536e-02 1.3366752e-01 3.2424120e-01
-6.5765766e+00 1.1424110e-02 1.3298612e-01 3.2307126e-01
-6.5675676e+00 1.0985133e-02 1.3219691e-01 3.2171406e-01
-6.5585586e+00 1.0638329e-02 1.3138988e-01 3.2036586e-01
-6.5495495e+00 1.0187136e-02 1.3078010e-01 3.1852713e-01
-6.5405405e+00 9.7830024e-03 1.3017027e-01 3.1684300e-01
-6.5315315e+00 9.3474674e-03 1.2937260e-01 3.1519786e-01
-6.5225225e+00 8.9151218e-03 1.2867768e-01 3.1396750e-01
-6.5135135e+00 8.4992615e-03 1.2784719e-01 3.1288517e-01
-6.5045045e+00 8.1706693e-03 1.2709197e-01 3.1090668e-01
-6.4954955e+00 7.7757252e-03 1.2622925e-01 3.0968131e-01
-6.4864865e+00 7.3996952e-03 1.2532700e-01 3.0801067e-01
-6.4774775e+00 7.0335238e-03 1.2442388e-01 3.0635777e-01
-6.4684685e+00 6.6817859e-03 1.2357080e-01 3.0506158e-01
-6.4594595e+00 6.3374727e-03 1.2255599e-01 3.0356447e-01
-6.4504505e+00 6.0180579e-03 1.2164276e-01 3.0126161e-01
-6.4414414e+00 5.7257366e-03 1.2078935e-01 2.9949520e-01
-6.4324324e+00 5.4335431e-03 1.1966121e-01 2.9831404e-01
-6.4234234e+00 5.1701320e-03 1.1856533e-01 2.9626381e-01
-6.4144144e+00 4.9082229e-03 1.1767406e-01 2.9435825e-01
-6.4054054e+00 4.6466204e-03 1.1658974e-01 2.9291687e-01
-6.3963964e+00 4.4155198e-03 1.1563804e-01 2.9097950e-01
-6.3873874e+00 4.1637588e-03 1.1468076e-01 2.8892816e-01
-6.3783784e+00 3.9292732e-03 1.1370311e-01 2.8745510e-01
-6.3693694e+00 3.7282487e-03 1.1257543e-01 2.8645090e-01
-6.3603604e+00 3.5114446e-03 1.1140951e-01 2.8540941e-01
-6.3513514e+00 3.3061242e-03 1.1023141e-01 2.8399795e-01
-6.3423423e+00 3.1152679e-03 1.0894448e-01 2.8248701e-01
-6.3333333e+00 2.9316799e-03 1.0762374e-01 2.8103404e-01
-6.3243243e+00 2.7695778e-03 1.0647661e-01 2.7958639e-01
-6.3153153e+00 2.6105727e-03 1.0506574e-01 2.7844547e-01
-6.3063063e+00 2.4559236e-03 1.0390607e-01 2.7734223e-01
-6.2972973e+00 2.3118640e-03 1.0262445e-01 2.7671174e-01
-6.2882883e+00 2.1707596e-03 1.0125594e-01 2.7653403e-01
-6.2792793e+00 2.0435804e-03 9.9992916e-02 2.7614752e-01
-6.2702703e+00 1.9272759e-03 9.8706973e-02 2.7544934e-01
-6.2612613e+00 1.8034897e-03 9.7390634e-02 2.7494115e-01
-6.2522523e+00 1.6916772e-03 9.5958759e-02 2.7408629e-01
-6.2432432e+00 1.5837489e-03 9.4650661e-02 2.7335713e-01
-6.2342342e+00 1.4826945e-03 9.3582652e-02 2.7252011e-01
-6.2252252e+00 1.3920533e-03 9.2117447e-02 2.7158644e-01
-6.2162162e+00 1.3011352e-03 9.0707692e-02 2.7032086e-01
-6.2072072e+00 1.2152958e-03 8.9490731e-02 2.6946074e-01
-6.1981982e+00 1.1332625e-03 8.8305167e-02 2.6835491e-01
-6.1891892e+00 1.0578298e-03 8.6662602e-02 2.6752341e-01
-6.1801802e+00 9.8735303e-04 8.5170505e-02 2.6619869e-01
-6.1711712e+00 9.1996240e-04 8.3573651e-02 2.6490590e-01
-6.1621622e+00 8.5598538e-04 8.1987689e-02 2.6377134e-01
-6.1531532e+00 7.9841625e-04 8.0408154e-02 2.6246624e-01
-6.1441441e+00 7.4083182e-04 7.8766420e-02 2.6129242e-01
-6.1351351e+00 6.8914824e-04 7.7206971e-02 2.5986629e-01
-6.1261261e+00 6.4024644e-04 7.5606471e-02 2.5870858e-01
-6.1171171e+00 5.9432618e-04 7.4003581e-02 2.5713178e-01
-6.1081081e+00 5.5339698e-04 7.2388259e-02 2.5549132e-01
-6.0990991e+00 5.1203607e-04 7.0914228e-02 2.5411609e-01
-6.0900901e+00 4.7511743e-04 6.9115692e-02 2.5247392e-01
-6.0810811e+00 4.4091016e-04 6.7334271e-02 2.5133307e-01
-6.0720721e+00 4.0858069e-04 6.5598181e-02 2.4980867e-01
-6.0630631e+00 3.7799611e-04 6.3902336e-02 2.4788532e-01
-6.0540541e+00 3.4950373e-04 6.2248567e-02 2.4640371e-01
-6.0450450e+00 3.2328580e-04 6.0720766e-02 2.4469578e-01
-6.0360360e+00 2.9995168e-04 5.9086617e-02 2.4245516e-01
-6.0270270e+00 2.7733785e-04 5.7370402e-02 2.4016669e-01
-6.0180180e+00 2.5598395e-04 5.5746096e-02 2.3822492e-01
-6.0090090e+00 2.3664235e-04 5.4101756e-02 2.3637327e-01
-6.0000000e+00 2.1887750e-04 5.2543592e-02 2.3402184e-01
-5.9909910e+00 2.0240413e-04 5.1084126e-02 2.3169966e-01
-5.9819820e+00 1.8675702e-04 4.9497698e-02 2.2924023e-01
-5.9729730e+00 1.7242284e-04 4.7937666e-02 2.2681327e-01
-5.9639640e+00 1.5909113e-04 4.6413188e-02 2.2475262e-01
-5.9549550e+00 1.4675761e-04 4.4961270e-02 2.2224688e-01
-5.9459459e+00 1.3532234e-04 4.3515052e-02 2.1999351e-01
-5.9369369e+00 1.2433844e-04 4.2070818e-02 2.1782534e-01
-5.9279279e+00 1.1444947e-04 4.0618410e-02 2.1560101e-01
-5.9189189e+00 1.0536188e-04 3.9244331e-02 2.1329932e-01
-5.9099099e+00 9.6955166e-05 3.7867244e-02 2.1030726e-01
-5.9009009e+00 8.9118268e-05 3.6438780e-02 2.0739611e-01
-5.8918919e+00 8.1956165e-05 3.5153107e-02 2.0486631e-01
-5.8828829e+00 7.5304685e-05 3.3876537e-02 2.0177895e-01
-5.8738739e+00 6.9161767e-05 3.2617042e-02 1.9941357e-01
-5.8648649e+00 6.3417688e-05 3.1365102e-02 1.9659610e-01
-5.8558559e+00 5.7987791e-05 3.0169434e-02 1.9373336e-01
-5.8468468e+00 5.3222132e-05 2.8940043e-02 1.9126913e-01
-5.8378378e+00 4.8639643e-05 2.7817784e-02 1.8799738e-01
-5.8288288e+00 4.4664769e-05 2.6663024e-02 1.8500233e-01
-5.8198198e+00 4.0870474e-05 2.5577844e-02 1.8239932e-01
-5.8108108e+00 3.7435308e-05 2.4507832e-02 1.7938225e-01
-5.8018018e+00 3.4175608e-05 2.3449969e-02 1.7620493e-01
-5.7927928e+00 3.1278904e-05 2.2482664e-02 1.7301681e-01
-5.7837838e+00 2.8744644e-05 2.1517303e-02 1.7041669e-01
-5.7747748e+00 2.6219194e-05 2.0618340e-02 1.6762726e-01
-5.7657658e+00 2.3905456e-05 1.9728631e-02 1.6443289e-01
-5.7567568e+00 2.1943101e-05 1.8904900e-02 1.6157810e-01
-5.7477477e+00 2.0015231e-05 1.8081001e-02 1.5872838e-01
-5.7387387e+00 1.8256888e-05 1.7282108e-02 1.5599519e-01
-5.7297297e+00 1.6644669e-05 1.6515877e-02 1.5334349e-01
-5.7207207e+00 1.5134272e-05 1.5719172e-02 1.5051802e-01
-5.7117117e+00 1.3730836e-05 1.5001982e-02 1.4792317e-01
-5.7027027e+00 1.2473683e-05 1.4289930e-02 1.4574110e-01
-5.6936937e+00 1.1305663e-05 1.3612175e-02 1.4358949e-01
-5.6846847e+00 1.0268676e-05 1.2945676e-02 1.4107362e-01
-5.6756757e+00 9.3308402e-06 1.2285113e-02 1.3944732e-01
-5.6666667e+00 8.4799671e-06 1.1660087e-02 1.3838745e-01
-5.6576577e+00 7.6609982e-06 1.1073056e-02 1.3808121e-01
-5.6486486e+00 6.9351952e-06 1.0506842e-02 1.3756470e-01
-5.6396396e+00 6.2786151e-06 9.9952437e-03 1.3678600e-01
-5.6306306e+00 5.6790612e-06 9.4805351e-03 1.3597357e-01
-5.6216216e+00 5.1401473e-06 9.0098632e-03 1.3463552e-01
-5.6126126e+00 4.6582059e-06 8.5353796e-03 1.3355155e-01
-5.6036036e+00 4.2057260e-06 8.0855771e-03 1.3257167e-01
-5.5945946e+00 3.8040053e-06 7.6678128e-03 1.3120728e-01
-5.5855856e+00 3.4369102e-06 7.2643739e-03 1.2949430e-01
-5.5765766e+00 3.1000140e-06 6.8582456e-03 1.2799645e-01
-5.5675676e+00 2.7998668e-06 6.4835831e-03 1.2646576e-01
-5.5585586e+00 2.5322583e-06 6.1188308e-03 1.2494730e-01
-5.5495495e+00 2.2885491e-06 5.8011060e-03 1.2346922e-01
-5.5405405e+00 2.0679276e-06 5.4764336e-03 1.2160894e-01
-5.5315315e+00 1.8677069e-06 5.1691204e-03 1.1956183e-01
-5.5225225e+00 1.6842065e-06 4.8857477e-03 1.1748390e-01
-5.5135135e+00 1.5180007e-06 4.6033283e-03 1.1529246e-01
-5.5045045e+00 1.3672478e-06 4.3382669e-03 1.1324733e-01
-5.4954955e+00 1.2297508e-06 4.0822111e-03 1.1110677e-01
-5.4864865e+00 1.1084697e-06 3.8445204e-03 1.0928644e-01
-5.4774775e+00 9.9655250e-07 3.6230642e-03 1.0700248e-01
-5.4684685e+00 8.9246982e-07 3.4066415e-03 1.0484235e-01
-5.4594595e+00 7.9909727e-07 3.2052919e-03 1.0282255e-01
-5.4504505e+00 7.1554913e-07 3.0147704e-03 1.0061769e-01
-5.4414414e+00 6.4061149e-07 2.8288177e-03 9.8673417e-02
-5.4324324e+00 5.7322625e-07 2.6612480e-03 9.6704552e-02
-5.4234234e+00 5.1430553e-07 2.4941604e-03 9.4201400e-02
-5.4144144e+00 4.6165040e-07 2.3396687e-03 9.1786523e-02
-5.4054054e+00 4.1370509e-07 2.1950618e-03 8.9443021e-02
-5.3963964e+00 3.7050060e-07 2.0514885e-03 8.7177659e-02
-5.3873874e+00 3.3198562e-07 1.9215056e-03 8.4835541e-02
-5.3783784e+00 2.9731832e-07 1.7974886e-03 8.2801168e-02
-5.3693694e+00 2.6554983e-07 1.6825523e-03 8.0374696e-02
-5.3603604e+00 2.3712604e-07 1.5766086e-03 7.8500020e-02
-5.3513514e+00 2.1185290e-07 1.4750879e-03 7.6383005e-02
-5.3423423e+00 1.8933170e-07 1.3754815e-03 7.4304249e-02
-5.3333333e+00 1.6905748e-07 1.2879920e-03 7.2241634e-02
-5.3243243e+00 1.5068912e-07 1.2034139e-03 7.0214391e-02
-5.3153153e+00 1.3436046e-07 1.1220886e-03 6.8154435e-02
-5.3063063e+00 1.1963714e-07 1.0436094e-03 6.6054297e-02
-5.2972973e+00 1.0667427e-07 9.7162109e-04 6.4135804e-02
-5.2882883e+00 9.5015446e-08 9.0485122e-04 6.2137798e-02
-5.2792793e+00 8.4526904e-08 8.4140266e-04 6.0141825e-02
-5.2702703e+00 7.5106102e-08 7.8264942e-04 5.8248217e-02
-5.2612613e+00 6.6698390e-08 7.2795489e-04 5.6334074e-02
-5.2522523e+00 5.9313655e-08 6.7740929e-04 5.4395157e-02
-5.2432432e+00 5.2594898e-08 6.2947446e-04 5.2577551e-02
-5.2342342e+00 4.6596471e-08 5.8444426e-04 5.0698489e-02
-5.2252252e+00 4.1300719e-08 5.4218096e-04 4.8863382e-02
-5.2162162e+00 3.6591044e-08 5.0400129e-04 4.7115246e-02
-5.2072072e+00 3.2420047e-08 4.6805518e-04 4.5460976e-02
-5.1981982e+00 2.8761150e-08 4.3437365e-04 4.3828480e-02
-5.1891892e+00 2.5503369e-08 4.0284785e-04 4.2301592e-02
-5.1801802e+00 2.2529648e-08 3.7402478e-04 4.0792299e-02
-5.1711712e+00 1.9893996e-08 3.4675153e-04 3.9222953e-02
-5.1621622e+00 1.7558431e-08 3.2052868e-04 3.7835789e-02
-5.1531532e+00 1.5477414e-08 2.9663489e-04 3.6460561e-02
-5.1441441e+00 1.3650480e-08 2.7367181e-04 3.5067632e-02
-5.1351351e+00 1.2051832e-08 2.5260721e-04 3.3747057e-02
-5.1261261e+00 1.0628976e-08 2.3317908e-04 3.2376432e-02
-5.1171171e+00 9.3869893e-09 2.1487592e-04 3.1002697e-02
-5.1081081e+00 8.2759413e-09 1.9836747e-04 2.9748780e-02
-5.0990991e+00 7.2792789e-09 1.8284277e-04 2.8544329e-02
-5.0900901e+00 6.3992246e-09 1.6842365e-04 2.7372561e-02
-5.0810811e+00 5.6345388e-09 1.5513965e-04 2.6269931e-02
-5.0720721e+00 4.9656585e-09 1.4285418e-04 2.5176248e-02
-5.0630631e+00 4.3688978e-09 1.3159987e-04 2.4100683e-02
-5.0540541e+00 3.8367353e-09 1.2100407e-04 2.3030353e-02
-5.0450450e+00 3.3765008e-09 1.1126020e-04 2.1976337e-02
-5.0360360e+00 2.9696364e-09 1.0240719e-04 2.0944823e-02
-5.0270270e+00 2.6120105e-09 9.4133390e-05 1.9985787e-02
-5.0180180e+00 2.2884687e-09 8.6505686e-05 1.9097652e-02
-5.0090090e+00 2.0088878e-09 7.9439369e-05 1.8180546e-02
-5.0000000e+00 1.7617814e-09 7.2942736e-05 1.7342827e-02
