X KDE_INF KDE_MED KDE_SUP
-4.0000000e+00 3.7847470e-38 2.2556603e-37 4.1328460e-37
-3.9949950e+00 5.1153068e-38 3.0412529e-37 5.5709752e-37
-3.9899900e+00 6.9098510e-38 4.0982087e-37 7.5054323e-37
-3.9849850e+00 9.3288445e-38 5.5194816e-37 1.0106079e-36
-3.9799800e+00 1.2587782e-37 7.4295961e-37 1.3600414e-36
-3.9749750e+00 1.6975896e-37 9.9952764e-37 1.8292963e-36
-3.9699700e+00 2.2881179e-37 1.3439624e-36 2.4591130e-36
-3.9649650e+00 3.0823806e-37 1.8061013e-36 3.3039646e-36
-3.9599600e+00 4.1500784e-37 2.4258269e-36 4.4366460e-36
-3.9549550e+00 5.5845542e-37 3.2564184e-36 5.9543814e-36
-3.9499499e+00 7.5107427e-37 4.3690125e-36 7.9869509e-36
-3.9449449e+00 1.0095770e-36 5.8585357e-36 1.0707495e-35
-3.9399399e+00 1.3563075e-36 7.8515893e-36 1.4346871e-35
-3.9349349e+00 1.8211220e-36 1.0516925e-35 1.9212728e-35
-3.9299299e+00 2.4438926e-36 1.4079352e-35 2.5714812e-35
-3.9249249e+00 3.2778370e-36 1.8838194e-35 3.4398552e-35
-3.9199199e+00 4.3939465e-36 2.5191764e-35 4.5989582e-35
-3.9149149e+00 5.8868686e-36 3.3669804e-35 6.1452741e-35
-3.9099099e+00 7.8827199e-36 4.4976465e-35 8.2070211e-35
-3.9049049e+00 1.0549455e-35 6.0047198e-35 1.0954494e-34
-3.8998999e+00 1.4110621e-35 8.0124048e-35 1.4613748e-34
-3.8948949e+00 1.8863592e-35 1.0685522e-34 1.9484685e-34
-3.8898899e+00 2.5203731e-35 1.4242666e-34 2.5964960e-34
-3.8848849e+00 3.3656383e-35 1.8973592e-34 3.4581547e-34
-3.8798799e+00 4.4919223e-35 2.5262164e-34 4.6032407e-34
-3.8748749e+00 5.9918259e-35 3.3616636e-34 6.1241447e-34
-3.8698699e+00 7.9881888e-35 4.4709588e-34 8.1430988e-34
-3.8648649e+00 1.0643871e-34 5.9430556e-34 1.0821724e-33
-3.8598599e+00 1.4174675e-34 7.8955365e-34 1.4373606e-33
-3.8548549e+00 1.8866387e-34 1.0483739e-33 1.9080840e-33
-3.8498498e+00 2.5097274e-34 1.3912767e-33 2.5315806e-33
-3.8448448e+00 3.3367721e-34 1.8453277e-33 3.3569783e-33
-3.8398398e+00 4.4339288e-34 2.4462241e-33 4.4490554e-33
-3.8348348e+00 5.8886135e-34 3.2410198e-33 5.8931784e-33
-3.8298298e+00 7.8162700e-34 4.2917050e-33 7.8017831e-33
-3.8248248e+00 1.0369271e-33 5.6799009e-33 1.0322875e-32
-3.8198198e+00 1.3748619e-33 7.5130172e-33 1.3651173e-32
-3.8148148e+00 1.8219318e-33 9.9323207e-33 1.8042710e-32
-3.8098098e+00 2.4130554e-33 1.3123504e-32 2.3833954e-32
-3.8048048e+00 3.1942188e-33 1.7330521e-32 3.1466824e-32
-3.7997998e+00 4.2259486e-33 2.2873686e-32 4.1521425e-32
-3.7947948e+00 5.5878651e-33 3.0173343e-32 5.4758822e-32
-3.7897898e+00 7.3846480e-33 3.9780792e-32 7.2176938e-32
-3.7847848e+00 9.7538451e-33 5.2418689e-32 9.5083536e-32
-3.7797798e+00 1.2876092e-32 6.9033775e-32 1.2519146e-31
-3.7747748e+00 1.6988478e-32 9.0865668e-32 1.6474286e-31
-3.7697698e+00 2.2402013e-32 1.1953656e-31 2.1667112e-31
-3.7647648e+00 2.9524449e-32 1.5716811e-31 2.8481178e-31
-3.7597598e+00 3.8890069e-32 2.0653366e-31 3.7417727e-31
-3.7547548e+00 5.1198566e-32 2.7125640e-31 4.9131426e-31
-3.7497497e+00 6.7365736e-32 3.5606713e-31 6.4476855e-31
-3.7447447e+00 8.8589549e-32 4.6713942e-31 8.4568933e-31
-3.7397397e+00 1.1643622e-31 6.1252510e-31 1.1086140e-30
-3.7347347e+00 1.5295225e-31 8.0271986e-31 1.4524875e-30
-3.7297297e+00 2.0081022e-31 1.0513973e-30 1.9019845e-30
-3.7247247e+00 2.6349837e-31 1.3763614e-30 2.4892245e-30
-3.7197197e+00 3.4556697e-31 1.8007807e-30 3.2559946e-30
-3.7147147e+00 4.5294836e-31 2.3547886e-30 4.2566291e-30
-3.7097097e+00 5.9337238e-31 3.0775546e-30 5.5617372e-30
-3.7047047e+00 7.7690540e-31 4.0199659e-30 7.2630268e-30
-3.6996997e+00 1.0166492e-30 5.2480953e-30 9.4795421e-30
-3.6946947e+00 1.3296467e-30 6.8476856e-30 1.2365725e-29
-3.6896897e+00 1.7380553e-30 8.9299426e-30 1.6121831e-29
-3.6846847e+00 2.2706651e-30 1.1639016e-29 2.1007369e-29
-3.6796797e+00 2.9648639e-30 1.5161656e-29 2.7358449e-29
-3.6746747e+00 3.8691770e-30 1.9739663e-29 3.5610152e-29
-3.6696697e+00 5.0465504e-30 2.5685949e-29 4.6325351e-29
-3.6646647e+00 6.5785897e-30 3.3405213e-29 6.0231841e-29
-3.6596597e+00 8.5710328e-30 4.3420581e-29 7.8270135e-29
-3.6546547e+00 1.1160809e-29 5.6407880e-29 1.0165496e-28
-3.6496496e+00 1.4525142e-29 7.3239722e-29 1.3195431e-28
-3.6446446e+00 1.8893276e-29 9.5042172e-29 1.7119108e-28
-3.6396396e+00 2.4561580e-29 1.2326756e-28 2.2197355e-28
-3.6346346e+00 3.1912992e-29 1.5978793e-28 2.8766290e-28
-3.6296296e+00 4.1442020e-29 2.0701506e-28 3.7258814e-28
-3.6246246e+00 5.3786896e-29 2.6805423e-28 4.8232162e-28
-3.6196196e+00 6.9770882e-29 3.4690149e-28 6.2403216e-28
-3.6146146e+00 9.0455321e-29 4.4869623e-28 8.0693724e-28
-3.6096096e+00 1.1720771e-28 5.8004469e-28 1.0428818e-27
-3.6046046e+00 1.5178905e-28 7.4943377e-28 1.3470786e-27
-3.5995996e+00 1.9646576e-28 9.6776036e-28 1.7390552e-27
-3.5945946e+00 2.5415313e-28 1.2490079e-27 2.2438629e-27
-3.5895896e+00 3.2859900e-28 1.6111104e-27 2.8936221e-27
-3.5845846e+00 4.2461876e-28 2.0770559e-27 3.7294935e-27
-3.5795796e+00 5.4839601e-28 2.6762942e-27 4.8041930e-27
-3.5745746e+00 7.0786684e-28 3.4465318e-27 6.1851977e-27
-3.5695696e+00 9.1321077e-28 4.4360202e-27 7.9588308e-27
-3.5645646e+00 1.1774776e-27 5.7064696e-27 1.0235463e-26
-3.5595596e+00 1.5173873e-27 7.3367596e-27 1.3156134e-26
-3.5545546e+00 1.9543504e-27 9.4276586e-27 1.6900970e-26
-3.5495495e+00 2.5157679e-27 1.2107827e-26 2.1699889e-26
-3.5445445e+00 3.2366884e-27 1.5541442e-26 2.7846201e-26
-3.5395395e+00 4.1619167e-27 1.9937891e-26 3.5713872e-26
-3.5345345e+00 5.3486976e-27 2.5564065e-26 4.5779441e-26
-3.5295295e+00 6.8701287e-27 3.2759962e-26 5.8649807e-26
-3.5245245e+00 8.8194983e-27 4.1958471e-26 7.5097459e-26
-3.5195195e+00 1.1315795e-26 5.3710439e-26 9.6105104e-26
-3.5145145e+00 1.4510702e-26 6.8716423e-26 1.2292217e-25
-3.5095095e+00 1.8597473e-26 8.7866874e-26 1.5713631e-25
-3.5045045e+00 2.3822187e-26 1.1229298e-25 2.0076381e-25
-3.4994995e+00 3.0498010e-26 1.4343093e-25 2.5636391e-25
-3.4944945e+00 3.9023259e-26 1.8310315e-25 3.2718312e-25
-3.4894895e+00 4.9904275e-26 2.3362086e-25 4.1733755e-25
-3.4844845e+00 6.3784350e-26 2.9791352e-25 5.3204283e-25
-3.4794795e+00 8.1480313e-26 3.7969214e-25 6.7790415e-25
-3.4744745e+00 1.0402876e-25 4.8365512e-25 8.6328173e-25
-3.4694695e+00 1.3274443e-25 6.1574767e-25 1.0987512e-24
-3.4644645e+00 1.6929393e-25 7.8348839e-25 1.3976833e-24
-3.4594595e+00 2.1578867e-25 9.9638035e-25 1.7769726e-24
-3.4544545e+00 2.7490210e-25 1.2664281e-24 2.2579549e-24
-3.4494494e+00 3.5001741e-25 1.6087877e-24 2.8675589e-24
-3.4444444e+00 4.4541353e-25 2.0425831e-24 3.6397538e-24
-3.4394394e+00 5.6649926e-25 2.5919315e-24 4.6173655e-24
-3.4344344e+00 7.2010770e-25 3.2872303e-24 5.8543550e-24
-3.4294294e+00 9.1486652e-25 4.1667701e-24 7.4186765e-24
-3.4244244e+00 1.1616631e-24 5.2787581e-24 9.3958567e-24
-3.4194194e+00 1.4742285e-24 6.6838514e-24 1.1893479e-23
-3.4144144e+00 1.8698708e-24 8.4583299e-24 1.5046795e-23
-3.4094094e+00 2.3703942e-24 1.0698066e-23 1.9025746e-23
-3.4044044e+00 3.0032516e-24 1.3523488e-23 2.4043736e-23
-3.3993994e+00 3.8029887e-24 1.7085787e-23 3.0368600e-23
-3.3943944e+00 4.8130517e-24 2.1574666e-23 3.8336299e-23
-3.3893894e+00 6.0880496e-24 2.7228015e-23 4.8368005e-23
-3.3843844e+00 7.6965840e-24 3.4343986e-23 6.0991420e-23
-3.3793794e+00 9.7247853e-24 4.3296046e-23 7.6867347e-23
-3.3743744e+00 1.2280730e-23 5.4551738e-23 9.6822797e-23
-3.3693694e+00 1.5499959e-23 6.8696049e-23 1.2189221e-22
-3.3643644e+00 1.9552355e-23 8.6460501e-23 1.5336874e-22
-3.3593594e+00 2.4650729e-23 1.0875934e-22 1.9286807e-22
-3.3543544e+00 3.1061515e-23 1.3673453e-22 2.4240769e-22
-3.3493493e+00 3.9118093e-23 1.7181167e-22 3.0450544e-22
-3.3443443e+00 4.9237375e-23 2.1576944e-22 3.8230176e-22
-3.3393393e+00 6.1940439e-23 2.7082580e-22 4.7971150e-22
-3.3343343e+00 7.7878187e-23 3.3974492e-22 6.0161208e-22
-3.3293293e+00 9.7863235e-23 4.2596973e-22 7.5407677e-22
-3.3243243e+00 1.2290951e-22 5.3378618e-22 9.4466356e-22
-3.3193193e+00 1.5428139e-22 6.6852668e-22 1.1827729e-21
-3.3143143e+00 1.9355473e-22 8.3682181e-22 1.4800901e-21
-3.3093093e+00 2.4269242e-22 1.0469117e-21 1.8511326e-21
-3.3043043e+00 3.0413809e-22 1.3090312e-21 2.3139262e-21
-3.2992993e+00 3.8093211e-22 1.6358849e-21 2.8908402e-21
-3.2942943e+00 4.7685520e-22 2.0432350e-21 3.6096180e-21
-3.2892893e+00 5.9660603e-22 2.5506257e-21 4.5046496e-21
-3.2842843e+00 7.4602078e-22 3.1822770e-21 5.6185388e-21
-3.2792793e+00 9.3234445e-22 3.9681865e-21 7.0040356e-21
-3.2742743e+00 1.1645658e-21 4.9454863e-21 8.7264160e-21
-3.2692693e+00 1.4538307e-21 6.1601144e-21 1.0866410e-20
-3.2642643e+00 1.8139521e-21 7.6688702e-21 1.3523803e-20
-3.2592593e+00 2.2620383e-21 9.5419434e-21 1.6821868e-20
-3.2542543e+00 2.8192675e-21 1.1866022e-20 2.0912800e-20
-3.2492492e+00 3.5118405e-21 1.4748107e-20 2.5984405e-20
-3.2442442e+00 4.3721541e-21 1.8320202e-20 3.2268291e-20
-3.2392392e+00 5.4402430e-21 2.2745060e-20 4.0049929e-20
-3.2342342e+00 6.7655533e-21 2.8223233e-20 4.9680980e-20
-3.2292292e+00 8.4091193e-21 3.5001712e-20 6.1594391e-20
-3.2242242e+00 1.0446237e-20 4.3384507e-20 7.6322887e-20
-3.2192192e+00 1.2969744e-20 5.3745597e-20 9.4521590e-20
-3.2142142e+00 1.6094042e-20 6.6544776e-20 1.1699569e-19
-3.2092092e+00 1.9960022e-20 8.2347021e-20 1.4473425e-19
-3.2042042e+00 2.4741104e-20 1.0184616e-19 1.7895152e-19
-3.1991992e+00 3.0650623e-20 1.2589379e-19 2.2113733e-19
-3.1941942e+00 3.7950868e-20 1.5553452e-19 2.7311865e-19
-3.1891892e+00 4.6964131e-20 1.9204904e-19 3.3713456e-19
-3.1841842e+00 5.8086211e-20 2.3700655e-19 4.1592767e-19
-3.1791792e+00 7.1802899e-20 2.9232867e-19 5.1285543e-19
-3.1741742e+00 8.8710102e-20 3.6036726e-19 6.3202569e-19
-3.1691692e+00 1.0953839e-19 4.4399913e-19 7.7846147e-19
-3.1641642e+00 1.3518291e-19 5.4674115e-19 9.5830142e-19
-3.1591592e+00 1.6673986e-19 6.7289029e-19 1.1790433e-18
-3.1541542e+00 2.0555083e-19 8.2769367e-19 1.4498398e-18
-3.1491491e+00 2.5325685e-19 1.0175549e-18 1.7818572e-18
-3.1441441e+00 3.1186407e-19 1.2502848e-18 2.1887109e-18
-3.1391391e+00 3.8382359e-19 1.5354049e-18 2.6869930e-18
-3.1341341e+00 4.7212844e-19 1.8845157e-18 3.2969117e-18
-3.1291291e+00 5.8043131e-19 2.3117426e-18 4.0430647e-18
-3.1241241e+00 7.1318742e-19 2.8342753e-18 4.9553771e-18
-3.1191191e+00 8.7582774e-19 3.4730216e-18 6.0702329e-18
-3.1141141e+00 1.0749689e-18 4.2533958e-18 7.4318448e-18
-3.1091091e+00 1.3186674e-18 5.2062735e-18 9.0939077e-18
-3.1041041e+00 1.6167274e-18 6.3691436e-18 1.1121595e-17
-3.0990991e+00 1.9810732e-18 7.7874984e-18 1.3593968e-17
-3.0940941e+00 2.4261990e-18 9.5165116e-18 1.6606881e-17
-3.0890891e+00 2.9697130e-18 1.1623060e-17 2.0276477e-17
-3.0840841e+00 3.6329944e-18 1.4188158e-17 2.4743412e-17
-3.0790791e+00 4.4419856e-18 1.7309897e-17 3.0177921e-17
-3.0740741e+00 5.4281487e-18 2.1106965e-17 3.6785924e-17
-3.0690691e+00 6.6296180e-18 2.5722904e-17 4.4816369e-17
-3.0640641e+00 8.0925884e-18 3.1331204e-17 5.4570044e-17
-3.0590591e+00 9.8729872e-18 3.8141437e-17 6.6410169e-17
-3.0540541e+00 1.2038486e-17 4.6406616e-17 8.0775101e-17
-3.0490490e+00 1.4670920e-17 5.6432025e-17 9.8193577e-17
-3.0440440e+00 1.7869195e-17 6.8585807e-17 1.1930298e-16
-3.0390390e+00 2.1752783e-17 8.3311654e-17 1.4487123e-16
-3.0340340e+00 2.6465910e-17 1.0114401e-16 1.7582299e-16
-3.0290290e+00 3.2182591e-17 1.2272624e-16 2.1327100e-16
-3.0240240e+00 3.9112660e-17 1.4883244e-16 2.5855361e-16
-3.0190190e+00 4.7509000e-17 1.8039341e-16 3.1327956e-16
-3.0140140e+00 5.7676195e-17 2.1852777e-16 3.7938151e-16
-3.0090090e+00 6.9980894e-17 2.6457906e-16 4.5917995e-16
-3.0040040e+00 8.4864206e-17 3.2016011e-16 5.5545940e-16
-2.9989990e+00 1.0285651e-16 3.8720580e-16 6.7155933e-16
-2.9939940e+00 1.2459517e-16 4.6803614e-16 8.1148240e-16
-2.9889890e+00 1.5084566e-16 5.6543126e-16 9.8002347e-16
-2.9839840e+00 1.8252678e-16 6.8272081e-16 1.1829231e-15
-2.9789790e+00 2.2074076e-16 8.2389026e-16 1.4270500e-15
-2.9739740e+00 2.6680912e-16 9.9370732e-16 1.7206183e-15
-2.9689690e+00 3.2231534e-16 1.1978723e-15 2.0734451e-15
-2.9639640e+00 3.8915577e-16 1.4431964e-15 2.4972569e-15
-2.9589590e+00 4.6960005e-16 1.7378139e-15 3.0060524e-15
-2.9539540e+00 5.6636315e-16 2.0914332e-15 3.6165339e-15
-2.9489489e+00 6.8269074e-16 2.5156351e-15 4.3486174e-15
-2.9439439e+00 8.2246082e-16 3.0242256e-15 5.2260375e-15
-2.9389389e+00 9.9030417e-16 3.6336545e-15 6.2770634e-15
-2.9339339e+00 1.1917473e-15 4.3635101e-15 7.5353456e-15
-2.9289289e+00 1.4333819e-15 5.2371047e-15 9.0409174e-15
-2.9239239e+00 1.7230657e-15 6.2821663e-15 1.0841378e-14
-2.9189189e+00 2.0701602e-15 7.5316566e-15 1.2993291e-14
-2.9139139e+00 2.4858118e-15 9.0247360e-15 1.5563831e-14
-2.9089089e+00 2.9832848e-15 1.0807902e-14 1.8632731e-14
-2.9039039e+00 3.5783546e-15 1.2936335e-14 2.2294576e-14
-2.8988989e+00 4.2897720e-15 1.5475475e-14 2.6661500e-14
-2.8938939e+00 5.1398120e-15 1.8502892e-14 3.1866372e-14
-2.8888889e+00 6.1549203e-15 2.2110481e-14 3.8066534e-14
-2.8838839e+00 7.3664767e-15 2.6407037e-14 4.5448205e-14
-2.8788789e+00 8.8116936e-15 3.1521297e-14 5.4231649e-14
-2.8738739e+00 1.0534675e-14 3.7605503e-14 6.4677253e-14
-2.8688689e+00 1.2587662e-14 4.4839591e-14 7.7092656e-14
-2.8638639e+00 1.5032500e-14 5.3436107e-14 9.1841112e-14
-2.8588589e+00 1.7942358e-14 6.3645968e-14 1.0935130e-13
-2.8538539e+00 2.1403756e-14 7.5765222e-14 1.3012880e-13
-2.8488488e+00 2.5518943e-14 9.0142964e-14 1.5476958e-13
-2.8438438e+00 3.0408678e-14 1.0719060e-13 1.8397571e-13
-2.8388388e+00 3.6215509e-14 1.2739268e-13 2.1857377e-13
-2.8338338e+00 4.3107599e-14 1.5131960e-13 2.5953640e-13
-2.8288288e+00 5.1283217e-14 1.7964239e-13 3.0800745e-13
-2.8238238e+00 6.0975992e-14 2.1315002e-13 3.6533132e-13
-2.8188188e+00 7.2461060e-14 2.5276962e-13 4.3308709e-13
-2.8138138e+00 8.6062246e-14 2.9959000e-13 5.1312866e-13
-2.8088088e+00 1.0216046e-13 3.5488911e-13 6.0763110e-13
-2.8038038e+00 1.2120352e-13 4.2016605e-13 7.1914492e-13
-2.7987988e+00 1.4371755e-13 4.9717832e-13 8.5065907e-13
-2.7937938e+00 1.7032036e-13 5.8798513e-13 1.0056743e-12
-2.7887888e+00 2.0173698e-13 6.9499781e-13 1.1882885e-12
-2.7837838e+00 2.3881778e-13 8.2103840e-13 1.4032954e-12
-2.7787788e+00 2.8255955e-13 9.6940763e-13 1.6563001e-12
-2.7737738e+00 3.3413004e-13 1.1439640e-12 1.9538520e-12
-2.7687688e+00 3.9489646e-13 1.3492151e-12 2.3035997e-12
-2.7637638e+00 4.6645867e-13 1.5904242e-12 2.7144701e-12
-2.7587588e+00 5.5068759e-13 1.8737330e-12 3.1968763e-12
-2.7537538e+00 6.4976991e-13 2.2063041e-12 3.7629574e-12
-2.7487487e+00 7.6625985e-13 2.5964860e-12 4.4268569e-12
-2.7437437e+00 9.0313929e-13 3.0540035e-12 5.2050437e-12
-2.7387387e+00 1.0638872e-12 3.5901784e-12 6.1166832e-12
-2.7337337e+00 1.2525604e-12 4.2181836e-12 7.1840661e-12
-2.7287287e+00 1.4738862e-12 4.9533370e-12 8.4331022e-12
-2.7237237e+00 1.7333705e-12 5.8134403e-12 9.8938911e-12
-2.7187187e+00 2.0374224e-12 6.8191698e-12 1.1601379e-11
-2.7137137e+00 2.3934974e-12 7.9945264e-12 1.3596114e-11
-2.7087087e+00 2.8102637e-12 9.3673539e-12 1.5925120e-11
-2.7037037e+00 3.2977930e-12 1.0969935e-11 1.8642895e-11
-2.6986987e+00 3.8677814e-12 1.2839679e-11 2.1812564e-11
-2.6936937e+00 4.5338027e-12 1.5019906e-11 2.5507201e-11
-2.6886887e+00 5.3116018e-12 1.7560756e-11 2.9811348e-11
-2.6836837e+00 6.2194303e-12 2.0520227e-11 3.4822757e-11
-2.6786787e+00 7.2784334e-12 2.3965366e-11 4.0654389e-11
-2.6736737e+00 8.5130939e-12 2.7973637e-11 4.7436697e-11
-2.6686687e+00 9.9517429e-12 3.2634485e-11 5.5320257e-11
-2.6636637e+00 1.1627145e-11 3.8051129e-11 6.4478758e-11
-2.6586587e+00 1.3577169e-11 4.4342614e-11 7.5112441e-11
-2.6536537e+00 1.5845560e-11 5.1646156e-11 8.7452017e-11
-2.6486486e+00 1.8482817e-11 6.0119819e-11 1.0176315e-10
-2.6436436e+00 2.1547206e-11 6.9945583e-11 1.1835155e-10
-2.6386386e+00 2.5105911e-11 8.1332831e-11 1.3756886e-10
-2.6336336e+00 2.9236354e-11 9.4522336e-11 1.5981924e-10
-2.6286286e+00 3.4027705e-11 1.0979080e-10 1.8556700e-10
-2.6236236e+00 3.9582601e-11 1.2745605e-10 2.1534518e-10
-2.6186186e+00 4.6019111e-11 1.4788288e-10 2.4976543e-10
-2.6136136e+00 5.3472975e-11 1.7148982e-10 2.8952912e-10
-2.6086086e+00 6.2100157e-11 1.9875668e-10 3.3544006e-10
-2.6036036e+00 7.2079751e-11 2.3023327e-10 3.8841890e-10
-2.5985986e+00 8.3617289e-11 2.6654922e-10 4.4951950e-10
-2.5935936e+00 9.6948506e-11 3.0842511e-10 5.1994749e-10
-2.5885886e+00 1.1234361e-10 3.5668513e-10 6.0108127e-10
-2.5835836e+00 1.3011216e-10 4.1227144e-10 6.9449587e-10
-2.5785786e+00 1.5060856e-10 4.7626041e-10 8.0198991e-10
-2.5735736e+00 1.7423830e-10 5.4988095e-10 9.2561611e-10
-2.5685686e+00 2.0146511e-10 6.3453540e-10 1.0677158e-09
-2.5635636e+00 2.3281895e-10 7.3182292e-10 1.2309579e-09
-2.5585586e+00 2.6890510e-10 8.4356614e-10 1.4183830e-09
-2.5535536e+00 3.1041450e-10 9.7184108e-10 1.6334529e-09
-2.5485485e+00 3.5813537e-10 1.1190110e-09 1.8801066e-09
-2.5435435e+00 4.1296636e-10 1.2877644e-09 2.1628238e-09
-2.5385385e+00 4.7593144e-10 1.4811583e-09 2.4866952e-09
-2.5335335e+00 5.4819665e-10 1.7026662e-09 2.8575035e-09
-2.5285285e+00 6.3108901e-10 1.9562328e-09 3.2818125e-09
-2.5235235e+00 7.2611785e-10 2.2463351e-09 3.7670687e-09
-2.5185185e+00 8.3499886e-10 2.5780511e-09 4.3217149e-09
-2.5135135e+00 9.5968108e-10 2.9571374e-09 4.9553175e-09
-2.5085085e+00 1.1023772e-09 3.3901153e-09 5.6787095e-09
-2.5035035e+00 1.2655981e-09 3.8843685e-09 6.5041509e-09
-2.4984985e+00 1.4521908e-09 4.4482519e-09 7.4455085e-09
-2.4934935e+00 1.6653818e-09 5.0912135e-09 8.5184568e-09
-2.4884885e+00 1.9088256e-09 5.8239312e-09 9.7407027e-09
-2.4834835e+00 2.1866584e-09 6.6584655e-09 1.1132237e-08
-2.4784785e+00 2.5035598e-09 7.6084303e-09 1.2715618e-08
-2.4734735e+00 2.8648198e-09 8.6891835e-09 1.4516278e-08
-2.4684685e+00 3.2764151e-09 9.9180404e-09 1.6562883e-08
-2.4634635e+00 3.7450948e-09 1.1314511e-08 1.8887715e-08
-2.4584585e+00 4.2784752e-09 1.2900563e-08 2.1527110e-08
-2.4534535e+00 4.8851458e-09 1.4700922e-08 2.4521942e-08
-2.4484484e+00 5.5747881e-09 1.6743392e-08 2.7918162e-08
-2.4434434e+00 6.3583073e-09 1.9061590e-08 3.1771640e-08
-2.4384384e+00 7.2479808e-09 2.1686314e-08 3.6133300e-08
-2.4334334e+00 8.2576197e-09 2.4658997e-08 4.1070533e-08
-2.4284284e+00 9.4027556e-09 2.8023873e-08 4.6656906e-08
-2.4234234e+00 1.0700839e-08 3.1830536e-08 5.2974205e-08
-2.4184184e+00 1.2171467e-08 3.6134564e-08 6.0114035e-08
-2.4134134e+00 1.3836631e-08 4.0998193e-08 6.8178941e-08
-2.4084084e+00 1.5721001e-08 4.6491084e-08 7.7283639e-08
-2.4034034e+00 1.7852228e-08 5.2691154e-08 8.7556384e-08
-2.3983984e+00 2.0261286e-08 5.9685497e-08 9.9140482e-08
-2.3933934e+00 2.2982857e-08 6.7571413e-08 1.1219595e-07
-2.3883884e+00 2.6055739e-08 7.6457530e-08 1.2690138e-07
-2.3833834e+00 2.9523310e-08 8.6465054e-08 1.4345592e-07
-2.3783784e+00 3.3434058e-08 9.7729147e-08 1.6208155e-07
-2.3733734e+00 3.7842114e-08 1.1040043e-07 1.8302553e-07
-2.3683684e+00 4.2807917e-08 1.2464662e-07 2.0656311e-07
-2.3633634e+00 4.8398870e-08 1.4065441e-07 2.3300050e-07
-2.3583584e+00 5.4690106e-08 1.5863146e-07 2.6267815e-07
-2.3533534e+00 6.1765327e-08 1.7880859e-07 2.9597435e-07
-2.3483483e+00 6.9717718e-08 2.0144226e-07 3.3330914e-07
-2.3433433e+00 7.8650972e-08 2.2681715e-07 3.7514868e-07
-2.3383383e+00 8.8680358e-08 2.5524915e-07 4.2200993e-07
-2.3333333e+00 9.9933993e-08 2.8708853e-07 4.7446586e-07
-2.3283283e+00 1.1255421e-07 3.2272342e-07 5.3315114e-07
-2.3233233e+00 1.2669886e-07 3.6258366e-07 5.9876828e-07
-2.3183183e+00 1.4254309e-07 4.0714506e-07 6.7209440e-07
-2.3133133e+00 1.6028104e-07 4.5693374e-07 7.5398871e-07
-2.3083083e+00 1.8012778e-07 5.1253132e-07 8.4540067e-07
-2.3033033e+00 2.0232145e-07 5.7458036e-07 9.4737835e-07
-2.2982983e+00 2.2712532e-07 6.4379012e-07 1.0610783e-06
-2.2932933e+00 2.5483080e-07 7.2094308e-07 1.1877760e-06
-2.2882883e+00 2.8575957e-07 8.0690202e-07 1.3288770e-06
-2.2832833e+00 3.2026714e-07 9.0261759e-07 1.4859293e-06
-2.2782783e+00 3.5874558e-07 1.0091366e-06 1.6606370e-06
-2.2732733e+00 4.0162746e-07 1.1276110e-06 1.8548743e-06
-2.2682683e+00 4.4938946e-07 1.2593076e-06 2.0707012e-06
-2.2632633e+00 5.0255666e-07 1.4056189e-06 2.3103812e-06
-2.2582583e+00 5.6170704e-07 1.5680739e-06 2.5763991e-06
-2.2532533e+00 6.2747639e-07 1.7483512e-06 2.8714806e-06
-2.2482482e+00 7.0056370e-07 1.9482920e-06 3.1986168e-06
-2.2432432e+00 7.8173687e-07 2.1699147e-06 3.5610810e-06
-2.2382382e+00 8.7183904e-07 2.4154302e-06 3.9624593e-06
-2.2332332e+00 9.7179531e-07 2.6872593e-06 4.4066737e-06
-2.2282282e+00 1.0826201e-06 2.9880503e-06 4.8980166e-06
-2.2232232e+00 1.2054249e-06 3.3206988e-06 5.4411784e-06
-2.2182182e+00 1.3414265e-06 3.6883688e-06 6.0412813e-06
-2.2132132e+00 1.4919578e-06 4.0945150e-06 6.7039159e-06
-2.2082082e+00 1.6584753e-06 4.5429072e-06 7.4351797e-06
-2.2032032e+00 1.8425717e-06 5.0376567e-06 8.2417191e-06
-2.1981982e+00 2.0459854e-06 5.5832435e-06 9.1307783e-06
-2.1931932e+00 2.2706169e-06 6.1845468e-06 1.0110229e-05
-2.1881882e+00 2.5185350e-06 6.8468768e-06 1.1188652e-05
-2.1831832e+00 2.7919991e-06 7.5760089e-06 1.2375368e-05
-2.1781782e+00 3.0934677e-06 8.3782204e-06 1.3680502e-05
-2.1731732e+00 3.4256174e-06 9.2603295e-06 1.5115047e-05
-2.1681682e+00 3.7913622e-06 1.0229737e-05 1.6690932e-05
-2.1631632e+00 4.1938684e-06 1.1294470e-05 1.8421089e-05
-2.1581582e+00 4.6365768e-06 1.2463231e-05 2.0319532e-05
-2.1531532e+00 5.1232231e-06 1.3745445e-05 2.2401433e-05
-2.1481481e+00 5.6578552e-06 1.5151318e-05 2.4683234e-05
-2.1431431e+00 6.2448794e-06 1.6691887e-05 2.7182657e-05
-2.1381381e+00 6.8890530e-06 1.8379085e-05 2.9918914e-05
-2.1331331e+00 7.5955341e-06 2.0225805e-05 3.2912674e-05
-2.1281281e+00 8.3699035e-06 2.2245962e-05 3.6186314e-05
-2.1231231e+00 9.2181966e-06 2.4454571e-05 3.9763939e-05
-2.1181181e+00 1.0146935e-05 2.6867819e-05 4.3671517e-05
-2.1131131e+00 1.1163164e-05 2.9503143e-05 4.7937030e-05
-2.1081081e+00 1.2274482e-05 3.2379328e-05 5.2590580e-05
-2.1031031e+00 1.3489089e-05 3.5516558e-05 5.7664541e-05
-2.0980981e+00 1.4815818e-05 3.8936551e-05 6.3193700e-05
-2.0930931e+00 1.6264185e-05 4.2662641e-05 6.9215419e-05
-2.0880881e+00 1.7844430e-05 4.6719852e-05 7.5769789e-05
-2.0830831e+00 1.9567564e-05 5.1135064e-05 8.2899821e-05
-2.0780781e+00 2.1445425e-05 5.5937092e-05 9.0651662e-05
-2.0730731e+00 2.3490723e-05 6.1156770e-05 9.9074503e-05
-2.0680681e+00 2.5717102e-05 6.6827142e-05 1.0822138e-04
-2.0630631e+00 2.8139191e-05 7.2983543e-05 1.1814861e-04
-2.0580581e+00 3.0772673e-05 7.9663747e-05 1.2891653e-04
-2.0530531e+00 3.3634339e-05 8.6908103e-05 1.4058943e-04
-2.0480480e+00 3.6742164e-05 9.4759681e-05 1.5323615e-04
-2.0430430e+00 4.0115366e-05 1.0326442e-04 1.6693004e-04
-2.0380380e+00 4.3774487e-05 1.1247129e-04 1.8174945e-04
-2.0330330e+00 4.7741463e-05 1.2243244e-04 1.9777734e-04
-2.0280280e+00 5.2039702e-05 1.3320337e-04 2.1510219e-04
-2.0230230e+00 5.6694166e-05 1.4484321e-04 2.3381807e-04
-2.0180180e+00 6.1731455e-05 1.5741450e-04 2.5402492e-04
-2.0130130e+00 6.7179894e-05 1.7098401e-04 2.7582877e-04
-2.0080080e+00 7.3069619e-05 1.8562237e-04 2.9934216e-04
-2.0030030e+00 7.9432678e-05 2.0140449e-04 3.2468440e-04
-1.9979980e+00 8.6303115e-05 2.1841032e-04 3.5198177e-04
-1.9929930e+00 9.3717079e-05 2.3672309e-04 3.8136730e-04
-1.9879880e+00 1.0171292e-04 2.5643228e-04 4.1298296e-04
-1.9829830e+00 1.1033129e-04 2.7763208e-04 4.4697815e-04
-1.9779780e+00 1.1961542e-04 3.0042109e-04 4.8351079e-04
-1.9729730e+00 1.2961057e-04 3.2490422e-04 5.2274741e-04
-1.9679680e+00 1.4036511e-04 3.5119228e-04 5.6486442e-04
-1.9629630e+00 1.5192999e-04 3.7940188e-04 6.1004576e-04
-1.9579580e+00 1.6435905e-04 4.0965467e-04 6.5848546e-04
-1.9529530e+00 1.7770906e-04 4.4208047e-04 7.1041443e-04
-1.9479479e+00 1.9203992e-04 4.7681424e-04 7.6622976e-04
-1.9429429e+00 2.0741473e-04 5.1399796e-04 8.2641335e-04
-1.9379379e+00 2.2389995e-04 5.5378195e-04 8.9084811e-04
-1.9329329e+00 2.4156543e-04 5.9632285e-04 9.6048538e-04
-1.9279279e+00 2.6048563e-04 6.4178420e-04 1.0345578e-03
-1.9229229e+00 2.8073590e-04 6.9033666e-04 1.1145593e-03
-1.9179179e+00 3.0239804e-04 7.4215938e-04 1.2002649e-03
-1.9129129e+00 3.2555699e-04 7.9744436e-04 1.2918572e-03
-1.9079079e+00 3.5030066e-04 8.5637962e-04 1.3896818e-03
-1.9029029e+00 3.7672330e-04 9.1917634e-04 1.4941003e-03
-1.8978979e+00 4.0492298e-04 9.8604512e-04 1.6054904e-03
-1.8928929e+00 4.3500081e-04 1.0572060e-03 1.7242462e-03
-1.8878879e+00 4.6706607e-04 1.1328903e-03 1.8507788e-03
-1.8828829e+00 5.0122109e-04 1.2133392e-03 1.9855164e-03
-1.8778779e+00 5.3758711e-04 1.2987959e-03 2.1289049e-03
-1.8728729e+00 5.7627771e-04 1.3895228e-03 2.2814127e-03
-1.8678679e+00 6.1742946e-04 1.4857847e-03 2.4435172e-03
-1.8628629e+00 6.6116849e-04 1.5878541e-03 2.6157182e-03
-1.8578579e+00 7.0762454e-04 1.6960208e-03 2.7985340e-03
-1.8528529e+00 7.5695060e-04 1.8105890e-03 2.9925014e-03
-1.8478478e+00 8.0928173e-04 1.9318469e-03 3.1981759e-03
-1.8428428e+00 8.6477417e-04 2.0601308e-03 3.4161318e-03
-1.8378378e+00 9.2358244e-04 2.1957377e-03 3.6469621e-03
-1.8328328e+00 9.8585792e-04 2.3390208e-03 3.8912786e-03
-1.8278278e+00 1.0517897e-03 2.4903154e-03 4.1497116e-03
-1.8228228e+00 1.1215386e-03 2.6499843e-03 4.4229101e-03
-1.8178178e+00 1.1952637e-03 2.8183885e-03 4.7115412e-03
-1.8128128e+00 1.2732147e-03 2.9958826e-03 5.0162903e-03
-1.8078078e+00 1.3555130e-03 3.1828268e-03 5.3378603e-03
-1.8028028e+00 1.4423471e-03 3.3796178e-03 5.6769716e-03
-1.7977978e+00 1.5339402e-03 3.5866596e-03 6.0343613e-03
-1.7927928e+00 1.6304813e-03 3.8043644e-03 6.4107829e-03
-1.7877878e+00 1.7321909e-03 4.0331477e-03 6.8070058e-03
-1.7827828e+00 1.8392920e-03 4.2733901e-03 7.2238143e-03
-1.7777778e+00 1.9520074e-03 4.5255464e-03 7.6620069e-03
-1.7727728e+00 2.0705537e-03 4.7900053e-03 8.1223957e-03
-1.7677678e+00 2.1951827e-03 5.0672186e-03 8.6058051e-03
-1.7627628e+00 2.3261187e-03 5.3576023e-03 9.1126883e-03
-1.7577578e+00 2.4636069e-03 5.6616707e-03 9.6202368e-03
-1.7527528e+00 2.6078238e-03 5.9798017e-03 1.0150062e-02
-1.7477477e+00 2.7590966e-03 6.3124947e-03 1.0705372e-02
-1.7427427e+00 2.9178193e-03 6.6601720e-03 1.1280209e-02
-1.7377377e+00 3.0838936e-03 7.0232600e-03 1.1876135e-02
-1.7327327e+00 3.2577952e-03 7.4022872e-03 1.2496767e-02
-1.7277277e+00 3.4397309e-03 7.7974925e-03 1.3142710e-02
-1.7227227e+00 3.6299320e-03 8.2094516e-03 1.3814556e-02
-1.7177177e+00 3.8286744e-03 8.6386177e-03 1.4512889e-02
-1.7127127e+00 4.0363412e-03 9.0855136e-03 1.5238277e-02
-1.7077077e+00 4.2531832e-03 9.5505669e-03 1.5991272e-02
-1.7027027e+00 4.4793793e-03 1.0034324e-02 1.6772411e-02
-1.6976977e+00 4.7151463e-03 1.0536873e-02 1.7582209e-02
-1.6926927e+00 4.9608034e-03 1.1058846e-02 1.8421162e-02
-1.6876877e+00 5.2166772e-03 1.1600572e-02 1.9289740e-02
-1.6826827e+00 5.4832735e-03 1.2162361e-02 2.0188389e-02
-1.6776777e+00 5.7604388e-03 1.2745097e-02 2.1117529e-02
-1.6726727e+00 6.0488409e-03 1.3348440e-02 2.2077549e-02
-1.6676677e+00 6.3487311e-03 1.3973831e-02 2.3068899e-02
-1.6626627e+00 6.6600568e-03 1.4620429e-02 2.4092003e-02
-1.6576577e+00 6.9830733e-03 1.5288955e-02 2.5148478e-02
-1.6526527e+00 7.3183496e-03 1.5981066e-02 2.6238288e-02
-1.6476476e+00 7.6663037e-03 1.6695172e-02 2.7361369e-02
-1.6426426e+00 8.0272889e-03 1.7432265e-02 2.8523903e-02
-1.6376376e+00 8.4006212e-03 1.8192837e-02 2.9740456e-02
-1.6326326e+00 8.7871849e-03 1.8976170e-02 3.0981144e-02
-1.6276276e+00 9.1873526e-03 1.9783761e-02 3.2266045e-02
-1.6226226e+00 9.6014500e-03 2.0616402e-02 3.3583301e-02
-1.6176176e+00 1.0029143e-02 2.1473899e-02 3.4954408e-02
-1.6126126e+00 1.0470721e-02 2.2355181e-02 3.6331981e-02
-1.6076076e+00 1.0926697e-02 2.3261312e-02 3.7763724e-02
-1.6026026e+00 1.1397539e-02 2.4192912e-02 3.9228875e-02
-1.5975976e+00 1.1883082e-02 2.5154417e-02 4.0725321e-02
-1.5925926e+00 1.2384974e-02 2.6142058e-02 4.2270068e-02
-1.5875876e+00 1.2901783e-02 2.7157405e-02 4.3841945e-02
-1.5825826e+00 1.3433863e-02 2.8205274e-02 4.5453764e-02
-1.5775776e+00 1.3983933e-02 2.9271255e-02 4.7102349e-02
-1.5725726e+00 1.4549443e-02 3.0362094e-02 4.8800266e-02
-1.5675676e+00 1.5130517e-02 3.1481623e-02 5.0531732e-02
-1.5625626e+00 1.5729076e-02 3.2634811e-02 5.2327930e-02
-1.5575576e+00 1.6343109e-02 3.3821427e-02 5.4166209e-02
-1.5525526e+00 1.6974401e-02 3.5031829e-02 5.6051283e-02
-1.5475475e+00 1.7621285e-02 3.6283422e-02 5.7985175e-02
-1.5425425e+00 1.8286418e-02 3.7564959e-02 5.9946978e-02
-1.5375375e+00 1.8970005e-02 3.8864383e-02 6.1939673e-02
-1.5325325e+00 1.9671402e-02 4.0214763e-02 6.3973405e-02
-1.5275275e+00 2.0390981e-02 4.1587514e-02 6.6014878e-02
-1.5225225e+00 2.1128744e-02 4.2973803e-02 6.8127855e-02
-1.5175175e+00 2.1884825e-02 4.4390049e-02 7.0307632e-02
-1.5125125e+00 2.2654955e-02 4.5824213e-02 7.2465133e-02
-1.5075075e+00 2.3445607e-02 4.7262534e-02 7.4671560e-02
-1.5025025e+00 2.4250770e-02 4.8728666e-02 7.6948289e-02
-1.4974975e+00 2.5061924e-02 5.0240699e-02 7.9262668e-02
-1.4924925e+00 2.5859916e-02 5.1763187e-02 8.1629351e-02
-1.4874875e+00 2.6705071e-02 5.3300645e-02 8.3989426e-02
-1.4824825e+00 2.7539453e-02 5.4864833e-02 8.6430910e-02
-1.4774775e+00 2.8392966e-02 5.6460537e-02 8.8898035e-02
-1.4724725e+00 2.9254380e-02 5.8070793e-02 9.1405411e-02
-1.4674675e+00 3.0155647e-02 5.9695716e-02 9.3904903e-02
-1.4624625e+00 3.1065497e-02 6.1347090e-02 9.6474171e-02
-1.4574575e+00 3.2000175e-02 6.3014494e-02 9.9095192e-02
-1.4524525e+00 3.2936195e-02 6.4697997e-02 1.0174750e-01
-1.4474474e+00 3.3888699e-02 6.6407397e-02 1.0442982e-01
-1.4424424e+00 3.4855925e-02 6.8138099e-02 1.0712758e-01
-1.4374374e+00 3.5847745e-02 6.9872429e-02 1.0988375e-01
-1.4324324e+00 3.6856483e-02 7.1618068e-02 1.1266694e-01
-1.4274274e+00 3.7920618e-02 7.3387718e-02 1.1544847e-01
-1.4224224e+00 3.8979635e-02 7.5170358e-02 1.1827963e-01
-1.4174174e+00 4.0022554e-02 7.7003985e-02 1.2114496e-01
-1.4124124e+00 4.1113774e-02 7.8832006e-02 1.2404805e-01
-1.4074074e+00 4.2174919e-02 8.0684680e-02 1.2698786e-01
-1.4024024e+00 4.3277121e-02 8.2548795e-02 1.2991248e-01
-1.3973974e+00 4.4415545e-02 8.4443757e-02 1.3291889e-01
-1.3923924e+00 4.5564860e-02 8.6366404e-02 1.3602901e-01
-1.3873874e+00 4.6752173e-02 8.8307363e-02 1.3911448e-01
-1.3823824e+00 4.7947154e-02 9.0289909e-02 1.4227255e-01
-1.3773774e+00 4.9262224e-02 9.2286365e-02 1.4541027e-01
-1.3723724e+00 5.0566226e-02 9.4301960e-02 1.4853429e-01
-1.3673674e+00 5.1879561e-02 9.6344918e-02 1.5155058e-01
-1.3623624e+00 5.3245268e-02 9.8425120e-02 1.5465303e-01
-1.3573574e+00 5.4664829e-02 1.0055257e-01 1.5781339e-01
-1.3523524e+00 5.6186930e-02 1.0267718e-01 1.6095572e-01
-1.3473473e+00 5.7765135e-02 1.0482266e-01 1.6398305e-01
-1.3423423e+00 5.9366918e-02 1.0700333e-01 1.6699363e-01
-1.3373373e+00 6.0989462e-02 1.0928759e-01 1.7000678e-01
-1.3323323e+00 6.2750355e-02 1.1156000e-01 1.7305993e-01
-1.3273273e+00 6.4502736e-02 1.1394751e-01 1.7612216e-01
-1.3223223e+00 6.6294871e-02 1.1629054e-01 1.7917516e-01
-1.3173173e+00 6.8209317e-02 1.1875848e-01 1.8205404e-01
-1.3123123e+00 7.0194255e-02 1.2124875e-01 1.8491191e-01
-1.3073073e+00 7.2162541e-02 1.2383732e-01 1.8780895e-01
-1.3023023e+00 7.4239611e-02 1.2650377e-01 1.9077292e-01
-1.2972973e+00 7.6334517e-02 1.2916343e-01 1.9360414e-01
-1.2922923e+00 7.8453949e-02 1.3191620e-01 1.9655986e-01
-1.2872873e+00 8.0630232e-02 1.3464618e-01 1.9950078e-01
-1.2822823e+00 8.2854626e-02 1.3745416e-01 2.0255560e-01
-1.2772773e+00 8.5136073e-02 1.4027691e-01 2.0554144e-01
-1.2722723e+00 8.7633732e-02 1.4319089e-01 2.0867487e-01
-1.2672673e+00 9.0198912e-02 1.4602595e-01 2.1167977e-01
-1.2622623e+00 9.2771340e-02 1.4890987e-01 2.1470960e-01
-1.2572573e+00 9.5310838e-02 1.5195440e-01 2.1794404e-01
-1.2522523e+00 9.8067031e-02 1.5496434e-01 2.2109635e-01
-1.2472472e+00 1.0090045e-01 1.5802135e-01 2.2417278e-01
-1.2422422e+00 1.0371676e-01 1.6122170e-01 2.2740631e-01
-1.2372372e+00 1.0660350e-01 1.6444545e-01 2.3075059e-01
-1.2322322e+00 1.0952862e-01 1.6771056e-01 2.3408254e-01
-1.2272272e+00 1.1256413e-01 1.7090714e-01 2.3747683e-01
-1.2222222e+00 1.1577462e-01 1.7432937e-01 2.4074045e-01
-1.2172172e+00 1.1886763e-01 1.7785962e-01 2.4410162e-01
-1.2122122e+00 1.2203919e-01 1.8133927e-01 2.4776076e-01
-1.2072072e+00 1.2528056e-01 1.8483649e-01 2.5146290e-01
-1.2022022e+00 1.2862504e-01 1.8829565e-01 2.5515782e-01
-1.1971972e+00 1.3203207e-01 1.9204044e-01 2.5881201e-01
-1.1921922e+00 1.3553776e-01 1.9578995e-01 2.6260486e-01
-1.1871872e+00 1.3898875e-01 1.9963610e-01 2.6642640e-01
-1.1821822e+00 1.4274559e-01 2.0353223e-01 2.7047351e-01
-1.1771772e+00 1.4651903e-01 2.0757521e-01 2.7465457e-01
-1.1721722e+00 1.5042954e-01 2.1161195e-01 2.7872337e-01
-1.1671672e+00 1.5426585e-01 2.1570990e-01 2.8296553e-01
-1.1621622e+00 1.5832023e-01 2.1982859e-01 2.8721504e-01
-1.1571572e+00 1.6234383e-01 2.2411437e-01 2.9164910e-01
-1.1521522e+00 1.6629286e-01 2.2842716e-01 2.9613040e-01
-1.1471471e+00 1.7065014e-01 2.3287248e-01 3.0051261e-01
-1.1421421e+00 1.7495563e-01 2.3752405e-01 3.0509253e-01
-1.1371371e+00 1.7925420e-01 2.4203975e-01 3.0988373e-01
-1.1321321e+00 1.8371990e-01 2.4668423e-01 3.1480236e-01
-1.1271271e+00 1.8822121e-01 2.5149161e-01 3.1975326e-01
-1.1221221e+00 1.9281135e-01 2.5637584e-01 3.2491709e-01
-1.1171171e+00 1.9743056e-01 2.6129696e-01 3.3016516e-01
-1.1121121e+00 2.0212763e-01 2.6634898e-01 3.3546655e-01
-1.1071071e+00 2.0701588e-01 2.7144993e-01 3.4086660e-01
-1.1021021e+00 2.1202449e-01 2.7654029e-01 3.4633281e-01
-1.0970971e+00 2.1705895e-01 2.8179237e-01 3.5181000e-01
-1.0920921e+00 2.2208345e-01 2.8728812e-01 3.5763457e-01
-1.0870871e+00 2.2723937e-01 2.9286938e-01 3.6342243e-01
-1.0820821e+00 2.3250612e-01 2.9847289e-01 3.6958020e-01
-1.0770771e+00 2.3789224e-01 3.0429000e-01 3.7568475e-01
-1.0720721e+00 2.4348899e-01 3.1015405e-01 3.8198196e-01
-1.0670671e+00 2.4899760e-01 3.1614710e-01 3.8848119e-01
-1.0620621e+00 2.5457796e-01 3.2230660e-01 3.9491905e-01
-1.0570571e+00 2.6038827e-01 3.2841826e-01 4.0140531e-01
-1.0520521e+00 2.6608850e-01 3.3443033e-01 4.0796666e-01
-1.0470470e+00 2.7191975e-01 3.4084398e-01 4.1468871e-01
-1.0420420e+00 2.7790228e-01 3.4728795e-01 4.2164360e-01
-1.0370370e+00 2.8386731e-01 3.5393405e-01 4.2868908e-01
-1.0320320e+00 2.8986699e-01 3.6047364e-01 4.3591574e-01
-1.0270270e+00 2.9620926e-01 3.6722542e-01 4.4310907e-01
-1.0220220e+00 3.0269863e-01 3.7424298e-01 4.5051456e-01
-1.0170170e+00 3.0940426e-01 3.8130755e-01 4.5806443e-01
-1.0120120e+00 3.1619762e-01 3.8837461e-01 4.6574184e-01
-1.0070070e+00 3.2310976e-01 3.9556481e-01 4.7351716e-01
-1.0020020e+00 3.2980705e-01 4.0297595e-01 4.8131569e-01
-9.9699700e-01 3.3678633e-01 4.1050208e-01 4.8903959e-01
-9.9199199e-01 3.4399427e-01 4.1803101e-01 4.9707509e-01
-9.8698699e-01 3.5094236e-01 4.2569465e-01 5.0531456e-01
-9.8198198e-01 3.5794988e-01 4.3342437e-01 5.1361856e-01
-9.7697698e-01 3.6528548e-01 4.4128182e-01 5.2208120e-01
-9.7197197e-01 3.7260601e-01 4.4913199e-01 5.3045404e-01
-9.6696697e-01 3.8023909e-01 4.5716766e-01 5.3884605e-01
-9.6196196e-01 3.8776493e-01 4.6503520e-01 5.4744620e-01
-9.5695696e-01 3.9550432e-01 4.7327564e-01 5.5628598e-01
-9.5195195e-01 4.0330211e-01 4.8160089e-01 5.6504541e-01
-9.4694695e-01 4.1123708e-01 4.9010894e-01 5.7385180e-01
-9.4194194e-01 4.1909216e-01 4.9863638e-01 5.8272398e-01
-9.3693694e-01 4.2696667e-01 5.0702814e-01 5.9162973e-01
-9.3193193e-01 4.3501420e-01 5.1573387e-01 6.0058547e-01
-9.2692693e-01 4.4314318e-01 5.2426313e-01 6.0951290e-01
-9.2192192e-01 4.5109103e-01 5.3302825e-01 6.1865797e-01
-9.1691692e-01 4.5945869e-01 5.4172745e-01 6.2784631e-01
-9.1191191e-01 4.6779072e-01 5.5056651e-01 6.3715110e-01
-9.0690691e-01 4.7616760e-01 5.5946418e-01 6.4656098e-01
-9.0190190e-01 4.8445997e-01 5.6832313e-01 6.5586643e-01
-8.9689690e-01 4.9283705e-01 5.7733449e-01 6.6542217e-01
-8.9189189e-01 5.0130581e-01 5.8631953e-01 6.7463145e-01
-8.8688689e-01 5.0985267e-01 5.9528248e-01 6.8397714e-01
-8.8188188e-01 5.1838727e-01 6.0431108e-01 6.9350267e-01
-8.7687688e-01 5.2691501e-01 6.1329482e-01 7.0318048e-01
-8.7187187e-01 5.3540530e-01 6.2226571e-01 7.1272826e-01
-8.6686687e-01 5.4403445e-01 6.3137590e-01 7.2223653e-01
-8.6186186e-01 5.5289978e-01 6.4059824e-01 7.3149364e-01
-8.5685686e-01 5.6165842e-01 6.4988339e-01 7.4070068e-01
-8.5185185e-01 5.7039020e-01 6.5910321e-01 7.4998552e-01
-8.4684685e-01 5.7898848e-01 6.6828428e-01 7.5912466e-01
-8.4184184e-01 5.8768702e-01 6.7753436e-01 7.6848475e-01
-8.3683684e-01 5.9631953e-01 6.8657146e-01 7.7770590e-01
-8.3183183e-01 6.0522683e-01 6.9566167e-01 7.8700727e-01
-8.2682683e-01 6.1413939e-01 7.0481520e-01 7.9604124e-01
-8.2182182e-01 6.2285684e-01 7.1389453e-01 8.0526651e-01
-8.1681682e-01 6.3148967e-01 7.2287348e-01 8.1418164e-01
-8.1181181e-01 6.4011983e-01 7.3180336e-01 8.2312957e-01
-8.0680681e-01 6.4868810e-01 7.4051891e-01 8.3195842e-01
-8.0180180e-01 6.5733657e-01 7.4913123e-01 8.4099549e-01
-7.9679680e-01 6.6563619e-01 7.5767053e-01 8.5001855e-01
-7.9179179e-01 6.7413285e-01 7.6632101e-01 8.5884978e-01
-7.8678679e-01 6.8243653e-01 7.7472745e-01 8.6724462e-01
-7.8178178e-01 6.9059664e-01 7.8315735e-01 8.7572565e-01
-7.7677678e-01 6.9893848e-01 7.9157981e-01 8.8415290e-01
-7.7177177e-01 7.0690595e-01 7.9980371e-01 8.9232058e-01
-7.6676677e-01 7.1524846e-01 8.0812484e-01 9.0024051e-01
-7.6176176e-01 7.2340106e-01 8.1621022e-01 9.0829336e-01
-7.5675676e-01 7.3159301e-01 8.2420009e-01 9.1610618e-01
-7.5175175e-01 7.3940920e-01 8.3213203e-01 9.2369395e-01
-7.4674675e-01 7.4730218e-01 8.3969890e-01 9.3127694e-01
-7.4174174e-01 7.5502126e-01 8.4725115e-01 9.3888120e-01
-7.3673674e-01 7.6252151e-01 8.5487623e-01 9.4622074e-01
-7.3173173e-01 7.7007713e-01 8.6227649e-01 9.5336019e-01
-7.2672673e-01 7.7753949e-01 8.6944581e-01 9.6027765e-01
-7.2172172e-01 7.8455856e-01 8.7646591e-01 9.6689045e-01
-7.1671672e-01 7.9136052e-01 8.8308151e-01 9.7358177e-01
-7.1171171e-01 7.9836430e-01 8.8982004e-01 9.8007085e-01
-7.0670671e-01 8.0494296e-01 8.9652427e-01 9.8634261e-01
-7.0170170e-01 8.1123188e-01 9.0285703e-01 9.9227293e-01
-6.9669670e-01 8.1784816e-01 9.0897758e-01 9.9819699e-01
-6.9169169e-01 8.2405586e-01 9.1514786e-01 1.0036734e+00
-6.8668669e-01 8.3017432e-01 9.2085321e-01 1.0093784e+00
-6.8168168e-01 8.3608890e-01 9.2655252e-01 1.0147576e+00
-6.7667668e-01 8.4200619e-01 9.3190342e-01 1.0199463e+00
-6.7167167e-01 8.4788492e-01 9.3725936e-01 1.0251883e+00
-6.6666667e-01 8.5299947e-01 9.4250358e-01 1.0301507e+00
-6.6166166e-01 8.5825260e-01 9.4710679e-01 1.0349217e+00
-6.5665666e-01 8.6339010e-01 9.5177853e-01 1.0394249e+00
-6.5165165e-01 8.6808685e-01 9.5632499e-01 1.0434168e+00
-6.4664665e-01 8.7257781e-01 9.6063282e-01 1.0474087e+00
-6.4164164e-01 8.7689746e-01 9.6483190e-01 1.0512690e+00
-6.3663664e-01 8.8096961e-01 9.6871291e-01 1.0550191e+00
-6.3163163e-01 8.8475896e-01 9.7260098e-01 1.0580377e+00
-6.2662663e-01 8.8822754e-01 9.7613239e-01 1.0610132e+00
-6.2162162e-01 8.9160222e-01 9.7928618e-01 1.0640309e+00
-6.1661662e-01 8.9493357e-01 9.8243598e-01 1.0667366e+00
-6.1161161e-01 8.9790023e-01 9.8516041e-01 1.0692417e+00
-6.0660661e-01 9.0074442e-01 9.8761221e-01 1.0712909e+00
-6.0160160e-01 9.0328748e-01 9.8985938e-01 1.0732155e+00
-5.9659660e-01 9.0548731e-01 9.9182392e-01 1.0750059e+00
-5.9159159e-01 9.0745804e-01 9.9351426e-01 1.0765265e+00
-5.8658659e-01 9.0932210e-01 9.9507725e-01 1.0780302e+00
-5.8158158e-01 9.1070804e-01 9.9625602e-01 1.0793500e+00
-5.7657658e-01 9.1180447e-01 9.9747674e-01 1.0803424e+00
-5.7157157e-01 9.1278094e-01 9.9852161e-01 1.0812375e+00
-5.6656657e-01 9.1367790e-01 9.9923273e-01 1.0817779e+00
-5.6156156e-01 9.1433666e-01 9.9961509e-01 1.0820628e+00
-5.5655656e-01 9.1456461e-01 1.0000000e+00 1.0818496e+00
-5.5155155e-01 9.1438880e-01 9.9969299e-01 1.0813982e+00
-5.4654655e-01 9.1438285e-01 9.9934082e-01 1.0809224e+00
-5.4154154e-01 9.1370497e-01 9.9860193e-01 1.0804638e+00
-5.3653654e-01 9.1300221e-01 9.9796691e-01 1.0798754e+00
-5.3153153e-01 9.1184442e-01 9.9699793e-01 1.0788236e+00
-5.2652653e-01 9.1093351e-01 9.9576590e-01 1.0776545e+00
-5.2152152e-01 9.0957660e-01 9.9436729e-01 1.0762844e+00
-5.1651652e-01 9.0786354e-01 9.9263413e-01 1.0746044e+00
-5.1151151e-01 9.0587356e-01 9.9097663e-01 1.0727006e+00
-5.0650651e-01 9.0370923e-01 9.8867303e-01 1.0709731e+00
-5.0150150e-01 9.0089805e-01 9.8630877e-01 1.0685675e+00
-4.9649650e-01 8.9800991e-01 9.8373132e-01 1.0661567e+00
-4.9149149e-01 8.9501591e-01 9.8088289e-01 1.0633653e+00
-4.8648649e-01 8.9181306e-01 9.7805404e-01 1.0606303e+00
-4.8148148e-01 8.8850424e-01 9.7472050e-01 1.0577237e+00
-4.7647648e-01 8.8483118e-01 9.7114308e-01 1.0544961e+00
-4.7147147e-01 8.8094401e-01 9.6738563e-01 1.0511001e+00
-4.6646647e-01 8.7663976e-01 9.6348432e-01 1.0472881e+00
-4.6146146e-01 8.7255256e-01 9.5925143e-01 1.0436348e+00
-4.5645646e-01 8.6783364e-01 9.5486944e-01 1.0394804e+00
-4.5145145e-01 8.6345581e-01 9.5046846e-01 1.0354961e+00
-4.4644645e-01 8.5864314e-01 9.4586256e-01 1.0312655e+00
-4.4144144e-01 8.5356437e-01 9.4088384e-01 1.0268207e+00
-4.3643644e-01 8.4832696e-01 9.3577438e-01 1.0220959e+00
-4.3143143e-01 8.4255084e-01 9.3048837e-01 1.0170206e+00
-4.2642643e-01 8.3693579e-01 9.2516096e-01 1.0119425e+00
-4.2142142e-01 8.3127628e-01 9.1960293e-01 1.0064851e+00
-4.1641642e-01 8.2522248e-01 9.1388762e-01 1.0005557e+00
-4.1141141e-01 8.1902839e-01 9.0790758e-01 9.9504443e-01
-4.0640641e-01 8.1274189e-01 9.0166879e-01 9.8909121e-01
-4.0140140e-01 8.0638176e-01 8.9554014e-01 9.8305581e-01
-3.9639640e-01 7.9959402e-01 8.8907050e-01 9.7721068e-01
-3.9139139e-01 7.9284021e-01 8.8264672e-01 9.7073133e-01
-3.8638639e-01 7.8615018e-01 8.7580508e-01 9.6436100e-01
-3.8138138e-01 7.7918199e-01 8.6899656e-01 9.5790769e-01
-3.7637638e-01 7.7195761e-01 8.6217379e-01 9.5143260e-01
-3.7137137e-01 7.6473792e-01 8.5490832e-01 9.4462758e-01
-3.6636637e-01 7.5752622e-01 8.4756697e-01 9.3757103e-01
-3.6136136e-01 7.4985530e-01 8.4022474e-01 9.3017450e-01
-3.5635636e-01 7.4221996e-01 8.3277624e-01 9.2314761e-01
-3.5135135e-01 7.3435125e-01 8.2526357e-01 9.1571173e-01
-3.4634635e-01 7.2653059e-01 8.1754542e-01 9.0824616e-01
-3.4134134e-01 7.1821600e-01 8.0961322e-01 9.0040858e-01
-3.3633634e-01 7.1022901e-01 8.0163928e-01 8.9259744e-01
-3.3133133e-01 7.0206151e-01 7.9369605e-01 8.8497665e-01
-3.2632633e-01 6.9380797e-01 7.8528460e-01 8.7676588e-01
-3.2132132e-01 6.8564366e-01 7.7705233e-01 8.6861972e-01
-3.1631632e-01 6.7730093e-01 7.6877514e-01 8.6030770e-01
-3.1131131e-01 6.6878414e-01 7.6014660e-01 8.5200748e-01
-3.0630631e-01 6.6010978e-01 7.5161463e-01 8.4362264e-01
-3.0130130e-01 6.5150404e-01 7.4306774e-01 8.3513458e-01
-2.9629630e-01 6.4311484e-01 7.3437905e-01 8.2655755e-01
-2.9129129e-01 6.3445478e-01 7.2566406e-01 8.1793737e-01
-2.8628629e-01 6.2578893e-01 7.1699676e-01 8.0921423e-01
-2.8128128e-01 6.1698464e-01 7.0835915e-01 8.0034790e-01
-2.7627628e-01 6.0793936e-01 6.9938721e-01 7.9136409e-01
-2.7127127e-01 5.9902021e-01 6.9053514e-01 7.8251779e-01
-2.6626627e-01 5.9033286e-01 6.8154118e-01 7.7347970e-01
-2.6126126e-01 5.8147518e-01 6.7255543e-01 7.6449349e-01
-2.5625626e-01 5.7251209e-01 6.6344075e-01 7.5537467e-01
-2.5125125e-01 5.6366615e-01 6.5444886e-01 7.4612145e-01
-2.4624625e-01 5.5479683e-01 6.4532633e-01 7.3690626e-01
-2.4124124e-01 5.4577492e-01 6.3614324e-01 7.2756681e-01
-2.3623624e-01 5.3697666e-01 6.2712309e-01 7.1828112e-01
-2.3123123e-01 5.2796377e-01 6.1789279e-01 7.0916558e-01
-2.2622623e-01 5.1919245e-01 6.0883280e-01 6.9986480e-01
-2.2122122e-01 5.1021807e-01 5.9981465e-01 6.9055177e-01
-2.1621622e-01 5.0126442e-01 5.9062472e-01 6.8089930e-01
-2.1121121e-01 4.9254942e-01 5.8151329e-01 6.7183161e-01
-2.0620621e-01 4.8388393e-01 5.7250098e-01 6.6225423e-01
-2.0120120e-01 4.7515192e-01 5.6340303e-01 6.5306930e-01
-1.9619620e-01 4.6659430e-01 5.5442695e-01 6.4373555e-01
-1.9119119e-01 4.5789604e-01 5.4523964e-01 6.3449025e-01
-1.8618619e-01 4.4929024e-01 5.3617431e-01 6.2523398e-01
-1.8118118e-01 4.4084145e-01 5.2721140e-01 6.1606489e-01
-1.7617618e-01 4.3244061e-01 5.1818810e-01 6.0700341e-01
-1.7117117e-01 4.2392972e-01 5.0913215e-01 5.9776023e-01
-1.6616617e-01 4.1549397e-01 5.0014663e-01 5.8847894e-01
-1.6116116e-01 4.0706756e-01 4.9125583e-01 5.7916420e-01
-1.5615616e-01 3.9873047e-01 4.8237223e-01 5.6990497e-01
-1.5115115e-01 3.9061619e-01 4.7353046e-01 5.6051179e-01
-1.4614615e-01 3.8252796e-01 4.6471600e-01 5.5136011e-01
-1.4114114e-01 3.7428949e-01 4.5601645e-01 5.4217311e-01
-1.3613614e-01 3.6615724e-01 4.4732182e-01 5.3297046e-01
-1.3113113e-01 3.5810285e-01 4.3882132e-01 5.2402404e-01
-1.2612613e-01 3.5011549e-01 4.3016727e-01 5.1522142e-01
-1.2112112e-01 3.4226825e-01 4.2160842e-01 5.0641984e-01
-1.1611612e-01 3.3464405e-01 4.1306778e-01 4.9762321e-01
-1.1111111e-01 3.2684101e-01 4.0482041e-01 4.8879254e-01
-1.0610611e-01 3.1932743e-01 3.9652096e-01 4.8016812e-01
-1.0110110e-01 3.1179358e-01 3.8834685e-01 4.7158917e-01
-9.6096096e-02 3.0424132e-01 3.8022017e-01 4.6293211e-01
-9.1091091e-02 2.9690749e-01 3.7218230e-01 4.5444032e-01
-8.6086086e-02 2.8968616e-01 3.6427705e-01 4.4595712e-01
-8.1081081e-02 2.8261388e-01 3.5630408e-01 4.3756622e-01
-7.6076076e-02 2.7536972e-01 3.4843150e-01 4.2931598e-01
-7.1071071e-02 2.6827129e-01 3.4075017e-01 4.2092419e-01
-6.6066066e-02 2.6126131e-01 3.3316925e-01 4.1270205e-01
-6.1061061e-02 2.5447351e-01 3.2567689e-01 4.0459768e-01
-5.6056056e-02 2.4778319e-01 3.1831513e-01 3.9653668e-01
-5.1051051e-02 2.4122785e-01 3.1102120e-01 3.8836384e-01
-4.6046046e-02 2.3463247e-01 3.0361625e-01 3.8055722e-01
-4.1041041e-02 2.2833003e-01 2.9653204e-01 3.7256317e-01
-3.6036036e-02 2.2195630e-01 2.8947573e-01 3.6468037e-01
-3.1031031e-02 2.1580566e-01 2.8254469e-01 3.5687662e-01
-2.6026026e-02 2.0967616e-01 2.7569589e-01 3.4936722e-01
-2.1021021e-02 2.0368873e-01 2.6885929e-01 3.4171536e-01
-1.6016016e-02 1.9776519e-01 2.6218157e-01 3.3414244e-01
-1.1011011e-02 1.9202577e-01 2.5564390e-01 3.2680310e-01
-6.0060060e-03 1.8644750e-01 2.4918451e-01 3.1955997e-01
-1.0010010e-03 1.8083155e-01 2.4278650e-01 3.1231851e-01
4.0040040e-03 1.7531227e-01 2.3648774e-01 3.0523126e-01
9.0090090e-03 1.7009599e-01 2.3030303e-01 2.9806303e-01
1.4014014e-02 1.6492661e-01 2.2412860e-01 2.9115327e-01
1.9019019e-02 1.5989417e-01 2.1817774e-01 2.8428284e-01
2.4024024e-02 1.5502125e-01 2.1220049e-01 2.7736219e-01
2.9029029e-02 1.5007248e-01 2.0639931e-01 2.7073458e-01
3.4034034e-02 1.4521933e-01 2.0077473e-01 2.6399416e-01
3.9039039e-02 1.4052393e-01 1.9515159e-01 2.5756231e-01
4.4044044e-02 1.3588952e-01 1.8967446e-01 2.5102946e-01
4.9049049e-02 1.3139891e-01 1.8413180e-01 2.4473562e-01
5.4054054e-02 1.2699041e-01 1.7883391e-01 2.3861429e-01
5.9059059e-02 1.2279033e-01 1.7356954e-01 2.3240692e-01
6.4064064e-02 1.1856752e-01 1.6841482e-01 2.2629828e-01
6.9069069e-02 1.1454535e-01 1.6342971e-01 2.2037122e-01
7.4074074e-02 1.1057481e-01 1.5859576e-01 2.1444958e-01
7.9079079e-02 1.0671769e-01 1.5381878e-01 2.0861365e-01
8.4084084e-02 1.0291058e-01 1.4914762e-01 2.0295614e-01
8.9089089e-02 9.9203799e-02 1.4451930e-01 1.9738120e-01
9.4094094e-02 9.5597619e-02 1.4002452e-01 1.9194801e-01
9.9099099e-02 9.2170784e-02 1.3568716e-01 1.8650782e-01
1.0410410e-01 8.8807640e-02 1.3137365e-01 1.8113910e-01
1.0910911e-01 8.5507830e-02 1.2715503e-01 1.7588914e-01
1.1411411e-01 8.2312643e-02 1.2297447e-01 1.7075348e-01
1.1911912e-01 7.9208657e-02 1.1891029e-01 1.6586683e-01
1.2412412e-01 7.6187188e-02 1.1499993e-01 1.6098845e-01
1.2912913e-01 7.3160261e-02 1.1116697e-01 1.5618423e-01
1.3413413e-01 7.0277549e-02 1.0740136e-01 1.5146942e-01
1.3913914e-01 6.7532348e-02 1.0371323e-01 1.4684828e-01
1.4414414e-01 6.4878733e-02 1.0014230e-01 1.4228221e-01
1.4914915e-01 6.2310493e-02 9.6689853e-02 1.3784197e-01
1.5415415e-01 5.9822241e-02 9.3298294e-02 1.3347744e-01
1.5915916e-01 5.7349331e-02 9.0009080e-02 1.2918764e-01
1.6416416e-01 5.4946364e-02 8.6814617e-02 1.2501305e-01
1.6916917e-01 5.2656939e-02 8.3711353e-02 1.2087710e-01
1.7417417e-01 5.0469494e-02 8.0675319e-02 1.1695909e-01
1.7917918e-01 4.8324655e-02 7.7697242e-02 1.1305206e-01
1.8418418e-01 4.6247741e-02 7.4819077e-02 1.0914898e-01
1.8918919e-01 4.4281754e-02 7.1996549e-02 1.0542223e-01
1.9419419e-01 4.2356910e-02 6.9250103e-02 1.0186146e-01
1.9919920e-01 4.0505637e-02 6.6608886e-02 9.8407007e-02
2.0420420e-01 3.8732148e-02 6.4022490e-02 9.4949278e-02
2.0920921e-01 3.7018614e-02 6.1548161e-02 9.1608662e-02
2.1421421e-01 3.5342695e-02 5.9160736e-02 8.8328399e-02
2.1921922e-01 3.3743062e-02 5.6796539e-02 8.5131009e-02
2.2422422e-01 3.2200511e-02 5.4523363e-02 8.2006278e-02
2.2922923e-01 3.0710027e-02 5.2323953e-02 7.8971752e-02
2.3423423e-01 2.9288242e-02 5.0212647e-02 7.6019847e-02
2.3923924e-01 2.7900032e-02 4.8178148e-02 7.3146921e-02
2.4424424e-01 2.6605178e-02 4.6224275e-02 7.0391724e-02
2.4924925e-01 2.5340414e-02 4.4325875e-02 6.7714669e-02
2.5425425e-01 2.4139953e-02 4.2475276e-02 6.5094902e-02
2.5925926e-01 2.2972748e-02 4.0687927e-02 6.2508691e-02
2.6426426e-01 2.1858106e-02 3.8936741e-02 5.9999783e-02
2.6926927e-01 2.0765213e-02 3.7246011e-02 5.7604608e-02
2.7427427e-01 1.9727135e-02 3.5625812e-02 5.5302451e-02
2.7927928e-01 1.8738670e-02 3.4050730e-02 5.3059574e-02
2.8428428e-01 1.7791203e-02 3.2529739e-02 5.0859327e-02
2.8928929e-01 1.6876583e-02 3.1069967e-02 4.8731622e-02
2.9429429e-01 1.6009634e-02 2.9675351e-02 4.6703468e-02
2.9929930e-01 1.5173216e-02 2.8315051e-02 4.4737442e-02
3.0430430e-01 1.4361290e-02 2.7015533e-02 4.2834452e-02
3.0930931e-01 1.3602681e-02 2.5767637e-02 4.0990354e-02
3.1431431e-01 1.2868960e-02 2.4571390e-02 3.9180695e-02
3.1931932e-01 1.2167032e-02 2.3418550e-02 3.7467119e-02
3.2432432e-01 1.1494138e-02 2.2310788e-02 3.5799851e-02
3.2932933e-01 1.0855463e-02 2.1249856e-02 3.4194324e-02
3.3433433e-01 1.0252501e-02 2.0233377e-02 3.2642049e-02
3.3933934e-01 9.6807853e-03 1.9258191e-02 3.1123757e-02
3.4434434e-01 9.1292225e-03 1.8321397e-02 2.9696600e-02
3.4934935e-01 8.6067740e-03 1.7422180e-02 2.8301943e-02
3.5435435e-01 8.1114033e-03 1.6554719e-02 2.6944084e-02
3.5935936e-01 7.6458603e-03 1.5727967e-02 2.5654666e-02
3.6436436e-01 7.1985525e-03 1.4939400e-02 2.4419345e-02
3.6936937e-01 6.7708798e-03 1.4191946e-02 2.3236932e-02
3.7437437e-01 6.3700261e-03 1.3469260e-02 2.2113595e-02
3.7937938e-01 5.9880090e-03 1.2776168e-02 2.1015572e-02
3.8438438e-01 5.6263446e-03 1.2106105e-02 1.9974189e-02
3.8938939e-01 5.2803900e-03 1.1477378e-02 1.8976271e-02
3.9439439e-01 4.9561421e-03 1.0876659e-02 1.8017883e-02
3.9939940e-01 4.6511497e-03 1.0292182e-02 1.7102559e-02
4.0440440e-01 4.3641158e-03 9.7448543e-03 1.6224908e-02
4.0940941e-01 4.0932303e-03 9.2158605e-03 1.5391693e-02
4.1441441e-01 3.8324901e-03 8.7112100e-03 1.4591255e-02
4.1941942e-01 3.5917589e-03 8.2284836e-03 1.3824376e-02
4.2442442e-01 3.3633909e-03 7.7750490e-03 1.3091936e-02
4.2942943e-01 3.1467664e-03 7.3447781e-03 1.2395553e-02
4.3443443e-01 2.9443057e-03 6.9314021e-03 1.1730477e-02
4.3943944e-01 2.7538742e-03 6.5372205e-03 1.1093669e-02
4.4444444e-01 2.5750133e-03 6.1622155e-03 1.0489858e-02
4.4944945e-01 2.4060125e-03 5.8083218e-03 9.9106137e-03
4.5445445e-01 2.2472994e-03 5.4737137e-03 9.3614760e-03
4.5945946e-01 2.0971807e-03 5.1561828e-03 8.8353572e-03
4.6446446e-01 1.9559674e-03 4.8538296e-03 8.3368179e-03
4.6946947e-01 1.8244421e-03 4.5663810e-03 7.8647267e-03
4.7447447e-01 1.7006645e-03 4.2978416e-03 7.4146217e-03
4.7947948e-01 1.5840663e-03 4.0418373e-03 6.9873792e-03
4.8448448e-01 1.4742464e-03 3.7972870e-03 6.5803810e-03
4.8948949e-01 1.3721146e-03 3.5676627e-03 6.1954866e-03
4.9449449e-01 1.2759063e-03 3.3507025e-03 5.8281072e-03
4.9949950e-01 1.1859909e-03 3.1443453e-03 5.4813028e-03
5.0450450e-01 1.1019248e-03 2.9497460e-03 5.1529171e-03
5.0950951e-01 1.0237293e-03 2.7650416e-03 4.8426627e-03
5.1451451e-01 9.5052031e-04 2.5915629e-03 4.5489409e-03
5.1951952e-01 8.8234539e-04 2.4278860e-03 4.2711673e-03
5.2452452e-01 8.1864454e-04 2.2698441e-03 4.0081041e-03
5.2952953e-01 7.5913351e-04 2.1228458e-03 3.7598728e-03
5.3453453e-01 7.0367544e-04 1.9834721e-03 3.5254748e-03
5.3953954e-01 6.5172663e-04 1.8527987e-03 3.3037707e-03
5.4454454e-01 6.0329947e-04 1.7261662e-03 3.0938009e-03
5.4954955e-01 5.5831852e-04 1.6090113e-03 2.8961343e-03
5.5455455e-01 5.1628653e-04 1.5004214e-03 2.7096074e-03
5.5955956e-01 4.7735070e-04 1.3990418e-03 2.5342197e-03
5.6456456e-01 4.4106663e-04 1.3046220e-03 2.3687036e-03
5.6956957e-01 4.0737851e-04 1.2159354e-03 2.2130377e-03
5.7457457e-01 3.7608040e-04 1.1323869e-03 2.0665114e-03
5.7957958e-01 3.4699116e-04 1.0546121e-03 1.9286916e-03
5.8458458e-01 3.1997878e-04 9.8180231e-04 1.7992367e-03
5.8958959e-01 2.9486539e-04 9.1300961e-04 1.6777897e-03
5.9459459e-01 2.7161301e-04 8.4947047e-04 1.5637380e-03
5.9959960e-01 2.5008719e-04 7.8978797e-04 1.4565793e-03
6.0460460e-01 2.3015487e-04 7.3396059e-04 1.3560962e-03
6.0960961e-01 2.1170445e-04 6.8171365e-04 1.2619051e-03
6.1461461e-01 1.9466966e-04 6.3300543e-04 1.1736887e-03
6.1961962e-01 1.7890682e-04 5.8747582e-04 1.0912412e-03
6.2462462e-01 1.6429107e-04 5.4500126e-04 1.0139549e-03
6.2962963e-01 1.5076567e-04 5.0533080e-04 9.4165054e-04
6.3463463e-01 1.3833230e-04 4.6838190e-04 8.7405218e-04
6.3963964e-01 1.2689119e-04 4.3364462e-04 8.1089670e-04
6.4464464e-01 1.1628268e-04 4.0145198e-04 7.5192526e-04
6.4964965e-01 1.0649050e-04 3.7146547e-04 6.9686010e-04
6.5465465e-01 9.7461802e-05 3.4356812e-04 6.4552143e-04
6.5965966e-01 8.9203108e-05 3.1768217e-04 5.9762037e-04
6.6466466e-01 8.1593343e-05 2.9357914e-04 5.5305875e-04
6.6966967e-01 7.4597478e-05 2.7119779e-04 5.1151875e-04
6.7467467e-01 6.8157567e-05 2.5040356e-04 4.7287652e-04
6.7967968e-01 6.2216505e-05 2.3108900e-04 4.3688285e-04
6.8468468e-01 5.6791308e-05 2.1317073e-04 4.0345273e-04
6.8968969e-01 5.1811544e-05 1.9652131e-04 3.7239694e-04
6.9469469e-01 4.7239497e-05 1.8109104e-04 3.4351108e-04
6.9969970e-01 4.3052166e-05 1.6680186e-04 3.1671505e-04
7.0470470e-01 3.9203645e-05 1.5354558e-04 2.9186655e-04
7.0970971e-01 3.5682706e-05 1.4127166e-04 2.6882373e-04
7.1471471e-01 3.2453193e-05 1.2990275e-04 2.4747220e-04
7.1971972e-01 2.9519001e-05 1.1939936e-04 2.2769782e-04
7.2472472e-01 2.6821258e-05 1.0969153e-04 2.0938521e-04
7.2972973e-01 2.4355291e-05 1.0072854e-04 1.9245671e-04
7.3473473e-01 2.2111480e-05 9.2452040e-05 1.7680188e-04
7.3973974e-01 2.0061914e-05 8.4813049e-05 1.6233682e-04
7.4474474e-01 1.8194074e-05 7.7769017e-05 1.4898123e-04
7.4974975e-01 1.6494121e-05 7.1272093e-05 1.3664886e-04
7.5475475e-01 1.4940444e-05 6.5282169e-05 1.2527341e-04
7.5975976e-01 1.3527740e-05 5.9766453e-05 1.1478619e-04
7.6476476e-01 1.2238957e-05 5.4686429e-05 1.0512217e-04
7.6976977e-01 1.1067961e-05 5.0019139e-05 9.6220883e-05
7.7477477e-01 1.0003859e-05 4.5725277e-05 8.8025126e-05
7.7977978e-01 9.0382035e-06 4.1778042e-05 8.0488256e-05
7.8478478e-01 8.1594736e-06 3.8152126e-05 7.3559143e-05
7.8978979e-01 7.3660224e-06 3.4821398e-05 6.7188603e-05
7.9479479e-01 6.6463406e-06 3.1766539e-05 6.1338971e-05
7.9979980e-01 5.9911446e-06 2.8961948e-05 5.5968007e-05
8.0480480e-01 5.4005381e-06 2.6391676e-05 5.1039153e-05
8.0980981e-01 4.8658268e-06 2.4040487e-05 4.6522272e-05
8.1481481e-01 4.3806356e-06 2.1884884e-05 4.2381939e-05
8.1981982e-01 3.9415209e-06 1.9913645e-05 3.8591847e-05
8.2482482e-01 3.5442755e-06 1.8111463e-05 3.5119819e-05
8.2982983e-01 3.1851015e-06 1.6463883e-05 3.1943335e-05
8.3483483e-01 2.8609627e-06 1.4957931e-05 2.9038134e-05
8.3983984e-01 2.5683717e-06 1.3583198e-05 2.6384530e-05
8.4484484e-01 2.3036397e-06 1.2328429e-05 2.3961838e-05
8.4984985e-01 2.0658372e-06 1.1183791e-05 2.1749346e-05
8.5485485e-01 1.8511265e-06 1.0140273e-05 1.9729817e-05
8.5985986e-01 1.6584593e-06 9.1891834e-06 1.7888358e-05
8.6486486e-01 1.4847409e-06 8.3230216e-06 1.6210169e-05
8.6986987e-01 1.3281527e-06 7.5345846e-06 1.4681763e-05
8.7487487e-01 1.1878448e-06 6.8173374e-06 1.3290286e-05
8.7987988e-01 1.0620040e-06 6.1651585e-06 1.2024222e-05
8.8488488e-01 9.4926211e-07 5.5725049e-06 1.0872669e-05
8.8988989e-01 8.4792814e-07 5.0342142e-06 9.8265595e-06
8.9489489e-01 7.5676849e-07 4.5455052e-06 8.8763814e-06
8.9989990e-01 6.7522972e-07 4.1020761e-06 8.0136933e-06
9.0490490e-01 6.0219121e-07 3.6999677e-06 7.2311022e-06
9.0990991e-01 5.3681499e-07 3.3354467e-06 6.5213135e-06
9.1491491e-01 4.7836981e-07 3.0052666e-06 5.8779880e-06
9.1991992e-01 4.2570372e-07 2.7064181e-06 5.2954502e-06
9.2492492e-01 3.7887953e-07 2.4360090e-06 4.7681470e-06
9.2992993e-01 3.3697264e-07 2.1912432e-06 4.2910566e-06
9.3493493e-01 2.9952980e-07 1.9702006e-06 3.8596536e-06
9.3993994e-01 2.6615372e-07 1.7705908e-06 3.4697597e-06
9.4494494e-01 2.3632523e-07 1.5903557e-06 3.1176004e-06
9.4994995e-01 2.0964820e-07 1.4277142e-06 2.7996825e-06
9.5495495e-01 1.8583153e-07 1.2810293e-06 2.5128538e-06
9.5995996e-01 1.6472578e-07 1.1487672e-06 2.2542118e-06
9.6496496e-01 1.4597450e-07 1.0295730e-06 2.0210876e-06
9.6996997e-01 1.2928759e-07 9.2232050e-07 1.8111116e-06
9.7497497e-01 1.1442460e-07 8.2580423e-07 1.6220891e-06
9.7997998e-01 1.0123027e-07 7.3900290e-07 1.4520151e-06
9.8498498e-01 8.9505440e-08 6.6097950e-07 1.2990755e-06
9.8998999e-01 7.9110142e-08 5.9088049e-07 1.1616302e-06
9.9499499e-01 6.9872520e-08 5.2793568e-07 1.0381712e-06
1.0000000e+00 6.1662139e-08 4.7142657e-07 9.2733815e-07
