X KDE_INF KDE_MED KDE_SUP
5.0000000e+00 6.5761636e-07 1.0926154e-04 2.3238545e-04
5.0240240e+00 7.1198551e-07 1.1565826e-04 2.4591027e-04
5.0480480e+00 7.7089004e-07 1.2240199e-04 2.6015284e-04
5.0720721e+00 8.3452238e-07 1.2950587e-04 2.7512669e-04
5.0960961e+00 9.0290166e-07 1.3698540e-04 2.9087887e-04
5.1201201e+00 9.7687362e-07 1.4484747e-04 3.0747204e-04
5.1441441e+00 1.0561964e-06 1.5312402e-04 3.2491264e-04
5.1681682e+00 1.1414560e-06 1.6183217e-04 3.4325204e-04
5.1921922e+00 1.2333921e-06 1.7098532e-04 3.6253261e-04
5.2162162e+00 1.3329442e-06 1.8060818e-04 3.8276224e-04
5.2402402e+00 1.4405900e-06 1.9072137e-04 4.0404675e-04
5.2642643e+00 1.5550301e-06 2.0134912e-04 4.2641394e-04
5.2882883e+00 1.6782600e-06 2.1250774e-04 4.4989688e-04
5.3123123e+00 1.8104519e-06 2.2419859e-04 4.7449158e-04
5.3363363e+00 1.9536941e-06 2.3649399e-04 5.0034056e-04
5.3603604e+00 2.1066035e-06 2.4939338e-04 5.2745385e-04
5.3843844e+00 2.2713209e-06 2.6295325e-04 5.5582564e-04
5.4084084e+00 2.4483235e-06 2.7717279e-04 5.8564521e-04
5.4324324e+00 2.6385932e-06 2.9203488e-04 6.1689334e-04
5.4564565e+00 2.8428661e-06 3.0764453e-04 6.4954209e-04
5.4804805e+00 3.0629575e-06 3.2397411e-04 6.8378177e-04
5.5045045e+00 3.2970505e-06 3.4108536e-04 7.1954827e-04
5.5285285e+00 3.5503038e-06 3.5900812e-04 7.5692710e-04
5.5525526e+00 3.8232359e-06 3.7783727e-04 7.9601737e-04
5.5765766e+00 4.1127891e-06 3.9745484e-04 8.3691233e-04
5.6006006e+00 4.4246602e-06 4.1799559e-04 8.7974448e-04
5.6246246e+00 4.7584224e-06 4.3945245e-04 9.2446042e-04
5.6486486e+00 5.1167252e-06 4.6192131e-04 9.7122151e-04
5.6726727e+00 5.5007687e-06 4.8540118e-04 1.0200468e-03
5.6966967e+00 5.9101771e-06 5.0993118e-04 1.0710196e-03
5.7207207e+00 6.3480662e-06 5.3550654e-04 1.1241717e-03
5.7447447e+00 6.8201155e-06 5.6222189e-04 1.1796527e-03
5.7687688e+00 7.3216513e-06 5.9005682e-04 1.2376414e-03
5.7927928e+00 7.8595391e-06 6.1919110e-04 1.2981361e-03
5.8168168e+00 8.4382595e-06 6.4962198e-04 1.3610914e-03
5.8408408e+00 9.0562477e-06 6.8141515e-04 1.4269031e-03
5.8648649e+00 9.7103443e-06 7.1442947e-04 1.4952912e-03
5.8888889e+00 1.0413692e-05 7.4886327e-04 1.5665807e-03
5.9129129e+00 1.1163849e-05 7.8472158e-04 1.6408540e-03
5.9369369e+00 1.1961325e-05 8.2196562e-04 1.7180831e-03
5.9609610e+00 1.2815743e-05 8.6090138e-04 1.7987855e-03
5.9849850e+00 1.3727380e-05 9.0140152e-04 1.8826552e-03
6.0090090e+00 1.4703695e-05 9.4349164e-04 1.9697501e-03
6.0330330e+00 1.5739972e-05 9.8745883e-04 2.0601027e-03
6.0570571e+00 1.6849871e-05 1.0331340e-03 2.1540879e-03
6.0810811e+00 1.8018927e-05 1.0808265e-03 2.2519574e-03
6.1051051e+00 1.9278751e-05 1.1302252e-03 2.3532222e-03
6.1291291e+00 2.0615697e-05 1.1813107e-03 2.4587178e-03
6.1531532e+00 2.2045340e-05 1.2344729e-03 2.5680835e-03
6.1771772e+00 2.3557431e-05 1.2896325e-03 2.6818700e-03
6.2012012e+00 2.5176214e-05 1.3471418e-03 2.7995717e-03
6.2252252e+00 2.6900018e-05 1.4069627e-03 2.9219975e-03
6.2492492e+00 2.8734064e-05 1.4689615e-03 3.0492352e-03
6.2732733e+00 3.0683873e-05 1.5331638e-03 3.1804665e-03
6.2972973e+00 3.2736482e-05 1.5997248e-03 3.3167974e-03
6.3213213e+00 3.4907237e-05 1.6686131e-03 3.4577998e-03
6.3453453e+00 3.7217894e-05 1.7401703e-03 3.6034526e-03
6.3693694e+00 3.9684379e-05 1.8144804e-03 3.7547996e-03
6.3933934e+00 4.2321340e-05 1.8909685e-03 3.9119486e-03
6.4174174e+00 4.5140874e-05 1.9701996e-03 4.0743453e-03
6.4414414e+00 4.8107570e-05 2.0527231e-03 4.2418935e-03
6.4654655e+00 5.1251895e-05 2.1377336e-03 4.4150579e-03
6.4894895e+00 5.4595715e-05 2.2260661e-03 4.5948654e-03
6.5135135e+00 5.8164912e-05 2.3175021e-03 4.7809378e-03
6.5375375e+00 6.1930771e-05 2.4119070e-03 4.9720776e-03
6.5615616e+00 6.5906975e-05 2.5090363e-03 5.1700333e-03
6.5855856e+00 7.0119238e-05 2.6097924e-03 5.3739459e-03
6.6096096e+00 7.4595206e-05 2.7136935e-03 5.5843498e-03
6.6336336e+00 7.9318143e-05 2.8207292e-03 5.8014391e-03
6.6576577e+00 8.4300568e-05 2.9321351e-03 6.0258729e-03
6.6816817e+00 8.9596260e-05 3.0465186e-03 6.2575813e-03
6.7057057e+00 9.5256931e-05 3.1644960e-03 6.4952540e-03
6.7297297e+00 1.0117565e-04 3.2861243e-03 6.7391571e-03
6.7537538e+00 1.0743152e-04 3.4115459e-03 6.9916469e-03
6.7777778e+00 1.1401489e-04 3.5411196e-03 7.2505475e-03
6.8018018e+00 1.2098333e-04 3.6747532e-03 7.5186229e-03
6.8258258e+00 1.2840649e-04 3.8115186e-03 7.7958120e-03
6.8498498e+00 1.3627948e-04 3.9524681e-03 8.0796542e-03
6.8738739e+00 1.4456110e-04 4.0981251e-03 8.3730974e-03
6.8978979e+00 1.5330752e-04 4.2475260e-03 8.6724348e-03
6.9219219e+00 1.6257052e-04 4.4006797e-03 8.9815381e-03
6.9459459e+00 1.7236216e-04 4.5592117e-03 9.2979517e-03
6.9699700e+00 1.8258996e-04 4.7219084e-03 9.6199894e-03
6.9939940e+00 1.9336620e-04 4.8885952e-03 9.9538765e-03
7.0180180e+00 2.0484294e-04 5.0611966e-03 1.0295861e-02
7.0420420e+00 2.1676619e-04 5.2375334e-03 1.0645218e-02
7.0660661e+00 2.2960842e-04 5.4179342e-03 1.1004108e-02
7.0900901e+00 2.4289293e-04 5.6028705e-03 1.1375869e-02
7.1141141e+00 2.5671337e-04 5.7935205e-03 1.1755783e-02
7.1381381e+00 2.7149050e-04 5.9891276e-03 1.2142854e-02
7.1621622e+00 2.8722461e-04 6.1893013e-03 1.2542682e-02
7.1861862e+00 3.0368154e-04 6.3962205e-03 1.2950224e-02
7.2102102e+00 3.2088986e-04 6.6053969e-03 1.3365909e-02
7.2342342e+00 3.3894815e-04 6.8209643e-03 1.3794335e-02
7.2582583e+00 3.5781665e-04 7.0424590e-03 1.4231449e-02
7.2822823e+00 3.7790844e-04 7.2692685e-03 1.4678394e-02
7.3063063e+00 3.9881864e-04 7.5009496e-03 1.5134078e-02
7.3303303e+00 4.2081750e-04 7.7392109e-03 1.5605176e-02
7.3543544e+00 4.4410917e-04 7.9828179e-03 1.6082922e-02
7.3783784e+00 4.6862559e-04 8.2321949e-03 1.6569549e-02
7.4024024e+00 4.9400141e-04 8.4864271e-03 1.7069546e-02
7.4264264e+00 5.2082977e-04 8.7461856e-03 1.7583009e-02
7.4504505e+00 5.4886556e-04 9.0107681e-03 1.8100397e-02
7.4744745e+00 5.7864081e-04 9.2806329e-03 1.8631763e-02
7.4984985e+00 6.0940971e-04 9.5562502e-03 1.9171887e-02
7.5225225e+00 6.4141182e-04 9.8389733e-03 1.9722935e-02
7.5465465e+00 6.7539160e-04 1.0123045e-02 2.0288734e-02
7.5705706e+00 7.1100038e-04 1.0414913e-02 2.0859438e-02
7.5945946e+00 7.4850710e-04 1.0714571e-02 2.1440907e-02
7.6186186e+00 7.8764284e-04 1.1020508e-02 2.2037523e-02
7.6426426e+00 8.2846873e-04 1.1329326e-02 2.2635775e-02
7.6666667e+00 8.7162759e-04 1.1645549e-02 2.3249657e-02
7.6906907e+00 9.1660035e-04 1.1964937e-02 2.3869747e-02
7.7147147e+00 9.6288735e-04 1.2294529e-02 2.4500999e-02
7.7387387e+00 1.0118629e-03 1.2627890e-02 2.5152574e-02
7.7627628e+00 1.0630193e-03 1.2962984e-02 2.5804549e-02
7.7867868e+00 1.1165321e-03 1.3307304e-02 2.6472676e-02
7.8108108e+00 1.1727645e-03 1.3657499e-02 2.7156045e-02
7.8348348e+00 1.2311123e-03 1.4015706e-02 2.7841952e-02
7.8588589e+00 1.2919150e-03 1.4381521e-02 2.8545108e-02
7.8828829e+00 1.3555369e-03 1.4752247e-02 2.9258264e-02
7.9069069e+00 1.4232898e-03 1.5129274e-02 2.9982708e-02
7.9309309e+00 1.4920989e-03 1.5511042e-02 3.0720541e-02
7.9549550e+00 1.5651843e-03 1.5896727e-02 3.1459860e-02
7.9789790e+00 1.6423789e-03 1.6292497e-02 3.2209612e-02
8.0030030e+00 1.7212563e-03 1.6687468e-02 3.2972162e-02
8.0270270e+00 1.8035250e-03 1.7092718e-02 3.3739179e-02
8.0510511e+00 1.8894364e-03 1.7501675e-02 3.4522578e-02
8.0750751e+00 1.9811357e-03 1.7919642e-02 3.5307954e-02
8.0990991e+00 2.0752239e-03 1.8344612e-02 3.6105868e-02
8.1231231e+00 2.1740932e-03 1.8772476e-02 3.6914503e-02
8.1471471e+00 2.2763716e-03 1.9207304e-02 3.7725176e-02
8.1711712e+00 2.3848764e-03 1.9648919e-02 3.8550330e-02
8.1951952e+00 2.4943297e-03 2.0097148e-02 3.9379642e-02
8.2192192e+00 2.6092621e-03 2.0547013e-02 4.0223471e-02
8.2432432e+00 2.7309482e-03 2.1007998e-02 4.1068601e-02
8.2672673e+00 2.8562278e-03 2.1471395e-02 4.1925428e-02
8.2912913e+00 2.9856739e-03 2.1941866e-02 4.2790092e-02
8.3153153e+00 3.1198982e-03 2.2424159e-02 4.3661667e-02
8.3393393e+00 3.2609076e-03 2.2907637e-02 4.4536305e-02
8.3633634e+00 3.4079820e-03 2.3398736e-02 4.5423858e-02
8.3873874e+00 3.5593084e-03 2.3887448e-02 4.6321368e-02
8.4114114e+00 3.7175482e-03 2.4385973e-02 4.7227090e-02
8.4354354e+00 3.8831283e-03 2.4888860e-02 4.8143747e-02
8.4594595e+00 4.0534527e-03 2.5402570e-02 4.9058840e-02
8.4834835e+00 4.2321817e-03 2.5923962e-02 4.9980673e-02
8.5075075e+00 4.4162452e-03 2.6445453e-02 5.0921568e-02
8.5315315e+00 4.6064221e-03 2.6972737e-02 5.1881583e-02
8.5555556e+00 4.8046109e-03 2.7511011e-02 5.2845091e-02
8.5795796e+00 5.0123592e-03 2.8052601e-02 5.3796869e-02
8.6036036e+00 5.2265545e-03 2.8600883e-02 5.4754421e-02
8.6276276e+00 5.4513192e-03 2.9155950e-02 5.5721046e-02
8.6516517e+00 5.6878534e-03 2.9719788e-02 5.6695252e-02
8.6756757e+00 5.9285183e-03 3.0279637e-02 5.7696936e-02
8.6996997e+00 6.1776247e-03 3.0862479e-02 5.8685758e-02
8.7237237e+00 6.4318746e-03 3.1447685e-02 5.9690942e-02
8.7477477e+00 6.6948558e-03 3.2027662e-02 6.0684247e-02
8.7717718e+00 6.9713823e-03 3.2619770e-02 6.1698829e-02
8.7957958e+00 7.2617118e-03 3.3225481e-02 6.2712602e-02
8.8198198e+00 7.5614001e-03 3.3824917e-02 6.3730171e-02
8.8438438e+00 7.8767086e-03 3.4438612e-02 6.4741091e-02
8.8678679e+00 8.1999233e-03 3.5056511e-02 6.5777364e-02
8.8918919e+00 8.5274111e-03 3.5681270e-02 6.6818413e-02
8.9159159e+00 8.8731229e-03 3.6320954e-02 6.7856650e-02
8.9399399e+00 9.2290530e-03 3.6957252e-02 6.8909768e-02
8.9639640e+00 9.6059086e-03 3.7606473e-02 6.9953823e-02
8.9879880e+00 9.9912003e-03 3.8251614e-02 7.0988947e-02
9.0120120e+00 1.0384270e-02 3.8911471e-02 7.2033215e-02
9.0360360e+00 1.0795472e-02 3.9573316e-02 7.3093463e-02
9.0600601e+00 1.1209420e-02 4.0249189e-02 7.4171607e-02
9.0840841e+00 1.1643185e-02 4.0926913e-02 7.5247389e-02
9.1081081e+00 1.2097308e-02 4.1608428e-02 7.6321322e-02
9.1321321e+00 1.2555006e-02 4.2292870e-02 7.7412035e-02
9.1561562e+00 1.3052393e-02 4.3002665e-02 7.8500090e-02
9.1801802e+00 1.3542566e-02 4.3700410e-02 7.9587527e-02
9.2042042e+00 1.4052989e-02 4.4435701e-02 8.0666952e-02
9.2282282e+00 1.4584162e-02 4.5189202e-02 8.1762995e-02
9.2522523e+00 1.5138322e-02 4.5930444e-02 8.2860982e-02
9.2762763e+00 1.5692306e-02 4.6687764e-02 8.3950967e-02
9.3003003e+00 1.6284334e-02 4.7448978e-02 8.5107275e-02
9.3243243e+00 1.6898806e-02 4.8238004e-02 8.6232525e-02
9.3483483e+00 1.7526850e-02 4.9046049e-02 8.7372981e-02
9.3723724e+00 1.8184918e-02 4.9849404e-02 8.8524565e-02
9.3963964e+00 1.8843464e-02 5.0668618e-02 8.9691928e-02
9.4204204e+00 1.9519943e-02 5.1537113e-02 9.0853331e-02
9.4444444e+00 2.0216783e-02 5.2379155e-02 9.2043152e-02
9.4684685e+00 2.0930785e-02 5.3252268e-02 9.3196134e-02
9.4924925e+00 2.1668882e-02 5.4155149e-02 9.4394372e-02
9.5165165e+00 2.2426271e-02 5.5037825e-02 9.5643358e-02
9.5405405e+00 2.3223885e-02 5.5989835e-02 9.6885331e-02
9.5645646e+00 2.4049547e-02 5.6951587e-02 9.8114800e-02
9.5885886e+00 2.4884577e-02 5.7943514e-02 9.9371169e-02
9.6126126e+00 2.5740642e-02 5.8919210e-02 1.0066230e-01
9.6366366e+00 2.6620927e-02 5.9975980e-02 1.0193056e-01
9.6606607e+00 2.7552203e-02 6.1027946e-02 1.0320883e-01
9.6846847e+00 2.8490296e-02 6.2081859e-02 1.0454345e-01
9.7087087e+00 2.9450621e-02 6.3187535e-02 1.0591000e-01
9.7327327e+00 3.0436816e-02 6.4310334e-02 1.0731120e-01
9.7567568e+00 3.1449608e-02 6.5470984e-02 1.0872476e-01
9.7807808e+00 3.2518972e-02 6.6626199e-02 1.1014931e-01
9.8048048e+00 3.3609941e-02 6.7855829e-02 1.1160967e-01
9.8288288e+00 3.4701042e-02 6.9138366e-02 1.1306533e-01
9.8528529e+00 3.5834556e-02 7.0396225e-02 1.1456198e-01
9.8768769e+00 3.7009217e-02 7.1723858e-02 1.1604694e-01
9.9009009e+00 3.8202559e-02 7.3062220e-02 1.1753380e-01
9.9249249e+00 3.9405998e-02 7.4433109e-02 1.1901748e-01
9.9489489e+00 4.0620254e-02 7.5813088e-02 1.2047259e-01
9.9729730e+00 4.1873807e-02 7.7233608e-02 1.2204415e-01
9.9969970e+00 4.3124704e-02 7.8613264e-02 1.2367816e-01
1.0021021e+01 4.4388039e-02 8.0092704e-02 1.2522178e-01
1.0045045e+01 4.5692743e-02 8.1592509e-02 1.2677910e-01
1.0069069e+01 4.6985698e-02 8.3138042e-02 1.2840207e-01
1.0093093e+01 4.8274213e-02 8.4622699e-02 1.3001958e-01
1.0117117e+01 4.9612526e-02 8.6094019e-02 1.3161984e-01
1.0141141e+01 5.0916603e-02 8.7616255e-02 1.3331535e-01
1.0165165e+01 5.2318628e-02 8.9211555e-02 1.3506125e-01
1.0189189e+01 5.3724985e-02 9.0931742e-02 1.3679346e-01
1.0213213e+01 5.5125789e-02 9.2582140e-02 1.3866493e-01
1.0237237e+01 5.6566983e-02 9.4223200e-02 1.4041179e-01
1.0261261e+01 5.8003762e-02 9.5941462e-02 1.4230313e-01
1.0285285e+01 5.9555722e-02 9.7626887e-02 1.4410911e-01
1.0309309e+01 6.1025028e-02 9.9368165e-02 1.4605172e-01
1.0333333e+01 6.2558390e-02 1.0120017e-01 1.4793233e-01
1.0357357e+01 6.4099857e-02 1.0305132e-01 1.4994402e-01
1.0381381e+01 6.5623140e-02 1.0488926e-01 1.5191437e-01
1.0405405e+01 6.7212169e-02 1.0679215e-01 1.5394107e-01
1.0429429e+01 6.8853076e-02 1.0874714e-01 1.5602897e-01
1.0453453e+01 7.0596045e-02 1.1067618e-01 1.5817068e-01
1.0477477e+01 7.2409534e-02 1.1265395e-01 1.6036981e-01
1.0501502e+01 7.4078970e-02 1.1468031e-01 1.6265026e-01
1.0525526e+01 7.5804847e-02 1.1678794e-01 1.6492961e-01
1.0549550e+01 7.7561694e-02 1.1879937e-01 1.6726659e-01
1.0573574e+01 7.9415276e-02 1.2093168e-01 1.6964544e-01
1.0597598e+01 8.1252476e-02 1.2309980e-01 1.7195828e-01
1.0621622e+01 8.3194789e-02 1.2525154e-01 1.7443353e-01
1.0645646e+01 8.5091719e-02 1.2751868e-01 1.7694278e-01
1.0669670e+01 8.7051212e-02 1.2977555e-01 1.7942644e-01
1.0693694e+01 8.9060732e-02 1.3205435e-01 1.8205281e-01
1.0717718e+01 9.1128009e-02 1.3437710e-01 1.8464665e-01
1.0741742e+01 9.3148917e-02 1.3679457e-01 1.8727465e-01
1.0765766e+01 9.5192877e-02 1.3927480e-01 1.8993843e-01
1.0789790e+01 9.7333297e-02 1.4171204e-01 1.9277067e-01
1.0813814e+01 9.9524158e-02 1.4421770e-01 1.9556199e-01
1.0837838e+01 1.0168685e-01 1.4675397e-01 1.9864034e-01
1.0861862e+01 1.0382678e-01 1.4938671e-01 2.0158997e-01
1.0885886e+01 1.0607666e-01 1.5200766e-01 2.0465521e-01
1.0909910e+01 1.0834499e-01 1.5470433e-01 2.0778830e-01
1.0933934e+01 1.1058391e-01 1.5738745e-01 2.1094499e-01
1.0957958e+01 1.1295312e-01 1.6006890e-01 2.1422216e-01
1.0981982e+01 1.1535244e-01 1.6283324e-01 2.1732020e-01
1.1006006e+01 1.1779963e-01 1.6569264e-01 2.2053249e-01
1.1030030e+01 1.2023779e-01 1.6859730e-01 2.2391718e-01
1.1054054e+01 1.2275767e-01 1.7150791e-01 2.2742597e-01
1.1078078e+01 1.2537781e-01 1.7460457e-01 2.3086356e-01
1.1102102e+01 1.2792484e-01 1.7756693e-01 2.3427281e-01
1.1126126e+01 1.3056644e-01 1.8074327e-01 2.3756475e-01
1.1150150e+01 1.3317321e-01 1.8388756e-01 2.4112656e-01
1.1174174e+01 1.3591634e-01 1.8708315e-01 2.4481178e-01
1.1198198e+01 1.3873670e-01 1.9022362e-01 2.4863041e-01
1.1222222e+01 1.4154878e-01 1.9353521e-01 2.5221783e-01
1.1246246e+01 1.4438449e-01 1.9685895e-01 2.5595645e-01
1.1270270e+01 1.4737111e-01 2.0024884e-01 2.5977968e-01
1.1294294e+01 1.5023552e-01 2.0370826e-01 2.6353319e-01
1.1318318e+01 1.5333222e-01 2.0722664e-01 2.6734195e-01
1.1342342e+01 1.5629409e-01 2.1083710e-01 2.7130925e-01
1.1366366e+01 1.5936024e-01 2.1444909e-01 2.7533952e-01
1.1390390e+01 1.6250619e-01 2.1810480e-01 2.7938091e-01
1.1414414e+01 1.6556711e-01 2.2182713e-01 2.8360251e-01
1.1438438e+01 1.6873478e-01 2.2548622e-01 2.8772462e-01
1.1462462e+01 1.7201268e-01 2.2930122e-01 2.9200016e-01
1.1486486e+01 1.7528514e-01 2.3302828e-01 2.9628455e-01
1.1510511e+01 1.7874597e-01 2.3687393e-01 3.0077194e-01
1.1534535e+01 1.8220320e-01 2.4078627e-01 3.0522406e-01
1.1558559e+01 1.8559737e-01 2.4472178e-01 3.0964332e-01
1.1582583e+01 1.8911273e-01 2.4884777e-01 3.1419576e-01
1.1606607e+01 1.9266638e-01 2.5300920e-01 3.1886850e-01
1.1630631e+01 1.9626687e-01 2.5718149e-01 3.2368266e-01
1.1654655e+01 1.9991940e-01 2.6136204e-01 3.2853574e-01
1.1678679e+01 2.0363613e-01 2.6567318e-01 3.3333120e-01
1.1702703e+01 2.0735855e-01 2.7005763e-01 3.3820546e-01
1.1726727e+01 2.1109890e-01 2.7458350e-01 3.4316313e-01
1.1750751e+01 2.1514206e-01 2.7897411e-01 3.4813716e-01
1.1774775e+01 2.1912679e-01 2.8344927e-01 3.5325411e-01
1.1798799e+01 2.2309773e-01 2.8795545e-01 3.5840676e-01
1.1822823e+01 2.2713736e-01 2.9251516e-01 3.6358153e-01
1.1846847e+01 2.3125732e-01 2.9722098e-01 3.6874294e-01
1.1870871e+01 2.3536973e-01 3.0201485e-01 3.7392522e-01
1.1894895e+01 2.3961256e-01 3.0679837e-01 3.7914060e-01
1.1918919e+01 2.4402324e-01 3.1157175e-01 3.8470734e-01
1.1942943e+01 2.4836638e-01 3.1651932e-01 3.9016279e-01
1.1966967e+01 2.5276508e-01 3.2149499e-01 3.9552013e-01
1.1990991e+01 2.5720156e-01 3.2638205e-01 4.0093539e-01
1.2015015e+01 2.6166010e-01 3.3156089e-01 4.0647471e-01
1.2039039e+01 2.6605089e-01 3.3673470e-01 4.1213507e-01
1.2063063e+01 2.7060447e-01 3.4195872e-01 4.1784648e-01
1.2087087e+01 2.7524380e-01 3.4713571e-01 4.2359680e-01
1.2111111e+01 2.7987950e-01 3.5233111e-01 4.2936364e-01
1.2135135e+01 2.8452650e-01 3.5758846e-01 4.3518901e-01
1.2159159e+01 2.8943170e-01 3.6281548e-01 4.4109607e-01
1.2183183e+01 2.9413524e-01 3.6826897e-01 4.4694970e-01
1.2207207e+01 2.9886267e-01 3.7368046e-01 4.5285687e-01
1.2231231e+01 3.0379582e-01 3.7918716e-01 4.5887533e-01
1.2255255e+01 3.0881491e-01 3.8474550e-01 4.6476886e-01
1.2279279e+01 3.1381797e-01 3.9028247e-01 4.7085952e-01
1.2303303e+01 3.1888164e-01 3.9583346e-01 4.7705211e-01
1.2327327e+01 3.2395776e-01 4.0155184e-01 4.8321587e-01
1.2351351e+01 3.2918221e-01 4.0712135e-01 4.8934057e-01
1.2375375e+01 3.3425382e-01 4.1288769e-01 4.9560317e-01
1.2399399e+01 3.3954377e-01 4.1854297e-01 5.0207067e-01
1.2423423e+01 3.4470903e-01 4.2435391e-01 5.0832300e-01
1.2447447e+01 3.5001909e-01 4.3032138e-01 5.1462686e-01
1.2471471e+01 3.5538600e-01 4.3623620e-01 5.2085475e-01
1.2495495e+01 3.6084089e-01 4.4205317e-01 5.2729860e-01
1.2519520e+01 3.6611740e-01 4.4802201e-01 5.3376016e-01
1.2543544e+01 3.7156930e-01 4.5394682e-01 5.4001380e-01
1.2567568e+01 3.7710434e-01 4.5994850e-01 5.4664946e-01
1.2591592e+01 3.8269199e-01 4.6584610e-01 5.5310277e-01
1.2615616e+01 3.8825948e-01 4.7190558e-01 5.5949081e-01
1.2639640e+01 3.9382289e-01 4.7787991e-01 5.6584925e-01
1.2663664e+01 3.9927731e-01 4.8420983e-01 5.7252312e-01
1.2687688e+01 4.0496842e-01 4.9040334e-01 5.7899538e-01
1.2711712e+01 4.1081505e-01 4.9650643e-01 5.8565444e-01
1.2735736e+01 4.1651333e-01 5.0276768e-01 5.9252822e-01
1.2759760e+01 4.2218876e-01 5.0910667e-01 5.9912830e-01
1.2783784e+01 4.2794368e-01 5.1526245e-01 6.0588470e-01
1.2807808e+01 4.3395143e-01 5.2161222e-01 6.1263313e-01
1.2831832e+01 4.3971592e-01 5.2798252e-01 6.1950711e-01
1.2855856e+01 4.4548643e-01 5.3433613e-01 6.2632711e-01
1.2879880e+01 4.5133597e-01 5.4065921e-01 6.3281585e-01
1.2903904e+01 4.5732437e-01 5.4697573e-01 6.3951956e-01
1.2927928e+01 4.6329563e-01 5.5337194e-01 6.4628237e-01
1.2951952e+01 4.6910110e-01 5.5973323e-01 6.5303364e-01
1.2975976e+01 4.7512286e-01 5.6608889e-01 6.5977449e-01
1.3000000e+01 4.8111654e-01 5.7245091e-01 6.6642466e-01
1.3024024e+01 4.8697286e-01 5.7878188e-01 6.7308638e-01
1.3048048e+01 4.9317539e-01 5.8523193e-01 6.7996859e-01
1.3072072e+01 4.9914609e-01 5.9175027e-01 6.8648806e-01
1.3096096e+01 5.0522855e-01 5.9833488e-01 6.9328579e-01
1.3120120e+01 5.1118570e-01 6.0468787e-01 7.0015619e-01
1.3144144e+01 5.1695602e-01 6.1104900e-01 7.0717322e-01
1.3168168e+01 5.2283017e-01 6.1741384e-01 7.1407699e-01
1.3192192e+01 5.2882624e-01 6.2375993e-01 7.2104374e-01
1.3216216e+01 5.3470205e-01 6.3021174e-01 7.2771962e-01
1.3240240e+01 5.4065104e-01 6.3648895e-01 7.3450483e-01
1.3264264e+01 5.4664374e-01 6.4281588e-01 7.4119707e-01
1.3288288e+01 5.5264269e-01 6.4901318e-01 7.4784720e-01
1.3312312e+01 5.5847740e-01 6.5550311e-01 7.5464040e-01
1.3336336e+01 5.6435843e-01 6.6194076e-01 7.6130067e-01
1.3360360e+01 5.7029132e-01 6.6823337e-01 7.6794219e-01
1.3384384e+01 5.7620922e-01 6.7447982e-01 7.7439070e-01
1.3408408e+01 5.8196893e-01 6.8080030e-01 7.8106523e-01
1.3432432e+01 5.8780127e-01 6.8711148e-01 7.8774486e-01
1.3456456e+01 5.9378625e-01 6.9349087e-01 7.9401409e-01
1.3480480e+01 5.9945628e-01 6.9973241e-01 8.0038499e-01
1.3504505e+01 6.0519893e-01 7.0595794e-01 8.0694235e-01
1.3528529e+01 6.1087943e-01 7.1200509e-01 8.1351674e-01
1.3552553e+01 6.1658938e-01 7.1790131e-01 8.2011203e-01
1.3576577e+01 6.2210162e-01 7.2388138e-01 8.2640576e-01
1.3600601e+01 6.2756733e-01 7.2982009e-01 8.3294539e-01
1.3624625e+01 6.3318943e-01 7.3554462e-01 8.3926413e-01
1.3648649e+01 6.3888230e-01 7.4141718e-01 8.4561379e-01
1.3672673e+01 6.4462114e-01 7.4726174e-01 8.5182828e-01
1.3696697e+01 6.5017811e-01 7.5305056e-01 8.5803157e-01
1.3720721e+01 6.5571068e-01 7.5891124e-01 8.6445839e-01
1.3744745e+01 6.6110388e-01 7.6463513e-01 8.7058154e-01
1.3768769e+01 6.6647025e-01 7.7023843e-01 8.7652590e-01
1.3792793e+01 6.7192457e-01 7.7554893e-01 8.8253142e-01
1.3816817e+01 6.7741445e-01 7.8112552e-01 8.8817986e-01
1.3840841e+01 6.8266236e-01 7.8665470e-01 8.9401782e-01
1.3864865e+01 6.8779596e-01 7.9207029e-01 8.9975077e-01
1.3888889e+01 6.9273508e-01 7.9729611e-01 9.0540973e-01
1.3912913e+01 6.9753973e-01 8.0265992e-01 9.1094660e-01
1.3936937e+01 7.0257528e-01 8.0801631e-01 9.1657929e-01
1.3960961e+01 7.0735161e-01 8.1345639e-01 9.2217049e-01
1.3984985e+01 7.1227819e-01 8.1859153e-01 9.2750808e-01
1.4009009e+01 7.1707820e-01 8.2369356e-01 9.3269871e-01
1.4033033e+01 7.2208918e-01 8.2862996e-01 9.3775756e-01
1.4057057e+01 7.2672710e-01 8.3375103e-01 9.4275443e-01
1.4081081e+01 7.3152732e-01 8.3858745e-01 9.4789847e-01
1.4105105e+01 7.3620030e-01 8.4364393e-01 9.5294316e-01
1.4129129e+01 7.4080604e-01 8.4837596e-01 9.5797294e-01
1.4153153e+01 7.4542501e-01 8.5316101e-01 9.6288541e-01
1.4177177e+01 7.5007427e-01 8.5796238e-01 9.6775430e-01
1.4201201e+01 7.5441723e-01 8.6259165e-01 9.7237456e-01
1.4225225e+01 7.5881341e-01 8.6711031e-01 9.7681867e-01
1.4249249e+01 7.6296316e-01 8.7166411e-01 9.8135021e-01
1.4273273e+01 7.6713421e-01 8.7599811e-01 9.8596682e-01
1.4297297e+01 7.7131701e-01 8.8018352e-01 9.9019461e-01
1.4321321e+01 7.7552793e-01 8.8439408e-01 9.9455934e-01
1.4345345e+01 7.7938936e-01 8.8851246e-01 9.9853512e-01
1.4369369e+01 7.8323813e-01 8.9248180e-01 1.0028248e+00
1.4393393e+01 7.8697219e-01 8.9645046e-01 1.0067490e+00
1.4417417e+01 7.9081420e-01 9.0033991e-01 1.0105295e+00
1.4441441e+01 7.9448095e-01 9.0427813e-01 1.0145147e+00
1.4465465e+01 7.9820752e-01 9.0763342e-01 1.0180546e+00
1.4489489e+01 8.0195072e-01 9.1114181e-01 1.0216139e+00
1.4513514e+01 8.0532038e-01 9.1468070e-01 1.0253106e+00
1.4537538e+01 8.0876261e-01 9.1821505e-01 1.0286447e+00
1.4561562e+01 8.1237380e-01 9.2164643e-01 1.0320192e+00
1.4585586e+01 8.1569701e-01 9.2507699e-01 1.0350742e+00
1.4609610e+01 8.1909935e-01 9.2844702e-01 1.0383614e+00
1.4633634e+01 8.2229591e-01 9.3162752e-01 1.0415335e+00
1.4657658e+01 8.2525408e-01 9.3455921e-01 1.0444743e+00
1.4681682e+01 8.2839656e-01 9.3758110e-01 1.0474013e+00
1.4705706e+01 8.3137106e-01 9.4047725e-01 1.0499805e+00
1.4729730e+01 8.3421402e-01 9.4330027e-01 1.0525930e+00
1.4753754e+01 8.3713978e-01 9.4619070e-01 1.0553367e+00
1.4777778e+01 8.3999861e-01 9.4893572e-01 1.0580325e+00
1.4801802e+01 8.4275319e-01 9.5149643e-01 1.0604137e+00
1.4825826e+01 8.4548699e-01 9.5401009e-01 1.0627274e+00
1.4849850e+01 8.4806227e-01 9.5641962e-01 1.0649658e+00
1.4873874e+01 8.5087967e-01 9.5890757e-01 1.0669669e+00
1.4897898e+01 8.5352651e-01 9.6123367e-01 1.0689249e+00
1.4921922e+01 8.5603730e-01 9.6345047e-01 1.0708872e+00
1.4945946e+01 8.5832973e-01 9.6547099e-01 1.0725355e+00
1.4969970e+01 8.6055387e-01 9.6758211e-01 1.0743810e+00
1.4993994e+01 8.6270844e-01 9.6959830e-01 1.0764439e+00
1.5018018e+01 8.6492942e-01 9.7150792e-01 1.0782116e+00
1.5042042e+01 8.6719906e-01 9.7349517e-01 1.0800075e+00
1.5066066e+01 8.6920677e-01 9.7516283e-01 1.0815177e+00
1.5090090e+01 8.7109795e-01 9.7679293e-01 1.0830907e+00
1.5114114e+01 8.7287902e-01 9.7845744e-01 1.0844352e+00
1.5138138e+01 8.7476710e-01 9.7999351e-01 1.0857881e+00
1.5162162e+01 8.7669511e-01 9.8148256e-01 1.0868009e+00
1.5186186e+01 8.7845782e-01 9.8294805e-01 1.0879041e+00
1.5210210e+01 8.8034910e-01 9.8433975e-01 1.0888128e+00
1.5234234e+01 8.8197779e-01 9.8575812e-01 1.0895835e+00
1.5258258e+01 8.8357266e-01 9.8702180e-01 1.0904710e+00
1.5282282e+01 8.8506091e-01 9.8806155e-01 1.0913549e+00
1.5306306e+01 8.8654261e-01 9.8905060e-01 1.0922112e+00
1.5330330e+01 8.8801085e-01 9.8993833e-01 1.0928505e+00
1.5354354e+01 8.8903883e-01 9.9108539e-01 1.0934585e+00
1.5378378e+01 8.9045023e-01 9.9203672e-01 1.0941741e+00
1.5402402e+01 8.9172929e-01 9.9295663e-01 1.0946410e+00
1.5426426e+01 8.9268367e-01 9.9385751e-01 1.0948985e+00
1.5450450e+01 8.9395733e-01 9.9457851e-01 1.0954044e+00
1.5474474e+01 8.9494811e-01 9.9524163e-01 1.0955740e+00
1.5498498e+01 8.9607390e-01 9.9579470e-01 1.0958352e+00
1.5522523e+01 8.9704545e-01 9.9660851e-01 1.0961184e+00
1.5546547e+01 8.9787226e-01 9.9725725e-01 1.0964377e+00
1.5570571e+01 8.9891381e-01 9.9771331e-01 1.0964133e+00
1.5594595e+01 8.9965320e-01 9.9822517e-01 1.0965474e+00
1.5618619e+01 9.0021634e-01 9.9860477e-01 1.0965615e+00
1.5642643e+01 9.0080994e-01 9.9888196e-01 1.0964538e+00
1.5666667e+01 9.0151741e-01 9.9909326e-01 1.0965536e+00
1.5690691e+01 9.0216556e-01 9.9926343e-01 1.0963942e+00
1.5714715e+01 9.0251580e-01 9.9937460e-01 1.0963123e+00
1.5738739e+01 9.0303520e-01 9.9963255e-01 1.0961248e+00
1.5762763e+01 9.0353865e-01 9.9980198e-01 1.0961406e+00
1.5786787e+01 9.0392667e-01 9.9998485e-01 1.0958193e+00
1.5810811e+01 9.0418413e-01 9.9996830e-01 1.0957688e+00
1.5834835e+01 9.0434667e-01 1.0000000e+00 1.0955541e+00
1.5858859e+01 9.0463518e-01 9.9985041e-01 1.0950037e+00
1.5882883e+01 9.0478630e-01 9.9956648e-01 1.0947865e+00
1.5906907e+01 9.0472481e-01 9.9957704e-01 1.0944302e+00
1.5930931e+01 9.0461779e-01 9.9954552e-01 1.0939476e+00
1.5954955e+01 9.0454077e-01 9.9923980e-01 1.0936778e+00
1.5978979e+01 9.0427450e-01 9.9901798e-01 1.0931857e+00
1.6003003e+01 9.0436849e-01 9.9881161e-01 1.0928423e+00
1.6027027e+01 9.0424741e-01 9.9843870e-01 1.0923626e+00
1.6051051e+01 9.0420704e-01 9.9801190e-01 1.0917713e+00
1.6075075e+01 9.0397120e-01 9.9780958e-01 1.0910996e+00
1.6099099e+01 9.0352635e-01 9.9747633e-01 1.0907443e+00
1.6123123e+01 9.0313543e-01 9.9703898e-01 1.0901244e+00
1.6147147e+01 9.0263219e-01 9.9645230e-01 1.0894547e+00
1.6171171e+01 9.0228208e-01 9.9602437e-01 1.0887113e+00
1.6195195e+01 9.0177144e-01 9.9555354e-01 1.0882788e+00
1.6219219e+01 9.0135802e-01 9.9483838e-01 1.0876855e+00
1.6243243e+01 9.0100049e-01 9.9435277e-01 1.0871619e+00
1.6267267e+01 9.0059259e-01 9.9362296e-01 1.0864891e+00
1.6291291e+01 8.9999463e-01 9.9288589e-01 1.0859298e+00
1.6315315e+01 8.9936385e-01 9.9225934e-01 1.0855884e+00
1.6339339e+01 8.9880267e-01 9.9163542e-01 1.0850330e+00
1.6363363e+01 8.9820733e-01 9.9096251e-01 1.0845409e+00
1.6387387e+01 8.9727187e-01 9.9017348e-01 1.0839106e+00
1.6411411e+01 8.9634508e-01 9.8944054e-01 1.0834744e+00
1.6435435e+01 8.9596445e-01 9.8864962e-01 1.0829194e+00
1.6459459e+01 8.9522688e-01 9.8791395e-01 1.0822235e+00
1.6483483e+01 8.9424522e-01 9.8711629e-01 1.0816270e+00
1.6507508e+01 8.9352029e-01 9.8634444e-01 1.0809811e+00
1.6531532e+01 8.9293548e-01 9.8537034e-01 1.0804756e+00
1.6555556e+01 8.9190538e-01 9.8438687e-01 1.0797530e+00
1.6579580e+01 8.9112378e-01 9.8339478e-01 1.0791501e+00
1.6603604e+01 8.9019367e-01 9.8247638e-01 1.0781912e+00
1.6627628e+01 8.8909288e-01 9.8168260e-01 1.0772387e+00
1.6651652e+01 8.8792864e-01 9.8095340e-01 1.0764110e+00
1.6675676e+01 8.8695308e-01 9.7995807e-01 1.0755772e+00
1.6699700e+01 8.8577012e-01 9.7899298e-01 1.0750053e+00
1.6723724e+01 8.8475227e-01 9.7806870e-01 1.0740929e+00
1.6747748e+01 8.8360032e-01 9.7694539e-01 1.0732467e+00
1.6771772e+01 8.8247872e-01 9.7608601e-01 1.0724627e+00
1.6795796e+01 8.8138970e-01 9.7482422e-01 1.0718401e+00
1.6819820e+01 8.8023232e-01 9.7384399e-01 1.0708875e+00
1.6843844e+01 8.7899616e-01 9.7279437e-01 1.0701994e+00
1.6867868e+01 8.7787940e-01 9.7173545e-01 1.0690926e+00
1.6891892e+01 8.7652067e-01 9.7050659e-01 1.0680999e+00
1.6915916e+01 8.7530047e-01 9.6957643e-01 1.0671838e+00
1.6939940e+01 8.7408475e-01 9.6845802e-01 1.0659678e+00
1.6963964e+01 8.7258954e-01 9.6735867e-01 1.0650259e+00
1.6987988e+01 8.7119842e-01 9.6601816e-01 1.0640757e+00
1.7012012e+01 8.6978149e-01 9.6486769e-01 1.0630506e+00
1.7036036e+01 8.6834097e-01 9.6384000e-01 1.0621511e+00
1.7060060e+01 8.6654463e-01 9.6267590e-01 1.0609754e+00
1.7084084e+01 8.6484776e-01 9.6149961e-01 1.0597885e+00
1.7108108e+01 8.6342160e-01 9.6015275e-01 1.0586188e+00
1.7132132e+01 8.6200882e-01 9.5871539e-01 1.0573090e+00
1.7156156e+01 8.6061261e-01 9.5730897e-01 1.0560962e+00
1.7180180e+01 8.5900547e-01 9.5606384e-01 1.0545337e+00
1.7204204e+01 8.5730346e-01 9.5461206e-01 1.0531934e+00
1.7228228e+01 8.5558641e-01 9.5318095e-01 1.0517879e+00
1.7252252e+01 8.5380856e-01 9.5168193e-01 1.0504995e+00
1.7276276e+01 8.5215264e-01 9.5021467e-01 1.0491052e+00
1.7300300e+01 8.5049501e-01 9.4864053e-01 1.0476940e+00
1.7324324e+01 8.4873266e-01 9.4703229e-01 1.0464912e+00
1.7348348e+01 8.4682029e-01 9.4541267e-01 1.0450072e+00
1.7372372e+01 8.4486541e-01 9.4374283e-01 1.0433291e+00
1.7396396e+01 8.4286637e-01 9.4192950e-01 1.0418857e+00
1.7420420e+01 8.4071845e-01 9.4016906e-01 1.0402710e+00
1.7444444e+01 8.3872440e-01 9.3842894e-01 1.0386223e+00
1.7468468e+01 8.3655620e-01 9.3656614e-01 1.0368454e+00
1.7492492e+01 8.3458260e-01 9.3468095e-01 1.0352497e+00
1.7516517e+01 8.3266780e-01 9.3258450e-01 1.0335874e+00
1.7540541e+01 8.3045323e-01 9.3065133e-01 1.0319282e+00
1.7564565e+01 8.2847718e-01 9.2866882e-01 1.0301962e+00
1.7588589e+01 8.2625687e-01 9.2656174e-01 1.0285981e+00
1.7612613e+01 8.2400334e-01 9.2459288e-01 1.0266967e+00
1.7636637e+01 8.2190784e-01 9.2270588e-01 1.0246710e+00
1.7660661e+01 8.1968961e-01 9.2057638e-01 1.0226202e+00
1.7684685e+01 8.1738791e-01 9.1844175e-01 1.0206480e+00
1.7708709e+01 8.1498145e-01 9.1611181e-01 1.0186180e+00
1.7732733e+01 8.1264892e-01 9.1379248e-01 1.0164411e+00
1.7756757e+01 8.1025875e-01 9.1137825e-01 1.0142837e+00
1.7780781e+01 8.0752633e-01 9.0897289e-01 1.0120500e+00
1.7804805e+01 8.0484438e-01 9.0646913e-01 1.0097235e+00
1.7828829e+01 8.0222905e-01 9.0392389e-01 1.0073733e+00
1.7852853e+01 7.9943506e-01 9.0145062e-01 1.0050721e+00
1.7876877e+01 7.9654175e-01 8.9881221e-01 1.0025692e+00
1.7900901e+01 7.9372793e-01 8.9645026e-01 1.0002698e+00
1.7924925e+01 7.9081338e-01 8.9372579e-01 9.9788833e-01
1.7948949e+01 7.8778017e-01 8.9107079e-01 9.9519081e-01
1.7972973e+01 7.8469822e-01 8.8830954e-01 9.9251601e-01
1.7996997e+01 7.8190960e-01 8.8544689e-01 9.8968625e-01
1.8021021e+01 7.7864956e-01 8.8250463e-01 9.8709838e-01
1.8045045e+01 7.7535475e-01 8.7965221e-01 9.8435112e-01
1.8069069e+01 7.7224211e-01 8.7660891e-01 9.8150236e-01
1.8093093e+01 7.6905483e-01 8.7329592e-01 9.7834613e-01
1.8117117e+01 7.6561661e-01 8.7020937e-01 9.7540368e-01
1.8141141e+01 7.6246627e-01 8.6695141e-01 9.7217484e-01
1.8165165e+01 7.5904935e-01 8.6385491e-01 9.6898093e-01
1.8189189e+01 7.5572066e-01 8.6062017e-01 9.6595622e-01
1.8213213e+01 7.5208855e-01 8.5731098e-01 9.6270982e-01
1.8237237e+01 7.4855082e-01 8.5402449e-01 9.5921175e-01
1.8261261e+01 7.4469620e-01 8.5062518e-01 9.5565976e-01
1.8285285e+01 7.4094075e-01 8.4697525e-01 9.5226052e-01
1.8309309e+01 7.3736396e-01 8.4333904e-01 9.4903620e-01
1.8333333e+01 7.3344658e-01 8.3980822e-01 9.4549673e-01
1.8357357e+01 7.2951979e-01 8.3615532e-01 9.4168479e-01
1.8381381e+01 7.2561233e-01 8.3235731e-01 9.3810823e-01
1.8405405e+01 7.2139396e-01 8.2848222e-01 9.3437077e-01
1.8429429e+01 7.1732045e-01 8.2476171e-01 9.3038741e-01
1.8453453e+01 7.1287715e-01 8.2079580e-01 9.2662550e-01
1.8477477e+01 7.0866982e-01 8.1676458e-01 9.2254715e-01
1.8501502e+01 7.0452841e-01 8.1269984e-01 9.1861858e-01
1.8525526e+01 7.0026937e-01 8.0846217e-01 9.1464887e-01
1.8549550e+01 6.9606664e-01 8.0400325e-01 9.1039610e-01
1.8573574e+01 6.9161870e-01 7.9965376e-01 9.0640509e-01
1.8597598e+01 6.8740709e-01 7.9541304e-01 9.0212233e-01
1.8621622e+01 6.8299835e-01 7.9099939e-01 8.9790261e-01
1.8645646e+01 6.7857697e-01 7.8646630e-01 8.9341658e-01
1.8669670e+01 6.7433509e-01 7.8187124e-01 8.8910944e-01
1.8693694e+01 6.6960445e-01 7.7715669e-01 8.8448674e-01
1.8717718e+01 6.6499137e-01 7.7253984e-01 8.8011190e-01
1.8741742e+01 6.6020970e-01 7.6769574e-01 8.7523107e-01
1.8765766e+01 6.5534628e-01 7.6272383e-01 8.7041042e-01
1.8789790e+01 6.5086238e-01 7.5776724e-01 8.6555458e-01
1.8813814e+01 6.4611268e-01 7.5276967e-01 8.6055592e-01
1.8837838e+01 6.4130902e-01 7.4777436e-01 8.5525574e-01
1.8861862e+01 6.3616880e-01 7.4262011e-01 8.5030222e-01
1.8885886e+01 6.3120575e-01 7.3761810e-01 8.4504146e-01
1.8909910e+01 6.2603264e-01 7.3252823e-01 8.3988059e-01
1.8933934e+01 6.2104384e-01 7.2739757e-01 8.3456973e-01
1.8957958e+01 6.1602765e-01 7.2225252e-01 8.2922359e-01
1.8981982e+01 6.1088794e-01 7.1704074e-01 8.2391831e-01
1.9006006e+01 6.0588953e-01 7.1164411e-01 8.1859093e-01
1.9030030e+01 6.0070845e-01 7.0614683e-01 8.1319691e-01
1.9054054e+01 5.9548362e-01 7.0070528e-01 8.0777157e-01
1.9078078e+01 5.9035140e-01 6.9535130e-01 8.0216741e-01
1.9102102e+01 5.8515455e-01 6.8970387e-01 7.9673927e-01
1.9126126e+01 5.7978684e-01 6.8415746e-01 7.9104767e-01
1.9150150e+01 5.7433056e-01 6.7861219e-01 7.8539256e-01
1.9174174e+01 5.6910654e-01 6.7301296e-01 7.7945881e-01
1.9198198e+01 5.6380370e-01 6.6752147e-01 7.7359153e-01
1.9222222e+01 5.5848160e-01 6.6183673e-01 7.6754216e-01
1.9246246e+01 5.5299732e-01 6.5602232e-01 7.6172637e-01
1.9270270e+01 5.4778615e-01 6.5025565e-01 7.5546633e-01
1.9294294e+01 5.4233064e-01 6.4430066e-01 7.4958218e-01
1.9318318e+01 5.3684926e-01 6.3840756e-01 7.4331945e-01
1.9342342e+01 5.3153829e-01 6.3243181e-01 7.3705762e-01
1.9366366e+01 5.2602839e-01 6.2660058e-01 7.3054795e-01
1.9390390e+01 5.2052192e-01 6.2077938e-01 7.2423402e-01
1.9414414e+01 5.1506594e-01 6.1475547e-01 7.1776669e-01
1.9438438e+01 5.0946051e-01 6.0872797e-01 7.1142329e-01
1.9462462e+01 5.0384160e-01 6.0266141e-01 7.0508125e-01
1.9486486e+01 4.9837717e-01 5.9666531e-01 6.9853620e-01
1.9510511e+01 4.9270805e-01 5.9058245e-01 6.9202111e-01
1.9534535e+01 4.8715800e-01 5.8457189e-01 6.8561208e-01
1.9558559e+01 4.8174710e-01 5.7849768e-01 6.7895891e-01
1.9582583e+01 4.7604655e-01 5.7235338e-01 6.7237488e-01
1.9606607e+01 4.7065420e-01 5.6619124e-01 6.6553914e-01
1.9630631e+01 4.6531170e-01 5.6012632e-01 6.5879949e-01
1.9654655e+01 4.5975385e-01 5.5406472e-01 6.5208839e-01
1.9678679e+01 4.5417691e-01 5.4792048e-01 6.4561429e-01
1.9702703e+01 4.4857652e-01 5.4178332e-01 6.3893803e-01
1.9726727e+01 4.4294271e-01 5.3567639e-01 6.3217516e-01
1.9750751e+01 4.3750353e-01 5.2962171e-01 6.2543991e-01
1.9774775e+01 4.3195158e-01 5.2351598e-01 6.1861304e-01
1.9798799e+01 4.2651732e-01 5.1730661e-01 6.1179277e-01
1.9822823e+01 4.2112578e-01 5.1119888e-01 6.0493310e-01
1.9846847e+01 4.1559601e-01 5.0497871e-01 5.9813573e-01
1.9870871e+01 4.1012345e-01 4.9877741e-01 5.9132432e-01
1.9894895e+01 4.0471442e-01 4.9261172e-01 5.8455586e-01
1.9918919e+01 3.9936094e-01 4.8655262e-01 5.7778534e-01
1.9942943e+01 3.9397062e-01 4.8050204e-01 5.7103016e-01
1.9966967e+01 3.8867621e-01 4.7442834e-01 5.6436210e-01
1.9990991e+01 3.8342522e-01 4.6835802e-01 5.5756136e-01
2.0015015e+01 3.7801321e-01 4.6210523e-01 5.5087093e-01
2.0039039e+01 3.7264387e-01 4.5597363e-01 5.4398006e-01
2.0063063e+01 3.6728282e-01 4.5008518e-01 5.3729772e-01
2.0087087e+01 3.6207670e-01 4.4412849e-01 5.3056705e-01
2.0111111e+01 3.5697267e-01 4.3820948e-01 5.2368135e-01
2.0135135e+01 3.5180592e-01 4.3213832e-01 5.1714348e-01
2.0159159e+01 3.4661694e-01 4.2628056e-01 5.1055928e-01
2.0183183e+01 3.4143275e-01 4.2049087e-01 5.0400534e-01
2.0207207e+01 3.3635806e-01 4.1469076e-01 4.9747036e-01
2.0231231e+01 3.3122259e-01 4.0879275e-01 4.9072143e-01
2.0255255e+01 3.2607745e-01 4.0311852e-01 4.8407573e-01
2.0279279e+01 3.2103195e-01 3.9731861e-01 4.7781322e-01
2.0303303e+01 3.1617530e-01 3.9156234e-01 4.7116257e-01
2.0327327e+01 3.1116859e-01 3.8587475e-01 4.6476194e-01
2.0351351e+01 3.0631780e-01 3.8031003e-01 4.5830653e-01
2.0375375e+01 3.0135414e-01 3.7478029e-01 4.5200021e-01
2.0399399e+01 2.9655139e-01 3.6927682e-01 4.4586961e-01
2.0423423e+01 2.9191463e-01 3.6375151e-01 4.3925987e-01
2.0447447e+01 2.8717840e-01 3.5826286e-01 4.3323459e-01
2.0471471e+01 2.8262793e-01 3.5284394e-01 4.2703618e-01
2.0495495e+01 2.7808284e-01 3.4744680e-01 4.2095043e-01
2.0519520e+01 2.7365881e-01 3.4202936e-01 4.1476352e-01
2.0543544e+01 2.6916448e-01 3.3681443e-01 4.0863815e-01
2.0567568e+01 2.6467032e-01 3.3157637e-01 4.0280980e-01
2.0591592e+01 2.6025162e-01 3.2637290e-01 3.9686270e-01
2.0615616e+01 2.5571824e-01 3.2122662e-01 3.9090955e-01
2.0639640e+01 2.5144659e-01 3.1630213e-01 3.8508412e-01
2.0663664e+01 2.4721760e-01 3.1123360e-01 3.7942239e-01
2.0687688e+01 2.4301756e-01 3.0625904e-01 3.7370392e-01
2.0711712e+01 2.3884502e-01 3.0134304e-01 3.6812176e-01
2.0735736e+01 2.3467173e-01 2.9654628e-01 3.6266887e-01
2.0759760e+01 2.3056017e-01 2.9175929e-01 3.5726829e-01
2.0783784e+01 2.2646787e-01 2.8702527e-01 3.5199298e-01
2.0807808e+01 2.2244191e-01 2.8222356e-01 3.4676913e-01
2.0831832e+01 2.1855741e-01 2.7771021e-01 3.4149642e-01
2.0855856e+01 2.1473528e-01 2.7317236e-01 3.3636237e-01
2.0879880e+01 2.1092537e-01 2.6868207e-01 3.3124472e-01
2.0903904e+01 2.0706542e-01 2.6426339e-01 3.2622242e-01
2.0927928e+01 2.0326187e-01 2.5982881e-01 3.2135998e-01
2.0951952e+01 1.9960957e-01 2.5541085e-01 3.1642804e-01
2.0975976e+01 1.9589053e-01 2.5134326e-01 3.1163727e-01
2.1000000e+01 1.9220944e-01 2.4724675e-01 3.0697538e-01
2.1024024e+01 1.8879580e-01 2.4309011e-01 3.0235824e-01
2.1048048e+01 1.8532004e-01 2.3906971e-01 2.9783788e-01
2.1072072e+01 1.8187674e-01 2.3509418e-01 2.9332738e-01
2.1096096e+01 1.7853966e-01 2.3120595e-01 2.8891663e-01
2.1120120e+01 1.7530240e-01 2.2728723e-01 2.8449514e-01
2.1144144e+01 1.7205347e-01 2.2352593e-01 2.8020436e-01
2.1168168e+01 1.6887475e-01 2.1986341e-01 2.7600969e-01
2.1192192e+01 1.6569390e-01 2.1617718e-01 2.7195809e-01
2.1216216e+01 1.6258350e-01 2.1261407e-01 2.6794039e-01
2.1240240e+01 1.5956399e-01 2.0909862e-01 2.6403218e-01
2.1264264e+01 1.5641004e-01 2.0562339e-01 2.6002578e-01
2.1288288e+01 1.5355041e-01 2.0225655e-01 2.5626513e-01
2.1312312e+01 1.5059934e-01 1.9888879e-01 2.5253606e-01
2.1336336e+01 1.4772616e-01 1.9557813e-01 2.4898422e-01
2.1360360e+01 1.4491128e-01 1.9238693e-01 2.4561515e-01
2.1384384e+01 1.4214836e-01 1.8920561e-01 2.4223505e-01
2.1408408e+01 1.3937995e-01 1.8616644e-01 2.3886042e-01
2.1432432e+01 1.3678867e-01 1.8326992e-01 2.3547815e-01
2.1456456e+01 1.3419302e-01 1.8033377e-01 2.3219281e-01
2.1480480e+01 1.3174860e-01 1.7742680e-01 2.2902350e-01
2.1504505e+01 1.2931232e-01 1.7462887e-01 2.2598631e-01
2.1528529e+01 1.2688587e-01 1.7189040e-01 2.2319848e-01
2.1552553e+01 1.2444405e-01 1.6916824e-01 2.2023736e-01
2.1576577e+01 1.2201772e-01 1.6656781e-01 2.1727468e-01
2.1600601e+01 1.1975616e-01 1.6400079e-01 2.1453547e-01
2.1624625e+01 1.1747101e-01 1.6147011e-01 2.1177489e-01
2.1648649e+01 1.1516743e-01 1.5902393e-01 2.0910853e-01
2.1672673e+01 1.1299081e-01 1.5660509e-01 2.0659349e-01
2.1696697e+01 1.1088137e-01 1.5418007e-01 2.0416266e-01
2.1720721e+01 1.0886913e-01 1.5190465e-01 2.0179273e-01
2.1744745e+01 1.0686780e-01 1.4975978e-01 1.9949113e-01
2.1768769e+01 1.0486491e-01 1.4768064e-01 1.9727260e-01
2.1792793e+01 1.0288466e-01 1.4554094e-01 1.9508925e-01
2.1816817e+01 1.0097946e-01 1.4353272e-01 1.9311817e-01
2.1840841e+01 9.9110805e-02 1.4154360e-01 1.9110482e-01
2.1864865e+01 9.7353203e-02 1.3956924e-01 1.8918727e-01
2.1888889e+01 9.5566500e-02 1.3763350e-01 1.8732433e-01
2.1912913e+01 9.3836949e-02 1.3580446e-01 1.8551249e-01
2.1936937e+01 9.2108729e-02 1.3394832e-01 1.8368787e-01
2.1960961e+01 9.0418173e-02 1.3219645e-01 1.8193619e-01
2.1984985e+01 8.8776821e-02 1.3052105e-01 1.8024829e-01
2.2009009e+01 8.7143546e-02 1.2874398e-01 1.7872221e-01
2.2033033e+01 8.5667279e-02 1.2711008e-01 1.7701934e-01
2.2057057e+01 8.4157106e-02 1.2559645e-01 1.7568285e-01
2.2081081e+01 8.2770665e-02 1.2410250e-01 1.7418217e-01
2.2105105e+01 8.1347351e-02 1.2256832e-01 1.7278368e-01
2.2129129e+01 8.0033988e-02 1.2124161e-01 1.7132812e-01
2.2153153e+01 7.8739984e-02 1.1987569e-01 1.7008213e-01
2.2177177e+01 7.7501700e-02 1.1855750e-01 1.6879476e-01
2.2201201e+01 7.6181429e-02 1.1728727e-01 1.6756304e-01
2.2225225e+01 7.4919584e-02 1.1607513e-01 1.6635517e-01
2.2249249e+01 7.3664697e-02 1.1486392e-01 1.6524049e-01
2.2273273e+01 7.2467744e-02 1.1370659e-01 1.6412689e-01
2.2297297e+01 7.1385236e-02 1.1258176e-01 1.6313168e-01
2.2321321e+01 7.0401928e-02 1.1139055e-01 1.6202019e-01
2.2345345e+01 6.9350353e-02 1.1034404e-01 1.6103292e-01
2.2369369e+01 6.8264685e-02 1.0937724e-01 1.6017564e-01
2.2393393e+01 6.7294942e-02 1.0842020e-01 1.5940221e-01
2.2417417e+01 6.6412772e-02 1.0739427e-01 1.5852146e-01
2.2441441e+01 6.5507385e-02 1.0645994e-01 1.5770235e-01
2.2465465e+01 6.4532049e-02 1.0555667e-01 1.5701024e-01
2.2489489e+01 6.3640332e-02 1.0466890e-01 1.5623957e-01
2.2513514e+01 6.2827208e-02 1.0378113e-01 1.5553310e-01
2.2537538e+01 6.1948430e-02 1.0299974e-01 1.5487579e-01
2.2561562e+01 6.1159711e-02 1.0220738e-01 1.5432091e-01
2.2585586e+01 6.0379299e-02 1.0157079e-01 1.5359436e-01
2.2609610e+01 5.9639313e-02 1.0080188e-01 1.5296185e-01
2.2633634e+01 5.9040677e-02 1.0006665e-01 1.5231926e-01
2.2657658e+01 5.8370784e-02 9.9343764e-02 1.5181499e-01
2.2681682e+01 5.7717552e-02 9.8680657e-02 1.5124557e-01
2.2705706e+01 5.7172251e-02 9.8037208e-02 1.5074231e-01
2.2729730e+01 5.6587804e-02 9.7481491e-02 1.5022939e-01
2.2753754e+01 5.5920739e-02 9.6917787e-02 1.4978438e-01
2.2777778e+01 5.5369136e-02 9.6422885e-02 1.4927976e-01
2.2801802e+01 5.4784197e-02 9.5983078e-02 1.4893662e-01
2.2825826e+01 5.4237821e-02 9.5547863e-02 1.4850325e-01
2.2849850e+01 5.3696287e-02 9.5113302e-02 1.4815041e-01
2.2873874e+01 5.3192011e-02 9.4679510e-02 1.4780453e-01
2.2897898e+01 5.2746347e-02 9.4327425e-02 1.4755965e-01
2.2921922e+01 5.2298599e-02 9.3959989e-02 1.4723510e-01
2.2945946e+01 5.1905365e-02 9.3565965e-02 1.4699255e-01
2.2969970e+01 5.1410789e-02 9.3223110e-02 1.4667607e-01
2.2993994e+01 5.1034462e-02 9.2948280e-02 1.4623196e-01
2.3018018e+01 5.0664648e-02 9.2608726e-02 1.4597283e-01
2.3042042e+01 5.0264009e-02 9.2307659e-02 1.4562524e-01
2.3066066e+01 4.9858359e-02 9.2110501e-02 1.4533727e-01
2.3090090e+01 4.9532305e-02 9.1890952e-02 1.4506940e-01
2.3114114e+01 4.9094797e-02 9.1710288e-02 1.4473590e-01
2.3138138e+01 4.8772106e-02 9.1488035e-02 1.4448574e-01
2.3162162e+01 4.8416080e-02 9.1291263e-02 1.4427558e-01
2.3186186e+01 4.8120847e-02 9.1065816e-02 1.4394686e-01
2.3210210e+01 4.7776143e-02 9.0791032e-02 1.4377103e-01
2.3234234e+01 4.7479045e-02 9.0525165e-02 1.4359411e-01
2.3258258e+01 4.7254805e-02 9.0268535e-02 1.4342769e-01
2.3282282e+01 4.7058339e-02 8.9916635e-02 1.4320106e-01
2.3306306e+01 4.6898899e-02 8.9623235e-02 1.4300851e-01
2.3330330e+01 4.6732710e-02 8.9374200e-02 1.4287451e-01
2.3354354e+01 4.6650920e-02 8.9111694e-02 1.4283633e-01
2.3378378e+01 4.6459009e-02 8.8823204e-02 1.4267711e-01
2.3402402e+01 4.6305533e-02 8.8569285e-02 1.4255540e-01
2.3426426e+01 4.6248073e-02 8.8398161e-02 1.4248990e-01
2.3450450e+01 4.6141915e-02 8.8269178e-02 1.4226773e-01
2.3474474e+01 4.5940333e-02 8.8181942e-02 1.4208029e-01
2.3498498e+01 4.5745043e-02 8.8116508e-02 1.4179776e-01
2.3522523e+01 4.5573988e-02 8.8075837e-02 1.4167900e-01
2.3546547e+01 4.5359580e-02 8.8043092e-02 1.4164188e-01
2.3570571e+01 4.5099302e-02 8.7974392e-02 1.4150367e-01
2.3594595e+01 4.4744061e-02 8.7789193e-02 1.4128780e-01
2.3618619e+01 4.4336650e-02 8.7609090e-02 1.4101694e-01
2.3642643e+01 4.3933369e-02 8.7344215e-02 1.4087439e-01
2.3666667e+01 4.3569796e-02 8.7150768e-02 1.4056282e-01
2.3690691e+01 4.3307523e-02 8.6994908e-02 1.4026860e-01
2.3714715e+01 4.3011819e-02 8.6832062e-02 1.3996235e-01
2.3738739e+01 4.2680586e-02 8.6683185e-02 1.3966456e-01
2.3762763e+01 4.2375439e-02 8.6589315e-02 1.3936301e-01
2.3786787e+01 4.2101678e-02 8.6448508e-02 1.3907428e-01
2.3810811e+01 4.1800756e-02 8.6381165e-02 1.3894098e-01
2.3834835e+01 4.1485106e-02 8.6280054e-02 1.3866451e-01
2.3858859e+01 4.1091436e-02 8.6205370e-02 1.3838084e-01
2.3882883e+01 4.0629888e-02 8.6072615e-02 1.3813127e-01
2.3906907e+01 4.0256187e-02 8.6024894e-02 1.3792782e-01
2.3930931e+01 3.9815612e-02 8.5906923e-02 1.3777081e-01
2.3954955e+01 3.9427433e-02 8.5841418e-02 1.3764207e-01
2.3978979e+01 3.9049546e-02 8.5732295e-02 1.3751053e-01
2.4003003e+01 3.8649636e-02 8.5723575e-02 1.3736263e-01
2.4027027e+01 3.8327860e-02 8.5692014e-02 1.3711811e-01
2.4051051e+01 3.7890830e-02 8.5646335e-02 1.3704353e-01
2.4075075e+01 3.7631274e-02 8.5556234e-02 1.3685088e-01
2.4099099e+01 3.7367060e-02 8.5498439e-02 1.3680929e-01
2.4123123e+01 3.7108024e-02 8.5376703e-02 1.3655868e-01
2.4147147e+01 3.6820796e-02 8.5201356e-02 1.3644625e-01
2.4171171e+01 3.6630031e-02 8.4996633e-02 1.3626502e-01
2.4195195e+01 3.6434924e-02 8.4842127e-02 1.3596903e-01
2.4219219e+01 3.6240718e-02 8.4661976e-02 1.3568952e-01
2.4243243e+01 3.6066838e-02 8.4523132e-02 1.3540751e-01
2.4267267e+01 3.5879861e-02 8.4362854e-02 1.3518011e-01
2.4291291e+01 3.5698764e-02 8.4200341e-02 1.3487696e-01
2.4315315e+01 3.5562738e-02 8.3892975e-02 1.3440356e-01
2.4339339e+01 3.5403667e-02 8.3678848e-02 1.3395265e-01
2.4363363e+01 3.5203492e-02 8.3366302e-02 1.3362841e-01
2.4387387e+01 3.5073745e-02 8.2936636e-02 1.3323970e-01
2.4411411e+01 3.4943355e-02 8.2613470e-02 1.3291320e-01
2.4435435e+01 3.4874540e-02 8.2170863e-02 1.3263268e-01
2.4459459e+01 3.4808057e-02 8.1663630e-02 1.3225345e-01
2.4483483e+01 3.4753915e-02 8.1160002e-02 1.3190693e-01
2.4507508e+01 3.4725202e-02 8.0574007e-02 1.3160671e-01
2.4531532e+01 3.4751703e-02 7.9989020e-02 1.3129182e-01
2.4555556e+01 3.4775712e-02 7.9355587e-02 1.3102833e-01
2.4579580e+01 3.4801338e-02 7.8713243e-02 1.3074026e-01
2.4603604e+01 3.4841529e-02 7.8052318e-02 1.3036752e-01
2.4627628e+01 3.4846235e-02 7.7400979e-02 1.3005610e-01
2.4651652e+01 3.4842912e-02 7.6801719e-02 1.2963900e-01
2.4675676e+01 3.4809947e-02 7.6169805e-02 1.2922547e-01
2.4699700e+01 3.4749019e-02 7.5536378e-02 1.2875101e-01
2.4723724e+01 3.4725005e-02 7.4918416e-02 1.2817189e-01
2.4747748e+01 3.4693654e-02 7.4296980e-02 1.2771119e-01
2.4771772e+01 3.4703230e-02 7.3694262e-02 1.2701636e-01
2.4795796e+01 3.4692121e-02 7.3177957e-02 1.2640251e-01
2.4819820e+01 3.4632878e-02 7.2759730e-02 1.2585651e-01
2.4843844e+01 3.4533773e-02 7.2328149e-02 1.2531363e-01
2.4867868e+01 3.4398222e-02 7.2055176e-02 1.2478101e-01
2.4891892e+01 3.4254999e-02 7.1823437e-02 1.2428067e-01
2.4915916e+01 3.3895036e-02 7.1596365e-02 1.2385303e-01
2.4939940e+01 3.3341129e-02 7.1429898e-02 1.2343804e-01
2.4963964e+01 3.2813418e-02 7.1233907e-02 1.2304130e-01
2.4987988e+01 3.2234386e-02 7.1152030e-02 1.2258922e-01
2.5012012e+01 3.1629899e-02 7.1050833e-02 1.2214229e-01
2.5036036e+01 3.1083207e-02 7.0930135e-02 1.2171247e-01
2.5060060e+01 3.0478777e-02 7.0748392e-02 1.2127727e-01
2.5084084e+01 2.9916043e-02 7.0601920e-02 1.2080257e-01
2.5108108e+01 2.9349651e-02 7.0108044e-02 1.2037553e-01
2.5132132e+01 2.8767658e-02 6.9593251e-02 1.1988487e-01
2.5156156e+01 2.8136565e-02 6.9013826e-02 1.1941167e-01
2.5180180e+01 2.7530832e-02 6.8357558e-02 1.1888304e-01
2.5204204e+01 2.6931726e-02 6.7778197e-02 1.1828165e-01
2.5228228e+01 2.6351629e-02 6.7134989e-02 1.1769307e-01
2.5252252e+01 2.5760483e-02 6.6514315e-02 1.1702212e-01
2.5276276e+01 2.5173979e-02 6.5868832e-02 1.1620608e-01
2.5300300e+01 2.4616530e-02 6.5196180e-02 1.1537980e-01
2.5324324e+01 2.4054816e-02 6.4476430e-02 1.1449798e-01
2.5348348e+01 2.3452817e-02 6.3790093e-02 1.1363235e-01
2.5372372e+01 2.2870051e-02 6.3089947e-02 1.1281831e-01
2.5396396e+01 2.2297499e-02 6.2331518e-02 1.1194449e-01
2.5420420e+01 2.1712158e-02 6.1600825e-02 1.1093191e-01
2.5444444e+01 2.1160531e-02 6.0872778e-02 1.0992122e-01
2.5468468e+01 2.0591022e-02 6.0120027e-02 1.0898581e-01
2.5492492e+01 2.0060300e-02 5.9394521e-02 1.0837807e-01
2.5516517e+01 1.9553169e-02 5.8658044e-02 1.0787611e-01
2.5540541e+01 1.9037935e-02 5.7885019e-02 1.0740211e-01
2.5564565e+01 1.8524481e-02 5.7128961e-02 1.0693070e-01
2.5588589e+01 1.8016053e-02 5.6389518e-02 1.0629777e-01
2.5612613e+01 1.7525554e-02 5.5636081e-02 1.0566285e-01
2.5636637e+01 1.7040376e-02 5.4910666e-02 1.0493026e-01
2.5660661e+01 1.6561888e-02 5.4148731e-02 1.0414823e-01
2.5684685e+01 1.6093106e-02 5.3427325e-02 1.0331674e-01
2.5708709e+01 1.5656124e-02 5.2712137e-02 1.0247065e-01
2.5732733e+01 1.5214878e-02 5.2005249e-02 1.0164715e-01
2.5756757e+01 1.4769700e-02 5.1284249e-02 1.0078326e-01
2.5780781e+01 1.4340980e-02 5.0559345e-02 9.9844729e-02
2.5804805e+01 1.3900873e-02 4.9854785e-02 9.8885726e-02
2.5828829e+01 1.3480171e-02 4.9139161e-02 9.7793751e-02
2.5852853e+01 1.3063055e-02 4.8435031e-02 9.6789863e-02
2.5876877e+01 1.2652697e-02 4.7725665e-02 9.5704376e-02
2.5900901e+01 1.2261364e-02 4.6979423e-02 9.4675884e-02
2.5924925e+01 1.1877144e-02 4.6281101e-02 9.3542529e-02
2.5948949e+01 1.1505962e-02 4.5610586e-02 9.2462409e-02
2.5972973e+01 1.1139335e-02 4.4942060e-02 9.1367387e-02
2.5996997e+01 1.0778351e-02 4.4281332e-02 9.0219110e-02
2.6021021e+01 1.0450086e-02 4.3582660e-02 8.9124444e-02
2.6045045e+01 1.0109738e-02 4.2925759e-02 8.8006555e-02
2.6069069e+01 9.7772814e-03 4.2247338e-02 8.6829036e-02
2.6093093e+01 9.4541757e-03 4.1575983e-02 8.5681061e-02
2.6117117e+01 9.1396225e-03 4.0910583e-02 8.4456913e-02
2.6141141e+01 8.8310417e-03 4.0256336e-02 8.3250520e-02
2.6165165e+01 8.5270289e-03 3.9620467e-02 8.2099870e-02
2.6189189e+01 8.2341545e-03 3.8973830e-02 8.0844562e-02
2.6213213e+01 7.9494141e-03 3.8345041e-02 7.9623893e-02
2.6237237e+01 7.6748892e-03 3.7732247e-02 7.8440835e-02
2.6261261e+01 7.4039203e-03 3.7085930e-02 7.7291071e-02
2.6285285e+01 7.1411268e-03 3.6467679e-02 7.6140556e-02
2.6309309e+01 6.8904240e-03 3.5875990e-02 7.5007302e-02
2.6333333e+01 6.6371239e-03 3.5296609e-02 7.3920439e-02
2.6357357e+01 6.3922602e-03 3.4688566e-02 7.2768003e-02
2.6381381e+01 6.1609593e-03 3.4098043e-02 7.1667593e-02
2.6405405e+01 5.9281649e-03 3.3493460e-02 7.0527149e-02
2.6429429e+01 5.7132060e-03 3.2916790e-02 6.9345923e-02
2.6453453e+01 5.5026771e-03 3.2335883e-02 6.8241306e-02
2.6477477e+01 5.3003760e-03 3.1746468e-02 6.7075722e-02
2.6501502e+01 5.0989267e-03 3.1153674e-02 6.5905414e-02
2.6525526e+01 4.9062323e-03 3.0580799e-02 6.4810002e-02
2.6549550e+01 4.7153195e-03 3.0024923e-02 6.3720898e-02
2.6573574e+01 4.5334012e-03 2.9440086e-02 6.2636035e-02
2.6597598e+01 4.3570243e-03 2.8870492e-02 6.1547164e-02
2.6621622e+01 4.1866550e-03 2.8311267e-02 6.0502951e-02
2.6645646e+01 4.0213183e-03 2.7754771e-02 5.9441861e-02
2.6669670e+01 3.8608408e-03 2.7194237e-02 5.8405151e-02
2.6693694e+01 3.7083973e-03 2.6650386e-02 5.7352589e-02
2.6717718e+01 3.5608218e-03 2.6113155e-02 5.6335222e-02
2.6741742e+01 3.4177515e-03 2.5579044e-02 5.5307245e-02
2.6765766e+01 3.2797056e-03 2.5043821e-02 5.4260526e-02
2.6789790e+01 3.1451696e-03 2.4526164e-02 5.3194927e-02
2.6813814e+01 3.0168889e-03 2.4011823e-02 5.2169183e-02
2.6837838e+01 2.8897621e-03 2.3503867e-02 5.1177059e-02
2.6861862e+01 2.7699056e-03 2.3009283e-02 5.0171294e-02
2.6885886e+01 2.6562694e-03 2.2524810e-02 4.9162420e-02
2.6909910e+01 2.5410440e-03 2.2039820e-02 4.8166726e-02
2.6933934e+01 2.4334273e-03 2.1555245e-02 4.7180782e-02
2.6957958e+01 2.3284724e-03 2.1077826e-02 4.6203178e-02
2.6981982e+01 2.2281952e-03 2.0606341e-02 4.5240675e-02
2.7006006e+01 2.1336543e-03 2.0144000e-02 4.4263056e-02
2.7030030e+01 2.0409635e-03 1.9694755e-02 4.3319691e-02
2.7054054e+01 1.9498524e-03 1.9233442e-02 4.2345897e-02
2.7078078e+01 1.8632768e-03 1.8803783e-02 4.1377783e-02
2.7102102e+01 1.7801848e-03 1.8369615e-02 4.0444525e-02
2.7126126e+01 1.7007985e-03 1.7948931e-02 3.9508175e-02
2.7150150e+01 1.6267591e-03 1.7532105e-02 3.8589174e-02
2.7174174e+01 1.5526676e-03 1.7119028e-02 3.7683658e-02
2.7198198e+01 1.4828566e-03 1.6715369e-02 3.6803146e-02
2.7222222e+01 1.4149955e-03 1.6311594e-02 3.5927976e-02
2.7246246e+01 1.3491148e-03 1.5920719e-02 3.5082824e-02
2.7270270e+01 1.2867507e-03 1.5536096e-02 3.4219969e-02
2.7294294e+01 1.2263868e-03 1.5153468e-02 3.3382448e-02
2.7318318e+01 1.1688311e-03 1.4776164e-02 3.2552540e-02
2.7342342e+01 1.1127995e-03 1.4400627e-02 3.1735288e-02
2.7366366e+01 1.0589133e-03 1.4035604e-02 3.0927369e-02
2.7390390e+01 1.0085174e-03 1.3672873e-02 3.0125750e-02
2.7414414e+01 9.6015840e-04 1.3318450e-02 2.9358235e-02
2.7438438e+01 9.1411455e-04 1.2974145e-02 2.8589681e-02
2.7462462e+01 8.7002821e-04 1.2633444e-02 2.7861776e-02
2.7486486e+01 8.2799443e-04 1.2306990e-02 2.7113773e-02
2.7510511e+01 7.8745525e-04 1.1983463e-02 2.6387031e-02
2.7534535e+01 7.4904417e-04 1.1667127e-02 2.5677405e-02
2.7558559e+01 7.1167664e-04 1.1356571e-02 2.4970962e-02
2.7582583e+01 6.7586442e-04 1.1051121e-02 2.4282726e-02
2.7606607e+01 6.4200202e-04 1.0750571e-02 2.3618725e-02
2.7630631e+01 6.0927959e-04 1.0453761e-02 2.2956979e-02
2.7654655e+01 5.7801422e-04 1.0162434e-02 2.2316441e-02
2.7678679e+01 5.4781490e-04 9.8751794e-03 2.1675907e-02
2.7702703e+01 5.1919275e-04 9.5962026e-03 2.1066153e-02
2.7726727e+01 4.9232262e-04 9.3194490e-03 2.0459650e-02
2.7750751e+01 4.6715638e-04 9.0479791e-03 1.9857563e-02
2.7774775e+01 4.4278727e-04 8.7834892e-03 1.9280127e-02
2.7798799e+01 4.1938525e-04 8.5246827e-03 1.8710765e-02
2.7822823e+01 3.9725269e-04 8.2716029e-03 1.8154573e-02
2.7846847e+01 3.7616026e-04 8.0249119e-03 1.7610270e-02
2.7870871e+01 3.5619775e-04 7.7823827e-03 1.7075252e-02
2.7894895e+01 3.3696907e-04 7.5444132e-03 1.6555004e-02
2.7918919e+01 3.1853301e-04 7.3125596e-03 1.6047375e-02
2.7942943e+01 3.0130915e-04 7.0836448e-03 1.5550155e-02
2.7966967e+01 2.8488334e-04 6.8628997e-03 1.5055516e-02
2.7990991e+01 2.6971155e-04 6.6498324e-03 1.4578743e-02
2.8015015e+01 2.5487765e-04 6.4396226e-03 1.4118547e-02
2.8039039e+01 2.4080695e-04 6.2350041e-03 1.3666335e-02
2.8063063e+01 2.2755881e-04 6.0341047e-03 1.3227619e-02
2.8087087e+01 2.1497944e-04 5.8353929e-03 1.2794871e-02
2.8111111e+01 2.0303872e-04 5.6419421e-03 1.2374707e-02
2.8135135e+01 1.9167371e-04 5.4556487e-03 1.1969653e-02
2.8159159e+01 1.8087156e-04 5.2710980e-03 1.1564082e-02
2.8183183e+01 1.7073396e-04 5.0941592e-03 1.1178869e-02
2.8207207e+01 1.6102583e-04 4.9201249e-03 1.0801680e-02
2.8231231e+01 1.5185993e-04 4.7503691e-03 1.0430357e-02
2.8255255e+01 1.4317651e-04 4.5871759e-03 1.0073789e-02
2.8279279e+01 1.3490814e-04 4.4272911e-03 9.7261606e-03
2.8303303e+01 1.2719855e-04 4.2709221e-03 9.3883883e-03
2.8327327e+01 1.1976130e-04 4.1207297e-03 9.0660654e-03
2.8351351e+01 1.1281841e-04 3.9731293e-03 8.7461770e-03
2.8375375e+01 1.0614417e-04 3.8319234e-03 8.4367979e-03
2.8399399e+01 9.9817289e-05 3.6941230e-03 8.1297589e-03
2.8423423e+01 9.3931433e-05 3.5591938e-03 7.8326067e-03
2.8447447e+01 8.8371364e-05 3.4280145e-03 7.5487110e-03
2.8471471e+01 8.3169934e-05 3.3008741e-03 7.2733762e-03
2.8495495e+01 7.8160642e-05 3.1785982e-03 7.0049023e-03
2.8519520e+01 7.3445672e-05 3.0596347e-03 6.7421909e-03
2.8543544e+01 6.8999275e-05 2.9443310e-03 6.4891009e-03
2.8567568e+01 6.4742777e-05 2.8329220e-03 6.2417961e-03
2.8591592e+01 6.0756409e-05 2.7246058e-03 6.0077507e-03
2.8615616e+01 5.7044662e-05 2.6208366e-03 5.7789073e-03
2.8639640e+01 5.3587842e-05 2.5198169e-03 5.5594907e-03
2.8663664e+01 5.0265620e-05 2.4217895e-03 5.3450761e-03
2.8687688e+01 4.7130385e-05 2.3273226e-03 5.1391435e-03
2.8711712e+01 4.4190484e-05 2.2354146e-03 4.9392290e-03
2.8735736e+01 4.1442130e-05 2.1464440e-03 4.7445276e-03
2.8759760e+01 3.8836381e-05 2.0607471e-03 4.5595511e-03
2.8783784e+01 3.6373394e-05 1.9777756e-03 4.3809987e-03
2.8807808e+01 3.4049726e-05 1.8977846e-03 4.2060893e-03
2.8831832e+01 3.1884755e-05 1.8204894e-03 4.0392122e-03
2.8855856e+01 2.9847489e-05 1.7457298e-03 3.8771911e-03
2.8879880e+01 2.7914389e-05 1.6740760e-03 3.7210841e-03
2.8903904e+01 2.6093253e-05 1.6042358e-03 3.5699581e-03
2.8927928e+01 2.4407498e-05 1.5373413e-03 3.4229698e-03
2.8951952e+01 2.2815407e-05 1.4722145e-03 3.2824796e-03
2.8975976e+01 2.1327209e-05 1.4095432e-03 3.1468032e-03
2.9000000e+01 1.9926766e-05 1.3493775e-03 3.0146908e-03
