X KDE_INF KDE_MED KDE_SUP
5.0000000e+00 2.6905870e-05 1.3308002e-03 9.0106816e-03
5.0052553e+00 2.7571937e-05 1.3519652e-03 9.0998152e-03
5.0105105e+00 2.8265263e-05 1.3739534e-03 9.1952136e-03
5.0157658e+00 2.8966131e-05 1.3962300e-03 9.2892997e-03
5.0210210e+00 2.9680181e-05 1.4190238e-03 9.3848383e-03
5.0262763e+00 3.0408887e-05 1.4416899e-03 9.4730997e-03
5.0315315e+00 3.1155714e-05 1.4651419e-03 9.5679445e-03
5.0367868e+00 3.1945109e-05 1.4885640e-03 9.6673379e-03
5.0420420e+00 3.2747008e-05 1.5125533e-03 9.7715046e-03
5.0472973e+00 3.3552837e-05 1.5366925e-03 9.8699634e-03
5.0525526e+00 3.4380490e-05 1.5610976e-03 9.9741775e-03
5.0578078e+00 3.5237299e-05 1.5849808e-03 1.0071811e-02
5.0630631e+00 3.6103768e-05 1.6106025e-03 1.0175476e-02
5.0683183e+00 3.7006287e-05 1.6371143e-03 1.0280690e-02
5.0735736e+00 3.7907050e-05 1.6621205e-03 1.0392699e-02
5.0788288e+00 3.8829381e-05 1.6880820e-03 1.0505878e-02
5.0840841e+00 3.9773289e-05 1.7160957e-03 1.0615141e-02
5.0893393e+00 4.0738529e-05 1.7414543e-03 1.0719298e-02
5.0945946e+00 4.1733412e-05 1.7680424e-03 1.0826606e-02
5.0998498e+00 4.2763364e-05 1.7959639e-03 1.0937188e-02
5.1051051e+00 4.3837097e-05 1.8243040e-03 1.1046010e-02
5.1103604e+00 4.4897847e-05 1.8511312e-03 1.1157438e-02
5.1156156e+00 4.5990289e-05 1.8795369e-03 1.1269360e-02
5.1208709e+00 4.7108015e-05 1.9082979e-03 1.1376060e-02
5.1261261e+00 4.8255208e-05 1.9374643e-03 1.1491172e-02
5.1313814e+00 4.9433941e-05 1.9659559e-03 1.1603932e-02
5.1366366e+00 5.0613750e-05 1.9963592e-03 1.1714524e-02
5.1418919e+00 5.1796238e-05 2.0251348e-03 1.1825288e-02
5.1471471e+00 5.3081702e-05 2.0557476e-03 1.1931364e-02
5.1524024e+00 5.4390741e-05 2.0866425e-03 1.2052163e-02
5.1576577e+00 5.5700535e-05 2.1193564e-03 1.2180653e-02
5.1629129e+00 5.7053762e-05 2.1500012e-03 1.2289854e-02
5.1681682e+00 5.8427861e-05 2.1832455e-03 1.2405115e-02
5.1734234e+00 5.9828192e-05 2.2173596e-03 1.2520053e-02
5.1786787e+00 6.1259672e-05 2.2501226e-03 1.2638910e-02
5.1839339e+00 6.2715237e-05 2.2824822e-03 1.2762550e-02
5.1891892e+00 6.4181540e-05 2.3145942e-03 1.2873211e-02
5.1944444e+00 6.5772150e-05 2.3490832e-03 1.2983551e-02
5.1996997e+00 6.7317773e-05 2.3853900e-03 1.3105137e-02
5.2049550e+00 6.8953872e-05 2.4234628e-03 1.3211461e-02
5.2102102e+00 7.0553641e-05 2.4596431e-03 1.3344128e-02
5.2154655e+00 7.2139423e-05 2.4945158e-03 1.3460643e-02
5.2207207e+00 7.3757844e-05 2.5300706e-03 1.3579520e-02
5.2259760e+00 7.5452181e-05 2.5704944e-03 1.3692230e-02
5.2312312e+00 7.7188897e-05 2.6057861e-03 1.3802493e-02
5.2364865e+00 7.8900710e-05 2.6454697e-03 1.3921333e-02
5.2417417e+00 8.0749671e-05 2.6838539e-03 1.4042253e-02
5.2469970e+00 8.2763333e-05 2.7231365e-03 1.4150201e-02
5.2522523e+00 8.4619227e-05 2.7649132e-03 1.4273299e-02
5.2575075e+00 8.6523438e-05 2.8046053e-03 1.4394525e-02
5.2627628e+00 8.8477673e-05 2.8456857e-03 1.4524053e-02
5.2680180e+00 9.0525920e-05 2.8848205e-03 1.4646090e-02
5.2732733e+00 9.2658131e-05 2.9258708e-03 1.4776712e-02
5.2785285e+00 9.4749123e-05 2.9673019e-03 1.4907376e-02
5.2837838e+00 9.6925092e-05 3.0108996e-03 1.5046657e-02
5.2890390e+00 9.9093225e-05 3.0508861e-03 1.5175943e-02
5.2942943e+00 1.0134365e-04 3.0923258e-03 1.5301699e-02
5.2995495e+00 1.0372093e-04 3.1361245e-03 1.5445773e-02
5.3048048e+00 1.0596405e-04 3.1824429e-03 1.5577533e-02
5.3100601e+00 1.0832268e-04 3.2266706e-03 1.5709944e-02
5.3153153e+00 1.1080342e-04 3.2716715e-03 1.5831719e-02
5.3205706e+00 1.1322375e-04 3.3196585e-03 1.5957916e-02
5.3258258e+00 1.1572817e-04 3.3658602e-03 1.6087524e-02
5.3310811e+00 1.1850414e-04 3.4125460e-03 1.6224057e-02
5.3363363e+00 1.2114390e-04 3.4620880e-03 1.6363798e-02
5.3415916e+00 1.2391245e-04 3.5078961e-03 1.6506968e-02
5.3468468e+00 1.2679525e-04 3.5580923e-03 1.6638390e-02
5.3521021e+00 1.2964820e-04 3.6081020e-03 1.6784329e-02
5.3573574e+00 1.3265772e-04 3.6581551e-03 1.6923656e-02
5.3626126e+00 1.3569649e-04 3.7075766e-03 1.7055874e-02
5.3678679e+00 1.3863755e-04 3.7559929e-03 1.7177782e-02
5.3731231e+00 1.4179302e-04 3.8053519e-03 1.7306679e-02
5.3783784e+00 1.4490219e-04 3.8576090e-03 1.7426010e-02
5.3836336e+00 1.4805445e-04 3.9101836e-03 1.7576460e-02
5.3888889e+00 1.5110043e-04 3.9618677e-03 1.7706176e-02
5.3941441e+00 1.5436835e-04 4.0158379e-03 1.7835030e-02
5.3993994e+00 1.5786789e-04 4.0680848e-03 1.7978981e-02
5.4046547e+00 1.6120702e-04 4.1248600e-03 1.8094595e-02
5.4099099e+00 1.6461659e-04 4.1795372e-03 1.8242719e-02
5.4151652e+00 1.6810180e-04 4.2313085e-03 1.8387991e-02
5.4204204e+00 1.7175998e-04 4.2850215e-03 1.8535862e-02
5.4256757e+00 1.7545736e-04 4.3422125e-03 1.8678027e-02
5.4309309e+00 1.7925565e-04 4.3979180e-03 1.8836927e-02
5.4361862e+00 1.8304891e-04 4.4562611e-03 1.8984021e-02
5.4414414e+00 1.8693529e-04 4.5143141e-03 1.9137670e-02
5.4466967e+00 1.9099423e-04 4.5765189e-03 1.9281351e-02
5.4519520e+00 1.9526295e-04 4.6372133e-03 1.9446562e-02
5.4572072e+00 1.9962904e-04 4.6954530e-03 1.9603760e-02
5.4624625e+00 2.0401481e-04 4.7575648e-03 1.9766003e-02
5.4677177e+00 2.0847453e-04 4.8160384e-03 1.9929844e-02
5.4729730e+00 2.1300106e-04 4.8802284e-03 2.0076822e-02
5.4782282e+00 2.1772706e-04 4.9452976e-03 2.0245248e-02
5.4834835e+00 2.2246505e-04 5.0068794e-03 2.0420109e-02
5.4887387e+00 2.2742619e-04 5.0707705e-03 2.0606773e-02
5.4939940e+00 2.3232971e-04 5.1391723e-03 2.0777222e-02
5.4992492e+00 2.3724981e-04 5.2042516e-03 2.0946305e-02
5.5045045e+00 2.4220031e-04 5.2689023e-03 2.1109787e-02
5.5097598e+00 2.4741605e-04 5.3309442e-03 2.1280883e-02
5.5150150e+00 2.5255547e-04 5.3968453e-03 2.1457298e-02
5.5202703e+00 2.5788703e-04 5.4652605e-03 2.1618862e-02
5.5255255e+00 2.6329041e-04 5.5358863e-03 2.1780156e-02
5.5307808e+00 2.6902589e-04 5.6031855e-03 2.1940969e-02
5.5360360e+00 2.7434849e-04 5.6755269e-03 2.2125547e-02
5.5412913e+00 2.8016229e-04 5.7448117e-03 2.2288989e-02
5.5465465e+00 2.8589540e-04 5.8144678e-03 2.2482348e-02
5.5518018e+00 2.9148153e-04 5.8842294e-03 2.2662983e-02
5.5570571e+00 2.9774703e-04 5.9543278e-03 2.2844568e-02
5.5623123e+00 3.0396387e-04 6.0270304e-03 2.3025314e-02
5.5675676e+00 3.1059211e-04 6.0999604e-03 2.3214756e-02
5.5728228e+00 3.1709822e-04 6.1661851e-03 2.3397381e-02
5.5780781e+00 3.2359811e-04 6.2439306e-03 2.3591624e-02
5.5833333e+00 3.3030407e-04 6.3202055e-03 2.3769697e-02
5.5885886e+00 3.3721402e-04 6.3978836e-03 2.3956961e-02
5.5938438e+00 3.4433586e-04 6.4715738e-03 2.4151981e-02
5.5990991e+00 3.5128184e-04 6.5446257e-03 2.4328446e-02
5.6043544e+00 3.5871107e-04 6.6216070e-03 2.4505893e-02
5.6096096e+00 3.6579904e-04 6.6967591e-03 2.4686326e-02
5.6148649e+00 3.7306057e-04 6.7760603e-03 2.4861168e-02
5.6201201e+00 3.8057071e-04 6.8522252e-03 2.5041317e-02
5.6253754e+00 3.8829833e-04 6.9277466e-03 2.5206712e-02
5.6306306e+00 3.9598434e-04 7.0034061e-03 2.5390664e-02
5.6358859e+00 4.0443149e-04 7.0834198e-03 2.5560906e-02
5.6411411e+00 4.1276269e-04 7.1652489e-03 2.5736438e-02
5.6463964e+00 4.2098344e-04 7.2428878e-03 2.5939810e-02
5.6516517e+00 4.2953051e-04 7.3244078e-03 2.6109247e-02
5.6569069e+00 4.3835017e-04 7.4022673e-03 2.6313174e-02
5.6621622e+00 4.4733731e-04 7.4809585e-03 2.6508431e-02
5.6674174e+00 4.5634317e-04 7.5658441e-03 2.6696571e-02
5.6726727e+00 4.6545975e-04 7.6467374e-03 2.6883775e-02
5.6779279e+00 4.7481044e-04 7.7304946e-03 2.7068365e-02
5.6831832e+00 4.8434964e-04 7.8161996e-03 2.7232921e-02
5.6884384e+00 4.9396015e-04 7.9048134e-03 2.7399343e-02
5.6936937e+00 5.0333462e-04 7.9931039e-03 2.7562644e-02
5.6989489e+00 5.1340842e-04 8.0815363e-03 2.7744284e-02
5.7042042e+00 5.2330514e-04 8.1706261e-03 2.7934092e-02
5.7094595e+00 5.3362270e-04 8.2650874e-03 2.8111821e-02
5.7147147e+00 5.4427047e-04 8.3526736e-03 2.8295693e-02
5.7199700e+00 5.5500032e-04 8.4398820e-03 2.8464906e-02
5.7252252e+00 5.6605589e-04 8.5247178e-03 2.8658663e-02
5.7304805e+00 5.7725642e-04 8.6201890e-03 2.8856307e-02
5.7357357e+00 5.8813623e-04 8.7111321e-03 2.9029178e-02
5.7409910e+00 5.9978760e-04 8.7967193e-03 2.9214002e-02
5.7462462e+00 6.1167022e-04 8.8870121e-03 2.9388688e-02
5.7515015e+00 6.2368312e-04 8.9791779e-03 2.9545173e-02
5.7567568e+00 6.3605044e-04 9.0753513e-03 2.9741195e-02
5.7620120e+00 6.4837483e-04 9.1743137e-03 2.9942775e-02
5.7672673e+00 6.6146223e-04 9.2700159e-03 3.0129531e-02
5.7725225e+00 6.7399070e-04 9.3681707e-03 3.0319011e-02
5.7777778e+00 6.8694543e-04 9.4618990e-03 3.0524389e-02
5.7830330e+00 7.0018611e-04 9.5547285e-03 3.0713788e-02
5.7882883e+00 7.1408132e-04 9.6558581e-03 3.0885213e-02
5.7935435e+00 7.2804577e-04 9.7450467e-03 3.1071888e-02
5.7987988e+00 7.4228496e-04 9.8372475e-03 3.1235332e-02
5.8040541e+00 7.5699808e-04 9.9392947e-03 3.1432936e-02
5.8093093e+00 7.7189487e-04 1.0040908e-02 3.1616799e-02
5.8145646e+00 7.8650548e-04 1.0140120e-02 3.1788323e-02
5.8198198e+00 8.0166720e-04 1.0239889e-02 3.1973413e-02
5.8250751e+00 8.1746773e-04 1.0345235e-02 3.2183826e-02
5.8303303e+00 8.3257160e-04 1.0451698e-02 3.2356338e-02
5.8355856e+00 8.4875470e-04 1.0559411e-02 3.2541255e-02
5.8408408e+00 8.6532692e-04 1.0669399e-02 3.2725217e-02
5.8460961e+00 8.8116617e-04 1.0776014e-02 3.2922852e-02
5.8513514e+00 8.9720271e-04 1.0883022e-02 3.3097080e-02
5.8566066e+00 9.1406755e-04 1.0984480e-02 3.3264623e-02
5.8618619e+00 9.3074176e-04 1.1090204e-02 3.3468160e-02
5.8671171e+00 9.4837619e-04 1.1191352e-02 3.3637643e-02
5.8723724e+00 9.6598870e-04 1.1301010e-02 3.3821134e-02
5.8776276e+00 9.8397358e-04 1.1411146e-02 3.4023900e-02
5.8828829e+00 1.0018763e-03 1.1520585e-02 3.4201328e-02
5.8881381e+00 1.0206234e-03 1.1631286e-02 3.4380477e-02
5.8933934e+00 1.0395664e-03 1.1742125e-02 3.4562376e-02
5.8986486e+00 1.0591849e-03 1.1834537e-02 3.4755523e-02
5.9039039e+00 1.0793540e-03 1.1952122e-02 3.4939517e-02
5.9091592e+00 1.0990700e-03 1.2057417e-02 3.5105412e-02
5.9144144e+00 1.1197073e-03 1.2165227e-02 3.5284672e-02
5.9196697e+00 1.1402075e-03 1.2284662e-02 3.5425605e-02
5.9249249e+00 1.1604860e-03 1.2403438e-02 3.5615181e-02
5.9301802e+00 1.1812277e-03 1.2521099e-02 3.5780123e-02
5.9354354e+00 1.2028287e-03 1.2639606e-02 3.5945080e-02
5.9406907e+00 1.2250787e-03 1.2752287e-02 3.6089693e-02
5.9459459e+00 1.2473431e-03 1.2868366e-02 3.6249508e-02
5.9512012e+00 1.2699328e-03 1.2994925e-02 3.6401798e-02
5.9564565e+00 1.2936735e-03 1.3111192e-02 3.6554738e-02
5.9617117e+00 1.3176353e-03 1.3232223e-02 3.6730270e-02
5.9669670e+00 1.3413989e-03 1.3343781e-02 3.6876251e-02
5.9722222e+00 1.3664463e-03 1.3440133e-02 3.7002770e-02
5.9774775e+00 1.3913830e-03 1.3556849e-02 3.7122175e-02
5.9827327e+00 1.4162726e-03 1.3655237e-02 3.7239879e-02
5.9879880e+00 1.4419823e-03 1.3763313e-02 3.7329551e-02
5.9932432e+00 1.4681126e-03 1.3893729e-02 3.7439765e-02
5.9984985e+00 1.4947284e-03 1.4012837e-02 3.7562842e-02
6.0037538e+00 1.5221324e-03 1.4125359e-02 3.7677619e-02
6.0090090e+00 1.5493914e-03 1.4261161e-02 3.7818055e-02
6.0142643e+00 1.5774167e-03 1.4385625e-02 3.7960023e-02
6.0195195e+00 1.6054553e-03 1.4514573e-02 3.8098224e-02
6.0247748e+00 1.6346590e-03 1.4624477e-02 3.8232335e-02
6.0300300e+00 1.6630283e-03 1.4740085e-02 3.8357922e-02
6.0352853e+00 1.6929309e-03 1.4856763e-02 3.8527560e-02
6.0405405e+00 1.7223490e-03 1.4978969e-02 3.8689189e-02
6.0457958e+00 1.7529063e-03 1.5108324e-02 3.8853020e-02
6.0510511e+00 1.7839064e-03 1.5224048e-02 3.9022226e-02
6.0563063e+00 1.8154756e-03 1.5347158e-02 3.9211769e-02
6.0615616e+00 1.8468473e-03 1.5481985e-02 3.9384493e-02
6.0668168e+00 1.8781636e-03 1.5598378e-02 3.9555540e-02
6.0720721e+00 1.9098618e-03 1.5724583e-02 3.9729773e-02
6.0773273e+00 1.9430985e-03 1.5841533e-02 3.9924060e-02
6.0825826e+00 1.9786264e-03 1.5968975e-02 4.0094197e-02
6.0878378e+00 2.0119186e-03 1.6090100e-02 4.0273116e-02
6.0930931e+00 2.0469805e-03 1.6217261e-02 4.0459544e-02
6.0983483e+00 2.0821356e-03 1.6338174e-02 4.0662965e-02
6.1036036e+00 2.1186860e-03 1.6460252e-02 4.0865105e-02
6.1088589e+00 2.1546871e-03 1.6590442e-02 4.1041766e-02
6.1141141e+00 2.1890210e-03 1.6730211e-02 4.1219270e-02
6.1193694e+00 2.2269147e-03 1.6854783e-02 4.1411000e-02
6.1246246e+00 2.2659762e-03 1.6973118e-02 4.1617139e-02
6.1298799e+00 2.3050186e-03 1.7099766e-02 4.1805485e-02
6.1351351e+00 2.3473170e-03 1.7206075e-02 4.1992364e-02
6.1403904e+00 2.3881080e-03 1.7331180e-02 4.2204044e-02
6.1456456e+00 2.4296315e-03 1.7446860e-02 4.2413209e-02
6.1509009e+00 2.4699544e-03 1.7561986e-02 4.2619404e-02
6.1561562e+00 2.5119043e-03 1.7662109e-02 4.2836167e-02
6.1614114e+00 2.5547485e-03 1.7773635e-02 4.3053995e-02
6.1666667e+00 2.5991712e-03 1.7884487e-02 4.3258095e-02
6.1719219e+00 2.6414129e-03 1.7975372e-02 4.3459976e-02
6.1771772e+00 2.6846347e-03 1.8113636e-02 4.3650823e-02
6.1824324e+00 2.7308232e-03 1.8197887e-02 4.3846628e-02
6.1876877e+00 2.7748164e-03 1.8293126e-02 4.4039424e-02
6.1929429e+00 2.8214495e-03 1.8401702e-02 4.4262115e-02
6.1981982e+00 2.8696240e-03 1.8493832e-02 4.4462915e-02
6.2034535e+00 2.9179788e-03 1.8591721e-02 4.4640670e-02
6.2087087e+00 2.9653857e-03 1.8671552e-02 4.4810277e-02
6.2139640e+00 3.0134580e-03 1.8759847e-02 4.5009989e-02
6.2192192e+00 3.0626655e-03 1.8845053e-02 4.5193499e-02
6.2244745e+00 3.1112698e-03 1.8931829e-02 4.5419177e-02
6.2297297e+00 3.1593695e-03 1.9022102e-02 4.5604095e-02
6.2349850e+00 3.2109190e-03 1.9093068e-02 4.5798529e-02
6.2402402e+00 3.2650491e-03 1.9174819e-02 4.5990996e-02
6.2454955e+00 3.3198844e-03 1.9282375e-02 4.6177872e-02
6.2507508e+00 3.3751736e-03 1.9363935e-02 4.6389907e-02
6.2560060e+00 3.4294827e-03 1.9441400e-02 4.6596866e-02
6.2612613e+00 3.4833880e-03 1.9518788e-02 4.6827920e-02
6.2665165e+00 3.5424859e-03 1.9621552e-02 4.7036018e-02
6.2717718e+00 3.6007841e-03 1.9708613e-02 4.7235975e-02
6.2770270e+00 3.6600287e-03 1.9798346e-02 4.7490091e-02
6.2822823e+00 3.7198188e-03 1.9892548e-02 4.7697917e-02
6.2875375e+00 3.7837189e-03 2.0003253e-02 4.7935755e-02
6.2927928e+00 3.8477411e-03 2.0114323e-02 4.8157337e-02
6.2980480e+00 3.9081232e-03 2.0223392e-02 4.8394374e-02
6.3033033e+00 3.9701553e-03 2.0338562e-02 4.8597591e-02
6.3085586e+00 4.0329315e-03 2.0465444e-02 4.8786339e-02
6.3138138e+00 4.0979277e-03 2.0585857e-02 4.9020998e-02
6.3190691e+00 4.1638087e-03 2.0706399e-02 4.9237579e-02
6.3243243e+00 4.2303359e-03 2.0843724e-02 4.9463917e-02
6.3295796e+00 4.2987669e-03 2.0968477e-02 4.9667823e-02
6.3348348e+00 4.3683822e-03 2.1080784e-02 4.9875940e-02
6.3400901e+00 4.4360499e-03 2.1212182e-02 5.0079652e-02
6.3453453e+00 4.5045391e-03 2.1344225e-02 5.0289887e-02
6.3506006e+00 4.5752342e-03 2.1470798e-02 5.0484396e-02
6.3558559e+00 4.6486071e-03 2.1600586e-02 5.0688816e-02
6.3611111e+00 4.7223921e-03 2.1742820e-02 5.0888824e-02
6.3663664e+00 4.7943529e-03 2.1892297e-02 5.1080426e-02
6.3716216e+00 4.8701111e-03 2.2030007e-02 5.1288686e-02
6.3768769e+00 4.9495135e-03 2.2175462e-02 5.1482827e-02
6.3821321e+00 5.0235295e-03 2.2306331e-02 5.1663043e-02
6.3873874e+00 5.1018263e-03 2.2456410e-02 5.1826907e-02
6.3926426e+00 5.1808413e-03 2.2597815e-02 5.2001861e-02
6.3978979e+00 5.2638500e-03 2.2755252e-02 5.2117617e-02
6.4031532e+00 5.3483691e-03 2.2881804e-02 5.2324289e-02
6.4084084e+00 5.4324638e-03 2.3029045e-02 5.2532523e-02
6.4136637e+00 5.5154981e-03 2.3161454e-02 5.2736254e-02
6.4189189e+00 5.6012711e-03 2.3311630e-02 5.2961552e-02
6.4241742e+00 5.6865827e-03 2.3450956e-02 5.3166839e-02
6.4294294e+00 5.7732520e-03 2.3616147e-02 5.3356916e-02
6.4346847e+00 5.8639153e-03 2.3782709e-02 5.3505703e-02
6.4399399e+00 5.9551410e-03 2.3933190e-02 5.3717849e-02
6.4451952e+00 6.0403999e-03 2.4097066e-02 5.3917818e-02
6.4504505e+00 6.1320485e-03 2.4274740e-02 5.4103277e-02
6.4557057e+00 6.2235549e-03 2.4435621e-02 5.4279540e-02
6.4609610e+00 6.3175171e-03 2.4581955e-02 5.4455351e-02
6.4662162e+00 6.4030992e-03 2.4758962e-02 5.4638951e-02
6.4714715e+00 6.4987319e-03 2.4916841e-02 5.4815861e-02
6.4767267e+00 6.5963213e-03 2.5059559e-02 5.4987730e-02
6.4819820e+00 6.6956831e-03 2.5214768e-02 5.5177124e-02
6.4872372e+00 6.7975096e-03 2.5369515e-02 5.5299856e-02
6.4924925e+00 6.9027214e-03 2.5528283e-02 5.5510186e-02
6.4977477e+00 7.0018850e-03 2.5686496e-02 5.5686831e-02
6.5030030e+00 7.1075950e-03 2.5858402e-02 5.5867913e-02
6.5082583e+00 7.2135724e-03 2.6018081e-02 5.6019453e-02
6.5135135e+00 7.3215746e-03 2.6207137e-02 5.6192866e-02
6.5187688e+00 7.4337235e-03 2.6388867e-02 5.6335641e-02
6.5240240e+00 7.5461645e-03 2.6584584e-02 5.6523852e-02
6.5292793e+00 7.6554981e-03 2.6763302e-02 5.6711684e-02
6.5345345e+00 7.7611525e-03 2.6930953e-02 5.6861343e-02
6.5397898e+00 7.8799394e-03 2.7107916e-02 5.7042926e-02
6.5450450e+00 7.9983633e-03 2.7275480e-02 5.7235083e-02
6.5503003e+00 8.1212106e-03 2.7433908e-02 5.7398591e-02
6.5555556e+00 8.2419122e-03 2.7590492e-02 5.7582366e-02
6.5608108e+00 8.3705254e-03 2.7776243e-02 5.7726029e-02
6.5660661e+00 8.4916473e-03 2.7964884e-02 5.7909602e-02
6.5713213e+00 8.6169859e-03 2.8177688e-02 5.8103041e-02
6.5765766e+00 8.7332920e-03 2.8355883e-02 5.8290620e-02
6.5818318e+00 8.8555838e-03 2.8556761e-02 5.8487683e-02
6.5870871e+00 8.9854243e-03 2.8756876e-02 5.8683480e-02
6.5923423e+00 9.1103543e-03 2.8937091e-02 5.8871541e-02
6.5975976e+00 9.2344554e-03 2.9144092e-02 5.9034953e-02
6.6028529e+00 9.3688827e-03 2.9334670e-02 5.9264632e-02
6.6081081e+00 9.5030021e-03 2.9534976e-02 5.9453090e-02
6.6133634e+00 9.6362685e-03 2.9728231e-02 5.9637022e-02
6.6186186e+00 9.7737351e-03 2.9949664e-02 5.9858948e-02
6.6238739e+00 9.9118441e-03 3.0143616e-02 6.0094313e-02
6.6291291e+00 1.0053487e-02 3.0345758e-02 6.0323211e-02
6.6343844e+00 1.0195651e-02 3.0544045e-02 6.0481603e-02
6.6396396e+00 1.0340285e-02 3.0742912e-02 6.0693813e-02
6.6448949e+00 1.0483384e-02 3.0931356e-02 6.0917086e-02
6.6501502e+00 1.0630997e-02 3.1140323e-02 6.1126849e-02
6.6554054e+00 1.0781553e-02 3.1328618e-02 6.1339928e-02
6.6606607e+00 1.0930743e-02 3.1530820e-02 6.1545962e-02
6.6659159e+00 1.1081155e-02 3.1733852e-02 6.1723627e-02
6.6711712e+00 1.1239215e-02 3.1938985e-02 6.1943767e-02
6.6764264e+00 1.1404520e-02 3.2171503e-02 6.2143702e-02
6.6816817e+00 1.1552093e-02 3.2385759e-02 6.2337183e-02
6.6869369e+00 1.1708082e-02 3.2596209e-02 6.2536418e-02
6.6921922e+00 1.1868367e-02 3.2808521e-02 6.2752497e-02
6.6974474e+00 1.2021396e-02 3.3019302e-02 6.2995321e-02
6.7027027e+00 1.2184165e-02 3.3223430e-02 6.3227706e-02
6.7079580e+00 1.2348804e-02 3.3425556e-02 6.3433211e-02
6.7132132e+00 1.2519700e-02 3.3609185e-02 6.3680645e-02
6.7184685e+00 1.2690032e-02 3.3792780e-02 6.3915758e-02
6.7237237e+00 1.2860475e-02 3.3993996e-02 6.4122973e-02
6.7289790e+00 1.3033249e-02 3.4205702e-02 6.4333084e-02
6.7342342e+00 1.3200422e-02 3.4425487e-02 6.4533446e-02
6.7394895e+00 1.3368457e-02 3.4634219e-02 6.4739151e-02
6.7447447e+00 1.3533834e-02 3.4837895e-02 6.4945532e-02
6.7500000e+00 1.3712566e-02 3.5052949e-02 6.5183002e-02
6.7552553e+00 1.3874567e-02 3.5284046e-02 6.5387438e-02
6.7605105e+00 1.4052044e-02 3.5495648e-02 6.5593276e-02
6.7657658e+00 1.4237968e-02 3.5698876e-02 6.5793683e-02
6.7710210e+00 1.4417331e-02 3.5902135e-02 6.6048017e-02
6.7762763e+00 1.4601110e-02 3.6107392e-02 6.6321243e-02
6.7815315e+00 1.4792474e-02 3.6324454e-02 6.6556258e-02
6.7867868e+00 1.4965376e-02 3.6530534e-02 6.6813848e-02
6.7920420e+00 1.5164721e-02 3.6747534e-02 6.7059265e-02
6.7972973e+00 1.5357802e-02 3.6976361e-02 6.7339073e-02
6.8025526e+00 1.5546072e-02 3.7209423e-02 6.7542926e-02
6.8078078e+00 1.5738316e-02 3.7438056e-02 6.7784557e-02
6.8130631e+00 1.5933707e-02 3.7656317e-02 6.8018143e-02
6.8183183e+00 1.6134444e-02 3.7879366e-02 6.8252581e-02
6.8235736e+00 1.6317954e-02 3.8100874e-02 6.8505353e-02
6.8288288e+00 1.6514493e-02 3.8322688e-02 6.8781295e-02
6.8340841e+00 1.6710476e-02 3.8533143e-02 6.8996337e-02
6.8393393e+00 1.6911921e-02 3.8764059e-02 6.9264465e-02
6.8445946e+00 1.7101214e-02 3.8974895e-02 6.9534486e-02
6.8498498e+00 1.7291673e-02 3.9199954e-02 6.9796238e-02
6.8551051e+00 1.7505963e-02 3.9424803e-02 7.0094040e-02
6.8603604e+00 1.7712743e-02 3.9655098e-02 7.0329223e-02
6.8656156e+00 1.7927843e-02 3.9887303e-02 7.0581252e-02
6.8708709e+00 1.8143153e-02 4.0135705e-02 7.0889092e-02
6.8761261e+00 1.8357616e-02 4.0350770e-02 7.1104216e-02
6.8813814e+00 1.8561091e-02 4.0592705e-02 7.1403358e-02
6.8866366e+00 1.8792922e-02 4.0852085e-02 7.1654986e-02
6.8918919e+00 1.9004266e-02 4.1092003e-02 7.1970815e-02
6.8971471e+00 1.9224816e-02 4.1312664e-02 7.2262797e-02
6.9024024e+00 1.9449750e-02 4.1552850e-02 7.2549116e-02
6.9076577e+00 1.9676940e-02 4.1763180e-02 7.2807932e-02
6.9129129e+00 1.9899561e-02 4.2023372e-02 7.3102327e-02
6.9181682e+00 2.0129661e-02 4.2260620e-02 7.3348465e-02
6.9234234e+00 2.0360094e-02 4.2499048e-02 7.3656965e-02
6.9286787e+00 2.0584005e-02 4.2713291e-02 7.3937282e-02
6.9339339e+00 2.0828272e-02 4.2970481e-02 7.4170607e-02
6.9391892e+00 2.1061712e-02 4.3222742e-02 7.4459675e-02
6.9444444e+00 2.1279403e-02 4.3496475e-02 7.4682862e-02
6.9496997e+00 2.1506813e-02 4.3765092e-02 7.4966253e-02
6.9549550e+00 2.1735057e-02 4.4010893e-02 7.5228989e-02
6.9602102e+00 2.1982885e-02 4.4257918e-02 7.5542324e-02
6.9654655e+00 2.2231400e-02 4.4544950e-02 7.5819246e-02
6.9707207e+00 2.2480524e-02 4.4848639e-02 7.6130946e-02
6.9759760e+00 2.2707260e-02 4.5094309e-02 7.6470527e-02
6.9812312e+00 2.2917198e-02 4.5355179e-02 7.6759882e-02
6.9864865e+00 2.3163646e-02 4.5632838e-02 7.7082826e-02
6.9917417e+00 2.3400788e-02 4.5901550e-02 7.7400714e-02
6.9969970e+00 2.3663915e-02 4.6165917e-02 7.7720092e-02
7.0022523e+00 2.3909835e-02 4.6409841e-02 7.8038202e-02
7.0075075e+00 2.4166045e-02 4.6668380e-02 7.8384016e-02
7.0127628e+00 2.4455213e-02 4.6945386e-02 7.8750698e-02
7.0180180e+00 2.4726700e-02 4.7256274e-02 7.9014209e-02
7.0232733e+00 2.4999119e-02 4.7545578e-02 7.9269422e-02
7.0285285e+00 2.5250906e-02 4.7871224e-02 7.9563288e-02
7.0337838e+00 2.5538442e-02 4.8170641e-02 7.9886791e-02
7.0390390e+00 2.5782610e-02 4.8469906e-02 8.0230634e-02
7.0442943e+00 2.6048284e-02 4.8789040e-02 8.0562982e-02
7.0495495e+00 2.6293153e-02 4.9094841e-02 8.0923335e-02
7.0548048e+00 2.6585821e-02 4.9406107e-02 8.1252092e-02
7.0600601e+00 2.6853943e-02 4.9729042e-02 8.1570302e-02
7.0653153e+00 2.7129806e-02 5.0021433e-02 8.1874199e-02
7.0705706e+00 2.7433614e-02 5.0340472e-02 8.2190908e-02
7.0758258e+00 2.7704890e-02 5.0658616e-02 8.2517459e-02
7.0810811e+00 2.7998746e-02 5.0989144e-02 8.2817777e-02
7.0863363e+00 2.8289989e-02 5.1313044e-02 8.3190604e-02
7.0915916e+00 2.8571655e-02 5.1671959e-02 8.3553329e-02
7.0968468e+00 2.8880617e-02 5.2021912e-02 8.3903515e-02
7.1021021e+00 2.9188502e-02 5.2335564e-02 8.4216320e-02
7.1073574e+00 2.9489811e-02 5.2683031e-02 8.4559327e-02
7.1126126e+00 2.9799603e-02 5.3035509e-02 8.4930918e-02
7.1178679e+00 3.0098889e-02 5.3417878e-02 8.5189347e-02
7.1231231e+00 3.0432830e-02 5.3750917e-02 8.5579839e-02
7.1283784e+00 3.0747176e-02 5.4097126e-02 8.5986135e-02
7.1336336e+00 3.1083500e-02 5.4430911e-02 8.6381252e-02
7.1388889e+00 3.1414045e-02 5.4810204e-02 8.6738324e-02
7.1441441e+00 3.1729907e-02 5.5155106e-02 8.7106812e-02
7.1493994e+00 3.2055603e-02 5.5524560e-02 8.7474022e-02
7.1546547e+00 3.2379578e-02 5.5907100e-02 8.7801400e-02
7.1599099e+00 3.2715598e-02 5.6291406e-02 8.8188241e-02
7.1651652e+00 3.3050049e-02 5.6673761e-02 8.8607092e-02
7.1704204e+00 3.3414460e-02 5.7052377e-02 8.9023847e-02
7.1756757e+00 3.3772112e-02 5.7433157e-02 8.9436215e-02
7.1809309e+00 3.4108424e-02 5.7815585e-02 8.9802476e-02
7.1861862e+00 3.4438818e-02 5.8216812e-02 9.0259249e-02
7.1914414e+00 3.4791167e-02 5.8636782e-02 9.0613162e-02
7.1966967e+00 3.5161050e-02 5.9038207e-02 9.1043970e-02
7.2019520e+00 3.5535652e-02 5.9448052e-02 9.1506010e-02
7.2072072e+00 3.5907427e-02 5.9862786e-02 9.1909967e-02
7.2124625e+00 3.6268205e-02 6.0278254e-02 9.2357377e-02
7.2177177e+00 3.6643097e-02 6.0683900e-02 9.2816087e-02
7.2229730e+00 3.7025125e-02 6.1068757e-02 9.3264744e-02
7.2282282e+00 3.7407824e-02 6.1478862e-02 9.3729515e-02
7.2334835e+00 3.7803541e-02 6.1918105e-02 9.4192240e-02
7.2387387e+00 3.8215536e-02 6.2352049e-02 9.4648376e-02
7.2439940e+00 3.8612977e-02 6.2779601e-02 9.5153997e-02
7.2492492e+00 3.9026026e-02 6.3193319e-02 9.5611155e-02
7.2545045e+00 3.9412576e-02 6.3608842e-02 9.6086725e-02
7.2597598e+00 3.9827030e-02 6.4068238e-02 9.6568627e-02
7.2650150e+00 4.0250204e-02 6.4514740e-02 9.7027007e-02
7.2702703e+00 4.0697987e-02 6.4966116e-02 9.7442833e-02
7.2755255e+00 4.1119987e-02 6.5431916e-02 9.7949532e-02
7.2807808e+00 4.1532735e-02 6.5919144e-02 9.8444561e-02
7.2860360e+00 4.1975843e-02 6.6396642e-02 9.8956699e-02
7.2912913e+00 4.2402868e-02 6.6894867e-02 9.9391910e-02
7.2965465e+00 4.2833825e-02 6.7355452e-02 9.9925176e-02
7.3018018e+00 4.3268080e-02 6.7840641e-02 1.0041437e-01
7.3070571e+00 4.3713513e-02 6.8341154e-02 1.0090182e-01
7.3123123e+00 4.4172201e-02 6.8815031e-02 1.0139378e-01
7.3175676e+00 4.4632501e-02 6.9314560e-02 1.0191244e-01
7.3228228e+00 4.5091750e-02 6.9856354e-02 1.0243251e-01
7.3280781e+00 4.5569444e-02 7.0386866e-02 1.0296341e-01
7.3333333e+00 4.6063591e-02 7.0935033e-02 1.0350374e-01
7.3385886e+00 4.6551867e-02 7.1474940e-02 1.0407189e-01
7.3438438e+00 4.7054965e-02 7.1975427e-02 1.0461369e-01
7.3490991e+00 4.7526708e-02 7.2519049e-02 1.0521451e-01
7.3543544e+00 4.8034798e-02 7.3057010e-02 1.0582402e-01
7.3596096e+00 4.8548191e-02 7.3608059e-02 1.0634583e-01
7.3648649e+00 4.9063204e-02 7.4163484e-02 1.0685965e-01
7.3701201e+00 4.9592417e-02 7.4734415e-02 1.0747808e-01
7.3753754e+00 5.0123244e-02 7.5289614e-02 1.0806605e-01
7.3806306e+00 5.0647977e-02 7.5873702e-02 1.0871910e-01
7.3858859e+00 5.1153724e-02 7.6452946e-02 1.0930107e-01
7.3911411e+00 5.1688133e-02 7.7056240e-02 1.0986914e-01
7.3963964e+00 5.2242402e-02 7.7634605e-02 1.1048268e-01
7.4016517e+00 5.2811587e-02 7.8200056e-02 1.1111704e-01
7.4069069e+00 5.3341491e-02 7.8770796e-02 1.1172620e-01
7.4121622e+00 5.3932514e-02 7.9381720e-02 1.1233194e-01
7.4174174e+00 5.4484168e-02 7.9979128e-02 1.1294294e-01
7.4226727e+00 5.5048021e-02 8.0577843e-02 1.1359614e-01
7.4279279e+00 5.5621374e-02 8.1193838e-02 1.1429436e-01
7.4331832e+00 5.6205281e-02 8.1836738e-02 1.1497399e-01
7.4384384e+00 5.6781811e-02 8.2449136e-02 1.1567986e-01
7.4436937e+00 5.7362870e-02 8.3082995e-02 1.1634773e-01
7.4489489e+00 5.7943779e-02 8.3704541e-02 1.1700753e-01
7.4542042e+00 5.8555889e-02 8.4323826e-02 1.1766265e-01
7.4594595e+00 5.9160813e-02 8.4982591e-02 1.1831635e-01
7.4647147e+00 5.9807376e-02 8.5642800e-02 1.1906857e-01
7.4699700e+00 6.0422449e-02 8.6326476e-02 1.1975956e-01
7.4752252e+00 6.1063875e-02 8.7029176e-02 1.2041265e-01
7.4804805e+00 6.1704013e-02 8.7685440e-02 1.2117787e-01
7.4857357e+00 6.2334810e-02 8.8370625e-02 1.2190212e-01
7.4909910e+00 6.2995092e-02 8.9095192e-02 1.2263578e-01
7.4962462e+00 6.3642658e-02 8.9780824e-02 1.2334554e-01
7.5015015e+00 6.4286087e-02 9.0493964e-02 1.2411195e-01
7.5067568e+00 6.4969482e-02 9.1251450e-02 1.2486893e-01
7.5120120e+00 6.5628629e-02 9.1965803e-02 1.2559834e-01
7.5172673e+00 6.6295983e-02 9.2685138e-02 1.2635796e-01
7.5225225e+00 6.6967895e-02 9.3446735e-02 1.2715287e-01
7.5277778e+00 6.7644767e-02 9.4200303e-02 1.2789735e-01
7.5330330e+00 6.8378032e-02 9.4928164e-02 1.2867266e-01
7.5382883e+00 6.9090428e-02 9.5696480e-02 1.2943647e-01
7.5435435e+00 6.9805466e-02 9.6465416e-02 1.3030529e-01
7.5487988e+00 7.0540709e-02 9.7268769e-02 1.3111942e-01
7.5540541e+00 7.1249816e-02 9.8047869e-02 1.3188380e-01
7.5593093e+00 7.1986147e-02 9.8852206e-02 1.3268995e-01
7.5645646e+00 7.2735833e-02 9.9601034e-02 1.3350277e-01
7.5698198e+00 7.3494914e-02 1.0039578e-01 1.3428782e-01
7.5750751e+00 7.4236758e-02 1.0120963e-01 1.3516912e-01
7.5803303e+00 7.4994606e-02 1.0200752e-01 1.3596273e-01
7.5855856e+00 7.5756635e-02 1.0283415e-01 1.3686504e-01
7.5908408e+00 7.6549231e-02 1.0366954e-01 1.3774230e-01
7.5960961e+00 7.7303824e-02 1.0452277e-01 1.3864505e-01
7.6013514e+00 7.8143902e-02 1.0539409e-01 1.3953107e-01
7.6066066e+00 7.8962010e-02 1.0621422e-01 1.4045252e-01
7.6118619e+00 7.9755273e-02 1.0704804e-01 1.4134842e-01
7.6171171e+00 8.0568645e-02 1.0792437e-01 1.4226567e-01
7.6223724e+00 8.1437602e-02 1.0883337e-01 1.4320519e-01
7.6276276e+00 8.2290819e-02 1.0972620e-01 1.4416492e-01
7.6328829e+00 8.3087356e-02 1.1062636e-01 1.4509545e-01
7.6381381e+00 8.3938605e-02 1.1151287e-01 1.4602116e-01
7.6433934e+00 8.4811475e-02 1.1242391e-01 1.4698976e-01
7.6486486e+00 8.5659879e-02 1.1333905e-01 1.4800622e-01
7.6539039e+00 8.6516496e-02 1.1423493e-01 1.4902337e-01
7.6591592e+00 8.7408778e-02 1.1517470e-01 1.4999529e-01
7.6644144e+00 8.8295406e-02 1.1611610e-01 1.5103345e-01
7.6696697e+00 8.9199465e-02 1.1710174e-01 1.5207829e-01
7.6749249e+00 9.0082060e-02 1.1808381e-01 1.5305166e-01
7.6801802e+00 9.0988229e-02 1.1910299e-01 1.5410171e-01
7.6854354e+00 9.1937072e-02 1.2009112e-01 1.5515934e-01
7.6906907e+00 9.2877811e-02 1.2108454e-01 1.5622016e-01
7.6959459e+00 9.3828795e-02 1.2208324e-01 1.5720540e-01
7.7012012e+00 9.4769074e-02 1.2307027e-01 1.5824834e-01
7.7064565e+00 9.5730586e-02 1.2411860e-01 1.5924159e-01
7.7117117e+00 9.6726494e-02 1.2509717e-01 1.6033342e-01
7.7169670e+00 9.7698237e-02 1.2614942e-01 1.6149665e-01
7.7222222e+00 9.8705851e-02 1.2716939e-01 1.6252164e-01
7.7274775e+00 9.9725942e-02 1.2824905e-01 1.6364828e-01
7.7327327e+00 1.0077509e-01 1.2934403e-01 1.6486945e-01
7.7379880e+00 1.0179935e-01 1.3043172e-01 1.6598427e-01
7.7432432e+00 1.0286201e-01 1.3153073e-01 1.6712673e-01
7.7484985e+00 1.0387519e-01 1.3264867e-01 1.6825048e-01
7.7537538e+00 1.0495065e-01 1.3374717e-01 1.6943398e-01
7.7590090e+00 1.0600056e-01 1.3489836e-01 1.7063876e-01
7.7642643e+00 1.0705743e-01 1.3605345e-01 1.7182721e-01
7.7695195e+00 1.0809752e-01 1.3719924e-01 1.7304113e-01
7.7747748e+00 1.0919366e-01 1.3834175e-01 1.7425495e-01
7.7800300e+00 1.1032156e-01 1.3950494e-01 1.7555873e-01
7.7852853e+00 1.1144442e-01 1.4069336e-01 1.7674964e-01
7.7905405e+00 1.1258329e-01 1.4188377e-01 1.7804110e-01
7.7957958e+00 1.1371031e-01 1.4309515e-01 1.7929286e-01
7.8010511e+00 1.1488398e-01 1.4432328e-01 1.8058130e-01
7.8063063e+00 1.1601184e-01 1.4552135e-01 1.8180529e-01
7.8115616e+00 1.1717901e-01 1.4671877e-01 1.8308576e-01
7.8168168e+00 1.1833314e-01 1.4797547e-01 1.8440278e-01
7.8220721e+00 1.1949933e-01 1.4921701e-01 1.8564112e-01
7.8273273e+00 1.2069413e-01 1.5044116e-01 1.8698478e-01
7.8325826e+00 1.2190714e-01 1.5172208e-01 1.8833469e-01
7.8378378e+00 1.2313092e-01 1.5301833e-01 1.8964478e-01
7.8430931e+00 1.2437631e-01 1.5429517e-01 1.9094586e-01
7.8483483e+00 1.2565702e-01 1.5559942e-01 1.9228660e-01
7.8536036e+00 1.2693172e-01 1.5694046e-01 1.9367863e-01
7.8588589e+00 1.2815247e-01 1.5823080e-01 1.9511918e-01
7.8641141e+00 1.2943268e-01 1.5956093e-01 1.9651974e-01
7.8693694e+00 1.3073929e-01 1.6090577e-01 1.9793142e-01
7.8746246e+00 1.3202677e-01 1.6224531e-01 1.9931031e-01
7.8798799e+00 1.3329425e-01 1.6362067e-01 2.0069285e-01
7.8851351e+00 1.3457685e-01 1.6503682e-01 2.0212379e-01
7.8903904e+00 1.3589750e-01 1.6642753e-01 2.0352328e-01
7.8956456e+00 1.3722527e-01 1.6783014e-01 2.0498191e-01
7.9009009e+00 1.3853738e-01 1.6925470e-01 2.0650303e-01
7.9061562e+00 1.3990865e-01 1.7070252e-01 2.0800668e-01
7.9114114e+00 1.4124095e-01 1.7210322e-01 2.0945042e-01
7.9166667e+00 1.4258977e-01 1.7354863e-01 2.1097101e-01
7.9219219e+00 1.4396839e-01 1.7503702e-01 2.1249533e-01
7.9271772e+00 1.4537086e-01 1.7650922e-01 2.1405987e-01
7.9324324e+00 1.4676657e-01 1.7800064e-01 2.1559970e-01
7.9376877e+00 1.4817982e-01 1.7951266e-01 2.1715303e-01
7.9429429e+00 1.4958970e-01 1.8102627e-01 2.1876300e-01
7.9481982e+00 1.5106578e-01 1.8255727e-01 2.2030672e-01
7.9534535e+00 1.5253569e-01 1.8413206e-01 2.2189091e-01
7.9587087e+00 1.5400645e-01 1.8569059e-01 2.2354018e-01
7.9639640e+00 1.5549719e-01 1.8725791e-01 2.2515495e-01
7.9692192e+00 1.5696292e-01 1.8886119e-01 2.2683191e-01
7.9744745e+00 1.5848336e-01 1.9043779e-01 2.2847779e-01
7.9797297e+00 1.6001040e-01 1.9202042e-01 2.3013017e-01
7.9849850e+00 1.6151264e-01 1.9362761e-01 2.3181486e-01
7.9902402e+00 1.6305592e-01 1.9523059e-01 2.3356950e-01
7.9954955e+00 1.6460626e-01 1.9688731e-01 2.3523500e-01
8.0007508e+00 1.6613808e-01 1.9849785e-01 2.3689860e-01
8.0060060e+00 1.6769894e-01 2.0017548e-01 2.3864497e-01
8.0112613e+00 1.6929983e-01 2.0186321e-01 2.4046274e-01
8.0165165e+00 1.7091931e-01 2.0352958e-01 2.4222765e-01
8.0217718e+00 1.7252659e-01 2.0520652e-01 2.4397659e-01
8.0270270e+00 1.7415024e-01 2.0690705e-01 2.4573616e-01
8.0322823e+00 1.7582725e-01 2.0859301e-01 2.4755899e-01
8.0375375e+00 1.7744625e-01 2.1037929e-01 2.4930899e-01
8.0427928e+00 1.7909203e-01 2.1212947e-01 2.5114095e-01
8.0480480e+00 1.8077733e-01 2.1391771e-01 2.5289994e-01
8.0533033e+00 1.8244451e-01 2.1572310e-01 2.5478035e-01
8.0585586e+00 1.8418538e-01 2.1750746e-01 2.5666053e-01
8.0638138e+00 1.8587429e-01 2.1934144e-01 2.5857086e-01
8.0690691e+00 1.8755425e-01 2.2118921e-01 2.6044475e-01
8.0743243e+00 1.8932525e-01 2.2301352e-01 2.6231494e-01
8.0795796e+00 1.9101849e-01 2.2484512e-01 2.6422937e-01
8.0848348e+00 1.9276649e-01 2.2672060e-01 2.6612793e-01
8.0900901e+00 1.9454359e-01 2.2859852e-01 2.6805909e-01
8.0953453e+00 1.9638035e-01 2.3049507e-01 2.6999304e-01
8.1006006e+00 1.9820699e-01 2.3238685e-01 2.7190878e-01
8.1058559e+00 2.0005296e-01 2.3431002e-01 2.7384631e-01
8.1111111e+00 2.0191246e-01 2.3624613e-01 2.7575775e-01
8.1163664e+00 2.0381181e-01 2.3817553e-01 2.7775174e-01
8.1216216e+00 2.0570205e-01 2.4007923e-01 2.7972678e-01
8.1268769e+00 2.0755936e-01 2.4202515e-01 2.8171852e-01
8.1321321e+00 2.0947921e-01 2.4400141e-01 2.8375186e-01
8.1373874e+00 2.1137276e-01 2.4605668e-01 2.8582472e-01
8.1426426e+00 2.1327442e-01 2.4808347e-01 2.8783790e-01
8.1478979e+00 2.1523188e-01 2.5010387e-01 2.8990700e-01
8.1531532e+00 2.1717500e-01 2.5209951e-01 2.9194282e-01
8.1584084e+00 2.1915909e-01 2.5418797e-01 2.9407674e-01
8.1636637e+00 2.2112916e-01 2.5619153e-01 2.9623381e-01
8.1689189e+00 2.2307159e-01 2.5819976e-01 2.9839382e-01
8.1741742e+00 2.2505347e-01 2.6026648e-01 3.0051758e-01
8.1794294e+00 2.2700756e-01 2.6233820e-01 3.0268395e-01
8.1846847e+00 2.2900839e-01 2.6448688e-01 3.0482374e-01
8.1899399e+00 2.3101907e-01 2.6661064e-01 3.0699782e-01
8.1951952e+00 2.3304825e-01 2.6875805e-01 3.0916998e-01
8.2004505e+00 2.3512283e-01 2.7091023e-01 3.1138475e-01
8.2057057e+00 2.3720341e-01 2.7309658e-01 3.1359161e-01
8.2109610e+00 2.3927460e-01 2.7530749e-01 3.1583908e-01
8.2162162e+00 2.4139217e-01 2.7745294e-01 3.1804714e-01
8.2214715e+00 2.4349975e-01 2.7968739e-01 3.2028418e-01
8.2267267e+00 2.4567630e-01 2.8191850e-01 3.2260083e-01
8.2319820e+00 2.4780940e-01 2.8413772e-01 3.2496829e-01
8.2372372e+00 2.4995157e-01 2.8638816e-01 3.2726636e-01
8.2424925e+00 2.5209611e-01 2.8862332e-01 3.2962974e-01
8.2477477e+00 2.5423231e-01 2.9090365e-01 3.3191517e-01
8.2530030e+00 2.5649466e-01 2.9315307e-01 3.3432167e-01
8.2582583e+00 2.5872575e-01 2.9544429e-01 3.3663841e-01
8.2635135e+00 2.6097435e-01 2.9773582e-01 3.3896581e-01
8.2687688e+00 2.6319066e-01 3.0003640e-01 3.4137037e-01
8.2740240e+00 2.6548818e-01 3.0240041e-01 3.4376944e-01
8.2792793e+00 2.6772929e-01 3.0477884e-01 3.4622438e-01
8.2845345e+00 2.6994559e-01 3.0716914e-01 3.4855967e-01
8.2897898e+00 2.7229497e-01 3.0959284e-01 3.5097914e-01
8.2950450e+00 2.7457888e-01 3.1200565e-01 3.5341299e-01
8.3003003e+00 2.7687988e-01 3.1437099e-01 3.5584054e-01
8.3055556e+00 2.7919639e-01 3.1674488e-01 3.5829257e-01
8.3108108e+00 2.8159161e-01 3.1917019e-01 3.6075557e-01
8.3160661e+00 2.8403947e-01 3.2163400e-01 3.6322576e-01
8.3213213e+00 2.8638739e-01 3.2408970e-01 3.6576588e-01
8.3265766e+00 2.8878022e-01 3.2653329e-01 3.6827588e-01
8.3318318e+00 2.9115843e-01 3.2901723e-01 3.7087010e-01
8.3370871e+00 2.9354602e-01 3.3150001e-01 3.7344489e-01
8.3423423e+00 2.9598840e-01 3.3400226e-01 3.7595204e-01
8.3475976e+00 2.9835741e-01 3.3651240e-01 3.7849221e-01
8.3528529e+00 3.0077849e-01 3.3903289e-01 3.8107410e-01
8.3581081e+00 3.0325466e-01 3.4157338e-01 3.8364839e-01
8.3633634e+00 3.0577901e-01 3.4411867e-01 3.8628228e-01
8.3686186e+00 3.0826037e-01 3.4669528e-01 3.8895652e-01
8.3738739e+00 3.1076668e-01 3.4928389e-01 3.9156121e-01
8.3791291e+00 3.1327445e-01 3.5187201e-01 3.9420874e-01
8.3843844e+00 3.1581079e-01 3.5445434e-01 3.9689829e-01
8.3896396e+00 3.1839734e-01 3.5710745e-01 3.9956163e-01
8.3948949e+00 3.2096072e-01 3.5975406e-01 4.0224502e-01
8.4001502e+00 3.2356362e-01 3.6239856e-01 4.0494047e-01
8.4054054e+00 3.2617654e-01 3.6506735e-01 4.0767814e-01
8.4106607e+00 3.2879382e-01 3.6775689e-01 4.1042738e-01
8.4159159e+00 3.3141245e-01 3.7043160e-01 4.1313802e-01
8.4211712e+00 3.3407888e-01 3.7315115e-01 4.1593206e-01
8.4264264e+00 3.3677480e-01 3.7593195e-01 4.1867943e-01
8.4316817e+00 3.3943311e-01 3.7870960e-01 4.2144238e-01
8.4369369e+00 3.4209060e-01 3.8141372e-01 4.2419917e-01
8.4421922e+00 3.4479637e-01 3.8416119e-01 4.2698123e-01
8.4474474e+00 3.4756571e-01 3.8693750e-01 4.2978513e-01
8.4527027e+00 3.5027316e-01 3.8972872e-01 4.3262633e-01
8.4579580e+00 3.5297864e-01 3.9253274e-01 4.3547205e-01
8.4632132e+00 3.5570860e-01 3.9535763e-01 4.3826470e-01
8.4684685e+00 3.5844867e-01 3.9816151e-01 4.4114316e-01
8.4737237e+00 3.6127466e-01 4.0099555e-01 4.4400720e-01
8.4789790e+00 3.6403089e-01 4.0386126e-01 4.4684515e-01
8.4842342e+00 3.6679631e-01 4.0672511e-01 4.4972176e-01
8.4894895e+00 3.6964716e-01 4.0961453e-01 4.5261642e-01
8.4947447e+00 3.7248205e-01 4.1255129e-01 4.5553731e-01
8.5000000e+00 3.7526142e-01 4.1544591e-01 4.5843164e-01
8.5052553e+00 3.7808940e-01 4.1833967e-01 4.6141936e-01
8.5105105e+00 3.8094820e-01 4.2126122e-01 4.6437708e-01
8.5157658e+00 3.8385559e-01 4.2415974e-01 4.6731887e-01
8.5210210e+00 3.8677283e-01 4.2710054e-01 4.7031008e-01
8.5262763e+00 3.8964456e-01 4.3005677e-01 4.7329921e-01
8.5315315e+00 3.9261643e-01 4.3301308e-01 4.7628258e-01
8.5367868e+00 3.9556610e-01 4.3593688e-01 4.7926637e-01
8.5420420e+00 3.9844003e-01 4.3892878e-01 4.8228114e-01
8.5472973e+00 4.0137873e-01 4.4193980e-01 4.8528298e-01
8.5525526e+00 4.0429680e-01 4.4488451e-01 4.8831598e-01
8.5578078e+00 4.0728851e-01 4.4788558e-01 4.9129867e-01
8.5630631e+00 4.1024614e-01 4.5089868e-01 4.9429889e-01
8.5683183e+00 4.1324514e-01 4.5392702e-01 4.9732474e-01
8.5735736e+00 4.1624129e-01 4.5694332e-01 5.0034778e-01
8.5788288e+00 4.1926133e-01 4.5997174e-01 5.0340331e-01
8.5840841e+00 4.2227607e-01 4.6301417e-01 5.0648236e-01
8.5893393e+00 4.2526633e-01 4.6607709e-01 5.0962272e-01
8.5945946e+00 4.2825714e-01 4.6913012e-01 5.1271318e-01
8.5998498e+00 4.3127080e-01 4.7219495e-01 5.1579459e-01
8.6051051e+00 4.3430258e-01 4.7525876e-01 5.1888926e-01
8.6103604e+00 4.3737477e-01 4.7836484e-01 5.2203036e-01
8.6156156e+00 4.4043534e-01 4.8146108e-01 5.2516198e-01
8.6208709e+00 4.4356142e-01 4.8454596e-01 5.2830291e-01
8.6261261e+00 4.4665166e-01 4.8766413e-01 5.3148373e-01
8.6313814e+00 4.4974148e-01 4.9081862e-01 5.3469088e-01
8.6366366e+00 4.5280300e-01 4.9388597e-01 5.3780144e-01
8.6418919e+00 4.5593724e-01 4.9703933e-01 5.4096646e-01
8.6471471e+00 4.5907032e-01 5.0018281e-01 5.4409338e-01
8.6524024e+00 4.6223012e-01 5.0334215e-01 5.4723101e-01
8.6576577e+00 4.6534274e-01 5.0654424e-01 5.5043091e-01
8.6629129e+00 4.6852670e-01 5.0974330e-01 5.5359899e-01
8.6681682e+00 4.7167741e-01 5.1295821e-01 5.5680382e-01
8.6734234e+00 4.7488629e-01 5.1617630e-01 5.5990771e-01
8.6786787e+00 4.7809748e-01 5.1938649e-01 5.6311272e-01
8.6839339e+00 4.8126615e-01 5.2262370e-01 5.6628016e-01
8.6891892e+00 4.8440432e-01 5.2585517e-01 5.6939787e-01
8.6944444e+00 4.8756290e-01 5.2905066e-01 5.7262866e-01
8.6996997e+00 4.9070092e-01 5.3227803e-01 5.7581593e-01
8.7049550e+00 4.9391660e-01 5.3550264e-01 5.7903472e-01
8.7102102e+00 4.9709288e-01 5.3873166e-01 5.8219551e-01
8.7154655e+00 5.0027023e-01 5.4197805e-01 5.8541356e-01
8.7207207e+00 5.0351024e-01 5.4522858e-01 5.8865475e-01
8.7259760e+00 5.0679078e-01 5.4849067e-01 5.9188508e-01
8.7312312e+00 5.1002418e-01 5.5176579e-01 5.9518952e-01
8.7364865e+00 5.1327606e-01 5.5503551e-01 5.9843481e-01
8.7417417e+00 5.1658009e-01 5.5826462e-01 6.0164340e-01
8.7469970e+00 5.1985494e-01 5.6155017e-01 6.0493229e-01
8.7522523e+00 5.2317436e-01 5.6480957e-01 6.0819872e-01
8.7575075e+00 5.2642923e-01 5.6807666e-01 6.1141307e-01
8.7627628e+00 5.2975133e-01 5.7134352e-01 6.1463647e-01
8.7680180e+00 5.3307585e-01 5.7466791e-01 6.1786730e-01
8.7732733e+00 5.3641612e-01 5.7799947e-01 6.2110144e-01
8.7785285e+00 5.3977722e-01 5.8133254e-01 6.2435913e-01
8.7837838e+00 5.4308579e-01 5.8464208e-01 6.2768111e-01
8.7890390e+00 5.4641422e-01 5.8797850e-01 6.3102802e-01
8.7942943e+00 5.4976925e-01 5.9127379e-01 6.3424723e-01
8.7995495e+00 5.5308569e-01 5.9453706e-01 6.3748407e-01
8.8048048e+00 5.5639679e-01 5.9781147e-01 6.4073708e-01
8.8100601e+00 5.5973803e-01 6.0111206e-01 6.4402568e-01
8.8153153e+00 5.6306319e-01 6.0446919e-01 6.4728620e-01
8.8205706e+00 5.6633306e-01 6.0781741e-01 6.5054976e-01
8.8258258e+00 5.6966398e-01 6.1117766e-01 6.5378617e-01
8.8310811e+00 5.7300333e-01 6.1451354e-01 6.5707283e-01
8.8363363e+00 5.7636158e-01 6.1785244e-01 6.6034252e-01
8.8415916e+00 5.7970222e-01 6.2114648e-01 6.6368687e-01
8.8468468e+00 5.8305453e-01 6.2446638e-01 6.6693615e-01
8.8521021e+00 5.8637622e-01 6.2779029e-01 6.7019826e-01
8.8573574e+00 5.8970955e-01 6.3111874e-01 6.7346181e-01
8.8626126e+00 5.9301602e-01 6.3445402e-01 6.7679947e-01
8.8678679e+00 5.9636482e-01 6.3775798e-01 6.8007146e-01
8.8731231e+00 5.9971373e-01 6.4109276e-01 6.8338595e-01
8.8783784e+00 6.0307975e-01 6.4441873e-01 6.8663922e-01
8.8836336e+00 6.0642107e-01 6.4778680e-01 6.8991597e-01
8.8888889e+00 6.0978061e-01 6.5111768e-01 6.9316854e-01
8.8941441e+00 6.1312318e-01 6.5443942e-01 6.9643791e-01
8.8993994e+00 6.1653670e-01 6.5778058e-01 6.9968086e-01
8.9046547e+00 6.1989886e-01 6.6111992e-01 7.0292389e-01
8.9099099e+00 6.2329175e-01 6.6441242e-01 7.0615568e-01
8.9151652e+00 6.2670427e-01 6.6773990e-01 7.0937596e-01
8.9204204e+00 6.3009486e-01 6.7108654e-01 7.1268609e-01
8.9256757e+00 6.3340695e-01 6.7439895e-01 7.1590151e-01
8.9309309e+00 6.3675752e-01 6.7772287e-01 7.1920232e-01
8.9361862e+00 6.4007268e-01 6.8102243e-01 7.2242950e-01
8.9414414e+00 6.4338950e-01 6.8430146e-01 7.2569205e-01
8.9466967e+00 6.4670492e-01 6.8759499e-01 7.2891542e-01
8.9519520e+00 6.5002742e-01 6.9083976e-01 7.3216277e-01
8.9572072e+00 6.5333045e-01 6.9412701e-01 7.3542365e-01
8.9624625e+00 6.5660733e-01 6.9748185e-01 7.3865260e-01
8.9677177e+00 6.5994673e-01 7.0078087e-01 7.4190949e-01
8.9729730e+00 6.6329476e-01 7.0400152e-01 7.4515952e-01
8.9782282e+00 6.6664465e-01 7.0726336e-01 7.4836094e-01
8.9834835e+00 6.6996596e-01 7.1051034e-01 7.5161184e-01
8.9887387e+00 6.7325438e-01 7.1380877e-01 7.5478595e-01
8.9939940e+00 6.7658304e-01 7.1702381e-01 7.5794745e-01
8.9992492e+00 6.7987606e-01 7.2032874e-01 7.6109963e-01
9.0045045e+00 6.8317880e-01 7.2363645e-01 7.6429030e-01
9.0097598e+00 6.8643324e-01 7.2697673e-01 7.6747585e-01
9.0150150e+00 6.8972463e-01 7.3023756e-01 7.7057368e-01
9.0202703e+00 6.9304189e-01 7.3342052e-01 7.7372340e-01
9.0255255e+00 6.9631625e-01 7.3660842e-01 7.7688911e-01
9.0307808e+00 6.9949722e-01 7.3980068e-01 7.7999820e-01
9.0360360e+00 7.0280664e-01 7.4302524e-01 7.8304451e-01
9.0412913e+00 7.0608569e-01 7.4625233e-01 7.8617071e-01
9.0465465e+00 7.0937808e-01 7.4945485e-01 7.8923074e-01
9.0518018e+00 7.1257824e-01 7.5263767e-01 7.9232438e-01
9.0570571e+00 7.1584824e-01 7.5585608e-01 7.9535420e-01
9.0623123e+00 7.1912615e-01 7.5901464e-01 7.9844587e-01
9.0675676e+00 7.2227670e-01 7.6215996e-01 8.0152444e-01
9.0728228e+00 7.2545488e-01 7.6533734e-01 8.0460020e-01
9.0780781e+00 7.2864179e-01 7.6845408e-01 8.0757978e-01
9.0833333e+00 7.3179917e-01 7.7159318e-01 8.1062109e-01
9.0885886e+00 7.3495152e-01 7.7469799e-01 8.1363840e-01
9.0938438e+00 7.3809345e-01 7.7783481e-01 8.1664923e-01
9.0990991e+00 7.4125228e-01 7.8089290e-01 8.1969166e-01
9.1043544e+00 7.4442948e-01 7.8395055e-01 8.2269682e-01
9.1096096e+00 7.4756314e-01 7.8703217e-01 8.2561703e-01
9.1148649e+00 7.5068376e-01 7.9005177e-01 8.2855015e-01
9.1201201e+00 7.5381540e-01 7.9308765e-01 8.3142036e-01
9.1253754e+00 7.5689902e-01 7.9613723e-01 8.3432743e-01
9.1306306e+00 7.5994623e-01 7.9918355e-01 8.3724182e-01
9.1358859e+00 7.6306548e-01 8.0219696e-01 8.4011923e-01
9.1411411e+00 7.6609583e-01 8.0521832e-01 8.4311114e-01
9.1463964e+00 7.6906078e-01 8.0824438e-01 8.4596075e-01
9.1516517e+00 7.7205783e-01 8.1124180e-01 8.4884420e-01
9.1569069e+00 7.7502512e-01 8.1419081e-01 8.5166471e-01
9.1621622e+00 7.7801975e-01 8.1711641e-01 8.5452976e-01
9.1674174e+00 7.8102531e-01 8.2005976e-01 8.5736605e-01
9.1726727e+00 7.8400004e-01 8.2298107e-01 8.6017354e-01
9.1779279e+00 7.8700296e-01 8.2590116e-01 8.6297452e-01
9.1831832e+00 7.8996002e-01 8.2878496e-01 8.6574176e-01
9.1884384e+00 7.9283855e-01 8.3168401e-01 8.6849039e-01
9.1936937e+00 7.9576184e-01 8.3451080e-01 8.7122870e-01
9.1989489e+00 7.9862167e-01 8.3736387e-01 8.7392234e-01
9.2042042e+00 8.0156268e-01 8.4014441e-01 8.7661764e-01
9.2094595e+00 8.0440357e-01 8.4295014e-01 8.7929154e-01
9.2147147e+00 8.0727452e-01 8.4573298e-01 8.8194695e-01
9.2199700e+00 8.1006006e-01 8.4845688e-01 8.8464101e-01
9.2252252e+00 8.1291931e-01 8.5119714e-01 8.8726370e-01
9.2304805e+00 8.1576737e-01 8.5396654e-01 8.8989331e-01
9.2357357e+00 8.1857555e-01 8.5671011e-01 8.9245626e-01
9.2409910e+00 8.2130939e-01 8.5940785e-01 8.9505513e-01
9.2462462e+00 8.2411561e-01 8.6210527e-01 8.9763628e-01
9.2515015e+00 8.2684826e-01 8.6473228e-01 9.0022344e-01
9.2567568e+00 8.2952316e-01 8.6739753e-01 9.0276743e-01
9.2620120e+00 8.3223170e-01 8.7003454e-01 9.0530418e-01
9.2672673e+00 8.3488063e-01 8.7265271e-01 9.0778662e-01
9.2725225e+00 8.3748987e-01 8.7523472e-01 9.1027357e-01
9.2777778e+00 8.4018204e-01 8.7782279e-01 9.1270690e-01
9.2830330e+00 8.4277585e-01 8.8035184e-01 9.1514526e-01
9.2882883e+00 8.4540064e-01 8.8288259e-01 9.1756252e-01
9.2935435e+00 8.4796645e-01 8.8540269e-01 9.1998191e-01
9.2987988e+00 8.5044175e-01 8.8788504e-01 9.2231141e-01
9.3040541e+00 8.5293849e-01 8.9035286e-01 9.2463744e-01
9.3093093e+00 8.5543190e-01 8.9276695e-01 9.2700287e-01
9.3145646e+00 8.5789831e-01 8.9518415e-01 9.2937212e-01
9.3198198e+00 8.6035290e-01 8.9760972e-01 9.3171638e-01
9.3250751e+00 8.6282205e-01 8.9996069e-01 9.3398181e-01
9.3303303e+00 8.6516024e-01 9.0230295e-01 9.3624955e-01
9.3355856e+00 8.6753803e-01 9.0465426e-01 9.3855283e-01
9.3408408e+00 8.6993126e-01 9.0696665e-01 9.4078490e-01
9.3460961e+00 8.7222987e-01 9.0927205e-01 9.4299983e-01
9.3513514e+00 8.7452649e-01 9.1154691e-01 9.4521131e-01
9.3566066e+00 8.7673378e-01 9.1383409e-01 9.4733794e-01
9.3618619e+00 8.7898191e-01 9.1604887e-01 9.4946740e-01
9.3671171e+00 8.8116480e-01 9.1824790e-01 9.5161079e-01
9.3723724e+00 8.8331541e-01 9.2046468e-01 9.5377928e-01
9.3776276e+00 8.8548325e-01 9.2257615e-01 9.5588455e-01
9.3828829e+00 8.8761959e-01 9.2466073e-01 9.5790290e-01
9.3881381e+00 8.8966807e-01 9.2674123e-01 9.5991647e-01
9.3933934e+00 8.9177183e-01 9.2881009e-01 9.6188553e-01
9.3986486e+00 8.9379506e-01 9.3087983e-01 9.6388895e-01
9.4039039e+00 8.9584391e-01 9.3292718e-01 9.6577592e-01
9.4091592e+00 8.9787534e-01 9.3496746e-01 9.6775603e-01
9.4144144e+00 8.9987919e-01 9.3695190e-01 9.6968326e-01
9.4196697e+00 9.0181641e-01 9.3890554e-01 9.7151030e-01
9.4249249e+00 9.0373889e-01 9.4079171e-01 9.7334417e-01
9.4301802e+00 9.0563582e-01 9.4271285e-01 9.7516292e-01
9.4354354e+00 9.0755955e-01 9.4453993e-01 9.7692544e-01
9.4406907e+00 9.0936473e-01 9.4635846e-01 9.7870728e-01
9.4459459e+00 9.1120115e-01 9.4815701e-01 9.8048543e-01
9.4512012e+00 9.1298120e-01 9.4994977e-01 9.8219641e-01
9.4564565e+00 9.1465935e-01 9.5169269e-01 9.8395891e-01
9.4617117e+00 9.1632609e-01 9.5339564e-01 9.8562705e-01
9.4669670e+00 9.1800707e-01 9.5504806e-01 9.8734527e-01
9.4722222e+00 9.1962589e-01 9.5668662e-01 9.8903356e-01
9.4774775e+00 9.2118475e-01 9.5833956e-01 9.9067127e-01
9.4827327e+00 9.2277633e-01 9.5992886e-01 9.9226651e-01
9.4879880e+00 9.2430974e-01 9.6148069e-01 9.9378730e-01
9.4932432e+00 9.2581527e-01 9.6305314e-01 9.9526092e-01
9.4984985e+00 9.2734904e-01 9.6460297e-01 9.9676331e-01
9.5037538e+00 9.2873155e-01 9.6605423e-01 9.9829115e-01
9.5090090e+00 9.3017449e-01 9.6750706e-01 9.9974687e-01
9.5142643e+00 9.3159199e-01 9.6890866e-01 1.0011587e+00
9.5195195e+00 9.3289142e-01 9.7033192e-01 1.0025378e+00
9.5247748e+00 9.3410392e-01 9.7170022e-01 1.0038972e+00
9.5300300e+00 9.3544211e-01 9.7300283e-01 1.0052710e+00
9.5352853e+00 9.3677404e-01 9.7432605e-01 1.0066127e+00
9.5405405e+00 9.3800017e-01 9.7564399e-01 1.0079090e+00
9.5457958e+00 9.3919292e-01 9.7691820e-01 1.0091170e+00
9.5510511e+00 9.4032751e-01 9.7815668e-01 1.0103044e+00
9.5563063e+00 9.4145785e-01 9.7932315e-01 1.0114497e+00
9.5615616e+00 9.4259127e-01 9.8049012e-01 1.0126362e+00
9.5668168e+00 9.4364208e-01 9.8157294e-01 1.0137973e+00
9.5720721e+00 9.4460917e-01 9.8268508e-01 1.0148634e+00
9.5773273e+00 9.4557088e-01 9.8373604e-01 1.0159702e+00
9.5825826e+00 9.4650389e-01 9.8473622e-01 1.0169810e+00
9.5878378e+00 9.4740984e-01 9.8571636e-01 1.0180104e+00
9.5930931e+00 9.4833590e-01 9.8669042e-01 1.0190267e+00
9.5983483e+00 9.4914785e-01 9.8766376e-01 1.0200090e+00
9.6036036e+00 9.5001222e-01 9.8853039e-01 1.0208842e+00
9.6088589e+00 9.5082598e-01 9.8936329e-01 1.0217508e+00
9.6141141e+00 9.5163523e-01 9.9018578e-01 1.0226439e+00
9.6193694e+00 9.5234591e-01 9.9097827e-01 1.0235216e+00
9.6246246e+00 9.5304524e-01 9.9171865e-01 1.0243550e+00
9.6298799e+00 9.5366291e-01 9.9244412e-01 1.0251591e+00
9.6351351e+00 9.5434488e-01 9.9309415e-01 1.0259152e+00
9.6403904e+00 9.5492877e-01 9.9380202e-01 1.0266492e+00
9.6456456e+00 9.5544942e-01 9.9440006e-01 1.0272801e+00
9.6509009e+00 9.5598893e-01 9.9501620e-01 1.0279753e+00
9.6561562e+00 9.5652980e-01 9.9560590e-01 1.0285954e+00
9.6614114e+00 9.5702286e-01 9.9616213e-01 1.0291529e+00
9.6666667e+00 9.5747953e-01 9.9667996e-01 1.0296946e+00
9.6719219e+00 9.5788828e-01 9.9713975e-01 1.0301966e+00
9.6771772e+00 9.5827651e-01 9.9754772e-01 1.0307478e+00
9.6824324e+00 9.5850586e-01 9.9797372e-01 1.0311859e+00
9.6876877e+00 9.5878984e-01 9.9832689e-01 1.0316334e+00
9.6929429e+00 9.5897217e-01 9.9869139e-01 1.0320347e+00
9.6981982e+00 9.5914451e-01 9.9896840e-01 1.0324473e+00
9.7034535e+00 9.5929814e-01 9.9918779e-01 1.0327689e+00
9.7087087e+00 9.5939817e-01 9.9941800e-01 1.0330574e+00
9.7139640e+00 9.5950270e-01 9.9956840e-01 1.0333369e+00
9.7192192e+00 9.5966228e-01 9.9971994e-01 1.0336190e+00
9.7244745e+00 9.5974111e-01 9.9986796e-01 1.0338157e+00
9.7297297e+00 9.5976300e-01 9.9989931e-01 1.0339846e+00
9.7349850e+00 9.5968002e-01 9.9994319e-01 1.0340919e+00
9.7402402e+00 9.5959747e-01 9.9998584e-01 1.0342754e+00
9.7454955e+00 9.5947147e-01 1.0000000e+00 1.0343452e+00
9.7507508e+00 9.5930987e-01 9.9993994e-01 1.0343772e+00
9.7560060e+00 9.5914658e-01 9.9987636e-01 1.0344253e+00
9.7612613e+00 9.5889859e-01 9.9979841e-01 1.0344446e+00
9.7665165e+00 9.5864220e-01 9.9961973e-01 1.0344371e+00
9.7717718e+00 9.5838526e-01 9.9941089e-01 1.0343530e+00
9.7770270e+00 9.5804916e-01 9.9923881e-01 1.0342547e+00
9.7822823e+00 9.5767904e-01 9.9896528e-01 1.0341066e+00
9.7875375e+00 9.5728689e-01 9.9866096e-01 1.0339885e+00
9.7927928e+00 9.5684974e-01 9.9838222e-01 1.0337486e+00
9.7980480e+00 9.5637408e-01 9.9805182e-01 1.0335387e+00
9.8033033e+00 9.5584983e-01 9.9765138e-01 1.0332800e+00
9.8085586e+00 9.5536756e-01 9.9721957e-01 1.0329633e+00
9.8138138e+00 9.5474586e-01 9.9673545e-01 1.0325869e+00
9.8190691e+00 9.5413099e-01 9.9624833e-01 1.0322599e+00
9.8243243e+00 9.5347371e-01 9.9569101e-01 1.0318792e+00
9.8295796e+00 9.5279762e-01 9.9513666e-01 1.0314117e+00
9.8348348e+00 9.5206267e-01 9.9454230e-01 1.0309189e+00
9.8400901e+00 9.5130102e-01 9.9395487e-01 1.0304222e+00
9.8453453e+00 9.5052209e-01 9.9325258e-01 1.0298566e+00
9.8506006e+00 9.4972496e-01 9.9251230e-01 1.0292815e+00
9.8558559e+00 9.4895692e-01 9.9180378e-01 1.0287083e+00
9.8611111e+00 9.4805598e-01 9.9101098e-01 1.0280242e+00
9.8663664e+00 9.4713413e-01 9.9022881e-01 1.0273375e+00
9.8716216e+00 9.4616417e-01 9.8941148e-01 1.0266551e+00
9.8768769e+00 9.4517209e-01 9.8848876e-01 1.0259117e+00
9.8821321e+00 9.4413498e-01 9.8758901e-01 1.0251328e+00
9.8873874e+00 9.4309439e-01 9.8666819e-01 1.0243165e+00
9.8926426e+00 9.4198783e-01 9.8563904e-01 1.0234683e+00
9.8978979e+00 9.4083659e-01 9.8468837e-01 1.0226175e+00
9.9031532e+00 9.3966331e-01 9.8370282e-01 1.0216872e+00
9.9084084e+00 9.3841955e-01 9.8260332e-01 1.0207272e+00
9.9136637e+00 9.3726114e-01 9.8151095e-01 1.0197420e+00
9.9189189e+00 9.3596904e-01 9.8041815e-01 1.0187518e+00
9.9241742e+00 9.3467623e-01 9.7924404e-01 1.0176756e+00
9.9294294e+00 9.3335214e-01 9.7803008e-01 1.0166235e+00
9.9346847e+00 9.3206549e-01 9.7673735e-01 1.0154557e+00
9.9399399e+00 9.3073064e-01 9.7547701e-01 1.0143327e+00
9.9451952e+00 9.2930338e-01 9.7415112e-01 1.0131770e+00
9.9504505e+00 9.2782633e-01 9.7282575e-01 1.0119790e+00
9.9557057e+00 9.2626658e-01 9.7146779e-01 1.0107521e+00
9.9609610e+00 9.2476554e-01 9.7005359e-01 1.0094567e+00
9.9662162e+00 9.2327642e-01 9.6860762e-01 1.0082005e+00
9.9714715e+00 9.2162724e-01 9.6714935e-01 1.0068762e+00
9.9767267e+00 9.2001282e-01 9.6565008e-01 1.0055301e+00
9.9819820e+00 9.1841350e-01 9.6412617e-01 1.0041469e+00
9.9872372e+00 9.1674312e-01 9.6256309e-01 1.0027301e+00
9.9924925e+00 9.1500678e-01 9.6098448e-01 1.0012520e+00
9.9977477e+00 9.1331869e-01 9.5932517e-01 9.9975426e-01
1.0003003e+01 9.1156833e-01 9.5768523e-01 9.9824366e-01
1.0008258e+01 9.0983358e-01 9.5596474e-01 9.9665300e-01
1.0013514e+01 9.0800278e-01 9.5422960e-01 9.9508352e-01
1.0018769e+01 9.0612849e-01 9.5248507e-01 9.9349796e-01
1.0024024e+01 9.0425288e-01 9.5070299e-01 9.9184820e-01
1.0029279e+01 9.0237332e-01 9.4887000e-01 9.9015658e-01
1.0034535e+01 9.0042638e-01 9.4701900e-01 9.8846373e-01
1.0039790e+01 8.9842080e-01 9.4515187e-01 9.8674172e-01
1.0045045e+01 8.9642936e-01 9.4330928e-01 9.8495651e-01
1.0050300e+01 8.9443857e-01 9.4140899e-01 9.8315306e-01
1.0055556e+01 8.9238755e-01 9.3947109e-01 9.8135115e-01
1.0060811e+01 8.9029287e-01 9.3748161e-01 9.7954725e-01
1.0066066e+01 8.8826436e-01 9.3547319e-01 9.7763142e-01
1.0071321e+01 8.8612620e-01 9.3345841e-01 9.7574365e-01
1.0076577e+01 8.8401538e-01 9.3136558e-01 9.7381637e-01
1.0081832e+01 8.8186093e-01 9.2927768e-01 9.7182563e-01
1.0087087e+01 8.7965243e-01 9.2719602e-01 9.6981100e-01
1.0092342e+01 8.7744607e-01 9.2502432e-01 9.6775327e-01
1.0097598e+01 8.7526125e-01 9.2286240e-01 9.6569809e-01
1.0102853e+01 8.7292886e-01 9.2065470e-01 9.6363562e-01
1.0108108e+01 8.7059712e-01 9.1839298e-01 9.6146326e-01
1.0113363e+01 8.6828706e-01 9.1610691e-01 9.5929242e-01
1.0118619e+01 8.6595186e-01 9.1384283e-01 9.5707923e-01
1.0123874e+01 8.6358659e-01 9.1155566e-01 9.5484093e-01
1.0129129e+01 8.6118249e-01 9.0922625e-01 9.5261925e-01
1.0134384e+01 8.5875024e-01 9.0686175e-01 9.5039195e-01
1.0139640e+01 8.5630240e-01 9.0443791e-01 9.4810661e-01
1.0144895e+01 8.5392377e-01 9.0202856e-01 9.4575822e-01
1.0150150e+01 8.5138676e-01 8.9963738e-01 9.4343345e-01
1.0155405e+01 8.4891297e-01 8.9719851e-01 9.4102577e-01
1.0160661e+01 8.4637826e-01 8.9471561e-01 9.3860894e-01
1.0165916e+01 8.4379495e-01 8.9219696e-01 9.3614194e-01
1.0171171e+01 8.4117862e-01 8.8959574e-01 9.3369947e-01
1.0176426e+01 8.3849180e-01 8.8704711e-01 9.3115485e-01
1.0181682e+01 8.3587368e-01 8.8443604e-01 9.2866482e-01
1.0186937e+01 8.3323603e-01 8.8181796e-01 9.2616739e-01
1.0192192e+01 8.3053450e-01 8.7920912e-01 9.2360133e-01
1.0197447e+01 8.2783603e-01 8.7652806e-01 9.2100709e-01
1.0202703e+01 8.2518266e-01 8.7382789e-01 9.1840504e-01
1.0207958e+01 8.2245695e-01 8.7114501e-01 9.1575255e-01
1.0213213e+01 8.1974582e-01 8.6839899e-01 9.1307591e-01
1.0218468e+01 8.1696959e-01 8.6566550e-01 9.1037753e-01
1.0223724e+01 8.1415606e-01 8.6282495e-01 9.0766682e-01
1.0228979e+01 8.1142279e-01 8.6006482e-01 9.0487821e-01
1.0234234e+01 8.0855704e-01 8.5725794e-01 9.0215852e-01
1.0239489e+01 8.0576087e-01 8.5442586e-01 8.9939490e-01
1.0244745e+01 8.0289371e-01 8.5158112e-01 8.9660461e-01
1.0250000e+01 8.0003677e-01 8.4871604e-01 8.9379176e-01
