X KDE_INF KDE_MED KDE_SUP
5.0000000e+00 5.2904497e-21 3.0799766e-15 4.2664754e-14
5.0240240e+00 6.2714036e-21 3.5548802e-15 4.8959307e-14
5.0480480e+00 7.4318386e-21 4.0995397e-15 5.6132027e-14
5.0720721e+00 8.8066225e-21 4.7255337e-15 6.4396801e-14
5.0960961e+00 1.0429401e-20 5.4519258e-15 7.3818411e-14
5.1201201e+00 1.2347206e-20 6.2835160e-15 8.4577922e-14
5.1441441e+00 1.4612934e-20 7.2367546e-15 9.6808732e-14
5.1681682e+00 1.7288825e-20 8.3311545e-15 1.1081597e-13
5.1921922e+00 2.0448097e-20 9.5887578e-15 1.2678983e-13
5.2162162e+00 2.4176848e-20 1.1031717e-14 1.4504289e-13
5.2402402e+00 2.8576288e-20 1.2685815e-14 1.6594267e-13
5.2642643e+00 3.3765354e-20 1.4583978e-14 1.8979883e-13
5.2882883e+00 3.9883767e-20 1.6763133e-14 2.1692954e-13
5.3123123e+00 4.7118233e-20 1.9267727e-14 2.4819791e-13
5.3363363e+00 5.5620185e-20 2.2154285e-14 2.8376569e-13
5.3603604e+00 6.5634960e-20 2.5458371e-14 3.2411174e-13
5.3843844e+00 7.7427882e-20 2.9241859e-14 3.7003313e-13
5.4084084e+00 9.1310117e-20 3.3583944e-14 4.2240035e-13
5.4324324e+00 1.0764647e-19 3.8578041e-14 4.8215895e-13
5.4564565e+00 1.2686448e-19 4.4269262e-14 5.5032494e-13
5.4804805e+00 1.4950003e-19 5.0768501e-14 6.2707902e-13
5.5045045e+00 1.7607594e-19 5.8212924e-14 7.1474823e-13
5.5285285e+00 2.0730899e-19 6.6692593e-14 8.1399325e-13
5.5525526e+00 2.4400324e-19 7.6449847e-14 9.2760085e-13
5.5765766e+00 2.8709950e-19 8.7630095e-14 1.0560927e-12
5.6006006e+00 3.3773934e-19 1.0031067e-13 1.2026155e-12
5.6246246e+00 3.9719710e-19 1.1477295e-13 1.3690221e-12
5.6486486e+00 4.6689660e-19 1.3135208e-13 1.5567219e-12
5.6726727e+00 5.4864917e-19 1.5027453e-13 1.7690135e-12
5.6966967e+00 6.4450769e-19 1.7181336e-13 2.0119811e-12
5.7207207e+00 7.5686923e-19 1.9629341e-13 2.2866920e-12
5.7447447e+00 8.8853175e-19 2.2418878e-13 2.5963079e-12
5.7687688e+00 1.0427601e-18 2.5614164e-13 2.9507241e-12
5.7927928e+00 1.2233628e-18 2.9247870e-13 3.3541577e-12
5.8168168e+00 1.4347805e-18 3.3411726e-13 3.8089910e-12
5.8408408e+00 1.6821899e-18 3.8131634e-13 4.3197681e-12
5.8648649e+00 1.9716233e-18 4.3484909e-13 4.8985797e-12
5.8888889e+00 2.3109413e-18 4.9608882e-13 5.5526602e-12
5.9129129e+00 2.7070738e-18 5.6550101e-13 6.2918244e-12
5.9369369e+00 3.1697623e-18 6.4518939e-13 7.1250978e-12
5.9609610e+00 3.7103309e-18 7.3499054e-13 8.0689090e-12
5.9849850e+00 4.3416815e-18 8.3771233e-13 9.1341483e-12
6.0090090e+00 5.0793661e-18 9.5337612e-13 1.0346090e-11
6.0330330e+00 5.9398176e-18 1.0859441e-12 1.1716525e-11
6.0570571e+00 6.9437817e-18 1.2356988e-12 1.3243902e-11
6.0810811e+00 8.1148104e-18 1.4063426e-12 1.4967129e-11
6.1051051e+00 9.4802556e-18 1.6012186e-12 1.6919801e-11
6.1291291e+00 1.1071872e-17 1.8206949e-12 1.9135243e-11
6.1531532e+00 1.2926515e-17 2.0713389e-12 2.1619606e-11
6.1771772e+00 1.5086942e-17 2.3521564e-12 2.4407200e-11
6.2012012e+00 1.7602742e-17 2.6713332e-12 2.7558604e-11
6.2252252e+00 2.0550309e-17 3.0330436e-12 3.1113464e-11
6.2492492e+00 2.3961642e-17 3.4410071e-12 3.5142441e-11
6.2732733e+00 2.7930207e-17 3.9046982e-12 3.9635259e-11
6.2972973e+00 3.2545513e-17 4.4290769e-12 4.4675945e-11
6.3213213e+00 3.7911194e-17 5.0226145e-12 5.0326850e-11
6.3453453e+00 4.4147203e-17 5.6974000e-12 5.6671461e-11
6.3693694e+00 5.1392328e-17 6.4539860e-12 6.3807332e-11
6.3933934e+00 5.9806916e-17 7.3143386e-12 7.1830423e-11
6.4174174e+00 6.9576708e-17 8.2953875e-12 8.0925288e-11
6.4414414e+00 8.0916243e-17 9.3957560e-12 9.1145519e-11
6.4654655e+00 9.4073413e-17 1.0642458e-11 1.0263939e-10
6.4894895e+00 1.0933456e-16 1.2046237e-11 1.1546785e-10
6.5135135e+00 1.2703031e-16 1.3623869e-11 1.2971208e-10
6.5375375e+00 1.4754233e-16 1.5406318e-11 1.4583867e-10
6.5615616e+00 1.7131100e-16 1.7403112e-11 1.6377103e-10
6.5855856e+00 1.9884434e-16 1.9663906e-11 1.8394225e-10
6.6096096e+00 2.3072815e-16 2.2225465e-11 2.0650622e-10
6.6336336e+00 2.6763769e-16 2.5113980e-11 2.3198288e-10
6.6576577e+00 3.1041378e-16 2.8332971e-11 2.6047525e-10
6.6816817e+00 3.5984037e-16 3.1977190e-11 2.9219552e-10
6.7057057e+00 4.1699934e-16 3.6072151e-11 3.2760492e-10
6.7297297e+00 4.8308130e-16 4.0668746e-11 3.6693964e-10
6.7537538e+00 5.5945410e-16 4.5871267e-11 4.1121491e-10
6.7777778e+00 6.4769131e-16 5.1692990e-11 4.6068815e-10
6.8018018e+00 7.4961963e-16 5.8206022e-11 5.1632592e-10
6.8258258e+00 8.6755715e-16 6.5524207e-11 5.7841227e-10
6.8498498e+00 1.0035015e-15 7.3780478e-11 6.4792387e-10
6.8738739e+00 1.1602694e-15 8.3068621e-11 7.2541880e-10
6.8978979e+00 1.3410934e-15 9.3547423e-11 8.1118453e-10
6.9219219e+00 1.5495964e-15 1.0518134e-10 9.0673990e-10
6.9459459e+00 1.7899362e-15 1.1824212e-10 1.0142624e-09
6.9699700e+00 2.0668829e-15 1.3288132e-10 1.1335283e-09
6.9939940e+00 2.3859074e-15 1.4922065e-10 1.2668212e-09
7.0180180e+00 2.7532819e-15 1.6755653e-10 1.4153006e-09
7.0420420e+00 3.1761951e-15 1.8811718e-10 1.5799622e-09
7.0660661e+00 3.6628828e-15 2.1108287e-10 1.7636901e-09
7.0900901e+00 4.2236903e-15 2.3687994e-10 1.9686667e-09
7.1141141e+00 4.8699095e-15 2.6577837e-10 2.1969062e-09
7.1381381e+00 5.6106789e-15 2.9823637e-10 2.4520617e-09
7.1621622e+00 6.4620355e-15 3.3435936e-10 2.7325952e-09
7.1861862e+00 7.4401668e-15 3.7475806e-10 3.0473069e-09
7.2102102e+00 8.5635809e-15 4.1981586e-10 3.3961703e-09
7.2342342e+00 9.8565643e-15 4.7033252e-10 3.7843521e-09
7.2582583e+00 1.1337455e-14 5.2698564e-10 4.2091691e-09
7.2822823e+00 1.3036620e-14 5.8988052e-10 4.6844938e-09
7.3063063e+00 1.4985588e-14 6.5982324e-10 5.2132347e-09
7.3303303e+00 1.7220351e-14 7.3836901e-10 5.8013509e-09
7.3543544e+00 1.9781971e-14 8.2637848e-10 6.4448845e-09
7.3783784e+00 2.2717291e-14 9.2439697e-10 7.1619376e-09
7.4024024e+00 2.6079718e-14 1.0323398e-09 7.9573857e-09
7.4264264e+00 2.9930133e-14 1.1533254e-09 8.8438574e-09
7.4504505e+00 3.4337904e-14 1.2873403e-09 9.8189470e-09
7.4744745e+00 3.9382049e-14 1.4361955e-09 1.0905825e-08
7.4984985e+00 4.5152545e-14 1.6033569e-09 1.2100177e-08
7.5225225e+00 5.1751811e-14 1.7885229e-09 1.3420140e-08
7.5465465e+00 5.9296391e-14 1.9945941e-09 1.4883663e-08
7.5705706e+00 6.7918668e-14 2.2240034e-09 1.6515092e-08
7.5945946e+00 7.7769480e-14 2.4808532e-09 1.8303513e-08
7.6186186e+00 8.9020206e-14 2.7644824e-09 2.0295783e-08
7.6426426e+00 1.0186556e-13 3.0810609e-09 2.2503418e-08
7.6666667e+00 1.1652672e-13 3.4310416e-09 2.4921340e-08
7.6906907e+00 1.3325485e-13 3.8210822e-09 2.7594079e-08
7.7147147e+00 1.5233507e-13 4.2541599e-09 3.0535700e-08
7.7387387e+00 1.7409094e-13 4.7296783e-09 3.3746062e-08
7.7627628e+00 1.9888947e-13 5.2617863e-09 3.7291368e-08
7.7867868e+00 2.2714689e-13 5.8497592e-09 4.1234399e-08
7.8108108e+00 2.5933502e-13 6.5017022e-09 4.5551980e-08
7.8348348e+00 2.9598855e-13 7.2200849e-09 5.0314745e-08
7.8588589e+00 3.3771320e-13 8.0152910e-09 5.5530857e-08
7.8828829e+00 3.8519490e-13 8.8955596e-09 6.1284813e-08
7.9069069e+00 4.3921017e-13 9.8738602e-09 6.7776391e-08
7.9309309e+00 5.0063779e-13 1.0960840e-08 7.4738544e-08
7.9549550e+00 5.7047319e-13 1.2154752e-08 8.2590037e-08
7.9789790e+00 6.4984429e-13 1.3483402e-08 9.1041906e-08
8.0030030e+00 7.4001891e-13 1.4947104e-08 1.0036159e-07
8.0270270e+00 8.4243378e-13 1.6550753e-08 1.1062946e-07
8.0510511e+00 9.5871203e-13 1.8321135e-08 1.2191512e-07
8.0750751e+00 1.0907269e-12 2.0286883e-08 1.3424108e-07
8.0990991e+00 1.2404664e-12 2.2450783e-08 1.4769512e-07
8.1231231e+00 1.4103062e-12 2.4838138e-08 1.6250360e-07
8.1471471e+00 1.6028808e-12 2.7460011e-08 1.7878994e-07
8.1711712e+00 1.8211715e-12 3.0366260e-08 1.9672944e-07
8.1951952e+00 2.0685231e-12 3.3560221e-08 2.1635671e-07
8.2192192e+00 2.3487100e-12 3.7083067e-08 2.3787608e-07
8.2432432e+00 2.6659860e-12 4.0989203e-08 2.6148454e-07
8.2672673e+00 3.0251095e-12 4.5274737e-08 2.8719582e-07
8.2912913e+00 3.4314848e-12 4.9996011e-08 3.1492866e-07
8.3153153e+00 3.8911899e-12 5.5170854e-08 3.4539092e-07
8.3393393e+00 4.4110517e-12 6.0869228e-08 3.7875329e-07
8.3633634e+00 4.9987478e-12 6.7150283e-08 4.1597393e-07
8.3873874e+00 5.6629171e-12 7.4029819e-08 4.5638206e-07
8.4114114e+00 6.4132819e-12 8.1566457e-08 5.0047485e-07
8.4354354e+00 7.2607229e-12 8.9866255e-08 5.4830393e-07
8.4594595e+00 8.2174828e-12 9.9015465e-08 6.0060055e-07
8.4834835e+00 9.2973066e-12 1.0899076e-07 6.5769303e-07
8.5075075e+00 1.0515621e-11 1.1995534e-07 7.1969067e-07
8.5315315e+00 1.1889733e-11 1.3198892e-07 7.8718731e-07
8.5555556e+00 1.3439053e-11 1.4519953e-07 8.6142141e-07
8.5795796e+00 1.5185345e-11 1.5977162e-07 9.4240917e-07
8.6036036e+00 1.7153000e-11 1.7559483e-07 1.0302201e-06
8.6276276e+00 1.9369344e-11 1.9301477e-07 1.1264527e-06
8.6516517e+00 2.1864984e-11 2.1201794e-07 1.2321276e-06
8.6756757e+00 2.4674185e-11 2.3275414e-07 1.3464575e-06
8.6996997e+00 2.7835300e-11 2.5570780e-07 1.4706313e-06
8.7237237e+00 3.1391236e-11 2.8059115e-07 1.6065731e-06
8.7477477e+00 3.5389981e-11 3.0784382e-07 1.7529350e-06
8.7717718e+00 3.9885192e-11 3.3749229e-07 1.9132461e-06
8.7957958e+00 4.4936832e-11 3.7006133e-07 2.0865360e-06
8.8198198e+00 5.0611901e-11 4.0578062e-07 2.2738564e-06
8.8438438e+00 5.6985226e-11 4.4529871e-07 2.4779933e-06
8.8678679e+00 6.4140035e-11 4.8770988e-07 2.7003325e-06
8.8918919e+00 7.2169471e-11 5.3445940e-07 2.9433555e-06
8.9159159e+00 8.1177789e-11 5.8521596e-07 3.2048077e-06
8.9399399e+00 9.1280975e-11 6.4009984e-07 3.4878319e-06
8.9639640e+00 1.0260835e-10 6.9982394e-07 3.7958675e-06
8.9879880e+00 1.1530402e-10 7.6527849e-07 4.1248219e-06
9.0120120e+00 1.2952858e-10 8.3688148e-07 4.4859133e-06
9.0360360e+00 1.4546084e-10 9.1410681e-07 4.8805047e-06
9.0600601e+00 1.6329992e-10 9.9859688e-07 5.3011976e-06
9.0840841e+00 1.8326738e-10 1.0904524e-06 5.7594920e-06
9.1081081e+00 2.0560978e-10 1.1900170e-06 6.2555993e-06
9.1321321e+00 2.3060128e-10 1.2985583e-06 6.7911410e-06
9.1561562e+00 2.5854671e-10 1.4160420e-06 7.3727137e-06
9.1801802e+00 2.8978503e-10 1.5441394e-06 8.0045357e-06
9.2042042e+00 3.2469409e-10 1.6835865e-06 8.6841089e-06
9.2282282e+00 3.6369149e-10 1.8352813e-06 9.4205192e-06
9.2522523e+00 4.0724120e-10 2.0000052e-06 1.0203920e-05
9.2762763e+00 4.5586496e-10 2.1800530e-06 1.1061293e-05
9.3003003e+00 5.1014184e-10 2.3744010e-06 1.1987724e-05
9.3243243e+00 5.7069940e-10 2.5849714e-06 1.2979844e-05
9.3483483e+00 6.3823941e-10 2.8143876e-06 1.4045989e-05
9.3723724e+00 7.1353429e-10 3.0615347e-06 1.5207151e-05
9.3963964e+00 7.9742197e-10 3.3307201e-06 1.6456089e-05
9.4204204e+00 8.9088357e-10 3.6205392e-06 1.7779854e-05
9.4444444e+00 9.9498134e-10 3.9393541e-06 1.9216527e-05
9.4684685e+00 1.1109106e-09 4.2784310e-06 2.0760787e-05
9.4924925e+00 1.2400116e-09 4.6453215e-06 2.2428211e-05
9.5165165e+00 1.3835758e-09 5.0467142e-06 2.4226951e-05
9.5405405e+00 1.5432686e-09 5.4788204e-06 2.6135134e-05
9.5645646e+00 1.7208599e-09 5.9421775e-06 2.8199403e-05
9.5885886e+00 1.9182676e-09 6.4489902e-06 3.0414281e-05
9.6126126e+00 2.1376299e-09 6.9923233e-06 3.2825569e-05
9.6366366e+00 2.3813077e-09 7.5761850e-06 3.5427400e-05
9.6606607e+00 2.6519063e-09 8.2098006e-06 3.8206400e-05
9.6846847e+00 2.9523003e-09 8.8958443e-06 4.1173878e-05
9.7087087e+00 3.2856384e-09 9.6337907e-06 4.4359272e-05
9.7327327e+00 3.6552940e-09 1.0428488e-05 4.7767635e-05
9.7567568e+00 4.0652218e-09 1.1295597e-05 5.1488019e-05
9.7807808e+00 4.5196580e-09 1.2233008e-05 5.5405183e-05
9.8048048e+00 5.0232673e-09 1.3226448e-05 5.9626561e-05
9.8288288e+00 5.5811847e-09 1.4304197e-05 6.4138850e-05
9.8528529e+00 6.1990608e-09 1.5459724e-05 6.8913414e-05
9.8768769e+00 6.8831112e-09 1.6733597e-05 7.4107109e-05
9.9009009e+00 7.6402011e-09 1.8084491e-05 7.9701012e-05
9.9249249e+00 8.4779391e-09 1.9515376e-05 8.5618695e-05
9.9489489e+00 9.4044916e-09 2.1053303e-05 9.1930794e-05
9.9729730e+00 1.0428933e-08 2.2738833e-05 9.8784274e-05
9.9969970e+00 1.1561228e-08 2.4535572e-05 1.0597448e-04
1.0021021e+01 1.2812314e-08 2.6469432e-05 1.1363423e-04
1.0045045e+01 1.4194194e-08 2.8526855e-05 1.2183433e-04
1.0069069e+01 1.5720033e-08 3.0763356e-05 1.3059432e-04
1.0093093e+01 1.7404265e-08 3.3132087e-05 1.3995170e-04
1.0117117e+01 1.9262714e-08 3.5694065e-05 1.5006351e-04
1.0141141e+01 2.1312717e-08 3.8442566e-05 1.6078730e-04
1.0165165e+01 2.3573264e-08 4.1389432e-05 1.7203765e-04
1.0189189e+01 2.6065148e-08 4.4524111e-05 1.8414091e-04
1.0213213e+01 2.8811125e-08 4.7892012e-05 1.9697050e-04
1.0237237e+01 3.1836500e-08 5.1530512e-05 2.1077338e-04
1.0261261e+01 3.5168388e-08 5.5378919e-05 2.2535284e-04
1.0285285e+01 3.8836430e-08 5.9550424e-05 2.4106745e-04
1.0309309e+01 4.2873197e-08 6.4017540e-05 2.5803632e-04
1.0333333e+01 4.7314270e-08 6.8724458e-05 2.7590228e-04
1.0357357e+01 5.2201774e-08 7.3759297e-05 2.9465799e-04
1.0381381e+01 5.7582829e-08 7.9183773e-05 3.1454914e-04
1.0405405e+01 6.3483938e-08 8.4945216e-05 3.3550021e-04
1.0429429e+01 6.9973129e-08 9.1193935e-05 3.5810168e-04
1.0453453e+01 7.7099090e-08 9.7767444e-05 3.8176575e-04
1.0477477e+01 8.4927138e-08 1.0474694e-04 4.0687375e-04
1.0501502e+01 9.3519906e-08 1.1216960e-04 4.3390119e-04
1.0525526e+01 1.0293632e-07 1.2013575e-04 4.6242510e-04
1.0549550e+01 1.1326307e-07 1.2866158e-04 4.9268834e-04
1.0573574e+01 1.2458547e-07 1.3771937e-04 5.2437468e-04
1.0597598e+01 1.3699538e-07 1.4739357e-04 5.5795532e-04
1.0621622e+01 1.5059266e-07 1.5761532e-04 5.9410279e-04
1.0645646e+01 1.6548595e-07 1.6850175e-04 6.3218113e-04
1.0669670e+01 1.8179329e-07 1.8020624e-04 6.7270216e-04
1.0693694e+01 1.9964595e-07 1.9269601e-04 7.1516255e-04
1.0717718e+01 2.1918394e-07 2.0589499e-04 7.6007812e-04
1.0741742e+01 2.4055622e-07 2.1984599e-04 8.0719456e-04
1.0765766e+01 2.6392715e-07 2.3482358e-04 8.5623374e-04
1.0789790e+01 2.8947613e-07 2.5063965e-04 9.0916152e-04
1.0813814e+01 3.1741228e-07 2.6758480e-04 9.6545482e-04
1.0837838e+01 3.4797442e-07 2.8538276e-04 1.0244378e-03
1.0861862e+01 3.8135698e-07 3.0451163e-04 1.0867644e-03
1.0885886e+01 4.1775255e-07 3.2458935e-04 1.1521535e-03
1.0909910e+01 4.5745344e-07 3.4561146e-04 1.2211321e-03
1.0933934e+01 5.0076551e-07 3.6841952e-04 1.2939773e-03
1.0957958e+01 5.4802581e-07 3.9247997e-04 1.3709130e-03
1.0981982e+01 5.9960819e-07 4.1790798e-04 1.4520334e-03
1.1006006e+01 6.5586114e-07 4.4489873e-04 1.5370154e-03
1.1030030e+01 7.1699816e-07 4.7355323e-04 1.6272935e-03
1.1054054e+01 7.8358051e-07 5.0361931e-04 1.7218636e-03
1.1078078e+01 8.5606876e-07 5.3574681e-04 1.8210692e-03
1.1102102e+01 9.3503227e-07 5.6981236e-04 1.9255927e-03
1.1126126e+01 1.0211923e-06 6.0541605e-04 2.0361680e-03
1.1150150e+01 1.1148026e-06 6.4269248e-04 2.1511669e-03
1.1174174e+01 1.2163721e-06 6.8291888e-04 2.2721972e-03
1.1198198e+01 1.3267664e-06 7.2447570e-04 2.3997195e-03
1.1222222e+01 1.4467428e-06 7.6886739e-04 2.5348035e-03
1.1246246e+01 1.5772141e-06 8.1568241e-04 2.6739198e-03
1.1270270e+01 1.7189454e-06 8.6502471e-04 2.8231606e-03
1.1294294e+01 1.8728118e-06 9.1696358e-04 2.9792193e-03
1.1318318e+01 2.0396373e-06 9.7163241e-04 3.1403791e-03
1.1342342e+01 2.2207619e-06 1.0288090e-03 3.3077964e-03
1.1366366e+01 2.4170801e-06 1.0890869e-03 3.4857525e-03
1.1390390e+01 2.6295501e-06 1.1539360e-03 3.6658986e-03
1.1414414e+01 2.8597989e-06 1.2210048e-03 3.8614138e-03
1.1438438e+01 3.1096224e-06 1.2933876e-03 4.0616050e-03
1.1462462e+01 3.3797712e-06 1.3677954e-03 4.2763220e-03
1.1486486e+01 3.6721810e-06 1.4453520e-03 4.4973640e-03
1.1510511e+01 3.9894774e-06 1.5283986e-03 4.7316281e-03
1.1534535e+01 4.3319405e-06 1.6143732e-03 4.9777149e-03
1.1558559e+01 4.7023489e-06 1.7046292e-03 5.2312135e-03
1.1582583e+01 5.1035940e-06 1.8008285e-03 5.4968558e-03
1.1606607e+01 5.5368763e-06 1.9014701e-03 5.7706011e-03
1.1630631e+01 6.0043094e-06 2.0059280e-03 6.0553917e-03
1.1654655e+01 6.5091008e-06 2.1154595e-03 6.3553571e-03
1.1678679e+01 7.0553901e-06 2.2303112e-03 6.6745050e-03
1.1702703e+01 7.6445300e-06 2.3522070e-03 7.0010349e-03
1.1726727e+01 8.2797881e-06 2.4803523e-03 7.3410223e-03
1.1750751e+01 8.9648857e-06 2.6134057e-03 7.6947660e-03
1.1774775e+01 9.7035316e-06 2.7533522e-03 8.0699309e-03
1.1798799e+01 1.0499531e-05 2.8968232e-03 8.4470663e-03
1.1822823e+01 1.1357169e-05 3.0483941e-03 8.8395846e-03
1.1846847e+01 1.2280905e-05 3.2050760e-03 9.2446631e-03
1.1870871e+01 1.3275812e-05 3.3696558e-03 9.6672866e-03
1.1894895e+01 1.4348518e-05 3.5431051e-03 1.0104166e-02
1.1918919e+01 1.5502677e-05 3.7221424e-03 1.0578415e-02
1.1942943e+01 1.6743917e-05 3.9093148e-03 1.1057254e-02
1.1966967e+01 1.8077179e-05 4.1060205e-03 1.1555594e-02
1.1990991e+01 1.9513367e-05 4.3116795e-03 1.2084713e-02
1.2015015e+01 2.1054526e-05 4.5236106e-03 1.2629282e-02
1.2039039e+01 2.2709276e-05 4.7468197e-03 1.3187412e-02
1.2063063e+01 2.4489910e-05 4.9790162e-03 1.3761552e-02
1.2087087e+01 2.6397621e-05 5.2246766e-03 1.4367009e-02
1.2111111e+01 2.8443542e-05 5.4764082e-03 1.4999716e-02
1.2135135e+01 3.0638732e-05 5.7355953e-03 1.5634894e-02
1.2159159e+01 3.2988306e-05 6.0069322e-03 1.6321148e-02
1.2183183e+01 3.5516144e-05 6.2903669e-03 1.7006335e-02
1.2207207e+01 3.8229919e-05 6.5825737e-03 1.7710242e-02
1.2231231e+01 4.1137291e-05 6.8888346e-03 1.8444777e-02
1.2255255e+01 4.4243566e-05 7.2061012e-03 1.9212785e-02
1.2279279e+01 4.7573896e-05 7.5325724e-03 2.0022262e-02
1.2303303e+01 5.1138614e-05 7.8792546e-03 2.0840652e-02
1.2327327e+01 5.4952672e-05 8.2352446e-03 2.1686701e-02
1.2351351e+01 5.9021051e-05 8.6091281e-03 2.2556060e-02
1.2375375e+01 6.3373558e-05 8.9902527e-03 2.3441158e-02
1.2399399e+01 6.8027521e-05 9.3869721e-03 2.4376094e-02
1.2423423e+01 7.2989667e-05 9.7986684e-03 2.5323600e-02
1.2447447e+01 7.8286504e-05 1.0228423e-02 2.6305638e-02
1.2471471e+01 8.3944349e-05 1.0673111e-02 2.7299920e-02
1.2495495e+01 8.9983704e-05 1.1128288e-02 2.8336834e-02
1.2519520e+01 9.6426375e-05 1.1596720e-02 2.9400695e-02
1.2543544e+01 1.0329852e-04 1.2089204e-02 3.0528467e-02
1.2567568e+01 1.1063700e-04 1.2594721e-02 3.1665766e-02
1.2591592e+01 1.1846195e-04 1.3112824e-02 3.2813302e-02
1.2615616e+01 1.2678124e-04 1.3661451e-02 3.3995075e-02
1.2639640e+01 1.3569476e-04 1.4215973e-02 3.5249903e-02
1.2663664e+01 1.4516862e-04 1.4793825e-02 3.6501952e-02
1.2687688e+01 1.5519237e-04 1.5389307e-02 3.7780300e-02
1.2711712e+01 1.6591735e-04 1.6002795e-02 3.9100484e-02
1.2735736e+01 1.7727123e-04 1.6629752e-02 4.0487003e-02
1.2759760e+01 1.8935655e-04 1.7277284e-02 4.1926331e-02
1.2783784e+01 2.0218605e-04 1.7951142e-02 4.3383123e-02
1.2807808e+01 2.1583213e-04 1.8634200e-02 4.4832808e-02
1.2831832e+01 2.3031099e-04 1.9336747e-02 4.6359497e-02
1.2855856e+01 2.4577620e-04 2.0059961e-02 4.7927206e-02
1.2879880e+01 2.6212502e-04 2.0807202e-02 4.9574634e-02
1.2903904e+01 2.7946297e-04 2.1574482e-02 5.1185423e-02
1.2927928e+01 2.9779910e-04 2.2368233e-02 5.2900488e-02
1.2951952e+01 3.1733594e-04 2.3182186e-02 5.4534615e-02
1.2975976e+01 3.3797482e-04 2.4021481e-02 5.6311680e-02
1.3000000e+01 3.5985357e-04 2.4884751e-02 5.8079452e-02
1.3024024e+01 3.8315130e-04 2.5766267e-02 5.9938241e-02
1.3048048e+01 4.0771818e-04 2.6690774e-02 6.1785037e-02
1.3072072e+01 4.3358763e-04 2.7611899e-02 6.3695267e-02
1.3096096e+01 4.6108846e-04 2.8576572e-02 6.5633091e-02
1.3120120e+01 4.9012199e-04 2.9558183e-02 6.7654493e-02
1.3144144e+01 5.2091441e-04 3.0560265e-02 6.9732862e-02
1.3168168e+01 5.5362087e-04 3.1567160e-02 7.1841011e-02
1.3192192e+01 5.8810805e-04 3.2607813e-02 7.3958245e-02
1.3216216e+01 6.2452974e-04 3.3673594e-02 7.6156163e-02
1.3240240e+01 6.6291521e-04 3.4741502e-02 7.8372775e-02
1.3264264e+01 7.0343014e-04 3.5858098e-02 8.0598188e-02
1.3288288e+01 7.4616635e-04 3.6993959e-02 8.2921821e-02
1.3312312e+01 7.9120123e-04 3.8142780e-02 8.5203759e-02
1.3336336e+01 8.3879473e-04 3.9317282e-02 8.7548619e-02
1.3360360e+01 8.8903737e-04 4.0534959e-02 8.9992243e-02
1.3384384e+01 9.4170962e-04 4.1758791e-02 9.2456886e-02
1.3408408e+01 9.9764086e-04 4.2993809e-02 9.4947825e-02
1.3432432e+01 1.0562542e-03 4.4274557e-02 9.7501214e-02
1.3456456e+01 1.1178768e-03 4.5569551e-02 1.0017608e-01
1.3480480e+01 1.1827466e-03 4.6886689e-02 1.0282403e-01
1.3504505e+01 1.2510221e-03 4.8244852e-02 1.0554137e-01
1.3528529e+01 1.3226091e-03 4.9638265e-02 1.0837883e-01
1.3552553e+01 1.3975138e-03 5.1021262e-02 1.1112832e-01
1.3576577e+01 1.4770523e-03 5.2428720e-02 1.1403700e-01
1.3600601e+01 1.5608240e-03 5.3896913e-02 1.1694753e-01
1.3624625e+01 1.6481880e-03 5.5367663e-02 1.1986693e-01
1.3648649e+01 1.7402251e-03 5.6847853e-02 1.2283123e-01
1.3672673e+01 1.8363665e-03 5.8335584e-02 1.2586501e-01
1.3696697e+01 1.9375880e-03 5.9871358e-02 1.2880691e-01
1.3720721e+01 2.0432879e-03 6.1419000e-02 1.3183688e-01
1.3744745e+01 2.1543927e-03 6.2991644e-02 1.3492180e-01
1.3768769e+01 2.2706217e-03 6.4569193e-02 1.3805731e-01
1.3792793e+01 2.3929329e-03 6.6138328e-02 1.4132982e-01
1.3816817e+01 2.5212195e-03 6.7737649e-02 1.4455979e-01
1.3840841e+01 2.6549289e-03 6.9362372e-02 1.4778633e-01
1.3864865e+01 2.7949185e-03 7.1012725e-02 1.5106822e-01
1.3888889e+01 2.9411554e-03 7.2707341e-02 1.5448224e-01
1.3912913e+01 3.0948378e-03 7.4405840e-02 1.5793640e-01
1.3936937e+01 3.2545178e-03 7.6109861e-02 1.6125660e-01
1.3960961e+01 3.4221912e-03 7.7862459e-02 1.6464703e-01
1.3984985e+01 3.5980209e-03 7.9626806e-02 1.6799822e-01
1.4009009e+01 3.7798757e-03 8.1386322e-02 1.7143562e-01
1.4033033e+01 3.9697737e-03 8.3139195e-02 1.7488704e-01
1.4057057e+01 4.1680038e-03 8.4872895e-02 1.7845920e-01
1.4081081e+01 4.3753793e-03 8.6674259e-02 1.8189378e-01
1.4105105e+01 4.5909277e-03 8.8479898e-02 1.8540398e-01
1.4129129e+01 4.8164216e-03 9.0275989e-02 1.8880407e-01
1.4153153e+01 5.0506731e-03 9.2109989e-02 1.9219922e-01
1.4177177e+01 5.2960408e-03 9.3943238e-02 1.9570750e-01
1.4201201e+01 5.5484399e-03 9.5746755e-02 1.9918589e-01
1.4225225e+01 5.8130991e-03 9.7560435e-02 2.0269068e-01
1.4249249e+01 6.0905153e-03 9.9364674e-02 2.0606313e-01
1.4273273e+01 6.3790850e-03 1.0122479e-01 2.0954808e-01
1.4297297e+01 6.6757034e-03 1.0303431e-01 2.1302347e-01
1.4321321e+01 6.9876715e-03 1.0483866e-01 2.1635506e-01
1.4345345e+01 7.3067222e-03 1.0666996e-01 2.1975192e-01
1.4369369e+01 7.6403815e-03 1.0850398e-01 2.2313191e-01
1.4393393e+01 7.9882432e-03 1.1032747e-01 2.2644436e-01
1.4417417e+01 8.3468778e-03 1.1213610e-01 2.2987353e-01
1.4441441e+01 8.7248006e-03 1.1389928e-01 2.3319522e-01
1.4465465e+01 9.1159599e-03 1.1567447e-01 2.3653163e-01
1.4489489e+01 9.5144940e-03 1.1742795e-01 2.3968447e-01
1.4513514e+01 9.9318279e-03 1.1924805e-01 2.4300875e-01
1.4537538e+01 1.0363663e-02 1.2107991e-01 2.4611330e-01
1.4561562e+01 1.0809855e-02 1.2287229e-01 2.4909832e-01
1.4585586e+01 1.1273753e-02 1.2462020e-01 2.5216689e-01
1.4609610e+01 1.1753582e-02 1.2635566e-01 2.5516084e-01
1.4633634e+01 1.2248314e-02 1.2807818e-01 2.5807254e-01
1.4657658e+01 1.2761521e-02 1.2971316e-01 2.6104410e-01
1.4681682e+01 1.3288522e-02 1.3131902e-01 2.6390269e-01
1.4705706e+01 1.3833114e-02 1.3288874e-01 2.6677978e-01
1.4729730e+01 1.4403316e-02 1.3440246e-01 2.6959240e-01
1.4753754e+01 1.4989015e-02 1.3591163e-01 2.7217179e-01
1.4777778e+01 1.5592639e-02 1.3733917e-01 2.7485667e-01
1.4801802e+01 1.6210320e-02 1.3872912e-01 2.7751946e-01
1.4825826e+01 1.6857262e-02 1.4012627e-01 2.7982571e-01
1.4849850e+01 1.7519448e-02 1.4141677e-01 2.8214124e-01
1.4873874e+01 1.8199083e-02 1.4257825e-01 2.8430162e-01
1.4897898e+01 1.8899254e-02 1.4358372e-01 2.8641675e-01
1.4921922e+01 1.9623479e-02 1.4453729e-01 2.8832291e-01
1.4945946e+01 2.0367283e-02 1.4506942e-01 2.8972412e-01
1.4969970e+01 2.1139075e-02 1.4583318e-01 2.9092650e-01
1.4993994e+01 2.1931777e-02 1.4634764e-01 2.9220028e-01
1.5018018e+01 2.2743673e-02 1.4694125e-01 2.9437066e-01
1.5042042e+01 2.3572410e-02 1.4783597e-01 2.9684252e-01
1.5066066e+01 2.4422650e-02 1.4854701e-01 2.9947758e-01
1.5090090e+01 2.5299722e-02 1.4949117e-01 3.0208087e-01
1.5114114e+01 2.6199611e-02 1.5085805e-01 3.0456659e-01
1.5138138e+01 2.7111901e-02 1.5260781e-01 3.0692095e-01
1.5162162e+01 2.8057741e-02 1.5465600e-01 3.0908381e-01
1.5186186e+01 2.9027400e-02 1.5654720e-01 3.1098989e-01
1.5210210e+01 3.0025736e-02 1.5863876e-01 3.1277676e-01
1.5234234e+01 3.1041534e-02 1.6046641e-01 3.1419963e-01
1.5258258e+01 3.2088669e-02 1.6254667e-01 3.1588364e-01
1.5282282e+01 3.3150369e-02 1.6443882e-01 3.1757622e-01
1.5306306e+01 3.4247482e-02 1.6618910e-01 3.1894255e-01
1.5330330e+01 3.5368561e-02 1.6796915e-01 3.2038843e-01
1.5354354e+01 3.6531222e-02 1.6942566e-01 3.2186012e-01
1.5378378e+01 3.7707157e-02 1.7095761e-01 3.2310597e-01
1.5402402e+01 3.8888241e-02 1.7247411e-01 3.2441953e-01
1.5426426e+01 4.0134751e-02 1.7387490e-01 3.2557004e-01
1.5450450e+01 4.1373846e-02 1.7528173e-01 3.2664187e-01
1.5474474e+01 4.2639935e-02 1.7671995e-01 3.2794760e-01
1.5498498e+01 4.3932098e-02 1.7803696e-01 3.2900256e-01
1.5522523e+01 4.5260843e-02 1.7924034e-01 3.3018148e-01
1.5546547e+01 4.6608393e-02 1.8044517e-01 3.3149325e-01
1.5570571e+01 4.7999000e-02 1.8147118e-01 3.3249562e-01
1.5594595e+01 4.9389694e-02 1.8230652e-01 3.3374489e-01
1.5618619e+01 5.0815728e-02 1.8310300e-01 3.3484676e-01
1.5642643e+01 5.2256896e-02 1.8389700e-01 3.3601793e-01
1.5666667e+01 5.3717813e-02 1.8462979e-01 3.3707945e-01
1.5690691e+01 5.5240133e-02 1.8538618e-01 3.3809086e-01
1.5714715e+01 5.6787749e-02 1.8622883e-01 3.3882598e-01
1.5738739e+01 5.8332908e-02 1.8699851e-01 3.3959094e-01
1.5762763e+01 5.9900749e-02 1.8826591e-01 3.4018552e-01
1.5786787e+01 6.1450288e-02 1.8949981e-01 3.4094905e-01
1.5810811e+01 6.3080234e-02 1.9076375e-01 3.4188809e-01
1.5834835e+01 6.4735797e-02 1.9211322e-01 3.4253065e-01
1.5858859e+01 6.6409534e-02 1.9365240e-01 3.4361424e-01
1.5882883e+01 6.8152265e-02 1.9520113e-01 3.4453300e-01
1.5906907e+01 6.9883158e-02 1.9675146e-01 3.4571523e-01
1.5930931e+01 7.1610909e-02 1.9811227e-01 3.4692067e-01
1.5954955e+01 7.3398746e-02 1.9952860e-01 3.4842810e-01
1.5978979e+01 7.5183963e-02 2.0063816e-01 3.4951293e-01
1.6003003e+01 7.6996209e-02 2.0166267e-01 3.5083728e-01
1.6027027e+01 7.8788345e-02 2.0246884e-01 3.5200827e-01
1.6051051e+01 8.0568935e-02 2.0322792e-01 3.5290970e-01
1.6075075e+01 8.2396079e-02 2.0384373e-01 3.5368134e-01
1.6099099e+01 8.4160600e-02 2.0444372e-01 3.5425598e-01
1.6123123e+01 8.5872433e-02 2.0517331e-01 3.5482948e-01
1.6147147e+01 8.7613539e-02 2.0589657e-01 3.5554289e-01
1.6171171e+01 8.9236121e-02 2.0669789e-01 3.5576683e-01
1.6195195e+01 9.0748231e-02 2.0771199e-01 3.5656511e-01
1.6219219e+01 9.2258890e-02 2.0905757e-01 3.5724339e-01
1.6243243e+01 9.3765357e-02 2.1021053e-01 3.5805839e-01
1.6267267e+01 9.5208533e-02 2.1144356e-01 3.5846578e-01
1.6291291e+01 9.6524625e-02 2.1255678e-01 3.5934247e-01
1.6315315e+01 9.7773336e-02 2.1374270e-01 3.5979092e-01
1.6339339e+01 9.9063866e-02 2.1496310e-01 3.6045675e-01
1.6363363e+01 1.0035265e-01 2.1650700e-01 3.6122973e-01
1.6387387e+01 1.0159497e-01 2.1804302e-01 3.6210212e-01
1.6411411e+01 1.0268427e-01 2.1962334e-01 3.6270805e-01
1.6435435e+01 1.0383155e-01 2.2092828e-01 3.6344715e-01
1.6459459e+01 1.0504530e-01 2.2229388e-01 3.6448181e-01
1.6483483e+01 1.0594628e-01 2.2346471e-01 3.6552426e-01
1.6507508e+01 1.0695294e-01 2.2431360e-01 3.6663998e-01
1.6531532e+01 1.0790234e-01 2.2532767e-01 3.6789424e-01
1.6555556e+01 1.0887418e-01 2.2631260e-01 3.6940644e-01
1.6579580e+01 1.0965985e-01 2.2722179e-01 3.7088804e-01
1.6603604e+01 1.1042354e-01 2.2826839e-01 3.7227035e-01
1.6627628e+01 1.1119616e-01 2.2940864e-01 3.7420270e-01
1.6651652e+01 1.1195558e-01 2.3066888e-01 3.7597007e-01
1.6675676e+01 1.1261367e-01 2.3187717e-01 3.7767468e-01
1.6699700e+01 1.1305975e-01 2.3296234e-01 3.7974716e-01
1.6723724e+01 1.1326292e-01 2.3404312e-01 3.8191288e-01
1.6747748e+01 1.1350712e-01 2.3495114e-01 3.8405352e-01
1.6771772e+01 1.1359819e-01 2.3578599e-01 3.8583747e-01
1.6795796e+01 1.1376755e-01 2.3680610e-01 3.8755232e-01
1.6819820e+01 1.1407020e-01 2.3780628e-01 3.8929843e-01
1.6843844e+01 1.1419687e-01 2.3874395e-01 3.9086543e-01
1.6867868e+01 1.1465235e-01 2.3982498e-01 3.9301523e-01
1.6891892e+01 1.1471485e-01 2.4050804e-01 3.9520285e-01
1.6915916e+01 1.1521030e-01 2.4121962e-01 3.9704569e-01
1.6939940e+01 1.1576501e-01 2.4199859e-01 3.9902592e-01
1.6963964e+01 1.1637741e-01 2.4286139e-01 4.0125706e-01
1.6987988e+01 1.1681031e-01 2.4374269e-01 4.0328572e-01
1.7012012e+01 1.1738610e-01 2.4502021e-01 4.0493448e-01
1.7036036e+01 1.1811167e-01 2.4628226e-01 4.0687301e-01
1.7060060e+01 1.1871167e-01 2.4766199e-01 4.0882689e-01
1.7084084e+01 1.1951650e-01 2.4912036e-01 4.1087328e-01
1.7108108e+01 1.2058905e-01 2.5075940e-01 4.1300514e-01
1.7132132e+01 1.2158187e-01 2.5225515e-01 4.1475672e-01
1.7156156e+01 1.2261884e-01 2.5388955e-01 4.1698144e-01
1.7180180e+01 1.2387589e-01 2.5562726e-01 4.1908354e-01
1.7204204e+01 1.2499786e-01 2.5720146e-01 4.2109086e-01
1.7228228e+01 1.2629363e-01 2.5853874e-01 4.2307504e-01
1.7252252e+01 1.2760400e-01 2.6002547e-01 4.2512713e-01
1.7276276e+01 1.2873354e-01 2.6147679e-01 4.2729095e-01
1.7300300e+01 1.2983407e-01 2.6299369e-01 4.2949977e-01
1.7324324e+01 1.3094591e-01 2.6449421e-01 4.3167526e-01
1.7348348e+01 1.3219163e-01 2.6601399e-01 4.3399235e-01
1.7372372e+01 1.3320443e-01 2.6748675e-01 4.3628389e-01
1.7396396e+01 1.3458248e-01 2.6890785e-01 4.3858496e-01
1.7420420e+01 1.3606371e-01 2.7046326e-01 4.4074775e-01
1.7444444e+01 1.3714789e-01 2.7175307e-01 4.4256298e-01
1.7468468e+01 1.3844375e-01 2.7365202e-01 4.4513613e-01
1.7492492e+01 1.3965060e-01 2.7570904e-01 4.4752675e-01
1.7516517e+01 1.4117953e-01 2.7781603e-01 4.4976353e-01
1.7540541e+01 1.4267382e-01 2.7962753e-01 4.5229823e-01
1.7564565e+01 1.4452028e-01 2.8189847e-01 4.5426751e-01
1.7588589e+01 1.4585638e-01 2.8408511e-01 4.5654757e-01
1.7612613e+01 1.4724339e-01 2.8622837e-01 4.5890347e-01
1.7636637e+01 1.4872503e-01 2.8838197e-01 4.6169964e-01
1.7660661e+01 1.5027188e-01 2.9023670e-01 4.6442394e-01
1.7684685e+01 1.5166444e-01 2.9214166e-01 4.6715669e-01
1.7708709e+01 1.5289959e-01 2.9423639e-01 4.6923320e-01
1.7732733e+01 1.5427625e-01 2.9621163e-01 4.7149239e-01
1.7756757e+01 1.5591867e-01 2.9847317e-01 4.7378110e-01
1.7780781e+01 1.5766275e-01 3.0060586e-01 4.7560566e-01
1.7804805e+01 1.5890267e-01 3.0244651e-01 4.7828758e-01
1.7828829e+01 1.6072356e-01 3.0450912e-01 4.8037914e-01
1.7852853e+01 1.6259433e-01 3.0647161e-01 4.8270557e-01
1.7876877e+01 1.6486140e-01 3.0864508e-01 4.8521866e-01
1.7900901e+01 1.6685354e-01 3.1079215e-01 4.8770621e-01
1.7924925e+01 1.6847712e-01 3.1312699e-01 4.9023324e-01
1.7948949e+01 1.7031796e-01 3.1550973e-01 4.9237439e-01
1.7972973e+01 1.7201019e-01 3.1766631e-01 4.9496930e-01
1.7996997e+01 1.7399134e-01 3.1976374e-01 4.9765249e-01
1.8021021e+01 1.7566955e-01 3.2186697e-01 5.0039515e-01
1.8045045e+01 1.7720269e-01 3.2419035e-01 5.0289859e-01
1.8069069e+01 1.7902832e-01 3.2632005e-01 5.0561785e-01
1.8093093e+01 1.8063395e-01 3.2853985e-01 5.0860034e-01
1.8117117e+01 1.8240982e-01 3.3056511e-01 5.1162104e-01
1.8141141e+01 1.8408106e-01 3.3301001e-01 5.1414012e-01
1.8165165e+01 1.8558592e-01 3.3522339e-01 5.1682605e-01
1.8189189e+01 1.8724198e-01 3.3754144e-01 5.1992515e-01
1.8213213e+01 1.8885184e-01 3.3973213e-01 5.2290321e-01
1.8237237e+01 1.9045769e-01 3.4223043e-01 5.2541718e-01
1.8261261e+01 1.9241905e-01 3.4469541e-01 5.2811677e-01
1.8285285e+01 1.9446843e-01 3.4728816e-01 5.3042308e-01
1.8309309e+01 1.9637920e-01 3.5010458e-01 5.3298737e-01
1.8333333e+01 1.9879581e-01 3.5287716e-01 5.3534467e-01
1.8357357e+01 2.0073819e-01 3.5569089e-01 5.3747266e-01
1.8381381e+01 2.0275041e-01 3.5825701e-01 5.3995996e-01
1.8405405e+01 2.0502471e-01 3.6081657e-01 5.4254448e-01
1.8429429e+01 2.0750955e-01 3.6365907e-01 5.4508149e-01
1.8453453e+01 2.0993938e-01 3.6656748e-01 5.4751108e-01
1.8477477e+01 2.1231149e-01 3.6927833e-01 5.5019902e-01
1.8501502e+01 2.1462130e-01 3.7178188e-01 5.5296173e-01
1.8525526e+01 2.1731254e-01 3.7484510e-01 5.5599768e-01
1.8549550e+01 2.1999308e-01 3.7746243e-01 5.5859917e-01
1.8573574e+01 2.2246743e-01 3.8030390e-01 5.6124139e-01
1.8597598e+01 2.2516783e-01 3.8280190e-01 5.6390075e-01
1.8621622e+01 2.2770179e-01 3.8540544e-01 5.6690829e-01
1.8645646e+01 2.3022511e-01 3.8807598e-01 5.7032472e-01
1.8669670e+01 2.3289798e-01 3.9068649e-01 5.7309550e-01
1.8693694e+01 2.3526542e-01 3.9328402e-01 5.7630571e-01
1.8717718e+01 2.3766606e-01 3.9609439e-01 5.7937646e-01
1.8741742e+01 2.4026224e-01 3.9874571e-01 5.8254164e-01
1.8765766e+01 2.4284350e-01 4.0145528e-01 5.8564960e-01
1.8789790e+01 2.4558165e-01 4.0430649e-01 5.8887964e-01
1.8813814e+01 2.4830387e-01 4.0742043e-01 5.9176428e-01
1.8837838e+01 2.5101572e-01 4.1039890e-01 5.9431203e-01
1.8861862e+01 2.5381077e-01 4.1348687e-01 5.9752153e-01
1.8885886e+01 2.5627451e-01 4.1649561e-01 6.0046891e-01
1.8909910e+01 2.5872560e-01 4.1959500e-01 6.0362264e-01
1.8933934e+01 2.6122104e-01 4.2273633e-01 6.0714016e-01
1.8957958e+01 2.6390151e-01 4.2584526e-01 6.1049705e-01
1.8981982e+01 2.6685691e-01 4.2862519e-01 6.1363092e-01
1.9006006e+01 2.6974453e-01 4.3178243e-01 6.1695886e-01
1.9030030e+01 2.7248469e-01 4.3476829e-01 6.2052214e-01
1.9054054e+01 2.7538020e-01 4.3798738e-01 6.2367232e-01
1.9078078e+01 2.7824401e-01 4.4127636e-01 6.2685781e-01
1.9102102e+01 2.8107593e-01 4.4438010e-01 6.3025199e-01
1.9126126e+01 2.8409729e-01 4.4757423e-01 6.3334762e-01
1.9150150e+01 2.8712564e-01 4.5065334e-01 6.3699051e-01
1.9174174e+01 2.9037521e-01 4.5413559e-01 6.4056306e-01
1.9198198e+01 2.9325525e-01 4.5768064e-01 6.4454132e-01
1.9222222e+01 2.9645062e-01 4.6115600e-01 6.4831555e-01
1.9246246e+01 2.9916247e-01 4.6456177e-01 6.5238964e-01
1.9270270e+01 3.0174007e-01 4.6814450e-01 6.5596023e-01
1.9294294e+01 3.0409583e-01 4.7172079e-01 6.5959806e-01
1.9318318e+01 3.0669650e-01 4.7537016e-01 6.6377585e-01
1.9342342e+01 3.0951811e-01 4.7869894e-01 6.6822173e-01
1.9366366e+01 3.1261074e-01 4.8218665e-01 6.7214278e-01
1.9390390e+01 3.1615912e-01 4.8548526e-01 6.7593631e-01
1.9414414e+01 3.1943281e-01 4.8923151e-01 6.7968452e-01
1.9438438e+01 3.2276348e-01 4.9247150e-01 6.8338764e-01
1.9462462e+01 3.2618377e-01 4.9572222e-01 6.8700271e-01
1.9486486e+01 3.2965859e-01 4.9904075e-01 6.9075675e-01
1.9510511e+01 3.3324546e-01 5.0291359e-01 6.9438193e-01
1.9534535e+01 3.3642018e-01 5.0650808e-01 6.9802042e-01
1.9558559e+01 3.3941384e-01 5.1011066e-01 7.0205991e-01
1.9582583e+01 3.4276280e-01 5.1381366e-01 7.0576944e-01
1.9606607e+01 3.4647169e-01 5.1754344e-01 7.0935727e-01
1.9630631e+01 3.5029724e-01 5.2142015e-01 7.1335057e-01
1.9654655e+01 3.5353430e-01 5.2533911e-01 7.1772522e-01
1.9678679e+01 3.5685647e-01 5.2907858e-01 7.2212476e-01
1.9702703e+01 3.6024818e-01 5.3329026e-01 7.2603635e-01
1.9726727e+01 3.6366180e-01 5.3697219e-01 7.3007370e-01
1.9750751e+01 3.6687768e-01 5.4107019e-01 7.3407811e-01
1.9774775e+01 3.7035622e-01 5.4513644e-01 7.3821354e-01
1.9798799e+01 3.7359054e-01 5.4889497e-01 7.4210590e-01
1.9822823e+01 3.7723253e-01 5.5309320e-01 7.4658231e-01
1.9846847e+01 3.8099685e-01 5.5701981e-01 7.5081273e-01
1.9870871e+01 3.8499948e-01 5.6064411e-01 7.5498609e-01
1.9894895e+01 3.8875706e-01 5.6447763e-01 7.5896505e-01
1.9918919e+01 3.9280380e-01 5.6883790e-01 7.6342380e-01
1.9942943e+01 3.9662157e-01 5.7307646e-01 7.6826253e-01
1.9966967e+01 4.0008156e-01 5.7738370e-01 7.7293901e-01
1.9990991e+01 4.0332872e-01 5.8134770e-01 7.7717021e-01
2.0015015e+01 4.0713788e-01 5.8561697e-01 7.8170024e-01
2.0039039e+01 4.1061306e-01 5.8995804e-01 7.8599481e-01
2.0063063e+01 4.1430762e-01 5.9441854e-01 7.9072902e-01
2.0087087e+01 4.1780927e-01 5.9895479e-01 7.9496761e-01
2.0111111e+01 4.2189079e-01 6.0373547e-01 7.9988987e-01
2.0135135e+01 4.2606426e-01 6.0826722e-01 8.0407100e-01
2.0159159e+01 4.2996986e-01 6.1262902e-01 8.0909741e-01
2.0183183e+01 4.3400450e-01 6.1662234e-01 8.1357285e-01
2.0207207e+01 4.3806349e-01 6.2092514e-01 8.1793483e-01
2.0231231e+01 4.4205436e-01 6.2534441e-01 8.2297468e-01
2.0255255e+01 4.4589241e-01 6.2919446e-01 8.2724624e-01
2.0279279e+01 4.5006719e-01 6.3387680e-01 8.3242736e-01
2.0303303e+01 4.5404120e-01 6.3880652e-01 8.3731326e-01
2.0327327e+01 4.5782453e-01 6.4321596e-01 8.4214757e-01
2.0351351e+01 4.6167845e-01 6.4779819e-01 8.4665307e-01
2.0375375e+01 4.6584215e-01 6.5225120e-01 8.5118620e-01
2.0399399e+01 4.6985790e-01 6.5661328e-01 8.5573395e-01
2.0423423e+01 4.7380649e-01 6.6112984e-01 8.6126920e-01
2.0447447e+01 4.7764001e-01 6.6561079e-01 8.6603985e-01
2.0471471e+01 4.8207774e-01 6.7044325e-01 8.7121221e-01
2.0495495e+01 4.8619584e-01 6.7464982e-01 8.7653180e-01
2.0519520e+01 4.9077284e-01 6.7952807e-01 8.8128744e-01
2.0543544e+01 4.9498640e-01 6.8404669e-01 8.8595167e-01
2.0567568e+01 4.9896621e-01 6.8867263e-01 8.9084556e-01
2.0591592e+01 5.0289755e-01 6.9327925e-01 8.9577775e-01
2.0615616e+01 5.0684928e-01 6.9776632e-01 9.0064084e-01
2.0639640e+01 5.1120337e-01 7.0294144e-01 9.0549741e-01
2.0663664e+01 5.1560034e-01 7.0746500e-01 9.0966099e-01
2.0687688e+01 5.1984591e-01 7.1228442e-01 9.1465256e-01
2.0711712e+01 5.2419360e-01 7.1735022e-01 9.1918314e-01
2.0735736e+01 5.2820378e-01 7.2219036e-01 9.2396678e-01
2.0759760e+01 5.3218605e-01 7.2688951e-01 9.2890492e-01
2.0783784e+01 5.3633680e-01 7.3153317e-01 9.3361917e-01
2.0807808e+01 5.4070363e-01 7.3624354e-01 9.3862949e-01
2.0831832e+01 5.4477555e-01 7.4095646e-01 9.4309521e-01
2.0855856e+01 5.4917393e-01 7.4554580e-01 9.4728653e-01
2.0879880e+01 5.5345660e-01 7.5024873e-01 9.5248191e-01
2.0903904e+01 5.5773819e-01 7.5490098e-01 9.5799208e-01
2.0927928e+01 5.6178540e-01 7.5968951e-01 9.6325636e-01
2.0951952e+01 5.6656331e-01 7.6398197e-01 9.6799987e-01
2.0975976e+01 5.7097363e-01 7.6912899e-01 9.7286368e-01
2.1000000e+01 5.7485024e-01 7.7376957e-01 9.7769231e-01
2.1024024e+01 5.7903928e-01 7.7893440e-01 9.8241950e-01
2.1048048e+01 5.8375315e-01 7.8341121e-01 9.8763435e-01
2.1072072e+01 5.8816469e-01 7.8796148e-01 9.9282228e-01
2.1096096e+01 5.9305344e-01 7.9268074e-01 9.9781367e-01
2.1120120e+01 5.9747608e-01 7.9761615e-01 1.0029099e+00
2.1144144e+01 6.0230348e-01 8.0219399e-01 1.0077296e+00
2.1168168e+01 6.0660244e-01 8.0678652e-01 1.0128990e+00
2.1192192e+01 6.1095888e-01 8.1145286e-01 1.0182507e+00
2.1216216e+01 6.1535800e-01 8.1575764e-01 1.0231992e+00
2.1240240e+01 6.1976079e-01 8.2005167e-01 1.0277077e+00
2.1264264e+01 6.2376913e-01 8.2484448e-01 1.0322254e+00
2.1288288e+01 6.2814609e-01 8.2902908e-01 1.0368511e+00
2.1312312e+01 6.3174569e-01 8.3370614e-01 1.0416271e+00
2.1336336e+01 6.3577725e-01 8.3833281e-01 1.0461761e+00
2.1360360e+01 6.3929249e-01 8.4296692e-01 1.0512847e+00
2.1384384e+01 6.4349486e-01 8.4751950e-01 1.0559896e+00
2.1408408e+01 6.4751402e-01 8.5205726e-01 1.0605652e+00
2.1432432e+01 6.5129971e-01 8.5611482e-01 1.0654535e+00
2.1456456e+01 6.5466547e-01 8.6083104e-01 1.0703348e+00
2.1480480e+01 6.5869562e-01 8.6500069e-01 1.0749043e+00
2.1504505e+01 6.6290768e-01 8.6943613e-01 1.0792081e+00
2.1528529e+01 6.6642128e-01 8.7363848e-01 1.0838609e+00
2.1552553e+01 6.6998759e-01 8.7775948e-01 1.0883259e+00
2.1576577e+01 6.7395219e-01 8.8217672e-01 1.0928647e+00
2.1600601e+01 6.7778150e-01 8.8656289e-01 1.0971131e+00
2.1624625e+01 6.8139700e-01 8.9114403e-01 1.1016507e+00
2.1648649e+01 6.8529795e-01 8.9532030e-01 1.1058685e+00
2.1672673e+01 6.8881864e-01 8.9949944e-01 1.1099736e+00
2.1696697e+01 6.9252080e-01 9.0311441e-01 1.1145001e+00
2.1720721e+01 6.9580459e-01 9.0689283e-01 1.1191748e+00
2.1744745e+01 6.9908339e-01 9.1075799e-01 1.1230766e+00
2.1768769e+01 7.0208357e-01 9.1452126e-01 1.1271913e+00
2.1792793e+01 7.0516669e-01 9.1821666e-01 1.1311835e+00
2.1816817e+01 7.0836638e-01 9.2182858e-01 1.1351102e+00
2.1840841e+01 7.1121026e-01 9.2504541e-01 1.1392079e+00
2.1864865e+01 7.1437166e-01 9.2841216e-01 1.1432532e+00
2.1888889e+01 7.1775060e-01 9.3196486e-01 1.1470227e+00
2.1912913e+01 7.2061551e-01 9.3577123e-01 1.1509263e+00
2.1936937e+01 7.2313778e-01 9.3882010e-01 1.1549113e+00
2.1960961e+01 7.2583178e-01 9.4215446e-01 1.1584593e+00
2.1984985e+01 7.2873077e-01 9.4570026e-01 1.1618882e+00
2.2009009e+01 7.3154328e-01 9.4881243e-01 1.1660498e+00
2.2033033e+01 7.3430453e-01 9.5151525e-01 1.1688944e+00
2.2057057e+01 7.3684362e-01 9.5451134e-01 1.1726421e+00
2.2081081e+01 7.3981253e-01 9.5754382e-01 1.1763445e+00
2.2105105e+01 7.4216604e-01 9.5987638e-01 1.1794729e+00
2.2129129e+01 7.4457416e-01 9.6259877e-01 1.1832101e+00
2.2153153e+01 7.4660414e-01 9.6508428e-01 1.1864976e+00
2.2177177e+01 7.4871116e-01 9.6755082e-01 1.1898274e+00
2.2201201e+01 7.5045115e-01 9.6978528e-01 1.1926337e+00
2.2225225e+01 7.5282152e-01 9.7190025e-01 1.1955203e+00
2.2249249e+01 7.5495485e-01 9.7413077e-01 1.1983996e+00
2.2273273e+01 7.5685068e-01 9.7622593e-01 1.2007452e+00
2.2297297e+01 7.5850108e-01 9.7836081e-01 1.2034175e+00
2.2321321e+01 7.6028462e-01 9.8048875e-01 1.2055393e+00
2.2345345e+01 7.6167312e-01 9.8225641e-01 1.2078016e+00
2.2369369e+01 7.6340841e-01 9.8406412e-01 1.2107047e+00
2.2393393e+01 7.6509023e-01 9.8593765e-01 1.2128639e+00
2.2417417e+01 7.6673175e-01 9.8722165e-01 1.2146704e+00
2.2441441e+01 7.6764265e-01 9.8899111e-01 1.2168381e+00
2.2465465e+01 7.6874724e-01 9.9093389e-01 1.2190823e+00
2.2489489e+01 7.7025883e-01 9.9248718e-01 1.2205341e+00
2.2513514e+01 7.7166586e-01 9.9374368e-01 1.2223139e+00
2.2537538e+01 7.7243666e-01 9.9494114e-01 1.2240470e+00
2.2561562e+01 7.7351449e-01 9.9555953e-01 1.2257478e+00
2.2585586e+01 7.7438197e-01 9.9679368e-01 1.2269514e+00
2.2609610e+01 7.7519791e-01 9.9765876e-01 1.2282618e+00
2.2633634e+01 7.7608417e-01 9.9802905e-01 1.2292892e+00
2.2657658e+01 7.7635850e-01 9.9883595e-01 1.2299635e+00
2.2681682e+01 7.7610098e-01 9.9942253e-01 1.2310240e+00
2.2705706e+01 7.7651790e-01 9.9971475e-01 1.2314861e+00
2.2729730e+01 7.7664719e-01 9.9988856e-01 1.2318709e+00
2.2753754e+01 7.7724536e-01 9.9985535e-01 1.2322433e+00
2.2777778e+01 7.7728130e-01 1.0000000e+00 1.2328616e+00
2.2801802e+01 7.7767346e-01 9.9978731e-01 1.2326286e+00
2.2825826e+01 7.7746451e-01 9.9945284e-01 1.2328872e+00
2.2849850e+01 7.7690888e-01 9.9914772e-01 1.2321267e+00
2.2873874e+01 7.7651334e-01 9.9850342e-01 1.2320573e+00
2.2897898e+01 7.7619859e-01 9.9787512e-01 1.2314684e+00
2.2921922e+01 7.7570109e-01 9.9719359e-01 1.2308245e+00
2.2945946e+01 7.7543318e-01 9.9677371e-01 1.2300124e+00
2.2969970e+01 7.7457173e-01 9.9609351e-01 1.2292785e+00
2.2993994e+01 7.7355141e-01 9.9519110e-01 1.2275443e+00
2.3018018e+01 7.7276221e-01 9.9428281e-01 1.2266241e+00
2.3042042e+01 7.7149590e-01 9.9319224e-01 1.2253609e+00
2.3066066e+01 7.7096646e-01 9.9164882e-01 1.2238324e+00
2.3090090e+01 7.6958121e-01 9.9006981e-01 1.2219309e+00
2.3114114e+01 7.6767183e-01 9.8874577e-01 1.2204478e+00
2.3138138e+01 7.6640125e-01 9.8734815e-01 1.2183562e+00
2.3162162e+01 7.6505309e-01 9.8627871e-01 1.2161203e+00
2.3186186e+01 7.6319597e-01 9.8447597e-01 1.2140731e+00
2.3210210e+01 7.6148202e-01 9.8292392e-01 1.2120991e+00
2.3234234e+01 7.6015323e-01 9.8060045e-01 1.2091481e+00
2.3258258e+01 7.5883546e-01 9.7817222e-01 1.2068476e+00
2.3282282e+01 7.5678807e-01 9.7629536e-01 1.2037559e+00
2.3306306e+01 7.5499232e-01 9.7384085e-01 1.2008822e+00
2.3330330e+01 7.5325636e-01 9.7143762e-01 1.1984518e+00
2.3354354e+01 7.5138405e-01 9.6942621e-01 1.1960018e+00
2.3378378e+01 7.4978533e-01 9.6689598e-01 1.1927878e+00
2.3402402e+01 7.4714950e-01 9.6455254e-01 1.1898009e+00
2.3426426e+01 7.4475027e-01 9.6199871e-01 1.1862419e+00
2.3450450e+01 7.4261850e-01 9.5967127e-01 1.1822244e+00
2.3474474e+01 7.4042940e-01 9.5670552e-01 1.1782223e+00
2.3498498e+01 7.3766825e-01 9.5386475e-01 1.1740330e+00
2.3522523e+01 7.3509161e-01 9.5063414e-01 1.1705695e+00
2.3546547e+01 7.3177611e-01 9.4739573e-01 1.1672484e+00
2.3570571e+01 7.2950918e-01 9.4402705e-01 1.1634676e+00
2.3594595e+01 7.2637867e-01 9.4081899e-01 1.1591457e+00
2.3618619e+01 7.2277069e-01 9.3738827e-01 1.1552446e+00
2.3642643e+01 7.1973920e-01 9.3402332e-01 1.1508426e+00
2.3666667e+01 7.1655310e-01 9.3053995e-01 1.1468583e+00
2.3690691e+01 7.1272561e-01 9.2690043e-01 1.1426685e+00
2.3714715e+01 7.0923535e-01 9.2316589e-01 1.1383983e+00
2.3738739e+01 7.0596364e-01 9.1924915e-01 1.1342545e+00
2.3762763e+01 7.0258189e-01 9.1542485e-01 1.1306344e+00
2.3786787e+01 6.9902218e-01 9.1154290e-01 1.1260243e+00
2.3810811e+01 6.9515217e-01 9.0711194e-01 1.1217285e+00
2.3834835e+01 6.9123439e-01 9.0307543e-01 1.1170068e+00
2.3858859e+01 6.8756341e-01 8.9854844e-01 1.1125873e+00
2.3882883e+01 6.8380577e-01 8.9434748e-01 1.1068872e+00
2.3906907e+01 6.8014524e-01 8.9009330e-01 1.1019426e+00
2.3930931e+01 6.7634615e-01 8.8552059e-01 1.0972881e+00
2.3954955e+01 6.7250819e-01 8.8106531e-01 1.0921625e+00
2.3978979e+01 6.6853246e-01 8.7636491e-01 1.0874040e+00
2.4003003e+01 6.6419678e-01 8.7178805e-01 1.0826891e+00
2.4027027e+01 6.5983034e-01 8.6664023e-01 1.0776142e+00
2.4051051e+01 6.5560974e-01 8.6177816e-01 1.0729718e+00
2.4075075e+01 6.5055622e-01 8.5664572e-01 1.0679496e+00
2.4099099e+01 6.4596552e-01 8.5183602e-01 1.0629073e+00
2.4123123e+01 6.4210523e-01 8.4653896e-01 1.0576581e+00
2.4147147e+01 6.3679554e-01 8.4182332e-01 1.0522348e+00
2.4171171e+01 6.3197313e-01 8.3667961e-01 1.0468044e+00
2.4195195e+01 6.2726280e-01 8.3176474e-01 1.0413872e+00
2.4219219e+01 6.2240332e-01 8.2626233e-01 1.0361051e+00
2.4243243e+01 6.1738148e-01 8.2084244e-01 1.0305169e+00
2.4267267e+01 6.1243375e-01 8.1542840e-01 1.0254347e+00
2.4291291e+01 6.0711338e-01 8.0999107e-01 1.0205094e+00
2.4315315e+01 6.0211985e-01 8.0459678e-01 1.0151165e+00
2.4339339e+01 5.9692899e-01 7.9922594e-01 1.0094622e+00
2.4363363e+01 5.9178837e-01 7.9390707e-01 1.0039785e+00
2.4387387e+01 5.8687631e-01 7.8836969e-01 9.9880660e-01
2.4411411e+01 5.8161230e-01 7.8305418e-01 9.9316149e-01
2.4435435e+01 5.7591631e-01 7.7692085e-01 9.8715541e-01
2.4459459e+01 5.7094689e-01 7.7137644e-01 9.8171256e-01
2.4483483e+01 5.6565635e-01 7.6569514e-01 9.7624208e-01
2.4507508e+01 5.6091861e-01 7.5980159e-01 9.7070193e-01
2.4531532e+01 5.5567570e-01 7.5411965e-01 9.6501137e-01
2.4555556e+01 5.5078076e-01 7.4862164e-01 9.5930042e-01
2.4579580e+01 5.4548021e-01 7.4309573e-01 9.5343120e-01
2.4603604e+01 5.4002980e-01 7.3710094e-01 9.4839802e-01
2.4627628e+01 5.3429684e-01 7.3132962e-01 9.4331493e-01
2.4651652e+01 5.2918317e-01 7.2601702e-01 9.3815877e-01
2.4675676e+01 5.2397068e-01 7.2019758e-01 9.3245504e-01
2.4699700e+01 5.1885912e-01 7.1465690e-01 9.2653010e-01
2.4723724e+01 5.1437574e-01 7.0853528e-01 9.2050585e-01
2.4747748e+01 5.0888045e-01 7.0285284e-01 9.1539829e-01
2.4771772e+01 5.0377680e-01 6.9767622e-01 9.0968892e-01
2.4795796e+01 4.9877514e-01 6.9197692e-01 9.0395922e-01
2.4819820e+01 4.9380325e-01 6.8598396e-01 8.9829818e-01
2.4843844e+01 4.8861976e-01 6.8045236e-01 8.9256407e-01
2.4867868e+01 4.8321437e-01 6.7460879e-01 8.8705977e-01
2.4891892e+01 4.7785366e-01 6.6905995e-01 8.8140583e-01
2.4915916e+01 4.7252528e-01 6.6323990e-01 8.7532430e-01
2.4939940e+01 4.6737458e-01 6.5806441e-01 8.6972277e-01
2.4963964e+01 4.6144121e-01 6.5240998e-01 8.6392894e-01
2.4987988e+01 4.5634738e-01 6.4667550e-01 8.5859381e-01
2.5012012e+01 4.5113244e-01 6.4120381e-01 8.5249046e-01
2.5036036e+01 4.4589865e-01 6.3546161e-01 8.4695572e-01
2.5060060e+01 4.4044299e-01 6.2987412e-01 8.4157992e-01
2.5084084e+01 4.3530653e-01 6.2366979e-01 8.3558065e-01
2.5108108e+01 4.3001881e-01 6.1818852e-01 8.2975110e-01
2.5132132e+01 4.2462854e-01 6.1260618e-01 8.2358175e-01
2.5156156e+01 4.1954725e-01 6.0722972e-01 8.1836327e-01
2.5180180e+01 4.1434424e-01 6.0164430e-01 8.1246675e-01
2.5204204e+01 4.0930279e-01 5.9613718e-01 8.0677202e-01
2.5228228e+01 4.0431503e-01 5.9075979e-01 8.0043789e-01
2.5252252e+01 3.9922920e-01 5.8532371e-01 7.9490535e-01
2.5276276e+01 3.9430500e-01 5.7992358e-01 7.8912552e-01
2.5300300e+01 3.8917260e-01 5.7477166e-01 7.8294765e-01
2.5324324e+01 3.8404356e-01 5.6927098e-01 7.7699788e-01
2.5348348e+01 3.7929440e-01 5.6341822e-01 7.7098092e-01
2.5372372e+01 3.7460518e-01 5.5793592e-01 7.6502864e-01
2.5396396e+01 3.6983120e-01 5.5261996e-01 7.5914624e-01
2.5420420e+01 3.6461595e-01 5.4751557e-01 7.5331868e-01
2.5444444e+01 3.5969239e-01 5.4205782e-01 7.4772899e-01
2.5468468e+01 3.5494692e-01 5.3666676e-01 7.4198861e-01
2.5492492e+01 3.5051573e-01 5.3150124e-01 7.3619826e-01
2.5516517e+01 3.4618361e-01 5.2648648e-01 7.3033653e-01
2.5540541e+01 3.4122647e-01 5.2137932e-01 7.2450432e-01
2.5564565e+01 3.3689644e-01 5.1626886e-01 7.1832331e-01
2.5588589e+01 3.3218688e-01 5.1110494e-01 7.1261235e-01
2.5612613e+01 3.2731410e-01 5.0623628e-01 7.0750638e-01
2.5636637e+01 3.2271564e-01 5.0094227e-01 7.0158488e-01
2.5660661e+01 3.1800317e-01 4.9583459e-01 6.9599058e-01
2.5684685e+01 3.1351847e-01 4.9026797e-01 6.9001714e-01
2.5708709e+01 3.0873457e-01 4.8550781e-01 6.8415251e-01
2.5732733e+01 3.0430859e-01 4.8026591e-01 6.7836742e-01
2.5756757e+01 2.9989114e-01 4.7564969e-01 6.7247379e-01
2.5780781e+01 2.9532610e-01 4.7079854e-01 6.6678335e-01
2.5804805e+01 2.9091291e-01 4.6620805e-01 6.6111628e-01
2.5828829e+01 2.8699118e-01 4.6122225e-01 6.5590127e-01
2.5852853e+01 2.8282307e-01 4.5627870e-01 6.5026134e-01
2.5876877e+01 2.7835714e-01 4.5140860e-01 6.4503025e-01
2.5900901e+01 2.7388202e-01 4.4643866e-01 6.3943811e-01
2.5924925e+01 2.6980595e-01 4.4147871e-01 6.3445173e-01
2.5948949e+01 2.6542864e-01 4.3666917e-01 6.2954206e-01
2.5972973e+01 2.6105611e-01 4.3149838e-01 6.2397819e-01
2.5996997e+01 2.5707567e-01 4.2673409e-01 6.1916587e-01
2.6021021e+01 2.5322569e-01 4.2195787e-01 6.1379653e-01
2.6045045e+01 2.4941276e-01 4.1718636e-01 6.0863060e-01
2.6069069e+01 2.4550244e-01 4.1234965e-01 6.0319390e-01
2.6093093e+01 2.4141410e-01 4.0739599e-01 5.9805088e-01
2.6117117e+01 2.3737976e-01 4.0263992e-01 5.9309708e-01
2.6141141e+01 2.3353126e-01 3.9763506e-01 5.8793956e-01
2.6165165e+01 2.2936766e-01 3.9278304e-01 5.8303309e-01
2.6189189e+01 2.2549431e-01 3.8814987e-01 5.7819188e-01
2.6213213e+01 2.2150591e-01 3.8344500e-01 5.7298509e-01
2.6237237e+01 2.1767818e-01 3.7865049e-01 5.6826311e-01
2.6261261e+01 2.1394478e-01 3.7409724e-01 5.6369901e-01
2.6285285e+01 2.1023022e-01 3.6940147e-01 5.5916489e-01
2.6309309e+01 2.0679988e-01 3.6477440e-01 5.5434000e-01
2.6333333e+01 2.0297748e-01 3.6023692e-01 5.4972593e-01
2.6357357e+01 1.9932641e-01 3.5583977e-01 5.4451792e-01
2.6381381e+01 1.9603779e-01 3.5154197e-01 5.3899202e-01
2.6405405e+01 1.9251190e-01 3.4708061e-01 5.3381032e-01
2.6429429e+01 1.8894261e-01 3.4289924e-01 5.2890254e-01
2.6453453e+01 1.8543629e-01 3.3847575e-01 5.2411757e-01
2.6477477e+01 1.8237551e-01 3.3426840e-01 5.1921449e-01
2.6501502e+01 1.7913460e-01 3.3000627e-01 5.1466123e-01
2.6525526e+01 1.7554737e-01 3.2599413e-01 5.0990320e-01
2.6549550e+01 1.7235070e-01 3.2197799e-01 5.0493659e-01
2.6573574e+01 1.6912433e-01 3.1786941e-01 4.9998338e-01
2.6597598e+01 1.6563552e-01 3.1387677e-01 4.9503246e-01
2.6621622e+01 1.6254858e-01 3.0974509e-01 4.9029903e-01
2.6645646e+01 1.5945434e-01 3.0580991e-01 4.8597535e-01
2.6669670e+01 1.5651382e-01 3.0172591e-01 4.8159945e-01
2.6693694e+01 1.5341714e-01 2.9790941e-01 4.7687945e-01
2.6717718e+01 1.5053812e-01 2.9397992e-01 4.7215240e-01
2.6741742e+01 1.4743296e-01 2.9008520e-01 4.6726165e-01
2.6765766e+01 1.4406218e-01 2.8595429e-01 4.6271973e-01
2.6789790e+01 1.4036602e-01 2.8175822e-01 4.5864456e-01
2.6813814e+01 1.3678076e-01 2.7749637e-01 4.5451525e-01
2.6837838e+01 1.3307790e-01 2.7348511e-01 4.4977228e-01
2.6861862e+01 1.2949040e-01 2.6929013e-01 4.4492044e-01
2.6885886e+01 1.2592961e-01 2.6515230e-01 4.4026829e-01
2.6909910e+01 1.2243116e-01 2.6109775e-01 4.3564367e-01
2.6933934e+01 1.1911815e-01 2.5707057e-01 4.3098908e-01
2.6957958e+01 1.1556357e-01 2.5315201e-01 4.2637264e-01
2.6981982e+01 1.1229683e-01 2.4929007e-01 4.2153708e-01
2.7006006e+01 1.0890196e-01 2.4548074e-01 4.1612159e-01
2.7030030e+01 1.0557350e-01 2.4162071e-01 4.1125716e-01
2.7054054e+01 1.0239648e-01 2.3773404e-01 4.0632949e-01
2.7078078e+01 9.9382071e-02 2.3392953e-01 4.0142216e-01
2.7102102e+01 9.6359451e-02 2.3026538e-01 3.9645098e-01
2.7126126e+01 9.3271980e-02 2.2655425e-01 3.9170137e-01
2.7150150e+01 9.0333251e-02 2.2290788e-01 3.8687241e-01
2.7174174e+01 8.7483944e-02 2.1956754e-01 3.8245530e-01
2.7198198e+01 8.4729823e-02 2.1601084e-01 3.7790980e-01
2.7222222e+01 8.2078952e-02 2.1262824e-01 3.7326166e-01
2.7246246e+01 7.9485668e-02 2.0930113e-01 3.6873011e-01
2.7270270e+01 7.6862641e-02 2.0575117e-01 3.6418516e-01
2.7294294e+01 7.4394262e-02 2.0248356e-01 3.5961153e-01
2.7318318e+01 7.1951878e-02 1.9932372e-01 3.5517290e-01
2.7342342e+01 6.9550459e-02 1.9601360e-01 3.5054688e-01
2.7366366e+01 6.7291118e-02 1.9300235e-01 3.4634958e-01
2.7390390e+01 6.5108748e-02 1.8981872e-01 3.4190755e-01
2.7414414e+01 6.2817666e-02 1.8657837e-01 3.3751842e-01
2.7438438e+01 6.0614241e-02 1.8353591e-01 3.3322006e-01
2.7462462e+01 5.8549823e-02 1.8048427e-01 3.2904486e-01
2.7486486e+01 5.6527103e-02 1.7732799e-01 3.2501009e-01
2.7510511e+01 5.4535055e-02 1.7416328e-01 3.2048874e-01
2.7534535e+01 5.2587333e-02 1.7120920e-01 3.1622785e-01
2.7558559e+01 5.0723057e-02 1.6832777e-01 3.1201952e-01
2.7582583e+01 4.8913595e-02 1.6534895e-01 3.0778219e-01
2.7606607e+01 4.7154883e-02 1.6253577e-01 3.0351113e-01
2.7630631e+01 4.5438491e-02 1.5965521e-01 2.9943858e-01
2.7654655e+01 4.3760924e-02 1.5685723e-01 2.9547290e-01
2.7678679e+01 4.2154876e-02 1.5405021e-01 2.9145048e-01
2.7702703e+01 4.0573654e-02 1.5144307e-01 2.8758928e-01
2.7726727e+01 3.9077025e-02 1.4895997e-01 2.8328706e-01
2.7750751e+01 3.7576727e-02 1.4634976e-01 2.7909496e-01
2.7774775e+01 3.6130751e-02 1.4380897e-01 2.7472007e-01
2.7798799e+01 3.4750741e-02 1.4125641e-01 2.7059422e-01
2.7822823e+01 3.3413109e-02 1.3878418e-01 2.6642110e-01
2.7846847e+01 3.2096858e-02 1.3618754e-01 2.6244648e-01
2.7870871e+01 3.0866835e-02 1.3364123e-01 2.5846064e-01
2.7894895e+01 2.9635416e-02 1.3116201e-01 2.5434109e-01
2.7918919e+01 2.8450006e-02 1.2862518e-01 2.5017950e-01
2.7942943e+01 2.7311499e-02 1.2611844e-01 2.4613664e-01
2.7966967e+01 2.6192295e-02 1.2372154e-01 2.4198849e-01
2.7990991e+01 2.5112377e-02 1.2126764e-01 2.3764405e-01
2.8015015e+01 2.4127790e-02 1.1885693e-01 2.3365521e-01
2.8039039e+01 2.3120719e-02 1.1641000e-01 2.2944217e-01
2.8063063e+01 2.2172773e-02 1.1401685e-01 2.2535610e-01
2.8087087e+01 2.1233134e-02 1.1157075e-01 2.2112235e-01
2.8111111e+01 2.0347437e-02 1.0915011e-01 2.1691916e-01
2.8135135e+01 1.9503151e-02 1.0673562e-01 2.1280301e-01
2.8159159e+01 1.8693805e-02 1.0432656e-01 2.0865385e-01
2.8183183e+01 1.7867619e-02 1.0205975e-01 2.0443000e-01
2.8207207e+01 1.7126697e-02 9.9703465e-02 2.0047729e-01
2.8231231e+01 1.6392746e-02 9.7463792e-02 1.9651329e-01
2.8255255e+01 1.5680690e-02 9.5180954e-02 1.9246764e-01
2.8279279e+01 1.5004449e-02 9.2977382e-02 1.8824783e-01
2.8303303e+01 1.4338062e-02 9.0728396e-02 1.8411012e-01
2.8327327e+01 1.3699683e-02 8.8552869e-02 1.8016103e-01
2.8351351e+01 1.3077918e-02 8.6361073e-02 1.7624400e-01
2.8375375e+01 1.2489403e-02 8.4279950e-02 1.7218903e-01
2.8399399e+01 1.1919355e-02 8.2162291e-02 1.6826802e-01
2.8423423e+01 1.1384219e-02 8.0065657e-02 1.6449278e-01
2.8447447e+01 1.0867591e-02 7.8038279e-02 1.6074593e-01
2.8471471e+01 1.0367475e-02 7.6010947e-02 1.5684107e-01
2.8495495e+01 9.8889511e-03 7.4030482e-02 1.5312989e-01
2.8519520e+01 9.4272741e-03 7.2079659e-02 1.4953334e-01
2.8543544e+01 8.9936075e-03 7.0211880e-02 1.4589003e-01
2.8567568e+01 8.5756253e-03 6.8289074e-02 1.4246869e-01
2.8591592e+01 8.1669821e-03 6.6366974e-02 1.3884476e-01
2.8615616e+01 7.7657903e-03 6.4531187e-02 1.3548207e-01
2.8639640e+01 7.3921064e-03 6.2714156e-02 1.3202719e-01
2.8663664e+01 7.0355016e-03 6.0984898e-02 1.2878785e-01
2.8687688e+01 6.6973756e-03 5.9241291e-02 1.2549221e-01
2.8711712e+01 6.3697852e-03 5.7500089e-02 1.2239430e-01
2.8735736e+01 6.0556023e-03 5.5857034e-02 1.1928031e-01
2.8759760e+01 5.7543441e-03 5.4164352e-02 1.1617027e-01
2.8783784e+01 5.4668001e-03 5.2558427e-02 1.1316658e-01
2.8807808e+01 5.1922891e-03 5.0971099e-02 1.1014327e-01
2.8831832e+01 4.9319150e-03 4.9404745e-02 1.0724820e-01
2.8855856e+01 4.6814100e-03 4.7872158e-02 1.0430230e-01
2.8879880e+01 4.4442925e-03 4.6401895e-02 1.0147760e-01
2.8903904e+01 4.2148870e-03 4.4960189e-02 9.8725109e-02
2.8927928e+01 3.9980421e-03 4.3568739e-02 9.5973931e-02
2.8951952e+01 3.7926143e-03 4.2200395e-02 9.3375806e-02
2.8975976e+01 3.5945458e-03 4.0859469e-02 9.0759751e-02
2.9000000e+01 3.4057814e-03 3.9540231e-02 8.8230290e-02
