X KDE_INF KDE_MED KDE_SUP
-4.0000000e+00 6.4354803e-06 2.2147850e-03 4.2797108e-02
-3.9919920e+00 6.8176339e-06 2.2744135e-03 4.2828416e-02
-3.9839840e+00 7.2135929e-06 2.3410487e-03 4.2870575e-02
-3.9759760e+00 7.6310798e-06 2.3964835e-03 4.2906286e-02
-3.9679680e+00 8.0616165e-06 2.4585494e-03 4.2965250e-02
-3.9599600e+00 8.5292349e-06 2.5316275e-03 4.2979726e-02
-3.9519520e+00 9.0281185e-06 2.5979546e-03 4.3014594e-02
-3.9439439e+00 9.5406401e-06 2.6582329e-03 4.3044264e-02
-3.9359359e+00 1.0085541e-05 2.7322829e-03 4.3065802e-02
-3.9279279e+00 1.0661689e-05 2.8088556e-03 4.3123730e-02
-3.9199199e+00 1.1246661e-05 2.8880556e-03 4.3196574e-02
-3.9119119e+00 1.1884453e-05 2.9687581e-03 4.3342866e-02
-3.9039039e+00 1.2557471e-05 3.0373466e-03 4.3507047e-02
-3.8958959e+00 1.3271079e-05 3.1121789e-03 4.3612738e-02
-3.8878879e+00 1.4002205e-05 3.1917093e-03 4.3802398e-02
-3.8798799e+00 1.4772107e-05 3.2721489e-03 4.4082112e-02
-3.8718719e+00 1.5596083e-05 3.3580014e-03 4.4264695e-02
-3.8638639e+00 1.6453425e-05 3.4376567e-03 4.4521835e-02
-3.8558559e+00 1.7372855e-05 3.5286890e-03 4.4835028e-02
-3.8478478e+00 1.8341983e-05 3.6090661e-03 4.5172982e-02
-3.8398398e+00 1.9351385e-05 3.6921393e-03 4.5417900e-02
-3.8318318e+00 2.0374920e-05 3.7842217e-03 4.5755676e-02
-3.8238238e+00 2.1512416e-05 3.8713363e-03 4.6061225e-02
-3.8158158e+00 2.2721098e-05 3.9821741e-03 4.6301716e-02
-3.8078078e+00 2.3923298e-05 4.0559052e-03 4.6598717e-02
-3.7997998e+00 2.5264983e-05 4.1525773e-03 4.6919081e-02
-3.7917918e+00 2.6503168e-05 4.2441448e-03 4.7191946e-02
-3.7837838e+00 2.7946726e-05 4.3422505e-03 4.7540163e-02
-3.7757758e+00 2.9462815e-05 4.4428783e-03 4.7785902e-02
-3.7677678e+00 3.1037113e-05 4.5230473e-03 4.8138657e-02
-3.7597598e+00 3.2678689e-05 4.6259305e-03 4.8323687e-02
-3.7517518e+00 3.4368019e-05 4.7245182e-03 4.8637253e-02
-3.7437437e+00 3.6098351e-05 4.8445694e-03 4.8781441e-02
-3.7357357e+00 3.8023069e-05 4.9365468e-03 4.8985362e-02
-3.7277277e+00 3.9980118e-05 5.0568504e-03 4.9350689e-02
-3.7197197e+00 4.2041913e-05 5.1768656e-03 4.9598287e-02
-3.7117117e+00 4.4248588e-05 5.2973178e-03 4.9857392e-02
-3.7037037e+00 4.6506542e-05 5.4321385e-03 5.0211422e-02
-3.6956957e+00 4.8845505e-05 5.5696622e-03 5.0480915e-02
-3.6876877e+00 5.1451791e-05 5.6881673e-03 5.0829549e-02
-3.6796797e+00 5.4067577e-05 5.7935038e-03 5.1079436e-02
-3.6716717e+00 5.6889722e-05 5.9324419e-03 5.1371749e-02
-3.6636637e+00 5.9877245e-05 6.0713757e-03 5.1654243e-02
-3.6556557e+00 6.2848233e-05 6.1994230e-03 5.2062944e-02
-3.6476476e+00 6.6039712e-05 6.3258247e-03 5.2344809e-02
-3.6396396e+00 6.9311999e-05 6.4559258e-03 5.2649721e-02
-3.6316316e+00 7.2982655e-05 6.5891842e-03 5.2933661e-02
-3.6236236e+00 7.6712305e-05 6.7388965e-03 5.3453523e-02
-3.6156156e+00 8.0512141e-05 6.8778301e-03 5.3848239e-02
-3.6076076e+00 8.4473420e-05 7.0202653e-03 5.4212961e-02
-3.5995996e+00 8.8540974e-05 7.1339278e-03 5.4516595e-02
-3.5915916e+00 9.2863535e-05 7.2787633e-03 5.4820528e-02
-3.5835836e+00 9.7566591e-05 7.4163980e-03 5.5072814e-02
-3.5755756e+00 1.0223989e-04 7.5889228e-03 5.5298230e-02
-3.5675676e+00 1.0746562e-04 7.7175084e-03 5.5464388e-02
-3.5595596e+00 1.1289874e-04 7.8668208e-03 5.5780381e-02
-3.5515516e+00 1.1843778e-04 8.0203809e-03 5.6059787e-02
-3.5435435e+00 1.2443351e-04 8.1561858e-03 5.6525839e-02
-3.5355355e+00 1.3046993e-04 8.3426490e-03 5.6757288e-02
-3.5275275e+00 1.3678162e-04 8.4904088e-03 5.7046463e-02
-3.5195195e+00 1.4329258e-04 8.6773350e-03 5.7401443e-02
-3.5115115e+00 1.5028431e-04 8.8345581e-03 5.7715608e-02
-3.5035035e+00 1.5763589e-04 9.0116121e-03 5.8020536e-02
-3.4954955e+00 1.6505755e-04 9.1661791e-03 5.8462636e-02
-3.4874875e+00 1.7345898e-04 9.3622920e-03 5.8712316e-02
-3.4794795e+00 1.8194503e-04 9.5132481e-03 5.9047996e-02
-3.4714715e+00 1.9056643e-04 9.7309478e-03 5.9318969e-02
-3.4634635e+00 2.0006303e-04 9.8886802e-03 5.9788269e-02
-3.4554555e+00 2.0975634e-04 1.0081804e-02 6.0014762e-02
-3.4474474e+00 2.1866821e-04 1.0278266e-02 6.0257293e-02
-3.4394394e+00 2.2900364e-04 1.0456146e-02 6.0514463e-02
-3.4314314e+00 2.3981387e-04 1.0642064e-02 6.0872277e-02
-3.4234234e+00 2.5148029e-04 1.0840256e-02 6.1215479e-02
-3.4154154e+00 2.6311333e-04 1.1040292e-02 6.1621680e-02
-3.4074074e+00 2.7551599e-04 1.1232999e-02 6.2023751e-02
-3.3993994e+00 2.8718526e-04 1.1427566e-02 6.2434889e-02
-3.3913914e+00 3.0013647e-04 1.1617157e-02 6.2855573e-02
-3.3833834e+00 3.1447387e-04 1.1752736e-02 6.3201870e-02
-3.3753754e+00 3.2852703e-04 1.1957115e-02 6.3607607e-02
-3.3673674e+00 3.4408637e-04 1.2166182e-02 6.3958335e-02
-3.3593594e+00 3.6014384e-04 1.2358844e-02 6.4213017e-02
-3.3513514e+00 3.7703047e-04 1.2592140e-02 6.4419538e-02
-3.3433433e+00 3.9449087e-04 1.2827882e-02 6.4795173e-02
-3.3353353e+00 4.1194421e-04 1.3061043e-02 6.5164298e-02
-3.3273273e+00 4.3172322e-04 1.3275795e-02 6.5582636e-02
-3.3193193e+00 4.5140138e-04 1.3510183e-02 6.5953502e-02
-3.3113113e+00 4.7135478e-04 1.3736921e-02 6.6315891e-02
-3.3033033e+00 4.9266404e-04 1.3975081e-02 6.6704817e-02
-3.2952953e+00 5.1437774e-04 1.4205648e-02 6.6960707e-02
-3.2872873e+00 5.3706808e-04 1.4408591e-02 6.7388233e-02
-3.2792793e+00 5.6068559e-04 1.4640947e-02 6.7771333e-02
-3.2712713e+00 5.8488017e-04 1.4904980e-02 6.8128135e-02
-3.2632633e+00 6.0986146e-04 1.5114101e-02 6.8571666e-02
-3.2552553e+00 6.3552574e-04 1.5320013e-02 6.8939980e-02
-3.2472472e+00 6.6387733e-04 1.5562979e-02 6.9268245e-02
-3.2392392e+00 6.9389394e-04 1.5772470e-02 6.9645843e-02
-3.2312312e+00 7.2353733e-04 1.6013716e-02 7.0011909e-02
-3.2232232e+00 7.5520494e-04 1.6292319e-02 7.0453226e-02
-3.2152152e+00 7.8762429e-04 1.6530831e-02 7.0660143e-02
-3.2072072e+00 8.2057277e-04 1.6722329e-02 7.0944739e-02
-3.1991992e+00 8.5368935e-04 1.6938202e-02 7.1229270e-02
-3.1911912e+00 8.9031100e-04 1.7138307e-02 7.1562978e-02
-3.1831832e+00 9.2971439e-04 1.7416067e-02 7.1893120e-02
-3.1751752e+00 9.6856489e-04 1.7652591e-02 7.2299477e-02
-3.1671672e+00 1.0103583e-03 1.7926620e-02 7.2676287e-02
-3.1591592e+00 1.0525784e-03 1.8207961e-02 7.2966843e-02
-3.1511512e+00 1.0958798e-03 1.8435094e-02 7.3180233e-02
-3.1431431e+00 1.1411350e-03 1.8740260e-02 7.3520632e-02
-3.1351351e+00 1.1880105e-03 1.8952517e-02 7.3784216e-02
-3.1271271e+00 1.2384835e-03 1.9269026e-02 7.4187256e-02
-3.1191191e+00 1.2878780e-03 1.9569229e-02 7.4429443e-02
-3.1111111e+00 1.3414598e-03 1.9814744e-02 7.4666004e-02
-3.1031031e+00 1.3956162e-03 2.0112608e-02 7.4971191e-02
-3.0950951e+00 1.4510205e-03 2.0394265e-02 7.5342047e-02
-3.0870871e+00 1.5099397e-03 2.0655285e-02 7.5584135e-02
-3.0790791e+00 1.5727004e-03 2.0927258e-02 7.5950354e-02
-3.0710711e+00 1.6343632e-03 2.1226703e-02 7.6237153e-02
-3.0630631e+00 1.6979377e-03 2.1456826e-02 7.6713012e-02
-3.0550551e+00 1.7677059e-03 2.1697420e-02 7.7132413e-02
-3.0470470e+00 1.8383869e-03 2.2001233e-02 7.7471089e-02
-3.0390390e+00 1.9107377e-03 2.2303934e-02 7.7808923e-02
-3.0310310e+00 1.9850473e-03 2.2603285e-02 7.8160221e-02
-3.0230230e+00 2.0638489e-03 2.2867249e-02 7.8465134e-02
-3.0150150e+00 2.1448635e-03 2.3184463e-02 7.8739917e-02
-3.0070070e+00 2.2259147e-03 2.3473849e-02 7.9101116e-02
-2.9989990e+00 2.3139952e-03 2.3773055e-02 7.9423457e-02
-2.9909910e+00 2.4033543e-03 2.4054362e-02 7.9887800e-02
-2.9829830e+00 2.4954197e-03 2.4349912e-02 8.0274726e-02
-2.9749750e+00 2.5899027e-03 2.4662376e-02 8.0627970e-02
-2.9669670e+00 2.6893774e-03 2.4952031e-02 8.0833708e-02
-2.9589590e+00 2.7946717e-03 2.5281243e-02 8.1167613e-02
-2.9509510e+00 2.9014113e-03 2.5590011e-02 8.1558962e-02
-2.9429429e+00 3.0087886e-03 2.5846751e-02 8.1882257e-02
-2.9349349e+00 3.1158101e-03 2.6152235e-02 8.2329737e-02
-2.9269269e+00 3.2347621e-03 2.6496742e-02 8.2535564e-02
-2.9189189e+00 3.3523584e-03 2.6836267e-02 8.2908285e-02
-2.9109109e+00 3.4768024e-03 2.7247474e-02 8.3152080e-02
-2.9029029e+00 3.6008622e-03 2.7626946e-02 8.3383218e-02
-2.8948949e+00 3.7308496e-03 2.8001799e-02 8.3666138e-02
-2.8868869e+00 3.8728884e-03 2.8390390e-02 8.3927688e-02
-2.8788789e+00 4.0096961e-03 2.8791429e-02 8.4326007e-02
-2.8708709e+00 4.1597706e-03 2.9125648e-02 8.4643764e-02
-2.8628629e+00 4.3107463e-03 2.9421670e-02 8.5133727e-02
-2.8548549e+00 4.4707166e-03 2.9791565e-02 8.5364548e-02
-2.8468468e+00 4.6382233e-03 3.0213075e-02 8.5684249e-02
-2.8388388e+00 4.8114479e-03 3.0568178e-02 8.6073103e-02
-2.8308308e+00 4.9836264e-03 3.0982744e-02 8.6463755e-02
-2.8228228e+00 5.1600800e-03 3.1361668e-02 8.6781032e-02
-2.8148148e+00 5.3485571e-03 3.1677136e-02 8.7119911e-02
-2.8068068e+00 5.5367001e-03 3.2065906e-02 8.7440911e-02
-2.7987988e+00 5.7339595e-03 3.2475770e-02 8.7760250e-02
-2.7907908e+00 5.9365165e-03 3.2948365e-02 8.8106381e-02
-2.7827828e+00 6.1397444e-03 3.3334674e-02 8.8480923e-02
-2.7747748e+00 6.3538686e-03 3.3773843e-02 8.8766409e-02
-2.7667668e+00 6.5782582e-03 3.4206034e-02 8.9169227e-02
-2.7587588e+00 6.8084374e-03 3.4666538e-02 8.9580241e-02
-2.7507508e+00 7.0498196e-03 3.5106402e-02 9.0071137e-02
-2.7427427e+00 7.2867252e-03 3.5503947e-02 9.0565257e-02
-2.7347347e+00 7.5369882e-03 3.5904056e-02 9.0981557e-02
-2.7267267e+00 7.7926039e-03 3.6342698e-02 9.1395493e-02
-2.7187187e+00 8.0526834e-03 3.6806073e-02 9.1841375e-02
-2.7107107e+00 8.3245364e-03 3.7287191e-02 9.2331651e-02
-2.7027027e+00 8.6044735e-03 3.7785382e-02 9.2831937e-02
-2.6946947e+00 8.8744219e-03 3.8254276e-02 9.3212300e-02
-2.6866867e+00 9.1636846e-03 3.8729724e-02 9.3808448e-02
-2.6786787e+00 9.4710453e-03 3.9341699e-02 9.4415008e-02
-2.6706707e+00 9.7891793e-03 3.9890116e-02 9.5074305e-02
-2.6626627e+00 1.0114377e-02 4.0403742e-02 9.5738561e-02
-2.6546547e+00 1.0449377e-02 4.0829720e-02 9.6285954e-02
-2.6466466e+00 1.0783999e-02 4.1378701e-02 9.6950529e-02
-2.6386386e+00 1.1135881e-02 4.1895288e-02 9.7582446e-02
-2.6306306e+00 1.1475425e-02 4.2449844e-02 9.8149738e-02
-2.6226226e+00 1.1854842e-02 4.2979226e-02 9.8653421e-02
-2.6146146e+00 1.2223629e-02 4.3595247e-02 9.9363438e-02
-2.6066066e+00 1.2603815e-02 4.4173144e-02 1.0018061e-01
-2.5985986e+00 1.3002484e-02 4.4766065e-02 1.0079769e-01
-2.5905906e+00 1.3400571e-02 4.5394072e-02 1.0156142e-01
-2.5825826e+00 1.3812312e-02 4.5961546e-02 1.0230154e-01
-2.5745746e+00 1.4224514e-02 4.6541237e-02 1.0313026e-01
-2.5665666e+00 1.4658578e-02 4.7141673e-02 1.0390741e-01
-2.5585586e+00 1.5097307e-02 4.7685601e-02 1.0475904e-01
-2.5505506e+00 1.5553790e-02 4.8276789e-02 1.0552079e-01
-2.5425425e+00 1.6004884e-02 4.8824294e-02 1.0634332e-01
-2.5345345e+00 1.6511088e-02 4.9435643e-02 1.0719795e-01
-2.5265265e+00 1.7020638e-02 5.0100046e-02 1.0796918e-01
-2.5185185e+00 1.7549370e-02 5.0729876e-02 1.0891468e-01
-2.5105105e+00 1.8078702e-02 5.1371688e-02 1.0977737e-01
-2.5025025e+00 1.8613521e-02 5.2028425e-02 1.1067399e-01
-2.4944945e+00 1.9155980e-02 5.2753685e-02 1.1147079e-01
-2.4864865e+00 1.9737704e-02 5.3411065e-02 1.1237171e-01
-2.4784785e+00 2.0314358e-02 5.4164843e-02 1.1338305e-01
-2.4704705e+00 2.0924574e-02 5.4962697e-02 1.1428593e-01
-2.4624625e+00 2.1544565e-02 5.5733373e-02 1.1534745e-01
-2.4544545e+00 2.2157568e-02 5.6563814e-02 1.1630673e-01
-2.4464464e+00 2.2797476e-02 5.7402505e-02 1.1728221e-01
-2.4384384e+00 2.3443068e-02 5.8210354e-02 1.1829407e-01
-2.4304304e+00 2.4126679e-02 5.9072473e-02 1.1933692e-01
-2.4224224e+00 2.4774568e-02 5.9976051e-02 1.2031704e-01
-2.4144144e+00 2.5489159e-02 6.0877130e-02 1.2122995e-01
-2.4064064e+00 2.6197976e-02 6.1781906e-02 1.2242270e-01
-2.3983984e+00 2.6947331e-02 6.2744577e-02 1.2358200e-01
-2.3903904e+00 2.7710181e-02 6.3666916e-02 1.2469263e-01
-2.3823824e+00 2.8498891e-02 6.4659732e-02 1.2588952e-01
-2.3743744e+00 2.9269878e-02 6.5616705e-02 1.2715128e-01
-2.3663664e+00 3.0068695e-02 6.6581958e-02 1.2828843e-01
-2.3583584e+00 3.0918337e-02 6.7601037e-02 1.2953290e-01
-2.3503504e+00 3.1762565e-02 6.8685762e-02 1.3089870e-01
-2.3423423e+00 3.2646648e-02 6.9782775e-02 1.3216865e-01
-2.3343343e+00 3.3551150e-02 7.0861963e-02 1.3352563e-01
-2.3263263e+00 3.4450225e-02 7.1929802e-02 1.3478853e-01
-2.3183183e+00 3.5370313e-02 7.3084726e-02 1.3617510e-01
-2.3103103e+00 3.6337542e-02 7.4317573e-02 1.3746584e-01
-2.3023023e+00 3.7300210e-02 7.5600608e-02 1.3874146e-01
-2.2942943e+00 3.8312753e-02 7.6764579e-02 1.4013367e-01
-2.2862863e+00 3.9260793e-02 7.8031131e-02 1.4155533e-01
-2.2782783e+00 4.0254312e-02 7.9349475e-02 1.4306559e-01
-2.2702703e+00 4.1279083e-02 8.0675866e-02 1.4439297e-01
-2.2622623e+00 4.2372592e-02 8.1926272e-02 1.4575800e-01
-2.2542543e+00 4.3492833e-02 8.3355118e-02 1.4717155e-01
-2.2462462e+00 4.4605666e-02 8.4759149e-02 1.4864326e-01
-2.2382382e+00 4.5729277e-02 8.6192358e-02 1.5008544e-01
-2.2302302e+00 4.6923962e-02 8.7575148e-02 1.5169005e-01
-2.2222222e+00 4.8099008e-02 8.8976601e-02 1.5322715e-01
-2.2142142e+00 4.9369698e-02 9.0460792e-02 1.5468783e-01
-2.2062062e+00 5.0550681e-02 9.2048060e-02 1.5645946e-01
-2.1981982e+00 5.1824740e-02 9.3579499e-02 1.5814972e-01
-2.1901902e+00 5.3121535e-02 9.5182730e-02 1.5991002e-01
-2.1821822e+00 5.4420185e-02 9.6822605e-02 1.6175284e-01
-2.1741742e+00 5.5745101e-02 9.8368914e-02 1.6361565e-01
-2.1661662e+00 5.7123985e-02 1.0008423e-01 1.6545047e-01
-2.1581582e+00 5.8505577e-02 1.0177177e-01 1.6726835e-01
-2.1501502e+00 5.9945979e-02 1.0358145e-01 1.6921880e-01
-2.1421421e+00 6.1329041e-02 1.0523874e-01 1.7108323e-01
-2.1341341e+00 6.2758342e-02 1.0706496e-01 1.7310410e-01
-2.1261261e+00 6.4225936e-02 1.0895225e-01 1.7507975e-01
-2.1181181e+00 6.5682224e-02 1.1071633e-01 1.7717074e-01
-2.1101101e+00 6.7311604e-02 1.1255721e-01 1.7927173e-01
-2.1021021e+00 6.8925204e-02 1.1444987e-01 1.8145245e-01
-2.0940941e+00 7.0558805e-02 1.1642358e-01 1.8363069e-01
-2.0860861e+00 7.2206335e-02 1.1839977e-01 1.8572788e-01
-2.0780781e+00 7.3863968e-02 1.2027036e-01 1.8799225e-01
-2.0700701e+00 7.5529580e-02 1.2223249e-01 1.9023094e-01
-2.0620621e+00 7.7157215e-02 1.2422469e-01 1.9234576e-01
-2.0540541e+00 7.8986482e-02 1.2630974e-01 1.9462101e-01
-2.0460460e+00 8.0767141e-02 1.2833282e-01 1.9696594e-01
-2.0380380e+00 8.2599781e-02 1.3046343e-01 1.9943387e-01
-2.0300300e+00 8.4446709e-02 1.3277938e-01 2.0176482e-01
-2.0220220e+00 8.6243599e-02 1.3505312e-01 2.0423327e-01
-2.0140140e+00 8.8186521e-02 1.3735419e-01 2.0686302e-01
-2.0060060e+00 9.0143538e-02 1.3961647e-01 2.0940077e-01
-1.9979980e+00 9.1996349e-02 1.4206178e-01 2.1200734e-01
-1.9899900e+00 9.4009782e-02 1.4445230e-01 2.1473835e-01
-1.9819820e+00 9.6041749e-02 1.4693798e-01 2.1745616e-01
-1.9739740e+00 9.8075615e-02 1.4940913e-01 2.2019649e-01
-1.9659660e+00 1.0020034e-01 1.5191544e-01 2.2304418e-01
-1.9579580e+00 1.0236389e-01 1.5445186e-01 2.2586971e-01
-1.9499499e+00 1.0453580e-01 1.5702221e-01 2.2858470e-01
-1.9419419e+00 1.0672790e-01 1.5966895e-01 2.3158460e-01
-1.9339339e+00 1.0900248e-01 1.6237961e-01 2.3448222e-01
-1.9259259e+00 1.1122786e-01 1.6503479e-01 2.3751946e-01
-1.9179179e+00 1.1348215e-01 1.6780088e-01 2.4059295e-01
-1.9099099e+00 1.1579483e-01 1.7063787e-01 2.4352191e-01
-1.9019019e+00 1.1817490e-01 1.7339841e-01 2.4660623e-01
-1.8938939e+00 1.2060182e-01 1.7629601e-01 2.4982688e-01
-1.8858859e+00 1.2311248e-01 1.7923844e-01 2.5306303e-01
-1.8778779e+00 1.2558275e-01 1.8218298e-01 2.5630476e-01
-1.8698699e+00 1.2804104e-01 1.8522926e-01 2.5965585e-01
-1.8618619e+00 1.3067806e-01 1.8832651e-01 2.6288408e-01
-1.8538539e+00 1.3330928e-01 1.9138732e-01 2.6625671e-01
-1.8458458e+00 1.3596337e-01 1.9450301e-01 2.6975898e-01
-1.8378378e+00 1.3867008e-01 1.9766472e-01 2.7332893e-01
-1.8298298e+00 1.4136052e-01 2.0083922e-01 2.7690647e-01
-1.8218218e+00 1.4408024e-01 2.0399172e-01 2.8051010e-01
-1.8138138e+00 1.4689178e-01 2.0719716e-01 2.8412669e-01
-1.8058058e+00 1.4973624e-01 2.1043643e-01 2.8770675e-01
-1.7977978e+00 1.5257639e-01 2.1381194e-01 2.9144835e-01
-1.7897898e+00 1.5548354e-01 2.1704161e-01 2.9515182e-01
-1.7817818e+00 1.5837800e-01 2.2053611e-01 2.9887695e-01
-1.7737738e+00 1.6135960e-01 2.2400985e-01 3.0285447e-01
-1.7657658e+00 1.6440079e-01 2.2766888e-01 3.0684977e-01
-1.7577578e+00 1.6752946e-01 2.3126192e-01 3.1081823e-01
-1.7497497e+00 1.7059717e-01 2.3493527e-01 3.1478663e-01
-1.7417417e+00 1.7383101e-01 2.3860255e-01 3.1878767e-01
-1.7337337e+00 1.7705649e-01 2.4226569e-01 3.2280191e-01
-1.7257257e+00 1.8034508e-01 2.4597024e-01 3.2702876e-01
-1.7177177e+00 1.8364347e-01 2.4969419e-01 3.3101672e-01
-1.7097097e+00 1.8692585e-01 2.5356787e-01 3.3527103e-01
-1.7017017e+00 1.9033103e-01 2.5731521e-01 3.3954758e-01
-1.6936937e+00 1.9359654e-01 2.6135377e-01 3.4385752e-01
-1.6856857e+00 1.9703126e-01 2.6528887e-01 3.4815439e-01
-1.6776777e+00 2.0046617e-01 2.6933473e-01 3.5242651e-01
-1.6696697e+00 2.0396559e-01 2.7343657e-01 3.5678927e-01
-1.6616617e+00 2.0747054e-01 2.7753778e-01 3.6130550e-01
-1.6536537e+00 2.1107628e-01 2.8168411e-01 3.6586896e-01
-1.6456456e+00 2.1470742e-01 2.8612051e-01 3.7036378e-01
-1.6376376e+00 2.1831790e-01 2.9030331e-01 3.7495972e-01
-1.6296296e+00 2.2217702e-01 2.9460133e-01 3.7962953e-01
-1.6216216e+00 2.2590458e-01 2.9886579e-01 3.8429244e-01
-1.6136136e+00 2.2970934e-01 3.0342306e-01 3.8910732e-01
-1.6056056e+00 2.3356304e-01 3.0786553e-01 3.9411906e-01
-1.5975976e+00 2.3747341e-01 3.1231221e-01 3.9900438e-01
-1.5895896e+00 2.4147666e-01 3.1668014e-01 4.0382696e-01
-1.5815816e+00 2.4549261e-01 3.2129425e-01 4.0866996e-01
-1.5735736e+00 2.4952613e-01 3.2594163e-01 4.1356480e-01
-1.5655656e+00 2.5352777e-01 3.3058311e-01 4.1875767e-01
-1.5575576e+00 2.5759465e-01 3.3524856e-01 4.2403622e-01
-1.5495495e+00 2.6173574e-01 3.4010139e-01 4.2920513e-01
-1.5415415e+00 2.6591096e-01 3.4486764e-01 4.3423915e-01
-1.5335335e+00 2.7020061e-01 3.4966521e-01 4.3964866e-01
-1.5255255e+00 2.7437338e-01 3.5442584e-01 4.4468124e-01
-1.5175175e+00 2.7866000e-01 3.5924217e-01 4.4993504e-01
-1.5095095e+00 2.8295776e-01 3.6418302e-01 4.5524948e-01
-1.5015015e+00 2.8726293e-01 3.6906676e-01 4.6067075e-01
-1.4934935e+00 2.9182619e-01 3.7393810e-01 4.6612627e-01
-1.4854855e+00 2.9617617e-01 3.7900156e-01 4.7166600e-01
-1.4774775e+00 3.0076457e-01 3.8401460e-01 4.7727643e-01
-1.4694695e+00 3.0530397e-01 3.8915686e-01 4.8279882e-01
-1.4614615e+00 3.0990675e-01 3.9448079e-01 4.8826676e-01
-1.4534535e+00 3.1443448e-01 3.9967586e-01 4.9388254e-01
-1.4454454e+00 3.1899629e-01 4.0474234e-01 4.9952232e-01
-1.4374374e+00 3.2387245e-01 4.1007948e-01 5.0512462e-01
-1.4294294e+00 3.2862525e-01 4.1543020e-01 5.1097918e-01
-1.4214214e+00 3.3338399e-01 4.2084361e-01 5.1660100e-01
-1.4134134e+00 3.3801165e-01 4.2608503e-01 5.2237162e-01
-1.4054054e+00 3.4294268e-01 4.3146662e-01 5.2844387e-01
-1.3973974e+00 3.4791407e-01 4.3686610e-01 5.3419551e-01
-1.3893894e+00 3.5289043e-01 4.4222327e-01 5.3995036e-01
-1.3813814e+00 3.5776586e-01 4.4780106e-01 5.4590054e-01
-1.3733734e+00 3.6260519e-01 4.5328657e-01 5.5190109e-01
-1.3653654e+00 3.6766015e-01 4.5880166e-01 5.5790808e-01
-1.3573574e+00 3.7254804e-01 4.6431243e-01 5.6384212e-01
-1.3493493e+00 3.7761807e-01 4.6986188e-01 5.6976077e-01
-1.3413413e+00 3.8275343e-01 4.7531901e-01 5.7565739e-01
-1.3333333e+00 3.8782703e-01 4.8078555e-01 5.8169354e-01
-1.3253253e+00 3.9295548e-01 4.8642291e-01 5.8754403e-01
-1.3173173e+00 3.9811056e-01 4.9208608e-01 5.9364146e-01
-1.3093093e+00 4.0343996e-01 4.9780046e-01 5.9972370e-01
-1.3013013e+00 4.0860735e-01 5.0351560e-01 6.0568862e-01
-1.2932933e+00 4.1378598e-01 5.0924831e-01 6.1187845e-01
-1.2852853e+00 4.1898956e-01 5.1510323e-01 6.1786142e-01
-1.2772773e+00 4.2446975e-01 5.2087655e-01 6.2402906e-01
-1.2692693e+00 4.2960688e-01 5.2660887e-01 6.3019110e-01
-1.2612613e+00 4.3478611e-01 5.3256353e-01 6.3640605e-01
-1.2532533e+00 4.4001599e-01 5.3852718e-01 6.4273898e-01
-1.2452452e+00 4.4533654e-01 5.4449814e-01 6.4867869e-01
-1.2372372e+00 4.5060767e-01 5.5023174e-01 6.5486400e-01
-1.2292292e+00 4.5613853e-01 5.5612126e-01 6.6099209e-01
-1.2212212e+00 4.6149339e-01 5.6195694e-01 6.6715306e-01
-1.2132132e+00 4.6692418e-01 5.6773930e-01 6.7355225e-01
-1.2052052e+00 4.7228234e-01 5.7354208e-01 6.7972019e-01
-1.1971972e+00 4.7776594e-01 5.7952125e-01 6.8598412e-01
-1.1891892e+00 4.8330133e-01 5.8526914e-01 6.9226313e-01
-1.1811812e+00 4.8881811e-01 5.9125901e-01 6.9846393e-01
-1.1731732e+00 4.9439473e-01 5.9713437e-01 7.0449375e-01
-1.1651652e+00 4.9995830e-01 6.0304180e-01 7.1065851e-01
-1.1571572e+00 5.0555679e-01 6.0894733e-01 7.1675003e-01
-1.1491491e+00 5.1100803e-01 6.1484221e-01 7.2287270e-01
-1.1411411e+00 5.1651716e-01 6.2064388e-01 7.2903226e-01
-1.1331331e+00 5.2207107e-01 6.2667517e-01 7.3518885e-01
-1.1251251e+00 5.2759399e-01 6.3258660e-01 7.4127097e-01
-1.1171171e+00 5.3303365e-01 6.3854406e-01 7.4733290e-01
-1.1091091e+00 5.3851352e-01 6.4437811e-01 7.5336764e-01
-1.1011011e+00 5.4397572e-01 6.5014552e-01 7.5947458e-01
-1.0930931e+00 5.4956046e-01 6.5590495e-01 7.6569100e-01
-1.0850851e+00 5.5531549e-01 6.6166631e-01 7.7175437e-01
-1.0770771e+00 5.6086004e-01 6.6741134e-01 7.7778316e-01
-1.0690691e+00 5.6612230e-01 6.7316751e-01 7.8412584e-01
-1.0610611e+00 5.7148242e-01 6.7903199e-01 7.9029804e-01
-1.0530531e+00 5.7697844e-01 6.8473276e-01 7.9646129e-01
-1.0450450e+00 5.8246050e-01 6.9056427e-01 8.0250349e-01
-1.0370370e+00 5.8794950e-01 6.9629924e-01 8.0856312e-01
-1.0290290e+00 5.9353123e-01 7.0207965e-01 8.1431106e-01
-1.0210210e+00 5.9905481e-01 7.0782570e-01 8.2012074e-01
-1.0130130e+00 6.0465842e-01 7.1351985e-01 8.2591269e-01
-1.0050050e+00 6.0987201e-01 7.1927336e-01 8.3160995e-01
-9.9699700e-01 6.1526289e-01 7.2498519e-01 8.3732488e-01
-9.8898899e-01 6.2059937e-01 7.3061380e-01 8.4319634e-01
-9.8098098e-01 6.2575904e-01 7.3612084e-01 8.4902548e-01
-9.7297297e-01 6.3115240e-01 7.4147481e-01 8.5458565e-01
-9.6496496e-01 6.3654173e-01 7.4696991e-01 8.6009138e-01
-9.5695696e-01 6.4172602e-01 7.5269278e-01 8.6544283e-01
-9.4894895e-01 6.4705238e-01 7.5827707e-01 8.7114410e-01
-9.4094094e-01 6.5220994e-01 7.6368218e-01 8.7658915e-01
-9.3293293e-01 6.5753245e-01 7.6908842e-01 8.8199289e-01
-9.2492492e-01 6.6260654e-01 7.7452787e-01 8.8745110e-01
-9.1691692e-01 6.6767699e-01 7.7979379e-01 8.9305287e-01
-9.0890891e-01 6.7269021e-01 7.8513447e-01 8.9851332e-01
-9.0090090e-01 6.7777758e-01 7.9041602e-01 9.0387886e-01
-8.9289289e-01 6.8279090e-01 7.9581350e-01 9.0899591e-01
-8.8488488e-01 6.8759288e-01 8.0096145e-01 9.1414602e-01
-8.7687688e-01 6.9248130e-01 8.0606534e-01 9.1928293e-01
-8.6886887e-01 6.9744861e-01 8.1091416e-01 9.2465495e-01
-8.6086086e-01 7.0235932e-01 8.1603802e-01 9.2967318e-01
-8.5285285e-01 7.0714984e-01 8.2099096e-01 9.3466127e-01
-8.4484484e-01 7.1194876e-01 8.2585811e-01 9.3964153e-01
-8.3683684e-01 7.1665818e-01 8.3059721e-01 9.4433523e-01
-8.2882883e-01 7.2131883e-01 8.3534850e-01 9.4932486e-01
-8.2082082e-01 7.2588406e-01 8.4023909e-01 9.5412354e-01
-8.1281281e-01 7.3047773e-01 8.4494750e-01 9.5884411e-01
-8.0480480e-01 7.3514171e-01 8.4963447e-01 9.6338290e-01
-7.9679680e-01 7.3956119e-01 8.5450015e-01 9.6807595e-01
-7.8878879e-01 7.4422292e-01 8.5919785e-01 9.7253658e-01
-7.8078078e-01 7.4879667e-01 8.6380509e-01 9.7694733e-01
-7.7277277e-01 7.5325159e-01 8.6815858e-01 9.8128510e-01
-7.6476476e-01 7.5743941e-01 8.7268834e-01 9.8570706e-01
-7.5675676e-01 7.6176488e-01 8.7706872e-01 9.9015319e-01
-7.4874875e-01 7.6621584e-01 8.8118090e-01 9.9465837e-01
-7.4074074e-01 7.7050148e-01 8.8547521e-01 9.9904563e-01
-7.3273273e-01 7.7473864e-01 8.8971958e-01 1.0031128e+00
-7.2472472e-01 7.7856991e-01 8.9406350e-01 1.0071398e+00
-7.1671672e-01 7.8248771e-01 8.9802586e-01 1.0114162e+00
-7.0870871e-01 7.8631871e-01 9.0197647e-01 1.0153717e+00
-7.0070070e-01 7.9033183e-01 9.0577904e-01 1.0194362e+00
-6.9269269e-01 7.9429024e-01 9.0954879e-01 1.0230149e+00
-6.8468468e-01 7.9810848e-01 9.1328773e-01 1.0266875e+00
-6.7667668e-01 8.0161415e-01 9.1714673e-01 1.0300848e+00
-6.6866867e-01 8.0540600e-01 9.2091322e-01 1.0334373e+00
-6.6066066e-01 8.0914825e-01 9.2464459e-01 1.0369401e+00
-6.5265265e-01 8.1251015e-01 9.2808672e-01 1.0401581e+00
-6.4464464e-01 8.1599184e-01 9.3153687e-01 1.0433813e+00
-6.3663664e-01 8.1934930e-01 9.3503187e-01 1.0465649e+00
-6.2862863e-01 8.2265615e-01 9.3822618e-01 1.0497494e+00
-6.2062062e-01 8.2576689e-01 9.4140478e-01 1.0525786e+00
-6.1261261e-01 8.2892442e-01 9.4449323e-01 1.0555872e+00
-6.0460460e-01 8.3168638e-01 9.4751144e-01 1.0584721e+00
-5.9659660e-01 8.3487735e-01 9.5035739e-01 1.0612729e+00
-5.8858859e-01 8.3774129e-01 9.5327192e-01 1.0640117e+00
-5.8058058e-01 8.4057305e-01 9.5606799e-01 1.0667764e+00
-5.7257257e-01 8.4343062e-01 9.5882002e-01 1.0691086e+00
-5.6456456e-01 8.4609809e-01 9.6137060e-01 1.0715670e+00
-5.5655656e-01 8.4873691e-01 9.6398850e-01 1.0741607e+00
-5.4854855e-01 8.5121321e-01 9.6637756e-01 1.0764825e+00
-5.4054054e-01 8.5353055e-01 9.6874969e-01 1.0787253e+00
-5.3253253e-01 8.5587070e-01 9.7098946e-01 1.0807873e+00
-5.2452452e-01 8.5790362e-01 9.7318759e-01 1.0830721e+00
-5.1651652e-01 8.6017976e-01 9.7529106e-01 1.0850806e+00
-5.0850851e-01 8.6216067e-01 9.7704482e-01 1.0871391e+00
-5.0050050e-01 8.6408063e-01 9.7909909e-01 1.0889273e+00
-4.9249249e-01 8.6602687e-01 9.8101123e-01 1.0910817e+00
-4.8448448e-01 8.6776659e-01 9.8281819e-01 1.0925317e+00
-4.7647648e-01 8.6947702e-01 9.8456469e-01 1.0940590e+00
-4.6846847e-01 8.7137012e-01 9.8612790e-01 1.0956296e+00
-4.6046046e-01 8.7311614e-01 9.8755696e-01 1.0969207e+00
-4.5245245e-01 8.7472742e-01 9.8890489e-01 1.0982715e+00
-4.4444444e-01 8.7616837e-01 9.9019012e-01 1.0995222e+00
-4.3643644e-01 8.7745975e-01 9.9137269e-01 1.1006986e+00
-4.2842843e-01 8.7870668e-01 9.9270883e-01 1.1017237e+00
-4.2042042e-01 8.7992578e-01 9.9371426e-01 1.1027634e+00
-4.1241241e-01 8.8092348e-01 9.9470099e-01 1.1036737e+00
-4.0440440e-01 8.8199596e-01 9.9554097e-01 1.1042509e+00
-3.9639640e-01 8.8281353e-01 9.9639351e-01 1.1050319e+00
-3.8838839e-01 8.8387798e-01 9.9705958e-01 1.1056929e+00
-3.8038038e-01 8.8447427e-01 9.9804375e-01 1.1063693e+00
-3.7237237e-01 8.8512270e-01 9.9848555e-01 1.1068523e+00
-3.6436436e-01 8.8593905e-01 9.9904611e-01 1.1072637e+00
-3.5635636e-01 8.8633050e-01 9.9940747e-01 1.1075399e+00
-3.4834835e-01 8.8663532e-01 9.9975649e-01 1.1076838e+00
-3.4034034e-01 8.8696216e-01 9.9981516e-01 1.1080030e+00
-3.3233233e-01 8.8724983e-01 1.0000000e+00 1.1080148e+00
-3.2432432e-01 8.8743321e-01 9.9984741e-01 1.1081636e+00
-3.1631632e-01 8.8751324e-01 9.9978512e-01 1.1082019e+00
-3.0830831e-01 8.8736178e-01 9.9973728e-01 1.1081250e+00
-3.0030030e-01 8.8737694e-01 9.9959057e-01 1.1078248e+00
-2.9229229e-01 8.8707545e-01 9.9930141e-01 1.1072840e+00
-2.8428428e-01 8.8670669e-01 9.9896935e-01 1.1069280e+00
-2.7627628e-01 8.8629901e-01 9.9866837e-01 1.1062056e+00
-2.6826827e-01 8.8583066e-01 9.9813789e-01 1.1057359e+00
-2.6026026e-01 8.8523713e-01 9.9756374e-01 1.1050467e+00
-2.5225225e-01 8.8459865e-01 9.9675753e-01 1.1042418e+00
-2.4424424e-01 8.8393966e-01 9.9605152e-01 1.1032534e+00
-2.3623624e-01 8.8320919e-01 9.9516909e-01 1.1023520e+00
-2.2822823e-01 8.8240986e-01 9.9419819e-01 1.1014681e+00
-2.2022022e-01 8.8138819e-01 9.9310822e-01 1.1003302e+00
-2.1221221e-01 8.8050107e-01 9.9222735e-01 1.0990082e+00
-2.0420420e-01 8.7949401e-01 9.9106190e-01 1.0978554e+00
-1.9619620e-01 8.7820144e-01 9.8968630e-01 1.0965382e+00
-1.8818819e-01 8.7692253e-01 9.8848635e-01 1.0951083e+00
-1.8018018e-01 8.7574729e-01 9.8720387e-01 1.0935552e+00
-1.7217217e-01 8.7463269e-01 9.8581563e-01 1.0917836e+00
-1.6416416e-01 8.7329119e-01 9.8434603e-01 1.0904498e+00
-1.5615616e-01 8.7187065e-01 9.8266516e-01 1.0886614e+00
-1.4814815e-01 8.7040495e-01 9.8074324e-01 1.0868320e+00
-1.4014014e-01 8.6858764e-01 9.7886381e-01 1.0849586e+00
-1.3213213e-01 8.6691833e-01 9.7693089e-01 1.0829507e+00
-1.2412412e-01 8.6537220e-01 9.7499277e-01 1.0811856e+00
-1.1611612e-01 8.6354990e-01 9.7300734e-01 1.0791557e+00
-1.0810811e-01 8.6159686e-01 9.7107749e-01 1.0767244e+00
-1.0010010e-01 8.5975031e-01 9.6874225e-01 1.0747132e+00
-9.2092092e-02 8.5780450e-01 9.6653525e-01 1.0724206e+00
-8.4084084e-02 8.5542198e-01 9.6431723e-01 1.0699958e+00
-7.6076076e-02 8.5308986e-01 9.6210465e-01 1.0675727e+00
-6.8068068e-02 8.5077676e-01 9.5967028e-01 1.0650685e+00
-6.0060060e-02 8.4820210e-01 9.5707947e-01 1.0623982e+00
-5.2052052e-02 8.4579399e-01 9.5454307e-01 1.0599707e+00
-4.4044044e-02 8.4334987e-01 9.5202902e-01 1.0574456e+00
-3.6036036e-02 8.4070929e-01 9.4945168e-01 1.0547814e+00
-2.8028028e-02 8.3816321e-01 9.4682941e-01 1.0519969e+00
-2.0020020e-02 8.3548551e-01 9.4417129e-01 1.0490210e+00
-1.2012012e-02 8.3262295e-01 9.4147356e-01 1.0463957e+00
-4.0040040e-03 8.2998812e-01 9.3860324e-01 1.0434156e+00
4.0040040e-03 8.2726541e-01 9.3551655e-01 1.0407081e+00
1.2012012e-02 8.2407675e-01 9.3247221e-01 1.0378902e+00
2.0020020e-02 8.2108040e-01 9.2943829e-01 1.0347543e+00
2.8028028e-02 8.1808931e-01 9.2629100e-01 1.0316313e+00
3.6036036e-02 8.1476967e-01 9.2309658e-01 1.0284375e+00
4.4044044e-02 8.1151683e-01 9.1986917e-01 1.0252440e+00
5.2052052e-02 8.0839479e-01 9.1681779e-01 1.0220911e+00
6.0060060e-02 8.0530561e-01 9.1349929e-01 1.0186209e+00
6.8068068e-02 8.0201378e-01 9.0990964e-01 1.0152417e+00
7.6076076e-02 7.9862374e-01 9.0668659e-01 1.0118194e+00
8.4084084e-02 7.9530243e-01 9.0317104e-01 1.0082285e+00
9.2092092e-02 7.9205589e-01 8.9965074e-01 1.0046484e+00
1.0010010e-01 7.8840722e-01 8.9582685e-01 1.0012002e+00
1.0810811e-01 7.8482222e-01 8.9234886e-01 9.9758869e-01
1.1611612e-01 7.8153340e-01 8.8877538e-01 9.9408736e-01
1.2412412e-01 7.7774568e-01 8.8492806e-01 9.9025948e-01
1.3213213e-01 7.7399836e-01 8.8114367e-01 9.8645901e-01
1.4014014e-01 7.7009193e-01 8.7727398e-01 9.8262175e-01
1.4814815e-01 7.6621695e-01 8.7351332e-01 9.7874950e-01
1.5615616e-01 7.6233303e-01 8.6938555e-01 9.7490033e-01
1.6416416e-01 7.5837062e-01 8.6523772e-01 9.7101805e-01
1.7217217e-01 7.5449535e-01 8.6118114e-01 9.6726943e-01
1.8018018e-01 7.5068673e-01 8.5702130e-01 9.6350650e-01
1.8818819e-01 7.4656246e-01 8.5312021e-01 9.5945316e-01
1.9619620e-01 7.4245833e-01 8.4912411e-01 9.5542881e-01
2.0420420e-01 7.3848575e-01 8.4521214e-01 9.5128219e-01
2.1221221e-01 7.3437523e-01 8.4119353e-01 9.4708090e-01
2.2022022e-01 7.2999744e-01 8.3688434e-01 9.4289648e-01
2.2822823e-01 7.2589063e-01 8.3283772e-01 9.3869574e-01
2.3623624e-01 7.2161823e-01 8.2862418e-01 9.3439631e-01
2.4424424e-01 7.1738124e-01 8.2420446e-01 9.3033539e-01
2.5225225e-01 7.1332214e-01 8.1999714e-01 9.2624022e-01
2.6026026e-01 7.0908197e-01 8.1574997e-01 9.2198722e-01
2.6826827e-01 7.0464358e-01 8.1141605e-01 9.1745657e-01
2.7627628e-01 7.0023956e-01 8.0687913e-01 9.1291681e-01
2.8428428e-01 6.9577370e-01 8.0249140e-01 9.0832993e-01
2.9229229e-01 6.9138585e-01 7.9783563e-01 9.0391474e-01
3.0030030e-01 6.8721123e-01 7.9326998e-01 8.9978517e-01
3.0830831e-01 6.8260746e-01 7.8882592e-01 8.9548237e-01
3.1631632e-01 6.7798919e-01 7.8441238e-01 8.9088194e-01
3.2432432e-01 6.7365372e-01 7.7981904e-01 8.8649426e-01
3.3233233e-01 6.6932381e-01 7.7526578e-01 8.8197574e-01
3.4034034e-01 6.6478956e-01 7.7063555e-01 8.7765752e-01
3.4834835e-01 6.6028801e-01 7.6607700e-01 8.7315372e-01
3.5635636e-01 6.5587239e-01 7.6156537e-01 8.6879577e-01
3.6436436e-01 6.5121966e-01 7.5691542e-01 8.6419352e-01
3.7237237e-01 6.4652353e-01 7.5223189e-01 8.5954989e-01
3.8038038e-01 6.4180577e-01 7.4768052e-01 8.5506561e-01
3.8838839e-01 6.3699968e-01 7.4307641e-01 8.5055644e-01
3.9639640e-01 6.3235052e-01 7.3824090e-01 8.4617355e-01
4.0440440e-01 6.2776254e-01 7.3357547e-01 8.4177265e-01
4.1241241e-01 6.2330041e-01 7.2887899e-01 8.3691610e-01
4.2042042e-01 6.1866915e-01 7.2412901e-01 8.3220375e-01
4.2842843e-01 6.1410632e-01 7.1932576e-01 8.2771490e-01
4.3643644e-01 6.0941241e-01 7.1463108e-01 8.2307534e-01
4.4444444e-01 6.0490725e-01 7.0999909e-01 8.1860303e-01
4.5245245e-01 6.0013459e-01 7.0528082e-01 8.1381999e-01
4.6046046e-01 5.9557810e-01 7.0051727e-01 8.0932174e-01
4.6846847e-01 5.9082239e-01 6.9574250e-01 8.0459303e-01
4.7647648e-01 5.8609219e-01 6.9089246e-01 8.0008917e-01
4.8448448e-01 5.8162952e-01 6.8602709e-01 7.9543490e-01
4.9249249e-01 5.7703248e-01 6.8130283e-01 7.9082010e-01
5.0050050e-01 5.7237738e-01 6.7656316e-01 7.8624753e-01
5.0850851e-01 5.6770236e-01 6.7184591e-01 7.8156651e-01
5.1651652e-01 5.6302430e-01 6.6709119e-01 7.7701297e-01
5.2452452e-01 5.5840170e-01 6.6237519e-01 7.7245981e-01
5.3253253e-01 5.5370294e-01 6.5759997e-01 7.6768177e-01
5.4054054e-01 5.4900501e-01 6.5284570e-01 7.6298090e-01
5.4854855e-01 5.4437846e-01 6.4830146e-01 7.5823623e-01
5.5655656e-01 5.3966306e-01 6.4348074e-01 7.5365750e-01
5.6456456e-01 5.3493761e-01 6.3876090e-01 7.4896297e-01
5.7257257e-01 5.3049294e-01 6.3405140e-01 7.4413429e-01
5.8058058e-01 5.2575849e-01 6.2912279e-01 7.3936926e-01
5.8858859e-01 5.2107226e-01 6.2461073e-01 7.3465743e-01
5.9659660e-01 5.1651007e-01 6.1978508e-01 7.3010355e-01
6.0460460e-01 5.1197500e-01 6.1501164e-01 7.2523368e-01
6.1261261e-01 5.0746147e-01 6.1030294e-01 7.2031621e-01
6.2062062e-01 5.0305344e-01 6.0561907e-01 7.1582411e-01
6.2862863e-01 4.9853575e-01 6.0083041e-01 7.1105340e-01
6.3663664e-01 4.9389357e-01 5.9615328e-01 7.0648829e-01
6.4464464e-01 4.8926581e-01 5.9147828e-01 7.0185571e-01
6.5265265e-01 4.8481004e-01 5.8674723e-01 6.9703340e-01
6.6066066e-01 4.8034125e-01 5.8205259e-01 6.9228843e-01
6.6866867e-01 4.7574729e-01 5.7749672e-01 6.8754622e-01
6.7667668e-01 4.7117132e-01 5.7277570e-01 6.8305473e-01
6.8468468e-01 4.6659251e-01 5.6827835e-01 6.7831629e-01
6.9269269e-01 4.6224217e-01 5.6373396e-01 6.7358368e-01
7.0070070e-01 4.5794220e-01 5.5904160e-01 6.6886680e-01
7.0870871e-01 4.5350067e-01 5.5450071e-01 6.6438893e-01
7.1671672e-01 4.4889245e-01 5.4994783e-01 6.5985091e-01
7.2472472e-01 4.4455011e-01 5.4567971e-01 6.5506647e-01
7.3273273e-01 4.4006019e-01 5.4118076e-01 6.5043703e-01
7.4074074e-01 4.3566829e-01 5.3647008e-01 6.4577260e-01
7.4874875e-01 4.3122317e-01 5.3198658e-01 6.4136172e-01
7.5675676e-01 4.2692742e-01 5.2762728e-01 6.3667113e-01
7.6476476e-01 4.2259907e-01 5.2313997e-01 6.3209542e-01
7.7277277e-01 4.1844078e-01 5.1865247e-01 6.2749060e-01
7.8078078e-01 4.1421471e-01 5.1414900e-01 6.2289774e-01
7.8878879e-01 4.0992235e-01 5.0958583e-01 6.1822770e-01
7.9679680e-01 4.0567706e-01 5.0522075e-01 6.1353736e-01
8.0480480e-01 4.0148830e-01 5.0075685e-01 6.0906449e-01
8.1281281e-01 3.9721756e-01 4.9639343e-01 6.0473871e-01
8.2082082e-01 3.9290640e-01 4.9201413e-01 6.0024654e-01
8.2882883e-01 3.8861097e-01 4.8773217e-01 5.9583808e-01
8.3683684e-01 3.8434292e-01 4.8331470e-01 5.9122399e-01
8.4484484e-01 3.8022028e-01 4.7902847e-01 5.8676375e-01
8.5285285e-01 3.7613592e-01 4.7462903e-01 5.8212254e-01
8.6086086e-01 3.7182528e-01 4.7033278e-01 5.7763155e-01
8.6886887e-01 3.6775035e-01 4.6593146e-01 5.7309940e-01
8.7687688e-01 3.6356031e-01 4.6170680e-01 5.6856276e-01
8.8488488e-01 3.5966839e-01 4.5753838e-01 5.6427046e-01
8.9289289e-01 3.5577113e-01 4.5315487e-01 5.5974411e-01
9.0090090e-01 3.5180046e-01 4.4888379e-01 5.5548269e-01
9.0890891e-01 3.4795817e-01 4.4464132e-01 5.5102534e-01
9.1691692e-01 3.4403888e-01 4.4053488e-01 5.4657157e-01
9.2492492e-01 3.4003957e-01 4.3643208e-01 5.4225281e-01
9.3293293e-01 3.3626998e-01 4.3218422e-01 5.3798322e-01
9.4094094e-01 3.3242796e-01 4.2818975e-01 5.3364948e-01
9.4894895e-01 3.2844825e-01 4.2401180e-01 5.2924406e-01
9.5695696e-01 3.2487458e-01 4.1998804e-01 5.2504057e-01
9.6496496e-01 3.2120283e-01 4.1590296e-01 5.2083597e-01
9.7297297e-01 3.1733755e-01 4.1179537e-01 5.1647621e-01
9.8098098e-01 3.1359079e-01 4.0792177e-01 5.1209250e-01
9.8898899e-01 3.0990311e-01 4.0383895e-01 5.0802154e-01
9.9699700e-01 3.0628756e-01 3.9992636e-01 5.0390896e-01
1.0050050e+00 3.0270983e-01 3.9599956e-01 4.9977668e-01
1.0130130e+00 2.9902644e-01 3.9217091e-01 4.9554737e-01
1.0210210e+00 2.9552799e-01 3.8825480e-01 4.9129402e-01
1.0290290e+00 2.9195944e-01 3.8446658e-01 4.8722942e-01
1.0370370e+00 2.8847657e-01 3.8063621e-01 4.8334786e-01
1.0450450e+00 2.8501663e-01 3.7669543e-01 4.7911324e-01
1.0530531e+00 2.8164542e-01 3.7292539e-01 4.7539124e-01
1.0610611e+00 2.7819185e-01 3.6901656e-01 4.7130646e-01
1.0690691e+00 2.7499592e-01 3.6515770e-01 4.6721936e-01
1.0770771e+00 2.7165165e-01 3.6148268e-01 4.6332026e-01
1.0850851e+00 2.6842882e-01 3.5778869e-01 4.5935807e-01
1.0930931e+00 2.6505790e-01 3.5405842e-01 4.5536591e-01
1.1011011e+00 2.6172651e-01 3.5033885e-01 4.5147808e-01
1.1091091e+00 2.5833139e-01 3.4669882e-01 4.4782185e-01
1.1171171e+00 2.5495974e-01 3.4320314e-01 4.4398144e-01
1.1251251e+00 2.5178765e-01 3.3962321e-01 4.4022014e-01
1.1331331e+00 2.4853169e-01 3.3605726e-01 4.3654322e-01
1.1411411e+00 2.4527665e-01 3.3237462e-01 4.3273860e-01
1.1491491e+00 2.4207050e-01 3.2886376e-01 4.2898441e-01
1.1571572e+00 2.3896263e-01 3.2539311e-01 4.2512948e-01
1.1651652e+00 2.3582022e-01 3.2192343e-01 4.2145306e-01
1.1731732e+00 2.3279900e-01 3.1851992e-01 4.1753236e-01
1.1811812e+00 2.2974899e-01 3.1495658e-01 4.1402016e-01
1.1891892e+00 2.2664786e-01 3.1157109e-01 4.1018600e-01
1.1971972e+00 2.2364013e-01 3.0832687e-01 4.0665239e-01
1.2052052e+00 2.2066488e-01 3.0508464e-01 4.0303048e-01
1.2132132e+00 2.1782261e-01 3.0179579e-01 3.9929280e-01
1.2212212e+00 2.1492252e-01 2.9849445e-01 3.9560733e-01
1.2292292e+00 2.1188411e-01 2.9515853e-01 3.9201181e-01
1.2372372e+00 2.0897549e-01 2.9204682e-01 3.8859731e-01
1.2452452e+00 2.0619109e-01 2.8885696e-01 3.8516983e-01
1.2532533e+00 2.0339568e-01 2.8560197e-01 3.8173260e-01
1.2612613e+00 2.0049306e-01 2.8243389e-01 3.7823778e-01
1.2692693e+00 1.9773059e-01 2.7934021e-01 3.7471891e-01
1.2772773e+00 1.9509536e-01 2.7631636e-01 3.7121252e-01
1.2852853e+00 1.9237793e-01 2.7311650e-01 3.6790018e-01
1.2932933e+00 1.8974455e-01 2.6999435e-01 3.6451696e-01
1.3013013e+00 1.8709868e-01 2.6701478e-01 3.6100494e-01
1.3093093e+00 1.8448710e-01 2.6392044e-01 3.5775616e-01
1.3173173e+00 1.8196829e-01 2.6086321e-01 3.5452526e-01
1.3253253e+00 1.7926759e-01 2.5787890e-01 3.5129170e-01
1.3333333e+00 1.7667606e-01 2.5489630e-01 3.4815052e-01
1.3413413e+00 1.7406855e-01 2.5201091e-01 3.4486172e-01
1.3493493e+00 1.7155627e-01 2.4901599e-01 3.4164449e-01
1.3573574e+00 1.6912827e-01 2.4614292e-01 3.3854916e-01
1.3653654e+00 1.6669078e-01 2.4329791e-01 3.3554923e-01
1.3733734e+00 1.6432801e-01 2.4040310e-01 3.3244637e-01
1.3813814e+00 1.6189895e-01 2.3760905e-01 3.2935409e-01
1.3893894e+00 1.5954500e-01 2.3492698e-01 3.2617385e-01
1.3973974e+00 1.5730057e-01 2.3222084e-01 3.2293269e-01
1.4054054e+00 1.5486836e-01 2.2947102e-01 3.1989212e-01
1.4134134e+00 1.5261897e-01 2.2685939e-01 3.1695210e-01
1.4214214e+00 1.5032115e-01 2.2420759e-01 3.1398842e-01
1.4294294e+00 1.4804903e-01 2.2165299e-01 3.1094672e-01
1.4374374e+00 1.4587580e-01 2.1910696e-01 3.0788748e-01
1.4454454e+00 1.4377380e-01 2.1649467e-01 3.0490055e-01
1.4534535e+00 1.4154952e-01 2.1388773e-01 3.0207400e-01
1.4614615e+00 1.3936624e-01 2.1125366e-01 2.9925511e-01
1.4694695e+00 1.3721237e-01 2.0881478e-01 2.9618418e-01
1.4774775e+00 1.3518565e-01 2.0626690e-01 2.9326417e-01
1.4854855e+00 1.3323273e-01 2.0380640e-01 2.9061781e-01
1.4934935e+00 1.3114932e-01 2.0135660e-01 2.8792259e-01
1.5015015e+00 1.2904110e-01 1.9895148e-01 2.8520135e-01
1.5095095e+00 1.2703180e-01 1.9647116e-01 2.8241267e-01
1.5175175e+00 1.2498219e-01 1.9403127e-01 2.7970796e-01
1.5255255e+00 1.2305795e-01 1.9164645e-01 2.7711259e-01
1.5335335e+00 1.2106390e-01 1.8931013e-01 2.7438358e-01
1.5415415e+00 1.1919046e-01 1.8708475e-01 2.7176974e-01
1.5495495e+00 1.1739417e-01 1.8478384e-01 2.6928126e-01
1.5575576e+00 1.1553354e-01 1.8254941e-01 2.6657981e-01
1.5655656e+00 1.1373413e-01 1.8030426e-01 2.6403516e-01
1.5735736e+00 1.1197059e-01 1.7803754e-01 2.6149356e-01
1.5815816e+00 1.1022031e-01 1.7580985e-01 2.5882088e-01
1.5895896e+00 1.0848879e-01 1.7352403e-01 2.5652542e-01
1.5975976e+00 1.0688469e-01 1.7126837e-01 2.5411393e-01
1.6056056e+00 1.0517414e-01 1.6908837e-01 2.5179480e-01
1.6136136e+00 1.0344973e-01 1.6713300e-01 2.4931204e-01
1.6216216e+00 1.0173746e-01 1.6509164e-01 2.4710512e-01
1.6296296e+00 1.0010046e-01 1.6313925e-01 2.4474012e-01
1.6376376e+00 9.8360665e-02 1.6115333e-01 2.4229154e-01
1.6456456e+00 9.6677956e-02 1.5922232e-01 2.3994019e-01
1.6536537e+00 9.5050390e-02 1.5736867e-01 2.3774410e-01
1.6616617e+00 9.3515540e-02 1.5538437e-01 2.3570067e-01
1.6696697e+00 9.1989721e-02 1.5345209e-01 2.3368163e-01
1.6776777e+00 9.0487776e-02 1.5155387e-01 2.3144177e-01
1.6856857e+00 8.8909601e-02 1.4960472e-01 2.2921368e-01
1.6936937e+00 8.7484061e-02 1.4775439e-01 2.2706034e-01
1.7017017e+00 8.6025345e-02 1.4588815e-01 2.2490115e-01
1.7097097e+00 8.4544236e-02 1.4406269e-01 2.2270455e-01
1.7177177e+00 8.3104112e-02 1.4229446e-01 2.2053324e-01
1.7257257e+00 8.1699196e-02 1.4050424e-01 2.1859587e-01
1.7337337e+00 8.0387556e-02 1.3877789e-01 2.1654617e-01
1.7417417e+00 7.9086384e-02 1.3697587e-01 2.1440513e-01
1.7497497e+00 7.7619400e-02 1.3518838e-01 2.1240378e-01
1.7577578e+00 7.6328393e-02 1.3345503e-01 2.1047630e-01
1.7657658e+00 7.5110197e-02 1.3184678e-01 2.0857200e-01
1.7737738e+00 7.3799803e-02 1.3017160e-01 2.0655315e-01
1.7817818e+00 7.2490595e-02 1.2847820e-01 2.0469952e-01
1.7897898e+00 7.1207550e-02 1.2693829e-01 2.0294566e-01
1.7977978e+00 6.9978342e-02 1.2531220e-01 2.0108774e-01
1.8058058e+00 6.8812932e-02 1.2366881e-01 1.9930173e-01
1.8138138e+00 6.7609172e-02 1.2212672e-01 1.9764692e-01
1.8218218e+00 6.6473604e-02 1.2053887e-01 1.9581967e-01
1.8298298e+00 6.5338920e-02 1.1904130e-01 1.9401983e-01
1.8378378e+00 6.4196001e-02 1.1755748e-01 1.9238711e-01
1.8458458e+00 6.3058314e-02 1.1600468e-01 1.9070346e-01
1.8538539e+00 6.1894656e-02 1.1446311e-01 1.8888685e-01
1.8618619e+00 6.0817587e-02 1.1292925e-01 1.8726239e-01
1.8698699e+00 5.9734092e-02 1.1152173e-01 1.8556421e-01
1.8778779e+00 5.8709532e-02 1.1005095e-01 1.8395355e-01
1.8858859e+00 5.7657148e-02 1.0859216e-01 1.8246658e-01
1.8938939e+00 5.6579620e-02 1.0721740e-01 1.8094778e-01
1.9019019e+00 5.5474735e-02 1.0583064e-01 1.7933322e-01
1.9099099e+00 5.4476946e-02 1.0448344e-01 1.7762500e-01
1.9179179e+00 5.3450395e-02 1.0321150e-01 1.7598668e-01
1.9259259e+00 5.2409957e-02 1.0197553e-01 1.7440158e-01
1.9339339e+00 5.1438703e-02 1.0073975e-01 1.7297619e-01
1.9419419e+00 5.0518492e-02 9.9431842e-02 1.7164377e-01
1.9499499e+00 4.9585669e-02 9.8174222e-02 1.7018655e-01
1.9579580e+00 4.8674658e-02 9.6902843e-02 1.6849671e-01
1.9659660e+00 4.7706465e-02 9.5600013e-02 1.6699210e-01
1.9739740e+00 4.6765666e-02 9.4443889e-02 1.6559713e-01
1.9819820e+00 4.5825886e-02 9.3244633e-02 1.6407170e-01
1.9899900e+00 4.4945194e-02 9.2009892e-02 1.6275676e-01
1.9979980e+00 4.4102506e-02 9.0854030e-02 1.6133071e-01
2.0060060e+00 4.3239530e-02 8.9690587e-02 1.6011262e-01
2.0140140e+00 4.2350955e-02 8.8626151e-02 1.5865641e-01
2.0220220e+00 4.1503685e-02 8.7497897e-02 1.5733892e-01
2.0300300e+00 4.0644515e-02 8.6385491e-02 1.5618559e-01
2.0380380e+00 3.9834942e-02 8.5282261e-02 1.5487413e-01
2.0460460e+00 3.9053183e-02 8.4194766e-02 1.5378210e-01
2.0540541e+00 3.8204691e-02 8.3110537e-02 1.5262751e-01
2.0620621e+00 3.7392959e-02 8.2015898e-02 1.5161256e-01
2.0700701e+00 3.6650960e-02 8.0906643e-02 1.5046578e-01
2.0780781e+00 3.5948827e-02 7.9976563e-02 1.4933448e-01
2.0860861e+00 3.5142556e-02 7.8965466e-02 1.4814129e-01
2.0940941e+00 3.4384711e-02 7.7998698e-02 1.4700868e-01
2.1021021e+00 3.3678418e-02 7.7011795e-02 1.4577874e-01
2.1101101e+00 3.2963487e-02 7.6108338e-02 1.4457114e-01
2.1181181e+00 3.2309456e-02 7.5091630e-02 1.4345748e-01
2.1261261e+00 3.1607883e-02 7.4213032e-02 1.4236571e-01
2.1341341e+00 3.0950108e-02 7.3379415e-02 1.4136233e-01
2.1421421e+00 3.0314736e-02 7.2415636e-02 1.4033738e-01
2.1501502e+00 2.9668781e-02 7.1455448e-02 1.3921717e-01
2.1581582e+00 2.9019328e-02 7.0650106e-02 1.3816227e-01
2.1661662e+00 2.8362339e-02 6.9813942e-02 1.3722587e-01
2.1741742e+00 2.7757679e-02 6.8949449e-02 1.3631173e-01
2.1821822e+00 2.7142783e-02 6.8080093e-02 1.3518824e-01
2.1901902e+00 2.6543926e-02 6.7342823e-02 1.3412154e-01
2.1981982e+00 2.5921173e-02 6.6597139e-02 1.3314655e-01
2.2062062e+00 2.5349599e-02 6.5766302e-02 1.3225107e-01
2.2142142e+00 2.4749316e-02 6.5003369e-02 1.3132091e-01
2.2222222e+00 2.4238200e-02 6.4243476e-02 1.3034326e-01
2.2302302e+00 2.3659277e-02 6.3459644e-02 1.2937617e-01
2.2382382e+00 2.3124899e-02 6.2730702e-02 1.2849006e-01
2.2462462e+00 2.2625979e-02 6.1971527e-02 1.2755557e-01
2.2542543e+00 2.2109894e-02 6.1229681e-02 1.2670982e-01
2.2622623e+00 2.1617937e-02 6.0567833e-02 1.2592710e-01
2.2702703e+00 2.1125920e-02 5.9885485e-02 1.2509156e-01
2.2782783e+00 2.0631847e-02 5.9148662e-02 1.2423876e-01
2.2862863e+00 2.0152040e-02 5.8420010e-02 1.2323958e-01
2.2942943e+00 1.9682789e-02 5.7741737e-02 1.2237918e-01
2.3023023e+00 1.9228219e-02 5.7082782e-02 1.2137113e-01
2.3103103e+00 1.8780959e-02 5.6462983e-02 1.2053048e-01
2.3183183e+00 1.8320224e-02 5.5772781e-02 1.1969772e-01
2.3263263e+00 1.7858364e-02 5.5158875e-02 1.1884541e-01
2.3343343e+00 1.7410159e-02 5.4568034e-02 1.1800549e-01
2.3423423e+00 1.7005256e-02 5.3970215e-02 1.1715474e-01
2.3503504e+00 1.6624537e-02 5.3459969e-02 1.1641701e-01
2.3583584e+00 1.6232754e-02 5.2935631e-02 1.1568301e-01
2.3663664e+00 1.5830725e-02 5.2370873e-02 1.1495086e-01
2.3743744e+00 1.5442933e-02 5.1790305e-02 1.1422283e-01
2.3823824e+00 1.5050804e-02 5.1258514e-02 1.1348191e-01
2.3903904e+00 1.4679223e-02 5.0788741e-02 1.1266708e-01
2.3983984e+00 1.4304691e-02 5.0298697e-02 1.1197625e-01
2.4064064e+00 1.3942905e-02 4.9796670e-02 1.1121570e-01
2.4144144e+00 1.3581196e-02 4.9347276e-02 1.1039075e-01
2.4224224e+00 1.3232295e-02 4.8887558e-02 1.0961789e-01
2.4304304e+00 1.2890261e-02 4.8473337e-02 1.0888543e-01
2.4384384e+00 1.2566419e-02 4.8011607e-02 1.0824524e-01
2.4464464e+00 1.2277342e-02 4.7613111e-02 1.0760130e-01
2.4544545e+00 1.1976466e-02 4.7168899e-02 1.0704709e-01
2.4624625e+00 1.1675569e-02 4.6720221e-02 1.0639213e-01
2.4704705e+00 1.1382244e-02 4.6259542e-02 1.0574422e-01
2.4784785e+00 1.1093106e-02 4.5886341e-02 1.0512945e-01
2.4864865e+00 1.0821584e-02 4.5526339e-02 1.0458883e-01
2.4944945e+00 1.0528824e-02 4.5126570e-02 1.0398912e-01
2.5025025e+00 1.0256923e-02 4.4754894e-02 1.0332525e-01
2.5105105e+00 9.9799102e-03 4.4381072e-02 1.0277151e-01
2.5185185e+00 9.7090990e-03 4.4011608e-02 1.0215858e-01
2.5265265e+00 9.4419889e-03 4.3646258e-02 1.0175246e-01
2.5345345e+00 9.1791211e-03 4.3313208e-02 1.0114330e-01
2.5425425e+00 8.9411586e-03 4.2942964e-02 1.0061243e-01
2.5505506e+00 8.6994617e-03 4.2601767e-02 9.9944733e-02
2.5585586e+00 8.4640415e-03 4.2248017e-02 9.9308099e-02
2.5665666e+00 8.2523312e-03 4.1816212e-02 9.8654563e-02
2.5745746e+00 8.0333619e-03 4.1432884e-02 9.8071624e-02
2.5825826e+00 7.8170574e-03 4.1110892e-02 9.7625662e-02
2.5905906e+00 7.6124609e-03 4.0691148e-02 9.7202251e-02
2.5985986e+00 7.4024648e-03 4.0306925e-02 9.6551687e-02
2.6066066e+00 7.2002122e-03 3.9924005e-02 9.5984546e-02
2.6146146e+00 7.0192040e-03 3.9538808e-02 9.5508729e-02
2.6226226e+00 6.8252005e-03 3.9185564e-02 9.4945920e-02
2.6306306e+00 6.6473340e-03 3.8837236e-02 9.4361612e-02
2.6386386e+00 6.4498316e-03 3.8419519e-02 9.3852053e-02
2.6466466e+00 6.2707649e-03 3.8136839e-02 9.3447688e-02
2.6546547e+00 6.0961008e-03 3.7821809e-02 9.3143969e-02
2.6626627e+00 5.9177022e-03 3.7485048e-02 9.2623794e-02
2.6706707e+00 5.7512219e-03 3.7167908e-02 9.2128716e-02
2.6786787e+00 5.6017308e-03 3.6774658e-02 9.1611157e-02
2.6866867e+00 5.4476047e-03 3.6447723e-02 9.1012409e-02
2.6946947e+00 5.3072950e-03 3.6143780e-02 9.0538447e-02
2.7027027e+00 5.1647281e-03 3.5809981e-02 9.0087329e-02
2.7107107e+00 5.0229713e-03 3.5455436e-02 8.9727215e-02
2.7187187e+00 4.8664606e-03 3.5097240e-02 8.9419568e-02
2.7267267e+00 4.7100314e-03 3.4737803e-02 8.8901876e-02
2.7347347e+00 4.5729644e-03 3.4348359e-02 8.8568782e-02
2.7427427e+00 4.4442853e-03 3.3989778e-02 8.8225119e-02
2.7507508e+00 4.3168122e-03 3.3644771e-02 8.7880696e-02
2.7587588e+00 4.1977757e-03 3.3252957e-02 8.7578322e-02
2.7667668e+00 4.0711204e-03 3.3051854e-02 8.7346253e-02
2.7747748e+00 3.9492938e-03 3.2762754e-02 8.7137783e-02
2.7827828e+00 3.8269917e-03 3.2461077e-02 8.6832854e-02
2.7907908e+00 3.7096121e-03 3.2132559e-02 8.6543860e-02
2.7987988e+00 3.6080553e-03 3.1810787e-02 8.6333177e-02
2.8068068e+00 3.4985873e-03 3.1495056e-02 8.6070106e-02
2.8148148e+00 3.3931286e-03 3.1196897e-02 8.5710079e-02
2.8228228e+00 3.2814214e-03 3.0889309e-02 8.5331597e-02
2.8308308e+00 3.1826369e-03 3.0591141e-02 8.5141438e-02
2.8388388e+00 3.0924170e-03 3.0260279e-02 8.4770359e-02
2.8468468e+00 2.9923526e-03 2.9907193e-02 8.4493675e-02
2.8548549e+00 2.8886519e-03 2.9635648e-02 8.4231008e-02
2.8628629e+00 2.7950429e-03 2.9366179e-02 8.3930377e-02
2.8708709e+00 2.7045527e-03 2.9052485e-02 8.3656578e-02
2.8788789e+00 2.6291483e-03 2.8787769e-02 8.3341204e-02
2.8868869e+00 2.5477932e-03 2.8503701e-02 8.3039145e-02
2.8948949e+00 2.4633147e-03 2.8208767e-02 8.2733395e-02
2.9029029e+00 2.3883094e-03 2.7917863e-02 8.2476254e-02
2.9109109e+00 2.3083961e-03 2.7633326e-02 8.2258385e-02
2.9189189e+00 2.2358932e-03 2.7239600e-02 8.1983821e-02
2.9269269e+00 2.1591705e-03 2.6998400e-02 8.1632958e-02
2.9349349e+00 2.0900917e-03 2.6738488e-02 8.1322226e-02
2.9429429e+00 2.0211702e-03 2.6372816e-02 8.0962585e-02
2.9509510e+00 1.9570758e-03 2.6115450e-02 8.0737221e-02
2.9589590e+00 1.8954464e-03 2.5903018e-02 8.0410979e-02
2.9669670e+00 1.8301782e-03 2.5607424e-02 8.0054055e-02
2.9749750e+00 1.7693046e-03 2.5308716e-02 7.9831289e-02
2.9829830e+00 1.7094196e-03 2.5042916e-02 7.9555949e-02
2.9909910e+00 1.6496398e-03 2.4690344e-02 7.9283636e-02
2.9989990e+00 1.5907877e-03 2.4409924e-02 7.8977291e-02
3.0070070e+00 1.5342909e-03 2.4123509e-02 7.8724140e-02
3.0150150e+00 1.4826484e-03 2.3839259e-02 7.8357731e-02
3.0230230e+00 1.4329723e-03 2.3562637e-02 7.8275688e-02
3.0310310e+00 1.3839346e-03 2.3277983e-02 7.7929419e-02
3.0390390e+00 1.3369573e-03 2.3067232e-02 7.7541136e-02
3.0470470e+00 1.2893439e-03 2.2894018e-02 7.7215078e-02
3.0550551e+00 1.2478405e-03 2.2610793e-02 7.7005244e-02
3.0630631e+00 1.2018234e-03 2.2376408e-02 7.6741424e-02
3.0710711e+00 1.1592532e-03 2.2140887e-02 7.6473132e-02
3.0790791e+00 1.1155637e-03 2.1898839e-02 7.6138427e-02
3.0870871e+00 1.0749619e-03 2.1660425e-02 7.5811790e-02
3.0950951e+00 1.0383271e-03 2.1445993e-02 7.5584558e-02
3.1031031e+00 1.0017317e-03 2.1184381e-02 7.5209476e-02
3.1111111e+00 9.6482367e-04 2.0975815e-02 7.4807534e-02
3.1191191e+00 9.2917270e-04 2.0707957e-02 7.4545818e-02
3.1271271e+00 8.9678188e-04 2.0464889e-02 7.4200429e-02
3.1351351e+00 8.6235650e-04 2.0233635e-02 7.3934109e-02
3.1431431e+00 8.3003132e-04 2.0090401e-02 7.3753902e-02
3.1511512e+00 8.0030584e-04 1.9880362e-02 7.3493832e-02
3.1591592e+00 7.6997539e-04 1.9639324e-02 7.3370247e-02
3.1671672e+00 7.4036543e-04 1.9429856e-02 7.3125127e-02
3.1751752e+00 7.1467844e-04 1.9202747e-02 7.2806294e-02
3.1831832e+00 6.8702605e-04 1.8924460e-02 7.2485592e-02
3.1911912e+00 6.5885135e-04 1.8708977e-02 7.2245692e-02
3.1991992e+00 6.3183844e-04 1.8448331e-02 7.1776715e-02
3.2072072e+00 6.0808920e-04 1.8208513e-02 7.1502065e-02
3.2152152e+00 5.8571374e-04 1.7981912e-02 7.1270369e-02
3.2232232e+00 5.6287301e-04 1.7777457e-02 7.1026818e-02
3.2312312e+00 5.4149493e-04 1.7563678e-02 7.0815727e-02
3.2392392e+00 5.2122935e-04 1.7380554e-02 7.0495394e-02
3.2472472e+00 5.0082209e-04 1.7165874e-02 7.0233399e-02
3.2552553e+00 4.8098998e-04 1.6936733e-02 6.9894083e-02
3.2632633e+00 4.6163514e-04 1.6696579e-02 6.9545599e-02
3.2712713e+00 4.4253470e-04 1.6482822e-02 6.9264413e-02
3.2792793e+00 4.2442995e-04 1.6290269e-02 6.8947261e-02
3.2872873e+00 4.0791452e-04 1.6086767e-02 6.8573530e-02
3.2952953e+00 3.9086169e-04 1.5863636e-02 6.8140178e-02
3.3033033e+00 3.7438025e-04 1.5637301e-02 6.7674457e-02
3.3113113e+00 3.5848176e-04 1.5459572e-02 6.7376079e-02
3.3193193e+00 3.4387455e-04 1.5303087e-02 6.7069509e-02
3.3273273e+00 3.2916037e-04 1.5111696e-02 6.6718679e-02
3.3353353e+00 3.1502168e-04 1.4856320e-02 6.6447759e-02
3.3433433e+00 3.0204677e-04 1.4639338e-02 6.5970674e-02
3.3513514e+00 2.8935051e-04 1.4440139e-02 6.5603003e-02
3.3593594e+00 2.7699855e-04 1.4267066e-02 6.5286748e-02
3.3673674e+00 2.6497793e-04 1.4054775e-02 6.4980392e-02
3.3753754e+00 2.5389189e-04 1.3824340e-02 6.4662347e-02
3.3833834e+00 2.4343603e-04 1.3661956e-02 6.4239818e-02
3.3913914e+00 2.3269063e-04 1.3489068e-02 6.3841810e-02
3.3993994e+00 2.2289221e-04 1.3291428e-02 6.3673564e-02
3.4074074e+00 2.1390105e-04 1.3091364e-02 6.3334465e-02
3.4154154e+00 2.0499647e-04 1.2884687e-02 6.2965411e-02
3.4234234e+00 1.9575310e-04 1.2683816e-02 6.2728944e-02
3.4314314e+00 1.8706393e-04 1.2533026e-02 6.2411964e-02
3.4394394e+00 1.7869232e-04 1.2348469e-02 6.2005999e-02
3.4474474e+00 1.7063587e-04 1.2140597e-02 6.1701443e-02
3.4554555e+00 1.6288669e-04 1.1947652e-02 6.1316519e-02
3.4634635e+00 1.5566115e-04 1.1764856e-02 6.1152491e-02
3.4714715e+00 1.4896927e-04 1.1557844e-02 6.0785834e-02
3.4794795e+00 1.4211292e-04 1.1365487e-02 6.0476136e-02
3.4874875e+00 1.3539096e-04 1.1216144e-02 5.9950453e-02
3.4954955e+00 1.2947927e-04 1.1054174e-02 5.9585537e-02
3.5035035e+00 1.2328351e-04 1.0853849e-02 5.9327920e-02
3.5115115e+00 1.1776545e-04 1.0713635e-02 5.8985719e-02
3.5195195e+00 1.1230236e-04 1.0567400e-02 5.8775513e-02
3.5275275e+00 1.0706471e-04 1.0377672e-02 5.8515634e-02
3.5355355e+00 1.0209261e-04 1.0188328e-02 5.8257863e-02
3.5435435e+00 9.7368429e-05 1.0020274e-02 5.7951012e-02
3.5515516e+00 9.2917902e-05 9.8717390e-03 5.7674889e-02
3.5595596e+00 8.8684119e-05 9.7178064e-03 5.7307012e-02
3.5675676e+00 8.4606170e-05 9.5463963e-03 5.6883649e-02
3.5755756e+00 8.0568333e-05 9.3921373e-03 5.6700424e-02
3.5835836e+00 7.6784210e-05 9.2176629e-03 5.6379699e-02
3.5915916e+00 7.3058395e-05 9.0676791e-03 5.6052513e-02
3.5995996e+00 6.9423190e-05 8.8814736e-03 5.5956325e-02
3.6076076e+00 6.6160552e-05 8.7087873e-03 5.5556311e-02
3.6156156e+00 6.3182595e-05 8.5611598e-03 5.5219544e-02
3.6236236e+00 6.0108899e-05 8.4017055e-03 5.4951316e-02
3.6316316e+00 5.7168336e-05 8.2794612e-03 5.4644937e-02
3.6396396e+00 5.4383779e-05 8.1218812e-03 5.4253877e-02
3.6476476e+00 5.1897970e-05 7.9707694e-03 5.3958874e-02
3.6556557e+00 4.9251838e-05 7.7818871e-03 5.3661265e-02
3.6636637e+00 4.6777015e-05 7.6119844e-03 5.3389149e-02
3.6716717e+00 4.4461644e-05 7.4510621e-03 5.3087487e-02
3.6796797e+00 4.2349502e-05 7.2850709e-03 5.2890536e-02
3.6876877e+00 4.0220714e-05 7.1269994e-03 5.2531727e-02
3.6956957e+00 3.8264745e-05 6.9700112e-03 5.2162997e-02
3.7037037e+00 3.6331179e-05 6.8177058e-03 5.1863595e-02
3.7117117e+00 3.4479622e-05 6.6572526e-03 5.1548020e-02
3.7197197e+00 3.2730973e-05 6.4984054e-03 5.1218014e-02
3.7277277e+00 3.1081439e-05 6.3853924e-03 5.0917529e-02
3.7357357e+00 2.9539597e-05 6.2731344e-03 5.0647495e-02
3.7437437e+00 2.8027051e-05 6.1461059e-03 5.0372891e-02
3.7517518e+00 2.6578602e-05 6.0274673e-03 5.0067007e-02
3.7597598e+00 2.5272434e-05 5.8968704e-03 4.9752111e-02
3.7677678e+00 2.3942175e-05 5.7613592e-03 4.9388412e-02
3.7757758e+00 2.2702689e-05 5.6574692e-03 4.9006334e-02
3.7837838e+00 2.1537501e-05 5.5490950e-03 4.8773285e-02
3.7917918e+00 2.0374164e-05 5.4323859e-03 4.8327860e-02
3.7997998e+00 1.9316967e-05 5.2960530e-03 4.7973185e-02
3.8078078e+00 1.8295333e-05 5.1695939e-03 4.7700777e-02
3.8158158e+00 1.7345728e-05 5.0458604e-03 4.7444828e-02
3.8238238e+00 1.6424301e-05 4.9293378e-03 4.7139202e-02
3.8318318e+00 1.5550992e-05 4.8044530e-03 4.6941821e-02
3.8398398e+00 1.4720277e-05 4.7058899e-03 4.6577400e-02
3.8478478e+00 1.3933905e-05 4.5833690e-03 4.6298284e-02
3.8558559e+00 1.3198396e-05 4.4678481e-03 4.5906786e-02
3.8638639e+00 1.2489092e-05 4.3581958e-03 4.5712103e-02
3.8718719e+00 1.1814618e-05 4.2506734e-03 4.5544776e-02
3.8798799e+00 1.1173140e-05 4.1480057e-03 4.5269550e-02
3.8878879e+00 1.0582585e-05 4.0287033e-03 4.4961940e-02
3.8958959e+00 1.0006055e-05 3.9207293e-03 4.4760749e-02
3.9039039e+00 9.4560773e-06 3.8253383e-03 4.4432699e-02
3.9119119e+00 8.9324962e-06 3.7361912e-03 4.4165373e-02
3.9199199e+00 8.4414679e-06 3.6389577e-03 4.3971978e-02
3.9279279e+00 8.0049272e-06 3.5384441e-03 4.3813643e-02
3.9359359e+00 7.5690384e-06 3.4502758e-03 4.3673514e-02
3.9439439e+00 7.1619027e-06 3.3520897e-03 4.3553915e-02
3.9519520e+00 6.7808414e-06 3.2658375e-03 4.3395683e-02
3.9599600e+00 6.4057530e-06 3.1899181e-03 4.3231668e-02
3.9679680e+00 6.0574156e-06 3.1018243e-03 4.3136333e-02
3.9759760e+00 5.7226706e-06 3.0136519e-03 4.3067360e-02
3.9839840e+00 5.4183337e-06 2.9403102e-03 4.3045397e-02
3.9919920e+00 5.1104547e-06 2.8563206e-03 4.3019671e-02
4.0000000e+00 4.8245847e-06 2.7789079e-03 4.2992489e-02
