X KDE_INF KDE_MED KDE_SUP
-2.5000000e+01 5.0662237e-02 6.3911626e-02 7.9121265e-02
-2.4984985e+01 5.1538378e-02 6.4951000e-02 8.0361153e-02
-2.4969970e+01 5.2436992e-02 6.6017601e-02 8.1608047e-02
-2.4954955e+01 5.3345993e-02 6.7102388e-02 8.2863001e-02
-2.4939940e+01 5.4267174e-02 6.8186426e-02 8.4153074e-02
-2.4924925e+01 5.5191236e-02 6.9295365e-02 8.5451808e-02
-2.4909910e+01 5.6139898e-02 7.0421645e-02 8.6763799e-02
-2.4894895e+01 5.7097284e-02 7.1550325e-02 8.8081763e-02
-2.4879880e+01 5.8073239e-02 7.2699765e-02 8.9411750e-02
-2.4864865e+01 5.9047035e-02 7.3855963e-02 9.0763807e-02
-2.4849850e+01 6.0043198e-02 7.5037375e-02 9.2149069e-02
-2.4834835e+01 6.1041415e-02 7.6244252e-02 9.3544803e-02
-2.4819820e+01 6.2067789e-02 7.7456621e-02 9.4954184e-02
-2.4804805e+01 6.3104523e-02 7.8666092e-02 9.6371285e-02
-2.4789790e+01 6.4157998e-02 7.9896367e-02 9.7806724e-02
-2.4774775e+01 6.5234123e-02 8.1132122e-02 9.9266884e-02
-2.4759760e+01 6.6314692e-02 8.2400258e-02 1.0074472e-01
-2.4744745e+01 6.7421048e-02 8.3685513e-02 1.0223460e-01
-2.4729730e+01 6.8548366e-02 8.4981742e-02 1.0374003e-01
-2.4714715e+01 6.9673742e-02 8.6283345e-02 1.0525807e-01
-2.4699700e+01 7.0803809e-02 8.7604165e-02 1.0679866e-01
-2.4684685e+01 7.1965033e-02 8.8954298e-02 1.0835253e-01
-2.4669670e+01 7.3128096e-02 9.0315108e-02 1.0993631e-01
-2.4654655e+01 7.4326644e-02 9.1688762e-02 1.1152817e-01
-2.4639640e+01 7.5516160e-02 9.3083902e-02 1.1312879e-01
-2.4624625e+01 7.6735014e-02 9.4500481e-02 1.1476566e-01
-2.4609610e+01 7.7962930e-02 9.5928729e-02 1.1638795e-01
-2.4594595e+01 7.9222590e-02 9.7368113e-02 1.1805293e-01
-2.4579580e+01 8.0493791e-02 9.8834077e-02 1.1972817e-01
-2.4564565e+01 8.1761097e-02 1.0030766e-01 1.2143222e-01
-2.4549550e+01 8.3066748e-02 1.0180540e-01 1.2316819e-01
-2.4534535e+01 8.4402286e-02 1.0332832e-01 1.2491227e-01
-2.4519520e+01 8.5721734e-02 1.0486226e-01 1.2665971e-01
-2.4504505e+01 8.7061949e-02 1.0641109e-01 1.2845538e-01
-2.4489489e+01 8.8429436e-02 1.0798094e-01 1.3025351e-01
-2.4474474e+01 8.9807281e-02 1.0956057e-01 1.3208086e-01
-2.4459459e+01 9.1200673e-02 1.1114886e-01 1.3391905e-01
-2.4444444e+01 9.2619220e-02 1.1277610e-01 1.3576018e-01
-2.4429429e+01 9.4048091e-02 1.1442619e-01 1.3762440e-01
-2.4414414e+01 9.5499697e-02 1.1609331e-01 1.3950742e-01
-2.4399399e+01 9.6949812e-02 1.1776301e-01 1.4139194e-01
-2.4384384e+01 9.8422652e-02 1.1946788e-01 1.4330141e-01
-2.4369369e+01 9.9900419e-02 1.2118598e-01 1.4524923e-01
-2.4354354e+01 1.0140754e-01 1.2293175e-01 1.4720168e-01
-2.4339339e+01 1.0296000e-01 1.2466786e-01 1.4917377e-01
-2.4324324e+01 1.0450335e-01 1.2642712e-01 1.5119923e-01
-2.4309309e+01 1.0606936e-01 1.2822385e-01 1.5322217e-01
-2.4294294e+01 1.0765961e-01 1.3003478e-01 1.5524827e-01
-2.4279279e+01 1.0927180e-01 1.3186453e-01 1.5731223e-01
-2.4264264e+01 1.1090272e-01 1.3371927e-01 1.5938315e-01
-2.4249249e+01 1.1255821e-01 1.3557040e-01 1.6147623e-01
-2.4234234e+01 1.1419595e-01 1.3745525e-01 1.6358572e-01
-2.4219219e+01 1.1588812e-01 1.3936481e-01 1.6572454e-01
-2.4204204e+01 1.1759487e-01 1.4130466e-01 1.6786614e-01
-2.4189189e+01 1.1929466e-01 1.4325167e-01 1.7005548e-01
-2.4174174e+01 1.2103535e-01 1.4519284e-01 1.7223159e-01
-2.4159159e+01 1.2274942e-01 1.4714966e-01 1.7446065e-01
-2.4144144e+01 1.2453902e-01 1.4917470e-01 1.7672879e-01
-2.4129129e+01 1.2632733e-01 1.5119090e-01 1.7897344e-01
-2.4114114e+01 1.2814514e-01 1.5323424e-01 1.8122921e-01
-2.4099099e+01 1.2995906e-01 1.5529438e-01 1.8354010e-01
-2.4084084e+01 1.3179474e-01 1.5737659e-01 1.8585385e-01
-2.4069069e+01 1.3366228e-01 1.5948251e-01 1.8817637e-01
-2.4054054e+01 1.3554759e-01 1.6158647e-01 1.9053430e-01
-2.4039039e+01 1.3741073e-01 1.6370762e-01 1.9291180e-01
-2.4024024e+01 1.3933263e-01 1.6587344e-01 1.9532833e-01
-2.4009009e+01 1.4125245e-01 1.6803389e-01 1.9774957e-01
-2.3993994e+01 1.4319798e-01 1.7022561e-01 2.0019036e-01
-2.3978979e+01 1.4515683e-01 1.7245195e-01 2.0261283e-01
-2.3963964e+01 1.4714388e-01 1.7471257e-01 2.0511441e-01
-2.3948949e+01 1.4916949e-01 1.7698119e-01 2.0761727e-01
-2.3933934e+01 1.5121964e-01 1.7929797e-01 2.1013558e-01
-2.3918919e+01 1.5326695e-01 1.8159358e-01 2.1269524e-01
-2.3903904e+01 1.5531981e-01 1.8390529e-01 2.1525664e-01
-2.3888889e+01 1.5741504e-01 1.8625871e-01 2.1780070e-01
-2.3873874e+01 1.5954922e-01 1.8861974e-01 2.2043004e-01
-2.3858859e+01 1.6169851e-01 1.9099129e-01 2.2308278e-01
-2.3843844e+01 1.6385243e-01 1.9340685e-01 2.2575047e-01
-2.3828829e+01 1.6602669e-01 1.9584681e-01 2.2839006e-01
-2.3813814e+01 1.6819516e-01 1.9828316e-01 2.3110116e-01
-2.3798799e+01 1.7042636e-01 2.0073309e-01 2.3381647e-01
-2.3783784e+01 1.7262149e-01 2.0322378e-01 2.3653209e-01
-2.3768769e+01 1.7488655e-01 2.0574416e-01 2.3928860e-01
-2.3753754e+01 1.7716296e-01 2.0827616e-01 2.4202271e-01
-2.3738739e+01 1.7948491e-01 2.1082146e-01 2.4482282e-01
-2.3723724e+01 1.8180861e-01 2.1338835e-01 2.4758958e-01
-2.3708709e+01 1.8413810e-01 2.1598016e-01 2.5042163e-01
-2.3693694e+01 1.8651033e-01 2.1858937e-01 2.5330301e-01
-2.3678679e+01 1.8888927e-01 2.2124954e-01 2.5615543e-01
-2.3663664e+01 1.9131207e-01 2.2392380e-01 2.5906910e-01
-2.3648649e+01 1.9371851e-01 2.2660819e-01 2.6200098e-01
-2.3633634e+01 1.9615856e-01 2.2929282e-01 2.6492920e-01
-2.3618619e+01 1.9859215e-01 2.3201574e-01 2.6793938e-01
-2.3603604e+01 2.0105430e-01 2.3475409e-01 2.7093792e-01
-2.3588589e+01 2.0354817e-01 2.3752666e-01 2.7392332e-01
-2.3573574e+01 2.0606888e-01 2.4030792e-01 2.7693824e-01
-2.3558559e+01 2.0864494e-01 2.4310746e-01 2.8000943e-01
-2.3543544e+01 2.1120359e-01 2.4594216e-01 2.8305558e-01
-2.3528529e+01 2.1379178e-01 2.4877792e-01 2.8615145e-01
-2.3513514e+01 2.1635876e-01 2.5165545e-01 2.8930835e-01
-2.3498498e+01 2.1897516e-01 2.5453786e-01 2.9240239e-01
-2.3483483e+01 2.2164311e-01 2.5743932e-01 2.9552143e-01
-2.3468468e+01 2.2427800e-01 2.6039752e-01 2.9871781e-01
-2.3453453e+01 2.2694539e-01 2.6333787e-01 3.0191015e-01
-2.3438438e+01 2.2967581e-01 2.6628218e-01 3.0511893e-01
-2.3423423e+01 2.3242922e-01 2.6924421e-01 3.0837893e-01
-2.3408408e+01 2.3515555e-01 2.7224531e-01 3.1161318e-01
-2.3393393e+01 2.3791801e-01 2.7531288e-01 3.1488478e-01
-2.3378378e+01 2.4074996e-01 2.7837292e-01 3.1814507e-01
-2.3363363e+01 2.4354517e-01 2.8145083e-01 3.2147712e-01
-2.3348348e+01 2.4637641e-01 2.8452102e-01 3.2477472e-01
-2.3333333e+01 2.4917712e-01 2.8763467e-01 3.2811546e-01
-2.3318318e+01 2.5204055e-01 2.9076295e-01 3.3146174e-01
-2.3303303e+01 2.5491525e-01 2.9388501e-01 3.3484404e-01
-2.3288288e+01 2.5781925e-01 2.9703859e-01 3.3826987e-01
-2.3273273e+01 2.6074953e-01 3.0022298e-01 3.4166774e-01
-2.3258258e+01 2.6370901e-01 3.0342998e-01 3.4511773e-01
-2.3243243e+01 2.6665897e-01 3.0665228e-01 3.4858138e-01
-2.3228228e+01 2.6964153e-01 3.0985453e-01 3.5201967e-01
-2.3213213e+01 2.7266512e-01 3.1313945e-01 3.5556493e-01
-2.3198198e+01 2.7572160e-01 3.1642902e-01 3.5906461e-01
-2.3183183e+01 2.7872293e-01 3.1974194e-01 3.6262057e-01
-2.3168168e+01 2.8178801e-01 3.2308299e-01 3.6617077e-01
-2.3153153e+01 2.8488352e-01 3.2640570e-01 3.6976041e-01
-2.3138138e+01 2.8802399e-01 3.2975593e-01 3.7328848e-01
-2.3123123e+01 2.9115804e-01 3.3314784e-01 3.7691256e-01
-2.3108108e+01 2.9433942e-01 3.3648024e-01 3.8055705e-01
-2.3093093e+01 2.9753408e-01 3.3991633e-01 3.8419935e-01
-2.3078078e+01 3.0066153e-01 3.4327721e-01 3.8788344e-01
-2.3063063e+01 3.0390472e-01 3.4671784e-01 3.9153766e-01
-2.3048048e+01 3.0712925e-01 3.5016422e-01 3.9521811e-01
-2.3033033e+01 3.1036227e-01 3.5364392e-01 3.9887513e-01
-2.3018018e+01 3.1359809e-01 3.5715531e-01 4.0257928e-01
-2.3003003e+01 3.1681507e-01 3.6070694e-01 4.0637808e-01
-2.2987988e+01 3.2010551e-01 3.6426437e-01 4.1013119e-01
-2.2972973e+01 3.2340949e-01 3.6782860e-01 4.1386436e-01
-2.2957958e+01 3.2671678e-01 3.7137505e-01 4.1763156e-01
-2.2942943e+01 3.3005216e-01 3.7495276e-01 4.2143734e-01
-2.2927928e+01 3.3339462e-01 3.7856776e-01 4.2524886e-01
-2.2912913e+01 3.3671862e-01 3.8213179e-01 4.2906879e-01
-2.2897898e+01 3.4007191e-01 3.8576079e-01 4.3294365e-01
-2.2882883e+01 3.4345740e-01 3.8940447e-01 4.3680225e-01
-2.2867868e+01 3.4682690e-01 3.9307736e-01 4.4062048e-01
-2.2852853e+01 3.5026411e-01 3.9671293e-01 4.4452862e-01
-2.2837838e+01 3.5371042e-01 4.0039177e-01 4.4841806e-01
-2.2822823e+01 3.5713254e-01 4.0408280e-01 4.5232413e-01
-2.2807808e+01 3.6060706e-01 4.0779626e-01 4.5622267e-01
-2.2792793e+01 3.6409238e-01 4.1153909e-01 4.6014190e-01
-2.2777778e+01 3.6759407e-01 4.1527593e-01 4.6409034e-01
-2.2762763e+01 3.7112338e-01 4.1903041e-01 4.6800659e-01
-2.2747748e+01 3.7473746e-01 4.2283852e-01 4.7203537e-01
-2.2732733e+01 3.7827956e-01 4.2661133e-01 4.7601220e-01
-2.2717718e+01 3.8184059e-01 4.3045523e-01 4.8005054e-01
-2.2702703e+01 3.8539215e-01 4.3430389e-01 4.8405636e-01
-2.2687688e+01 3.8897408e-01 4.3814033e-01 4.8803440e-01
-2.2672673e+01 3.9257617e-01 4.4200571e-01 4.9206028e-01
-2.2657658e+01 3.9620680e-01 4.4581142e-01 4.9610798e-01
-2.2642643e+01 3.9988884e-01 4.4960535e-01 5.0019184e-01
-2.2627628e+01 4.0361801e-01 4.5353988e-01 5.0426475e-01
-2.2612613e+01 4.0724970e-01 4.5747429e-01 5.0838261e-01
-2.2597598e+01 4.1089432e-01 4.6137168e-01 5.1247503e-01
-2.2582583e+01 4.1461487e-01 4.6529226e-01 5.1659884e-01
-2.2567568e+01 4.1828935e-01 4.6919284e-01 5.2067424e-01
-2.2552553e+01 4.2200456e-01 4.7314523e-01 5.2476995e-01
-2.2537538e+01 4.2573645e-01 4.7709524e-01 5.2885548e-01
-2.2522523e+01 4.2951538e-01 4.8107956e-01 5.3298022e-01
-2.2507508e+01 4.3319959e-01 4.8506861e-01 5.3717814e-01
-2.2492492e+01 4.3695298e-01 4.8903516e-01 5.4129489e-01
-2.2477477e+01 4.4068614e-01 4.9296724e-01 5.4545363e-01
-2.2462462e+01 4.4443687e-01 4.9691936e-01 5.4959003e-01
-2.2447447e+01 4.4824197e-01 5.0088359e-01 5.5372065e-01
-2.2432432e+01 4.5205615e-01 5.0485613e-01 5.5794395e-01
-2.2417417e+01 4.5586867e-01 5.0887788e-01 5.6210207e-01
-2.2402402e+01 4.5966315e-01 5.1289305e-01 5.6630226e-01
-2.2387387e+01 4.6346078e-01 5.1692557e-01 5.7047343e-01
-2.2372372e+01 4.6727493e-01 5.2098315e-01 5.7464904e-01
-2.2357357e+01 4.7114995e-01 5.2500371e-01 5.7886321e-01
-2.2342342e+01 4.7498373e-01 5.2905081e-01 5.8306223e-01
-2.2327327e+01 4.7880958e-01 5.3310513e-01 5.8729085e-01
-2.2312312e+01 4.8267799e-01 5.3715676e-01 5.9147613e-01
-2.2297297e+01 4.8658755e-01 5.4118243e-01 5.9564149e-01
-2.2282282e+01 4.9045806e-01 5.4521646e-01 5.9985495e-01
-2.2267267e+01 4.9430557e-01 5.4930800e-01 6.0403082e-01
-2.2252252e+01 4.9828777e-01 5.5337291e-01 6.0825979e-01
-2.2237237e+01 5.0215316e-01 5.5747871e-01 6.1249348e-01
-2.2222222e+01 5.0601897e-01 5.6155284e-01 6.1673811e-01
-2.2207207e+01 5.0995204e-01 5.6563801e-01 6.2091557e-01
-2.2192192e+01 5.1380160e-01 5.6974281e-01 6.2513522e-01
-2.2177177e+01 5.1772752e-01 5.7384388e-01 6.2933058e-01
-2.2162162e+01 5.2171398e-01 5.7792632e-01 6.3358365e-01
-2.2147147e+01 5.2562612e-01 5.8201299e-01 6.3783746e-01
-2.2132132e+01 5.2952769e-01 5.8610273e-01 6.4203892e-01
-2.2117117e+01 5.3346677e-01 5.9024750e-01 6.4620060e-01
-2.2102102e+01 5.3742568e-01 5.9432925e-01 6.5041632e-01
-2.2087087e+01 5.4138744e-01 5.9843457e-01 6.5457778e-01
-2.2072072e+01 5.4530233e-01 6.0246275e-01 6.5874776e-01
-2.2057057e+01 5.4928474e-01 6.0649871e-01 6.6299505e-01
-2.2042042e+01 5.5321396e-01 6.1058447e-01 6.6714598e-01
-2.2027027e+01 5.5709365e-01 6.1467534e-01 6.7135543e-01
-2.2012012e+01 5.6103844e-01 6.1874995e-01 6.7561712e-01
-2.1996997e+01 5.6490871e-01 6.2289912e-01 6.7978425e-01
-2.1981982e+01 5.6886207e-01 6.2703980e-01 6.8403706e-01
-2.1966967e+01 5.7283075e-01 6.3115609e-01 6.8820509e-01
-2.1951952e+01 5.7682754e-01 6.3526306e-01 6.9240853e-01
-2.1936937e+01 5.8082008e-01 6.3941925e-01 6.9660034e-01
-2.1921922e+01 5.8473337e-01 6.4349507e-01 7.0076224e-01
-2.1906907e+01 5.8874075e-01 6.4751887e-01 7.0488380e-01
-2.1891892e+01 5.9275043e-01 6.5157457e-01 7.0907852e-01
-2.1876877e+01 5.9666069e-01 6.5557885e-01 7.1327177e-01
-2.1861862e+01 6.0062784e-01 6.5966564e-01 7.1733612e-01
-2.1846847e+01 6.0454641e-01 6.6359930e-01 7.2152512e-01
-2.1831832e+01 6.0842785e-01 6.6756867e-01 7.2562537e-01
-2.1816817e+01 6.1228269e-01 6.7161936e-01 7.2968109e-01
-2.1801802e+01 6.1622962e-01 6.7563359e-01 7.3383189e-01
-2.1786787e+01 6.2011380e-01 6.7964162e-01 7.3794162e-01
-2.1771772e+01 6.2400298e-01 6.8363930e-01 7.4200781e-01
-2.1756757e+01 6.2789560e-01 6.8760196e-01 7.4605889e-01
-2.1741742e+01 6.3178410e-01 6.9156576e-01 7.5008872e-01
-2.1726727e+01 6.3562761e-01 6.9553306e-01 7.5423656e-01
-2.1711712e+01 6.3948507e-01 6.9949857e-01 7.5826031e-01
-2.1696697e+01 6.4334002e-01 7.0343939e-01 7.6232061e-01
-2.1681682e+01 6.4727534e-01 7.0738392e-01 7.6628716e-01
-2.1666667e+01 6.5110957e-01 7.1130011e-01 7.7029559e-01
-2.1651652e+01 6.5490989e-01 7.1520038e-01 7.7427344e-01
-2.1636637e+01 6.5870568e-01 7.1912591e-01 7.7831286e-01
-2.1621622e+01 6.6255399e-01 7.2300150e-01 7.8230007e-01
-2.1606607e+01 6.6633914e-01 7.2686017e-01 7.8633149e-01
-2.1591592e+01 6.7005054e-01 7.3070238e-01 7.9024328e-01
-2.1576577e+01 6.7378750e-01 7.3457118e-01 7.9411876e-01
-2.1561562e+01 6.7753442e-01 7.3843986e-01 7.9794251e-01
-2.1546547e+01 6.8129988e-01 7.4227968e-01 8.0181453e-01
-2.1531532e+01 6.8507444e-01 7.4609802e-01 8.0566459e-01
-2.1516517e+01 6.8881413e-01 7.4987518e-01 8.0953466e-01
-2.1501502e+01 6.9255162e-01 7.5363102e-01 8.1334583e-01
-2.1486486e+01 6.9638635e-01 7.5740288e-01 8.1710542e-01
-2.1471471e+01 7.0010378e-01 7.6114916e-01 8.2087488e-01
-2.1456456e+01 7.0371954e-01 7.6484685e-01 8.2456440e-01
-2.1441441e+01 7.0738939e-01 7.6860316e-01 8.2832445e-01
-2.1426426e+01 7.1096228e-01 7.7232897e-01 8.3199482e-01
-2.1411411e+01 7.1458006e-01 7.7601922e-01 8.3569310e-01
-2.1396396e+01 7.1822815e-01 7.7969339e-01 8.3942996e-01
-2.1381381e+01 7.2189983e-01 7.8338495e-01 8.4311898e-01
-2.1366366e+01 7.2554109e-01 7.8705835e-01 8.4674651e-01
-2.1351351e+01 7.2917445e-01 7.9064702e-01 8.5036429e-01
-2.1336336e+01 7.3271772e-01 7.9419677e-01 8.5393626e-01
-2.1321321e+01 7.3621937e-01 7.9778869e-01 8.5751552e-01
-2.1306306e+01 7.3972903e-01 8.0127810e-01 8.6104014e-01
-2.1291291e+01 7.4328659e-01 8.0486207e-01 8.6455524e-01
-2.1276276e+01 7.4677807e-01 8.0836063e-01 8.6799491e-01
-2.1261261e+01 7.5021158e-01 8.1192047e-01 8.7149259e-01
-2.1246246e+01 7.5358298e-01 8.1538397e-01 8.7493145e-01
-2.1231231e+01 7.5699351e-01 8.1881012e-01 8.7830461e-01
-2.1216216e+01 7.6040987e-01 8.2224079e-01 8.8170311e-01
-2.1201201e+01 7.6380095e-01 8.2565774e-01 8.8510952e-01
-2.1186186e+01 7.6716517e-01 8.2902559e-01 8.8842733e-01
-2.1171171e+01 7.7053654e-01 8.3238719e-01 8.9177913e-01
-2.1156156e+01 7.7388890e-01 8.3578905e-01 8.9501201e-01
-2.1141141e+01 7.7722202e-01 8.3913495e-01 8.9827191e-01
-2.1126126e+01 7.8047934e-01 8.4240038e-01 9.0147680e-01
-2.1111111e+01 7.8370837e-01 8.4563905e-01 9.0460949e-01
-2.1096096e+01 7.8702420e-01 8.4884678e-01 9.0773782e-01
-2.1081081e+01 7.9025580e-01 8.5207210e-01 9.1090192e-01
-2.1066066e+01 7.9347226e-01 8.5526028e-01 9.1403885e-01
-2.1051051e+01 7.9665284e-01 8.5839324e-01 9.1710366e-01
-2.1036036e+01 7.9983754e-01 8.6147979e-01 9.2015692e-01
-2.1021021e+01 8.0299804e-01 8.6454081e-01 9.2326946e-01
-2.1006006e+01 8.0606487e-01 8.6762109e-01 9.2626389e-01
-2.0990991e+01 8.0919459e-01 8.7067715e-01 9.2921320e-01
-2.0975976e+01 8.1230194e-01 8.7365905e-01 9.3219822e-01
-2.0960961e+01 8.1534646e-01 8.7664144e-01 9.3510966e-01
-2.0945946e+01 8.1835079e-01 8.7964733e-01 9.3809673e-01
-2.0930931e+01 8.2136736e-01 8.8260194e-01 9.4092763e-01
-2.0915916e+01 8.2427376e-01 8.8549105e-01 9.4372507e-01
-2.0900901e+01 8.2715511e-01 8.8832435e-01 9.4649752e-01
-2.0885886e+01 8.3006933e-01 8.9110486e-01 9.4924169e-01
-2.0870871e+01 8.3293286e-01 8.9389481e-01 9.5197170e-01
-2.0855856e+01 8.3575199e-01 8.9658165e-01 9.5475407e-01
-2.0840841e+01 8.3849972e-01 8.9932823e-01 9.5748135e-01
-2.0825826e+01 8.4133177e-01 9.0202029e-01 9.6008931e-01
-2.0810811e+01 8.4414487e-01 9.0465377e-01 9.6270552e-01
-2.0795796e+01 8.4689709e-01 9.0733741e-01 9.6534081e-01
-2.0780781e+01 8.4958735e-01 9.0990489e-01 9.6781529e-01
-2.0765766e+01 8.5215115e-01 9.1245531e-01 9.7028593e-01
-2.0750751e+01 8.5481129e-01 9.1505181e-01 9.7278416e-01
-2.0735736e+01 8.5742904e-01 9.1757645e-01 9.7524901e-01
-2.0720721e+01 8.5988012e-01 9.2003200e-01 9.7761885e-01
-2.0705706e+01 8.6255382e-01 9.2247029e-01 9.7994636e-01
-2.0690691e+01 8.6507454e-01 9.2487112e-01 9.8225592e-01
-2.0675676e+01 8.6751283e-01 9.2724365e-01 9.8455287e-01
-2.0660661e+01 8.6996237e-01 9.2960566e-01 9.8684987e-01
-2.0645646e+01 8.7239139e-01 9.3187768e-01 9.8902801e-01
-2.0630631e+01 8.7474245e-01 9.3416614e-01 9.9124782e-01
-2.0615616e+01 8.7702453e-01 9.3640700e-01 9.9336955e-01
-2.0600601e+01 8.7942020e-01 9.3858364e-01 9.9548895e-01
-2.0585586e+01 8.8174273e-01 9.4066275e-01 9.9752024e-01
-2.0570571e+01 8.8395732e-01 9.4282757e-01 9.9939877e-01
-2.0555556e+01 8.8614739e-01 9.4491766e-01 1.0012477e+00
-2.0540541e+01 8.8830252e-01 9.4699840e-01 1.0032107e+00
-2.0525526e+01 8.9044281e-01 9.4899609e-01 1.0051024e+00
-2.0510511e+01 8.9259769e-01 9.5094699e-01 1.0069020e+00
-2.0495495e+01 8.9458826e-01 9.5281743e-01 1.0087134e+00
-2.0480480e+01 8.9661845e-01 9.5476602e-01 1.0104838e+00
-2.0465465e+01 8.9856984e-01 9.5662899e-01 1.0122341e+00
-2.0450450e+01 9.0055290e-01 9.5840534e-01 1.0139648e+00
-2.0435435e+01 9.0250819e-01 9.6023375e-01 1.0156224e+00
-2.0420420e+01 9.0427126e-01 9.6201999e-01 1.0171670e+00
-2.0405405e+01 9.0599455e-01 9.6374146e-01 1.0187308e+00
-2.0390390e+01 9.0777463e-01 9.6531195e-01 1.0202923e+00
-2.0375375e+01 9.0952767e-01 9.6690896e-01 1.0218080e+00
-2.0360360e+01 9.1124914e-01 9.6852248e-01 1.0233286e+00
-2.0345345e+01 9.1283103e-01 9.7021189e-01 1.0248234e+00
-2.0330330e+01 9.1443475e-01 9.7172021e-01 1.0262319e+00
-2.0315315e+01 9.1602297e-01 9.7313575e-01 1.0276297e+00
-2.0300300e+01 9.1752358e-01 9.7460178e-01 1.0289096e+00
-2.0285285e+01 9.1911998e-01 9.7600937e-01 1.0302649e+00
-2.0270270e+01 9.2067547e-01 9.7738110e-01 1.0314741e+00
-2.0255255e+01 9.2209097e-01 9.7870144e-01 1.0326506e+00
-2.0240240e+01 9.2367139e-01 9.7997045e-01 1.0337476e+00
-2.0225225e+01 9.2505432e-01 9.8119181e-01 1.0347763e+00
-2.0210210e+01 9.2637950e-01 9.8240409e-01 1.0358623e+00
-2.0195195e+01 9.2782005e-01 9.8358055e-01 1.0368239e+00
-2.0180180e+01 9.2906388e-01 9.8469768e-01 1.0378167e+00
-2.0165165e+01 9.3027587e-01 9.8574560e-01 1.0387883e+00
-2.0150150e+01 9.3142884e-01 9.8683098e-01 1.0395871e+00
-2.0135135e+01 9.3255963e-01 9.8780151e-01 1.0403712e+00
-2.0120120e+01 9.3371747e-01 9.8874838e-01 1.0411187e+00
-2.0105105e+01 9.3477939e-01 9.8967232e-01 1.0420373e+00
-2.0090090e+01 9.3578193e-01 9.9046738e-01 1.0428061e+00
-2.0075075e+01 9.3658703e-01 9.9135981e-01 1.0435684e+00
-2.0060060e+01 9.3749925e-01 9.9221700e-01 1.0441823e+00
-2.0045045e+01 9.3844901e-01 9.9306894e-01 1.0447232e+00
-2.0030030e+01 9.3933396e-01 9.9380200e-01 1.0453268e+00
-2.0015015e+01 9.4023154e-01 9.9445251e-01 1.0459026e+00
-2.0000000e+01 9.4096685e-01 9.9508383e-01 1.0463974e+00
-1.9984985e+01 9.4173180e-01 9.9569068e-01 1.0468699e+00
-1.9969970e+01 9.4238526e-01 9.9623531e-01 1.0473028e+00
-1.9954955e+01 9.4308727e-01 9.9682092e-01 1.0476944e+00
-1.9939940e+01 9.4370054e-01 9.9719958e-01 1.0480400e+00
-1.9924925e+01 9.4426678e-01 9.9770233e-01 1.0482957e+00
-1.9909910e+01 9.4486978e-01 9.9816528e-01 1.0486167e+00
-1.9894895e+01 9.4533622e-01 9.9844647e-01 1.0488358e+00
-1.9879880e+01 9.4580117e-01 9.9883120e-01 1.0491269e+00
-1.9864865e+01 9.4627076e-01 9.9915736e-01 1.0492388e+00
-1.9849850e+01 9.4668667e-01 9.9944039e-01 1.0492767e+00
-1.9834835e+01 9.4706567e-01 9.9963286e-01 1.0493389e+00
-1.9819820e+01 9.4729866e-01 9.9979409e-01 1.0493149e+00
-1.9804805e+01 9.4754477e-01 9.9988084e-01 1.0492882e+00
-1.9789790e+01 9.4788428e-01 9.9994167e-01 1.0492206e+00
-1.9774775e+01 9.4813707e-01 9.9998457e-01 1.0491189e+00
-1.9759760e+01 9.4820851e-01 1.0000000e+00 1.0490477e+00
-1.9744745e+01 9.4824761e-01 9.9996062e-01 1.0488601e+00
-1.9729730e+01 9.4839468e-01 9.9991477e-01 1.0487381e+00
-1.9714715e+01 9.4841647e-01 9.9979745e-01 1.0484969e+00
-1.9699700e+01 9.4833439e-01 9.9965222e-01 1.0482004e+00
-1.9684685e+01 9.4821965e-01 9.9942381e-01 1.0478533e+00
-1.9669670e+01 9.4811209e-01 9.9917667e-01 1.0474800e+00
-1.9654655e+01 9.4794107e-01 9.9889735e-01 1.0471194e+00
-1.9639640e+01 9.4778872e-01 9.9853219e-01 1.0466960e+00
-1.9624625e+01 9.4752355e-01 9.9828826e-01 1.0463074e+00
-1.9609610e+01 9.4720351e-01 9.9794590e-01 1.0458012e+00
-1.9594595e+01 9.4687204e-01 9.9751233e-01 1.0452598e+00
-1.9579580e+01 9.4652637e-01 9.9704186e-01 1.0446689e+00
-1.9564565e+01 9.4612287e-01 9.9649094e-01 1.0440928e+00
-1.9549550e+01 9.4570824e-01 9.9598012e-01 1.0434775e+00
-1.9534535e+01 9.4526450e-01 9.9536291e-01 1.0428467e+00
-1.9519520e+01 9.4473781e-01 9.9482022e-01 1.0420807e+00
-1.9504505e+01 9.4422901e-01 9.9419869e-01 1.0413979e+00
-1.9489489e+01 9.4370913e-01 9.9349478e-01 1.0405857e+00
-1.9474474e+01 9.4303729e-01 9.9276393e-01 1.0398150e+00
-1.9459459e+01 9.4233833e-01 9.9209330e-01 1.0390398e+00
-1.9444444e+01 9.4161149e-01 9.9126443e-01 1.0381530e+00
-1.9429429e+01 9.4082572e-01 9.9040532e-01 1.0371877e+00
-1.9414414e+01 9.4005965e-01 9.8957873e-01 1.0362142e+00
-1.9399399e+01 9.3909604e-01 9.8860420e-01 1.0351571e+00
-1.9384384e+01 9.3834817e-01 9.8752749e-01 1.0340629e+00
-1.9369369e+01 9.3743707e-01 9.8657829e-01 1.0330347e+00
-1.9354354e+01 9.3655234e-01 9.8550322e-01 1.0319181e+00
-1.9339339e+01 9.3561744e-01 9.8447784e-01 1.0308518e+00
-1.9324324e+01 9.3459651e-01 9.8335042e-01 1.0297227e+00
-1.9309309e+01 9.3347257e-01 9.8227947e-01 1.0286283e+00
-1.9294294e+01 9.3222684e-01 9.8112330e-01 1.0274243e+00
-1.9279279e+01 9.3110466e-01 9.7994596e-01 1.0261415e+00
-1.9264264e+01 9.2995702e-01 9.7874687e-01 1.0249537e+00
-1.9249249e+01 9.2875402e-01 9.7745326e-01 1.0236492e+00
-1.9234234e+01 9.2741490e-01 9.7614163e-01 1.0223488e+00
-1.9219219e+01 9.2620092e-01 9.7486481e-01 1.0210131e+00
-1.9204204e+01 9.2488073e-01 9.7360041e-01 1.0196835e+00
-1.9189189e+01 9.2346999e-01 9.7220616e-01 1.0182423e+00
-1.9174174e+01 9.2213461e-01 9.7078762e-01 1.0168590e+00
-1.9159159e+01 9.2071449e-01 9.6932991e-01 1.0154254e+00
-1.9144144e+01 9.1921659e-01 9.6787073e-01 1.0138971e+00
-1.9129129e+01 9.1775967e-01 9.6621172e-01 1.0123459e+00
-1.9114114e+01 9.1614663e-01 9.6452839e-01 1.0107635e+00
-1.9099099e+01 9.1461007e-01 9.6297334e-01 1.0091790e+00
-1.9084084e+01 9.1307905e-01 9.6127281e-01 1.0073689e+00
-1.9069069e+01 9.1133589e-01 9.5962340e-01 1.0056510e+00
-1.9054054e+01 9.0960700e-01 9.5789682e-01 1.0039033e+00
-1.9039039e+01 9.0785487e-01 9.5614606e-01 1.0022107e+00
-1.9024024e+01 9.0611939e-01 9.5444207e-01 1.0005230e+00
-1.9009009e+01 9.0433315e-01 9.5262000e-01 9.9876397e-01
-1.8993994e+01 9.0259715e-01 9.5078325e-01 9.9699018e-01
-1.8978979e+01 9.0074235e-01 9.4885780e-01 9.9519519e-01
-1.8963964e+01 8.9882905e-01 9.4690705e-01 9.9338108e-01
-1.8948949e+01 8.9697494e-01 9.4499715e-01 9.9150797e-01
-1.8933934e+01 8.9496546e-01 9.4302138e-01 9.8963610e-01
-1.8918919e+01 8.9292139e-01 9.4109175e-01 9.8770262e-01
-1.8903904e+01 8.9087818e-01 9.3896804e-01 9.8574235e-01
-1.8888889e+01 8.8882425e-01 9.3694749e-01 9.8373854e-01
-1.8873874e+01 8.8675369e-01 9.3485644e-01 9.8173569e-01
-1.8858859e+01 8.8468647e-01 9.3283559e-01 9.7971047e-01
-1.8843844e+01 8.8250479e-01 9.3067591e-01 9.7760786e-01
-1.8828829e+01 8.8033167e-01 9.2855177e-01 9.7548150e-01
-1.8813814e+01 8.7818072e-01 9.2641701e-01 9.7323164e-01
-1.8798799e+01 8.7583926e-01 9.2416230e-01 9.7114581e-01
-1.8783784e+01 8.7351592e-01 9.2192863e-01 9.6894474e-01
-1.8768769e+01 8.7119525e-01 9.1959961e-01 9.6675558e-01
-1.8753754e+01 8.6895303e-01 9.1732087e-01 9.6454365e-01
-1.8738739e+01 8.6650667e-01 9.1506208e-01 9.6230751e-01
-1.8723724e+01 8.6414850e-01 9.1266042e-01 9.5992431e-01
-1.8708709e+01 8.6172958e-01 9.1023866e-01 9.5762744e-01
-1.8693694e+01 8.5933117e-01 9.0793788e-01 9.5526565e-01
-1.8678679e+01 8.5690007e-01 9.0555397e-01 9.5303270e-01
-1.8663664e+01 8.5453617e-01 9.0309137e-01 9.5067082e-01
-1.8648649e+01 8.5201965e-01 9.0065072e-01 9.4822643e-01
-1.8633634e+01 8.4939442e-01 8.9816682e-01 9.4587693e-01
-1.8618619e+01 8.4678848e-01 8.9570869e-01 9.4342657e-01
-1.8603604e+01 8.4409716e-01 8.9317622e-01 9.4090622e-01
-1.8588589e+01 8.4153836e-01 8.9069408e-01 9.3840795e-01
-1.8573574e+01 8.3885542e-01 8.8805183e-01 9.3594494e-01
-1.8558559e+01 8.3620767e-01 8.8552381e-01 9.3342350e-01
-1.8543544e+01 8.3356251e-01 8.8294908e-01 9.3093451e-01
-1.8528529e+01 8.3089342e-01 8.8028980e-01 9.2838324e-01
-1.8513514e+01 8.2811369e-01 8.7766413e-01 9.2577588e-01
-1.8498498e+01 8.2540384e-01 8.7494871e-01 9.2324488e-01
-1.8483483e+01 8.2256731e-01 8.7230987e-01 9.2069273e-01
-1.8468468e+01 8.1969567e-01 8.6969476e-01 9.1794483e-01
-1.8453453e+01 8.1693142e-01 8.6689217e-01 9.1529411e-01
-1.8438438e+01 8.1404214e-01 8.6413806e-01 9.1270264e-01
-1.8423423e+01 8.1120476e-01 8.6132688e-01 9.1005983e-01
-1.8408408e+01 8.0825558e-01 8.5858099e-01 9.0737900e-01
-1.8393393e+01 8.0531959e-01 8.5578556e-01 9.0477990e-01
-1.8378378e+01 8.0236312e-01 8.5303174e-01 9.0210456e-01
-1.8363363e+01 7.9942168e-01 8.5017122e-01 8.9943662e-01
-1.8348348e+01 7.9649290e-01 8.4729999e-01 8.9662274e-01
-1.8333333e+01 7.9349547e-01 8.4435998e-01 8.9383239e-01
-1.8318318e+01 7.9047291e-01 8.4149713e-01 8.9098339e-01
-1.8303303e+01 7.8738132e-01 8.3862298e-01 8.8823426e-01
-1.8288288e+01 7.8440803e-01 8.3569340e-01 8.8543619e-01
-1.8273273e+01 7.8121779e-01 8.3279269e-01 8.8249116e-01
-1.8258258e+01 7.7814505e-01 8.2970675e-01 8.7968284e-01
-1.8243243e+01 7.7503014e-01 8.2661510e-01 8.7682811e-01
-1.8228228e+01 7.7196303e-01 8.2366218e-01 8.7404269e-01
-1.8213213e+01 7.6885523e-01 8.2074387e-01 8.7117025e-01
-1.8198198e+01 7.6573779e-01 8.1764965e-01 8.6823636e-01
-1.8183183e+01 7.6269087e-01 8.1463220e-01 8.6532099e-01
-1.8168168e+01 7.5960213e-01 8.1158721e-01 8.6249065e-01
-1.8153153e+01 7.5644637e-01 8.0847836e-01 8.5955157e-01
-1.8138138e+01 7.5333406e-01 8.0531122e-01 8.5658563e-01
-1.8123123e+01 7.5017263e-01 8.0220744e-01 8.5366069e-01
-1.8108108e+01 7.4700610e-01 7.9909511e-01 8.5061113e-01
-1.8093093e+01 7.4372436e-01 7.9598029e-01 8.4758848e-01
-1.8078078e+01 7.4041592e-01 7.9281089e-01 8.4470354e-01
-1.8063063e+01 7.3715642e-01 7.8965427e-01 8.4166295e-01
-1.8048048e+01 7.3387668e-01 7.8643728e-01 8.3867249e-01
-1.8033033e+01 7.3056653e-01 7.8319916e-01 8.3563185e-01
-1.8018018e+01 7.2729320e-01 7.8000393e-01 8.3253529e-01
-1.8003003e+01 7.2403511e-01 7.7687874e-01 8.2949763e-01
-1.7987988e+01 7.2067938e-01 7.7369265e-01 8.2631365e-01
-1.7972973e+01 7.1738610e-01 7.7044548e-01 8.2324343e-01
-1.7957958e+01 7.1410238e-01 7.6727069e-01 8.2018206e-01
-1.7942943e+01 7.1077554e-01 7.6405972e-01 8.1718521e-01
-1.7927928e+01 7.0738505e-01 7.6081552e-01 8.1404575e-01
-1.7912913e+01 7.0406304e-01 7.5757654e-01 8.1084744e-01
-1.7897898e+01 7.0077283e-01 7.5433479e-01 8.0768731e-01
-1.7882883e+01 6.9738574e-01 7.5105874e-01 8.0460829e-01
-1.7867868e+01 6.9398499e-01 7.4773304e-01 8.0144016e-01
-1.7852853e+01 6.9061759e-01 7.4444352e-01 7.9827729e-01
-1.7837838e+01 6.8730964e-01 7.4112617e-01 7.9514139e-01
-1.7822823e+01 6.8391979e-01 7.3786732e-01 7.9187332e-01
-1.7807808e+01 6.8048788e-01 7.3460555e-01 7.8872266e-01
-1.7792793e+01 6.7713901e-01 7.3132330e-01 7.8550114e-01
-1.7777778e+01 6.7365058e-01 7.2809839e-01 7.8232585e-01
-1.7762763e+01 6.7022846e-01 7.2481706e-01 7.7910193e-01
-1.7747748e+01 6.6681832e-01 7.2155403e-01 7.7584821e-01
-1.7732733e+01 6.6339348e-01 7.1815220e-01 7.7263408e-01
-1.7717718e+01 6.6000575e-01 7.1484840e-01 7.6945754e-01
-1.7702703e+01 6.5656940e-01 7.1149313e-01 7.6623766e-01
-1.7687688e+01 6.5328108e-01 7.0815324e-01 7.6290142e-01
-1.7672673e+01 6.4990381e-01 7.0483729e-01 7.5962532e-01
-1.7657658e+01 6.4647077e-01 7.0147108e-01 7.5630170e-01
-1.7642643e+01 6.4298060e-01 6.9814755e-01 7.5308787e-01
-1.7627628e+01 6.3951867e-01 6.9476444e-01 7.4983852e-01
-1.7612613e+01 6.3608518e-01 6.9135171e-01 7.4649995e-01
-1.7597598e+01 6.3263906e-01 6.8788064e-01 7.4326628e-01
-1.7582583e+01 6.2924757e-01 6.8445522e-01 7.4003137e-01
-1.7567568e+01 6.2577120e-01 6.8104307e-01 7.3678839e-01
-1.7552553e+01 6.2234311e-01 6.7761685e-01 7.3344761e-01
-1.7537538e+01 6.1891593e-01 6.7420159e-01 7.3023791e-01
-1.7522523e+01 6.1541465e-01 6.7080070e-01 7.2692181e-01
-1.7507508e+01 6.1209461e-01 6.6735943e-01 7.2363809e-01
-1.7492492e+01 6.0860846e-01 6.6399536e-01 7.2033696e-01
-1.7477477e+01 6.0521670e-01 6.6063844e-01 7.1703725e-01
-1.7462462e+01 6.0175073e-01 6.5729582e-01 7.1381183e-01
-1.7447447e+01 5.9836344e-01 6.5399072e-01 7.1040787e-01
-1.7432432e+01 5.9492527e-01 6.5063708e-01 7.0704453e-01
-1.7417417e+01 5.9151984e-01 6.4728092e-01 7.0366228e-01
-1.7402402e+01 5.8811873e-01 6.4391291e-01 7.0035813e-01
-1.7387387e+01 5.8467363e-01 6.4053898e-01 6.9693939e-01
-1.7372372e+01 5.8126010e-01 6.3712956e-01 6.9363669e-01
-1.7357357e+01 5.7787457e-01 6.3375122e-01 6.9028046e-01
-1.7342342e+01 5.7441088e-01 6.3041123e-01 6.8696009e-01
-1.7327327e+01 5.7094741e-01 6.2698714e-01 6.8367990e-01
-1.7312312e+01 5.6751989e-01 6.2361098e-01 6.8031934e-01
-1.7297297e+01 5.6408899e-01 6.2017327e-01 6.7689774e-01
-1.7282282e+01 5.6067250e-01 6.1677604e-01 6.7357341e-01
-1.7267267e+01 5.5738194e-01 6.1337518e-01 6.7030322e-01
-1.7252252e+01 5.5395163e-01 6.0999991e-01 6.6685200e-01
-1.7237237e+01 5.5051570e-01 6.0661669e-01 6.6353031e-01
-1.7222222e+01 5.4707650e-01 6.0326546e-01 6.6020127e-01
-1.7207207e+01 5.4371387e-01 5.9991486e-01 6.5685897e-01
-1.7192192e+01 5.4033310e-01 5.9658404e-01 6.5356643e-01
-1.7177177e+01 5.3700633e-01 5.9326659e-01 6.5020108e-01
-1.7162162e+01 5.3367203e-01 5.8993599e-01 6.4686943e-01
-1.7147147e+01 5.3022577e-01 5.8657394e-01 6.4353607e-01
-1.7132132e+01 5.2690783e-01 5.8320491e-01 6.4017481e-01
-1.7117117e+01 5.2367166e-01 5.7984514e-01 6.3677174e-01
-1.7102102e+01 5.2041071e-01 5.7653464e-01 6.3345375e-01
-1.7087087e+01 5.1710346e-01 5.7321682e-01 6.3003451e-01
-1.7072072e+01 5.1378846e-01 5.6995064e-01 6.2669261e-01
-1.7057057e+01 5.1050020e-01 5.6665071e-01 6.2335964e-01
-1.7042042e+01 5.0721760e-01 5.6336347e-01 6.1999159e-01
-1.7027027e+01 5.0401596e-01 5.6014235e-01 6.1661512e-01
-1.7012012e+01 5.0065545e-01 5.5683497e-01 6.1331286e-01
-1.6996997e+01 4.9743440e-01 5.5344116e-01 6.1007765e-01
-1.6981982e+01 4.9420101e-01 5.5015477e-01 6.0681971e-01
-1.6966967e+01 4.9088929e-01 5.4680690e-01 6.0350026e-01
-1.6951952e+01 4.8766578e-01 5.4352330e-01 6.0017416e-01
-1.6936937e+01 4.8447670e-01 5.4014810e-01 5.9693751e-01
-1.6921922e+01 4.8112574e-01 5.3686057e-01 5.9357657e-01
-1.6906907e+01 4.7793828e-01 5.3360992e-01 5.9033388e-01
-1.6891892e+01 4.7466616e-01 5.3031478e-01 5.8707100e-01
-1.6876877e+01 4.7152460e-01 5.2699031e-01 5.8376119e-01
-1.6861862e+01 4.6827400e-01 5.2382712e-01 5.8048083e-01
-1.6846847e+01 4.6512550e-01 5.2055720e-01 5.7722241e-01
-1.6831832e+01 4.6185451e-01 5.1732807e-01 5.7395959e-01
-1.6816817e+01 4.5871672e-01 5.1411339e-01 5.7072300e-01
-1.6801802e+01 4.5551413e-01 5.1087647e-01 5.6746901e-01
-1.6786787e+01 4.5239044e-01 5.0765668e-01 5.6419081e-01
-1.6771772e+01 4.4922797e-01 5.0442726e-01 5.6094154e-01
-1.6756757e+01 4.4604338e-01 5.0124511e-01 5.5773900e-01
-1.6741742e+01 4.4285194e-01 4.9807002e-01 5.5448407e-01
-1.6726727e+01 4.3970980e-01 4.9489007e-01 5.5127891e-01
-1.6711712e+01 4.3656728e-01 4.9171291e-01 5.4799967e-01
-1.6696697e+01 4.3347661e-01 4.8857778e-01 5.4473301e-01
-1.6681682e+01 4.3041103e-01 4.8536973e-01 5.4151760e-01
-1.6666667e+01 4.2737105e-01 4.8214303e-01 5.3830485e-01
-1.6651652e+01 4.2434953e-01 4.7900530e-01 5.3509163e-01
-1.6636637e+01 4.2128585e-01 4.7586814e-01 5.3195946e-01
-1.6621622e+01 4.1823750e-01 4.7276024e-01 5.2888212e-01
-1.6606607e+01 4.1525457e-01 4.6961027e-01 5.2576076e-01
-1.6591592e+01 4.1216896e-01 4.6647770e-01 5.2255047e-01
-1.6576577e+01 4.0913396e-01 4.6338373e-01 5.1936443e-01
-1.6561562e+01 4.0606050e-01 4.6032255e-01 5.1626831e-01
-1.6546547e+01 4.0313431e-01 4.5722378e-01 5.1313903e-01
-1.6531532e+01 4.0017060e-01 4.5414866e-01 5.0995840e-01
-1.6516517e+01 3.9719222e-01 4.5111495e-01 5.0675150e-01
-1.6501502e+01 3.9429436e-01 4.4803156e-01 5.0360317e-01
-1.6486486e+01 3.9137243e-01 4.4501852e-01 5.0046641e-01
-1.6471471e+01 3.8843073e-01 4.4195070e-01 4.9738691e-01
-1.6456456e+01 3.8549244e-01 4.3889286e-01 4.9423725e-01
-1.6441441e+01 3.8257827e-01 4.3591421e-01 4.9110286e-01
-1.6426426e+01 3.7974785e-01 4.3286891e-01 4.8801063e-01
-1.6411411e+01 3.7677304e-01 4.2986132e-01 4.8496851e-01
-1.6396396e+01 3.7392518e-01 4.2691349e-01 4.8191015e-01
-1.6381381e+01 3.7105599e-01 4.2396638e-01 4.7885685e-01
-1.6366366e+01 3.6815419e-01 4.2097185e-01 4.7587583e-01
-1.6351351e+01 3.6534669e-01 4.1803208e-01 4.7290088e-01
-1.6336336e+01 3.6246668e-01 4.1510304e-01 4.6995274e-01
-1.6321321e+01 3.5965897e-01 4.1219319e-01 4.6692829e-01
-1.6306306e+01 3.5685822e-01 4.0928538e-01 4.6392348e-01
-1.6291291e+01 3.5411528e-01 4.0637997e-01 4.6090305e-01
-1.6276276e+01 3.5137376e-01 4.0351310e-01 4.5787527e-01
-1.6261261e+01 3.4866375e-01 4.0065577e-01 4.5492666e-01
-1.6246246e+01 3.4590659e-01 3.9777362e-01 4.5195893e-01
-1.6231231e+01 3.4317252e-01 3.9493217e-01 4.4903240e-01
-1.6216216e+01 3.4052262e-01 3.9212023e-01 4.4615031e-01
-1.6201201e+01 3.3776573e-01 3.8930317e-01 4.4319814e-01
-1.6186186e+01 3.3509596e-01 3.8651754e-01 4.4030043e-01
-1.6171171e+01 3.3241057e-01 3.8368817e-01 4.3735123e-01
-1.6156156e+01 3.2979375e-01 3.8088824e-01 4.3443885e-01
-1.6141141e+01 3.2721278e-01 3.7811603e-01 4.3158653e-01
-1.6126126e+01 3.2461551e-01 3.7535581e-01 4.2865864e-01
-1.6111111e+01 3.2208627e-01 3.7256735e-01 4.2578693e-01
-1.6096096e+01 3.1953671e-01 3.6984304e-01 4.2293922e-01
-1.6081081e+01 3.1698344e-01 3.6715471e-01 4.2005332e-01
-1.6066066e+01 3.1438876e-01 3.6441914e-01 4.1721323e-01
-1.6051051e+01 3.1179094e-01 3.6173493e-01 4.1445210e-01
-1.6036036e+01 3.0916918e-01 3.5901463e-01 4.1163153e-01
-1.6021021e+01 3.0665450e-01 3.5635313e-01 4.0888013e-01
-1.6006006e+01 3.0408762e-01 3.5373655e-01 4.0608619e-01
-1.5990991e+01 3.0157539e-01 3.5109225e-01 4.0335334e-01
-1.5975976e+01 2.9906342e-01 3.4840398e-01 4.0050980e-01
-1.5960961e+01 2.9665453e-01 3.4574798e-01 3.9774767e-01
-1.5945946e+01 2.9421280e-01 3.4316977e-01 3.9498208e-01
-1.5930931e+01 2.9167670e-01 3.4056854e-01 3.9231273e-01
-1.5915916e+01 2.8929245e-01 3.3796563e-01 3.8961800e-01
-1.5900901e+01 2.8690244e-01 3.3537559e-01 3.8694079e-01
-1.5885886e+01 2.8446090e-01 3.3287735e-01 3.8426988e-01
-1.5870871e+01 2.8207332e-01 3.3028822e-01 3.8163355e-01
-1.5855856e+01 2.7962666e-01 3.2772177e-01 3.7897557e-01
-1.5840841e+01 2.7728294e-01 3.2516025e-01 3.7631164e-01
-1.5825826e+01 2.7494382e-01 3.2261684e-01 3.7369414e-01
-1.5810811e+01 2.7263275e-01 3.2015342e-01 3.7111577e-01
-1.5795796e+01 2.7027277e-01 3.1770703e-01 3.6852965e-01
-1.5780781e+01 2.6797945e-01 3.1524580e-01 3.6597270e-01
-1.5765766e+01 2.6565014e-01 3.1283613e-01 3.6335690e-01
-1.5750751e+01 2.6337509e-01 3.1038952e-01 3.6080826e-01
-1.5735736e+01 2.6111190e-01 3.0797645e-01 3.5825285e-01
-1.5720721e+01 2.5882584e-01 3.0556693e-01 3.5574743e-01
-1.5705706e+01 2.5654834e-01 3.0314769e-01 3.5324462e-01
-1.5690691e+01 2.5432657e-01 3.0082021e-01 3.5076339e-01
-1.5675676e+01 2.5213282e-01 2.9849511e-01 3.4820890e-01
-1.5660661e+01 2.4995211e-01 2.9615613e-01 3.4573198e-01
-1.5645646e+01 2.4770275e-01 2.9385140e-01 3.4324995e-01
-1.5630631e+01 2.4541866e-01 2.9153807e-01 3.4084005e-01
-1.5615616e+01 2.4324931e-01 2.8921107e-01 3.3845849e-01
-1.5600601e+01 2.4107681e-01 2.8688489e-01 3.3601601e-01
-1.5585586e+01 2.3894259e-01 2.8459642e-01 3.3363208e-01
-1.5570571e+01 2.3682702e-01 2.8230345e-01 3.3122084e-01
-1.5555556e+01 2.3472399e-01 2.8002817e-01 3.2885495e-01
-1.5540541e+01 2.3259978e-01 2.7775438e-01 3.2644166e-01
-1.5525526e+01 2.3052850e-01 2.7557356e-01 3.2399151e-01
-1.5510511e+01 2.2847607e-01 2.7333427e-01 3.2162115e-01
-1.5495495e+01 2.2640092e-01 2.7111702e-01 3.1925630e-01
-1.5480480e+01 2.2432468e-01 2.6896427e-01 3.1699907e-01
-1.5465465e+01 2.2228638e-01 2.6678813e-01 3.1464947e-01
-1.5450450e+01 2.2032035e-01 2.6461425e-01 3.1234651e-01
-1.5435435e+01 2.1827534e-01 2.6243193e-01 3.1006432e-01
-1.5420420e+01 2.1630797e-01 2.6023584e-01 3.0780125e-01
-1.5405405e+01 2.1433848e-01 2.5815837e-01 3.0552339e-01
-1.5390390e+01 2.1234297e-01 2.5607385e-01 3.0320966e-01
-1.5375375e+01 2.1040158e-01 2.5397052e-01 3.0095251e-01
-1.5360360e+01 2.0847790e-01 2.5184368e-01 2.9877651e-01
-1.5345345e+01 2.0656313e-01 2.4975268e-01 2.9658322e-01
-1.5330330e+01 2.0458388e-01 2.4766285e-01 2.9437093e-01
-1.5315315e+01 2.0268139e-01 2.4558949e-01 2.9223454e-01
-1.5300300e+01 2.0084296e-01 2.4360646e-01 2.9013480e-01
-1.5285285e+01 1.9897939e-01 2.4157372e-01 2.8798715e-01
-1.5270270e+01 1.9720826e-01 2.3960419e-01 2.8581501e-01
-1.5255255e+01 1.9541506e-01 2.3766143e-01 2.8364364e-01
-1.5240240e+01 1.9356774e-01 2.3567947e-01 2.8148985e-01
-1.5225225e+01 1.9181776e-01 2.3372464e-01 2.7942701e-01
-1.5210210e+01 1.8999446e-01 2.3180789e-01 2.7734344e-01
-1.5195195e+01 1.8821460e-01 2.2990514e-01 2.7525927e-01
-1.5180180e+01 1.8648751e-01 2.2800615e-01 2.7317896e-01
-1.5165165e+01 1.8477045e-01 2.2609746e-01 2.7111385e-01
-1.5150150e+01 1.8299881e-01 2.2414617e-01 2.6908297e-01
-1.5135135e+01 1.8131661e-01 2.2224236e-01 2.6706978e-01
-1.5120120e+01 1.7959085e-01 2.2034776e-01 2.6509597e-01
-1.5105105e+01 1.7790709e-01 2.1847239e-01 2.6312157e-01
-1.5090090e+01 1.7620835e-01 2.1656863e-01 2.6109457e-01
-1.5075075e+01 1.7453328e-01 2.1474147e-01 2.5908515e-01
-1.5060060e+01 1.7287047e-01 2.1294905e-01 2.5707968e-01
-1.5045045e+01 1.7119509e-01 2.1113499e-01 2.5507367e-01
-1.5030030e+01 1.6950988e-01 2.0928315e-01 2.5316305e-01
-1.5015015e+01 1.6781982e-01 2.0756254e-01 2.5126252e-01
-1.5000000e+01 1.6623847e-01 2.0580322e-01 2.4937187e-01
-1.4984985e+01 1.6468560e-01 2.0402733e-01 2.4749795e-01
-1.4969970e+01 1.6310554e-01 2.0225831e-01 2.4560539e-01
-1.4954955e+01 1.6153676e-01 2.0052881e-01 2.4378673e-01
-1.4939940e+01 1.5999971e-01 1.9885004e-01 2.4191610e-01
-1.4924925e+01 1.5843710e-01 1.9715798e-01 2.3999747e-01
-1.4909910e+01 1.5685887e-01 1.9545423e-01 2.3813484e-01
-1.4894895e+01 1.5532060e-01 1.9378599e-01 2.3633275e-01
-1.4879880e+01 1.5383584e-01 1.9211107e-01 2.3450140e-01
-1.4864865e+01 1.5229015e-01 1.9045533e-01 2.3273226e-01
-1.4849850e+01 1.5080136e-01 1.8880693e-01 2.3092082e-01
-1.4834835e+01 1.4934015e-01 1.8721933e-01 2.2917004e-01
-1.4819820e+01 1.4783841e-01 1.8560589e-01 2.2746370e-01
-1.4804805e+01 1.4635998e-01 1.8404898e-01 2.2573437e-01
-1.4789790e+01 1.4493423e-01 1.8247163e-01 2.2401086e-01
-1.4774775e+01 1.4352661e-01 1.8089223e-01 2.2229564e-01
-1.4759760e+01 1.4212941e-01 1.7928920e-01 2.2056130e-01
-1.4744745e+01 1.4071752e-01 1.7775554e-01 2.1885802e-01
-1.4729730e+01 1.3930388e-01 1.7621853e-01 2.1721394e-01
-1.4714715e+01 1.3788158e-01 1.7471232e-01 2.1561181e-01
-1.4699700e+01 1.3650340e-01 1.7320195e-01 2.1400613e-01
-1.4684685e+01 1.3508128e-01 1.7175989e-01 2.1239387e-01
-1.4669670e+01 1.3378818e-01 1.7024892e-01 2.1071477e-01
-1.4654655e+01 1.3242876e-01 1.6877109e-01 2.0910309e-01
-1.4639640e+01 1.3112702e-01 1.6733227e-01 2.0752589e-01
-1.4624625e+01 1.2976297e-01 1.6586750e-01 2.0589231e-01
-1.4609610e+01 1.2844371e-01 1.6443437e-01 2.0434572e-01
-1.4594595e+01 1.2715688e-01 1.6296551e-01 2.0281942e-01
-1.4579580e+01 1.2585375e-01 1.6151708e-01 2.0128109e-01
-1.4564565e+01 1.2452423e-01 1.6009629e-01 1.9980937e-01
-1.4549550e+01 1.2323273e-01 1.5870456e-01 1.9826977e-01
-1.4534535e+01 1.2198220e-01 1.5732689e-01 1.9679308e-01
-1.4519520e+01 1.2071862e-01 1.5592516e-01 1.9523884e-01
-1.4504505e+01 1.1944215e-01 1.5452177e-01 1.9374560e-01
-1.4489489e+01 1.1823499e-01 1.5317798e-01 1.9228644e-01
-1.4474474e+01 1.1701710e-01 1.5182071e-01 1.9082917e-01
-1.4459459e+01 1.1587154e-01 1.5047980e-01 1.8933970e-01
-1.4444444e+01 1.1468567e-01 1.4912165e-01 1.8797221e-01
-1.4429429e+01 1.1350564e-01 1.4780373e-01 1.8658689e-01
-1.4414414e+01 1.1233199e-01 1.4653265e-01 1.8523533e-01
-1.4399399e+01 1.1115413e-01 1.4524579e-01 1.8381862e-01
-1.4384384e+01 1.1002311e-01 1.4394808e-01 1.8243860e-01
-1.4369369e+01 1.0889552e-01 1.4267977e-01 1.8106478e-01
-1.4354354e+01 1.0780569e-01 1.4142100e-01 1.7975770e-01
-1.4339339e+01 1.0667586e-01 1.4015937e-01 1.7844238e-01
-1.4324324e+01 1.0555683e-01 1.3895429e-01 1.7706308e-01
-1.4309309e+01 1.0443579e-01 1.3775206e-01 1.7569069e-01
-1.4294294e+01 1.0337529e-01 1.3651132e-01 1.7442178e-01
-1.4279279e+01 1.0228571e-01 1.3534116e-01 1.7310170e-01
-1.4264264e+01 1.0121544e-01 1.3414993e-01 1.7177078e-01
-1.4249249e+01 1.0013430e-01 1.3300917e-01 1.7042289e-01
-1.4234234e+01 9.9086636e-02 1.3181936e-01 1.6914729e-01
-1.4219219e+01 9.8045762e-02 1.3062626e-01 1.6784529e-01
-1.4204204e+01 9.7000616e-02 1.2947980e-01 1.6661152e-01
-1.4189189e+01 9.5954270e-02 1.2834967e-01 1.6530789e-01
-1.4174174e+01 9.4933655e-02 1.2720667e-01 1.6404656e-01
-1.4159159e+01 9.3943203e-02 1.2609527e-01 1.6284593e-01
-1.4144144e+01 9.2964126e-02 1.2500215e-01 1.6165299e-01
-1.4129129e+01 9.1971084e-02 1.2392783e-01 1.6044779e-01
-1.4114114e+01 9.0936052e-02 1.2284219e-01 1.5921846e-01
-1.4099099e+01 8.9960068e-02 1.2172389e-01 1.5804340e-01
-1.4084084e+01 8.8992736e-02 1.2069048e-01 1.5689120e-01
-1.4069069e+01 8.8002301e-02 1.1962663e-01 1.5577513e-01
-1.4054054e+01 8.7024254e-02 1.1858210e-01 1.5454717e-01
-1.4039039e+01 8.6072437e-02 1.1751420e-01 1.5338253e-01
-1.4024024e+01 8.5134621e-02 1.1644845e-01 1.5223967e-01
-1.4009009e+01 8.4217834e-02 1.1541982e-01 1.5109346e-01
-1.3993994e+01 8.3299647e-02 1.1438311e-01 1.5003511e-01
-1.3978979e+01 8.2364888e-02 1.1339717e-01 1.4892000e-01
-1.3963964e+01 8.1491736e-02 1.1237085e-01 1.4786075e-01
-1.3948949e+01 8.0655180e-02 1.1135799e-01 1.4677535e-01
-1.3933934e+01 7.9764675e-02 1.1036408e-01 1.4569876e-01
-1.3918919e+01 7.8913649e-02 1.0936062e-01 1.4455545e-01
-1.3903904e+01 7.7983822e-02 1.0836860e-01 1.4349982e-01
-1.3888889e+01 7.7153188e-02 1.0740089e-01 1.4238825e-01
-1.3873874e+01 7.6277185e-02 1.0643352e-01 1.4134477e-01
-1.3858859e+01 7.5480283e-02 1.0547360e-01 1.4032302e-01
-1.3843844e+01 7.4662523e-02 1.0451128e-01 1.3933247e-01
-1.3828829e+01 7.3842676e-02 1.0356993e-01 1.3829492e-01
-1.3813814e+01 7.3029892e-02 1.0268258e-01 1.3730614e-01
-1.3798799e+01 7.2249909e-02 1.0181173e-01 1.3632238e-01
-1.3783784e+01 7.1442353e-02 1.0095205e-01 1.3533213e-01
-1.3768769e+01 7.0636667e-02 1.0007622e-01 1.3434154e-01
-1.3753754e+01 6.9866087e-02 9.9211037e-02 1.3342505e-01
-1.3738739e+01 6.9104420e-02 9.8350235e-02 1.3245107e-01
-1.3723724e+01 6.8317639e-02 9.7498379e-02 1.3148378e-01
-1.3708709e+01 6.7563430e-02 9.6638265e-02 1.3056673e-01
-1.3693694e+01 6.6833278e-02 9.5824414e-02 1.2965642e-01
-1.3678679e+01 6.6075787e-02 9.4994533e-02 1.2872317e-01
-1.3663664e+01 6.5296068e-02 9.4143979e-02 1.2777961e-01
-1.3648649e+01 6.4526571e-02 9.3313504e-02 1.2686467e-01
-1.3633634e+01 6.3805128e-02 9.2483509e-02 1.2594943e-01
-1.3618619e+01 6.3088181e-02 9.1625082e-02 1.2507590e-01
-1.3603604e+01 6.2370006e-02 9.0807814e-02 1.2413877e-01
-1.3588589e+01 6.1713269e-02 9.0008999e-02 1.2334131e-01
-1.3573574e+01 6.1014392e-02 8.9223319e-02 1.2246107e-01
-1.3558559e+01 6.0322191e-02 8.8432933e-02 1.2162685e-01
-1.3543544e+01 5.9614708e-02 8.7653324e-02 1.2072257e-01
-1.3528529e+01 5.8944226e-02 8.6898385e-02 1.1986349e-01
-1.3513514e+01 5.8283489e-02 8.6112683e-02 1.1900802e-01
-1.3498498e+01 5.7621592e-02 8.5333988e-02 1.1813202e-01
-1.3483483e+01 5.6923707e-02 8.4586800e-02 1.1728431e-01
-1.3468468e+01 5.6262620e-02 8.3839046e-02 1.1641675e-01
-1.3453453e+01 5.5655656e-02 8.3078325e-02 1.1555331e-01
-1.3438438e+01 5.5012253e-02 8.2337239e-02 1.1472436e-01
-1.3423423e+01 5.4381234e-02 8.1580403e-02 1.1390076e-01
-1.3408408e+01 5.3731652e-02 8.0875507e-02 1.1310745e-01
-1.3393393e+01 5.3098426e-02 8.0156327e-02 1.1230533e-01
-1.3378378e+01 5.2464405e-02 7.9474794e-02 1.1153065e-01
-1.3363363e+01 5.1878492e-02 7.8791593e-02 1.1068884e-01
-1.3348348e+01 5.1238128e-02 7.8096148e-02 1.0990032e-01
-1.3333333e+01 5.0628256e-02 7.7435519e-02 1.0907290e-01
-1.3318318e+01 5.0009252e-02 7.6741636e-02 1.0828945e-01
-1.3303303e+01 4.9416472e-02 7.6058300e-02 1.0751991e-01
-1.3288288e+01 4.8829113e-02 7.5378129e-02 1.0678080e-01
-1.3273273e+01 4.8240211e-02 7.4713508e-02 1.0604510e-01
-1.3258258e+01 4.7677078e-02 7.4048322e-02 1.0527650e-01
-1.3243243e+01 4.7097077e-02 7.3399647e-02 1.0447730e-01
-1.3228228e+01 4.6545677e-02 7.2761370e-02 1.0379202e-01
-1.3213213e+01 4.6016404e-02 7.2089939e-02 1.0304583e-01
-1.3198198e+01 4.5480252e-02 7.1485644e-02 1.0234621e-01
-1.3183183e+01 4.4933577e-02 7.0857381e-02 1.0165201e-01
-1.3168168e+01 4.4395710e-02 7.0209312e-02 1.0095274e-01
-1.3153153e+01 4.3842758e-02 6.9617127e-02 1.0025616e-01
-1.3138138e+01 4.3320927e-02 6.9020124e-02 9.9542883e-02
-1.3123123e+01 4.2785643e-02 6.8412569e-02 9.8850635e-02
-1.3108108e+01 4.2291723e-02 6.7782286e-02 9.8171011e-02
-1.3093093e+01 4.1782030e-02 6.7202109e-02 9.7517862e-02
-1.3078078e+01 4.1301444e-02 6.6626219e-02 9.6806566e-02
-1.3063063e+01 4.0812466e-02 6.6045542e-02 9.6105240e-02
-1.3048048e+01 4.0362779e-02 6.5452956e-02 9.5426550e-02
-1.3033033e+01 3.9886697e-02 6.4860667e-02 9.4824001e-02
-1.3018018e+01 3.9384935e-02 6.4294126e-02 9.4149084e-02
-1.3003003e+01 3.8911486e-02 6.3724517e-02 9.3468268e-02
-1.2987988e+01 3.8471359e-02 6.3177159e-02 9.2837576e-02
-1.2972973e+01 3.8005370e-02 6.2642458e-02 9.2184931e-02
-1.2957958e+01 3.7549642e-02 6.2082860e-02 9.1625026e-02
-1.2942943e+01 3.7129984e-02 6.1533436e-02 9.1041583e-02
-1.2927928e+01 3.6674797e-02 6.0993811e-02 9.0360918e-02
-1.2912913e+01 3.6222001e-02 6.0476533e-02 8.9781509e-02
-1.2897898e+01 3.5827319e-02 5.9916353e-02 8.9162124e-02
-1.2882883e+01 3.5401593e-02 5.9391937e-02 8.8548757e-02
-1.2867868e+01 3.4978190e-02 5.8891753e-02 8.8025191e-02
-1.2852853e+01 3.4585707e-02 5.8379528e-02 8.7460957e-02
-1.2837838e+01 3.4185959e-02 5.7863308e-02 8.6904417e-02
-1.2822823e+01 3.3757850e-02 5.7347998e-02 8.6333353e-02
-1.2807808e+01 3.3336970e-02 5.6863764e-02 8.5753095e-02
-1.2792793e+01 3.2941563e-02 5.6388666e-02 8.5177718e-02
-1.2777778e+01 3.2527497e-02 5.5896688e-02 8.4659036e-02
-1.2762763e+01 3.2103053e-02 5.5400971e-02 8.4076355e-02
-1.2747748e+01 3.1692900e-02 5.4902817e-02 8.3518429e-02
-1.2732733e+01 3.1299724e-02 5.4434635e-02 8.3001104e-02
-1.2717718e+01 3.0906580e-02 5.3942228e-02 8.2479224e-02
-1.2702703e+01 3.0520995e-02 5.3450666e-02 8.1916608e-02
-1.2687688e+01 3.0143739e-02 5.2967317e-02 8.1356927e-02
-1.2672673e+01 2.9780725e-02 5.2474462e-02 8.0852637e-02
-1.2657658e+01 2.9411085e-02 5.2020124e-02 8.0320679e-02
-1.2642643e+01 2.9041981e-02 5.1563410e-02 7.9772701e-02
-1.2627628e+01 2.8668133e-02 5.1093201e-02 7.9261302e-02
-1.2612613e+01 2.8277295e-02 5.0630097e-02 7.8756197e-02
-1.2597598e+01 2.7925759e-02 5.0166104e-02 7.8240204e-02
-1.2582583e+01 2.7551009e-02 4.9701155e-02 7.7703108e-02
-1.2567568e+01 2.7181334e-02 4.9273074e-02 7.7235945e-02
-1.2552553e+01 2.6827273e-02 4.8845932e-02 7.6701787e-02
-1.2537538e+01 2.6451502e-02 4.8420415e-02 7.6160736e-02
-1.2522523e+01 2.6101845e-02 4.7997213e-02 7.5672420e-02
-1.2507508e+01 2.5735781e-02 4.7562708e-02 7.5187158e-02
-1.2492492e+01 2.5384647e-02 4.7163741e-02 7.4707864e-02
-1.2477477e+01 2.5025579e-02 4.6735360e-02 7.4214271e-02
-1.2462462e+01 2.4667816e-02 4.6311478e-02 7.3740566e-02
-1.2447447e+01 2.4320369e-02 4.5900780e-02 7.3262831e-02
-1.2432432e+01 2.3989533e-02 4.5488775e-02 7.2810131e-02
-1.2417417e+01 2.3664973e-02 4.5069895e-02 7.2325889e-02
-1.2402402e+01 2.3346841e-02 4.4629560e-02 7.1847779e-02
-1.2387387e+01 2.3025741e-02 4.4208297e-02 7.1340984e-02
-1.2372372e+01 2.2718514e-02 4.3805498e-02 7.0867211e-02
-1.2357357e+01 2.2387534e-02 4.3412582e-02 7.0446713e-02
-1.2342342e+01 2.2062329e-02 4.3035481e-02 6.9944842e-02
-1.2327327e+01 2.1742730e-02 4.2640204e-02 6.9447508e-02
-1.2312312e+01 2.1434727e-02 4.2249066e-02 6.8947283e-02
-1.2297297e+01 2.1123584e-02 4.1874230e-02 6.8471748e-02
-1.2282282e+01 2.0824981e-02 4.1522871e-02 6.8005233e-02
-1.2267267e+01 2.0510577e-02 4.1151697e-02 6.7555098e-02
-1.2252252e+01 2.0218344e-02 4.0780735e-02 6.7097068e-02
-1.2237237e+01 1.9922616e-02 4.0415149e-02 6.6650787e-02
-1.2222222e+01 1.9646167e-02 4.0063831e-02 6.6189839e-02
-1.2207207e+01 1.9344011e-02 3.9713892e-02 6.5719943e-02
-1.2192192e+01 1.9070190e-02 3.9382523e-02 6.5259657e-02
-1.2177177e+01 1.8801409e-02 3.9037234e-02 6.4830194e-02
-1.2162162e+01 1.8526780e-02 3.8690856e-02 6.4411707e-02
-1.2147147e+01 1.8254533e-02 3.8361250e-02 6.3954379e-02
-1.2132132e+01 1.8001819e-02 3.8044532e-02 6.3493495e-02
-1.2117117e+01 1.7748601e-02 3.7725848e-02 6.3100115e-02
-1.2102102e+01 1.7480943e-02 3.7391176e-02 6.2662910e-02
-1.2087087e+01 1.7221356e-02 3.7061912e-02 6.2235047e-02
-1.2072072e+01 1.6977581e-02 3.6719349e-02 6.1779428e-02
-1.2057057e+01 1.6717296e-02 3.6391561e-02 6.1365875e-02
-1.2042042e+01 1.6473190e-02 3.6077696e-02 6.0970332e-02
-1.2027027e+01 1.6235207e-02 3.5764948e-02 6.0577750e-02
-1.2012012e+01 1.5996634e-02 3.5450943e-02 6.0166414e-02
-1.1996997e+01 1.5755435e-02 3.5141977e-02 5.9743504e-02
-1.1981982e+01 1.5516528e-02 3.4820528e-02 5.9345588e-02
-1.1966967e+01 1.5280999e-02 3.4516330e-02 5.8944882e-02
-1.1951952e+01 1.5048205e-02 3.4215884e-02 5.8536859e-02
-1.1936937e+01 1.4830884e-02 3.3913449e-02 5.8160526e-02
-1.1921922e+01 1.4617744e-02 3.3617476e-02 5.7809684e-02
-1.1906907e+01 1.4400081e-02 3.3328625e-02 5.7397327e-02
-1.1891892e+01 1.4179719e-02 3.3031899e-02 5.7014913e-02
-1.1876877e+01 1.3981894e-02 3.2745458e-02 5.6638232e-02
-1.1861862e+01 1.3782976e-02 3.2469595e-02 5.6260450e-02
-1.1846847e+01 1.3584282e-02 3.2194868e-02 5.5838005e-02
-1.1831832e+01 1.3374964e-02 3.1915510e-02 5.5472710e-02
-1.1816817e+01 1.3179475e-02 3.1622662e-02 5.5151148e-02
-1.1801802e+01 1.2978851e-02 3.1342206e-02 5.4770883e-02
-1.1786787e+01 1.2793547e-02 3.1063721e-02 5.4355033e-02
-1.1771772e+01 1.2600582e-02 3.0798287e-02 5.3949557e-02
-1.1756757e+01 1.2418733e-02 3.0544429e-02 5.3578594e-02
-1.1741742e+01 1.2225212e-02 3.0275452e-02 5.3212931e-02
-1.1726727e+01 1.2046653e-02 3.0030805e-02 5.2853634e-02
-1.1711712e+01 1.1864105e-02 2.9779280e-02 5.2486486e-02
-1.1696697e+01 1.1695916e-02 2.9528656e-02 5.2148413e-02
-1.1681682e+01 1.1525297e-02 2.9282430e-02 5.1795205e-02
-1.1666667e+01 1.1346161e-02 2.9008412e-02 5.1419545e-02
-1.1651652e+01 1.1173783e-02 2.8767168e-02 5.1052735e-02
-1.1636637e+01 1.1018290e-02 2.8537042e-02 5.0707856e-02
-1.1621622e+01 1.0854433e-02 2.8308321e-02 5.0325256e-02
-1.1606607e+01 1.0699937e-02 2.8067273e-02 4.9959825e-02
-1.1591592e+01 1.0540425e-02 2.7820433e-02 4.9626661e-02
-1.1576577e+01 1.0374823e-02 2.7584898e-02 4.9287528e-02
-1.1561562e+01 1.0217768e-02 2.7352851e-02 4.8934620e-02
-1.1546547e+01 1.0072135e-02 2.7132384e-02 4.8600480e-02
-1.1531532e+01 9.9099974e-03 2.6902722e-02 4.8283615e-02
-1.1516517e+01 9.7609800e-03 2.6683663e-02 4.7959179e-02
-1.1501502e+01 9.6333336e-03 2.6443814e-02 4.7632590e-02
-1.1486486e+01 9.4947578e-03 2.6210753e-02 4.7305420e-02
-1.1471471e+01 9.3551188e-03 2.5982113e-02 4.6991574e-02
-1.1456456e+01 9.2199141e-03 2.5767055e-02 4.6673568e-02
-1.1441441e+01 9.0920519e-03 2.5544358e-02 4.6340679e-02
-1.1426426e+01 8.9454472e-03 2.5321403e-02 4.6022748e-02
-1.1411411e+01 8.8069886e-03 2.5092042e-02 4.5699008e-02
-1.1396396e+01 8.6720803e-03 2.4877050e-02 4.5386796e-02
-1.1381381e+01 8.5450595e-03 2.4669773e-02 4.5120700e-02
-1.1366366e+01 8.4136917e-03 2.4465441e-02 4.4819389e-02
-1.1351351e+01 8.2919190e-03 2.4265211e-02 4.4550395e-02
-1.1336336e+01 8.1651504e-03 2.4052626e-02 4.4262896e-02
-1.1321321e+01 8.0455609e-03 2.3834046e-02 4.3907145e-02
-1.1306306e+01 7.9202801e-03 2.3621893e-02 4.3609060e-02
-1.1291291e+01 7.7971017e-03 2.3414760e-02 4.3345146e-02
-1.1276276e+01 7.6713794e-03 2.3207925e-02 4.3051522e-02
-1.1261261e+01 7.5502224e-03 2.3003508e-02 4.2789282e-02
-1.1246246e+01 7.4281284e-03 2.2798124e-02 4.2521336e-02
-1.1231231e+01 7.3154756e-03 2.2601025e-02 4.2253741e-02
-1.1216216e+01 7.2165887e-03 2.2412745e-02 4.1937178e-02
-1.1201201e+01 7.1033869e-03 2.2216220e-02 4.1636020e-02
-1.1186186e+01 6.9896041e-03 2.2029877e-02 4.1407816e-02
-1.1171171e+01 6.8958523e-03 2.1837764e-02 4.1134186e-02
-1.1156156e+01 6.7857632e-03 2.1647690e-02 4.0851250e-02
-1.1141141e+01 6.6959286e-03 2.1460341e-02 4.0559665e-02
-1.1126126e+01 6.5871906e-03 2.1269066e-02 4.0288608e-02
-1.1111111e+01 6.4798079e-03 2.1079395e-02 4.0023434e-02
-1.1096096e+01 6.3836626e-03 2.0892915e-02 3.9739564e-02
-1.1081081e+01 6.2883868e-03 2.0703510e-02 3.9481460e-02
-1.1066066e+01 6.2050284e-03 2.0523264e-02 3.9211555e-02
-1.1051051e+01 6.1066023e-03 2.0345992e-02 3.8978861e-02
-1.1036036e+01 6.0127565e-03 2.0168731e-02 3.8731859e-02
-1.1021021e+01 5.9245500e-03 1.9980412e-02 3.8481668e-02
-1.1006006e+01 5.8349393e-03 1.9796078e-02 3.8235458e-02
-1.0990991e+01 5.7410521e-03 1.9618438e-02 3.7949278e-02
-1.0975976e+01 5.6586704e-03 1.9450010e-02 3.7663148e-02
-1.0960961e+01 5.5653886e-03 1.9285463e-02 3.7397056e-02
-1.0945946e+01 5.4784710e-03 1.9116335e-02 3.7150882e-02
-1.0930931e+01 5.3919969e-03 1.8940411e-02 3.6896688e-02
-1.0915916e+01 5.3017965e-03 1.8769703e-02 3.6650160e-02
-1.0900901e+01 5.2238152e-03 1.8593147e-02 3.6366719e-02
-1.0885886e+01 5.1448824e-03 1.8420075e-02 3.6142249e-02
-1.0870871e+01 5.0660228e-03 1.8253077e-02 3.5890422e-02
-1.0855856e+01 4.9816986e-03 1.8087106e-02 3.5680897e-02
-1.0840841e+01 4.9105848e-03 1.7919627e-02 3.5402311e-02
-1.0825826e+01 4.8282754e-03 1.7772815e-02 3.5191181e-02
-1.0810811e+01 4.7569295e-03 1.7604170e-02 3.4978100e-02
-1.0795796e+01 4.6890241e-03 1.7444994e-02 3.4737762e-02
-1.0780781e+01 4.6128159e-03 1.7282915e-02 3.4533012e-02
-1.0765766e+01 4.5398254e-03 1.7137616e-02 3.4332174e-02
-1.0750751e+01 4.4674851e-03 1.6992974e-02 3.4127056e-02
-1.0735736e+01 4.4003527e-03 1.6834021e-02 3.3932545e-02
-1.0720721e+01 4.3295515e-03 1.6684878e-02 3.3731110e-02
-1.0705706e+01 4.2657598e-03 1.6536231e-02 3.3527337e-02
-1.0690691e+01 4.2056382e-03 1.6387065e-02 3.3299644e-02
-1.0675676e+01 4.1421938e-03 1.6241668e-02 3.3075736e-02
-1.0660661e+01 4.0865273e-03 1.6101677e-02 3.2902953e-02
-1.0645646e+01 4.0260496e-03 1.5963745e-02 3.2694681e-02
-1.0630631e+01 3.9615114e-03 1.5810107e-02 3.2525903e-02
-1.0615616e+01 3.8980484e-03 1.5669917e-02 3.2323684e-02
-1.0600601e+01 3.8364673e-03 1.5523594e-02 3.2128519e-02
-1.0585586e+01 3.7780918e-03 1.5383462e-02 3.1960944e-02
-1.0570571e+01 3.7125436e-03 1.5243958e-02 3.1801433e-02
-1.0555556e+01 3.6584555e-03 1.5104125e-02 3.1624095e-02
-1.0540541e+01 3.6044187e-03 1.4969924e-02 3.1437533e-02
-1.0525526e+01 3.5474741e-03 1.4839283e-02 3.1291386e-02
-1.0510511e+01 3.4870189e-03 1.4711900e-02 3.1114171e-02
-1.0495495e+01 3.4315750e-03 1.4582590e-02 3.0938984e-02
-1.0480480e+01 3.3759844e-03 1.4459456e-02 3.0766936e-02
-1.0465465e+01 3.3291737e-03 1.4313778e-02 3.0575069e-02
-1.0450450e+01 3.2745621e-03 1.4185322e-02 3.0393686e-02
-1.0435435e+01 3.2180660e-03 1.4055548e-02 3.0220475e-02
-1.0420420e+01 3.1616656e-03 1.3929410e-02 3.0085362e-02
-1.0405405e+01 3.1112149e-03 1.3812612e-02 2.9946720e-02
-1.0390390e+01 3.0628714e-03 1.3701946e-02 2.9767837e-02
-1.0375375e+01 3.0094381e-03 1.3577091e-02 2.9657439e-02
-1.0360360e+01 2.9592511e-03 1.3451924e-02 2.9507203e-02
-1.0345345e+01 2.9087156e-03 1.3331393e-02 2.9375212e-02
-1.0330330e+01 2.8565365e-03 1.3214114e-02 2.9236394e-02
-1.0315315e+01 2.8068908e-03 1.3093839e-02 2.9109502e-02
-1.0300300e+01 2.7572692e-03 1.2984459e-02 2.8939926e-02
-1.0285285e+01 2.7097074e-03 1.2864986e-02 2.8800557e-02
-1.0270270e+01 2.6653145e-03 1.2749594e-02 2.8651632e-02
-1.0255255e+01 2.6208955e-03 1.2636973e-02 2.8514577e-02
-1.0240240e+01 2.5740405e-03 1.2518630e-02 2.8380035e-02
-1.0225225e+01 2.5266332e-03 1.2424637e-02 2.8279146e-02
-1.0210210e+01 2.4797112e-03 1.2320918e-02 2.8171184e-02
-1.0195195e+01 2.4407742e-03 1.2209192e-02 2.8042957e-02
-1.0180180e+01 2.4007239e-03 1.2096710e-02 2.7957326e-02
-1.0165165e+01 2.3605237e-03 1.1997676e-02 2.7809259e-02
-1.0150150e+01 2.3162737e-03 1.1895255e-02 2.7685053e-02
-1.0135135e+01 2.2782294e-03 1.1782224e-02 2.7574700e-02
-1.0120120e+01 2.2436933e-03 1.1684586e-02 2.7456190e-02
-1.0105105e+01 2.2092690e-03 1.1588875e-02 2.7340101e-02
-1.0090090e+01 2.1695487e-03 1.1503257e-02 2.7195462e-02
-1.0075075e+01 2.1293128e-03 1.1407333e-02 2.7089503e-02
-1.0060060e+01 2.0953450e-03 1.1301777e-02 2.6945929e-02
-1.0045045e+01 2.0633132e-03 1.1206370e-02 2.6867263e-02
-1.0030030e+01 2.0316192e-03 1.1108676e-02 2.6769478e-02
-1.0015015e+01 1.9974070e-03 1.1004384e-02 2.6666752e-02
-1.0000000e+01 1.9651592e-03 1.0911951e-02 2.6583026e-02
