X KDE_INF KDE_MED KDE_SUP
-4.0000000e+00 3.5791513e-47 6.4485916e-34 1.2897183e-33
-3.9949950e+00 5.0170028e-47 8.5667356e-34 1.7133471e-33
-3.9899900e+00 7.0286376e-47 1.1374395e-33 2.2748789e-33
-3.9849850e+00 9.8414815e-47 1.5093977e-33 3.0187953e-33
-3.9799800e+00 1.3772486e-46 2.0018959e-33 4.0037918e-33
-3.9749750e+00 1.9263124e-46 2.6536385e-33 5.3072770e-33
-3.9699700e+00 2.6927971e-46 3.5156406e-33 7.0312811e-33
-3.9649650e+00 3.7622103e-46 4.6551065e-33 9.3102130e-33
-3.9599600e+00 5.2534552e-46 6.1605178e-33 1.2321036e-32
-3.9549550e+00 7.3317817e-46 8.1483047e-33 1.6296609e-32
-3.9499499e+00 1.0226724e-45 1.0771588e-32 2.1543177e-32
-3.9449449e+00 1.4256933e-45 1.4231631e-32 2.8463262e-32
-3.9399399e+00 1.9864525e-45 1.8792824e-32 3.7585648e-32
-3.9349349e+00 2.7662588e-45 2.4802295e-32 4.9604590e-32
-3.9299299e+00 3.8500819e-45 3.2715543e-32 6.5431086e-32
-3.9249249e+00 5.3556188e-45 4.3129938e-32 8.6259877e-32
-3.9199199e+00 7.4458089e-45 5.6828473e-32 1.1365695e-31
-3.9149149e+00 1.0346099e-44 7.4836865e-32 1.4967373e-31
-3.9099099e+00 1.4368252e-44 9.8498048e-32 1.9699610e-31
-3.9049049e+00 1.9943151e-44 1.2956930e-31 2.5913860e-31
-3.8998999e+00 2.7665987e-44 1.7034878e-31 3.4069756e-31
-3.8948949e+00 3.8358453e-44 2.2384036e-31 4.4768073e-31
-3.8898899e+00 5.3154317e-44 2.9396811e-31 5.8793622e-31
-3.8848849e+00 7.3617073e-44 3.8585531e-31 7.7171062e-31
-3.8798799e+00 1.0190162e-43 5.0618723e-31 1.0123745e-30
-3.8748749e+00 1.4097632e-43 6.6368244e-31 1.3273649e-30
-3.8698699e+00 1.9492781e-43 8.6970491e-31 1.7394098e-30
-3.8648649e+00 2.6937916e-43 1.1390583e-30 2.2781166e-30
-3.8598599e+00 3.7206320e-43 1.4910165e-30 2.9820329e-30
-3.8548549e+00 5.1360826e-43 1.9506590e-30 3.9013181e-30
-3.8498498e+00 7.0861416e-43 2.5506022e-30 5.1012044e-30
-3.8448448e+00 9.7712518e-43 3.3332397e-30 6.6664793e-30
-3.8398398e+00 1.3466450e-42 4.3536428e-30 8.7072857e-30
-3.8348348e+00 1.8548919e-42 5.6833120e-30 1.1366624e-29
-3.8298298e+00 2.5535634e-42 7.4150254e-30 1.4830051e-29
-3.8248248e+00 3.5134780e-42 9.6691040e-30 1.9338208e-29
-3.8198198e+00 4.8315935e-42 1.2601501e-29 2.5203001e-29
-3.8148148e+00 6.6405812e-42 1.6414239e-29 3.2828477e-29
-3.8098098e+00 9.1218799e-42 2.1368875e-29 4.2737751e-29
-3.8048048e+00 1.2523484e-41 2.7803856e-29 5.5607712e-29
-3.7997998e+00 1.7184170e-41 3.6156871e-29 7.2313742e-29
-3.7947948e+00 2.3566468e-41 4.6993641e-29 9.3987281e-29
-3.7897898e+00 3.2301523e-41 6.1044957e-29 1.2208991e-28
-3.7847848e+00 4.4250081e-41 7.9254318e-29 1.5850864e-28
-3.7797798e+00 6.0585363e-41 1.0283916e-28 2.0567832e-28
-3.7747748e+00 8.2905609e-41 1.3336951e-28 2.6673901e-28
-3.7697698e+00 1.1338685e-40 1.7286896e-28 3.4573792e-28
-3.7647648e+00 1.5499012e-40 2.2394426e-28 4.4788852e-28
-3.7597598e+00 2.1174245e-40 2.8995146e-28 5.7990292e-28
-3.7547548e+00 2.8911752e-40 3.7520888e-28 7.5041776e-28
-3.7497497e+00 3.9455129e-40 4.8526990e-28 9.7053981e-28
-3.7447447e+00 5.3813979e-40 6.2727222e-28 1.2545444e-27
-3.7397397e+00 7.3358308e-40 8.1038462e-28 1.6207692e-27
-3.7347347e+00 9.9946154e-40 1.0463784e-27 2.0927568e-27
-3.7297297e+00 1.3609603e-39 1.3503576e-27 2.7007153e-27
-3.7247247e+00 1.8521979e-39 1.7416917e-27 3.4833833e-27
-3.7197197e+00 2.5193697e-39 2.2452060e-27 4.4904119e-27
-3.7147147e+00 3.4249877e-39 2.8927010e-27 5.7854020e-27
-3.7097097e+00 4.6535962e-39 3.7248891e-27 7.4497783e-27
-3.7047047e+00 6.3194745e-39 4.7938628e-27 9.5877255e-27
-3.6996997e+00 8.5770082e-39 6.1662381e-27 1.2332476e-26
-3.6946947e+00 1.1634649e-38 7.9271564e-27 1.5854313e-26
-3.6896897e+00 1.5773690e-38 1.0185375e-26 2.0370749e-26
-3.6846847e+00 2.1373514e-38 1.3079738e-26 2.6159475e-26
-3.6796797e+00 2.8945506e-38 1.6787402e-26 3.3574805e-26
-3.6746747e+00 3.9178605e-38 2.1534283e-26 4.3068565e-26
-3.6696697e+00 5.3000428e-38 2.7608306e-26 5.5216613e-26
-3.6646647e+00 7.1659270e-38 3.5376231e-26 7.0752463e-26
-3.6596597e+00 9.6834024e-38 4.5304966e-26 9.0609932e-26
-3.6546547e+00 1.3078146e-37 5.7988583e-26 1.1597717e-25
-3.6496496e+00 1.7653344e-37 7.4182528e-26 1.4836506e-25
-3.6446446e+00 2.3816086e-37 9.4846915e-26 1.8969383e-25
-3.6396396e+00 3.2112670e-37 1.2120129e-25 2.4240257e-25
-3.6346346e+00 4.3275793e-37 1.5479385e-25 3.0958769e-25
-3.6296296e+00 5.8287611e-37 1.9758893e-25 3.9517786e-25
-3.6246246e+00 7.8463937e-37 2.5207743e-25 5.0415485e-25
-3.6196196e+00 1.0556660e-36 3.2141619e-25 6.4283239e-25
-3.6146146e+00 1.4195334e-36 4.0960382e-25 8.1920764e-25
-3.6096096e+00 1.9077756e-36 5.2170222e-25 1.0434044e-24
-3.6046046e+00 2.5625454e-36 6.6411580e-25 1.3282316e-24
-3.5995996e+00 3.4401587e-36 8.4494295e-25 1.6898859e-24
-3.5945946e+00 4.6158109e-36 1.0744183e-24 2.1488366e-24
-3.5895896e+00 6.1898506e-36 1.3654691e-24 2.7309381e-24
-3.5845846e+00 8.2961184e-36 1.7344140e-24 3.4688280e-24
-3.5795796e+00 1.1113026e-35 2.2018419e-24 4.4036837e-24
-3.5745746e+00 1.4878268e-35 2.7937138e-24 5.5874276e-24
-3.5695696e+00 1.9908339e-35 3.5427471e-24 7.0854943e-24
-3.5645646e+00 2.6624430e-35 4.4901499e-24 8.9802998e-24
-3.5595596e+00 3.5586742e-35 5.6877954e-24 1.1375591e-23
-3.5545546e+00 4.7539957e-35 7.2009457e-24 1.4401891e-23
-3.5495495e+00 6.3473432e-35 9.1116609e-24 1.8223322e-23
-3.5445445e+00 8.4700858e-35 1.1523065e-23 2.3046130e-23
-3.5395395e+00 1.1296562e-34 1.4564679e-23 2.9129358e-23
-3.5345345e+00 1.5058003e-34 1.8399086e-23 3.6798173e-23
-3.5295295e+00 2.0060934e-34 2.3230259e-23 4.6460518e-23
-3.5245245e+00 2.6711455e-34 2.9313946e-23 5.8627893e-23
-3.5195195e+00 3.5547299e-34 3.6970640e-23 7.3941280e-23
-3.5145145e+00 4.7280091e-34 4.6601736e-23 9.3203471e-23
-3.5095095e+00 6.2851068e-34 5.8709673e-23 1.1741935e-22
-3.5045045e+00 8.3504459e-34 7.3923015e-23 1.4784603e-22
-3.4994995e+00 1.1088411e-33 9.3027666e-23 1.8605533e-22
-3.4944945e+00 1.4716064e-33 1.1700570e-22 2.3401140e-22
-3.4894895e+00 1.9519858e-33 1.4708364e-22 2.9416728e-22
-3.4844845e+00 2.5877618e-33 1.8479242e-22 3.6958485e-22
-3.4794795e+00 3.4287404e-33 2.3204189e-22 4.6408378e-22
-3.4744745e+00 4.5405409e-33 2.9121321e-22 5.8242642e-22
-3.4694695e+00 6.0095678e-33 3.6527352e-22 7.3054704e-22
-3.4644645e+00 7.9495321e-33 4.5791804e-22 9.1583608e-22
-3.4594595e+00 1.0509996e-32 5.7374612e-22 1.1474922e-21
-3.4544545e+00 1.3887569e-32 7.1847923e-22 1.4369585e-21
-3.4494494e+00 1.8340560e-32 8.9923068e-22 1.7984614e-21
-3.4444444e+00 2.4208152e-32 1.1248392e-21 2.2496785e-21
-3.4394394e+00 3.1935473e-32 1.4062814e-21 2.8125629e-21
-3.4344344e+00 4.2106366e-32 1.7571809e-21 3.5143618e-21
-3.4294294e+00 5.5486183e-32 2.1944371e-21 4.3888743e-21
-3.4244244e+00 7.3077661e-32 2.7390015e-21 5.4780029e-21
-3.4194194e+00 9.6193808e-32 3.4168336e-21 6.8336671e-21
-3.4144144e+00 1.2655296e-31 4.2600807e-21 8.5201615e-21
-3.4094094e+00 1.6640262e-31 5.3085301e-21 1.0617060e-20
-3.4044044e+00 2.1868085e-31 6.6113961e-21 1.3222792e-20
-3.3993994e+00 2.8722618e-31 8.2295202e-21 1.6459040e-20
-3.3943944e+00 3.7705092e-31 1.0238075e-20 2.0476150e-20
-3.3893894e+00 4.9469635e-31 1.2729886e-20 2.5459773e-20
-3.3843844e+00 6.4869434e-31 1.5819516e-20 3.1639032e-20
-3.3793794e+00 8.5016698e-31 1.9648270e-20 3.9296539e-20
-3.3743744e+00 1.1136047e-30 2.4390341e-20 4.8780681e-20
-3.3693694e+00 1.4578761e-30 3.0260345e-20 6.0520689e-20
-3.3643644e+00 1.9075367e-30 3.7522548e-20 7.5045095e-20
-3.3593594e+00 2.4945253e-30 4.6502169e-20 9.3004338e-20
-3.3543544e+00 3.2603607e-30 5.7599212e-20 1.1519842e-19
-3.3493493e+00 4.2589850e-30 7.1305384e-20 1.4261077e-19
-3.3443443e+00 5.5604420e-30 8.8224773e-20 1.7644955e-19
-3.3393393e+00 7.2556320e-30 1.0909911e-19 2.1819822e-19
-3.3343343e+00 9.4624572e-30 1.3483863e-19 2.6967726e-19
-3.3293293e+00 1.2333756e-29 1.6655968e-19 3.3311936e-19
-3.3243243e+00 1.6067544e-29 2.0563067e-19 4.1126133e-19
-3.3193193e+00 2.0920228e-29 2.5372796e-19 5.0745592e-19
-3.3143143e+00 2.7223633e-29 3.1290407e-19 6.2580815e-19
-3.3093093e+00 3.5406949e-29 3.8567061e-19 7.7134123e-19
-3.3043043e+00 4.6024988e-29 4.7509923e-19 9.5019846e-19
-3.2992993e+00 5.9794553e-29 5.8494434e-19 1.1698887e-18
-3.2942943e+00 7.7641216e-29 7.1979232e-19 1.4395846e-18
-3.2892893e+00 1.0075945e-28 8.8524263e-19 1.7704853e-18
-3.2842843e+00 1.3068990e-28 1.0881277e-18 2.1762554e-18
-3.2792793e+00 1.6941859e-28 1.3367798e-18 2.6735596e-18
-3.2742743e+00 2.1950421e-28 1.6413542e-18 3.2827084e-18
-3.2692693e+00 2.8424146e-28 2.0142214e-18 4.0284427e-18
-3.2642643e+00 3.6787035e-28 2.4704412e-18 4.9408825e-18
-3.2592593e+00 4.7584436e-28 3.0283377e-18 6.0566754e-18
-3.2542543e+00 6.1517384e-28 3.7101931e-18 7.4203863e-18
-3.2492492e+00 7.9486540e-28 4.5430883e-18 9.0861766e-18
-3.2442442e+00 1.0264839e-27 5.5599167e-18 1.1119833e-17
-3.2392392e+00 1.3248706e-27 6.8006095e-18 1.3601219e-17
-3.2342342e+00 1.7090611e-27 8.3136135e-18 1.6627227e-17
-3.2292292e+00 2.2034568e-27 1.0157674e-17 2.0315348e-17
-3.2242242e+00 2.8393196e-27 1.2403983e-17 2.4807965e-17
-3.2192192e+00 3.6566792e-27 1.5138766e-17 3.0277532e-17
-3.2142142e+00 4.7067621e-27 1.8466400e-17 3.6932801e-17
-3.2092092e+00 6.0550881e-27 2.2513160e-17 4.5026320e-17
-3.2042042e+00 7.7854104e-27 2.7431725e-17 5.4863450e-17
-3.1991992e+00 1.0004730e-26 3.3406596e-17 6.6813192e-17
-3.1941942e+00 1.2849673e-26 4.0660599e-17 8.1321198e-17
-3.1891892e+00 1.6494594e-26 4.9462693e-17 9.8925387e-17
-3.1841842e+00 2.1161869e-26 6.0137338e-17 1.2027468e-16
-3.1791792e+00 2.7134965e-26 7.3075716e-17 1.4615143e-16
-3.1741742e+00 3.4775017e-26 8.8749190e-17 1.7749838e-16
-3.1691692e+00 4.4541855e-26 1.0772541e-16 2.1545083e-16
-3.1641642e+00 5.7020642e-26 1.3068760e-16 2.6137520e-16
-3.1591592e+00 7.2955622e-26 1.5845759e-16 3.1691517e-16
-3.1541542e+00 9.3292836e-26 1.9202339e-16 3.8404678e-16
-3.1491491e+00 1.1923416e-25 2.3257213e-16 4.6514427e-16
-3.1441441e+00 1.5230564e-25 2.8152934e-16 5.6305869e-16
-3.1391391e+00 1.9444382e-25 3.4060585e-16 6.8121170e-16
-3.1341341e+00 2.4810481e-25 4.1185370e-16 8.2370741e-16
-3.1291291e+00 3.1640192e-25 4.9773284e-16 9.9546568e-16
-3.1241241e+00 4.0327931e-25 6.0119043e-16 1.2023809e-15
-3.1191191e+00 5.1373088e-25 7.2575539e-16 1.4515108e-15
-3.1141141e+00 6.5407612e-25 8.7565075e-16 1.7513015e-15
-3.1091091e+00 8.3230754e-25 1.0559273e-15 2.1118546e-15
-3.1041041e+00 1.0585278e-24 1.2726224e-15 2.5452448e-15
-3.0990991e+00 1.3454998e-24 1.5329484e-15 3.0658969e-15
-3.0940941e+00 1.7093379e-24 1.8455167e-15 3.6910334e-15
-3.0890891e+00 2.1703768e-24 2.2206026e-15 4.4412053e-15
-3.0840841e+00 2.7542621e-24 2.6704606e-15 5.3409211e-15
-3.0790791e+00 3.4933198e-24 3.2096962e-15 6.4193924e-15
-3.0740741e+00 4.4282728e-24 3.8557080e-15 7.7114160e-15
-3.0690691e+00 5.6103935e-24 4.6292090e-15 9.2584179e-15
-3.0640641e+00 7.1042009e-24 5.5548441e-15 1.1109688e-14
-3.0590591e+00 8.9908365e-24 6.6619201e-15 1.3323840e-14
-3.0540541e+00 1.1372290e-23 7.9852662e-15 1.5970532e-14
-3.0490490e+00 1.4376684e-23 9.5662522e-15 1.9132504e-14
-3.0440440e+00 1.8164878e-23 1.1453987e-14 2.2907975e-14
-3.0390390e+00 2.2938722e-23 1.3706735e-14 2.7413470e-14
-3.0340340e+00 2.8951358e-23 1.6393579e-14 3.2787157e-14
-3.0290290e+00 3.6520074e-23 1.9596385e-14 3.9192771e-14
-3.0240240e+00 4.6042336e-23 2.3412113e-14 4.6824227e-14
-3.0190190e+00 5.8015768e-23 2.7955529e-14 5.5911057e-14
-3.0140140e+00 7.3063042e-23 3.3362397e-14 6.6724794e-14
-3.0090090e+00 9.1962858e-23 3.9793233e-14 7.9586466e-14
-3.0040040e+00 1.1568850e-22 4.7437703e-14 9.4875405e-14
-2.9989990e+00 1.4545576e-22 5.6519787e-14 1.1303957e-13
-2.9939940e+00 1.8278253e-22 6.7303837e-14 1.3460767e-13
-2.9889890e+00 2.2956279e-22 8.0101672e-14 1.6020334e-13
-2.9839840e+00 2.8815843e-22 9.5280885e-14 1.9056177e-13
-2.9789790e+00 3.6151323e-22 1.1327457e-13 2.2654914e-13
-2.9739740e+00 4.5329416e-22 1.3459270e-13 2.6918541e-13
-2.9689690e+00 5.6806641e-22 1.5983543e-13 3.1967085e-13
-2.9639640e+00 7.1151024e-22 1.8970860e-13 3.7941720e-13
-2.9589590e+00 8.9068936e-22 2.2504193e-13 4.5008386e-13
-2.9539540e+00 1.1143829e-21 2.6681013e-13 5.3362025e-13
-2.9489489e+00 1.3934960e-21 3.1615759e-13 6.3231519e-13
-2.9439439e+00 1.7415665e-21 3.7442718e-13 7.4885436e-13
-2.9389389e+00 2.1753919e-21 4.4319369e-13 8.8638738e-13
-2.9339339e+00 2.7158017e-21 5.2430284e-13 1.0486057e-12
-2.9289289e+00 3.3886108e-21 6.1991664e-13 1.2398333e-12
-2.9239239e+00 4.2257953e-21 7.3256611e-13 1.4651322e-12
-2.9189189e+00 5.2669395e-21 8.6521252e-13 1.7304250e-12
-2.9139139e+00 6.5610196e-21 1.0213185e-12 2.0426371e-12
-2.9089089e+00 8.1685969e-21 1.2049307e-12 2.4098614e-12
-2.9039039e+00 1.0164517e-20 1.4207752e-12 2.8415505e-12
-2.8988989e+00 1.2641225e-20 1.6743688e-12 3.3487377e-12
-2.8938939e+00 1.5712842e-20 1.9721472e-12 3.9442944e-12
-2.8888889e+00 1.9520164e-20 2.3216137e-12 4.6432274e-12
-2.8838839e+00 2.4236805e-20 2.7315116e-12 5.4630231e-12
-2.8788789e+00 3.0076717e-20 3.2120224e-12 6.4240449e-12
-2.8738739e+00 3.7303424e-20 3.7749964e-12 7.5499928e-12
-2.8688689e+00 4.6241311e-20 4.4342171e-12 8.8684343e-12
-2.8638639e+00 5.7289466e-20 5.2057081e-12 1.0411416e-11
-2.8588589e+00 7.0938601e-20 6.1080857e-12 1.2216171e-11
-2.8538539e+00 8.7791743e-20 7.1629656e-12 1.4325931e-11
-2.8488488e+00 1.0858953e-19 8.3954322e-12 1.6790864e-11
-2.8438438e+00 1.3424108e-19 9.8345772e-12 1.9669154e-11
-2.8388388e+00 1.6586173e-19 1.1514121e-11 2.3028241e-11
-2.8338338e+00 2.0481896e-19 1.3473124e-11 2.6946247e-11
-2.8288288e+00 2.5278855e-19 1.5756809e-11 3.1513617e-11
-2.8238238e+00 3.1182282e-19 1.8417500e-11 3.6834999e-11
-2.8188188e+00 3.8443388e-19 2.1515703e-11 4.3031405e-11
-2.8138138e+00 4.7369489e-19 2.5121342e-11 5.0242683e-11
-2.8088088e+00 5.8336318e-19 2.9315181e-11 5.8630361e-11
-2.8038038e+00 7.1803006e-19 3.4190446e-11 6.8380891e-11
-2.7987988e+00 8.8330266e-19 3.9854686e-11 7.9709372e-11
-2.7937938e+00 1.0860248e-18 4.6431902e-11 9.2863803e-11
-2.7887888e+00 1.3345452e-18 5.4064973e-11 1.0812995e-10
-2.7837838e+00 1.6390423e-18 6.2918442e-11 1.2583688e-10
-2.7787788e+00 2.0119184e-18 7.3181679e-11 1.4636336e-10
-2.7737738e+00 2.4682770e-18 8.5072505e-11 1.7014501e-10
-2.7687688e+00 3.0265008e-18 9.8841316e-11 1.9768263e-10
-2.7637638e+00 3.7089506e-18 1.1477578e-10 2.2955156e-10
-2.7587588e+00 4.5428110e-18 1.3320620e-10 2.6641240e-10
-2.7537538e+00 5.5611124e-18 1.5451159e-10 3.0902318e-10
-2.7487487e+00 6.8039649e-18 1.7912663e-10 3.5825325e-10
-2.7437437e+00 8.3200484e-18 2.0754949e-10 4.1509897e-10
-2.7387387e+00 1.0168410e-17 2.4035083e-10 4.8070165e-10
-2.7337337e+00 1.2420631e-17 2.7818393e-10 5.5636785e-10
-2.7287287e+00 1.5163438e-17 3.2179618e-10 6.4359235e-10
-2.7237237e+00 1.8501850e-17 3.7204218e-10 7.4408434e-10
-2.7187187e+00 2.2562961e-17 4.2989849e-10 8.5979696e-10
-2.7137137e+00 2.7500494e-17 4.9648039e-10 9.9296076e-10
-2.7087087e+00 3.3500273e-17 5.7306084e-10 1.1461216e-09
-2.7037037e+00 4.0786805e-17 6.6109185e-10 1.3221837e-09
-2.6986987e+00 4.9631169e-17 7.6222874e-10 1.5244574e-09
-2.6936937e+00 6.0360498e-17 8.7835743e-10 1.7567148e-09
-2.6886887e+00 7.3369342e-17 1.0116253e-09 2.0232505e-09
-2.6836837e+00 8.9133295e-17 1.1644760e-09 2.3289519e-09
-2.6786787e+00 1.0822531e-16 1.3396885e-09 2.6793769e-09
-2.6736737e+00 1.3133523e-16 1.5404215e-09 3.0808428e-09
-2.6686687e+00 1.5929319e-16 1.7702628e-09 3.5405254e-09
-2.6636637e+00 1.9309753e-16 2.0332855e-09 4.0665708e-09
-2.6586587e+00 2.3394825e-16 2.3341106e-09 4.6682210e-09
-2.6536537e+00 2.8328690e-16 2.6779777e-09 5.3559550e-09
-2.6486486e+00 3.4284417e-16 3.0708239e-09 6.1416474e-09
-2.6436436e+00 4.1469676e-16 3.5193731e-09 7.0387458e-09
-2.6386386e+00 5.0133512e-16 4.0312354e-09 8.0624703e-09
-2.6336336e+00 6.0574419e-16 4.6150185e-09 9.2300364e-09
-2.6286286e+00 7.3149948e-16 5.2804530e-09 1.0560905e-08
-2.6236236e+00 8.8288155e-16 6.0385318e-09 1.2077063e-08
-2.6186186e+00 1.0650121e-15 6.9016667e-09 1.3803332e-08
-2.6136136e+00 1.2840156e-15 7.8838627e-09 1.5767724e-08
-2.6086086e+00 1.5472117e-15 9.0009130e-09 1.8001825e-08
-2.6036036e+00 1.8633434e-15 1.0270617e-08 2.0541232e-08
-2.5985986e+00 2.2428477e-15 1.1713021e-08 2.3426040e-08
-2.5935936e+00 2.6981767e-15 1.3350692e-08 2.6701381e-08
-2.5885886e+00 3.2441785e-15 1.5209014e-08 3.0418025e-08
-2.5835836e+00 3.8985478e-15 1.7316527e-08 3.4633050e-08
-2.5785786e+00 4.6823598e-15 1.9705296e-08 3.9410588e-08
-2.5735736e+00 5.6207009e-15 2.2411328e-08 4.4822651e-08
-2.5685686e+00 6.7434158e-15 2.5475027e-08 5.0950048e-08
-2.5635636e+00 8.0859901e-15 2.8941709e-08 5.7883410e-08
-2.5585586e+00 9.6905917e-15 3.2862161e-08 6.5724314e-08
-2.5535536e+00 1.1607300e-14 3.7293275e-08 7.4586540e-08
-2.5485485e+00 1.3895560e-14 4.2298734e-08 8.4597455e-08
-2.5435435e+00 1.6625883e-14 4.7949784e-08 9.5899554e-08
-2.5385385e+00 1.9881870e-14 5.4326083e-08 1.0865215e-07
-2.5335335e+00 2.3762583e-14 6.1516635e-08 1.2303325e-07
-2.5285285e+00 2.8385330e-14 6.9620830e-08 1.3924163e-07
-2.5235235e+00 3.3888956e-14 7.8749583e-08 1.5749914e-07
-2.5185185e+00 4.0437691e-14 8.9026597e-08 1.7805316e-07
-2.5135135e+00 4.8225692e-14 1.0058975e-07 2.0117946e-07
-2.5085085e+00 5.7482356e-14 1.1359262e-07 2.2718520e-07
-2.5035035e+00 6.8478561e-14 1.2820619e-07 2.5641231e-07
-2.4984985e+00 8.1533990e-14 1.4462064e-07 2.8924120e-07
-2.4934935e+00 9.7025698e-14 1.6304745e-07 3.2609481e-07
-2.4884885e+00 1.1539816e-13 1.8372159e-07 3.6744307e-07
-2.4834835e+00 1.3717502e-13 2.0690396e-07 4.1380781e-07
-2.4784785e+00 1.6297285e-13 2.3288412e-07 4.6576810e-07
-2.4734735e+00 1.9351719e-13 2.6198317e-07 5.2396617e-07
-2.4684685e+00 2.2966136e-13 2.9455701e-07 5.8911381e-07
-2.4634635e+00 2.7240834e-13 3.3099983e-07 6.6199941e-07
-2.4584585e+00 3.2293641e-13 3.7174798e-07 7.4349567e-07
-2.4534535e+00 3.8262890e-13 4.1728417e-07 8.3456800e-07
-2.4484484e+00 4.5310899e-13 4.6814205e-07 9.3628370e-07
-2.4434434e+00 5.3628023e-13 5.2491120e-07 1.0498219e-06
-2.4384384e+00 6.3437359e-13 5.8824260e-07 1.1764846e-06
-2.4334334e+00 7.5000234e-13 6.5885455e-07 1.3177084e-06
-2.4284284e+00 8.8622578e-13 7.3753914e-07 1.4750775e-06
-2.4234234e+00 1.0466233e-12 8.2516926e-07 1.6503376e-06
-2.4184184e+00 1.2353803e-12 9.2270623e-07 1.8454114e-06
-2.4134134e+00 1.4573881e-12 1.0312081e-06 2.0624149e-06
-2.4084084e+00 1.7183597e-12 1.1518386e-06 2.3036756e-06
-2.4034034e+00 2.0249638e-12 1.2858768e-06 2.5717519e-06
-2.3983984e+00 2.3849806e-12 1.4347280e-06 2.8694538e-06
-2.3933934e+00 2.8074810e-12 1.5999345e-06 3.1998666e-06
-2.3883884e+00 3.3030348e-12 1.7831887e-06 3.5663745e-06
-2.3833834e+00 3.8839525e-12 1.9863457e-06 3.9726880e-06
-2.3783784e+00 4.5645624e-12 2.2114382e-06 4.4228725e-06
-2.3733734e+00 5.3615313e-12 2.4606919e-06 4.9213792e-06
-2.3683684e+00 6.2942366e-12 2.7365420e-06 5.4730786e-06
-2.3633634e+00 7.3851909e-12 3.0416514e-06 6.0832964e-06
-2.3583584e+00 8.6605362e-12 3.3789301e-06 6.7578528e-06
-2.3533534e+00 1.0150617e-11 3.7515560e-06 7.5031031e-06
-2.3483483e+00 1.1890625e-11 4.1629970e-06 8.3259836e-06
-2.3433433e+00 1.3921354e-11 4.6170354e-06 9.2340588e-06
-2.3383383e+00 1.6290068e-11 5.1177936e-06 1.0235573e-05
-2.3333333e+00 1.9051490e-11 5.6697612e-06 1.1339506e-05
-2.3283283e+00 2.2268944e-11 6.2778253e-06 1.2555631e-05
-2.3233233e+00 2.6015664e-11 6.9473012e-06 1.3894580e-05
-2.3183183e+00 3.0376300e-11 7.6839668e-06 1.5367908e-05
-2.3133133e+00 3.5448638e-11 8.4940983e-06 1.6988166e-05
-2.3083083e+00 4.1345568e-11 9.3845085e-06 1.8768982e-05
-2.3033033e+00 4.8197347e-11 1.0362588e-05 2.0725135e-05
-2.2982983e+00 5.6154180e-11 1.1436348e-05 2.2872649e-05
-2.2932933e+00 6.5389177e-11 1.2614469e-05 2.5228883e-05
-2.2882883e+00 7.6101722e-11 1.3906346e-05 2.7812627e-05
-2.2832833e+00 8.8521336e-11 1.5322144e-05 3.0644212e-05
-2.2782783e+00 1.0291207e-10 1.6872851e-05 3.3745616e-05
-2.2732733e+00 1.1957754e-10 1.8570341e-05 3.7140581e-05
-2.2682683e+00 1.3886661e-10 2.0427430e-05 4.0854743e-05
-2.2632633e+00 1.6117991e-10 2.2457946e-05 4.4915757e-05
-2.2582583e+00 1.8697733e-10 2.4676798e-05 4.9353438e-05
-2.2532533e+00 2.1678640e-10 2.7100045e-05 5.4199908e-05
-2.2482482e+00 2.5121187e-10 2.9744980e-05 5.9489749e-05
-2.2432432e+00 2.9094664e-10 3.2630204e-05 6.5260166e-05
-2.2382382e+00 3.3678414e-10 3.5775719e-05 7.1551157e-05
-2.2332332e+00 3.8963257e-10 3.9203009e-05 7.8405693e-05
-2.2282282e+00 4.5053037e-10 4.2935140e-05 8.5869906e-05
-2.2232232e+00 5.2066468e-10 4.6996858e-05 9.3993284e-05
-2.2182182e+00 6.0139169e-10 5.1414690e-05 1.0282888e-04
-2.2132132e+00 6.9425976e-10 5.6217053e-05 1.1243353e-04
-2.2082082e+00 8.0103568e-10 6.1434368e-05 1.2286808e-04
-2.2032032e+00 9.2373426e-10 6.7099173e-05 1.3419759e-04
-2.1981982e+00 1.0646518e-09 7.3246251e-05 1.4649163e-04
-2.1931932e+00 1.2264036e-09 7.9912754e-05 1.5982450e-04
-2.1881882e+00 1.4119672e-09 8.7138335e-05 1.7427552e-04
-2.1831832e+00 1.6247303e-09 9.4965285e-05 1.8992925e-04
-2.1781782e+00 1.8685444e-09 1.0343868e-04 2.0687584e-04
-2.1731732e+00 2.1477864e-09 1.1260651e-04 2.2521128e-04
-2.1681682e+00 2.4674271e-09 1.2251987e-04 2.4503774e-04
-2.1631632e+00 2.8331086e-09 1.3323306e-04 2.6646384e-04
-2.1581582e+00 3.2512308e-09 1.4480380e-04 2.8960498e-04
-2.1531532e+00 3.7290487e-09 1.5729336e-04 3.1458372e-04
-2.1481481e+00 4.2747824e-09 1.7076674e-04 3.4153005e-04
-2.1431431e+00 4.8977399e-09 1.8529285e-04 3.7058177e-04
-2.1381381e+00 5.6084546e-09 2.0094467e-04 4.0188487e-04
-2.1331331e+00 6.4188395e-09 2.1779947e-04 4.3559383e-04
-2.1281281e+00 7.3423602e-09 2.3593894e-04 4.7187204e-04
-2.1231231e+00 8.3942279e-09 2.5544941e-04 5.1089216e-04
-2.1181181e+00 9.5916157e-09 2.7642203e-04 5.5283648e-04
-2.1131131e+00 1.0953900e-08 2.9895299e-04 5.9789734e-04
-2.1081081e+00 1.2502931e-08 3.2314366e-04 6.4627748e-04
-2.1031031e+00 1.4263333e-08 3.4910081e-04 6.9819043e-04
-2.0980981e+00 1.6262838e-08 3.7693683e-04 7.5386092e-04
-2.0930931e+00 1.8532654e-08 4.0676987e-04 8.1352527e-04
-2.0880881e+00 2.1107884e-08 4.3872409e-04 8.7743174e-04
-2.0830831e+00 2.4028022e-08 4.7292980e-04 9.4584094e-04
-2.0780781e+00 2.7337445e-08 5.0952370e-04 1.0190262e-03
-2.0730731e+00 3.1085921e-08 5.4864901e-04 1.0972740e-03
-2.0680681e+00 3.5329372e-08 5.9045570e-04 1.1808842e-03
-2.0630631e+00 4.0130493e-08 6.3510065e-04 1.2701705e-03
-2.0580581e+00 4.5559559e-08 6.8274780e-04 1.3654607e-03
-2.0530531e+00 5.1695296e-08 7.3356834e-04 1.4670972e-03
-2.0480480e+00 5.8625858e-08 7.8774087e-04 1.5754371e-03
-2.0430430e+00 6.6449848e-08 8.4545151e-04 1.6908526e-03
-2.0380380e+00 7.5277599e-08 9.0689408e-04 1.8137312e-03
-2.0330330e+00 8.5232333e-08 9.7227018e-04 1.9444760e-03
-2.0280280e+00 9.6451675e-08 1.0417893e-03 2.0835061e-03
-2.0230230e+00 1.0908927e-07 1.1156691e-03 2.2312564e-03
-2.0180180e+00 1.2331649e-07 1.1941351e-03 2.3881780e-03
-2.0130130e+00 1.3932442e-07 1.2774211e-03 2.5547383e-03
-2.0080080e+00 1.5732596e-07 1.3657690e-03 2.7314211e-03
-2.0030030e+00 1.7755817e-07 1.4594291e-03 2.9187268e-03
-1.9979980e+00 2.0028482e-07 1.5586599e-03 3.1171719e-03
-1.9929930e+00 2.2579932e-07 1.6637278e-03 3.3272896e-03
-1.9879880e+00 2.5442776e-07 1.7749079e-03 3.5496292e-03
-1.9829830e+00 2.8653235e-07 1.8924828e-03 3.7847563e-03
-1.9779780e+00 3.2251480e-07 2.0167437e-03 4.0332525e-03
-1.9729730e+00 3.6282133e-07 2.1479891e-03 4.2957150e-03
-1.9679680e+00 4.0794672e-07 2.2865257e-03 4.5727565e-03
-1.9629630e+00 4.5843907e-07 2.4326675e-03 4.8650047e-03
-1.9579580e+00 5.1490536e-07 2.5867358e-03 5.1731019e-03
-1.9529530e+00 5.7801736e-07 2.7490590e-03 5.4977045e-03
-1.9479479e+00 6.4851827e-07 2.9199723e-03 5.8394824e-03
-1.9429429e+00 7.2722947e-07 3.0998173e-03 6.1991182e-03
-1.9379379e+00 8.1505904e-07 3.2889417e-03 6.5773067e-03
-1.9329329e+00 9.1300705e-07 3.4876988e-03 6.9747541e-03
-1.9279279e+00 1.0221803e-06 3.6964472e-03 7.3921767e-03
-1.9229229e+00 1.1437977e-06 3.9155502e-03 7.8303005e-03
-1.9179179e+00 1.2791977e-06 4.1453754e-03 8.2898596e-03
-1.9129129e+00 1.4298656e-06 4.3862938e-03 8.7715955e-03
-1.9079079e+00 1.5974302e-06 4.6386797e-03 9.2762555e-03
-1.9029029e+00 1.7836804e-06 4.9029096e-03 9.8045915e-03
-1.8978979e+00 1.9905853e-06 5.1793616e-03 1.0357359e-02
-1.8928929e+00 2.2203092e-06 5.4684149e-03 1.0935314e-02
-1.8878879e+00 2.4752264e-06 5.7704486e-03 1.1539215e-02
-1.8828829e+00 2.7579429e-06 6.0858413e-03 1.2169816e-02
-1.8778779e+00 3.0713166e-06 6.4149699e-03 1.2827870e-02
-1.8728729e+00 3.4184793e-06 6.7582086e-03 1.3514123e-02
-1.8678679e+00 3.8028615e-06 7.1159285e-03 1.4229316e-02
-1.8628629e+00 4.2282192e-06 7.4884959e-03 1.4974180e-02
-1.8578579e+00 4.6986614e-06 7.8762717e-03 1.5749432e-02
-1.8528529e+00 5.2186757e-06 8.2796101e-03 1.6555781e-02
-1.8478478e+00 5.7931599e-06 8.6988578e-03 1.7393915e-02
-1.8428428e+00 6.4274566e-06 9.1343523e-03 1.8264508e-02
-1.8378378e+00 7.1274351e-06 9.5864212e-03 1.9168210e-02
-1.8328328e+00 7.8994628e-06 1.0055381e-02 2.0105652e-02
-1.8278278e+00 8.7504606e-06 1.0541535e-02 2.1077437e-02
-1.8228228e+00 9.6879915e-06 1.1045174e-02 2.2084142e-02
-1.8178178e+00 1.0720295e-05 1.1566572e-02 2.3126310e-02
-1.8128128e+00 1.1856323e-05 1.2105988e-02 2.4204456e-02
-1.8078078e+00 1.3105805e-05 1.2663663e-02 2.5319055e-02
-1.8028028e+00 1.4481069e-05 1.3239818e-02 2.6470545e-02
-1.7977978e+00 1.5991740e-05 1.3834656e-02 2.7659324e-02
-1.7927928e+00 1.7649344e-05 1.4448356e-02 2.8885744e-02
-1.7877878e+00 1.9468508e-05 1.5081074e-02 3.0150113e-02
-1.7827828e+00 2.1463878e-05 1.5732942e-02 3.1452688e-02
-1.7777778e+00 2.3651313e-05 1.6404068e-02 3.2793674e-02
-1.7727728e+00 2.6047980e-05 1.7094532e-02 3.4173223e-02
-1.7677678e+00 2.8672340e-05 1.7804385e-02 3.5591430e-02
-1.7627628e+00 3.1545400e-05 1.8533649e-02 3.7048328e-02
-1.7577578e+00 3.4687309e-05 1.9282316e-02 3.8543891e-02
-1.7527528e+00 3.8122438e-05 2.0050346e-02 4.0078027e-02
-1.7477477e+00 4.1875285e-05 2.0837665e-02 4.1650579e-02
-1.7427427e+00 4.5972972e-05 2.1644169e-02 4.3261318e-02
-1.7377377e+00 5.0446318e-05 2.2469716e-02 4.4909949e-02
-1.7327327e+00 5.5325072e-05 2.3314130e-02 4.6596101e-02
-1.7277277e+00 6.0650882e-05 2.4177199e-02 4.8319329e-02
-1.7227227e+00 6.6449032e-05 2.5058652e-02 5.0079112e-02
-1.7177177e+00 7.2771956e-05 2.5958219e-02 5.1874852e-02
-1.7127127e+00 7.9644977e-05 2.6875552e-02 5.3705873e-02
-1.7077077e+00 8.7123622e-05 2.7810292e-02 5.5571415e-02
-1.7027027e+00 9.5251864e-05 2.8762030e-02 5.7470642e-02
-1.6976977e+00 1.0408393e-04 2.9730317e-02 5.9402631e-02
-1.6926927e+00 1.1367708e-04 3.0714666e-02 6.1366388e-02
-1.6876877e+00 1.2409061e-04 3.1714546e-02 6.3360823e-02
-1.6826827e+00 1.3538970e-04 3.2729386e-02 6.5384776e-02
-1.6776777e+00 1.4764319e-04 3.3758577e-02 6.7436994e-02
-1.6726727e+00 1.6094340e-04 3.4801467e-02 6.9516148e-02
-1.6676677e+00 1.7532945e-04 3.5857366e-02 7.1620829e-02
-1.6626627e+00 1.9090706e-04 3.6925544e-02 7.3749546e-02
-1.6576577e+00 2.0776237e-04 3.8005251e-02 7.5900734e-02
-1.6526527e+00 2.2598381e-04 3.9095716e-02 7.8072738e-02
-1.6476476e+00 2.4571897e-04 4.0196355e-02 8.0263838e-02
-1.6426426e+00 2.6713273e-04 4.1306051e-02 8.2472223e-02
-1.6376376e+00 2.9022829e-04 4.2424081e-02 8.4696039e-02
-1.6326326e+00 3.1520699e-04 4.3549166e-02 8.6933333e-02
-1.6276276e+00 3.4206893e-04 4.4680350e-02 8.9182179e-02
-1.6226226e+00 3.7099881e-04 4.5816551e-02 9.1440501e-02
-1.6176176e+00 4.0213622e-04 4.6956807e-02 9.3706094e-02
-1.6126126e+00 4.3564703e-04 4.8100146e-02 9.5976884e-02
-1.6076076e+00 4.7174688e-04 4.9245494e-02 9.8250636e-02
-1.6026026e+00 5.1055419e-04 5.0391754e-02 1.0052503e-01
-1.5975976e+00 5.5233582e-04 5.1537805e-02 1.0279775e-01
-1.5925926e+00 5.9724245e-04 5.2682512e-02 1.0506645e-01
-1.5875876e+00 6.4546423e-04 5.3824715e-02 1.0732879e-01
-1.5825826e+00 6.9714493e-04 5.4963256e-02 1.0958246e-01
-1.5775776e+00 7.5256743e-04 5.6096968e-02 1.1182496e-01
-1.5725726e+00 8.1200965e-04 5.7224679e-02 1.1405387e-01
-1.5675676e+00 8.7574304e-04 5.8345236e-02 1.1626673e-01
-1.5625626e+00 9.4410181e-04 5.9457422e-02 1.1846110e-01
-1.5575576e+00 1.0172083e-03 6.0560079e-02 1.2063450e-01
-1.5525526e+00 1.0954079e-03 6.1652045e-02 1.2278441e-01
-1.5475475e+00 1.1790698e-03 6.2732236e-02 1.2490869e-01
-1.5425425e+00 1.2687501e-03 6.3799713e-02 1.2700503e-01
-1.5375375e+00 1.3650591e-03 6.4853923e-02 1.2907076e-01
-1.5325325e+00 1.4678258e-03 6.5896421e-02 1.3110340e-01
-1.5275275e+00 1.5796925e-03 6.6926579e-02 1.3310110e-01
-1.5225225e+00 1.7003282e-03 6.7941844e-02 1.3506121e-01
-1.5175175e+00 1.8295610e-03 6.8941917e-02 1.3698179e-01
-1.5125125e+00 1.9670041e-03 6.9925958e-02 1.3886067e-01
-1.5075075e+00 2.1165159e-03 7.0891911e-02 1.4069624e-01
-1.5025025e+00 2.2793445e-03 7.1839522e-02 1.4248620e-01
-1.4974975e+00 2.4555202e-03 7.2767407e-02 1.4422880e-01
-1.4924925e+00 2.6453783e-03 7.3675942e-02 1.4592199e-01
-1.4874875e+00 2.8495150e-03 7.4563793e-02 1.4756407e-01
-1.4824825e+00 3.0688753e-03 7.5430699e-02 1.4915375e-01
-1.4774775e+00 3.3024338e-03 7.6276749e-02 1.5068945e-01
-1.4724725e+00 3.5520447e-03 7.7101592e-02 1.5216940e-01
-1.4674675e+00 3.8195796e-03 7.7905301e-02 1.5359357e-01
-1.4624625e+00 4.1050997e-03 7.8688379e-02 1.5495985e-01
-1.4574575e+00 4.4098324e-03 7.9449210e-02 1.5626779e-01
-1.4524525e+00 4.7337288e-03 8.0188276e-02 1.5751716e-01
-1.4474474e+00 5.0772409e-03 8.0906230e-02 1.5870581e-01
-1.4424424e+00 5.4439063e-03 8.1603644e-02 1.5983374e-01
-1.4374374e+00 5.8337639e-03 8.2279926e-02 1.6090067e-01
-1.4324324e+00 6.2482322e-03 8.2929551e-02 1.6190642e-01
-1.4274274e+00 6.6888542e-03 8.3549622e-02 1.6285216e-01
-1.4224224e+00 7.1561715e-03 8.4151001e-02 1.6373813e-01
-1.4174174e+00 7.6522269e-03 8.4722185e-02 1.6457275e-01
-1.4124124e+00 8.1639044e-03 8.5279286e-02 1.6534131e-01
-1.4074074e+00 8.7137400e-03 8.5806282e-02 1.6604962e-01
-1.4024024e+00 9.2646930e-03 8.6311920e-02 1.6670662e-01
-1.3973974e+00 9.8564787e-03 8.6797579e-02 1.6730841e-01
-1.3923924e+00 1.0461290e-02 8.7262122e-02 1.6785007e-01
-1.3873874e+00 1.1095827e-02 8.7709821e-02 1.6833550e-01
-1.3823824e+00 1.1756733e-02 8.8137904e-02 1.6876414e-01
-1.3773774e+00 1.2456382e-02 8.8553973e-02 1.6914321e-01
-1.3723724e+00 1.3182848e-02 8.8955660e-02 1.6946745e-01
-1.3673674e+00 1.3939707e-02 8.9335641e-02 1.6974397e-01
-1.3623624e+00 1.4733273e-02 8.9703414e-02 1.6997476e-01
-1.3573574e+00 1.5568248e-02 9.0059359e-02 1.7016029e-01
-1.3523524e+00 1.6445396e-02 9.0405282e-02 1.7030243e-01
-1.3473473e+00 1.7363809e-02 9.0745086e-02 1.7040745e-01
-1.3423423e+00 1.8324908e-02 9.1081191e-02 1.7047564e-01
-1.3373373e+00 1.9327682e-02 9.1414664e-02 1.7050990e-01
-1.3323323e+00 2.0373399e-02 9.1743727e-02 1.7051847e-01
-1.3273273e+00 2.1464947e-02 9.2077435e-02 1.7050045e-01
-1.3223223e+00 2.2604043e-02 9.2413024e-02 1.7045910e-01
-1.3173173e+00 2.3802141e-02 9.2753845e-02 1.7039784e-01
-1.3123123e+00 2.5046965e-02 9.3099960e-02 1.7031983e-01
-1.3073073e+00 2.6367902e-02 9.3473038e-02 1.7022572e-01
-1.3023023e+00 2.7742211e-02 9.3854762e-02 1.7012179e-01
-1.2972973e+00 2.9173165e-02 9.4251045e-02 1.7001829e-01
-1.2922923e+00 3.0657826e-02 9.4668568e-02 1.6991142e-01
-1.2872873e+00 3.2212310e-02 9.5120718e-02 1.6981937e-01
-1.2822823e+00 3.3852036e-02 9.5606859e-02 1.6977161e-01
-1.2772773e+00 3.5599103e-02 9.6171556e-02 1.6971952e-01
-1.2722723e+00 3.7376855e-02 9.6763009e-02 1.6970705e-01
-1.2672673e+00 3.9258031e-02 9.7447517e-02 1.6976103e-01
-1.2622623e+00 4.1241513e-02 9.8247141e-02 1.6984043e-01
-1.2572573e+00 4.3257506e-02 9.9020721e-02 1.6994224e-01
-1.2522523e+00 4.5352096e-02 9.9958163e-02 1.7028924e-01
-1.2472472e+00 4.7543570e-02 1.0109207e-01 1.7069371e-01
-1.2422422e+00 4.9836528e-02 1.0222028e-01 1.7094767e-01
-1.2372372e+00 5.2227795e-02 1.0334814e-01 1.7149867e-01
-1.2322322e+00 5.4666840e-02 1.0496281e-01 1.7239023e-01
-1.2272272e+00 5.7145187e-02 1.0734967e-01 1.7303901e-01
-1.2222222e+00 5.9735267e-02 1.1064992e-01 1.7365882e-01
-1.2172172e+00 6.2342394e-02 1.1393892e-01 1.7432035e-01
-1.2122122e+00 6.4688529e-02 1.1593177e-01 1.7556038e-01
-1.2072072e+00 6.6842569e-02 1.1704335e-01 1.7769673e-01
-1.2022022e+00 6.8978776e-02 1.1944288e-01 1.7968597e-01
-1.1971972e+00 7.1276321e-02 1.2218288e-01 1.8101691e-01
-1.1921922e+00 7.3902348e-02 1.2514262e-01 1.8193148e-01
-1.1871872e+00 7.5945305e-02 1.2735749e-01 1.8417086e-01
-1.1821822e+00 7.7665407e-02 1.2910159e-01 1.8747168e-01
-1.1771772e+00 7.9366991e-02 1.3099635e-01 1.8988816e-01
-1.1721722e+00 8.1533643e-02 1.3363540e-01 1.9229430e-01
-1.1671672e+00 8.3708381e-02 1.3673478e-01 1.9516085e-01
-1.1621622e+00 8.6315130e-02 1.3996621e-01 1.9859833e-01
-1.1571572e+00 8.8990750e-02 1.4295371e-01 2.0177406e-01
-1.1521522e+00 9.1824529e-02 1.4580773e-01 2.0477154e-01
-1.1471471e+00 9.5043463e-02 1.4849429e-01 2.0762155e-01
-1.1421421e+00 9.8352237e-02 1.5131962e-01 2.1059370e-01
-1.1371371e+00 1.0156058e-01 1.5442949e-01 2.1397043e-01
-1.1321321e+00 1.0466462e-01 1.5776966e-01 2.1801882e-01
-1.1271271e+00 1.0796227e-01 1.6142122e-01 2.2212298e-01
-1.1221221e+00 1.1111146e-01 1.6516799e-01 2.2657203e-01
-1.1171171e+00 1.1459484e-01 1.6898923e-01 2.3118955e-01
-1.1121121e+00 1.1778312e-01 1.7305099e-01 2.3554840e-01
-1.1071071e+00 1.2114332e-01 1.7705155e-01 2.4042469e-01
-1.1021021e+00 1.2443269e-01 1.8104750e-01 2.4551693e-01
-1.0970971e+00 1.2773090e-01 1.8523483e-01 2.5102178e-01
-1.0920921e+00 1.3109672e-01 1.8936412e-01 2.5680368e-01
-1.0870871e+00 1.3448190e-01 1.9371135e-01 2.6238968e-01
-1.0820821e+00 1.3814080e-01 1.9846141e-01 2.6812058e-01
-1.0770771e+00 1.4218218e-01 2.0336584e-01 2.7439683e-01
-1.0720721e+00 1.4643568e-01 2.0846298e-01 2.8051454e-01
-1.0670671e+00 1.5049694e-01 2.1362066e-01 2.8674108e-01
-1.0620621e+00 1.5491484e-01 2.1892514e-01 2.9324525e-01
-1.0570571e+00 1.5939215e-01 2.2414050e-01 2.9997546e-01
-1.0520521e+00 1.6396153e-01 2.2992423e-01 3.0692444e-01
-1.0470470e+00 1.6880404e-01 2.3578083e-01 3.1386929e-01
-1.0420420e+00 1.7384726e-01 2.4181035e-01 3.2105509e-01
-1.0370370e+00 1.7905597e-01 2.4797311e-01 3.2834183e-01
-1.0320320e+00 1.8428579e-01 2.5433790e-01 3.3583952e-01
-1.0270270e+00 1.8958071e-01 2.6076308e-01 3.4335375e-01
-1.0220220e+00 1.9526648e-01 2.6745329e-01 3.5121998e-01
-1.0170170e+00 2.0094514e-01 2.7422490e-01 3.5910197e-01
-1.0120120e+00 2.0685608e-01 2.8101065e-01 3.6712324e-01
-1.0070070e+00 2.1294661e-01 2.8810874e-01 3.7524147e-01
-1.0020020e+00 2.1908532e-01 2.9546500e-01 3.8336756e-01
-9.9699700e-01 2.2530056e-01 3.0280062e-01 3.9175687e-01
-9.9199199e-01 2.3186127e-01 3.1039441e-01 4.0030919e-01
-9.8698699e-01 2.3867187e-01 3.1801670e-01 4.0900195e-01
-9.8198198e-01 2.4546759e-01 3.2584499e-01 4.1778946e-01
-9.7697698e-01 2.5261912e-01 3.3381998e-01 4.2675577e-01
-9.7197197e-01 2.5974355e-01 3.4217648e-01 4.3561213e-01
-9.6696697e-01 2.6726725e-01 3.5042935e-01 4.4482962e-01
-9.6196196e-01 2.7502452e-01 3.5885335e-01 4.5391746e-01
-9.5695696e-01 2.8286422e-01 3.6751472e-01 4.6305741e-01
-9.5195195e-01 2.9077813e-01 3.7608181e-01 4.7243056e-01
-9.4694695e-01 2.9887178e-01 3.8488237e-01 4.8210478e-01
-9.4194194e-01 3.0717004e-01 3.9388920e-01 4.9161573e-01
-9.3693694e-01 3.1561845e-01 4.0314929e-01 5.0118569e-01
-9.3193193e-01 3.2426535e-01 4.1235844e-01 5.1104206e-01
-9.2692693e-01 3.3298443e-01 4.2160648e-01 5.2067420e-01
-9.2192192e-01 3.4197624e-01 4.3134167e-01 5.3057858e-01
-9.1691692e-01 3.5120397e-01 4.4089380e-01 5.4022189e-01
-9.1191191e-01 3.6058525e-01 4.5064763e-01 5.5003608e-01
-9.0690691e-01 3.7020427e-01 4.6058585e-01 5.6008005e-01
-9.0190190e-01 3.7981953e-01 4.7045035e-01 5.7024352e-01
-8.9689690e-01 3.8972073e-01 4.8058329e-01 5.8012689e-01
-8.9189189e-01 3.9984786e-01 4.9094363e-01 5.8987205e-01
-8.8688689e-01 4.1006102e-01 5.0115473e-01 6.0010135e-01
-8.8188188e-01 4.2047277e-01 5.1147133e-01 6.1040230e-01
-8.7687688e-01 4.3095917e-01 5.2188634e-01 6.2060723e-01
-8.7187187e-01 4.4153496e-01 5.3252990e-01 6.3062159e-01
-8.6686687e-01 4.5232269e-01 5.4307833e-01 6.4065734e-01
-8.6186186e-01 4.6314574e-01 5.5368258e-01 6.5083893e-01
-8.5685686e-01 4.7413731e-01 5.6454478e-01 6.6108466e-01
-8.5185185e-01 4.8493998e-01 5.7534571e-01 6.7141993e-01
-8.4684685e-01 4.9594639e-01 5.8625823e-01 6.8163050e-01
-8.4184184e-01 5.0698794e-01 5.9708952e-01 6.9186661e-01
-8.3683684e-01 5.1821222e-01 6.0813098e-01 7.0215041e-01
-8.3183183e-01 5.2945964e-01 6.1907321e-01 7.1215980e-01
-8.2682683e-01 5.4090889e-01 6.3003849e-01 7.2243606e-01
-8.2182182e-01 5.5233180e-01 6.4088155e-01 7.3246476e-01
-8.1681682e-01 5.6382880e-01 6.5196046e-01 7.4249694e-01
-8.1181181e-01 5.7513244e-01 6.6289782e-01 7.5249456e-01
-8.0680681e-01 5.8629678e-01 6.7385617e-01 7.6234114e-01
-8.0180180e-01 5.9760850e-01 6.8486082e-01 7.7238927e-01
-7.9679680e-01 6.0877237e-01 6.9576770e-01 7.8239124e-01
-7.9179179e-01 6.1992862e-01 7.0656267e-01 7.9221580e-01
-7.8678679e-01 6.3119332e-01 7.1722791e-01 8.0182934e-01
-7.8178178e-01 6.4253443e-01 7.2789947e-01 8.1152781e-01
-7.7677678e-01 6.5361293e-01 7.3854422e-01 8.2132426e-01
-7.7177177e-01 6.6478023e-01 7.4917212e-01 8.3088727e-01
-7.6676677e-01 6.7592910e-01 7.5955366e-01 8.4047574e-01
-7.6176176e-01 6.8706113e-01 7.7009000e-01 8.5015790e-01
-7.5675676e-01 6.9754897e-01 7.8062965e-01 8.5984210e-01
-7.5175175e-01 7.0820890e-01 7.9098300e-01 8.6910861e-01
-7.4674675e-01 7.1869057e-01 8.0134492e-01 8.7835738e-01
-7.4174174e-01 7.2928007e-01 8.1117747e-01 8.8747117e-01
-7.3673674e-01 7.3959183e-01 8.2095163e-01 8.9639914e-01
-7.3173173e-01 7.4989165e-01 8.3050707e-01 9.0507015e-01
-7.2672673e-01 7.5936989e-01 8.3992285e-01 9.1383120e-01
-7.2172172e-01 7.6911916e-01 8.4906578e-01 9.2234400e-01
-7.1671672e-01 7.7832403e-01 8.5824236e-01 9.3065704e-01
-7.1171171e-01 7.8716731e-01 8.6714932e-01 9.3915621e-01
-7.0670671e-01 7.9621640e-01 8.7580284e-01 9.4739185e-01
-7.0170170e-01 8.0468366e-01 8.8430408e-01 9.5571171e-01
-6.9669670e-01 8.1306846e-01 8.9272243e-01 9.6350814e-01
-6.9169169e-01 8.2111368e-01 9.0086459e-01 9.7112792e-01
-6.8668669e-01 8.2880678e-01 9.0853882e-01 9.7895749e-01
-6.8168168e-01 8.3625407e-01 9.1606073e-01 9.8655660e-01
-6.7667668e-01 8.4344202e-01 9.2341593e-01 9.9378463e-01
-6.7167167e-01 8.5036645e-01 9.3042195e-01 1.0006273e+00
-6.6666667e-01 8.5668610e-01 9.3705626e-01 1.0074137e+00
-6.6166166e-01 8.6247382e-01 9.4341037e-01 1.0140194e+00
-6.5665666e-01 8.6821939e-01 9.4932813e-01 1.0204635e+00
-6.5165165e-01 8.7320482e-01 9.5487846e-01 1.0265122e+00
-6.4664665e-01 8.7798628e-01 9.6016992e-01 1.0324041e+00
-6.4164164e-01 8.8235809e-01 9.6531351e-01 1.0382956e+00
-6.3663664e-01 8.8671685e-01 9.7004880e-01 1.0436863e+00
-6.3163163e-01 8.8998051e-01 9.7448658e-01 1.0487800e+00
-6.2662663e-01 8.9341275e-01 9.7860662e-01 1.0536592e+00
-6.2162162e-01 8.9612016e-01 9.8250413e-01 1.0582801e+00
-6.1661662e-01 8.9865822e-01 9.8594448e-01 1.0624260e+00
-6.1161161e-01 9.0074790e-01 9.8885582e-01 1.0663268e+00
-6.0660661e-01 9.0238791e-01 9.9162007e-01 1.0698842e+00
-6.0160160e-01 9.0378847e-01 9.9414180e-01 1.0729962e+00
-5.9659660e-01 9.0472120e-01 9.9607718e-01 1.0759376e+00
-5.9159159e-01 9.0506825e-01 9.9758029e-01 1.0784126e+00
-5.8658659e-01 9.0502011e-01 9.9869989e-01 1.0805716e+00
-5.8158158e-01 9.0466823e-01 9.9957550e-01 1.0825824e+00
-5.7657658e-01 9.0408120e-01 1.0000000e+00 1.0839382e+00
-5.7157157e-01 9.0323577e-01 9.9986639e-01 1.0849942e+00
-5.6656657e-01 9.0189483e-01 9.9924781e-01 1.0853773e+00
-5.6156156e-01 9.0005516e-01 9.9821218e-01 1.0854044e+00
-5.5655656e-01 8.9748583e-01 9.9692270e-01 1.0851374e+00
-5.5155155e-01 8.9487689e-01 9.9525854e-01 1.0842690e+00
-5.4654655e-01 8.9187773e-01 9.9302511e-01 1.0831824e+00
-5.4154154e-01 8.8840148e-01 9.9067369e-01 1.0813636e+00
-5.3653654e-01 8.8471471e-01 9.8770649e-01 1.0795206e+00
-5.3153153e-01 8.8042065e-01 9.8436447e-01 1.0772095e+00
-5.2652653e-01 8.7587046e-01 9.8057465e-01 1.0744508e+00
-5.2152152e-01 8.7108122e-01 9.7656360e-01 1.0713508e+00
-5.1651652e-01 8.6598078e-01 9.7214877e-01 1.0677641e+00
-5.1151151e-01 8.6052354e-01 9.6729477e-01 1.0638179e+00
-5.0650651e-01 8.5462734e-01 9.6197308e-01 1.0594122e+00
-5.0150150e-01 8.4815875e-01 9.5643203e-01 1.0542756e+00
-4.9649650e-01 8.4145134e-01 9.5035023e-01 1.0491005e+00
-4.9149149e-01 8.3441256e-01 9.4384188e-01 1.0432925e+00
-4.8648649e-01 8.2748045e-01 9.3714239e-01 1.0369715e+00
-4.8148148e-01 8.2029721e-01 9.3011077e-01 1.0304428e+00
-4.7647648e-01 8.1243606e-01 9.2268946e-01 1.0234297e+00
-4.7147147e-01 8.0438757e-01 9.1469474e-01 1.0159049e+00
-4.6646647e-01 7.9592732e-01 9.0662194e-01 1.0082098e+00
-4.6146146e-01 7.8729384e-01 8.9824690e-01 9.9981463e-01
-4.5645646e-01 7.7846090e-01 8.8943254e-01 9.9125701e-01
-4.5145145e-01 7.6962397e-01 8.8050529e-01 9.8248200e-01
-4.4644645e-01 7.6011098e-01 8.7109982e-01 9.7320101e-01
-4.4144144e-01 7.5054044e-01 8.6118656e-01 9.6382199e-01
-4.3643644e-01 7.4081598e-01 8.5131057e-01 9.5376700e-01
-4.3143143e-01 7.3106154e-01 8.4103041e-01 9.4368047e-01
-4.2642643e-01 7.2080725e-01 8.3067337e-01 9.3309531e-01
-4.2142142e-01 7.1050493e-01 8.2007195e-01 9.2232706e-01
-4.1641642e-01 6.9989316e-01 8.0916702e-01 9.1123621e-01
-4.1141141e-01 6.8939484e-01 7.9802764e-01 8.9973657e-01
-4.0640641e-01 6.7849075e-01 7.8659396e-01 8.8791977e-01
-4.0140140e-01 6.6742403e-01 7.7508974e-01 8.7620194e-01
-3.9639640e-01 6.5628100e-01 7.6347797e-01 8.6411025e-01
-3.9139139e-01 6.4532533e-01 7.5160034e-01 8.5167723e-01
-3.8638639e-01 6.3398109e-01 7.3959201e-01 8.3933130e-01
-3.8138138e-01 6.2256508e-01 7.2735855e-01 8.2664015e-01
-3.7637638e-01 6.1098622e-01 7.1501368e-01 8.1387100e-01
-3.7137137e-01 5.9925983e-01 7.0248861e-01 8.0085866e-01
-3.6636637e-01 5.8743443e-01 6.8991162e-01 7.8793514e-01
-3.6136136e-01 5.7585031e-01 6.7733852e-01 7.7475147e-01
-3.5635636e-01 5.6434629e-01 6.6479683e-01 7.6136004e-01
-3.5135135e-01 5.5258197e-01 6.5203229e-01 7.4790825e-01
-3.4634635e-01 5.4078259e-01 6.3924968e-01 7.3437222e-01
-3.4134134e-01 5.2915121e-01 6.2648393e-01 7.2056745e-01
-3.3633634e-01 5.1751587e-01 6.1377480e-01 7.0677630e-01
-3.3133133e-01 5.0592563e-01 6.0080126e-01 6.9297695e-01
-3.2632633e-01 4.9423715e-01 5.8792918e-01 6.7914090e-01
-3.2132132e-01 4.8263151e-01 5.7498922e-01 6.6513083e-01
-3.1631632e-01 4.7100218e-01 5.6218185e-01 6.5111872e-01
-3.1131131e-01 4.5974017e-01 5.4931130e-01 6.3724292e-01
-3.0630631e-01 4.4827215e-01 5.3658770e-01 6.2324751e-01
-3.0130130e-01 4.3687658e-01 5.2386249e-01 6.0931497e-01
-2.9629630e-01 4.2570538e-01 5.1115994e-01 5.9546919e-01
-2.9129129e-01 4.1450577e-01 4.9861558e-01 5.8148309e-01
-2.8628629e-01 4.0341017e-01 4.8599332e-01 5.6779620e-01
-2.8128128e-01 3.9251395e-01 4.7356467e-01 5.5408102e-01
-2.7627628e-01 3.8166079e-01 4.6120196e-01 5.4052928e-01
-2.7127127e-01 3.7094619e-01 4.4902649e-01 5.2697309e-01
-2.6626627e-01 3.6037065e-01 4.3694949e-01 5.1353769e-01
-2.6126126e-01 3.4986246e-01 4.2493136e-01 5.0021401e-01
-2.5625626e-01 3.3947754e-01 4.1310549e-01 4.8697739e-01
-2.5125125e-01 3.2928324e-01 4.0135800e-01 4.7397259e-01
-2.4624625e-01 3.1929978e-01 3.8979902e-01 4.6103942e-01
-2.4124124e-01 3.0942940e-01 3.7837909e-01 4.4810502e-01
-2.3623624e-01 2.9975773e-01 3.6709198e-01 4.3546853e-01
-2.3123123e-01 2.9005419e-01 3.5598762e-01 4.2297606e-01
-2.2622623e-01 2.8066531e-01 3.4507376e-01 4.1050650e-01
-2.2122122e-01 2.7140017e-01 3.3439688e-01 3.9839022e-01
-2.1621622e-01 2.6230091e-01 3.2379308e-01 3.8634271e-01
-2.1121121e-01 2.5337087e-01 3.1332307e-01 3.7454613e-01
-2.0620621e-01 2.4467461e-01 3.0309454e-01 3.6282861e-01
-2.0120120e-01 2.3623315e-01 2.9303749e-01 3.5139289e-01
-1.9619620e-01 2.2794631e-01 2.8323740e-01 3.4014215e-01
-1.9119119e-01 2.1982926e-01 2.7363236e-01 3.2906919e-01
-1.8618619e-01 2.1184423e-01 2.6418903e-01 3.1817381e-01
-1.8118118e-01 2.0405894e-01 2.5495259e-01 3.0753601e-01
-1.7617618e-01 1.9645161e-01 2.4591786e-01 2.9711222e-01
-1.7117117e-01 1.8904489e-01 2.3706065e-01 2.8689212e-01
-1.6616617e-01 1.8189182e-01 2.2837451e-01 2.7693073e-01
-1.6116116e-01 1.7480318e-01 2.1992880e-01 2.6715571e-01
-1.5615616e-01 1.6792881e-01 2.1174304e-01 2.5758642e-01
-1.5115115e-01 1.6126047e-01 2.0372286e-01 2.4817799e-01
-1.4614615e-01 1.5480980e-01 1.9593744e-01 2.3906516e-01
-1.4114114e-01 1.4853613e-01 1.8835507e-01 2.3016071e-01
-1.3613614e-01 1.4250606e-01 1.8095044e-01 2.2148937e-01
-1.3113113e-01 1.3661797e-01 1.7383681e-01 2.1305926e-01
-1.2612613e-01 1.3087843e-01 1.6688320e-01 2.0480423e-01
-1.2112112e-01 1.2527098e-01 1.6012800e-01 1.9678239e-01
-1.1611612e-01 1.1984216e-01 1.5353519e-01 1.8901995e-01
-1.1111111e-01 1.1463787e-01 1.4713610e-01 1.8145203e-01
-1.0610611e-01 1.0959998e-01 1.4095610e-01 1.7411857e-01
-1.0110110e-01 1.0475129e-01 1.3495910e-01 1.6699489e-01
-9.6096096e-02 1.0006499e-01 1.2914900e-01 1.6008391e-01
-9.1091091e-02 9.5564205e-02 1.2354261e-01 1.5342682e-01
-8.6086086e-02 9.1186113e-02 1.1810756e-01 1.4691881e-01
-8.1081081e-02 8.6962877e-02 1.1285284e-01 1.4057456e-01
-7.6076076e-02 8.2869900e-02 1.0776309e-01 1.3447143e-01
-7.1071071e-02 7.8978656e-02 1.0288889e-01 1.2860327e-01
-6.6066066e-02 7.5197415e-02 9.8169503e-02 1.2293620e-01
-6.1061061e-02 7.1580203e-02 9.3644071e-02 1.1743984e-01
-5.6056056e-02 6.8120759e-02 8.9277468e-02 1.1212808e-01
-5.1051051e-02 6.4746271e-02 8.5073881e-02 1.0699188e-01
-4.6046046e-02 6.1518092e-02 8.0978557e-02 1.0201476e-01
-4.1041041e-02 5.8442994e-02 7.7073171e-02 9.7252592e-02
-3.6036036e-02 5.5500980e-02 7.3331819e-02 9.2682643e-02
-3.1031031e-02 5.2665063e-02 6.9728833e-02 8.8280474e-02
-2.6026026e-02 4.9956633e-02 6.6262455e-02 8.4033431e-02
-2.1021021e-02 4.7351194e-02 6.2936054e-02 7.9946985e-02
-1.6016016e-02 4.4864172e-02 5.9753791e-02 7.6034341e-02
-1.1011011e-02 4.2485476e-02 5.6702241e-02 7.2256330e-02
-6.0060060e-03 4.0206463e-02 5.3772228e-02 6.8632572e-02
-1.0010010e-03 3.8048166e-02 5.0969859e-02 6.5169724e-02
4.0040040e-03 3.5970260e-02 4.8298919e-02 6.1851579e-02
9.0090090e-03 3.3994359e-02 4.5739659e-02 5.8677761e-02
1.4014014e-02 3.2116065e-02 4.3294688e-02 5.5628512e-02
1.9019019e-02 3.0320196e-02 4.0954864e-02 5.2722973e-02
2.4024024e-02 2.8618435e-02 3.8725173e-02 4.9937695e-02
2.9029029e-02 2.6992151e-02 3.6605362e-02 4.7275199e-02
3.4034034e-02 2.5431627e-02 3.4571041e-02 4.4741090e-02
3.9039039e-02 2.3959356e-02 3.2643044e-02 4.2302132e-02
4.4044044e-02 2.2567901e-02 3.0805368e-02 3.9987210e-02
4.9049049e-02 2.1235320e-02 2.9053768e-02 3.7767974e-02
5.4054054e-02 1.9977106e-02 2.7384544e-02 3.5659148e-02
5.9059059e-02 1.8788856e-02 2.5804660e-02 3.3658776e-02
6.4064064e-02 1.7657755e-02 2.4302998e-02 3.1758073e-02
6.9069069e-02 1.6583178e-02 2.2884046e-02 2.9950119e-02
7.4074074e-02 1.5570560e-02 2.1528592e-02 2.8220688e-02
7.9079079e-02 1.4612886e-02 2.0249078e-02 2.6578788e-02
8.4084084e-02 1.3704240e-02 1.9033955e-02 2.5021306e-02
8.9089089e-02 1.2849469e-02 1.7880660e-02 2.3539114e-02
9.4094094e-02 1.2039596e-02 1.6789847e-02 2.2141035e-02
9.9099099e-02 1.1273298e-02 1.5761257e-02 2.0820867e-02
1.0410410e-01 1.0555298e-02 1.4782758e-02 1.9566331e-02
1.0910911e-01 9.8707507e-03 1.3858599e-02 1.8374780e-02
1.1411411e-01 9.2295941e-03 1.2983328e-02 1.7241934e-02
1.1911912e-01 8.6227226e-03 1.2163363e-02 1.6179651e-02
1.2412412e-01 8.0525789e-03 1.1384766e-02 1.5169836e-02
1.2912913e-01 7.5193989e-03 1.0651790e-02 1.4215748e-02
1.3413413e-01 7.0138947e-03 9.9635041e-03 1.3317601e-02
1.3913914e-01 6.5388923e-03 9.3098576e-03 1.2466934e-02
1.4414414e-01 6.0949599e-03 8.6977671e-03 1.1667452e-02
1.4914915e-01 5.6771864e-03 8.1207677e-03 1.0911296e-02
1.5415415e-01 5.2877081e-03 7.5776675e-03 1.0201009e-02
1.5915916e-01 4.9212521e-03 7.0692755e-03 9.5316458e-03
1.6416416e-01 4.5751726e-03 6.5915647e-03 8.8997987e-03
1.6916917e-01 4.2535582e-03 6.1406827e-03 8.3074404e-03
1.7417417e-01 3.9534411e-03 5.7191594e-03 7.7519475e-03
1.7917918e-01 3.6717298e-03 5.3231312e-03 7.2282724e-03
1.8418418e-01 3.4081900e-03 4.9534043e-03 6.7356496e-03
1.8918919e-01 3.1626017e-03 4.6066604e-03 6.2734130e-03
1.9419419e-01 2.9342621e-03 4.2822355e-03 5.8400780e-03
1.9919920e-01 2.7205003e-03 3.9778263e-03 5.4356577e-03
2.0420420e-01 2.5186078e-03 3.6936341e-03 5.0543800e-03
2.0920921e-01 2.3317798e-03 3.4274890e-03 4.6993307e-03
2.1421421e-01 2.1575970e-03 3.1799227e-03 4.3666530e-03
2.1921922e-01 1.9957347e-03 2.9477211e-03 4.0546667e-03
2.2422422e-01 1.8444225e-03 2.7318457e-03 3.7638756e-03
2.2922923e-01 1.7046173e-03 2.5295803e-03 3.4927091e-03
2.3423423e-01 1.5742961e-03 2.3417299e-03 3.2383777e-03
2.3923924e-01 1.4527852e-03 2.1669121e-03 3.0006237e-03
2.4424424e-01 1.3401840e-03 2.0035190e-03 2.7791193e-03
2.4924925e-01 1.2357073e-03 1.8516183e-03 2.5731060e-03
2.5425425e-01 1.1379565e-03 1.7105026e-03 2.3811647e-03
2.5925926e-01 1.0482704e-03 1.5791333e-03 2.2025713e-03
2.6426426e-01 9.6501731e-04 1.4572653e-03 2.0359094e-03
2.6926927e-01 8.8821529e-04 1.3437274e-03 1.8810426e-03
2.7427427e-01 8.1660061e-04 1.2386990e-03 1.7372319e-03
2.7927928e-01 7.5034086e-04 1.1415764e-03 1.6032364e-03
2.8428428e-01 6.8927216e-04 1.0510009e-03 1.4795220e-03
2.8928929e-01 6.3266342e-04 9.6747935e-04 1.3639750e-03
2.9429429e-01 5.8045722e-04 8.9002899e-04 1.2567645e-03
2.9929930e-01 5.3197037e-04 8.1861058e-04 1.1575454e-03
3.0430430e-01 4.8774577e-04 7.5244413e-04 1.0657953e-03
3.0930931e-01 4.4689333e-04 6.9082266e-04 9.8036581e-04
3.1431431e-01 4.0915989e-04 6.3380126e-04 9.0151100e-04
3.1931932e-01 3.7441295e-04 5.8156629e-04 8.2851998e-04
3.2432432e-01 3.4242578e-04 5.3325965e-04 7.6093915e-04
3.2932933e-01 3.1283812e-04 4.8860443e-04 6.9870390e-04
3.3433433e-01 2.8575264e-04 4.4759966e-04 6.4123666e-04
3.3933934e-01 2.6095393e-04 4.0985236e-04 5.8812028e-04
3.4434434e-01 2.3816792e-04 3.7520078e-04 5.3931497e-04
3.4934935e-01 2.1729624e-04 3.4326566e-04 4.9426870e-04
3.5435435e-01 1.9814012e-04 3.1380179e-04 4.5269855e-04
3.5935936e-01 1.8067037e-04 2.8682025e-04 4.1431892e-04
3.6436436e-01 1.6458982e-04 2.6197438e-04 3.7897544e-04
3.6936937e-01 1.4986119e-04 2.3913195e-04 3.4660253e-04
3.7437437e-01 1.3635720e-04 2.1824010e-04 3.1674348e-04
3.7937938e-01 1.2402128e-04 1.9901876e-04 2.8928571e-04
3.8438438e-01 1.1270282e-04 1.8146298e-04 2.6415933e-04
3.8938939e-01 1.0241284e-04 1.6527305e-04 2.4103521e-04
3.9439439e-01 9.2926133e-05 1.5045122e-04 2.1981681e-04
3.9939940e-01 8.4297305e-05 1.3690918e-04 2.0034056e-04
4.0440440e-01 7.6478325e-05 1.2453369e-04 1.8249352e-04
4.0940941e-01 6.9337104e-05 1.1324611e-04 1.6618224e-04
4.1441441e-01 6.2798124e-05 1.0289929e-04 1.5127157e-04
4.1941942e-01 5.6873032e-05 9.3429987e-05 1.3760040e-04
4.2442442e-01 5.1477882e-05 8.4810025e-05 1.2512312e-04
4.2942943e-01 4.6577282e-05 7.6931046e-05 1.1368645e-04
4.3443443e-01 4.2109837e-05 6.9752556e-05 1.0325266e-04
4.3943944e-01 3.8028610e-05 6.3213013e-05 9.3739299e-05
4.4444444e-01 3.4335989e-05 5.7256076e-05 8.5044572e-05
4.4944945e-01 3.0990330e-05 5.1838076e-05 7.7135391e-05
4.5445445e-01 2.7958585e-05 4.6911463e-05 6.9886759e-05
4.5945946e-01 2.5211935e-05 4.2428297e-05 6.3320760e-05
4.6446446e-01 2.2714324e-05 3.8359637e-05 5.7341437e-05
4.6946947e-01 2.0452188e-05 3.4648627e-05 5.1885900e-05
4.7447447e-01 1.8407611e-05 3.1290119e-05 4.6934361e-05
4.7947948e-01 1.6560610e-05 2.8245067e-05 4.2408081e-05
4.8448448e-01 1.4889521e-05 2.5472566e-05 3.8320877e-05
4.8948949e-01 1.3385711e-05 2.2963950e-05 3.4608390e-05
4.9449449e-01 1.2026298e-05 2.0689145e-05 3.1238042e-05
4.9949950e-01 1.0797726e-05 1.8634310e-05 2.8172143e-05
5.0450450e-01 9.6903753e-06 1.6774246e-05 2.5396733e-05
5.0950951e-01 8.6865521e-06 1.5095829e-05 2.2882111e-05
5.1451451e-01 7.7854309e-06 1.3569594e-05 2.0609119e-05
5.1951952e-01 6.9736826e-06 1.2198729e-05 1.8553454e-05
5.2452452e-01 6.2437426e-06 1.0955251e-05 1.6694128e-05
5.2952953e-01 5.5867248e-06 9.8353431e-06 1.5011727e-05
5.3453453e-01 4.9950701e-06 8.8272321e-06 1.3488555e-05
5.3953954e-01 4.4652248e-06 7.9168954e-06 1.2116258e-05
5.4454454e-01 3.9874012e-06 7.0959137e-06 1.0879783e-05
5.4954955e-01 3.5594834e-06 6.3564301e-06 9.7623489e-06
5.5455455e-01 3.1765001e-06 5.6917342e-06 8.7544847e-06
5.5955956e-01 2.8322292e-06 5.0942860e-06 7.8480221e-06
5.6456456e-01 2.5248112e-06 4.5578492e-06 7.0320316e-06
5.6956957e-01 2.2495403e-06 4.0757826e-06 6.2980269e-06
5.7457457e-01 2.0027315e-06 3.6430786e-06 5.6378941e-06
5.7957958e-01 1.7826685e-06 3.2535207e-06 5.0430417e-06
5.8458458e-01 1.5854683e-06 2.9044596e-06 4.5092598e-06
5.8958959e-01 1.4097564e-06 2.5917081e-06 4.0279297e-06
5.9459459e-01 1.2527882e-06 2.3107299e-06 3.5979666e-06
5.9959960e-01 1.1123490e-06 2.0595038e-06 3.2110262e-06
6.0460460e-01 9.8701778e-07 1.8343440e-06 2.8647737e-06
6.0960961e-01 8.7571311e-07 1.6336399e-06 2.5545501e-06
6.1461461e-01 7.7632576e-07 1.4536623e-06 2.2765991e-06
6.1961962e-01 6.8802973e-07 1.2931580e-06 2.0277051e-06
6.2462462e-01 6.0915929e-07 1.1497905e-06 1.8051541e-06
6.2962963e-01 5.3905127e-07 1.0215344e-06 1.6060893e-06
6.3463463e-01 4.7668335e-07 9.0741435e-07 1.4284904e-06
6.3963964e-01 4.2150134e-07 8.0520500e-07 1.2698607e-06
6.4464464e-01 3.7262115e-07 7.1423501e-07 1.1279884e-06
6.4964965e-01 3.2910694e-07 6.3335821e-07 1.0017819e-06
6.5465465e-01 2.9047723e-07 5.6136897e-07 8.8897168e-07
6.5965966e-01 2.5627634e-07 4.9716928e-07 7.8847288e-07
6.6466466e-01 2.2589841e-07 4.4019136e-07 6.9912564e-07
6.6966967e-01 1.9912271e-07 3.8950878e-07 6.1956672e-07
6.7467467e-01 1.7538298e-07 3.4448299e-07 5.4875804e-07
6.7967968e-01 1.5434220e-07 3.0451732e-07 4.8574425e-07
6.8468468e-01 1.3583890e-07 2.6904327e-07 4.2963213e-07
6.8968969e-01 1.1946101e-07 2.3751796e-07 3.7989090e-07
6.9469469e-01 1.0501669e-07 2.0957692e-07 3.3577106e-07
6.9969970e-01 9.2300951e-08 1.8478500e-07 2.9659343e-07
7.0470470e-01 8.1076448e-08 1.6291258e-07 2.6184718e-07
7.0970971e-01 7.1162267e-08 1.4356867e-07 2.3103841e-07
7.1471471e-01 6.2435109e-08 1.2641277e-07 2.0372949e-07
7.1971972e-01 5.4769550e-08 1.1128181e-07 1.7955461e-07
7.2472472e-01 4.7981234e-08 9.7928856e-08 1.5820226e-07
7.2972973e-01 4.2020978e-08 8.6125050e-08 1.3931318e-07
7.3473473e-01 3.6772611e-08 7.5706228e-08 1.2259589e-07
7.3973974e-01 3.2152830e-08 6.6495523e-08 1.0783475e-07
7.4474474e-01 2.8119023e-08 5.8391810e-08 9.4793496e-08
7.4974975e-01 2.4566631e-08 5.1242975e-08 8.3292879e-08
7.5475475e-01 2.1455726e-08 4.4951210e-08 7.3140568e-08
7.5975976e-01 1.8727071e-08 3.9403469e-08 6.4187047e-08
7.6476476e-01 1.6332726e-08 3.4519312e-08 5.6315926e-08
7.6976977e-01 1.4245370e-08 3.0235759e-08 4.9381207e-08
7.7477477e-01 1.2417845e-08 2.6464028e-08 4.3277015e-08
7.7977978e-01 1.0819590e-08 2.3152715e-08 3.7902380e-08
7.8478478e-01 9.4206277e-09 2.0246600e-08 3.3179573e-08
7.8978979e-01 8.1982039e-09 1.7690932e-08 2.9030499e-08
7.9479479e-01 7.1306493e-09 1.5451356e-08 2.5392569e-08
7.9979980e-01 6.1975968e-09 1.3488577e-08 2.2194200e-08
8.0480480e-01 5.3839032e-09 1.1770956e-08 1.9386478e-08
8.0980981e-01 4.6739968e-09 1.0265298e-08 1.6922048e-08
8.1481481e-01 4.0556996e-09 8.9474823e-09 1.4768293e-08
8.1981982e-01 3.5175805e-09 7.7936516e-09 1.2880111e-08
8.2482482e-01 3.0497353e-09 6.7866714e-09 1.1227683e-08
8.2982983e-01 2.6418389e-09 5.9065459e-09 9.7825071e-09
8.3483483e-01 2.2882665e-09 5.1372699e-09 8.5185666e-09
8.3983984e-01 1.9815281e-09 4.4659258e-09 7.4145179e-09
8.4484484e-01 1.7140296e-09 3.8804815e-09 6.4495293e-09
8.4984985e-01 1.4813875e-09 3.3701810e-09 5.6079755e-09
8.5485485e-01 1.2796988e-09 2.9250872e-09 4.8726087e-09
8.5985986e-01 1.1047267e-09 2.5378717e-09 4.2320756e-09
8.6486486e-01 9.5394127e-10 2.2005877e-09 3.6733948e-09
8.6986987e-01 8.2282207e-10 1.9073046e-09 3.1863955e-09
8.7487487e-01 7.0966986e-10 1.6521552e-09 2.7631412e-09
8.7987988e-01 6.1179115e-10 1.4304606e-09 2.3948210e-09
8.8488488e-01 5.2711190e-10 1.2379072e-09 2.0748870e-09
8.8988989e-01 4.5388894e-10 1.0704334e-09 1.7964316e-09
8.9489489e-01 3.9055422e-10 9.2509773e-10 1.5544856e-09
8.9989990e-01 3.3593839e-10 7.9927315e-10 1.3443673e-09
9.0490490e-01 2.8859874e-10 6.9019282e-10 1.1619094e-09
9.0990991e-01 2.4784115e-10 5.9553224e-10 1.0038308e-09
9.1491491e-01 2.1283167e-10 5.1362236e-10 8.6652836e-10
9.1991992e-01 1.8267247e-10 4.4273889e-10 7.4784879e-10
9.2492492e-01 1.5667802e-10 3.8145018e-10 6.4501151e-10
9.2992993e-01 1.3429176e-10 3.2845146e-10 5.5599012e-10
9.3493493e-01 1.1501088e-10 2.8269425e-10 4.7903985e-10
9.3993994e-01 9.8464105e-11 2.4321160e-10 4.1249099e-10
9.4494494e-01 8.4265171e-11 2.0907573e-10 3.5503524e-10
9.4994995e-01 7.2084204e-11 1.7963967e-10 3.0540357e-10
9.5495495e-01 6.1639469e-11 1.5430609e-10 2.6253709e-10
9.5995996e-01 5.2672121e-11 1.3247669e-10 2.2562886e-10
9.6496496e-01 4.4953276e-11 1.1364260e-10 1.9374892e-10
9.6996997e-01 3.8363747e-11 9.7448969e-11 1.6629844e-10
9.7497497e-01 3.2729932e-11 8.3524191e-11 1.4267361e-10
9.7997998e-01 2.7901062e-11 7.1545396e-11 1.2233794e-10
9.8498498e-01 2.3769744e-11 6.1260020e-11 1.0484480e-10
9.8998999e-01 2.0240579e-11 5.2419732e-11 8.9806024e-11
9.9499499e-01 1.7226755e-11 4.4831058e-11 7.6882258e-11
1.0000000e+00 1.4655662e-11 3.8328231e-11 6.5778310e-11
