X KDE_INF KDE_MED KDE_SUP
-1.4000000e+01 3.4076513e-50 2.0429068e-15 5.4694845e-03
-1.3990991e+01 5.8980344e-50 2.2156025e-15 5.5850026e-03
-1.3981982e+01 1.0364422e-49 2.4927697e-15 5.7594699e-03
-1.3972973e+01 1.7968613e-49 2.8496513e-15 5.8886341e-03
-1.3963964e+01 2.9546694e-49 3.4055847e-15 6.0158774e-03
-1.3954955e+01 5.2431602e-49 3.8095179e-15 6.0649162e-03
-1.3945946e+01 9.1741263e-49 4.5082877e-15 6.1180396e-03
-1.3936937e+01 1.5199484e-48 4.7936634e-15 6.1891616e-03
-1.3927928e+01 2.5409542e-48 5.3094041e-15 6.2523109e-03
-1.3918919e+01 4.5729050e-48 5.7676012e-15 6.3122058e-03
-1.3909910e+01 7.8257073e-48 6.0900319e-15 6.2958139e-03
-1.3900901e+01 1.3386563e-47 6.5446799e-15 6.2765486e-03
-1.3891892e+01 2.3307724e-47 7.4949959e-15 6.3324383e-03
-1.3882883e+01 4.0309394e-47 8.0351294e-15 6.4040237e-03
-1.3873874e+01 6.8544445e-47 9.1997835e-15 6.4051190e-03
-1.3864865e+01 1.0896050e-46 9.4342952e-15 6.3962705e-03
-1.3855856e+01 1.8805637e-46 1.0565305e-14 6.3170412e-03
-1.3846847e+01 3.1701674e-46 1.1767329e-14 6.4602816e-03
-1.3837838e+01 5.3805625e-46 1.3155233e-14 6.6978230e-03
-1.3828829e+01 9.0766461e-46 1.3677075e-14 6.6984016e-03
-1.3819820e+01 1.5815547e-45 1.4924551e-14 6.7768598e-03
-1.3810811e+01 2.6026780e-45 1.7715707e-14 6.8320848e-03
-1.3801802e+01 4.3935632e-45 1.9359869e-14 6.8650502e-03
-1.3792793e+01 7.0405353e-45 2.1873498e-14 6.9692090e-03
-1.3783784e+01 1.2469921e-44 2.2780712e-14 7.0331386e-03
-1.3774775e+01 2.0839990e-44 2.4469925e-14 6.9979908e-03
-1.3765766e+01 3.4444759e-44 2.7564496e-14 7.0982767e-03
-1.3756757e+01 5.7986355e-44 2.8228954e-14 7.2425285e-03
-1.3747748e+01 9.7395545e-44 3.2540928e-14 7.3614102e-03
-1.3738739e+01 1.6758388e-43 3.7057011e-14 7.4371884e-03
-1.3729730e+01 2.8483208e-43 4.1390437e-14 7.5911319e-03
-1.3720721e+01 4.7427930e-43 4.7678581e-14 7.6902757e-03
-1.3711712e+01 7.3837756e-43 5.3169157e-14 7.7028570e-03
-1.3702703e+01 1.2813958e-42 5.9601864e-14 7.6294818e-03
-1.3693694e+01 2.0625854e-42 6.7036958e-14 7.7454871e-03
-1.3684685e+01 3.3463771e-42 7.2494928e-14 7.7972866e-03
-1.3675676e+01 5.4531496e-42 7.9356598e-14 7.8868141e-03
-1.3666667e+01 9.0606835e-42 8.7200706e-14 7.9248694e-03
-1.3657658e+01 1.5241633e-41 1.0115800e-13 7.9860226e-03
-1.3648649e+01 2.4842971e-41 1.1712740e-13 8.1500480e-03
-1.3639640e+01 4.1659097e-41 1.2496319e-13 8.2033157e-03
-1.3630631e+01 6.4011134e-41 1.3598006e-13 8.2203714e-03
-1.3621622e+01 1.0890145e-40 1.5408145e-13 8.2710192e-03
-1.3612613e+01 1.8007340e-40 1.7433705e-13 8.2983893e-03
-1.3603604e+01 2.8898217e-40 1.8602837e-13 8.2999976e-03
-1.3594595e+01 4.6531435e-40 2.0615139e-13 8.2370682e-03
-1.3585586e+01 7.5764241e-40 2.1470542e-13 8.3372616e-03
-1.3576577e+01 1.1865160e-39 2.4074071e-13 8.4803623e-03
-1.3567568e+01 1.8963764e-39 2.6852666e-13 8.6462920e-03
-1.3558559e+01 3.1531635e-39 2.8604669e-13 8.7750178e-03
-1.3549550e+01 5.0642438e-39 3.3327296e-13 8.8072934e-03
-1.3540541e+01 8.1120480e-39 3.7665965e-13 8.8352888e-03
-1.3531532e+01 1.3487170e-38 4.2089793e-13 8.7352882e-03
-1.3522523e+01 2.2270800e-38 4.5720782e-13 8.7360116e-03
-1.3513514e+01 3.6409881e-38 5.0958884e-13 8.7231445e-03
-1.3504505e+01 5.8041796e-38 5.6655727e-13 8.6472795e-03
-1.3495495e+01 9.4408547e-38 6.4496570e-13 8.5997899e-03
-1.3486486e+01 1.4928011e-37 7.1183196e-13 8.7279921e-03
-1.3477477e+01 2.4534171e-37 8.0029394e-13 8.7930618e-03
-1.3468468e+01 3.8805023e-37 8.4700879e-13 8.8507038e-03
-1.3459459e+01 5.9519942e-37 9.1777414e-13 8.8289980e-03
-1.3450450e+01 9.5511159e-37 1.0250588e-12 8.8651382e-03
-1.3441441e+01 1.5524837e-36 1.1815533e-12 9.0587514e-03
-1.3432432e+01 2.4035576e-36 1.3245303e-12 9.1503107e-03
-1.3423423e+01 3.8518012e-36 1.4084017e-12 9.2157537e-03
-1.3414414e+01 6.0363702e-36 1.4875569e-12 9.1620826e-03
-1.3405405e+01 1.0031028e-35 1.5951379e-12 9.2272100e-03
-1.3396396e+01 1.5955213e-35 1.6549988e-12 9.2694893e-03
-1.3387387e+01 2.4198349e-35 1.8196750e-12 9.5012740e-03
-1.3378378e+01 3.7886404e-35 2.0010496e-12 9.5852542e-03
-1.3369369e+01 5.7531324e-35 2.2822523e-12 9.5590868e-03
-1.3360360e+01 9.1114826e-35 2.5354487e-12 9.5470619e-03
-1.3351351e+01 1.4860336e-34 2.7338234e-12 9.5646134e-03
-1.3342342e+01 2.3589749e-34 3.1326000e-12 9.6581501e-03
-1.3333333e+01 3.6401430e-34 3.6423159e-12 9.7114419e-03
-1.3324324e+01 5.6151224e-34 4.1054073e-12 9.7591751e-03
-1.3315315e+01 8.8224215e-34 4.5885346e-12 9.7985410e-03
-1.3306306e+01 1.3848354e-33 5.3460886e-12 9.8822122e-03
-1.3297297e+01 2.2269440e-33 5.9173855e-12 9.9632350e-03
-1.3288288e+01 3.4738059e-33 6.5636008e-12 1.0042580e-02
-1.3279279e+01 5.4506397e-33 7.2070495e-12 1.0068109e-02
-1.3270270e+01 8.5222010e-33 8.1653157e-12 1.0094436e-02
-1.3261261e+01 1.3064920e-32 8.9425900e-12 1.0114975e-02
-1.3252252e+01 2.0849966e-32 9.8825701e-12 1.0064711e-02
-1.3243243e+01 3.2387851e-32 1.0701883e-11 1.0081027e-02
-1.3234234e+01 5.1629376e-32 1.1647131e-11 1.0041718e-02
-1.3225225e+01 8.0990476e-32 1.3080093e-11 1.0181204e-02
-1.3216216e+01 1.2786814e-31 1.4048237e-11 1.0309899e-02
-1.3207207e+01 1.9486283e-31 1.5401459e-11 1.0381079e-02
-1.3198198e+01 2.9099236e-31 1.7065964e-11 1.0472480e-02
-1.3189189e+01 4.4489662e-31 1.8830572e-11 1.0460138e-02
-1.3180180e+01 6.9904584e-31 2.1191955e-11 1.0569070e-02
-1.3171171e+01 1.0908590e-30 2.2857646e-11 1.0662044e-02
-1.3162162e+01 1.7055560e-30 2.5453091e-11 1.0751421e-02
-1.3153153e+01 2.6584099e-30 2.7679040e-11 1.0682395e-02
-1.3144144e+01 4.0955790e-30 3.0004142e-11 1.0754281e-02
-1.3135135e+01 6.0814341e-30 3.4019719e-11 1.0932484e-02
-1.3126126e+01 9.2504704e-30 3.6742345e-11 1.0966045e-02
-1.3117117e+01 1.4538263e-29 4.2088843e-11 1.1036822e-02
-1.3108108e+01 2.1674873e-29 4.6884142e-11 1.1001449e-02
-1.3099099e+01 3.2781388e-29 5.3385232e-11 1.1136378e-02
-1.3090090e+01 5.0795909e-29 5.8095102e-11 1.1193145e-02
-1.3081081e+01 7.4455119e-29 6.3273920e-11 1.1142685e-02
-1.3072072e+01 1.1367924e-28 7.1438992e-11 1.1075841e-02
-1.3063063e+01 1.7282253e-28 8.1105772e-11 1.0950589e-02
-1.3054054e+01 2.6222970e-28 8.8760343e-11 1.0996093e-02
-1.3045045e+01 3.9723676e-28 9.8258271e-11 1.1056646e-02
-1.3036036e+01 6.1089352e-28 1.0912570e-10 1.0931757e-02
-1.3027027e+01 9.1704423e-28 1.2127835e-10 1.0897330e-02
-1.3018018e+01 1.4133165e-27 1.3255820e-10 1.1041188e-02
-1.3009009e+01 2.0464572e-27 1.3820345e-10 1.1157189e-02
-1.3000000e+01 3.1220147e-27 1.5096014e-10 1.1269845e-02
-1.2990991e+01 4.6363215e-27 1.7048376e-10 1.1235460e-02
-1.2981982e+01 7.0868795e-27 1.8659014e-10 1.1461549e-02
-1.2972973e+01 1.0643109e-26 2.0894150e-10 1.1476957e-02
-1.2963964e+01 1.5873100e-26 2.1942523e-10 1.1703684e-02
-1.2954955e+01 2.4541715e-26 2.3102392e-10 1.1791699e-02
-1.2945946e+01 3.6552428e-26 2.5075528e-10 1.1818403e-02
-1.2936937e+01 5.3837101e-26 2.8002367e-10 1.2035509e-02
-1.2927928e+01 8.2161321e-26 3.1566087e-10 1.2232079e-02
-1.2918919e+01 1.2110926e-25 3.4163660e-10 1.2373210e-02
-1.2909910e+01 1.7786748e-25 3.7061099e-10 1.2555308e-02
-1.2900901e+01 2.6236592e-25 4.0746883e-10 1.2694304e-02
-1.2891892e+01 3.8708775e-25 4.5405718e-10 1.2833205e-02
-1.2882883e+01 5.7806281e-25 4.9265749e-10 1.2868477e-02
-1.2873874e+01 8.5886874e-25 5.1550360e-10 1.2849196e-02
-1.2864865e+01 1.2890374e-24 5.6603573e-10 1.2975205e-02
-1.2855856e+01 1.9118429e-24 6.1736926e-10 1.2905812e-02
-1.2846847e+01 2.7810923e-24 6.7824516e-10 1.3039681e-02
-1.2837838e+01 4.0756014e-24 7.5002556e-10 1.3054393e-02
-1.2828829e+01 5.8999487e-24 8.1816438e-10 1.3060397e-02
-1.2819820e+01 8.7084115e-24 8.7742439e-10 1.3319036e-02
-1.2810811e+01 1.3030509e-23 9.4533506e-10 1.3521998e-02
-1.2801802e+01 1.9152777e-23 1.0792388e-09 1.3574730e-02
-1.2792793e+01 2.7397550e-23 1.1421094e-09 1.3612095e-02
-1.2783784e+01 4.0312009e-23 1.2762440e-09 1.3834590e-02
-1.2774775e+01 5.9689062e-23 1.4320715e-09 1.3871740e-02
-1.2765766e+01 8.8026731e-23 1.6043050e-09 1.3992920e-02
-1.2756757e+01 1.2948093e-22 1.7074075e-09 1.4104782e-02
-1.2747748e+01 1.8628367e-22 1.8730249e-09 1.4266089e-02
-1.2738739e+01 2.7330281e-22 1.9891119e-09 1.4273808e-02
-1.2729730e+01 4.0225023e-22 2.2481175e-09 1.4394664e-02
-1.2720721e+01 5.8035930e-22 2.4746056e-09 1.4405997e-02
-1.2711712e+01 8.4352417e-22 2.8666774e-09 1.4345282e-02
-1.2702703e+01 1.2152350e-21 3.1578641e-09 1.4439201e-02
-1.2693694e+01 1.7508615e-21 3.3898125e-09 1.4549591e-02
-1.2684685e+01 2.5041836e-21 3.6797079e-09 1.4708186e-02
-1.2675676e+01 3.5487894e-21 3.9869790e-09 1.4831209e-02
-1.2666667e+01 5.1083949e-21 4.3636153e-09 1.4937582e-02
-1.2657658e+01 7.3106776e-21 4.7912529e-09 1.4960989e-02
-1.2648649e+01 1.0389265e-20 5.2251880e-09 1.4961065e-02
-1.2639640e+01 1.4847847e-20 5.7329450e-09 1.4945486e-02
-1.2630631e+01 2.1316880e-20 6.3095192e-09 1.5043998e-02
-1.2621622e+01 3.0142616e-20 7.1242657e-09 1.5256130e-02
-1.2612613e+01 4.2717294e-20 8.0462429e-09 1.5317135e-02
-1.2603604e+01 6.0167960e-20 8.6062802e-09 1.5403628e-02
-1.2594595e+01 8.4905994e-20 9.4565253e-09 1.5699553e-02
-1.2585586e+01 1.2292887e-19 1.0104402e-08 1.5865493e-02
-1.2576577e+01 1.7675415e-19 1.0764650e-08 1.5995301e-02
-1.2567568e+01 2.5400573e-19 1.2240017e-08 1.5964387e-02
-1.2558559e+01 3.6043563e-19 1.3238096e-08 1.5982527e-02
-1.2549550e+01 5.1022584e-19 1.4226263e-08 1.5956444e-02
-1.2540541e+01 7.2432675e-19 1.6019827e-08 1.6062559e-02
-1.2531532e+01 1.0302916e-18 1.7512040e-08 1.5934972e-02
-1.2522523e+01 1.4417075e-18 1.9484461e-08 1.6051123e-02
-1.2513514e+01 2.0022009e-18 2.1270826e-08 1.6066280e-02
-1.2504505e+01 2.8309321e-18 2.3455191e-08 1.6268395e-02
-1.2495495e+01 3.9385228e-18 2.6186707e-08 1.6258693e-02
-1.2486486e+01 5.4601759e-18 2.8311047e-08 1.6301540e-02
-1.2477477e+01 7.6978002e-18 3.1178038e-08 1.6420265e-02
-1.2468468e+01 1.0539883e-17 3.3494439e-08 1.6459325e-02
-1.2459459e+01 1.4484850e-17 3.8005498e-08 1.6495851e-02
-1.2450450e+01 2.0044219e-17 4.0908935e-08 1.6689479e-02
-1.2441441e+01 2.7848632e-17 4.3830846e-08 1.6943246e-02
-1.2432432e+01 3.8867594e-17 4.6126928e-08 1.6968909e-02
-1.2423423e+01 5.3242773e-17 4.8934048e-08 1.7146003e-02
-1.2414414e+01 7.2948083e-17 5.3982195e-08 1.7225269e-02
-1.2405405e+01 1.0026590e-16 5.9631139e-08 1.7328000e-02
-1.2396396e+01 1.3804056e-16 6.3636757e-08 1.7407715e-02
-1.2387387e+01 1.9064081e-16 6.9517162e-08 1.7382536e-02
-1.2378378e+01 2.6482018e-16 7.7443740e-08 1.7565289e-02
-1.2369369e+01 3.6032257e-16 8.4634549e-08 1.7835259e-02
-1.2360360e+01 4.9385533e-16 9.4407231e-08 1.7967427e-02
-1.2351351e+01 6.7746277e-16 1.0402522e-07 1.8060762e-02
-1.2342342e+01 9.1514659e-16 1.1433106e-07 1.8091271e-02
-1.2333333e+01 1.2468517e-15 1.2526158e-07 1.8207945e-02
-1.2324324e+01 1.7020874e-15 1.3630052e-07 1.8304277e-02
-1.2315315e+01 2.2744755e-15 1.5202603e-07 1.8258025e-02
-1.2306306e+01 3.0828496e-15 1.7247065e-07 1.8342256e-02
-1.2297297e+01 4.1671374e-15 1.8999612e-07 1.8466080e-02
-1.2288288e+01 5.6450021e-15 2.0654835e-07 1.8554587e-02
-1.2279279e+01 7.6511762e-15 2.2422132e-07 1.8762688e-02
-1.2270270e+01 1.0318170e-14 2.5558449e-07 1.8928946e-02
-1.2261261e+01 1.3783661e-14 2.7699257e-07 1.8995172e-02
-1.2252252e+01 1.8368364e-14 3.1093320e-07 1.9013424e-02
-1.2243243e+01 2.4703717e-14 3.4860563e-07 1.9172719e-02
-1.2234234e+01 3.3325267e-14 3.8913518e-07 1.9173900e-02
-1.2225225e+01 4.4720361e-14 4.2000536e-07 1.9108785e-02
-1.2216216e+01 6.0062097e-14 4.5910723e-07 1.9207890e-02
-1.2207207e+01 7.9597781e-14 5.1201539e-07 1.9286770e-02
-1.2198198e+01 1.0687100e-13 5.7028118e-07 1.9422045e-02
-1.2189189e+01 1.4291056e-13 6.2582608e-07 1.9616380e-02
-1.2180180e+01 1.9100356e-13 6.9090667e-07 1.9689492e-02
-1.2171171e+01 2.5494602e-13 7.3980889e-07 1.9810055e-02
-1.2162162e+01 3.3933282e-13 8.0283100e-07 2.0002441e-02
-1.2153153e+01 4.5105759e-13 8.8354699e-07 1.9930702e-02
-1.2144144e+01 5.9189845e-13 9.8783978e-07 2.0093398e-02
-1.2135135e+01 7.8443601e-13 1.1045431e-06 2.0106983e-02
-1.2126126e+01 1.0427348e-12 1.2249880e-06 2.0392269e-02
-1.2117117e+01 1.3798211e-12 1.3223932e-06 2.0648406e-02
-1.2108108e+01 1.8178674e-12 1.4268197e-06 2.0994183e-02
-1.2099099e+01 2.3308867e-12 1.5472334e-06 2.1197921e-02
-1.2090090e+01 3.0337070e-12 1.7077650e-06 2.1347935e-02
-1.2081081e+01 3.9507121e-12 1.8394376e-06 2.1559595e-02
-1.2072072e+01 5.1903891e-12 2.0316846e-06 2.1582081e-02
-1.2063063e+01 6.8272693e-12 2.3064397e-06 2.1832744e-02
-1.2054054e+01 8.8701264e-12 2.5296378e-06 2.2023975e-02
-1.2045045e+01 1.1455371e-11 2.7822468e-06 2.2194815e-02
-1.2036036e+01 1.4930501e-11 3.0626796e-06 2.2459184e-02
-1.2027027e+01 1.9314037e-11 3.2805421e-06 2.2580675e-02
-1.2018018e+01 2.5037521e-11 3.6570751e-06 2.2628675e-02
-1.2009009e+01 3.2055191e-11 4.0410057e-06 2.2939801e-02
-1.2000000e+01 4.1527535e-11 4.4156072e-06 2.2995111e-02
-1.1990991e+01 5.3805451e-11 4.8431779e-06 2.3280282e-02
-1.1981982e+01 6.9222779e-11 5.2670857e-06 2.3465168e-02
-1.1972973e+01 8.9460484e-11 5.7821280e-06 2.3570119e-02
-1.1963964e+01 1.1501600e-10 6.3591481e-06 2.3834001e-02
-1.1954955e+01 1.4784667e-10 7.0283543e-06 2.3893225e-02
-1.1945946e+01 1.8841840e-10 7.5747429e-06 2.3993488e-02
-1.1936937e+01 2.4235346e-10 8.3697242e-06 2.4184161e-02
-1.1927928e+01 3.1130913e-10 9.1422311e-06 2.4502690e-02
-1.1918919e+01 3.9701738e-10 1.0010274e-05 2.4599291e-02
-1.1909910e+01 5.0114698e-10 1.1202957e-05 2.4731831e-02
-1.1900901e+01 6.3098042e-10 1.2241124e-05 2.4942690e-02
-1.1891892e+01 8.0035342e-10 1.3606561e-05 2.5066072e-02
-1.1882883e+01 1.0220152e-09 1.4602722e-05 2.5250984e-02
-1.1873874e+01 1.3035253e-09 1.6252121e-05 2.5330903e-02
-1.1864865e+01 1.6618230e-09 1.7499821e-05 2.5583918e-02
-1.1855856e+01 2.0933140e-09 1.9226309e-05 2.5943555e-02
-1.1846847e+01 2.6492259e-09 2.0900366e-05 2.6177387e-02
-1.1837838e+01 3.3388913e-09 2.2944024e-05 2.6407012e-02
-1.1828829e+01 4.2033411e-09 2.5278293e-05 2.6576575e-02
-1.1819820e+01 5.2834226e-09 2.7646421e-05 2.6736741e-02
-1.1810811e+01 6.6207321e-09 3.0089511e-05 2.6879699e-02
-1.1801802e+01 8.3006391e-09 3.3045670e-05 2.7047350e-02
-1.1792793e+01 1.0289647e-08 3.6047715e-05 2.7268533e-02
-1.1783784e+01 1.2843506e-08 3.8800555e-05 2.7676712e-02
-1.1774775e+01 1.6097180e-08 4.2968326e-05 2.7919276e-02
-1.1765766e+01 2.0167270e-08 4.6276343e-05 2.8153628e-02
-1.1756757e+01 2.5095490e-08 5.0510886e-05 2.8544666e-02
-1.1747748e+01 3.1180078e-08 5.4726536e-05 2.8709181e-02
-1.1738739e+01 3.8418550e-08 6.0009882e-05 2.8872854e-02
-1.1729730e+01 4.7282030e-08 6.5475311e-05 2.9186703e-02
-1.1720721e+01 5.8671917e-08 7.0309150e-05 2.9282309e-02
-1.1711712e+01 7.2341528e-08 7.6129156e-05 2.9589145e-02
-1.1702703e+01 8.7551398e-08 8.2119155e-05 2.9703378e-02
-1.1693694e+01 1.0788063e-07 9.0757853e-05 2.9864302e-02
-1.1684685e+01 1.3253558e-07 9.7651207e-05 2.9954033e-02
-1.1675676e+01 1.6310273e-07 1.0729202e-04 3.0040231e-02
-1.1666667e+01 1.9996206e-07 1.1665407e-04 3.0170015e-02
-1.1657658e+01 2.4276149e-07 1.2690644e-04 3.0556300e-02
-1.1648649e+01 2.9634906e-07 1.3881833e-04 3.0800620e-02
-1.1639640e+01 3.6156310e-07 1.5192196e-04 3.0973483e-02
-1.1630631e+01 4.3957260e-07 1.6575522e-04 3.1196961e-02
-1.1621622e+01 5.3344331e-07 1.8158061e-04 3.1567653e-02
-1.1612613e+01 6.4795047e-07 1.9691192e-04 3.1832260e-02
-1.1603604e+01 7.8240310e-07 2.1465869e-04 3.2039193e-02
-1.1594595e+01 9.4340371e-07 2.3438163e-04 3.2204577e-02
-1.1585586e+01 1.1379596e-06 2.6066815e-04 3.2520872e-02
-1.1576577e+01 1.3721759e-06 2.8325609e-04 3.2676747e-02
-1.1567568e+01 1.6532616e-06 3.0617764e-04 3.2793443e-02
-1.1558559e+01 1.9777338e-06 3.3418306e-04 3.3076621e-02
-1.1549550e+01 2.3691064e-06 3.6593243e-04 3.3365080e-02
-1.1540541e+01 2.8412311e-06 3.9533106e-04 3.3591601e-02
-1.1531532e+01 3.4016038e-06 4.2881407e-04 3.3829393e-02
-1.1522523e+01 4.0498532e-06 4.6909879e-04 3.4232731e-02
-1.1513514e+01 4.8361373e-06 5.0669015e-04 3.4482290e-02
-1.1504505e+01 5.7450781e-06 5.5166292e-04 3.4625715e-02
-1.1495495e+01 6.8553441e-06 6.0122868e-04 3.4872458e-02
-1.1486486e+01 8.1220271e-06 6.5964587e-04 3.5150234e-02
-1.1477477e+01 9.6440974e-06 7.1327572e-04 3.5389773e-02
-1.1468468e+01 1.1407992e-05 7.7977026e-04 3.5648263e-02
-1.1459459e+01 1.3502784e-05 8.5336948e-04 3.5795102e-02
-1.1450450e+01 1.5925466e-05 9.2883004e-04 3.5995080e-02
-1.1441441e+01 1.8643559e-05 1.0093045e-03 3.6197096e-02
-1.1432432e+01 2.2025552e-05 1.0999983e-03 3.6315163e-02
-1.1423423e+01 2.5888055e-05 1.1997671e-03 3.6660349e-02
-1.1414414e+01 3.0419639e-05 1.3040015e-03 3.6856157e-02
-1.1405405e+01 3.5621130e-05 1.4128746e-03 3.7002037e-02
-1.1396396e+01 4.1889113e-05 1.5285837e-03 3.7202160e-02
-1.1387387e+01 4.8971324e-05 1.6659922e-03 3.7401360e-02
-1.1378378e+01 5.7028159e-05 1.7784014e-03 3.7659359e-02
-1.1369369e+01 6.6310527e-05 1.9390659e-03 3.7816370e-02
-1.1360360e+01 7.7334913e-05 2.1081967e-03 3.8045601e-02
-1.1351351e+01 8.9944260e-05 2.2873123e-03 3.8191747e-02
-1.1342342e+01 1.0447057e-04 2.4781327e-03 3.8362260e-02
-1.1333333e+01 1.2132395e-04 2.6724854e-03 3.8562004e-02
-1.1324324e+01 1.4049101e-04 2.8913092e-03 3.8708713e-02
-1.1315315e+01 1.6281987e-04 3.1075846e-03 3.8841394e-02
-1.1306306e+01 1.8760648e-04 3.3556957e-03 3.9107627e-02
-1.1297297e+01 2.1567705e-04 3.6321612e-03 3.9378018e-02
-1.1288288e+01 2.4731500e-04 3.9227122e-03 3.9758170e-02
-1.1279279e+01 2.8403376e-04 4.2374128e-03 4.0112983e-02
-1.1270270e+01 3.2626459e-04 4.6008257e-03 4.0720087e-02
-1.1261261e+01 3.7278245e-04 4.9567174e-03 4.1287092e-02
-1.1252252e+01 4.2550426e-04 5.3023238e-03 4.1886204e-02
-1.1243243e+01 4.8389909e-04 5.7024567e-03 4.2642696e-02
-1.1234234e+01 5.5196124e-04 6.1163803e-03 4.3206964e-02
-1.1225225e+01 6.2820478e-04 6.5500580e-03 4.3927349e-02
-1.1216216e+01 7.1356876e-04 7.0267485e-03 4.4677625e-02
-1.1207207e+01 8.1039370e-04 7.5507686e-03 4.5541299e-02
-1.1198198e+01 9.1754013e-04 8.1256648e-03 4.6326074e-02
-1.1189189e+01 1.0367899e-03 8.7278289e-03 4.7482349e-02
-1.1180180e+01 1.1715495e-03 9.3598920e-03 4.8414573e-02
-1.1171171e+01 1.3204037e-03 1.0011369e-02 4.9575753e-02
-1.1162162e+01 1.4831487e-03 1.0744119e-02 5.0508444e-02
-1.1153153e+01 1.6659878e-03 1.1513655e-02 5.1529768e-02
-1.1144144e+01 1.8712165e-03 1.2285395e-02 5.2694932e-02
-1.1135135e+01 2.0867512e-03 1.3121577e-02 5.4160797e-02
-1.1126126e+01 2.3305595e-03 1.4028867e-02 5.5340870e-02
-1.1117117e+01 2.6011485e-03 1.5006384e-02 5.6728353e-02
-1.1108108e+01 2.9086882e-03 1.6008163e-02 5.8248117e-02
-1.1099099e+01 3.2369212e-03 1.7074753e-02 5.9817801e-02
-1.1090090e+01 3.6045499e-03 1.8146106e-02 6.1144909e-02
-1.1081081e+01 4.0072996e-03 1.9297188e-02 6.2837599e-02
-1.1072072e+01 4.4492842e-03 2.0501302e-02 6.4411220e-02
-1.1063063e+01 4.9140676e-03 2.1785336e-02 6.6009383e-02
-1.1054054e+01 5.4441181e-03 2.3177678e-02 6.7596651e-02
-1.1045045e+01 6.0122873e-03 2.4666126e-02 6.9424696e-02
-1.1036036e+01 6.6198273e-03 2.6143445e-02 7.1381814e-02
-1.1027027e+01 7.2823126e-03 2.7639759e-02 7.3413793e-02
-1.1018018e+01 8.0039987e-03 2.9151005e-02 7.5403793e-02
-1.1009009e+01 8.7990210e-03 3.0920257e-02 7.7583971e-02
-1.1000000e+01 9.6698623e-03 3.2691947e-02 7.9478639e-02
-1.0990991e+01 1.0590733e-02 3.4586766e-02 8.1699718e-02
-1.0981982e+01 1.1552056e-02 3.6505818e-02 8.3949000e-02
-1.0972973e+01 1.2592321e-02 3.8412011e-02 8.6548160e-02
-1.0963964e+01 1.3704608e-02 4.0308651e-02 8.9220027e-02
-1.0954955e+01 1.4889948e-02 4.2308112e-02 9.1986689e-02
-1.0945946e+01 1.6150086e-02 4.4507665e-02 9.4872366e-02
-1.0936937e+01 1.7500823e-02 4.6638147e-02 9.7852602e-02
-1.0927928e+01 1.8966724e-02 4.8897399e-02 1.0102790e-01
-1.0918919e+01 2.0556240e-02 5.1364638e-02 1.0436194e-01
-1.0909910e+01 2.2245289e-02 5.4022399e-02 1.0778575e-01
-1.0900901e+01 2.3943415e-02 5.6807624e-02 1.1158081e-01
-1.0891892e+01 2.5816114e-02 5.9745142e-02 1.1522914e-01
-1.0882883e+01 2.7805347e-02 6.2720698e-02 1.1910629e-01
-1.0873874e+01 2.9824994e-02 6.5877946e-02 1.2293256e-01
-1.0864865e+01 3.2049492e-02 6.9153707e-02 1.2714695e-01
-1.0855856e+01 3.4347466e-02 7.2615115e-02 1.3130091e-01
-1.0846847e+01 3.6671459e-02 7.6310324e-02 1.3591196e-01
-1.0837838e+01 3.9171921e-02 7.9989978e-02 1.4055170e-01
-1.0828829e+01 4.1768202e-02 8.3808976e-02 1.4534076e-01
-1.0819820e+01 4.4450135e-02 8.7673415e-02 1.5044122e-01
-1.0810811e+01 4.7266869e-02 9.1510250e-02 1.5539968e-01
-1.0801802e+01 5.0245033e-02 9.5811108e-02 1.6045537e-01
-1.0792793e+01 5.3190796e-02 1.0014653e-01 1.6570528e-01
-1.0783784e+01 5.6304122e-02 1.0476253e-01 1.7140331e-01
-1.0774775e+01 5.9601521e-02 1.0923600e-01 1.7671012e-01
-1.0765766e+01 6.3085918e-02 1.1387501e-01 1.8260409e-01
-1.0756757e+01 6.6745545e-02 1.1890394e-01 1.8838841e-01
-1.0747748e+01 7.0502677e-02 1.2390934e-01 1.9449459e-01
-1.0738739e+01 7.4550753e-02 1.2927958e-01 2.0081795e-01
-1.0729730e+01 7.8562939e-02 1.3464257e-01 2.0705551e-01
-1.0720721e+01 8.2733695e-02 1.4018901e-01 2.1339595e-01
-1.0711712e+01 8.7000377e-02 1.4588011e-01 2.1988057e-01
-1.0702703e+01 9.1440204e-02 1.5182929e-01 2.2660436e-01
-1.0693694e+01 9.6309035e-02 1.5770816e-01 2.3359170e-01
-1.0684685e+01 1.0101843e-01 1.6353700e-01 2.4086775e-01
-1.0675676e+01 1.0586202e-01 1.6977729e-01 2.4815712e-01
-1.0666667e+01 1.1086148e-01 1.7607821e-01 2.5571083e-01
-1.0657658e+01 1.1610232e-01 1.8229372e-01 2.6316613e-01
-1.0648649e+01 1.2154647e-01 1.8889666e-01 2.7115317e-01
-1.0639640e+01 1.2715493e-01 1.9564706e-01 2.7903646e-01
-1.0630631e+01 1.3298820e-01 2.0247948e-01 2.8709222e-01
-1.0621622e+01 1.3883329e-01 2.0957451e-01 2.9531022e-01
-1.0612613e+01 1.4488894e-01 2.1700282e-01 3.0344520e-01
-1.0603604e+01 1.5097219e-01 2.2429771e-01 3.1213130e-01
-1.0594595e+01 1.5728897e-01 2.3181362e-01 3.2063761e-01
-1.0585586e+01 1.6391688e-01 2.3946288e-01 3.2935095e-01
-1.0576577e+01 1.7047980e-01 2.4738849e-01 3.3822967e-01
-1.0567568e+01 1.7721280e-01 2.5522511e-01 3.4741455e-01
-1.0558559e+01 1.8405963e-01 2.6329891e-01 3.5625171e-01
-1.0549550e+01 1.9107895e-01 2.7147892e-01 3.6559045e-01
-1.0540541e+01 1.9803836e-01 2.7976266e-01 3.7509796e-01
-1.0531532e+01 2.0545555e-01 2.8816083e-01 3.8513411e-01
-1.0522523e+01 2.1292529e-01 2.9678188e-01 3.9512173e-01
-1.0513514e+01 2.2065233e-01 3.0568022e-01 4.0475675e-01
-1.0504505e+01 2.2846173e-01 3.1453266e-01 4.1444858e-01
-1.0495495e+01 2.3632302e-01 3.2362463e-01 4.2476864e-01
-1.0486486e+01 2.4441949e-01 3.3266971e-01 4.3488209e-01
-1.0477477e+01 2.5258476e-01 3.4202867e-01 4.4508237e-01
-1.0468468e+01 2.6122628e-01 3.5158848e-01 4.5543455e-01
-1.0459459e+01 2.6951888e-01 3.6100273e-01 4.6601629e-01
-1.0450450e+01 2.7806196e-01 3.7067849e-01 4.7643332e-01
-1.0441441e+01 2.8668414e-01 3.8075496e-01 4.8725758e-01
-1.0432432e+01 2.9563201e-01 3.9066811e-01 4.9813797e-01
-1.0423423e+01 3.0470620e-01 4.0091842e-01 5.0859470e-01
-1.0414414e+01 3.1390364e-01 4.1112054e-01 5.2024045e-01
-1.0405405e+01 3.2318407e-01 4.2125526e-01 5.3184561e-01
-1.0396396e+01 3.3277253e-01 4.3176283e-01 5.4356195e-01
-1.0387387e+01 3.4223646e-01 4.4242122e-01 5.5471874e-01
-1.0378378e+01 3.5219168e-01 4.5333084e-01 5.6666411e-01
-1.0369369e+01 3.6238621e-01 4.6441763e-01 5.7849688e-01
-1.0360360e+01 3.7231187e-01 4.7572974e-01 5.9023234e-01
-1.0351351e+01 3.8273531e-01 4.8704130e-01 6.0211091e-01
-1.0342342e+01 3.9299567e-01 4.9823769e-01 6.1455654e-01
-1.0333333e+01 4.0342733e-01 5.0966752e-01 6.2702458e-01
-1.0324324e+01 4.1393316e-01 5.2128869e-01 6.3957274e-01
-1.0315315e+01 4.2502590e-01 5.3314291e-01 6.5143459e-01
-1.0306306e+01 4.3570786e-01 5.4519760e-01 6.6396858e-01
-1.0297297e+01 4.4672751e-01 5.5720380e-01 6.7632846e-01
-1.0288288e+01 4.5777455e-01 5.6892412e-01 6.8913353e-01
-1.0279279e+01 4.6874083e-01 5.8081475e-01 7.0182890e-01
-1.0270270e+01 4.7968956e-01 5.9303579e-01 7.1453277e-01
-1.0261261e+01 4.9106032e-01 6.0513023e-01 7.2754952e-01
-1.0252252e+01 5.0221826e-01 6.1745672e-01 7.4014283e-01
-1.0243243e+01 5.1394754e-01 6.2953892e-01 7.5260987e-01
-1.0234234e+01 5.2507176e-01 6.4168677e-01 7.6533398e-01
-1.0225225e+01 5.3613300e-01 6.5391368e-01 7.7808969e-01
-1.0216216e+01 5.4729173e-01 6.6593502e-01 7.9101147e-01
-1.0207207e+01 5.5883734e-01 6.7805918e-01 8.0433754e-01
-1.0198198e+01 5.7021722e-01 6.9040770e-01 8.1700905e-01
-1.0189189e+01 5.8161074e-01 7.0285600e-01 8.3012531e-01
-1.0180180e+01 5.9296397e-01 7.1495669e-01 8.4277014e-01
-1.0171171e+01 6.0425420e-01 7.2721682e-01 8.5570202e-01
-1.0162162e+01 6.1550186e-01 7.3902159e-01 8.6829623e-01
-1.0153153e+01 6.2641570e-01 7.5077806e-01 8.8059802e-01
-1.0144144e+01 6.3779821e-01 7.6265989e-01 8.9280913e-01
-1.0135135e+01 6.4887017e-01 7.7449586e-01 9.0476860e-01
-1.0126126e+01 6.6005651e-01 7.8585183e-01 9.1628227e-01
-1.0117117e+01 6.7083376e-01 7.9722123e-01 9.2840945e-01
-1.0108108e+01 6.8165438e-01 8.0856041e-01 9.4000843e-01
-1.0099099e+01 6.9160881e-01 8.1955663e-01 9.5136840e-01
-1.0090090e+01 7.0181779e-01 8.3029246e-01 9.6238067e-01
-1.0081081e+01 7.1223754e-01 8.4062796e-01 9.7337204e-01
-1.0072072e+01 7.2232015e-01 8.5101681e-01 9.8498979e-01
-1.0063063e+01 7.3238573e-01 8.6136250e-01 9.9541586e-01
-1.0054054e+01 7.4230655e-01 8.7105851e-01 1.0060221e+00
-1.0045045e+01 7.5120790e-01 8.8048997e-01 1.0160865e+00
-1.0036036e+01 7.5983400e-01 8.9016008e-01 1.0254884e+00
-1.0027027e+01 7.6849260e-01 8.9907810e-01 1.0348801e+00
-1.0018018e+01 7.7732753e-01 9.0800259e-01 1.0435773e+00
-1.0009009e+01 7.8519244e-01 9.1641486e-01 1.0516228e+00
-1.0000000e+01 7.9282395e-01 9.2445261e-01 1.0599220e+00
-9.9909910e+00 8.0042918e-01 9.3228840e-01 1.0677966e+00
-9.9819820e+00 8.0743340e-01 9.3952128e-01 1.0749989e+00
-9.9729730e+00 8.1433746e-01 9.4620929e-01 1.0827491e+00
-9.9639640e+00 8.2082998e-01 9.5308614e-01 1.0890845e+00
-9.9549550e+00 8.2703341e-01 9.5936245e-01 1.0950797e+00
-9.9459459e+00 8.3259640e-01 9.6517490e-01 1.1007742e+00
-9.9369369e+00 8.3769501e-01 9.7083767e-01 1.1059614e+00
-9.9279279e+00 8.4312441e-01 9.7553599e-01 1.1109827e+00
-9.9189189e+00 8.4746956e-01 9.8019239e-01 1.1156752e+00
-9.9099099e+00 8.5160120e-01 9.8433969e-01 1.1194532e+00
-9.9009009e+00 8.5535121e-01 9.8817336e-01 1.1235403e+00
-9.8918919e+00 8.5853137e-01 9.9113401e-01 1.1270407e+00
-9.8828829e+00 8.6158747e-01 9.9370462e-01 1.1296744e+00
-9.8738739e+00 8.6386968e-01 9.9572866e-01 1.1323865e+00
-9.8648649e+00 8.6619263e-01 9.9776523e-01 1.1344813e+00
-9.8558559e+00 8.6756121e-01 9.9916312e-01 1.1364577e+00
-9.8468468e+00 8.6850714e-01 9.9948556e-01 1.1370029e+00
-9.8378378e+00 8.6932111e-01 9.9997018e-01 1.1371849e+00
-9.8288288e+00 8.6907953e-01 1.0000000e+00 1.1374634e+00
-9.8198198e+00 8.6821532e-01 9.9973224e-01 1.1371056e+00
-9.8108108e+00 8.6704239e-01 9.9867030e-01 1.1360145e+00
-9.8018018e+00 8.6578349e-01 9.9725163e-01 1.1344921e+00
-9.7927928e+00 8.6385814e-01 9.9565062e-01 1.1326720e+00
-9.7837838e+00 8.6139772e-01 9.9331428e-01 1.1306043e+00
-9.7747748e+00 8.5864310e-01 9.9036121e-01 1.1274180e+00
-9.7657658e+00 8.5525532e-01 9.8702007e-01 1.1249942e+00
-9.7567568e+00 8.5152837e-01 9.8352947e-01 1.1214776e+00
-9.7477477e+00 8.4730152e-01 9.7974239e-01 1.1176790e+00
-9.7387387e+00 8.4244852e-01 9.7532859e-01 1.1133875e+00
-9.7297297e+00 8.3723970e-01 9.6997315e-01 1.1085262e+00
-9.7207207e+00 8.3193898e-01 9.6463482e-01 1.1031026e+00
-9.7117117e+00 8.2637599e-01 9.5865356e-01 1.0970709e+00
-9.7027027e+00 8.2040895e-01 9.5201062e-01 1.0909409e+00
-9.6936937e+00 8.1348527e-01 9.4546109e-01 1.0835951e+00
-9.6846847e+00 8.0626467e-01 9.3819233e-01 1.0764540e+00
-9.6756757e+00 7.9838014e-01 9.3012659e-01 1.0686746e+00
-9.6666667e+00 7.9026414e-01 9.2183095e-01 1.0604417e+00
-9.6576577e+00 7.8244863e-01 9.1307916e-01 1.0519686e+00
-9.6486486e+00 7.7395850e-01 9.0432347e-01 1.0430739e+00
-9.6396396e+00 7.6503214e-01 8.9551661e-01 1.0335419e+00
-9.6306306e+00 7.5578358e-01 8.8604053e-01 1.0241221e+00
-9.6216216e+00 7.4588556e-01 8.7596396e-01 1.0142694e+00
-9.6126126e+00 7.3577481e-01 8.6598246e-01 1.0037495e+00
-9.6036036e+00 7.2537748e-01 8.5563482e-01 9.9291471e-01
-9.5945946e+00 7.1519410e-01 8.4512499e-01 9.8215500e-01
-9.5855856e+00 7.0378551e-01 8.3424805e-01 9.7033216e-01
-9.5765766e+00 6.9286813e-01 8.2296352e-01 9.5891566e-01
-9.5675676e+00 6.8132991e-01 8.1181548e-01 9.4681902e-01
-9.5585586e+00 6.7007146e-01 7.9995659e-01 9.3453081e-01
-9.5495495e+00 6.5861091e-01 7.8782410e-01 9.2197118e-01
-9.5405405e+00 6.4738220e-01 7.7596387e-01 9.0926471e-01
-9.5315315e+00 6.3556702e-01 7.6376920e-01 8.9642478e-01
-9.5225225e+00 6.2356692e-01 7.5109091e-01 8.8362755e-01
-9.5135135e+00 6.1144999e-01 7.3843898e-01 8.7041503e-01
-9.5045045e+00 5.9903697e-01 7.2587501e-01 8.5719744e-01
-9.4954955e+00 5.8687122e-01 7.1292029e-01 8.4393694e-01
-9.4864865e+00 5.7467037e-01 6.9976999e-01 8.3011918e-01
-9.4774775e+00 5.6235479e-01 6.8653215e-01 8.1631169e-01
-9.4684685e+00 5.5000536e-01 6.7360598e-01 8.0252603e-01
-9.4594595e+00 5.3790154e-01 6.6020534e-01 7.8838977e-01
-9.4504505e+00 5.2570359e-01 6.4680921e-01 7.7522170e-01
-9.4414414e+00 5.1300049e-01 6.3314407e-01 7.6101027e-01
-9.4324324e+00 5.0114160e-01 6.1961249e-01 7.4685509e-01
-9.4234234e+00 4.8891490e-01 6.0653604e-01 7.3281633e-01
-9.4144144e+00 4.7648972e-01 5.9310599e-01 7.1892859e-01
-9.4054054e+00 4.6476277e-01 5.8032007e-01 7.0531800e-01
-9.3963964e+00 4.5296528e-01 5.6750025e-01 6.9164413e-01
-9.3873874e+00 4.4152017e-01 5.5475796e-01 6.7795721e-01
-9.3783784e+00 4.2971569e-01 5.4195880e-01 6.6438856e-01
-9.3693694e+00 4.1819770e-01 5.2901603e-01 6.5089089e-01
-9.3603604e+00 4.0647568e-01 5.1619080e-01 6.3757141e-01
-9.3513514e+00 3.9543208e-01 5.0399587e-01 6.2432073e-01
-9.3423423e+00 3.8422440e-01 4.9158393e-01 6.1121708e-01
-9.3333333e+00 3.7307958e-01 4.7943973e-01 5.9815575e-01
-9.3243243e+00 3.6244708e-01 4.6716958e-01 5.8547604e-01
-9.3153153e+00 3.5140814e-01 4.5566892e-01 5.7293463e-01
-9.3063063e+00 3.4090093e-01 4.4443798e-01 5.6007022e-01
-9.2972973e+00 3.3094151e-01 4.3324081e-01 5.4742994e-01
-9.2882883e+00 3.2118132e-01 4.2195239e-01 5.3520971e-01
-9.2792793e+00 3.1140197e-01 4.1097127e-01 5.2354818e-01
-9.2702703e+00 3.0167865e-01 4.0031403e-01 5.1196175e-01
-9.2612613e+00 2.9247107e-01 3.8972385e-01 5.0062178e-01
-9.2522523e+00 2.8319287e-01 3.7981524e-01 4.8938183e-01
-9.2432432e+00 2.7386017e-01 3.6998565e-01 4.7859914e-01
-9.2342342e+00 2.6500832e-01 3.6045809e-01 4.6817666e-01
-9.2252252e+00 2.5650893e-01 3.5109040e-01 4.5810386e-01
-9.2162162e+00 2.4805517e-01 3.4203461e-01 4.4793076e-01
-9.2072072e+00 2.4006491e-01 3.3296629e-01 4.3789309e-01
-9.1981982e+00 2.3233172e-01 3.2398145e-01 4.2833395e-01
-9.1891892e+00 2.2446885e-01 3.1523384e-01 4.1920441e-01
-9.1801802e+00 2.1689672e-01 3.0692902e-01 4.1005362e-01
-9.1711712e+00 2.0970878e-01 2.9872234e-01 4.0067471e-01
-9.1621622e+00 2.0271089e-01 2.9060702e-01 3.9181581e-01
-9.1531532e+00 1.9605050e-01 2.8278346e-01 3.8322627e-01
-9.1441441e+00 1.8951614e-01 2.7536469e-01 3.7518446e-01
-9.1351351e+00 1.8315256e-01 2.6818760e-01 3.6699974e-01
-9.1261261e+00 1.7707042e-01 2.6121403e-01 3.5910290e-01
-9.1171171e+00 1.7106992e-01 2.5416720e-01 3.5192287e-01
-9.1081081e+00 1.6527589e-01 2.4758777e-01 3.4441601e-01
-9.0990991e+00 1.5953278e-01 2.4126260e-01 3.3712920e-01
-9.0900901e+00 1.5418220e-01 2.3512826e-01 3.3024325e-01
-9.0810811e+00 1.4909577e-01 2.2922155e-01 3.2335589e-01
-9.0720721e+00 1.4400553e-01 2.2344610e-01 3.1681774e-01
-9.0630631e+00 1.3918865e-01 2.1774131e-01 3.1020633e-01
-9.0540541e+00 1.3443980e-01 2.1210464e-01 3.0423727e-01
-9.0450450e+00 1.2965967e-01 2.0687269e-01 2.9844883e-01
-9.0360360e+00 1.2535889e-01 2.0171524e-01 2.9267981e-01
-9.0270270e+00 1.2099937e-01 1.9677165e-01 2.8698849e-01
-9.0180180e+00 1.1684389e-01 1.9173582e-01 2.8154306e-01
-9.0090090e+00 1.1290800e-01 1.8692631e-01 2.7630533e-01
-9.0000000e+00 1.0927500e-01 1.8222314e-01 2.7121066e-01
-8.9909910e+00 1.0570419e-01 1.7764332e-01 2.6605736e-01
-8.9819820e+00 1.0228721e-01 1.7333115e-01 2.6101211e-01
-8.9729730e+00 9.8868054e-02 1.6911372e-01 2.5603220e-01
-8.9639640e+00 9.5551584e-02 1.6489661e-01 2.5112840e-01
-8.9549550e+00 9.2368068e-02 1.6104399e-01 2.4664130e-01
-8.9459459e+00 8.9210009e-02 1.5716158e-01 2.4242235e-01
-8.9369369e+00 8.6254649e-02 1.5322783e-01 2.3827376e-01
-8.9279279e+00 8.3335200e-02 1.4965682e-01 2.3429547e-01
-8.9189189e+00 8.0606995e-02 1.4604875e-01 2.3041211e-01
-8.9099099e+00 7.7800202e-02 1.4277651e-01 2.2660500e-01
-8.9009009e+00 7.5201018e-02 1.3931285e-01 2.2295614e-01
-8.8918919e+00 7.2677041e-02 1.3620134e-01 2.1935104e-01
-8.8828829e+00 7.0455898e-02 1.3323446e-01 2.1586197e-01
-8.8738739e+00 6.8099857e-02 1.3011572e-01 2.1241435e-01
-8.8648649e+00 6.6085857e-02 1.2729697e-01 2.0885025e-01
-8.8558559e+00 6.3798320e-02 1.2452781e-01 2.0584863e-01
-8.8468468e+00 6.1657541e-02 1.2199490e-01 2.0265849e-01
-8.8378378e+00 5.9642490e-02 1.1932206e-01 1.9955143e-01
-8.8288288e+00 5.7606038e-02 1.1684256e-01 1.9659666e-01
-8.8198198e+00 5.5582654e-02 1.1443849e-01 1.9360368e-01
-8.8108108e+00 5.3933349e-02 1.1188287e-01 1.9089727e-01
-8.8018018e+00 5.2193132e-02 1.0956652e-01 1.8836389e-01
-8.7927928e+00 5.0474742e-02 1.0745957e-01 1.8553684e-01
-8.7837838e+00 4.8808958e-02 1.0520756e-01 1.8283272e-01
-8.7747748e+00 4.7284350e-02 1.0316322e-01 1.8012676e-01
-8.7657658e+00 4.5771640e-02 1.0097506e-01 1.7755689e-01
-8.7567568e+00 4.4519370e-02 9.9051056e-02 1.7503639e-01
-8.7477477e+00 4.3176082e-02 9.7195264e-02 1.7273427e-01
-8.7387387e+00 4.1752072e-02 9.5212582e-02 1.7038060e-01
-8.7297297e+00 4.0629764e-02 9.3432359e-02 1.6810563e-01
-8.7207207e+00 3.9513784e-02 9.1621952e-02 1.6571704e-01
-8.7117117e+00 3.8544635e-02 8.9953641e-02 1.6389730e-01
-8.7027027e+00 3.7471751e-02 8.8341624e-02 1.6175476e-01
-8.6936937e+00 3.6390485e-02 8.6686705e-02 1.5971271e-01
-8.6846847e+00 3.5407116e-02 8.5303220e-02 1.5789390e-01
-8.6756757e+00 3.4453166e-02 8.3783907e-02 1.5611210e-01
-8.6666667e+00 3.3476771e-02 8.2425360e-02 1.5426395e-01
-8.6576577e+00 3.2531631e-02 8.1111959e-02 1.5218982e-01
-8.6486486e+00 3.1426364e-02 7.9640274e-02 1.5073890e-01
-8.6396396e+00 3.0464552e-02 7.8309353e-02 1.4894864e-01
-8.6306306e+00 2.9426121e-02 7.7082626e-02 1.4770562e-01
-8.6216216e+00 2.8527966e-02 7.5907952e-02 1.4599402e-01
-8.6126126e+00 2.7631128e-02 7.4556522e-02 1.4422814e-01
-8.6036036e+00 2.6764932e-02 7.3343777e-02 1.4272221e-01
-8.5945946e+00 2.5873884e-02 7.2324464e-02 1.4120918e-01
-8.5855856e+00 2.4997395e-02 7.1116222e-02 1.3952988e-01
-8.5765766e+00 2.4172691e-02 7.0013719e-02 1.3816936e-01
-8.5675676e+00 2.3397445e-02 6.8847608e-02 1.3679715e-01
-8.5585586e+00 2.2578986e-02 6.7761115e-02 1.3519828e-01
-8.5495495e+00 2.1862177e-02 6.6821825e-02 1.3399201e-01
-8.5405405e+00 2.1081266e-02 6.5813781e-02 1.3261219e-01
-8.5315315e+00 2.0383614e-02 6.4815495e-02 1.3112680e-01
-8.5225225e+00 1.9711691e-02 6.3700709e-02 1.2999728e-01
-8.5135135e+00 1.9155358e-02 6.2744624e-02 1.2874331e-01
-8.5045045e+00 1.8503099e-02 6.1710989e-02 1.2769708e-01
-8.4954955e+00 1.7832802e-02 6.0889375e-02 1.2642386e-01
-8.4864865e+00 1.7244697e-02 5.9948848e-02 1.2530891e-01
-8.4774775e+00 1.6543093e-02 5.9098804e-02 1.2399558e-01
-8.4684685e+00 1.6083603e-02 5.8254787e-02 1.2281159e-01
-8.4594595e+00 1.5526158e-02 5.7437685e-02 1.2172881e-01
-8.4504505e+00 1.4954664e-02 5.6529971e-02 1.2085898e-01
-8.4414414e+00 1.4321686e-02 5.5782763e-02 1.1986973e-01
-8.4324324e+00 1.3908754e-02 5.4946747e-02 1.1896014e-01
-8.4234234e+00 1.3446783e-02 5.4206241e-02 1.1814382e-01
-8.4144144e+00 1.2923892e-02 5.3406749e-02 1.1717824e-01
-8.4054054e+00 1.2517153e-02 5.2596226e-02 1.1640850e-01
-8.3963964e+00 1.2099747e-02 5.1965916e-02 1.1583666e-01
-8.3873874e+00 1.1640661e-02 5.1245681e-02 1.1517774e-01
-8.3783784e+00 1.1210378e-02 5.0463966e-02 1.1440600e-01
-8.3693694e+00 1.0801933e-02 4.9848786e-02 1.1356786e-01
-8.3603604e+00 1.0389092e-02 4.9042915e-02 1.1307495e-01
-8.3513514e+00 1.0023626e-02 4.8419666e-02 1.1233152e-01
-8.3423423e+00 9.5981197e-03 4.7821025e-02 1.1153161e-01
-8.3333333e+00 9.2449378e-03 4.7235918e-02 1.1081415e-01
-8.3243243e+00 8.9425667e-03 4.6566893e-02 1.1023815e-01
-8.3153153e+00 8.5703698e-03 4.5992262e-02 1.0956622e-01
-8.3063063e+00 8.3046554e-03 4.5390220e-02 1.0897163e-01
-8.2972973e+00 7.9919365e-03 4.4804819e-02 1.0848408e-01
-8.2882883e+00 7.6577255e-03 4.4256489e-02 1.0772895e-01
-8.2792793e+00 7.3408470e-03 4.3701298e-02 1.0696836e-01
-8.2702703e+00 7.0511509e-03 4.3141627e-02 1.0619865e-01
-8.2612613e+00 6.7568428e-03 4.2638476e-02 1.0559158e-01
-8.2522523e+00 6.4586011e-03 4.2190853e-02 1.0519447e-01
-8.2432432e+00 6.1557120e-03 4.1798118e-02 1.0454869e-01
-8.2342342e+00 5.8374710e-03 4.1398065e-02 1.0395195e-01
-8.2252252e+00 5.6275549e-03 4.1057976e-02 1.0335457e-01
-8.2162162e+00 5.4297549e-03 4.0650334e-02 1.0258489e-01
-8.2072072e+00 5.2496654e-03 4.0245081e-02 1.0210970e-01
-8.1981982e+00 5.0263589e-03 3.9906192e-02 1.0134111e-01
-8.1891892e+00 4.7935758e-03 3.9518008e-02 1.0084102e-01
-8.1801802e+00 4.6034295e-03 3.9219505e-02 1.0024768e-01
-8.1711712e+00 4.3747715e-03 3.8987462e-02 9.9506180e-02
-8.1621622e+00 4.2059678e-03 3.8792396e-02 9.8844493e-02
-8.1531532e+00 4.0267411e-03 3.8697355e-02 9.8699193e-02
-8.1441441e+00 3.8613139e-03 3.8558517e-02 9.7932129e-02
-8.1351351e+00 3.6656644e-03 3.8399459e-02 9.7364336e-02
-8.1261261e+00 3.5045817e-03 3.8208804e-02 9.6472888e-02
-8.1171171e+00 3.3521269e-03 3.7979346e-02 9.6044768e-02
-8.1081081e+00 3.2010750e-03 3.7737947e-02 9.5666145e-02
-8.0990991e+00 3.0666207e-03 3.7405882e-02 9.5126116e-02
-8.0900901e+00 2.9198436e-03 3.7148884e-02 9.4546320e-02
-8.0810811e+00 2.7986908e-03 3.6918040e-02 9.4185940e-02
-8.0720721e+00 2.6860906e-03 3.6593729e-02 9.3571664e-02
-8.0630631e+00 2.5702387e-03 3.6308000e-02 9.2946726e-02
-8.0540541e+00 2.4545182e-03 3.5974669e-02 9.2491079e-02
-8.0450450e+00 2.3448011e-03 3.5745269e-02 9.1973498e-02
-8.0360360e+00 2.2391878e-03 3.5392626e-02 9.1507772e-02
-8.0270270e+00 2.1279871e-03 3.5166715e-02 9.1071385e-02
-8.0180180e+00 2.0463479e-03 3.4811379e-02 9.0494131e-02
-8.0090090e+00 1.9526128e-03 3.4568305e-02 9.0032861e-02
-8.0000000e+00 1.8732406e-03 3.4269200e-02 8.9895058e-02
-7.9909910e+00 1.7872718e-03 3.3977690e-02 8.9528192e-02
-7.9819820e+00 1.7142387e-03 3.3597197e-02 8.8824276e-02
-7.9729730e+00 1.6098923e-03 3.3282107e-02 8.8250347e-02
-7.9639640e+00 1.5226762e-03 3.2987443e-02 8.7851304e-02
-7.9549550e+00 1.4386438e-03 3.2631769e-02 8.7522483e-02
-7.9459459e+00 1.3646397e-03 3.2334277e-02 8.6904590e-02
-7.9369369e+00 1.2980006e-03 3.2037817e-02 8.6424087e-02
-7.9279279e+00 1.2208045e-03 3.1745323e-02 8.6095179e-02
-7.9189189e+00 1.1673367e-03 3.1522429e-02 8.5462992e-02
-7.9099099e+00 1.1060038e-03 3.1263653e-02 8.5030368e-02
-7.9009009e+00 1.0421998e-03 3.0880372e-02 8.4536120e-02
-7.8918919e+00 9.8407808e-04 3.0666227e-02 8.4150973e-02
-7.8828829e+00 9.4116130e-04 3.0435969e-02 8.3560361e-02
-7.8738739e+00 8.9318666e-04 3.0168762e-02 8.3199167e-02
-7.8648649e+00 8.6130135e-04 2.9828596e-02 8.2878528e-02
-7.8558559e+00 8.2588642e-04 2.9565656e-02 8.2382559e-02
-7.8468468e+00 7.8150946e-04 2.9261677e-02 8.2139414e-02
-7.8378378e+00 7.3986289e-04 2.8970952e-02 8.1737440e-02
-7.8288288e+00 7.0127346e-04 2.8649149e-02 8.1192083e-02
-7.8198198e+00 6.6498952e-04 2.8383364e-02 8.0745169e-02
-7.8108108e+00 6.2956470e-04 2.8011835e-02 8.0389261e-02
-7.8018018e+00 6.0411028e-04 2.7699811e-02 7.9859462e-02
-7.7927928e+00 5.6530702e-04 2.7348618e-02 7.9395914e-02
-7.7837838e+00 5.3960566e-04 2.7080284e-02 7.8825193e-02
-7.7747748e+00 5.0951129e-04 2.6769563e-02 7.8318626e-02
-7.7657658e+00 4.8049703e-04 2.6584034e-02 7.8035709e-02
-7.7567568e+00 4.6269265e-04 2.6356055e-02 7.7879351e-02
-7.7477477e+00 4.3311508e-04 2.6197506e-02 7.7534233e-02
-7.7387387e+00 4.1255961e-04 2.5893246e-02 7.7385632e-02
-7.7297297e+00 3.9187099e-04 2.5607451e-02 7.7218790e-02
-7.7207207e+00 3.6921978e-04 2.5339264e-02 7.6975835e-02
-7.7117117e+00 3.5259423e-04 2.4967207e-02 7.6786591e-02
-7.7027027e+00 3.3026237e-04 2.4661009e-02 7.6545248e-02
-7.6936937e+00 3.1322177e-04 2.4479635e-02 7.6256690e-02
-7.6846847e+00 2.9001071e-04 2.4278366e-02 7.5949156e-02
-7.6756757e+00 2.7485924e-04 2.3922896e-02 7.5689202e-02
-7.6666667e+00 2.6167049e-04 2.3578317e-02 7.5367846e-02
-7.6576577e+00 2.4957651e-04 2.3420194e-02 7.5103420e-02
-7.6486486e+00 2.3774341e-04 2.3058131e-02 7.4974251e-02
-7.6396396e+00 2.2209881e-04 2.2790260e-02 7.4784195e-02
-7.6306306e+00 2.0946660e-04 2.2543013e-02 7.4562098e-02
-7.6216216e+00 1.9785489e-04 2.2232447e-02 7.4409887e-02
-7.6126126e+00 1.8960285e-04 2.1954668e-02 7.4111588e-02
-7.6036036e+00 1.8118128e-04 2.1722422e-02 7.3709099e-02
-7.5945946e+00 1.7025397e-04 2.1314786e-02 7.3449904e-02
-7.5855856e+00 1.6079540e-04 2.0891654e-02 7.3148397e-02
-7.5765766e+00 1.4911164e-04 2.0686442e-02 7.3025786e-02
-7.5675676e+00 1.4338469e-04 2.0489949e-02 7.2633786e-02
-7.5585586e+00 1.3739652e-04 2.0164170e-02 7.2277620e-02
-7.5495495e+00 1.2977164e-04 1.9936960e-02 7.1890184e-02
-7.5405405e+00 1.2205475e-04 1.9715663e-02 7.1456583e-02
-7.5315315e+00 1.1759400e-04 1.9406025e-02 7.1078515e-02
-7.5225225e+00 1.1174287e-04 1.9166537e-02 7.1034361e-02
-7.5135135e+00 1.0450891e-04 1.8926100e-02 7.0557781e-02
-7.5045045e+00 9.8476312e-05 1.8737257e-02 7.0253258e-02
-7.4954955e+00 9.1480029e-05 1.8459060e-02 6.9988098e-02
-7.4864865e+00 8.5739683e-05 1.8216214e-02 6.9678585e-02
-7.4774775e+00 8.1771237e-05 1.7973895e-02 6.9268782e-02
-7.4684685e+00 7.7234155e-05 1.7771096e-02 6.9152539e-02
-7.4594595e+00 7.2881969e-05 1.7520105e-02 6.8776967e-02
-7.4504505e+00 6.7850091e-05 1.7177424e-02 6.8386004e-02
-7.4414414e+00 6.3820762e-05 1.6988907e-02 6.8261483e-02
-7.4324324e+00 5.9531783e-05 1.6846462e-02 6.7912593e-02
-7.4234234e+00 5.5030433e-05 1.6540386e-02 6.7523274e-02
-7.4144144e+00 5.1595310e-05 1.6294953e-02 6.7237550e-02
-7.4054054e+00 4.7930051e-05 1.6156814e-02 6.7180569e-02
-7.3963964e+00 4.5115316e-05 1.6019736e-02 6.6838678e-02
-7.3873874e+00 4.2480696e-05 1.5782084e-02 6.6614156e-02
-7.3783784e+00 3.9408734e-05 1.5533535e-02 6.6381567e-02
-7.3693694e+00 3.7264881e-05 1.5362195e-02 6.6082818e-02
-7.3603604e+00 3.4954119e-05 1.5056727e-02 6.5746941e-02
-7.3513514e+00 3.3553205e-05 1.4898458e-02 6.5655212e-02
-7.3423423e+00 3.0741952e-05 1.4704960e-02 6.5322164e-02
-7.3333333e+00 2.9367038e-05 1.4410867e-02 6.5017966e-02
-7.3243243e+00 2.7715518e-05 1.4213923e-02 6.4955477e-02
-7.3153153e+00 2.6524759e-05 1.4107210e-02 6.4613516e-02
-7.3063063e+00 2.5398384e-05 1.3842217e-02 6.4261413e-02
-7.2972973e+00 2.4010910e-05 1.3765873e-02 6.3946559e-02
-7.2882883e+00 2.2406533e-05 1.3555766e-02 6.3960379e-02
-7.2792793e+00 2.1411606e-05 1.3425851e-02 6.3812127e-02
-7.2702703e+00 1.9917372e-05 1.3192296e-02 6.3627803e-02
-7.2612613e+00 1.8414142e-05 1.3005592e-02 6.3525315e-02
-7.2522523e+00 1.6885160e-05 1.2861788e-02 6.3413429e-02
-7.2432432e+00 1.5517504e-05 1.2687382e-02 6.3245408e-02
-7.2342342e+00 1.4501436e-05 1.2484147e-02 6.2969895e-02
-7.2252252e+00 1.3415477e-05 1.2250511e-02 6.2905722e-02
-7.2162162e+00 1.2514681e-05 1.2055253e-02 6.2521469e-02
-7.2072072e+00 1.1800119e-05 1.1779914e-02 6.2167803e-02
-7.1981982e+00 1.1220052e-05 1.1674485e-02 6.1809351e-02
-7.1891892e+00 1.0690532e-05 1.1496760e-02 6.1313161e-02
-7.1801802e+00 9.9234358e-06 1.1264884e-02 6.1101750e-02
-7.1711712e+00 9.4292142e-06 1.1142172e-02 6.0800874e-02
-7.1621622e+00 8.9075093e-06 1.0908508e-02 6.0512276e-02
-7.1531532e+00 8.4102822e-06 1.0735959e-02 6.0176257e-02
-7.1441441e+00 7.9268221e-06 1.0603432e-02 5.9750868e-02
-7.1351351e+00 7.4806031e-06 1.0459499e-02 5.9398355e-02
-7.1261261e+00 6.9367397e-06 1.0325453e-02 5.9134791e-02
-7.1171171e+00 6.3683967e-06 1.0154261e-02 5.9039948e-02
-7.1081081e+00 5.9623823e-06 1.0005565e-02 5.8657975e-02
-7.0990991e+00 5.6858486e-06 9.8499396e-03 5.8546777e-02
-7.0900901e+00 5.3071837e-06 9.6960159e-03 5.8628575e-02
-7.0810811e+00 5.0091843e-06 9.5915631e-03 5.8632599e-02
-7.0720721e+00 4.5974483e-06 9.4642361e-03 5.8368864e-02
-7.0630631e+00 4.1373659e-06 9.3516410e-03 5.8071164e-02
-7.0540541e+00 3.8138516e-06 9.0853261e-03 5.7747800e-02
-7.0450450e+00 3.4946437e-06 9.0057795e-03 5.7417443e-02
-7.0360360e+00 3.2437836e-06 8.9121474e-03 5.7320313e-02
-7.0270270e+00 3.0472401e-06 8.7584065e-03 5.7266675e-02
-7.0180180e+00 2.8585541e-06 8.5973196e-03 5.6848288e-02
-7.0090090e+00 2.6601425e-06 8.4727269e-03 5.6785678e-02
-7.0000000e+00 2.3931156e-06 8.3307354e-03 5.6281652e-02
-6.9909910e+00 2.2324889e-06 8.1370712e-03 5.6213334e-02
-6.9819820e+00 2.0497158e-06 8.0542067e-03 5.5907216e-02
-6.9729730e+00 1.8308922e-06 7.9705524e-03 5.5512412e-02
-6.9639640e+00 1.6921261e-06 7.8875213e-03 5.5175890e-02
-6.9549550e+00 1.5384554e-06 7.8095483e-03 5.4971661e-02
-6.9459459e+00 1.4083889e-06 7.6206469e-03 5.4569074e-02
-6.9369369e+00 1.2867087e-06 7.5501014e-03 5.4374885e-02
-6.9279279e+00 1.2249304e-06 7.4487159e-03 5.3977017e-02
-6.9189189e+00 1.1181184e-06 7.3560397e-03 5.3732260e-02
-6.9099099e+00 9.9162747e-07 7.2136208e-03 5.3479172e-02
-6.9009009e+00 9.1454961e-07 7.1210380e-03 5.3220690e-02
-6.8918919e+00 8.4287406e-07 7.0312366e-03 5.3032133e-02
-6.8828829e+00 7.7262471e-07 6.9027564e-03 5.2721628e-02
-6.8738739e+00 7.2054894e-07 6.8000119e-03 5.2561450e-02
-6.8648649e+00 6.4817759e-07 6.6750123e-03 5.2458319e-02
-6.8558559e+00 5.8238735e-07 6.5864825e-03 5.2264138e-02
-6.8468468e+00 5.2357739e-07 6.5295462e-03 5.1857576e-02
-6.8378378e+00 4.8533005e-07 6.4345972e-03 5.1487813e-02
-6.8288288e+00 4.3759629e-07 6.3356826e-03 5.1197640e-02
-6.8198198e+00 3.8775640e-07 6.1869210e-03 5.0982121e-02
-6.8108108e+00 3.3619776e-07 6.1065497e-03 5.0736769e-02
-6.8018018e+00 2.9483889e-07 6.0298756e-03 5.0288377e-02
-6.7927928e+00 2.5948192e-07 5.9414158e-03 5.0275180e-02
-6.7837838e+00 2.2556021e-07 5.8662818e-03 4.9946271e-02
-6.7747748e+00 2.0345721e-07 5.7674084e-03 4.9575860e-02
-6.7657658e+00 1.7663574e-07 5.6674436e-03 4.9281476e-02
-6.7567568e+00 1.5743695e-07 5.6026626e-03 4.9128914e-02
-6.7477477e+00 1.3880592e-07 5.4830715e-03 4.8795259e-02
-6.7387387e+00 1.2061196e-07 5.3473119e-03 4.8648726e-02
-6.7297297e+00 1.0697898e-07 5.2443256e-03 4.8534778e-02
-6.7207207e+00 9.1025387e-08 5.1172620e-03 4.8211670e-02
-6.7117117e+00 7.9673338e-08 5.0125559e-03 4.7987438e-02
-6.7027027e+00 7.0211981e-08 4.9287499e-03 4.7673488e-02
-6.6936937e+00 5.8601890e-08 4.8504837e-03 4.7674795e-02
-6.6846847e+00 4.9524311e-08 4.7401957e-03 4.7161286e-02
-6.6756757e+00 4.3535649e-08 4.6610795e-03 4.7223286e-02
-6.6666667e+00 3.8014734e-08 4.5598947e-03 4.7112364e-02
-6.6576577e+00 3.2291190e-08 4.4302696e-03 4.6757831e-02
-6.6486486e+00 2.7618527e-08 4.3743721e-03 4.6610756e-02
-6.6396396e+00 2.3727362e-08 4.2860912e-03 4.6227635e-02
-6.6306306e+00 1.9894289e-08 4.2047832e-03 4.6097735e-02
-6.6216216e+00 1.6946106e-08 4.0725312e-03 4.5868331e-02
-6.6126126e+00 1.4263451e-08 3.9737828e-03 4.5728424e-02
-6.6036036e+00 1.2297617e-08 3.8630766e-03 4.5668773e-02
-6.5945946e+00 1.0463924e-08 3.7871822e-03 4.5492571e-02
-6.5855856e+00 8.9321776e-09 3.6988158e-03 4.5196368e-02
-6.5765766e+00 7.2817899e-09 3.6228734e-03 4.5067254e-02
-6.5675676e+00 6.1319324e-09 3.4792249e-03 4.4900998e-02
-6.5585586e+00 5.1817600e-09 3.3915219e-03 4.4649436e-02
-6.5495495e+00 4.3600491e-09 3.2900532e-03 4.4305639e-02
-6.5405405e+00 3.6481873e-09 3.2164881e-03 4.4033335e-02
-6.5315315e+00 3.0739039e-09 3.1673166e-03 4.3779773e-02
-6.5225225e+00 2.5854587e-09 3.1176860e-03 4.3351457e-02
-6.5135135e+00 2.1102610e-09 3.0338198e-03 4.2980899e-02
-6.5045045e+00 1.7096176e-09 2.9254634e-03 4.2759885e-02
-6.4954955e+00 1.4206281e-09 2.8493385e-03 4.2597138e-02
-6.4864865e+00 1.2033412e-09 2.7481616e-03 4.2327318e-02
-6.4774775e+00 9.6785914e-10 2.6607469e-03 4.1917195e-02
-6.4684685e+00 7.8707273e-10 2.5910083e-03 4.1764678e-02
-6.4594595e+00 6.3010260e-10 2.5170046e-03 4.1567390e-02
-6.4504505e+00 5.2691048e-10 2.4650551e-03 4.1311684e-02
-6.4414414e+00 4.3509434e-10 2.3863036e-03 4.1012180e-02
-6.4324324e+00 3.4387997e-10 2.3333280e-03 4.0720636e-02
-6.4234234e+00 2.7272324e-10 2.2679121e-03 4.0520968e-02
-6.4144144e+00 2.1643792e-10 2.1921262e-03 4.0409081e-02
-6.4054054e+00 1.7652910e-10 2.1187113e-03 4.0039321e-02
-6.3963964e+00 1.3920427e-10 2.0589962e-03 3.9862468e-02
-6.3873874e+00 1.0992183e-10 1.9870203e-03 3.9671715e-02
-6.3783784e+00 8.5338176e-11 1.9076094e-03 3.9348606e-02
-6.3693694e+00 6.7710153e-11 1.8118267e-03 3.9171123e-02
-6.3603604e+00 5.2871385e-11 1.7256857e-03 3.9042651e-02
-6.3513514e+00 4.0999647e-11 1.6693519e-03 3.8939004e-02
-6.3423423e+00 3.2284389e-11 1.5982898e-03 3.8802362e-02
-6.3333333e+00 2.5246131e-11 1.5258213e-03 3.8755180e-02
-6.3243243e+00 1.9667048e-11 1.4471165e-03 3.8753080e-02
-6.3153153e+00 1.5025583e-11 1.3764814e-03 3.8740512e-02
-6.3063063e+00 1.1562422e-11 1.3105730e-03 3.8720322e-02
-6.2972973e+00 8.8404379e-12 1.2438507e-03 3.8698681e-02
-6.2882883e+00 6.9147078e-12 1.1832866e-03 3.8660884e-02
-6.2792793e+00 5.4345460e-12 1.1378076e-03 3.8626835e-02
-6.2702703e+00 4.0994084e-12 1.0831137e-03 3.8605406e-02
-6.2612613e+00 3.1979795e-12 1.0251818e-03 3.8552394e-02
-6.2522523e+00 2.5255111e-12 9.6744580e-04 3.8517376e-02
-6.2432432e+00 1.9663137e-12 9.0865886e-04 3.8428882e-02
-6.2342342e+00 1.5033302e-12 8.6762446e-04 3.8385547e-02
-6.2252252e+00 1.1431387e-12 8.2061284e-04 3.8316221e-02
-6.2162162e+00 8.5805973e-13 7.6859406e-04 3.8302673e-02
-6.2072072e+00 6.6706387e-13 7.1584324e-04 3.8285354e-02
-6.1981982e+00 5.0538746e-13 6.7416243e-04 3.8286313e-02
-6.1891892e+00 3.8296773e-13 6.2885582e-04 3.8155944e-02
-6.1801802e+00 2.8938076e-13 5.9311664e-04 3.8073458e-02
-6.1711712e+00 2.2166048e-13 5.6002851e-04 3.8002288e-02
-6.1621622e+00 1.6766669e-13 5.2391777e-04 3.7934000e-02
-6.1531532e+00 1.2461386e-13 4.9052947e-04 3.7803964e-02
-6.1441441e+00 9.4508974e-14 4.5541210e-04 3.7665660e-02
-6.1351351e+00 7.0533237e-14 4.2391315e-04 3.7570703e-02
-6.1261261e+00 5.1886386e-14 3.9397064e-04 3.7427948e-02
-6.1171171e+00 3.9458012e-14 3.6554681e-04 3.7308225e-02
-6.1081081e+00 3.0066548e-14 3.3860426e-04 3.7266489e-02
-6.0990991e+00 2.2546146e-14 3.1083731e-04 3.7128154e-02
-6.0900901e+00 1.6524160e-14 2.8928658e-04 3.6961648e-02
-6.0810811e+00 1.2119007e-14 2.6381893e-04 3.6792704e-02
-6.0720721e+00 8.9396527e-15 2.3944807e-04 3.6620879e-02
-6.0630631e+00 6.6284308e-15 2.1934288e-04 3.6413091e-02
-6.0540541e+00 4.8626249e-15 1.9924040e-04 3.6294917e-02
-6.0450450e+00 3.5455748e-15 1.8498196e-04 3.6181245e-02
-6.0360360e+00 2.5661039e-15 1.6757290e-04 3.6008507e-02
-6.0270270e+00 1.8466213e-15 1.5227794e-04 3.5839518e-02
-6.0180180e+00 1.3240386e-15 1.4032325e-04 3.5674502e-02
-6.0090090e+00 9.4934192e-16 1.2699993e-04 3.5576427e-02
-6.0000000e+00 6.8470524e-16 1.1449730e-04 3.5402417e-02
-5.9909910e+00 4.9217272e-16 1.0480810e-04 3.5216682e-02
-5.9819820e+00 3.5829263e-16 9.4799197e-05 3.5089760e-02
-5.9729730e+00 2.5535261e-16 8.4891908e-05 3.4899711e-02
-5.9639640e+00 1.8572327e-16 7.5680716e-05 3.4670731e-02
-5.9549550e+00 1.3207210e-16 6.7408059e-05 3.4428517e-02
-5.9459459e+00 9.3852785e-17 5.9334120e-05 3.4101066e-02
-5.9369369e+00 6.6928008e-17 5.3347264e-05 3.3731999e-02
-5.9279279e+00 4.7696802e-17 4.8155638e-05 3.3416801e-02
-5.9189189e+00 3.3613896e-17 4.2709913e-05 3.3224428e-02
-5.9099099e+00 2.3851024e-17 3.8173280e-05 3.2828977e-02
-5.9009009e+00 1.6908839e-17 3.3591905e-05 3.2341726e-02
-5.8918919e+00 1.1863975e-17 2.9565251e-05 3.1950607e-02
-5.8828829e+00 8.5616942e-18 2.6050967e-05 3.1570504e-02
-5.8738739e+00 5.9819660e-18 2.2983369e-05 3.1302422e-02
-5.8648649e+00 4.1721278e-18 2.0042459e-05 3.0931802e-02
-5.8558559e+00 2.9293961e-18 1.7556467e-05 3.0636816e-02
-5.8468468e+00 2.0412835e-18 1.5155323e-05 3.0384793e-02
-5.8378378e+00 1.4162131e-18 1.3359290e-05 2.9833637e-02
-5.8288288e+00 9.7938492e-19 1.1529024e-05 2.9524585e-02
-5.8198198e+00 6.7626366e-19 1.0027135e-05 2.9123484e-02
-5.8108108e+00 4.6668531e-19 8.6114000e-06 2.8747153e-02
-5.8018018e+00 3.2148569e-19 7.3528125e-06 2.8313044e-02
-5.7927928e+00 2.2106939e-19 6.3415631e-06 2.7958730e-02
-5.7837838e+00 1.5243071e-19 5.3880531e-06 2.7345767e-02
-5.7747748e+00 1.0427932e-19 4.6281228e-06 2.6964893e-02
-5.7657658e+00 7.1316608e-20 3.9380431e-06 2.6491684e-02
-5.7567568e+00 4.9013021e-20 3.3278887e-06 2.6082113e-02
-5.7477477e+00 3.3407523e-20 2.8434605e-06 2.5669873e-02
-5.7387387e+00 2.2761747e-20 2.4057998e-06 2.5198315e-02
-5.7297297e+00 1.5389090e-20 2.0798258e-06 2.4674734e-02
-5.7207207e+00 1.0466930e-20 1.7696501e-06 2.4185853e-02
-5.7117117e+00 7.1177129e-21 1.4814979e-06 2.3665062e-02
-5.7027027e+00 4.8005626e-21 1.2532521e-06 2.3205135e-02
-5.6936937e+00 3.2430127e-21 1.0674618e-06 2.2776338e-02
-5.6846847e+00 2.2039826e-21 8.9418347e-07 2.2308973e-02
-5.6756757e+00 1.4811065e-21 7.5027036e-07 2.1587057e-02
-5.6666667e+00 9.9570929e-22 6.1982655e-07 2.0978722e-02
-5.6576577e+00 6.6635252e-22 5.1511827e-07 2.0389300e-02
-5.6486486e+00 4.4532930e-22 4.2896220e-07 1.9820329e-02
-5.6396396e+00 2.9709072e-22 3.5182966e-07 1.9160518e-02
-5.6306306e+00 1.9784609e-22 2.9032616e-07 1.8602762e-02
-5.6216216e+00 1.3138555e-22 2.4239546e-07 1.8176584e-02
-5.6126126e+00 8.7293195e-23 1.9775109e-07 1.7614596e-02
-5.6036036e+00 5.8221093e-23 1.6410082e-07 1.6973879e-02
-5.5945946e+00 3.8508079e-23 1.3606072e-07 1.6455162e-02
-5.5855856e+00 2.5424526e-23 1.1241948e-07 1.6091220e-02
-5.5765766e+00 1.6756502e-23 9.0978988e-08 1.5518122e-02
-5.5675676e+00 1.1158438e-23 7.3671949e-08 1.5071162e-02
-5.5585586e+00 7.3001417e-24 6.0181319e-08 1.4559307e-02
-5.5495495e+00 4.7675114e-24 4.8464737e-08 1.4130517e-02
-5.5405405e+00 3.1127216e-24 3.9684214e-08 1.3535796e-02
-5.5315315e+00 2.0487205e-24 3.2808140e-08 1.3103770e-02
-5.5225225e+00 1.3608576e-24 2.6407936e-08 1.2561808e-02
-5.5135135e+00 8.8541260e-25 2.1252094e-08 1.2008793e-02
-5.5045045e+00 5.7528673e-25 1.7027965e-08 1.1559853e-02
-5.4954955e+00 3.7319135e-25 1.3547862e-08 1.1153439e-02
-5.4864865e+00 2.4166192e-25 1.0812667e-08 1.0750733e-02
-5.4774775e+00 1.5621197e-25 8.6310195e-09 1.0222748e-02
-5.4684685e+00 1.0070225e-25 6.9169349e-09 9.7598017e-03
-5.4594595e+00 6.4712243e-26 5.4889669e-09 9.2464054e-03
-5.4504505e+00 4.1511043e-26 4.3937396e-09 8.8342872e-03
-5.4414414e+00 2.6580964e-26 3.4721762e-09 8.4199397e-03
-5.4324324e+00 1.6990561e-26 2.7556326e-09 8.0247715e-03
-5.4234234e+00 1.0841131e-26 2.1926177e-09 7.6223680e-03
-5.4144144e+00 6.9051225e-27 1.7275388e-09 7.1636895e-03
-5.4054054e+00 4.3903393e-27 1.3627413e-09 6.7421153e-03
-5.3963964e+00 2.7864719e-27 1.0765084e-09 6.3589446e-03
-5.3873874e+00 1.7653921e-27 8.3791747e-10 5.9409447e-03
-5.3783784e+00 1.1164970e-27 6.5519059e-10 5.6099289e-03
-5.3693694e+00 7.0486165e-28 5.0633787e-10 5.2739515e-03
-5.3603604e+00 4.4505547e-28 3.9226465e-10 4.9252832e-03
-5.3513514e+00 2.8059952e-28 3.0516255e-10 4.5594430e-03
-5.3423423e+00 1.7659937e-28 2.3633318e-10 4.2656270e-03
-5.3333333e+00 1.1087356e-28 1.8135641e-10 3.9358197e-03
-5.3243243e+00 6.9449659e-29 1.4039458e-10 3.7043063e-03
-5.3153153e+00 4.3509391e-29 1.0804729e-10 3.4204358e-03
-5.3063063e+00 2.7171540e-29 8.2674230e-11 3.1744184e-03
-5.2972973e+00 1.6938539e-29 6.3404527e-11 2.9328927e-03
-5.2882883e+00 1.0546939e-29 4.8737580e-11 2.7229100e-03
-5.2792793e+00 6.5483464e-30 3.7168621e-11 2.5387043e-03
-5.2702703e+00 4.0492511e-30 2.8175634e-11 2.3671226e-03
-5.2612613e+00 2.5006120e-30 2.1559870e-11 2.1886145e-03
-5.2522523e+00 1.5450466e-30 1.6279009e-11 2.0233174e-03
-5.2432432e+00 9.5294394e-31 1.2612118e-11 1.8510544e-03
-5.2342342e+00 5.8684929e-31 9.5089068e-12 1.6964768e-03
-5.2252252e+00 3.6090112e-31 7.1771680e-12 1.5512197e-03
-5.2162162e+00 2.2155392e-31 5.3985342e-12 1.4107184e-03
-5.2072072e+00 1.3576886e-31 4.1124604e-12 1.2865883e-03
-5.1981982e+00 8.3052065e-32 3.1027856e-12 1.1808690e-03
-5.1891892e+00 5.0662086e-32 2.3324787e-12 1.0675112e-03
-5.1801802e+00 3.0752855e-32 1.7468792e-12 9.6281384e-04
-5.1711712e+00 1.8634539e-32 1.3047850e-12 8.7732414e-04
-5.1621622e+00 1.1306414e-32 9.7425513e-13 7.8575949e-04
-5.1531532e+00 6.8540570e-33 7.2383231e-13 7.0426074e-04
-5.1441441e+00 4.1482240e-33 5.3736238e-13 6.3711585e-04
-5.1351351e+00 2.5061446e-33 3.9722641e-13 5.7403335e-04
-5.1261261e+00 1.5114003e-33 2.9357975e-13 5.1417425e-04
-5.1171171e+00 9.0987619e-34 2.1692955e-13 4.6473699e-04
-5.1081081e+00 5.4667371e-34 1.6030094e-13 4.1237061e-04
-5.0990991e+00 3.2725511e-34 1.1805910e-13 3.6382516e-04
-5.0900901e+00 1.9555765e-34 8.6821894e-14 3.2589027e-04
-5.0810811e+00 1.1681424e-34 6.4016442e-14 2.9045892e-04
-5.0720721e+00 6.9673679e-35 4.6898149e-14 2.5765764e-04
-5.0630631e+00 4.1418508e-35 3.4296460e-14 2.2651602e-04
-5.0540541e+00 2.4518960e-35 2.5108264e-14 2.0225173e-04
-5.0450450e+00 1.4507174e-35 1.8324717e-14 1.7760225e-04
-5.0360360e+00 8.5916398e-36 1.3329182e-14 1.5461917e-04
-5.0270270e+00 5.0764651e-36 9.6788865e-15 1.3599743e-04
-5.0180180e+00 2.9909777e-36 7.0198413e-15 1.1994443e-04
-5.0090090e+00 1.7616452e-36 5.0804774e-15 1.0623892e-04
-5.0000000e+00 1.0358955e-36 3.6698226e-15 9.3929692e-05
