X KDE_INF KDE_MED KDE_SUP
-2.5000000e+01 7.7249069e-06 1.3933564e-05 2.1446279e-05
-2.4984985e+01 8.2733459e-06 1.4905358e-05 2.2930885e-05
-2.4969970e+01 8.8524191e-06 1.5945619e-05 2.4517342e-05
-2.4954955e+01 9.4736471e-06 1.7051961e-05 2.6204286e-05
-2.4939940e+01 1.0138805e-05 1.8231261e-05 2.8015149e-05
-2.4924925e+01 1.0847668e-05 1.9482691e-05 2.9927622e-05
-2.4909910e+01 1.1604207e-05 2.0823945e-05 3.1962972e-05
-2.4894895e+01 1.2407373e-05 2.2251931e-05 3.4141469e-05
-2.4879880e+01 1.3265508e-05 2.3775820e-05 3.6459126e-05
-2.4864865e+01 1.4181958e-05 2.5393342e-05 3.8928200e-05
-2.4849850e+01 1.5153569e-05 2.7118245e-05 4.1538054e-05
-2.4834835e+01 1.6186909e-05 2.8945459e-05 4.4322497e-05
-2.4819820e+01 1.7286015e-05 3.0898493e-05 4.7282598e-05
-2.4804805e+01 1.8464998e-05 3.2968248e-05 5.0427853e-05
-2.4789790e+01 1.9714178e-05 3.5172782e-05 5.3784728e-05
-2.4774775e+01 2.1046365e-05 3.7523316e-05 5.7344764e-05
-2.4759760e+01 2.2463354e-05 4.0028855e-05 6.1100770e-05
-2.4744745e+01 2.3975430e-05 4.2687951e-05 6.5111868e-05
-2.4729730e+01 2.5575085e-05 4.5500180e-05 6.9397069e-05
-2.4714715e+01 2.7278190e-05 4.8498796e-05 7.3931807e-05
-2.4699700e+01 2.9080848e-05 5.1676792e-05 7.8752632e-05
-2.4684685e+01 3.0992137e-05 5.5052314e-05 8.3861356e-05
-2.4669670e+01 3.3033484e-05 5.8630062e-05 8.9270680e-05
-2.4654655e+01 3.5205825e-05 6.2447926e-05 9.5023413e-05
-2.4639640e+01 3.7508500e-05 6.6481675e-05 1.0109333e-04
-2.4624625e+01 3.9942477e-05 7.0765443e-05 1.0756520e-04
-2.4609610e+01 4.2552326e-05 7.5319529e-05 1.1442700e-04
-2.4594595e+01 4.5298365e-05 8.0154094e-05 1.2170506e-04
-2.4579580e+01 4.8214248e-05 8.5240222e-05 1.2941111e-04
-2.4564565e+01 5.1301256e-05 9.0661776e-05 1.3754595e-04
-2.4549550e+01 5.4607139e-05 9.6408344e-05 1.4619561e-04
-2.4534535e+01 5.8099983e-05 1.0251422e-04 1.5535648e-04
-2.4519520e+01 6.1794027e-05 1.0895115e-04 1.6506007e-04
-2.4504505e+01 6.5727622e-05 1.1576995e-04 1.7533704e-04
-2.4489489e+01 6.9880749e-05 1.2300353e-04 1.8614304e-04
-2.4474474e+01 7.4251119e-05 1.3065411e-04 1.9760268e-04
-2.4459459e+01 7.8927072e-05 1.3875257e-04 2.0974327e-04
-2.4444444e+01 8.3882391e-05 1.4731430e-04 2.2256212e-04
-2.4429429e+01 8.9141326e-05 1.5639178e-04 2.3611357e-04
-2.4414414e+01 9.4662469e-05 1.6595946e-04 2.5053771e-04
-2.4399399e+01 1.0052142e-04 1.7611893e-04 2.6569159e-04
-2.4384384e+01 1.0671699e-04 1.8678459e-04 2.8169884e-04
-2.4369369e+01 1.1326255e-04 1.9806306e-04 2.9868129e-04
-2.4354354e+01 1.2023462e-04 2.1007962e-04 3.1661413e-04
-2.4339339e+01 1.2763361e-04 2.2268779e-04 3.3558926e-04
-2.4324324e+01 1.3543630e-04 2.3603432e-04 3.5554496e-04
-2.4309309e+01 1.4367408e-04 2.5019093e-04 3.7674243e-04
-2.4294294e+01 1.5234274e-04 2.6498465e-04 3.9899455e-04
-2.4279279e+01 1.6144144e-04 2.8068478e-04 4.2241449e-04
-2.4264264e+01 1.7109312e-04 2.9730439e-04 4.4711785e-04
-2.4249249e+01 1.8131850e-04 3.1487002e-04 4.7333714e-04
-2.4234234e+01 1.9205980e-04 3.3335285e-04 5.0098460e-04
-2.4219219e+01 2.0332966e-04 3.5286250e-04 5.3010855e-04
-2.4204204e+01 2.1530603e-04 3.7339188e-04 5.6067695e-04
-2.4189189e+01 2.2795406e-04 3.9512280e-04 5.9307365e-04
-2.4174174e+01 2.4127825e-04 4.1794131e-04 6.2695763e-04
-2.4159159e+01 2.5532851e-04 4.4213727e-04 6.6281842e-04
-2.4144144e+01 2.7014456e-04 4.6739741e-04 7.0043053e-04
-2.4129129e+01 2.8568720e-04 4.9412817e-04 7.4021936e-04
-2.4114114e+01 3.0202467e-04 5.2223085e-04 7.8226563e-04
-2.4099099e+01 3.1915713e-04 5.5181547e-04 8.2644049e-04
-2.4084084e+01 3.3747199e-04 5.8303454e-04 8.7263483e-04
-2.4069069e+01 3.5676862e-04 6.1586068e-04 9.2131164e-04
-2.4054054e+01 3.7711216e-04 6.5023951e-04 9.7242980e-04
-2.4039039e+01 3.9853192e-04 6.8646084e-04 1.0262954e-03
-2.4024024e+01 4.2099067e-04 7.2455363e-04 1.0829706e-03
-2.4009009e+01 4.4465733e-04 7.6455494e-04 1.1421465e-03
-2.3993994e+01 4.6949458e-04 8.0677009e-04 1.2043181e-03
-2.3978979e+01 4.9557776e-04 8.5107029e-04 1.2696477e-03
-2.3963964e+01 5.2290578e-04 8.9758231e-04 1.3385887e-03
-2.3948949e+01 5.5168633e-04 9.4658157e-04 1.4108970e-03
-2.3933934e+01 5.8225133e-04 9.9786160e-04 1.4866652e-03
-2.3918919e+01 6.1411057e-04 1.0517282e-03 1.5655827e-03
-2.3903904e+01 6.4719974e-04 1.1085311e-03 1.6492649e-03
-2.3888889e+01 6.8224605e-04 1.1677630e-03 1.7367595e-03
-2.3873874e+01 7.1880356e-04 1.2304056e-03 1.8288775e-03
-2.3858859e+01 7.5743416e-04 1.2959382e-03 1.9245691e-03
-2.3843844e+01 7.9776679e-04 1.3642811e-03 2.0250788e-03
-2.3828829e+01 8.4021026e-04 1.4360923e-03 2.1303869e-03
-2.3813814e+01 8.8492335e-04 1.5112869e-03 2.2407758e-03
-2.3798799e+01 9.3151606e-04 1.5898412e-03 2.3574984e-03
-2.3783784e+01 9.8051571e-04 1.6728968e-03 2.4786235e-03
-2.3768769e+01 1.0319539e-03 1.7594069e-03 2.6057902e-03
-2.3753754e+01 1.0856350e-03 1.8499806e-03 2.7388655e-03
-2.3738739e+01 1.1416731e-03 1.9449769e-03 2.8776835e-03
-2.3723724e+01 1.2006547e-03 2.0442867e-03 3.0229121e-03
-2.3708709e+01 1.2625002e-03 2.1483162e-03 3.1758302e-03
-2.3693694e+01 1.3267955e-03 2.2571021e-03 3.3355432e-03
-2.3678679e+01 1.3946180e-03 2.3711948e-03 3.5027076e-03
-2.3663664e+01 1.4656220e-03 2.4906698e-03 3.6766929e-03
-2.3648649e+01 1.5397011e-03 2.6148886e-03 3.8597099e-03
-2.3633634e+01 1.6170112e-03 2.7448001e-03 4.0497461e-03
-2.3618619e+01 1.6975525e-03 2.8812167e-03 4.2484656e-03
-2.3603604e+01 1.7823739e-03 3.0236855e-03 4.4571995e-03
-2.3588589e+01 1.8704679e-03 3.1722328e-03 4.6751860e-03
-2.3573574e+01 1.9629315e-03 3.3267276e-03 4.9009444e-03
-2.3558559e+01 2.0590432e-03 3.4882896e-03 5.1361529e-03
-2.3543544e+01 2.1600982e-03 3.6569144e-03 5.3826956e-03
-2.3528529e+01 2.2652414e-03 3.8338609e-03 5.6399108e-03
-2.3513514e+01 2.3752639e-03 4.0184794e-03 5.9077277e-03
-2.3498498e+01 2.4898896e-03 4.2105675e-03 6.1870212e-03
-2.3483483e+01 2.6094943e-03 4.4106672e-03 6.4765899e-03
-2.3468468e+01 2.7340461e-03 4.6199797e-03 6.7788844e-03
-2.3453453e+01 2.8637179e-03 4.8376345e-03 7.0947613e-03
-2.3438438e+01 2.9998700e-03 5.0645206e-03 7.4254096e-03
-2.3423423e+01 3.1423804e-03 5.3014520e-03 7.7682675e-03
-2.3408408e+01 3.2911308e-03 5.5478776e-03 8.1243480e-03
-2.3393393e+01 3.4453235e-03 5.8041407e-03 8.4950070e-03
-2.3378378e+01 3.6067224e-03 6.0727822e-03 8.8822739e-03
-2.3363363e+01 3.7737398e-03 6.3512037e-03 9.2824385e-03
-2.3348348e+01 3.9480380e-03 6.6402625e-03 9.7012596e-03
-2.3333333e+01 4.1290244e-03 6.9408593e-03 1.0136484e-02
-2.3318318e+01 4.3179597e-03 7.2554835e-03 1.0590242e-02
-2.3303303e+01 4.5144721e-03 7.5819231e-03 1.1058105e-02
-2.3288288e+01 4.7173920e-03 7.9206414e-03 1.1548158e-02
-2.3273273e+01 4.9304939e-03 8.2714613e-03 1.2058581e-02
-2.3258258e+01 5.1515646e-03 8.6400712e-03 1.2587809e-02
-2.3243243e+01 5.3821934e-03 9.0202977e-03 1.3139486e-02
-2.3228228e+01 5.6226391e-03 9.4165060e-03 1.3708966e-02
-2.3213213e+01 5.8686428e-03 9.8271740e-03 1.4306227e-02
-2.3198198e+01 6.1258035e-03 1.0252628e-02 1.4921993e-02
-2.3183183e+01 6.3902798e-03 1.0697079e-02 1.5560902e-02
-2.3168168e+01 6.6689293e-03 1.1154854e-02 1.6219994e-02
-2.3153153e+01 6.9579518e-03 1.1629772e-02 1.6910505e-02
-2.3138138e+01 7.2551995e-03 1.2125894e-02 1.7619641e-02
-2.3123123e+01 7.5669103e-03 1.2638828e-02 1.8358733e-02
-2.3108108e+01 7.8899311e-03 1.3172969e-02 1.9123009e-02
-2.3093093e+01 8.2238645e-03 1.3723800e-02 1.9917951e-02
-2.3078078e+01 8.5655585e-03 1.4291523e-02 2.0738388e-02
-2.3063063e+01 8.9229150e-03 1.4882541e-02 2.1593951e-02
-2.3048048e+01 9.2961104e-03 1.5491020e-02 2.2475101e-02
-2.3033033e+01 9.6832286e-03 1.6127013e-02 2.3389096e-02
-2.3018018e+01 1.0080859e-02 1.6787029e-02 2.4330742e-02
-2.3003003e+01 1.0493467e-02 1.7462932e-02 2.5309157e-02
-2.2987988e+01 1.0924127e-02 1.8165590e-02 2.6325255e-02
-2.2972973e+01 1.1361207e-02 1.8896104e-02 2.7365840e-02
-2.2957958e+01 1.1823046e-02 1.9649290e-02 2.8450362e-02
-2.2942943e+01 1.2292260e-02 2.0425664e-02 2.9570768e-02
-2.2927928e+01 1.2788568e-02 2.1232311e-02 3.0723595e-02
-2.2912913e+01 1.3299685e-02 2.2062932e-02 3.1915545e-02
-2.2897898e+01 1.3823770e-02 2.2927546e-02 3.3149253e-02
-2.2882883e+01 1.4360696e-02 2.3820428e-02 3.4422740e-02
-2.2867868e+01 1.4916360e-02 2.4739998e-02 3.5741496e-02
-2.2852853e+01 1.5499667e-02 2.5687365e-02 3.7110443e-02
-2.2837838e+01 1.6090785e-02 2.6662422e-02 3.8507882e-02
-2.2822823e+01 1.6715105e-02 2.7673576e-02 3.9961803e-02
-2.2807808e+01 1.7362454e-02 2.8716557e-02 4.1447465e-02
-2.2792793e+01 1.8017995e-02 2.9790377e-02 4.2980205e-02
-2.2777778e+01 1.8694606e-02 3.0900474e-02 4.4557527e-02
-2.2762763e+01 1.9397309e-02 3.2045119e-02 4.6187562e-02
-2.2747748e+01 2.0121434e-02 3.3222923e-02 4.7874499e-02
-2.2732733e+01 2.0874154e-02 3.4447040e-02 4.9608572e-02
-2.2717718e+01 2.1644408e-02 3.5704873e-02 5.1399161e-02
-2.2702703e+01 2.2420876e-02 3.7002673e-02 5.3229356e-02
-2.2687688e+01 2.3237211e-02 3.8338471e-02 5.5121367e-02
-2.2672673e+01 2.4076974e-02 3.9715292e-02 5.7090504e-02
-2.2657658e+01 2.4937478e-02 4.1141476e-02 5.9097949e-02
-2.2642643e+01 2.5836472e-02 4.2601566e-02 6.1161245e-02
-2.2627628e+01 2.6741246e-02 4.4094598e-02 6.3275668e-02
-2.2612613e+01 2.7680929e-02 4.5639007e-02 6.5442881e-02
-2.2597598e+01 2.8666632e-02 4.7213918e-02 6.7688077e-02
-2.2582583e+01 2.9658234e-02 4.8844615e-02 6.9971889e-02
-2.2567568e+01 3.0686890e-02 5.0524695e-02 7.2345300e-02
-2.2552553e+01 3.1746128e-02 5.2243881e-02 7.4794730e-02
-2.2537538e+01 3.2838050e-02 5.4010614e-02 7.7290770e-02
-2.2522523e+01 3.3958223e-02 5.5832200e-02 7.9877900e-02
-2.2507508e+01 3.5111130e-02 5.7717539e-02 8.2508523e-02
-2.2492492e+01 3.6300244e-02 5.9635982e-02 8.5212397e-02
-2.2477477e+01 3.7523722e-02 6.1607683e-02 8.7993930e-02
-2.2462462e+01 3.8780270e-02 6.3635069e-02 9.0834967e-02
-2.2447447e+01 4.0087635e-02 6.5704964e-02 9.3733342e-02
-2.2432432e+01 4.1413441e-02 6.7836252e-02 9.6730658e-02
-2.2417417e+01 4.2776783e-02 7.0032233e-02 9.9771921e-02
-2.2402402e+01 4.4151295e-02 7.2287421e-02 1.0291315e-01
-2.2387387e+01 4.5565625e-02 7.4583767e-02 1.0613028e-01
-2.2372372e+01 4.7006744e-02 7.6937644e-02 1.0943043e-01
-2.2357357e+01 4.8461738e-02 7.9355741e-02 1.1281437e-01
-2.2342342e+01 4.9996593e-02 8.1800802e-02 1.1628973e-01
-2.2327327e+01 5.1564615e-02 8.4316217e-02 1.1979407e-01
-2.2312312e+01 5.3154524e-02 8.6898125e-02 1.2339745e-01
-2.2297297e+01 5.4792211e-02 8.9549306e-02 1.2712721e-01
-2.2282282e+01 5.6470746e-02 9.2265388e-02 1.3089707e-01
-2.2267267e+01 5.8186616e-02 9.5051491e-02 1.3480029e-01
-2.2252252e+01 5.9950903e-02 9.7893667e-02 1.3875163e-01
-2.2237237e+01 6.1755952e-02 1.0079983e-01 1.4280373e-01
-2.2222222e+01 6.3580565e-02 1.0378464e-01 1.4693462e-01
-2.2207207e+01 6.5465785e-02 1.0680386e-01 1.5115541e-01
-2.2192192e+01 6.7429399e-02 1.0989991e-01 1.5546362e-01
-2.2177177e+01 6.9448352e-02 1.1303727e-01 1.5987781e-01
-2.2162162e+01 7.1464995e-02 1.1627366e-01 1.6438147e-01
-2.2147147e+01 7.3562543e-02 1.1958325e-01 1.6895282e-01
-2.2132132e+01 7.5663385e-02 1.2295912e-01 1.7362818e-01
-2.2117117e+01 7.7873066e-02 1.2640306e-01 1.7840000e-01
-2.2102102e+01 8.0023365e-02 1.2991335e-01 1.8326136e-01
-2.2087087e+01 8.2230487e-02 1.3349533e-01 1.8821429e-01
-2.2072072e+01 8.4498282e-02 1.3713378e-01 1.9334730e-01
-2.2057057e+01 8.6840613e-02 1.4086377e-01 1.9853839e-01
-2.2042042e+01 8.9214497e-02 1.4466964e-01 2.0382492e-01
-2.2027027e+01 9.1648646e-02 1.4853666e-01 2.0914784e-01
-2.2012012e+01 9.4057478e-02 1.5247199e-01 2.1456441e-01
-2.1996997e+01 9.6541936e-02 1.5649037e-01 2.2012255e-01
-2.1981982e+01 9.9145014e-02 1.6056797e-01 2.2576654e-01
-2.1966967e+01 1.0171972e-01 1.6472425e-01 2.3148986e-01
-2.1951952e+01 1.0439227e-01 1.6898297e-01 2.3733546e-01
-2.1936937e+01 1.0715611e-01 1.7330074e-01 2.4323757e-01
-2.1921922e+01 1.0997358e-01 1.7767561e-01 2.4920816e-01
-2.1906907e+01 1.1276433e-01 1.8217218e-01 2.5535748e-01
-2.1891892e+01 1.1559257e-01 1.8665863e-01 2.6157707e-01
-2.1876877e+01 1.1847458e-01 1.9123618e-01 2.6786051e-01
-2.1861862e+01 1.2141874e-01 1.9591727e-01 2.7421059e-01
-2.1846847e+01 1.2430773e-01 2.0065973e-01 2.8069605e-01
-2.1831832e+01 1.2734800e-01 2.0550032e-01 2.8720298e-01
-2.1816817e+01 1.3041819e-01 2.1038325e-01 2.9388574e-01
-2.1801802e+01 1.3357965e-01 2.1536409e-01 3.0065564e-01
-2.1786787e+01 1.3672787e-01 2.2039236e-01 3.0750381e-01
-2.1771772e+01 1.3995608e-01 2.2549775e-01 3.1454928e-01
-2.1756757e+01 1.4327450e-01 2.3068056e-01 3.2163328e-01
-2.1741742e+01 1.4661704e-01 2.3594939e-01 3.2880189e-01
-2.1726727e+01 1.4997266e-01 2.4128928e-01 3.3610910e-01
-2.1711712e+01 1.5342099e-01 2.4666473e-01 3.4340521e-01
-2.1696697e+01 1.5682008e-01 2.5212520e-01 3.5084285e-01
-2.1681682e+01 1.6038340e-01 2.5765432e-01 3.5823839e-01
-2.1666667e+01 1.6401454e-01 2.6322609e-01 3.6578391e-01
-2.1651652e+01 1.6780680e-01 2.6891632e-01 3.7336601e-01
-2.1636637e+01 1.7147132e-01 2.7472186e-01 3.8119669e-01
-2.1621622e+01 1.7511940e-01 2.8056841e-01 3.8900072e-01
-2.1606607e+01 1.7891876e-01 2.8644619e-01 3.9686578e-01
-2.1591592e+01 1.8289688e-01 2.9238516e-01 4.0483503e-01
-2.1576577e+01 1.8698090e-01 2.9836598e-01 4.1299765e-01
-2.1561562e+01 1.9097872e-01 3.0444260e-01 4.2087705e-01
-2.1546547e+01 1.9506779e-01 3.1056553e-01 4.2909015e-01
-2.1531532e+01 1.9918037e-01 3.1679129e-01 4.3738936e-01
-2.1516517e+01 2.0330294e-01 3.2298319e-01 4.4565021e-01
-2.1501502e+01 2.0745021e-01 3.2923233e-01 4.5398781e-01
-2.1486486e+01 2.1161240e-01 3.3563209e-01 4.6244828e-01
-2.1471471e+01 2.1589819e-01 3.4200753e-01 4.7079176e-01
-2.1456456e+01 2.2037676e-01 3.4850528e-01 4.7936838e-01
-2.1441441e+01 2.2466578e-01 3.5503074e-01 4.8809075e-01
-2.1426426e+01 2.2908752e-01 3.6165595e-01 4.9691142e-01
-2.1411411e+01 2.3356114e-01 3.6830244e-01 5.0561863e-01
-2.1396396e+01 2.3820904e-01 3.7500153e-01 5.1434772e-01
-2.1381381e+01 2.4282593e-01 3.8167455e-01 5.2327247e-01
-2.1366366e+01 2.4746389e-01 3.8846093e-01 5.3211350e-01
-2.1351351e+01 2.5209615e-01 3.9527692e-01 5.4103913e-01
-2.1336336e+01 2.5701125e-01 4.0211268e-01 5.4988943e-01
-2.1321321e+01 2.6209696e-01 4.0899484e-01 5.5877807e-01
-2.1306306e+01 2.6710176e-01 4.1590921e-01 5.6755472e-01
-2.1291291e+01 2.7181878e-01 4.2279537e-01 5.7665929e-01
-2.1276276e+01 2.7671243e-01 4.2980984e-01 5.8570188e-01
-2.1261261e+01 2.8181934e-01 4.3683459e-01 5.9474601e-01
-2.1246246e+01 2.8695106e-01 4.4386475e-01 6.0382996e-01
-2.1231231e+01 2.9210123e-01 4.5101437e-01 6.1304976e-01
-2.1216216e+01 2.9717441e-01 4.5809495e-01 6.2237617e-01
-2.1201201e+01 3.0255469e-01 4.6522013e-01 6.3177408e-01
-2.1186186e+01 3.0789896e-01 4.7238074e-01 6.4081835e-01
-2.1171171e+01 3.1322153e-01 4.7953300e-01 6.4982350e-01
-2.1156156e+01 3.1877984e-01 4.8666158e-01 6.5916237e-01
-2.1141141e+01 3.2434051e-01 4.9384585e-01 6.6828098e-01
-2.1126126e+01 3.3003701e-01 5.0104012e-01 6.7742284e-01
-2.1111111e+01 3.3554873e-01 5.0814636e-01 6.8633729e-01
-2.1096096e+01 3.4101763e-01 5.1533758e-01 6.9547672e-01
-2.1081081e+01 3.4645119e-01 5.2252245e-01 7.0460712e-01
-2.1066066e+01 3.5211082e-01 5.2960774e-01 7.1341364e-01
-2.1051051e+01 3.5798675e-01 5.3680247e-01 7.2224520e-01
-2.1036036e+01 3.6369923e-01 5.4400390e-01 7.3142543e-01
-2.1021021e+01 3.6944052e-01 5.5116972e-01 7.4033589e-01
-2.1006006e+01 3.7517377e-01 5.5831716e-01 7.4941185e-01
-2.0990991e+01 3.8116968e-01 5.6545100e-01 7.5819564e-01
-2.0975976e+01 3.8706061e-01 5.7260068e-01 7.6715776e-01
-2.0960961e+01 3.9280623e-01 5.7967087e-01 7.7577383e-01
-2.0945946e+01 3.9859568e-01 5.8680450e-01 7.8466263e-01
-2.0930931e+01 4.0447434e-01 5.9391667e-01 7.9343814e-01
-2.0915916e+01 4.1050436e-01 6.0105374e-01 8.0228372e-01
-2.0900901e+01 4.1640246e-01 6.0804892e-01 8.1084598e-01
-2.0885886e+01 4.2209177e-01 6.1505998e-01 8.1967551e-01
-2.0870871e+01 4.2789749e-01 6.2197692e-01 8.2836344e-01
-2.0855856e+01 4.3360248e-01 6.2902774e-01 8.3658033e-01
-2.0840841e+01 4.3944429e-01 6.3601262e-01 8.4472206e-01
-2.0825826e+01 4.4517583e-01 6.4292254e-01 8.5258271e-01
-2.0810811e+01 4.5115506e-01 6.4995378e-01 8.6067524e-01
-2.0795796e+01 4.5659106e-01 6.5686726e-01 8.6906272e-01
-2.0780781e+01 4.6216479e-01 6.6359078e-01 8.7709861e-01
-2.0765766e+01 4.6813906e-01 6.7025056e-01 8.8475902e-01
-2.0750751e+01 4.7364084e-01 6.7698344e-01 8.9245401e-01
-2.0735736e+01 4.7951748e-01 6.8357160e-01 9.0048454e-01
-2.0720721e+01 4.8563954e-01 6.9010031e-01 9.0790299e-01
-2.0705706e+01 4.9097150e-01 6.9661766e-01 9.1655139e-01
-2.0690691e+01 4.9705891e-01 7.0314398e-01 9.2374270e-01
-2.0675676e+01 5.0271487e-01 7.0954040e-01 9.3106466e-01
-2.0660661e+01 5.0825489e-01 7.1584328e-01 9.3811990e-01
-2.0645646e+01 5.1371740e-01 7.2213997e-01 9.4568695e-01
-2.0630631e+01 5.1909705e-01 7.2838942e-01 9.5246403e-01
-2.0615616e+01 5.2438479e-01 7.3472438e-01 9.5911970e-01
-2.0600601e+01 5.2976195e-01 7.4084907e-01 9.6589715e-01
-2.0585586e+01 5.3503879e-01 7.4695509e-01 9.7246173e-01
-2.0570571e+01 5.3995863e-01 7.5304242e-01 9.7890506e-01
-2.0555556e+01 5.4501691e-01 7.5906945e-01 9.8525716e-01
-2.0540541e+01 5.4998612e-01 7.6493882e-01 9.9155290e-01
-2.0525526e+01 5.5471990e-01 7.7067153e-01 9.9757424e-01
-2.0510511e+01 5.5937529e-01 7.7644333e-01 1.0040371e+00
-2.0495495e+01 5.6432985e-01 7.8202219e-01 1.0105650e+00
-2.0480480e+01 5.6873536e-01 7.8755123e-01 1.0166136e+00
-2.0465465e+01 5.7344477e-01 7.9299784e-01 1.0225886e+00
-2.0450450e+01 5.7800616e-01 7.9857160e-01 1.0287560e+00
-2.0435435e+01 5.8282417e-01 8.0393391e-01 1.0349589e+00
-2.0420420e+01 5.8724484e-01 8.0924280e-01 1.0408475e+00
-2.0405405e+01 5.9181680e-01 8.1454682e-01 1.0469109e+00
-2.0390390e+01 5.9627407e-01 8.1970220e-01 1.0526530e+00
-2.0375375e+01 6.0037406e-01 8.2484977e-01 1.0584037e+00
-2.0360360e+01 6.0469666e-01 8.2968109e-01 1.0640350e+00
-2.0345345e+01 6.0872165e-01 8.3439166e-01 1.0696165e+00
-2.0330330e+01 6.1294805e-01 8.3932212e-01 1.0751177e+00
-2.0315315e+01 6.1729830e-01 8.4409668e-01 1.0802072e+00
-2.0300300e+01 6.2141646e-01 8.4865556e-01 1.0855560e+00
-2.0285285e+01 6.2558120e-01 8.5335956e-01 1.0902630e+00
-2.0270270e+01 6.2981165e-01 8.5769117e-01 1.0947140e+00
-2.0255255e+01 6.3390966e-01 8.6215676e-01 1.0990222e+00
-2.0240240e+01 6.3818049e-01 8.6657020e-01 1.1034489e+00
-2.0225225e+01 6.4212106e-01 8.7089537e-01 1.1071688e+00
-2.0210210e+01 6.4625520e-01 8.7511319e-01 1.1105372e+00
-2.0195195e+01 6.5044367e-01 8.7910215e-01 1.1152021e+00
-2.0180180e+01 6.5449933e-01 8.8311900e-01 1.1192597e+00
-2.0165165e+01 6.5893244e-01 8.8709615e-01 1.1217639e+00
-2.0150150e+01 6.6316155e-01 8.9088562e-01 1.1243980e+00
-2.0135135e+01 6.6725471e-01 8.9463903e-01 1.1270091e+00
-2.0120120e+01 6.7143399e-01 8.9833779e-01 1.1287147e+00
-2.0105105e+01 6.7578169e-01 9.0188759e-01 1.1301914e+00
-2.0090090e+01 6.8020076e-01 9.0534963e-01 1.1318086e+00
-2.0075075e+01 6.8473301e-01 9.0884268e-01 1.1341161e+00
-2.0060060e+01 6.8943738e-01 9.1207490e-01 1.1358356e+00
-2.0045045e+01 6.9407315e-01 9.1528139e-01 1.1385073e+00
-2.0030030e+01 6.9866814e-01 9.1852685e-01 1.1406442e+00
-2.0015015e+01 7.0298505e-01 9.2150590e-01 1.1423415e+00
-2.0000000e+01 7.0704220e-01 9.2446945e-01 1.1442093e+00
-1.9984985e+01 7.1155614e-01 9.2757399e-01 1.1450574e+00
-1.9969970e+01 7.1562416e-01 9.3053207e-01 1.1456701e+00
-1.9954955e+01 7.1977556e-01 9.3338079e-01 1.1459043e+00
-1.9939940e+01 7.2391473e-01 9.3624688e-01 1.1467214e+00
-1.9924925e+01 7.2823401e-01 9.3886036e-01 1.1475306e+00
-1.9909910e+01 7.3296385e-01 9.4154219e-01 1.1481450e+00
-1.9894895e+01 7.3745966e-01 9.4415157e-01 1.1489888e+00
-1.9879880e+01 7.4172456e-01 9.4669244e-01 1.1491963e+00
-1.9864865e+01 7.4619213e-01 9.4918378e-01 1.1489609e+00
-1.9849850e+01 7.5062353e-01 9.5152906e-01 1.1494367e+00
-1.9834835e+01 7.5479084e-01 9.5371722e-01 1.1495920e+00
-1.9819820e+01 7.5915367e-01 9.5586697e-01 1.1493942e+00
-1.9804805e+01 7.6333523e-01 9.5781364e-01 1.1488372e+00
-1.9789790e+01 7.6721746e-01 9.5990875e-01 1.1485820e+00
-1.9774775e+01 7.7130263e-01 9.6192813e-01 1.1475427e+00
-1.9759760e+01 7.7523455e-01 9.6389035e-01 1.1472567e+00
-1.9744745e+01 7.7935532e-01 9.6582623e-01 1.1466570e+00
-1.9729730e+01 7.8316372e-01 9.6793371e-01 1.1459294e+00
-1.9714715e+01 7.8682695e-01 9.6993143e-01 1.1446339e+00
-1.9699700e+01 7.9075334e-01 9.7172170e-01 1.1439802e+00
-1.9684685e+01 7.9455223e-01 9.7324497e-01 1.1431418e+00
-1.9669670e+01 7.9817997e-01 9.7486035e-01 1.1419274e+00
-1.9654655e+01 8.0202244e-01 9.7670940e-01 1.1405442e+00
-1.9639640e+01 8.0501681e-01 9.7794131e-01 1.1395955e+00
-1.9624625e+01 8.0867785e-01 9.7923787e-01 1.1382458e+00
-1.9609610e+01 8.1241007e-01 9.8067085e-01 1.1373660e+00
-1.9594595e+01 8.1587395e-01 9.8212403e-01 1.1359743e+00
-1.9579580e+01 8.1928582e-01 9.8348868e-01 1.1348036e+00
-1.9564565e+01 8.2222247e-01 9.8434360e-01 1.1329447e+00
-1.9549550e+01 8.2523464e-01 9.8575957e-01 1.1314626e+00
-1.9534535e+01 8.2782366e-01 9.8708601e-01 1.1301131e+00
-1.9519520e+01 8.3087207e-01 9.8835279e-01 1.1286364e+00
-1.9504505e+01 8.3399568e-01 9.8962310e-01 1.1273062e+00
-1.9489489e+01 8.3677323e-01 9.9069703e-01 1.1257031e+00
-1.9474474e+01 8.3906667e-01 9.9148648e-01 1.1244683e+00
-1.9459459e+01 8.4213045e-01 9.9252557e-01 1.1236047e+00
-1.9444444e+01 8.4504921e-01 9.9334735e-01 1.1226323e+00
-1.9429429e+01 8.4777463e-01 9.9425916e-01 1.1218410e+00
-1.9414414e+01 8.5043879e-01 9.9509042e-01 1.1208658e+00
-1.9399399e+01 8.5251984e-01 9.9566416e-01 1.1198565e+00
-1.9384384e+01 8.5422572e-01 9.9656464e-01 1.1189605e+00
-1.9369369e+01 8.5556841e-01 9.9715807e-01 1.1179798e+00
-1.9354354e+01 8.5702513e-01 9.9792503e-01 1.1170847e+00
-1.9339339e+01 8.5878673e-01 9.9862260e-01 1.1162349e+00
-1.9324324e+01 8.6000583e-01 9.9928193e-01 1.1154984e+00
-1.9309309e+01 8.6144954e-01 9.9954476e-01 1.1146970e+00
-1.9294294e+01 8.6227320e-01 9.9973576e-01 1.1141399e+00
-1.9279279e+01 8.6335462e-01 9.9992430e-01 1.1134823e+00
-1.9264264e+01 8.6455572e-01 1.0000000e+00 1.1126741e+00
-1.9249249e+01 8.6510429e-01 9.9991995e-01 1.1119805e+00
-1.9234234e+01 8.6529124e-01 9.9970147e-01 1.1114604e+00
-1.9219219e+01 8.6588856e-01 9.9967358e-01 1.1116766e+00
-1.9204204e+01 8.6580485e-01 9.9980198e-01 1.1113843e+00
-1.9189189e+01 8.6611314e-01 9.9977114e-01 1.1115141e+00
-1.9174174e+01 8.6631535e-01 9.9945858e-01 1.1114358e+00
-1.9159159e+01 8.6581701e-01 9.9881654e-01 1.1115289e+00
-1.9144144e+01 8.6536418e-01 9.9842412e-01 1.1112660e+00
-1.9129129e+01 8.6476902e-01 9.9790867e-01 1.1116559e+00
-1.9114114e+01 8.6427312e-01 9.9749019e-01 1.1125659e+00
-1.9099099e+01 8.6301307e-01 9.9697787e-01 1.1130261e+00
-1.9084084e+01 8.6169679e-01 9.9610808e-01 1.1138022e+00
-1.9069069e+01 8.6063722e-01 9.9544139e-01 1.1143968e+00
-1.9054054e+01 8.5915129e-01 9.9497303e-01 1.1153834e+00
-1.9039039e+01 8.5759164e-01 9.9432770e-01 1.1164259e+00
-1.9024024e+01 8.5576490e-01 9.9338456e-01 1.1177859e+00
-1.9009009e+01 8.5415480e-01 9.9253218e-01 1.1191273e+00
-1.8993994e+01 8.5286943e-01 9.9198271e-01 1.1204165e+00
-1.8978979e+01 8.5078058e-01 9.9120054e-01 1.1220281e+00
-1.8963964e+01 8.4856431e-01 9.9078265e-01 1.1230916e+00
-1.8948949e+01 8.4622867e-01 9.8980806e-01 1.1246015e+00
-1.8933934e+01 8.4398646e-01 9.8892086e-01 1.1255807e+00
-1.8918919e+01 8.4150565e-01 9.8781286e-01 1.1271633e+00
-1.8903904e+01 8.3836102e-01 9.8678276e-01 1.1279835e+00
-1.8888889e+01 8.3541324e-01 9.8573871e-01 1.1291874e+00
-1.8873874e+01 8.3260974e-01 9.8467338e-01 1.1305531e+00
-1.8858859e+01 8.2941089e-01 9.8346374e-01 1.1321102e+00
-1.8843844e+01 8.2695061e-01 9.8210146e-01 1.1333390e+00
-1.8828829e+01 8.2399455e-01 9.8095466e-01 1.1346854e+00
-1.8813814e+01 8.2076220e-01 9.7983754e-01 1.1356874e+00
-1.8798799e+01 8.1759811e-01 9.7856880e-01 1.1369436e+00
-1.8783784e+01 8.1460904e-01 9.7718650e-01 1.1381799e+00
-1.8768769e+01 8.1117365e-01 9.7614083e-01 1.1391024e+00
-1.8753754e+01 8.0785289e-01 9.7484438e-01 1.1401352e+00
-1.8738739e+01 8.0488947e-01 9.7359758e-01 1.1411084e+00
-1.8723724e+01 8.0187430e-01 9.7237764e-01 1.1417823e+00
-1.8708709e+01 7.9839835e-01 9.7087086e-01 1.1425892e+00
-1.8693694e+01 7.9584973e-01 9.6963365e-01 1.1434406e+00
-1.8678679e+01 7.9271129e-01 9.6840670e-01 1.1441427e+00
-1.8663664e+01 7.8949285e-01 9.6679082e-01 1.1452080e+00
-1.8648649e+01 7.8656829e-01 9.6536606e-01 1.1456147e+00
-1.8633634e+01 7.8425536e-01 9.6395925e-01 1.1457358e+00
-1.8618619e+01 7.8159536e-01 9.6246896e-01 1.1461583e+00
-1.8603604e+01 7.7850830e-01 9.6072964e-01 1.1467143e+00
-1.8588589e+01 7.7550614e-01 9.5919286e-01 1.1460009e+00
-1.8573574e+01 7.7299054e-01 9.5742149e-01 1.1451774e+00
-1.8558559e+01 7.7081350e-01 9.5566891e-01 1.1441481e+00
-1.8543544e+01 7.6855945e-01 9.5396560e-01 1.1434521e+00
-1.8528529e+01 7.6636734e-01 9.5209423e-01 1.1412082e+00
-1.8513514e+01 7.6419008e-01 9.5043069e-01 1.1381167e+00
-1.8498498e+01 7.6224316e-01 9.4874814e-01 1.1352802e+00
-1.8483483e+01 7.6051832e-01 9.4680713e-01 1.1321317e+00
-1.8468468e+01 7.5896329e-01 9.4490612e-01 1.1286671e+00
-1.8453453e+01 7.5724198e-01 9.4301173e-01 1.1254667e+00
-1.8438438e+01 7.5548035e-01 9.4097630e-01 1.1222943e+00
-1.8423423e+01 7.5330777e-01 9.3902554e-01 1.1190732e+00
-1.8408408e+01 7.5095131e-01 9.3693758e-01 1.1159791e+00
-1.8393393e+01 7.4761187e-01 9.3486321e-01 1.1133877e+00
-1.8378378e+01 7.4350804e-01 9.3268586e-01 1.1106849e+00
-1.8363363e+01 7.4052731e-01 9.3066943e-01 1.1077847e+00
-1.8348348e+01 7.3666925e-01 9.2834979e-01 1.1056640e+00
-1.8333333e+01 7.3265470e-01 9.2582279e-01 1.1038466e+00
-1.8318318e+01 7.2853004e-01 9.2335720e-01 1.1025847e+00
-1.8303303e+01 7.2444055e-01 9.2068140e-01 1.1018487e+00
-1.8288288e+01 7.1975163e-01 9.1789366e-01 1.1010853e+00
-1.8273273e+01 7.1486011e-01 9.1505166e-01 1.1009406e+00
-1.8258258e+01 7.1072893e-01 9.1176407e-01 1.1006621e+00
-1.8243243e+01 7.0549259e-01 9.0861986e-01 1.1006617e+00
-1.8228228e+01 7.0057842e-01 9.0557453e-01 1.1007029e+00
-1.8213213e+01 6.9629314e-01 9.0228934e-01 1.1005542e+00
-1.8198198e+01 6.9186154e-01 8.9871792e-01 1.1009832e+00
-1.8183183e+01 6.8725528e-01 8.9529949e-01 1.1010380e+00
-1.8168168e+01 6.8336053e-01 8.9167096e-01 1.1006385e+00
-1.8153153e+01 6.7890347e-01 8.8806933e-01 1.1000165e+00
-1.8138138e+01 6.7460347e-01 8.8443175e-01 1.0988942e+00
-1.8123123e+01 6.7027701e-01 8.8074712e-01 1.0974302e+00
-1.8108108e+01 6.6635594e-01 8.7704444e-01 1.0963748e+00
-1.8093093e+01 6.6227334e-01 8.7334827e-01 1.0947197e+00
-1.8078078e+01 6.5745436e-01 8.6978359e-01 1.0925616e+00
-1.8063063e+01 6.5329396e-01 8.6605562e-01 1.0903043e+00
-1.8048048e+01 6.4938138e-01 8.6225814e-01 1.0869447e+00
-1.8033033e+01 6.4488913e-01 8.5830822e-01 1.0832260e+00
-1.8018018e+01 6.4040722e-01 8.5450246e-01 1.0794010e+00
-1.8003003e+01 6.3603249e-01 8.5053348e-01 1.0755875e+00
-1.7987988e+01 6.3176072e-01 8.4642233e-01 1.0717387e+00
-1.7972973e+01 6.2727526e-01 8.4241713e-01 1.0675828e+00
-1.7957958e+01 6.2243758e-01 8.3868380e-01 1.0630856e+00
-1.7942943e+01 6.1812756e-01 8.3499420e-01 1.0580005e+00
-1.7927928e+01 6.1440034e-01 8.3109891e-01 1.0531056e+00
-1.7912913e+01 6.0962235e-01 8.2724561e-01 1.0477092e+00
-1.7897898e+01 6.0558570e-01 8.2336668e-01 1.0429166e+00
-1.7882883e+01 6.0161530e-01 8.1945940e-01 1.0380887e+00
-1.7867868e+01 5.9764631e-01 8.1535809e-01 1.0332306e+00
-1.7852853e+01 5.9318968e-01 8.1120313e-01 1.0281545e+00
-1.7837838e+01 5.8943523e-01 8.0696427e-01 1.0226335e+00
-1.7822823e+01 5.8552644e-01 8.0280823e-01 1.0168985e+00
-1.7807808e+01 5.8171133e-01 7.9844812e-01 1.0111119e+00
-1.7792793e+01 5.7752222e-01 7.9385604e-01 1.0050941e+00
-1.7777778e+01 5.7344680e-01 7.8939714e-01 9.9947033e-01
-1.7762763e+01 5.6917046e-01 7.8479574e-01 9.9379525e-01
-1.7747748e+01 5.6555621e-01 7.8008830e-01 9.8790080e-01
-1.7732733e+01 5.6112058e-01 7.7546933e-01 9.8186686e-01
-1.7717718e+01 5.5688973e-01 7.7092253e-01 9.7594806e-01
-1.7702703e+01 5.5334669e-01 7.6599690e-01 9.7007045e-01
-1.7687688e+01 5.4968954e-01 7.6122347e-01 9.6345862e-01
-1.7672673e+01 5.4578379e-01 7.5625804e-01 9.5732680e-01
-1.7657658e+01 5.4195858e-01 7.5118948e-01 9.5147607e-01
-1.7642643e+01 5.3808599e-01 7.4622834e-01 9.4534829e-01
-1.7627628e+01 5.3428892e-01 7.4113777e-01 9.3958264e-01
-1.7612613e+01 5.3037296e-01 7.3599094e-01 9.3341619e-01
-1.7597598e+01 5.2627493e-01 7.3071917e-01 9.2751848e-01
-1.7582583e+01 5.2222184e-01 7.2562640e-01 9.2124247e-01
-1.7567568e+01 5.1823911e-01 7.2066867e-01 9.1522550e-01
-1.7552553e+01 5.1374664e-01 7.1558260e-01 9.0936180e-01
-1.7537538e+01 5.0908311e-01 7.1019521e-01 9.0293645e-01
-1.7522523e+01 5.0465136e-01 7.0496385e-01 8.9638053e-01
-1.7507508e+01 4.9994894e-01 6.9973117e-01 8.8995890e-01
-1.7492492e+01 4.9517328e-01 6.9451324e-01 8.8339393e-01
-1.7477477e+01 4.9003398e-01 6.8914828e-01 8.7725098e-01
-1.7462462e+01 4.8468111e-01 6.8383245e-01 8.7097436e-01
-1.7447447e+01 4.7953629e-01 6.7836448e-01 8.6485577e-01
-1.7432432e+01 4.7468419e-01 6.7299759e-01 8.5897354e-01
-1.7417417e+01 4.7029085e-01 6.6755759e-01 8.5261070e-01
-1.7402402e+01 4.6599916e-01 6.6203428e-01 8.4656347e-01
-1.7387387e+01 4.6173087e-01 6.5646514e-01 8.4090495e-01
-1.7372372e+01 4.5794498e-01 6.5080821e-01 8.3499623e-01
-1.7357357e+01 4.5404411e-01 6.4486048e-01 8.2881860e-01
-1.7342342e+01 4.4989181e-01 6.3932673e-01 8.2288666e-01
-1.7327327e+01 4.4569214e-01 6.3345108e-01 8.1700624e-01
-1.7312312e+01 4.4104472e-01 6.2749158e-01 8.1113000e-01
-1.7297297e+01 4.3624782e-01 6.2147263e-01 8.0535605e-01
-1.7282282e+01 4.3107067e-01 6.1572318e-01 7.9923918e-01
-1.7267267e+01 4.2580429e-01 6.0974420e-01 7.9331635e-01
-1.7252252e+01 4.2125631e-01 6.0359408e-01 7.8715340e-01
-1.7237237e+01 4.1624961e-01 5.9756774e-01 7.8115692e-01
-1.7222222e+01 4.1130248e-01 5.9188537e-01 7.7516513e-01
-1.7207207e+01 4.0617587e-01 5.8626211e-01 7.6896202e-01
-1.7192192e+01 4.0121309e-01 5.8039553e-01 7.6280839e-01
-1.7177177e+01 3.9574390e-01 5.7458644e-01 7.5686512e-01
-1.7162162e+01 3.9093795e-01 5.6893921e-01 7.5072275e-01
-1.7147147e+01 3.8625428e-01 5.6291436e-01 7.4492625e-01
-1.7132132e+01 3.8165919e-01 5.5667599e-01 7.3898147e-01
-1.7117117e+01 3.7696486e-01 5.5064653e-01 7.3288292e-01
-1.7102102e+01 3.7229622e-01 5.4495735e-01 7.2670250e-01
-1.7087087e+01 3.6758456e-01 5.3936518e-01 7.2083097e-01
-1.7072072e+01 3.6271755e-01 5.3389998e-01 7.1444835e-01
-1.7057057e+01 3.5828973e-01 5.2841550e-01 7.0841106e-01
-1.7042042e+01 3.5334969e-01 5.2308101e-01 7.0287837e-01
-1.7027027e+01 3.4847015e-01 5.1779650e-01 6.9790149e-01
-1.7012012e+01 3.4352444e-01 5.1204386e-01 6.9291706e-01
-1.6996997e+01 3.3817318e-01 5.0643657e-01 6.8733622e-01
-1.6981982e+01 3.3277575e-01 5.0044460e-01 6.8195926e-01
-1.6966967e+01 3.2771705e-01 4.9415965e-01 6.7641067e-01
-1.6951952e+01 3.2222151e-01 4.8808339e-01 6.7094026e-01
-1.6936937e+01 3.1658841e-01 4.8235443e-01 6.6560975e-01
-1.6921922e+01 3.1092108e-01 4.7635516e-01 6.6023016e-01
-1.6906907e+01 3.0554569e-01 4.7071131e-01 6.5456764e-01
-1.6891892e+01 3.0016813e-01 4.6528925e-01 6.4870436e-01
-1.6876877e+01 2.9482396e-01 4.5982361e-01 6.4380607e-01
-1.6861862e+01 2.8975634e-01 4.5508775e-01 6.3904603e-01
-1.6846847e+01 2.8465788e-01 4.5044692e-01 6.3405468e-01
-1.6831832e+01 2.7970443e-01 4.4507189e-01 6.2893419e-01
-1.6816817e+01 2.7532185e-01 4.3939691e-01 6.2401573e-01
-1.6801802e+01 2.7117949e-01 4.3347674e-01 6.1876639e-01
-1.6786787e+01 2.6667824e-01 4.2776035e-01 6.1335074e-01
-1.6771772e+01 2.6195694e-01 4.2234518e-01 6.0815368e-01
-1.6756757e+01 2.5698527e-01 4.1726415e-01 6.0299314e-01
-1.6741742e+01 2.5148292e-01 4.1205521e-01 5.9780778e-01
-1.6726727e+01 2.4608469e-01 4.0689418e-01 5.9300646e-01
-1.6711712e+01 2.4071259e-01 4.0199156e-01 5.8802570e-01
-1.6696697e+01 2.3605118e-01 3.9666968e-01 5.8292226e-01
-1.6681682e+01 2.3168825e-01 3.9123874e-01 5.7760334e-01
-1.6666667e+01 2.2718455e-01 3.8588774e-01 5.7236882e-01
-1.6651652e+01 2.2259674e-01 3.8062749e-01 5.6735970e-01
-1.6636637e+01 2.1808376e-01 3.7568589e-01 5.6239244e-01
-1.6621622e+01 2.1333807e-01 3.7145228e-01 5.5802416e-01
-1.6606607e+01 2.0835632e-01 3.6628403e-01 5.5324702e-01
-1.6591592e+01 2.0336800e-01 3.6125779e-01 5.4828012e-01
-1.6576577e+01 1.9856652e-01 3.5640401e-01 5.4335928e-01
-1.6561562e+01 1.9383249e-01 3.5144592e-01 5.3850484e-01
-1.6546547e+01 1.8924164e-01 3.4669695e-01 5.3360391e-01
-1.6531532e+01 1.8505126e-01 3.4188151e-01 5.2897133e-01
-1.6516517e+01 1.8056104e-01 3.3711994e-01 5.2414133e-01
-1.6501502e+01 1.7612043e-01 3.3249628e-01 5.1938330e-01
-1.6486486e+01 1.7177629e-01 3.2810274e-01 5.1463777e-01
-1.6471471e+01 1.6743329e-01 3.2362015e-01 5.0996385e-01
-1.6456456e+01 1.6320237e-01 3.1932004e-01 5.0531543e-01
-1.6441441e+01 1.5898055e-01 3.1506845e-01 5.0042705e-01
-1.6426426e+01 1.5492382e-01 3.1080751e-01 4.9593655e-01
-1.6411411e+01 1.5093304e-01 3.0684610e-01 4.9134868e-01
-1.6396396e+01 1.4699224e-01 3.0276579e-01 4.8662626e-01
-1.6381381e+01 1.4306557e-01 2.9893611e-01 4.8204054e-01
-1.6366366e+01 1.3927795e-01 2.9501353e-01 4.7736312e-01
-1.6351351e+01 1.3554518e-01 2.9128841e-01 4.7293554e-01
-1.6336336e+01 1.3195970e-01 2.8741762e-01 4.6837868e-01
-1.6321321e+01 1.2831534e-01 2.8363348e-01 4.6384326e-01
-1.6306306e+01 1.2480255e-01 2.7985602e-01 4.5929045e-01
-1.6291291e+01 1.2136345e-01 2.7620634e-01 4.5477175e-01
-1.6276276e+01 1.1803818e-01 2.7250454e-01 4.5022811e-01
-1.6261261e+01 1.1476630e-01 2.6884247e-01 4.4559881e-01
-1.6246246e+01 1.1152067e-01 2.6531458e-01 4.4106995e-01
-1.6231231e+01 1.0837795e-01 2.6179916e-01 4.3656255e-01
-1.6216216e+01 1.0525210e-01 2.5834472e-01 4.3207733e-01
-1.6201201e+01 1.0223196e-01 2.5482469e-01 4.2757974e-01
-1.6186186e+01 9.9300736e-02 2.5139581e-01 4.2302594e-01
-1.6171171e+01 9.6412098e-02 2.4791474e-01 4.1842655e-01
-1.6156156e+01 9.3570896e-02 2.4453173e-01 4.1385937e-01
-1.6141141e+01 9.0786288e-02 2.4110989e-01 4.0932512e-01
-1.6126126e+01 8.8070965e-02 2.3772621e-01 4.0471303e-01
-1.6111111e+01 8.5479352e-02 2.3431678e-01 4.0013024e-01
-1.6096096e+01 8.2902829e-02 2.3103865e-01 3.9557209e-01
-1.6081081e+01 8.0423261e-02 2.2769418e-01 3.9099820e-01
-1.6066066e+01 7.7988619e-02 2.2441742e-01 3.8642338e-01
-1.6051051e+01 7.5607401e-02 2.2109880e-01 3.8187198e-01
-1.6036036e+01 7.3258772e-02 2.1784256e-01 3.7737667e-01
-1.6021021e+01 7.1012913e-02 2.1460415e-01 3.7269954e-01
-1.6006006e+01 6.8812858e-02 2.1142150e-01 3.6816944e-01
-1.5990991e+01 6.6651964e-02 2.0826374e-01 3.6359397e-01
-1.5975976e+01 6.4561985e-02 2.0513997e-01 3.5898756e-01
-1.5960961e+01 6.2522176e-02 2.0205136e-01 3.5442001e-01
-1.5945946e+01 6.0536082e-02 1.9894839e-01 3.4985614e-01
-1.5930931e+01 5.8607656e-02 1.9591343e-01 3.4529397e-01
-1.5915916e+01 5.6726639e-02 1.9289055e-01 3.4079152e-01
-1.5900901e+01 5.4873511e-02 1.8986618e-01 3.3632696e-01
-1.5885886e+01 5.3068071e-02 1.8685951e-01 3.3179862e-01
-1.5870871e+01 5.1313438e-02 1.8391635e-01 3.2727610e-01
-1.5855856e+01 4.9598381e-02 1.8096023e-01 3.2280158e-01
-1.5840841e+01 4.7940854e-02 1.7798701e-01 3.1830009e-01
-1.5825826e+01 4.6334981e-02 1.7511309e-01 3.1392140e-01
-1.5810811e+01 4.4749979e-02 1.7227084e-01 3.0948583e-01
-1.5795796e+01 4.3238323e-02 1.6944737e-01 3.0506645e-01
-1.5780781e+01 4.1747825e-02 1.6662397e-01 3.0074627e-01
-1.5765766e+01 4.0316317e-02 1.6388313e-01 2.9634124e-01
-1.5750751e+01 3.8923879e-02 1.6111680e-01 2.9196237e-01
-1.5735736e+01 3.7566266e-02 1.5841777e-01 2.8764475e-01
-1.5720721e+01 3.6258345e-02 1.5570266e-01 2.8336502e-01
-1.5705706e+01 3.4975420e-02 1.5303244e-01 2.7910269e-01
-1.5690691e+01 3.3733166e-02 1.5039021e-01 2.7486242e-01
-1.5675676e+01 3.2539077e-02 1.4777670e-01 2.7060104e-01
-1.5660661e+01 3.1376616e-02 1.4519082e-01 2.6631574e-01
-1.5645646e+01 3.0237668e-02 1.4260004e-01 2.6205797e-01
-1.5630631e+01 2.9119721e-02 1.4004356e-01 2.5796506e-01
-1.5615616e+01 2.8078171e-02 1.3754835e-01 2.5375470e-01
-1.5600601e+01 2.7052882e-02 1.3505363e-01 2.4959954e-01
-1.5585586e+01 2.6059222e-02 1.3258346e-01 2.4544678e-01
-1.5570571e+01 2.5097037e-02 1.3015343e-01 2.4135717e-01
-1.5555556e+01 2.4164752e-02 1.2774488e-01 2.3731340e-01
-1.5540541e+01 2.3257621e-02 1.2536700e-01 2.3325520e-01
-1.5525526e+01 2.2384586e-02 1.2302553e-01 2.2929534e-01
-1.5510511e+01 2.1526162e-02 1.2068505e-01 2.2531621e-01
-1.5495495e+01 2.0718228e-02 1.1837314e-01 2.2135618e-01
-1.5480480e+01 1.9915293e-02 1.1609195e-01 2.1745691e-01
-1.5465465e+01 1.9152206e-02 1.1382540e-01 2.1360146e-01
-1.5450450e+01 1.8406391e-02 1.1159889e-01 2.0974125e-01
-1.5435435e+01 1.7699171e-02 1.0940948e-01 2.0596990e-01
-1.5420420e+01 1.7012727e-02 1.0723129e-01 2.0220188e-01
-1.5405405e+01 1.6346603e-02 1.0509555e-01 1.9845086e-01
-1.5390390e+01 1.5700980e-02 1.0299035e-01 1.9473517e-01
-1.5375375e+01 1.5079467e-02 1.0088608e-01 1.9104416e-01
-1.5360360e+01 1.4474977e-02 9.8835433e-02 1.8741522e-01
-1.5345345e+01 1.3892606e-02 9.6788092e-02 1.8381173e-01
-1.5330330e+01 1.3330428e-02 9.4769950e-02 1.8023791e-01
-1.5315315e+01 1.2796446e-02 9.2766899e-02 1.7666924e-01
-1.5300300e+01 1.2279717e-02 9.0806727e-02 1.7316723e-01
-1.5285285e+01 1.1784577e-02 8.8876190e-02 1.6967234e-01
-1.5270270e+01 1.1300783e-02 8.6952043e-02 1.6625549e-01
-1.5255255e+01 1.0833818e-02 8.5068771e-02 1.6289169e-01
-1.5240240e+01 1.0390264e-02 8.3202347e-02 1.5956013e-01
-1.5225225e+01 9.9622983e-03 8.1358529e-02 1.5624594e-01
-1.5210210e+01 9.5508542e-03 7.9544362e-02 1.5295607e-01
-1.5195195e+01 9.1500128e-03 7.7780837e-02 1.4973745e-01
-1.5180180e+01 8.7613644e-03 7.6034035e-02 1.4656611e-01
-1.5165165e+01 8.3904997e-03 7.4304005e-02 1.4343462e-01
-1.5150150e+01 8.0303641e-03 7.2610654e-02 1.4034707e-01
-1.5135135e+01 7.6836338e-03 7.0939740e-02 1.3727031e-01
-1.5120120e+01 7.3547891e-03 6.9304749e-02 1.3425721e-01
-1.5105105e+01 7.0407910e-03 6.7684590e-02 1.3126844e-01
-1.5090090e+01 6.7339670e-03 6.6092257e-02 1.2834590e-01
-1.5075075e+01 6.4403696e-03 6.4531057e-02 1.2543732e-01
-1.5060060e+01 6.1573184e-03 6.2995601e-02 1.2257938e-01
-1.5045045e+01 5.8866903e-03 6.1478259e-02 1.1977646e-01
-1.5030030e+01 5.6241752e-03 5.9987961e-02 1.1702567e-01
-1.5015015e+01 5.3746550e-03 5.8530119e-02 1.1427480e-01
-1.5000000e+01 5.1341112e-03 5.7091686e-02 1.1156691e-01
-1.4984985e+01 4.9033885e-03 5.5682986e-02 1.0891548e-01
-1.4969970e+01 4.6851116e-03 5.4295245e-02 1.0629011e-01
-1.4954955e+01 4.4756330e-03 5.2930289e-02 1.0373204e-01
-1.4939940e+01 4.2727003e-03 5.1584529e-02 1.0120237e-01
-1.4924925e+01 4.0796632e-03 5.0274657e-02 9.8731827e-02
-1.4909910e+01 3.8938918e-03 4.8987215e-02 9.6281925e-02
-1.4894895e+01 3.7163925e-03 4.7722952e-02 9.3889587e-02
-1.4879880e+01 3.5456839e-03 4.6485476e-02 9.1544774e-02
-1.4864865e+01 3.3822383e-03 4.5274643e-02 8.9240023e-02
-1.4849850e+01 3.2248890e-03 4.4083100e-02 8.6965713e-02
-1.4834835e+01 3.0750710e-03 4.2907496e-02 8.4730250e-02
-1.4819820e+01 2.9310725e-03 4.1759374e-02 8.2551512e-02
-1.4804805e+01 2.7915337e-03 4.0638466e-02 8.0402733e-02
-1.4789790e+01 2.6601271e-03 3.9543812e-02 7.8294185e-02
-1.4774775e+01 2.5333213e-03 3.8461091e-02 7.6219208e-02
-1.4759760e+01 2.4116869e-03 3.7407253e-02 7.4186347e-02
-1.4744745e+01 2.2959906e-03 3.6376160e-02 7.2205633e-02
-1.4729730e+01 2.1855692e-03 3.5363779e-02 7.0263528e-02
-1.4714715e+01 2.0795152e-03 3.4376850e-02 6.8349208e-02
-1.4699700e+01 1.9790168e-03 3.3404444e-02 6.6471118e-02
-1.4684685e+01 1.8825488e-03 3.2458237e-02 6.4637177e-02
-1.4669670e+01 1.7906374e-03 3.1530778e-02 6.2846793e-02
-1.4654655e+01 1.7021914e-03 3.0627761e-02 6.1095014e-02
-1.4639640e+01 1.6187787e-03 2.9745757e-02 5.9379219e-02
-1.4624625e+01 1.5395192e-03 2.8879094e-02 5.7696859e-02
-1.4609610e+01 1.4630009e-03 2.8034612e-02 5.6052792e-02
-1.4594595e+01 1.3900827e-03 2.7209119e-02 5.4440884e-02
-1.4579580e+01 1.3208794e-03 2.6399507e-02 5.2869196e-02
-1.4564565e+01 1.2548689e-03 2.5613747e-02 5.1334311e-02
-1.4549550e+01 1.1918467e-03 2.4846476e-02 4.9829575e-02
-1.4534535e+01 1.1313510e-03 2.4095917e-02 4.8356032e-02
-1.4519520e+01 1.0736971e-03 2.3365092e-02 4.6923912e-02
-1.4504505e+01 1.0190482e-03 2.2650223e-02 4.5518770e-02
-1.4489489e+01 9.6702012e-04 2.1951992e-02 4.4145901e-02
-1.4474474e+01 9.1728642e-04 2.1273348e-02 4.2809416e-02
-1.4459459e+01 8.6963178e-04 2.0611873e-02 4.1506430e-02
-1.4444444e+01 8.2452650e-04 1.9965610e-02 4.0234559e-02
-1.4429429e+01 7.8157332e-04 1.9335089e-02 3.8991600e-02
-1.4414414e+01 7.4072048e-04 1.8722529e-02 3.7776524e-02
-1.4399399e+01 7.0185261e-04 1.8126108e-02 3.6593164e-02
-1.4384384e+01 6.6450183e-04 1.7544573e-02 3.5446891e-02
-1.4369369e+01 6.2933870e-04 1.6978123e-02 3.4323418e-02
-1.4354354e+01 5.9614741e-04 1.6429001e-02 3.3228177e-02
-1.4339339e+01 5.6447688e-04 1.5892248e-02 3.2162057e-02
-1.4324324e+01 5.3424995e-04 1.5371228e-02 3.1123171e-02
-1.4309309e+01 5.0568040e-04 1.4863436e-02 3.0111360e-02
-1.4294294e+01 4.7846484e-04 1.4368016e-02 2.9123510e-02
-1.4279279e+01 4.5259479e-04 1.3888266e-02 2.8168435e-02
-1.4264264e+01 4.2812170e-04 1.3421153e-02 2.7239209e-02
-1.4249249e+01 4.0475124e-04 1.2969641e-02 2.6336040e-02
-1.4234234e+01 3.8270189e-04 1.2529106e-02 2.5452504e-02
-1.4219219e+01 3.6185886e-04 1.2101318e-02 2.4593919e-02
-1.4204204e+01 3.4201153e-04 1.1683780e-02 2.3763561e-02
-1.4189189e+01 3.2310061e-04 1.1279694e-02 2.2951292e-02
-1.4174174e+01 3.0522913e-04 1.0887877e-02 2.2161541e-02
-1.4159159e+01 2.8834215e-04 1.0506446e-02 2.1400220e-02
-1.4144144e+01 2.7230386e-04 1.0137236e-02 2.0657655e-02
-1.4129129e+01 2.5717156e-04 9.7780244e-03 1.9936845e-02
-1.4114114e+01 2.4275091e-04 9.4311335e-03 1.9238016e-02
-1.4099099e+01 2.2914549e-04 9.0936690e-03 1.8556488e-02
-1.4084084e+01 2.1627910e-04 8.7669841e-03 1.7898712e-02
-1.4069069e+01 2.0406118e-04 8.4503213e-03 1.7258537e-02
-1.4054054e+01 1.9250069e-04 8.1427384e-03 1.6640763e-02
-1.4039039e+01 1.8156097e-04 7.8455696e-03 1.6039825e-02
-1.4024024e+01 1.7118373e-04 7.5567835e-03 1.5458296e-02
-1.4009009e+01 1.6133358e-04 7.2769269e-03 1.4896431e-02
-1.3993994e+01 1.5205302e-04 7.0067034e-03 1.4349644e-02
-1.3978979e+01 1.4325590e-04 6.7459801e-03 1.3821671e-02
-1.3963964e+01 1.3498995e-04 6.4933969e-03 1.3309355e-02
-1.3948949e+01 1.2711464e-04 6.2488223e-03 1.2814936e-02
-1.3933934e+01 1.1965467e-04 6.0120824e-03 1.2335073e-02
-1.3918919e+01 1.1265706e-04 5.7834196e-03 1.1869847e-02
-1.3903904e+01 1.0596236e-04 5.5618490e-03 1.1420230e-02
-1.3888889e+01 9.9713907e-05 5.3473591e-03 1.0985737e-02
-1.3873874e+01 9.3810868e-05 5.1405164e-03 1.0566181e-02
-1.3858859e+01 8.8246494e-05 4.9402313e-03 1.0159995e-02
-1.3843844e+01 8.2988228e-05 4.7466924e-03 9.7672700e-03
-1.3828829e+01 7.8015163e-05 4.5600577e-03 9.3882137e-03
-1.3813814e+01 7.3316966e-05 4.3797906e-03 9.0216051e-03
-1.3798799e+01 6.8915094e-05 4.2063031e-03 8.6674560e-03
-1.3783784e+01 6.4769971e-05 4.0386862e-03 8.3252038e-03
-1.3768769e+01 6.0841096e-05 3.8771379e-03 7.9951324e-03
-1.3753754e+01 5.7160955e-05 3.7211098e-03 7.6760962e-03
-1.3738739e+01 5.3690305e-05 3.5703885e-03 7.3681472e-03
-1.3723724e+01 5.0400770e-05 3.4253381e-03 7.0710874e-03
-1.3708709e+01 4.7296234e-05 3.2850385e-03 6.7847004e-03
-1.3693694e+01 4.4373105e-05 3.1501606e-03 6.5087039e-03
-1.3678679e+01 4.1631595e-05 3.0202507e-03 6.2427615e-03
-1.3663664e+01 3.9051369e-05 2.8948146e-03 5.9862898e-03
-1.3648649e+01 3.6625361e-05 2.7741980e-03 5.7393092e-03
-1.3633634e+01 3.4335719e-05 2.6582884e-03 5.5013385e-03
-1.3618619e+01 3.2181757e-05 2.5467881e-03 5.2721437e-03
-1.3603604e+01 3.0164218e-05 2.4392199e-03 5.0514483e-03
-1.3588589e+01 2.8260437e-05 2.3357390e-03 4.8389285e-03
-1.3573574e+01 2.6477744e-05 2.2361871e-03 4.6342489e-03
-1.3558559e+01 2.4799205e-05 2.1403578e-03 4.4372611e-03
-1.3543544e+01 2.3229065e-05 2.0482108e-03 4.2477228e-03
-1.3528529e+01 2.1752962e-05 1.9597192e-03 4.0652602e-03
-1.3513514e+01 2.0359710e-05 1.8746677e-03 3.8897120e-03
-1.3498498e+01 1.9055004e-05 1.7928176e-03 3.7208258e-03
-1.3483483e+01 1.7831484e-05 1.7142122e-03 3.5586350e-03
-1.3468468e+01 1.6680379e-05 1.6386894e-03 3.4031642e-03
-1.3453453e+01 1.5605740e-05 1.5662801e-03 3.2537549e-03
-1.3438438e+01 1.4594217e-05 1.4966295e-03 3.1101033e-03
-1.3423423e+01 1.3646381e-05 1.4298451e-03 2.9722899e-03
-1.3408408e+01 1.2753423e-05 1.3657658e-03 2.8400314e-03
-1.3393393e+01 1.1916498e-05 1.3042877e-03 2.7130742e-03
-1.3378378e+01 1.1135475e-05 1.2453387e-03 2.5911778e-03
-1.3363363e+01 1.0402751e-05 1.1887630e-03 2.4742037e-03
-1.3348348e+01 9.7135319e-06 1.1345115e-03 2.3620120e-03
-1.3333333e+01 9.0689122e-06 1.0825263e-03 2.2544606e-03
-1.3318318e+01 8.4679978e-06 1.0327234e-03 2.1513900e-03
-1.3303303e+01 7.9029993e-06 9.8500708e-04 2.0525975e-03
-1.3288288e+01 7.3783089e-06 9.3927660e-04 1.9579215e-03
-1.3273273e+01 6.8832844e-06 8.9551163e-04 1.8672283e-03
-1.3258258e+01 6.4179469e-06 8.5364463e-04 1.7803553e-03
-1.3243243e+01 5.9843098e-06 8.1348009e-04 1.6971292e-03
-1.3228228e+01 5.5783604e-06 7.7506176e-04 1.6174769e-03
-1.3213213e+01 5.1990728e-06 7.3830974e-04 1.5412365e-03
-1.3198198e+01 4.8449743e-06 7.0317932e-04 1.4682412e-03
-1.3183183e+01 4.5146183e-06 6.6954326e-04 1.3983668e-03
-1.3168168e+01 4.2054302e-06 6.3739358e-04 1.3315597e-03
-1.3153153e+01 3.9170318e-06 6.0663681e-04 1.2676313e-03
-1.3138138e+01 3.6477412e-06 5.7725763e-04 1.2065433e-03
-1.3123123e+01 3.3966410e-06 5.4923096e-04 1.1481778e-03
-1.3108108e+01 3.1623810e-06 5.2245125e-04 1.0923882e-03
-1.3093093e+01 2.9429696e-06 4.9681265e-04 1.0391315e-03
-1.3078078e+01 2.7381549e-06 4.7235877e-04 9.8829723e-04
-1.3063063e+01 2.5461077e-06 4.4901226e-04 9.3974192e-04
-1.3048048e+01 2.3671742e-06 4.2673162e-04 8.9339426e-04
-1.3033033e+01 2.2001679e-06 4.0546321e-04 8.4912644e-04
-1.3018018e+01 2.0455814e-06 3.8519202e-04 8.0685679e-04
-1.3003003e+01 1.9017630e-06 3.6584421e-04 7.6652917e-04
-1.2987988e+01 1.7669515e-06 3.4739104e-04 7.2797711e-04
-1.2972973e+01 1.6412710e-06 3.2981517e-04 6.9131448e-04
-1.2957958e+01 1.5241593e-06 3.1305147e-04 6.5635912e-04
-1.2942943e+01 1.4159800e-06 2.9708262e-04 6.2303899e-04
-1.2927928e+01 1.3145065e-06 2.8187256e-04 5.9128922e-04
-1.2912913e+01 1.2198448e-06 2.6737742e-04 5.6100771e-04
-1.2897898e+01 1.1319803e-06 2.5355605e-04 5.3216613e-04
-1.2882883e+01 1.0505500e-06 2.4041429e-04 5.0472215e-04
-1.2867868e+01 9.7489690e-07 2.2790329e-04 4.7860855e-04
-1.2852853e+01 9.0423179e-07 2.1600548e-04 4.5374949e-04
-1.2837838e+01 8.3869187e-07 2.0469068e-04 4.3000509e-04
-1.2822823e+01 7.7761204e-07 1.9392416e-04 4.0747695e-04
-1.2807808e+01 7.2076905e-07 1.8368453e-04 3.8605567e-04
-1.2792793e+01 6.6767031e-07 1.7395552e-04 3.6569156e-04
-1.2777778e+01 6.1860355e-07 1.6470165e-04 3.4627096e-04
-1.2762763e+01 5.7301551e-07 1.5590472e-04 3.2785145e-04
-1.2747748e+01 5.3069394e-07 1.4754292e-04 3.1035342e-04
-1.2732733e+01 4.9140477e-07 1.3960581e-04 2.9370148e-04
-1.2717718e+01 4.5495588e-07 1.3206914e-04 2.7789998e-04
-1.2702703e+01 4.2108444e-07 1.2490871e-04 2.6289348e-04
-1.2687688e+01 3.8961926e-07 1.1811270e-04 2.4862009e-04
-1.2672673e+01 3.6035431e-07 1.1166594e-04 2.3508788e-04
-1.2657658e+01 3.3311422e-07 1.0554556e-04 2.2225485e-04
-1.2642643e+01 3.0792577e-07 9.9741961e-05 2.1007010e-04
-1.2627628e+01 2.8472188e-07 9.4237552e-05 1.9851685e-04
-1.2612613e+01 2.6327948e-07 8.9013090e-05 1.8755918e-04
-1.2597598e+01 2.4326202e-07 8.4060248e-05 1.7716201e-04
-1.2582583e+01 2.2474913e-07 7.9367836e-05 1.6731637e-04
-1.2567568e+01 2.0756488e-07 7.4921619e-05 1.5798091e-04
-1.2552553e+01 1.9169195e-07 7.0709001e-05 1.4913401e-04
-1.2537538e+01 1.7706511e-07 6.6718384e-05 1.4075226e-04
-1.2522523e+01 1.6348619e-07 6.2940030e-05 1.3281339e-04
-1.2507508e+01 1.5083504e-07 5.9364721e-05 1.2528459e-04
-1.2492492e+01 1.3918638e-07 5.5980644e-05 1.1816930e-04
-1.2477477e+01 1.2842228e-07 5.2778289e-05 1.1143443e-04
-1.2462462e+01 1.1851930e-07 4.9748111e-05 1.0506108e-04
-1.2447447e+01 1.0930113e-07 4.6881803e-05 9.9031188e-05
-1.2432432e+01 1.0081066e-07 4.4171287e-05 9.3317122e-05
-1.2417417e+01 9.2928891e-08 4.1608668e-05 8.7920212e-05
-1.2402402e+01 8.5649318e-08 3.9187382e-05 8.2821278e-05
-1.2387387e+01 7.8944231e-08 3.6898608e-05 7.8001728e-05
-1.2372372e+01 7.2745681e-08 3.4735796e-05 7.3446525e-05
-1.2357357e+01 6.6986383e-08 3.2692961e-05 6.9138997e-05
-1.2342342e+01 6.1685003e-08 3.0763254e-05 6.5074502e-05
-1.2327327e+01 5.6785337e-08 2.8941521e-05 6.1236103e-05
-1.2312312e+01 5.2268566e-08 2.7221819e-05 5.7611669e-05
-1.2297297e+01 4.8092393e-08 2.5599051e-05 5.4189646e-05
-1.2282282e+01 4.4265153e-08 2.4067845e-05 5.0960052e-05
-1.2267267e+01 4.0725794e-08 2.2622663e-05 4.7907989e-05
-1.2252252e+01 3.7466570e-08 2.1260198e-05 4.5033176e-05
-1.2237237e+01 3.4437854e-08 1.9975502e-05 4.2321881e-05
-1.2222222e+01 3.1656168e-08 1.8764651e-05 3.9764620e-05
-1.2207207e+01 2.9097586e-08 1.7623331e-05 3.7354728e-05
-1.2192192e+01 2.6745730e-08 1.6548142e-05 3.5083430e-05
-1.2177177e+01 2.4564272e-08 1.5535301e-05 3.2943234e-05
-1.2162162e+01 2.2560844e-08 1.4581329e-05 3.0927023e-05
-1.2147147e+01 2.0718234e-08 1.3683115e-05 2.9026600e-05
-1.2132132e+01 1.9025415e-08 1.2837506e-05 2.7238323e-05
-1.2117117e+01 1.7469142e-08 1.2041599e-05 2.5553718e-05
-1.2102102e+01 1.6029597e-08 1.1292640e-05 2.3969629e-05
-1.2087087e+01 1.4701834e-08 1.0588017e-05 2.2478957e-05
-1.2072072e+01 1.3483376e-08 9.9252521e-06 2.1075030e-05
-1.2057057e+01 1.2366210e-08 9.3019988e-06 1.9755838e-05
-1.2042042e+01 1.1343200e-08 8.7159898e-06 1.8515284e-05
-1.2027027e+01 1.0395874e-08 8.1651649e-06 1.7348331e-05
-1.2012012e+01 9.5309856e-09 7.6475270e-06 1.6252051e-05
-1.1996997e+01 8.7348897e-09 7.1611847e-06 1.5220830e-05
-1.1981982e+01 8.0013857e-09 6.7043477e-06 1.4252917e-05
-1.1966967e+01 7.3315082e-09 6.2753214e-06 1.3343715e-05
-1.1951952e+01 6.7161295e-09 5.8725024e-06 1.2489845e-05
-1.1936937e+01 6.1494881e-09 5.4944057e-06 1.1688129e-05
-1.1921922e+01 5.6298637e-09 5.1395692e-06 1.0933536e-05
-1.1906907e+01 5.1525571e-09 4.8065298e-06 1.0227418e-05
-1.1891892e+01 4.7149020e-09 4.4941174e-06 9.5641910e-06
-1.1876877e+01 4.3136123e-09 4.2011196e-06 8.9427177e-06
-1.1861862e+01 3.9459256e-09 3.9263907e-06 8.3598480e-06
-1.1846847e+01 3.6079846e-09 3.6687250e-06 7.8123356e-06
-1.1831832e+01 3.2988449e-09 3.4274105e-06 7.3000410e-06
-1.1816817e+01 3.0155992e-09 3.2013098e-06 6.8196317e-06
-1.1801802e+01 2.7551711e-09 2.9894889e-06 6.3696868e-06
-1.1786787e+01 2.5171278e-09 2.7910900e-06 5.9481559e-06
-1.1771772e+01 2.2990084e-09 2.6053038e-06 5.5533393e-06
-1.1756757e+01 2.0997234e-09 2.4313672e-06 5.1835424e-06
-1.1741742e+01 1.9174544e-09 2.2685529e-06 4.8374464e-06
-1.1726727e+01 1.7503764e-09 2.1161707e-06 4.5134979e-06
-1.1711712e+01 1.5979977e-09 1.9736049e-06 4.2100522e-06
-1.1696697e+01 1.4584117e-09 1.8402577e-06 3.9256230e-06
-1.1681682e+01 1.3308027e-09 1.7155701e-06 3.6602461e-06
-1.1666667e+01 1.2140550e-09 1.5989908e-06 3.4121928e-06
-1.1651652e+01 1.1071221e-09 1.4900165e-06 3.1802733e-06
-1.1636637e+01 1.0095248e-09 1.3881709e-06 2.9631261e-06
-1.1621622e+01 9.2026752e-10 1.2930074e-06 2.7605767e-06
-1.1606607e+01 8.3887556e-10 1.2041116e-06 2.5713254e-06
-1.1591592e+01 7.6450133e-10 1.1210892e-06 2.3943889e-06
-1.1576577e+01 6.9656445e-10 1.0435692e-06 2.2292741e-06
-1.1561562e+01 6.3476161e-10 9.7120293e-07 2.0749565e-06
-1.1546547e+01 5.7814623e-10 9.0366475e-07 1.9310519e-06
-1.1531532e+01 5.2641116e-10 8.4064637e-07 1.7967452e-06
-1.1516517e+01 4.7917890e-10 7.8185633e-07 1.6712552e-06
-1.1501502e+01 4.3596519e-10 7.2701848e-07 1.5543576e-06
-1.1486486e+01 3.9667588e-10 6.7588249e-07 1.4453289e-06
-1.1471471e+01 3.6092527e-10 6.2821263e-07 1.3436227e-06
-1.1456456e+01 3.2828384e-10 5.8378285e-07 1.2486807e-06
-1.1441441e+01 2.9853759e-10 5.4238135e-07 1.1603474e-06
-1.1426426e+01 2.7142949e-10 5.0380880e-07 1.0780335e-06
-1.1411411e+01 2.4670734e-10 4.6787982e-07 1.0013458e-06
-1.1396396e+01 2.2422279e-10 4.3442015e-07 9.2988596e-07
-1.1381381e+01 2.0372799e-10 4.0326642e-07 8.6332025e-07
-1.1366366e+01 1.8505241e-10 3.7426720e-07 8.0139624e-07
-1.1351351e+01 1.6802552e-10 3.4727947e-07 7.4375561e-07
-1.1336336e+01 1.5256039e-10 3.2216888e-07 6.9011391e-07
-1.1321321e+01 1.3850159e-10 2.9880974e-07 6.4019624e-07
-1.1306306e+01 1.2568961e-10 2.7708533e-07 5.9375030e-07
-1.1291291e+01 1.1406034e-10 2.5688581e-07 5.5052509e-07
-1.1276276e+01 1.0348543e-10 2.3810888e-07 5.1027070e-07
-1.1261261e+01 9.3887690e-11 2.2065748e-07 4.7296406e-07
-1.1246246e+01 8.5165260e-11 2.0444162e-07 4.3829168e-07
-1.1231231e+01 7.7206481e-11 1.8937714e-07 4.0604730e-07
-1.1216216e+01 6.9976834e-11 1.7538538e-07 3.7612020e-07
-1.1201201e+01 6.3425380e-11 1.6239281e-07 3.4831903e-07
-1.1186186e+01 5.7469697e-11 1.5033073e-07 3.2250981e-07
-1.1171171e+01 5.2064988e-11 1.3913499e-07 2.9853079e-07
-1.1156156e+01 4.7147957e-11 1.2874563e-07 2.7626302e-07
-1.1141141e+01 4.2675404e-11 1.1910651e-07 2.5560438e-07
-1.1126126e+01 3.8623736e-11 1.1016561e-07 2.3646373e-07
-1.1111111e+01 3.4957770e-11 1.0187419e-07 2.1870984e-07
-1.1096096e+01 3.1626732e-11 9.4186770e-08 2.0223466e-07
-1.1081081e+01 2.8606892e-11 8.7060893e-08 1.8697078e-07
-1.1066066e+01 2.5876936e-11 8.0456769e-08 1.7282216e-07
-1.1051051e+01 2.3398232e-11 7.4337795e-08 1.5971022e-07
-1.1036036e+01 2.1154202e-11 6.8669577e-08 1.4755916e-07
-1.1021021e+01 1.9119558e-11 6.3420064e-08 1.3630601e-07
-1.1006006e+01 1.7278810e-11 5.8559415e-08 1.2588399e-07
-1.0990991e+01 1.5615926e-11 5.4060047e-08 1.1623456e-07
-1.0975976e+01 1.4111308e-11 4.9895763e-08 1.0730173e-07
-1.0960961e+01 1.2743787e-11 4.6042456e-08 9.9034360e-08
-1.0945946e+01 1.1507484e-11 4.2477686e-08 9.1385492e-08
-1.0930931e+01 1.0386471e-11 3.9179619e-08 8.4308450e-08
-1.0915916e+01 9.3758778e-12 3.6130749e-08 7.7768676e-08
-1.0900901e+01 8.4571511e-12 3.3312070e-08 7.1715400e-08
-1.0885886e+01 7.6287914e-12 3.0706750e-08 6.6114916e-08
-1.0870871e+01 6.8804135e-12 2.8299166e-08 6.0942306e-08
-1.0855856e+01 6.2046636e-12 2.6074800e-08 5.6163072e-08
-1.0840841e+01 5.5962226e-12 2.4020160e-08 5.1747619e-08
-1.0825826e+01 5.0454770e-12 2.2122712e-08 4.7669153e-08
-1.0810811e+01 4.5495075e-12 2.0370815e-08 4.3902782e-08
-1.0795796e+01 4.0991759e-12 1.8753659e-08 4.0425913e-08
-1.0780781e+01 3.6941366e-12 1.7260647e-08 3.7215995e-08
-1.0765766e+01 3.3272323e-12 1.5883584e-08 3.4260110e-08
-1.0750751e+01 2.9958736e-12 1.4613273e-08 3.1527517e-08
-1.0735736e+01 2.6974077e-12 1.3441697e-08 2.9005670e-08
-1.0720721e+01 2.4276214e-12 1.2361417e-08 2.6675735e-08
-1.0705706e+01 2.1848617e-12 1.1365538e-08 2.4531490e-08
-1.0690691e+01 1.9655782e-12 1.0447667e-08 2.2553129e-08
-1.0675676e+01 1.7683908e-12 9.6018788e-09 2.0731436e-08
-1.0660661e+01 1.5905523e-12 8.8226834e-09 1.9052546e-08
-1.0645646e+01 1.4301579e-12 8.1049949e-09 1.7504590e-08
-1.0630631e+01 1.2857176e-12 7.4440939e-09 1.6080238e-08
-1.0615616e+01 1.1555463e-12 6.8356189e-09 1.4768429e-08
-1.0600601e+01 1.0382084e-12 6.2755448e-09 1.3554019e-08
-1.0585586e+01 9.3285516e-13 5.7601344e-09 1.2440758e-08
-1.0570571e+01 8.3773411e-13 5.2859297e-09 1.1418804e-08
-1.0555556e+01 7.5213733e-13 4.8497320e-09 1.0477381e-08
-1.0540541e+01 6.7515559e-13 4.4485829e-09 9.6126274e-09
-1.0525526e+01 6.0599254e-13 4.0796468e-09 8.8173689e-09
-1.0510511e+01 5.4389978e-13 3.7406130e-09 8.0860525e-09
-1.0495495e+01 4.8806366e-13 3.4290243e-09 7.4140486e-09
-1.0480480e+01 4.3787713e-13 3.1427216e-09 6.7962270e-09
-1.0465465e+01 3.9265568e-13 2.8796814e-09 6.2286631e-09
-1.0450450e+01 3.5200858e-13 2.6381230e-09 5.7072823e-09
-1.0435435e+01 3.1554718e-13 2.4163131e-09 5.2280747e-09
-1.0420420e+01 2.8293960e-13 2.2126817e-09 4.7883566e-09
-1.0405405e+01 2.5364247e-13 2.0257797e-09 4.3847847e-09
-1.0390390e+01 2.2730370e-13 1.8542704e-09 4.0143278e-09
-1.0375375e+01 2.0358513e-13 1.6969203e-09 3.6738137e-09
-1.0360360e+01 1.8224259e-13 1.5525922e-09 3.3614307e-09
-1.0345345e+01 1.6313562e-13 1.4202373e-09 3.0748496e-09
-1.0330330e+01 1.4601877e-13 1.2988888e-09 2.8130424e-09
-1.0315315e+01 1.3068266e-13 1.1876555e-09 2.5725391e-09
-1.0300300e+01 1.1695650e-13 1.0857146e-09 2.3518728e-09
-1.0285285e+01 1.0464244e-13 9.9231239e-10 2.1500392e-09
-1.0270270e+01 9.3627358e-14 9.0675244e-10 1.9649801e-09
-1.0255255e+01 8.3761101e-14 8.2839339e-10 1.7957466e-09
-1.0240240e+01 7.4895501e-14 7.5664485e-10 1.6402223e-09
-1.0225225e+01 6.6930544e-14 6.9096349e-10 1.4979863e-09
-1.0210210e+01 5.9779892e-14 6.3084939e-10 1.3675520e-09
-1.0195195e+01 5.3387495e-14 5.7584266e-10 1.2482745e-09
-1.0180180e+01 4.7683619e-14 5.2552037e-10 1.1394071e-09
-1.0165165e+01 4.2574134e-14 4.7949362e-10 1.0398131e-09
-1.0150150e+01 3.8013924e-14 4.3740493e-10 9.4864628e-10
-1.0135135e+01 3.3937198e-14 3.9892575e-10 8.6527204e-10
-1.0120120e+01 3.0286703e-14 3.6375422e-10 7.8926684e-10
-1.0105105e+01 2.7014230e-14 3.3161301e-10 7.1967446e-10
-1.0090090e+01 2.4104171e-14 3.0224745e-10 6.5601767e-10
-1.0075075e+01 2.1496426e-14 2.7542369e-10 5.9795834e-10
-1.0060060e+01 1.9168686e-14 2.5092706e-10 5.4485999e-10
-1.0045045e+01 1.7097068e-14 2.2856054e-10 4.9630116e-10
-1.0030030e+01 1.5236160e-14 2.0814337e-10 4.5201536e-10
-1.0015015e+01 1.3578660e-14 1.8950970e-10 4.1166208e-10
-1.0000000e+01 1.2101131e-14 1.7250746e-10 3.7480031e-10
