X KDE_INF KDE_MED KDE_SUP
-4.0000000e+00 2.9760816e-15 5.3169529e-09 1.0633908e-08
-3.9949950e+00 3.5648225e-15 6.0537722e-09 1.2107547e-08
-3.9899900e+00 4.2676931e-15 6.8889259e-09 1.3777855e-08
-3.9849850e+00 5.1063506e-15 7.8350022e-09 1.5670008e-08
-3.9799800e+00 6.1064705e-15 8.9061274e-09 1.7812259e-08
-3.9749750e+00 7.2984744e-15 1.0118144e-08 2.0236294e-08
-3.9699700e+00 8.7183862e-15 1.1488808e-08 2.2977623e-08
-3.9649650e+00 1.0408839e-14 1.3038009e-08 2.6076026e-08
-3.9599600e+00 1.2420260e-14 1.4788011e-08 2.9576030e-08
-3.9549550e+00 1.4812258e-14 1.6763720e-08 3.3527451e-08
-3.9499499e+00 1.7655257e-14 1.8992984e-08 3.7985982e-08
-3.9449449e+00 2.1032409e-14 2.1506919e-08 4.3013853e-08
-3.9399399e+00 2.5041836e-14 2.4340268e-08 4.8680554e-08
-3.9349349e+00 2.9799262e-14 2.7531805e-08 5.5063632e-08
-3.9299299e+00 3.5441088e-14 3.1124773e-08 6.2249572e-08
-3.9249249e+00 4.2127994e-14 3.5167368e-08 7.0334767e-08
-3.9199199e+00 5.0049149e-14 3.9713276e-08 7.9426589e-08
-3.9149149e+00 5.9427138e-14 4.4822259e-08 8.9644560e-08
-3.9099099e+00 7.0523707e-14 5.0560800e-08 1.0112165e-07
-3.9049049e+00 8.3646474e-14 5.7002815e-08 1.1400569e-07
-3.8998999e+00 9.9156764e-14 6.4230431e-08 1.2846093e-07
-3.8948949e+00 1.1747873e-13 7.2334844e-08 1.4466977e-07
-3.8898899e+00 1.3911000e-13 8.1417251e-08 1.6283460e-07
-3.8848849e+00 1.6463404e-13 9.1589880e-08 1.8317987e-07
-3.8798799e+00 1.9473461e-13 1.0297711e-07 2.0595436e-07
-3.8748749e+00 2.3021247e-13 1.1571672e-07 2.3143360e-07
-3.8698699e+00 2.7200490e-13 1.2996119e-07 2.5992257e-07
-3.8648649e+00 3.2120836e-13 1.4587922e-07 2.9175866e-07
-3.8598599e+00 3.7910467e-13 1.6365729e-07 3.2731484e-07
-3.8548549e+00 4.4719160e-13 1.8350143e-07 3.6700316e-07
-3.8498498e+00 5.2721815e-13 2.0563911e-07 4.1127857e-07
-3.8448448e+00 6.2122548e-13 2.3032132e-07 4.6064306e-07
-3.8398398e+00 7.3159442e-13 2.5782484e-07 5.1565017e-07
-3.8348348e+00 8.6110024e-13 2.8845465e-07 5.7690987e-07
-3.8298298e+00 1.0129762e-12 3.2254662e-07 6.4509391e-07
-3.8248248e+00 1.1909869e-12 3.6047041e-07 7.2094161e-07
-3.8198198e+00 1.3995130e-12 4.0263259e-07 8.0526610e-07
-3.8148148e+00 1.6436491e-12 4.4948003e-07 8.9896113e-07
-3.8098098e+00 1.9293166e-12 5.0150359e-07 1.0030084e-06
-3.8048048e+00 2.2633936e-12 5.5924212e-07 1.1184857e-06
-3.7997998e+00 2.6538654e-12 6.2328671e-07 1.2465751e-06
-3.7947948e+00 3.1099966e-12 6.9428540e-07 1.3885728e-06
-3.7897898e+00 3.6425302e-12 7.7294817e-07 1.5458986e-06
-3.7847848e+00 4.2639158e-12 8.6005236e-07 1.7201074e-06
-3.7797798e+00 4.9885726e-12 9.5644848e-07 1.9129001e-06
-3.7747748e+00 5.8331911e-12 1.0630665e-06 2.1261367e-06
-3.7697698e+00 6.8170790e-12 1.1809227e-06 2.3618496e-06
-3.7647648e+00 7.9625592e-12 1.3111268e-06 2.6222584e-06
-3.7597598e+00 9.2954250e-12 1.4548897e-06 2.9097851e-06
-3.7547548e+00 1.0845462e-11 1.6135322e-06 3.2270709e-06
-3.7497497e+00 1.2647046e-11 1.7884935e-06 3.5769946e-06
-3.7447447e+00 1.4739826e-11 1.9813412e-06 3.9626912e-06
-3.7397397e+00 1.7169508e-11 2.1937814e-06 4.3875731e-06
-3.7347347e+00 1.9988747e-11 2.4276698e-06 4.8553514e-06
-3.7297297e+00 2.3258170e-11 2.6850232e-06 5.3700601e-06
-3.7247247e+00 2.7047538e-11 2.9680325e-06 5.9360808e-06
-3.7197197e+00 3.1437079e-11 3.2790757e-06 6.5581695e-06
-3.7147147e+00 3.6518999e-11 3.6207322e-06 7.2414852e-06
-3.7097097e+00 4.2399213e-11 3.9957981e-06 7.9916203e-06
-3.7047047e+00 4.9199306e-11 4.4073024e-06 8.8146325e-06
-3.6996997e+00 5.7058769e-11 4.8585238e-06 9.7170796e-06
-3.6946947e+00 6.6137545e-11 5.3530094e-06 1.0706055e-05
-3.6896897e+00 7.6618915e-11 5.8945933e-06 1.1789229e-05
-3.6846847e+00 8.8712778e-11 6.4874178e-06 1.2974884e-05
-3.6796797e+00 1.0265938e-10 7.1359543e-06 1.4271964e-05
-3.6746747e+00 1.1873351e-10 7.8450269e-06 1.5690117e-05
-3.6696697e+00 1.3724934e-10 8.6198358e-06 1.7239744e-05
-3.6646647e+00 1.5856579e-10 9.4659831e-06 1.8932050e-05
-3.6596597e+00 1.8309269e-10 1.0389500e-05 2.0779095e-05
-3.6546547e+00 2.1129769e-10 1.1396873e-05 2.2793856e-05
-3.6496496e+00 2.4371418e-10 1.2495079e-05 2.4990283e-05
-3.6446446e+00 2.8095005e-10 1.3691608e-05 2.7383358e-05
-3.6396396e+00 3.2369777e-10 1.4994503e-05 2.9989169e-05
-3.6346346e+00 3.7274565e-10 1.6412393e-05 3.2824971e-05
-3.6296296e+00 4.2899057e-10 1.7954524e-05 3.5909260e-05
-3.6246246e+00 4.9345232e-10 1.9630804e-05 3.9261848e-05
-3.6196196e+00 5.6728975e-10 2.1451835e-05 4.2903944e-05
-3.6146146e+00 6.5181894e-10 2.3428959e-05 4.6858229e-05
-3.6096096e+00 7.4853362e-10 2.5574298e-05 5.1148950e-05
-3.6046046e+00 8.5912816e-10 2.7900799e-05 5.5802000e-05
-3.5995996e+00 9.8552332e-10 3.0422280e-05 6.0845015e-05
-3.5945946e+00 1.1298952e-09 3.3153475e-05 6.6307465e-05
-3.5895896e+00 1.2947077e-09 3.6110087e-05 7.2220758e-05
-3.5845846e+00 1.4827490e-09 3.9308838e-05 7.8618338e-05
-3.5795796e+00 1.6971720e-09 4.2767521e-05 8.5535789e-05
-3.5745746e+00 1.9415403e-09 4.6505052e-05 9.3010948e-05
-3.5695696e+00 2.2198789e-09 5.0541530e-05 1.0108401e-04
-3.5645646e+00 2.5367315e-09 5.4898292e-05 1.0979766e-04
-3.5595596e+00 2.8972239e-09 5.9597971e-05 1.1919715e-04
-3.5545546e+00 3.3071354e-09 6.4664558e-05 1.2933048e-04
-3.5495495e+00 3.7729776e-09 7.0123463e-05 1.4024846e-04
-3.5445445e+00 4.3020836e-09 7.6001575e-05 1.5200487e-04
-3.5395395e+00 4.9027057e-09 8.2327331e-05 1.6465660e-04
-3.5345345e+00 5.5841256e-09 8.9130776e-05 1.7826372e-04
-3.5295295e+00 6.3567759e-09 9.6443629e-05 1.9288969e-04
-3.5245245e+00 7.2323761e-09 1.0429935e-04 2.0860142e-04
-3.5195195e+00 8.2240832e-09 1.1273321e-04 2.2546947e-04
-3.5145145e+00 9.3466585e-09 1.2178236e-04 2.4356811e-04
-3.5095095e+00 1.0616654e-08 1.3148587e-04 2.6297553e-04
-3.5045045e+00 1.2052617e-08 1.4188484e-04 2.8377392e-04
-3.4994995e+00 1.3675318e-08 1.5302245e-04 3.0604962e-04
-3.4944945e+00 1.5508006e-08 1.6494400e-04 3.2989325e-04
-3.4894895e+00 1.7576683e-08 1.7769702e-04 3.5539986e-04
-3.4844845e+00 1.9910414e-08 1.9133128e-04 3.8266902e-04
-3.4794795e+00 2.2541672e-08 2.0589891e-04 4.1180498e-04
-3.4744745e+00 2.5506707e-08 2.2145442e-04 4.4291678e-04
-3.4694695e+00 2.8845969e-08 2.3805478e-04 4.7611835e-04
-3.4644645e+00 3.2604559e-08 2.5575946e-04 5.1152863e-04
-3.4594595e+00 3.6832738e-08 2.7463050e-04 5.4927171e-04
-3.4544545e+00 4.1586481e-08 2.9473254e-04 5.8947688e-04
-3.4494494e+00 4.6928084e-08 3.1613288e-04 6.3227874e-04
-3.4444444e+00 5.2926842e-08 3.3890153e-04 6.7781730e-04
-3.4394394e+00 5.9659780e-08 3.6311121e-04 7.2623804e-04
-3.4344344e+00 6.7212468e-08 3.8883743e-04 7.7769198e-04
-3.4294294e+00 7.5679903e-08 4.1615849e-04 8.3233570e-04
-3.4244244e+00 8.5167488e-08 4.4515552e-04 8.9033146e-04
-3.4194194e+00 9.5792093e-08 4.7591245e-04 9.5184714e-04
-3.4144144e+00 1.0768322e-07 5.0851606e-04 1.0170563e-03
-3.4094094e+00 1.2098430e-07 5.4305600e-04 1.0861382e-03
-3.4044044e+00 1.3585405e-07 5.7962470e-04 1.1592778e-03
-3.3993994e+00 1.5246801e-07 6.1831743e-04 1.2366656e-03
-3.3943944e+00 1.7102024e-07 6.5923226e-04 1.3184976e-03
-3.3893894e+00 1.9172507e-07 7.0246999e-04 1.4049755e-03
-3.3843844e+00 2.1481913e-07 7.4813414e-04 1.4963064e-03
-3.3793794e+00 2.4056345e-07 7.9633088e-04 1.5927025e-03
-3.3743744e+00 2.6924585e-07 8.4716898e-04 1.6943813e-03
-3.3693694e+00 3.0118342e-07 9.0075970e-04 1.8015654e-03
-3.3643644e+00 3.3672535e-07 9.5721673e-04 1.9144820e-03
-3.3593594e+00 3.7625587e-07 1.0166561e-03 2.0333632e-03
-3.3543544e+00 4.2019751e-07 1.0791959e-03 2.1584453e-03
-3.3493493e+00 4.6901466e-07 1.1449566e-03 2.2899688e-03
-3.3443443e+00 5.2321734e-07 1.2140603e-03 2.4281781e-03
-3.3393393e+00 5.8336533e-07 1.2866310e-03 2.5733209e-03
-3.3343343e+00 6.5007266e-07 1.3627942e-03 2.7256484e-03
-3.3293293e+00 7.2401240e-07 1.4426771e-03 2.8854145e-03
-3.3243243e+00 8.0592189e-07 1.5264079e-03 3.0528755e-03
-3.3193193e+00 8.9660829e-07 1.6141157e-03 3.2282897e-03
-3.3143143e+00 9.9695471e-07 1.7059307e-03 3.4119169e-03
-3.3093093e+00 1.1079267e-06 1.8019833e-03 3.6040181e-03
-3.3043043e+00 1.2305790e-06 1.9024045e-03 3.8048545e-03
-3.2992993e+00 1.3660637e-06 2.0073251e-03 4.0146876e-03
-3.2942943e+00 1.5156375e-06 2.1168755e-03 4.2337780e-03
-3.2892893e+00 1.6806712e-06 2.2311858e-03 4.4623853e-03
-3.2842843e+00 1.8626581e-06 2.3503851e-03 4.7007670e-03
-3.2792793e+00 2.0632251e-06 2.4746011e-03 4.9491782e-03
-3.2742743e+00 2.2841421e-06 2.6039600e-03 5.2078707e-03
-3.2692693e+00 2.5273344e-06 2.7385862e-03 5.4770923e-03
-3.2642643e+00 2.7948946e-06 2.8786016e-03 5.7570862e-03
-3.2592593e+00 3.0890953e-06 3.0241254e-03 6.0480898e-03
-3.2542543e+00 3.4124032e-06 3.1752739e-03 6.3503344e-03
-3.2492492e+00 3.7674942e-06 3.3321596e-03 6.6640441e-03
-3.2442442e+00 4.1572685e-06 3.4948914e-03 6.9894351e-03
-3.2392392e+00 4.5848678e-06 3.6635735e-03 7.3267147e-03
-3.2342342e+00 5.0536932e-06 3.8383057e-03 7.6760803e-03
-3.2292292e+00 5.5674235e-06 4.0191823e-03 8.0377189e-03
-3.2242242e+00 6.1300359e-06 4.2062922e-03 8.4118060e-03
-3.2192192e+00 6.7458266e-06 4.3997179e-03 8.7985044e-03
-3.2142142e+00 7.4194341e-06 4.5995357e-03 9.1979638e-03
-3.2092092e+00 8.1558619e-06 4.8058147e-03 9.6103195e-03
-3.2042042e+00 8.9605049e-06 5.0186165e-03 1.0035691e-02
-3.1991992e+00 9.8391741e-06 5.2379950e-03 1.0474184e-02
-3.1941942e+00 1.0798127e-05 5.4639956e-03 1.0925883e-02
-3.1891892e+00 1.1844093e-05 5.6966552e-03 1.1390859e-02
-3.1841842e+00 1.2984311e-05 5.9360012e-03 1.1869161e-02
-3.1791792e+00 1.4226555e-05 6.1820517e-03 1.2360820e-02
-3.1741742e+00 1.5579172e-05 6.4348145e-03 1.2865845e-02
-3.1691692e+00 1.7051116e-05 6.6942873e-03 1.3384225e-02
-3.1641642e+00 1.8651989e-05 6.9604568e-03 1.3915925e-02
-3.1591592e+00 2.0392074e-05 7.2332987e-03 1.4460890e-02
-3.1541542e+00 2.2282383e-05 7.5127774e-03 1.5019039e-02
-3.1491491e+00 2.4334696e-05 7.7988452e-03 1.5590266e-02
-3.1441441e+00 2.6561604e-05 8.0914426e-03 1.6174442e-02
-3.1391391e+00 2.8976560e-05 8.3904977e-03 1.6771410e-02
-3.1341341e+00 3.1593924e-05 8.6959262e-03 1.7380990e-02
-3.1291291e+00 3.4429015e-05 9.0076308e-03 1.8002971e-02
-3.1241241e+00 3.7498160e-05 9.3255016e-03 1.8637120e-02
-3.1191191e+00 4.0818772e-05 9.6494155e-03 1.9283171e-02
-3.1141141e+00 4.4409509e-05 9.9792363e-03 1.9940835e-02
-3.1091091e+00 4.8289768e-05 1.0314815e-02 2.0609791e-02
-3.1041041e+00 5.2480584e-05 1.0655988e-02 2.1289694e-02
-3.0990991e+00 5.7004209e-05 1.1002581e-02 2.1980167e-02
-3.0940941e+00 6.1884230e-05 1.1354405e-02 2.2680806e-02
-3.0890891e+00 6.7145655e-05 1.1711257e-02 2.3391180e-02
-3.0840841e+00 7.2814984e-05 1.2072924e-02 2.4110828e-02
-3.0790791e+00 7.8920275e-05 1.2439179e-02 2.4839263e-02
-3.0740741e+00 8.5491222e-05 1.2809781e-02 2.5575971e-02
-3.0690691e+00 9.2559214e-05 1.3184481e-02 2.6320408e-02
-3.0640641e+00 1.0015741e-04 1.3563015e-02 2.7072007e-02
-3.0590591e+00 1.0832081e-04 1.3945109e-02 2.7830173e-02
-3.0540541e+00 1.1708633e-04 1.4330479e-02 2.8594289e-02
-3.0490490e+00 1.2649288e-04 1.4718829e-02 2.9363710e-02
-3.0440440e+00 1.3658143e-04 1.5109856e-02 3.0137771e-02
-3.0390390e+00 1.4739510e-04 1.5503247e-02 3.0915782e-02
-3.0340340e+00 1.5897921e-04 1.5898679e-02 3.1697035e-02
-3.0290290e+00 1.7138138e-04 1.6295824e-02 3.2480800e-02
-3.0240240e+00 1.8465161e-04 1.6694347e-02 3.3266328e-02
-3.0190190e+00 1.9884248e-04 1.7093906e-02 3.4052855e-02
-3.0140140e+00 2.1400894e-04 1.7494156e-02 3.4839599e-02
-3.0090090e+00 2.3020995e-04 1.7894745e-02 3.5625767e-02
-3.0040040e+00 2.4750761e-04 1.8295321e-02 3.6410550e-02
-2.9989990e+00 2.6605411e-04 1.8693212e-02 3.7193131e-02
-2.9939940e+00 2.8576695e-04 1.9089695e-02 3.7972683e-02
-2.9889890e+00 3.0674511e-04 1.9484644e-02 3.8748371e-02
-2.9839840e+00 3.2908717e-04 1.9877659e-02 3.9519358e-02
-2.9789790e+00 3.5286782e-04 2.0268336e-02 4.0284800e-02
-2.9739740e+00 3.7816484e-04 2.0656274e-02 4.1043856e-02
-2.9689690e+00 4.0505914e-04 2.1041071e-02 4.1795683e-02
-2.9639640e+00 4.3363476e-04 2.1422327e-02 4.2539443e-02
-2.9589590e+00 4.6397898e-04 2.1799646e-02 4.3274303e-02
-2.9539540e+00 4.9618233e-04 2.2172635e-02 4.3999437e-02
-2.9489489e+00 5.3033865e-04 2.2540908e-02 4.4714031e-02
-2.9439439e+00 5.6654506e-04 2.2904084e-02 4.5417281e-02
-2.9389389e+00 6.0490206e-04 2.3261788e-02 4.6108399e-02
-2.9339339e+00 6.4551351e-04 2.3613657e-02 4.6786613e-02
-2.9289289e+00 6.8848663e-04 2.3959334e-02 4.7451169e-02
-2.9239239e+00 7.3393203e-04 2.4298474e-02 4.8101338e-02
-2.9189189e+00 7.8196366e-04 2.4630745e-02 4.8736409e-02
-2.9139139e+00 8.3269888e-04 2.4955824e-02 4.9355702e-02
-2.9089089e+00 8.8625834e-04 2.5273406e-02 4.9958561e-02
-2.9039039e+00 9.4276601e-04 2.5583196e-02 5.0544363e-02
-2.8988989e+00 1.0023653e-03 2.5884922e-02 5.1112513e-02
-2.8938939e+00 1.0651549e-03 2.6178317e-02 5.1662454e-02
-2.8888889e+00 1.1312925e-03 2.6463186e-02 5.2193666e-02
-2.8838839e+00 1.2008984e-03 2.6739231e-02 5.2705657e-02
-2.8788789e+00 1.2742353e-03 2.7006524e-02 5.3197986e-02
-2.8738739e+00 1.3512294e-03 2.7264393e-02 5.3670245e-02
-2.8688689e+00 1.4326201e-03 2.7513529e-02 5.4122274e-02
-2.8638639e+00 1.5183575e-03 2.7752620e-02 5.4553379e-02
-2.8588589e+00 1.6078595e-03 2.7982623e-02 5.4963545e-02
-2.8538539e+00 1.7072702e-03 2.8204482e-02 5.5352431e-02
-2.8488488e+00 1.8216562e-03 2.8414702e-02 5.5719860e-02
-2.8438438e+00 1.9431043e-03 2.8615091e-02 5.6066068e-02
-2.8388388e+00 2.0542899e-03 2.8805617e-02 5.6390493e-02
-2.8338338e+00 2.1705842e-03 2.8986270e-02 5.6693132e-02
-2.8288288e+00 2.2935696e-03 2.9157065e-02 5.6974132e-02
-2.8238238e+00 2.4260030e-03 2.9318039e-02 5.7233567e-02
-2.8188188e+00 2.5597629e-03 2.9469253e-02 5.7471557e-02
-2.8138138e+00 2.6995601e-03 2.9610789e-02 5.7688277e-02
-2.8088088e+00 2.8455860e-03 2.9742756e-02 5.7883952e-02
-2.8038038e+00 2.9980338e-03 2.9865281e-02 5.8058856e-02
-2.7987988e+00 3.1570981e-03 2.9978517e-02 5.8213315e-02
-2.7937938e+00 3.3229745e-03 3.0082637e-02 5.8347705e-02
-2.7887888e+00 3.4958597e-03 3.0177836e-02 5.8462451e-02
-2.7837838e+00 3.6759512e-03 3.0264330e-02 5.8558025e-02
-2.7787788e+00 3.8634515e-03 3.0342354e-02 5.8634948e-02
-2.7737738e+00 4.0585562e-03 3.0412163e-02 5.8693785e-02
-2.7687688e+00 4.2614625e-03 3.0474167e-02 5.8735147e-02
-2.7637638e+00 4.4723680e-03 3.0528406e-02 5.8759688e-02
-2.7587588e+00 4.6914700e-03 3.0575509e-02 5.8768103e-02
-2.7537538e+00 4.9189646e-03 3.0615665e-02 5.8761514e-02
-2.7487487e+00 5.1550467e-03 3.0649114e-02 5.8739964e-02
-2.7437437e+00 5.3999098e-03 3.0676082e-02 5.8705739e-02
-2.7387387e+00 5.6537456e-03 3.0698327e-02 5.8658343e-02
-2.7337337e+00 5.9167434e-03 3.0717391e-02 5.8598625e-02
-2.7287287e+00 6.1890904e-03 3.0728761e-02 5.8530090e-02
-2.7237237e+00 6.4709708e-03 3.0738636e-02 5.8457520e-02
-2.7187187e+00 6.7633706e-03 3.0746257e-02 5.8368820e-02
-2.7137137e+00 7.0681963e-03 3.0772021e-02 5.8274499e-02
-2.7087087e+00 7.3821689e-03 3.0801856e-02 5.8171462e-02
-2.7037037e+00 7.7045442e-03 3.0862795e-02 5.8063569e-02
-2.6986987e+00 8.0373695e-03 3.1010352e-02 5.7955297e-02
-2.6936937e+00 8.3825322e-03 3.1099300e-02 5.7836839e-02
-2.6886887e+00 8.7422213e-03 3.1129694e-02 5.7720289e-02
-2.6836837e+00 9.1202170e-03 3.1213451e-02 5.7695046e-02
-2.6786787e+00 9.5044913e-03 3.1248209e-02 5.7670368e-02
-2.6736737e+00 9.8946253e-03 3.1280448e-02 5.7854091e-02
-2.6686687e+00 1.0298297e-02 3.1412764e-02 5.7830879e-02
-2.6636637e+00 1.0719442e-02 3.1851384e-02 5.7998820e-02
-2.6586587e+00 1.1153595e-02 3.2013210e-02 5.8569133e-02
-2.6536537e+00 1.1652209e-02 3.2153698e-02 5.8725185e-02
-2.6486486e+00 1.2133980e-02 3.2319730e-02 5.9196717e-02
-2.6436436e+00 1.2661453e-02 3.2733296e-02 5.9539064e-02
-2.6386386e+00 1.3223074e-02 3.3606140e-02 5.9322547e-02
-2.6336336e+00 1.3818326e-02 3.4578213e-02 5.9425997e-02
-2.6286286e+00 1.4431108e-02 3.5669616e-02 5.9990195e-02
-2.6236236e+00 1.5073674e-02 3.6536172e-02 6.0655806e-02
-2.6186186e+00 1.5738008e-02 3.6706600e-02 6.0965619e-02
-2.6136136e+00 1.6424890e-02 3.6762749e-02 6.1050595e-02
-2.6086086e+00 1.7116156e-02 3.6420882e-02 6.0854583e-02
-2.6036036e+00 1.7025256e-02 3.6949131e-02 6.1351589e-02
-2.5985986e+00 1.7090043e-02 3.7740932e-02 6.1955407e-02
-2.5935936e+00 1.7491294e-02 3.8116572e-02 6.2245401e-02
-2.5885886e+00 1.7675444e-02 3.8746502e-02 6.2753330e-02
-2.5835836e+00 1.7638098e-02 3.9142578e-02 6.3224635e-02
-2.5785786e+00 1.7854875e-02 3.9452420e-02 6.3579345e-02
-2.5735736e+00 1.8312826e-02 3.9947980e-02 6.4382862e-02
-2.5685686e+00 1.8792639e-02 4.0276575e-02 6.5064442e-02
-2.5635636e+00 1.9164255e-02 4.0615944e-02 6.5881944e-02
-2.5585586e+00 1.9587820e-02 4.1039943e-02 6.6659549e-02
-2.5535536e+00 2.0035679e-02 4.1559114e-02 6.7256413e-02
-2.5485485e+00 2.0541741e-02 4.2072898e-02 6.7953764e-02
-2.5435435e+00 2.1061289e-02 4.2642858e-02 6.8786237e-02
-2.5385385e+00 2.1598973e-02 4.2972086e-02 6.9498564e-02
-2.5335335e+00 2.2119685e-02 4.3471825e-02 7.0413381e-02
-2.5285285e+00 2.2712932e-02 4.4168960e-02 7.1404222e-02
-2.5235235e+00 2.3014321e-02 4.4880148e-02 7.2415937e-02
-2.5185185e+00 2.3011553e-02 4.5398830e-02 7.3498568e-02
-2.5135135e+00 2.3146633e-02 4.5778020e-02 7.4600899e-02
-2.5085085e+00 2.3636936e-02 4.6427038e-02 7.5544514e-02
-2.5035035e+00 2.3873391e-02 4.7206687e-02 7.6472391e-02
-2.4984985e+00 2.4161412e-02 4.7881078e-02 7.7575057e-02
-2.4934935e+00 2.4415795e-02 4.8600963e-02 7.8640274e-02
-2.4884885e+00 2.4751481e-02 4.9178343e-02 7.9751204e-02
-2.4834835e+00 2.5040022e-02 4.9861113e-02 8.0830848e-02
-2.4784785e+00 2.5349537e-02 5.0674765e-02 8.2150574e-02
-2.4734735e+00 2.5692104e-02 5.1469479e-02 8.3258450e-02
-2.4684685e+00 2.6025770e-02 5.2313964e-02 8.4396697e-02
-2.4634635e+00 2.6486410e-02 5.3159804e-02 8.5510741e-02
-2.4584585e+00 2.6936049e-02 5.4039740e-02 8.6672000e-02
-2.4534535e+00 2.7436982e-02 5.4869429e-02 8.7856610e-02
-2.4484484e+00 2.7912537e-02 5.5669999e-02 8.9028507e-02
-2.4434434e+00 2.8428729e-02 5.6406979e-02 9.0256266e-02
-2.4384384e+00 2.8976047e-02 5.7166936e-02 9.1713106e-02
-2.4334334e+00 2.9506823e-02 5.7937234e-02 9.3020850e-02
-2.4284284e+00 3.0108403e-02 5.8799752e-02 9.4440473e-02
-2.4234234e+00 3.0757992e-02 5.9591079e-02 9.5772747e-02
-2.4184184e+00 3.1292514e-02 6.0427822e-02 9.7142873e-02
-2.4134134e+00 3.1792463e-02 6.1334214e-02 9.8548650e-02
-2.4084084e+00 3.2267062e-02 6.2231881e-02 9.9901647e-02
-2.4034034e+00 3.2769973e-02 6.3151204e-02 1.0124193e-01
-2.3983984e+00 3.3347732e-02 6.4015515e-02 1.0257106e-01
-2.3933934e+00 3.3925571e-02 6.4977777e-02 1.0390813e-01
-2.3883884e+00 3.4488503e-02 6.5892043e-02 1.0530335e-01
-2.3833834e+00 3.5037577e-02 6.6821531e-02 1.0667985e-01
-2.3783784e+00 3.5632901e-02 6.7762492e-02 1.0799852e-01
-2.3733734e+00 3.6217233e-02 6.8774759e-02 1.0933427e-01
-2.3683684e+00 3.6833438e-02 6.9791910e-02 1.1064373e-01
-2.3633634e+00 3.7510491e-02 7.0797005e-02 1.1199945e-01
-2.3583584e+00 3.8151607e-02 7.1794576e-02 1.1327364e-01
-2.3533534e+00 3.8772585e-02 7.2867882e-02 1.1444622e-01
-2.3483483e+00 3.9443102e-02 7.3859153e-02 1.1565136e-01
-2.3433433e+00 4.0097522e-02 7.4942845e-02 1.1688240e-01
-2.3383383e+00 4.0798448e-02 7.6058563e-02 1.1820027e-01
-2.3333333e+00 4.1583850e-02 7.7190700e-02 1.1941568e-01
-2.3283283e+00 4.2437857e-02 7.8361108e-02 1.2073983e-01
-2.3233233e+00 4.3293333e-02 7.9508639e-02 1.2201453e-01
-2.3183183e+00 4.4201189e-02 8.0649625e-02 1.2333024e-01
-2.3133133e+00 4.5137154e-02 8.1796443e-02 1.2463842e-01
-2.3083083e+00 4.6154034e-02 8.2967548e-02 1.2592660e-01
-2.3033033e+00 4.7148514e-02 8.4128908e-02 1.2727945e-01
-2.2982983e+00 4.8156838e-02 8.5307047e-02 1.2869513e-01
-2.2932933e+00 4.9162041e-02 8.6467915e-02 1.3008125e-01
-2.2882883e+00 5.0175195e-02 8.7604642e-02 1.3153429e-01
-2.2832833e+00 5.1168221e-02 8.8795020e-02 1.3287148e-01
-2.2782783e+00 5.2240663e-02 9.0016699e-02 1.3433337e-01
-2.2732733e+00 5.3382278e-02 9.1169341e-02 1.3565860e-01
-2.2682683e+00 5.4594657e-02 9.2398210e-02 1.3703105e-01
-2.2632633e+00 5.5710087e-02 9.3672832e-02 1.3845834e-01
-2.2582583e+00 5.6888274e-02 9.4970373e-02 1.3996113e-01
-2.2532533e+00 5.8117363e-02 9.6250888e-02 1.4135341e-01
-2.2482482e+00 5.9414864e-02 9.7590038e-02 1.4277825e-01
-2.2432432e+00 6.0627368e-02 9.8935967e-02 1.4420704e-01
-2.2382382e+00 6.1968817e-02 1.0033110e-01 1.4565680e-01
-2.2332332e+00 6.3163046e-02 1.0176192e-01 1.4709038e-01
-2.2282282e+00 6.4524324e-02 1.0322832e-01 1.4860395e-01
-2.2232232e+00 6.5909387e-02 1.0469560e-01 1.5018930e-01
-2.2182182e+00 6.7225998e-02 1.0617404e-01 1.5172820e-01
-2.2132132e+00 6.8693024e-02 1.0763522e-01 1.5323003e-01
-2.2082082e+00 7.0126355e-02 1.0923333e-01 1.5485937e-01
-2.2032032e+00 7.1524568e-02 1.1071789e-01 1.5637806e-01
-2.1981982e+00 7.3044021e-02 1.1232522e-01 1.5804231e-01
-2.1931932e+00 7.4659075e-02 1.1397148e-01 1.5961219e-01
-2.1881882e+00 7.6353431e-02 1.1565036e-01 1.6126873e-01
-2.1831832e+00 7.7987768e-02 1.1733000e-01 1.6311362e-01
-2.1781782e+00 7.9677925e-02 1.1903381e-01 1.6487659e-01
-2.1731732e+00 8.1465771e-02 1.2098946e-01 1.6676745e-01
-2.1681682e+00 8.3224591e-02 1.2287059e-01 1.6861521e-01
-2.1631632e+00 8.5091941e-02 1.2479500e-01 1.7062283e-01
-2.1581582e+00 8.7067296e-02 1.2665998e-01 1.7266439e-01
-2.1531532e+00 8.9077704e-02 1.2882238e-01 1.7469004e-01
-2.1481481e+00 9.1053381e-02 1.3095231e-01 1.7683995e-01
-2.1431431e+00 9.3082772e-02 1.3305091e-01 1.7904403e-01
-2.1381381e+00 9.5248294e-02 1.3538662e-01 1.8121985e-01
-2.1331331e+00 9.7427678e-02 1.3772966e-01 1.8365643e-01
-2.1281281e+00 9.9620114e-02 1.4016496e-01 1.8606274e-01
-2.1231231e+00 1.0197497e-01 1.4260502e-01 1.8851098e-01
-2.1181181e+00 1.0437573e-01 1.4529483e-01 1.9102281e-01
-2.1131131e+00 1.0683285e-01 1.4789519e-01 1.9368072e-01
-2.1081081e+00 1.0945599e-01 1.5061828e-01 1.9649932e-01
-2.1031031e+00 1.1210317e-01 1.5330230e-01 1.9924173e-01
-2.0980981e+00 1.1491446e-01 1.5616306e-01 2.0212642e-01
-2.0930931e+00 1.1763740e-01 1.5901418e-01 2.0533432e-01
-2.0880881e+00 1.2056216e-01 1.6209724e-01 2.0842540e-01
-2.0830831e+00 1.2358634e-01 1.6514186e-01 2.1167922e-01
-2.0780781e+00 1.2658960e-01 1.6828971e-01 2.1492549e-01
-2.0730731e+00 1.2966538e-01 1.7155179e-01 2.1823510e-01
-2.0680681e+00 1.3288428e-01 1.7485903e-01 2.2166056e-01
-2.0630631e+00 1.3616990e-01 1.7834100e-01 2.2541794e-01
-2.0580581e+00 1.3951293e-01 1.8187790e-01 2.2926076e-01
-2.0530531e+00 1.4305621e-01 1.8556151e-01 2.3316383e-01
-2.0480480e+00 1.4655840e-01 1.8938060e-01 2.3709121e-01
-2.0430430e+00 1.5025204e-01 1.9328614e-01 2.4107428e-01
-2.0380380e+00 1.5400228e-01 1.9724080e-01 2.4536302e-01
-2.0330330e+00 1.5777527e-01 2.0137138e-01 2.4970979e-01
-2.0280280e+00 1.6166241e-01 2.0557532e-01 2.5429215e-01
-2.0230230e+00 1.6569303e-01 2.0994640e-01 2.5884657e-01
-2.0180180e+00 1.6973703e-01 2.1443748e-01 2.6350532e-01
-2.0130130e+00 1.7403949e-01 2.1903027e-01 2.6834892e-01
-2.0080080e+00 1.7829069e-01 2.2378086e-01 2.7331488e-01
-2.0030030e+00 1.8278433e-01 2.2867258e-01 2.7845184e-01
-1.9979980e+00 1.8740788e-01 2.3356219e-01 2.8358349e-01
-1.9929930e+00 1.9211161e-01 2.3866913e-01 2.8890774e-01
-1.9879880e+00 1.9699040e-01 2.4391750e-01 2.9446328e-01
-1.9829830e+00 2.0194370e-01 2.4925066e-01 3.0015218e-01
-1.9779780e+00 2.0708260e-01 2.5479657e-01 3.0591442e-01
-1.9729730e+00 2.1219375e-01 2.6041102e-01 3.1184141e-01
-1.9679680e+00 2.1752244e-01 2.6613834e-01 3.1786047e-01
-1.9629630e+00 2.2302567e-01 2.7197932e-01 3.2404908e-01
-1.9579580e+00 2.2856594e-01 2.7804133e-01 3.3040554e-01
-1.9529530e+00 2.3432421e-01 2.8408380e-01 3.3695134e-01
-1.9479479e+00 2.4022942e-01 2.9036032e-01 3.4361421e-01
-1.9429429e+00 2.4620549e-01 2.9661288e-01 3.5048095e-01
-1.9379379e+00 2.5215800e-01 3.0315820e-01 3.5743688e-01
-1.9329329e+00 2.5838924e-01 3.0982516e-01 3.6450303e-01
-1.9279279e+00 2.6464345e-01 3.1647623e-01 3.7162205e-01
-1.9229229e+00 2.7115379e-01 3.2347284e-01 3.7891308e-01
-1.9179179e+00 2.7771699e-01 3.3048483e-01 3.8639595e-01
-1.9129129e+00 2.8443481e-01 3.3772864e-01 3.9402190e-01
-1.9079079e+00 2.9115677e-01 3.4513533e-01 4.0185695e-01
-1.9029029e+00 2.9819541e-01 3.5273079e-01 4.0955459e-01
-1.8978979e+00 3.0519292e-01 3.6016648e-01 4.1773497e-01
-1.8928929e+00 3.1241850e-01 3.6785567e-01 4.2589764e-01
-1.8878879e+00 3.1969799e-01 3.7576053e-01 4.3422628e-01
-1.8828829e+00 3.2704217e-01 3.8371853e-01 4.4285823e-01
-1.8778779e+00 3.3458322e-01 3.9182526e-01 4.5134930e-01
-1.8728729e+00 3.4239581e-01 4.0010913e-01 4.5998834e-01
-1.8678679e+00 3.5015059e-01 4.0841710e-01 4.6866016e-01
-1.8628629e+00 3.5806476e-01 4.1682564e-01 4.7773573e-01
-1.8578579e+00 3.6589479e-01 4.2534567e-01 4.8681887e-01
-1.8528529e+00 3.7404691e-01 4.3401661e-01 4.9596091e-01
-1.8478478e+00 3.8229866e-01 4.4277307e-01 5.0538944e-01
-1.8428428e+00 3.9077219e-01 4.5170332e-01 5.1482088e-01
-1.8378378e+00 3.9911336e-01 4.6082916e-01 5.2416840e-01
-1.8328328e+00 4.0760536e-01 4.6971687e-01 5.3368188e-01
-1.8278278e+00 4.1621029e-01 4.7884167e-01 5.4350987e-01
-1.8228228e+00 4.2492464e-01 4.8801613e-01 5.5332941e-01
-1.8178178e+00 4.3359285e-01 4.9728120e-01 5.6299071e-01
-1.8128128e+00 4.4213388e-01 5.0666304e-01 5.7287279e-01
-1.8078078e+00 4.5104296e-01 5.1620084e-01 5.8267745e-01
-1.8028028e+00 4.5992816e-01 5.2563407e-01 5.9278664e-01
-1.7977978e+00 4.6916627e-01 5.3516531e-01 6.0288972e-01
-1.7927928e+00 4.7819201e-01 5.4478317e-01 6.1294432e-01
-1.7877878e+00 4.8741032e-01 5.5434396e-01 6.2312801e-01
-1.7827828e+00 4.9651543e-01 5.6396528e-01 6.3346914e-01
-1.7777778e+00 5.0566724e-01 5.7364674e-01 6.4390369e-01
-1.7727728e+00 5.1476971e-01 5.8349387e-01 6.5433965e-01
-1.7677678e+00 5.2407891e-01 5.9321202e-01 6.6446945e-01
-1.7627628e+00 5.3329156e-01 6.0285119e-01 6.7480261e-01
-1.7577578e+00 5.4252647e-01 6.1275508e-01 6.8502661e-01
-1.7527528e+00 5.5170879e-01 6.2254005e-01 6.9547757e-01
-1.7477477e+00 5.6110411e-01 6.3237305e-01 7.0568092e-01
-1.7427427e+00 5.7042668e-01 6.4219116e-01 7.1604486e-01
-1.7377377e+00 5.7953934e-01 6.5191059e-01 7.2617877e-01
-1.7327327e+00 5.8871320e-01 6.6167201e-01 7.3636337e-01
-1.7277277e+00 5.9804713e-01 6.7145603e-01 7.4667339e-01
-1.7227227e+00 6.0710466e-01 6.8098721e-01 7.5672040e-01
-1.7177177e+00 6.1628839e-01 6.9062227e-01 7.6683773e-01
-1.7127127e+00 6.2543281e-01 7.0027511e-01 7.7685007e-01
-1.7077077e+00 6.3445846e-01 7.0980961e-01 7.8676755e-01
-1.7027027e+00 6.4356785e-01 7.1923554e-01 7.9678286e-01
-1.6976977e+00 6.5271749e-01 7.2897758e-01 8.0640200e-01
-1.6926927e+00 6.6170858e-01 7.3828021e-01 8.1591445e-01
-1.6876877e+00 6.7044715e-01 7.4766544e-01 8.2552122e-01
-1.6826827e+00 6.7909663e-01 7.5674268e-01 8.3489254e-01
-1.6776777e+00 6.8795948e-01 7.6599732e-01 8.4429209e-01
-1.6726727e+00 6.9653180e-01 7.7483852e-01 8.5347247e-01
-1.6676677e+00 7.0509841e-01 7.8373364e-01 8.6273331e-01
-1.6626627e+00 7.1365504e-01 7.9245963e-01 8.7167367e-01
-1.6576577e+00 7.2207816e-01 8.0116268e-01 8.8049453e-01
-1.6526527e+00 7.3036268e-01 8.0963897e-01 8.8903321e-01
-1.6476476e+00 7.3832682e-01 8.1797019e-01 8.9758709e-01
-1.6426426e+00 7.4636890e-01 8.2606590e-01 9.0586444e-01
-1.6376376e+00 7.5432114e-01 8.3423567e-01 9.1413395e-01
-1.6326326e+00 7.6226970e-01 8.4227212e-01 9.2206926e-01
-1.6276276e+00 7.6995721e-01 8.5024395e-01 9.2979128e-01
-1.6226226e+00 7.7752391e-01 8.5792294e-01 9.3729097e-01
-1.6176176e+00 7.8484781e-01 8.6524367e-01 9.4473272e-01
-1.6126126e+00 7.9215211e-01 8.7251800e-01 9.5213322e-01
-1.6076076e+00 7.9916538e-01 8.7956803e-01 9.5924364e-01
-1.6026026e+00 8.0599353e-01 8.8658682e-01 9.6599890e-01
-1.5975976e+00 8.1302113e-01 8.9337156e-01 9.7276569e-01
-1.5925926e+00 8.1955569e-01 8.9978419e-01 9.7915798e-01
-1.5875876e+00 8.2603785e-01 9.0629392e-01 9.8535660e-01
-1.5825826e+00 8.3217377e-01 9.1261384e-01 9.9153149e-01
-1.5775776e+00 8.3815344e-01 9.1864105e-01 9.9739960e-01
-1.5725726e+00 8.4389878e-01 9.2440673e-01 1.0027701e+00
-1.5675676e+00 8.4981340e-01 9.2994384e-01 1.0082810e+00
-1.5625626e+00 8.5565040e-01 9.3535374e-01 1.0133027e+00
-1.5575576e+00 8.6132594e-01 9.4033486e-01 1.0181137e+00
-1.5525526e+00 8.6656085e-01 9.4521542e-01 1.0227791e+00
-1.5475475e+00 8.7161218e-01 9.4986942e-01 1.0272593e+00
-1.5425425e+00 8.7627163e-01 9.5421189e-01 1.0314092e+00
-1.5375375e+00 8.8089162e-01 9.5862666e-01 1.0353144e+00
-1.5325325e+00 8.8541582e-01 9.6275817e-01 1.0390979e+00
-1.5275275e+00 8.8942943e-01 9.6666311e-01 1.0426220e+00
-1.5225225e+00 8.9362497e-01 9.7036814e-01 1.0458772e+00
-1.5175175e+00 8.9741320e-01 9.7392934e-01 1.0488357e+00
-1.5125125e+00 9.0098919e-01 9.7704348e-01 1.0517715e+00
-1.5075075e+00 9.0428104e-01 9.8005255e-01 1.0541818e+00
-1.5025025e+00 9.0749169e-01 9.8277458e-01 1.0565385e+00
-1.4974975e+00 9.1061433e-01 9.8546304e-01 1.0587385e+00
-1.4924925e+00 9.1342121e-01 9.8777855e-01 1.0604696e+00
-1.4874875e+00 9.1616362e-01 9.8989396e-01 1.0620695e+00
-1.4824825e+00 9.1878768e-01 9.9179435e-01 1.0633990e+00
-1.4774775e+00 9.2117714e-01 9.9356024e-01 1.0646803e+00
-1.4724725e+00 9.2327891e-01 9.9496948e-01 1.0656331e+00
-1.4674675e+00 9.2503803e-01 9.9640219e-01 1.0663711e+00
-1.4624625e+00 9.2675010e-01 9.9752738e-01 1.0668861e+00
-1.4574575e+00 9.2814704e-01 9.9838310e-01 1.0671568e+00
-1.4524525e+00 9.2931582e-01 9.9907509e-01 1.0672954e+00
-1.4474474e+00 9.3038538e-01 9.9957893e-01 1.0670962e+00
-1.4424424e+00 9.3106415e-01 9.9987396e-01 1.0667757e+00
-1.4374374e+00 9.3143738e-01 1.0000000e+00 1.0662911e+00
-1.4324324e+00 9.3171335e-01 9.9977313e-01 1.0657434e+00
-1.4274274e+00 9.3178515e-01 9.9936990e-01 1.0649927e+00
-1.4224224e+00 9.3158453e-01 9.9893216e-01 1.0639711e+00
-1.4174174e+00 9.3123637e-01 9.9818308e-01 1.0629414e+00
-1.4124124e+00 9.3069520e-01 9.9699631e-01 1.0616973e+00
-1.4074074e+00 9.3015033e-01 9.9592074e-01 1.0601997e+00
-1.4024024e+00 9.2911550e-01 9.9441528e-01 1.0586569e+00
-1.3973974e+00 9.2789292e-01 9.9307766e-01 1.0569307e+00
-1.3923924e+00 9.2662506e-01 9.9137416e-01 1.0552254e+00
-1.3873874e+00 9.2515436e-01 9.8959962e-01 1.0533319e+00
-1.3823824e+00 9.2330235e-01 9.8769814e-01 1.0512886e+00
-1.3773774e+00 9.2138963e-01 9.8556441e-01 1.0488979e+00
-1.3723724e+00 9.1914456e-01 9.8316396e-01 1.0464664e+00
-1.3673674e+00 9.1658706e-01 9.8049178e-01 1.0439260e+00
-1.3623624e+00 9.1372580e-01 9.7803564e-01 1.0412595e+00
-1.3573574e+00 9.1070233e-01 9.7514770e-01 1.0385047e+00
-1.3523524e+00 9.0736248e-01 9.7211457e-01 1.0353843e+00
-1.3473473e+00 9.0412825e-01 9.6886409e-01 1.0323210e+00
-1.3423423e+00 9.0066763e-01 9.6542211e-01 1.0292836e+00
-1.3373373e+00 8.9688985e-01 9.6191784e-01 1.0260226e+00
-1.3323323e+00 8.9306840e-01 9.5823535e-01 1.0224720e+00
-1.3273273e+00 8.8887441e-01 9.5443564e-01 1.0187255e+00
-1.3223223e+00 8.8464739e-01 9.5058309e-01 1.0149444e+00
-1.3173173e+00 8.8027874e-01 9.4641045e-01 1.0111810e+00
-1.3123123e+00 8.7575569e-01 9.4230347e-01 1.0074943e+00
-1.3073073e+00 8.7090158e-01 9.3779001e-01 1.0035343e+00
-1.3023023e+00 8.6596362e-01 9.3316591e-01 9.9919317e-01
-1.2972973e+00 8.6077580e-01 9.2853266e-01 9.9475500e-01
-1.2922923e+00 8.5560200e-01 9.2367361e-01 9.9030172e-01
-1.2872873e+00 8.5034068e-01 9.1868058e-01 9.8572114e-01
-1.2822823e+00 8.4476119e-01 9.1355498e-01 9.8115498e-01
-1.2772773e+00 8.3930471e-01 9.0824432e-01 9.7657301e-01
-1.2722723e+00 8.3324663e-01 9.0281343e-01 9.7186316e-01
-1.2672673e+00 8.2708979e-01 8.9737126e-01 9.6701300e-01
-1.2622623e+00 8.2103157e-01 8.9174063e-01 9.6198422e-01
-1.2572573e+00 8.1477046e-01 8.8602794e-01 9.5674876e-01
-1.2522523e+00 8.0842790e-01 8.8029756e-01 9.5133248e-01
-1.2472472e+00 8.0184230e-01 8.7415960e-01 9.4596979e-01
-1.2422422e+00 7.9533254e-01 8.6810776e-01 9.4039344e-01
-1.2372372e+00 7.8843763e-01 8.6193038e-01 9.3463008e-01
-1.2322322e+00 7.8169751e-01 8.5564977e-01 9.2889003e-01
-1.2272272e+00 7.7478401e-01 8.4932804e-01 9.2291174e-01
-1.2222222e+00 7.6766265e-01 8.4285037e-01 9.1687777e-01
-1.2172172e+00 7.6063816e-01 8.3631255e-01 9.1076866e-01
-1.2122122e+00 7.5342089e-01 8.2953860e-01 9.0463909e-01
-1.2072072e+00 7.4622014e-01 8.2266337e-01 8.9806149e-01
-1.2022022e+00 7.3867724e-01 8.1579557e-01 8.9162511e-01
-1.1971972e+00 7.3116555e-01 8.0886056e-01 8.8517537e-01
-1.1921922e+00 7.2386494e-01 8.0160423e-01 8.7870879e-01
-1.1871872e+00 7.1629504e-01 7.9426824e-01 8.7180009e-01
-1.1821822e+00 7.0849868e-01 7.8687470e-01 8.6479964e-01
-1.1771772e+00 7.0076745e-01 7.7921442e-01 8.5754536e-01
-1.1721722e+00 6.9304811e-01 7.7163306e-01 8.5031200e-01
-1.1671672e+00 6.8523061e-01 7.6399149e-01 8.4299334e-01
-1.1621622e+00 6.7714305e-01 7.5611197e-01 8.3541985e-01
-1.1571572e+00 6.6915861e-01 7.4821831e-01 8.2778475e-01
-1.1521522e+00 6.6109503e-01 7.4013168e-01 8.2010989e-01
-1.1471471e+00 6.5292184e-01 7.3200222e-01 8.1238386e-01
-1.1421421e+00 6.4494752e-01 7.2391305e-01 8.0432893e-01
-1.1371371e+00 6.3652012e-01 7.1564257e-01 7.9628691e-01
-1.1321321e+00 6.2833012e-01 7.0716685e-01 7.8793478e-01
-1.1271271e+00 6.2010825e-01 6.9881157e-01 7.7959289e-01
-1.1221221e+00 6.1189787e-01 6.9047390e-01 7.7117689e-01
-1.1171171e+00 6.0352793e-01 6.8193790e-01 7.6273802e-01
-1.1121121e+00 5.9509206e-01 6.7328412e-01 7.5417866e-01
-1.1071071e+00 5.8659478e-01 6.6476849e-01 7.4554790e-01
-1.1021021e+00 5.7803735e-01 6.5600634e-01 7.3689259e-01
-1.0970971e+00 5.6936587e-01 6.4729030e-01 7.2801749e-01
-1.0920921e+00 5.6096718e-01 6.3860570e-01 7.1917817e-01
-1.0870871e+00 5.5230671e-01 6.2971961e-01 7.1035056e-01
-1.0820821e+00 5.4383498e-01 6.2086497e-01 7.0122859e-01
-1.0770771e+00 5.3521095e-01 6.1195697e-01 6.9193985e-01
-1.0720721e+00 5.2654371e-01 6.0299576e-01 6.8266443e-01
-1.0670671e+00 5.1798055e-01 5.9397341e-01 6.7352027e-01
-1.0620621e+00 5.0932251e-01 5.8485734e-01 6.6413127e-01
-1.0570571e+00 5.0068820e-01 5.7571104e-01 6.5491080e-01
-1.0520521e+00 4.9208249e-01 5.6664677e-01 6.4546221e-01
-1.0470470e+00 4.8346262e-01 5.5763075e-01 6.3611401e-01
-1.0420420e+00 4.7497951e-01 5.4860129e-01 6.2675899e-01
-1.0370370e+00 4.6638300e-01 5.3942578e-01 6.1716328e-01
-1.0320320e+00 4.5774068e-01 5.3028817e-01 6.0757818e-01
-1.0270270e+00 4.4921191e-01 5.2127328e-01 5.9799737e-01
-1.0220220e+00 4.4066867e-01 5.1218708e-01 5.8850904e-01
-1.0170170e+00 4.3215672e-01 5.0301267e-01 5.7871598e-01
-1.0120120e+00 4.2375765e-01 4.9402141e-01 5.6899768e-01
-1.0070070e+00 4.1531652e-01 4.8501083e-01 5.5933647e-01
-1.0020020e+00 4.0686337e-01 4.7612575e-01 5.4960336e-01
-9.9699700e-01 3.9842913e-01 4.6717801e-01 5.3994445e-01
-9.9199199e-01 3.9012673e-01 4.5823798e-01 5.3032487e-01
-9.8698699e-01 3.8195702e-01 4.4932981e-01 5.2073144e-01
-9.8198198e-01 3.7385183e-01 4.4057445e-01 5.1119484e-01
-9.7697698e-01 3.6588169e-01 4.3168001e-01 5.0163372e-01
-9.7197197e-01 3.5778166e-01 4.2294251e-01 4.9206821e-01
-9.6696697e-01 3.4981597e-01 4.1420114e-01 4.8249570e-01
-9.6196196e-01 3.4186384e-01 4.0549173e-01 4.7311523e-01
-9.5695696e-01 3.3400663e-01 3.9680808e-01 4.6377311e-01
-9.5195195e-01 3.2617720e-01 3.8819749e-01 4.5438263e-01
-9.4694695e-01 3.1840133e-01 3.7977855e-01 4.4507303e-01
-9.4194194e-01 3.1074576e-01 3.7126770e-01 4.3591531e-01
-9.3693694e-01 3.0310925e-01 3.6288281e-01 4.2664855e-01
-9.3193193e-01 2.9561269e-01 3.5470455e-01 4.1749388e-01
-9.2692693e-01 2.8817027e-01 3.4645641e-01 4.0843032e-01
-9.2192192e-01 2.8078226e-01 3.3829761e-01 3.9923995e-01
-9.1691692e-01 2.7355471e-01 3.3018220e-01 3.9033304e-01
-9.1191191e-01 2.6656248e-01 3.2224229e-01 3.8146559e-01
-9.0690691e-01 2.5956640e-01 3.1438711e-01 3.7271832e-01
-9.0190190e-01 2.5263232e-01 3.0661959e-01 3.6400213e-01
-8.9689690e-01 2.4583821e-01 2.9896215e-01 3.5542593e-01
-8.9189189e-01 2.3906453e-01 2.9126380e-01 3.4686923e-01
-8.8688689e-01 2.3243014e-01 2.8369016e-01 3.3862651e-01
-8.8188188e-01 2.2591597e-01 2.7622245e-01 3.3036803e-01
-8.7687688e-01 2.1951891e-01 2.6883982e-01 3.2226477e-01
-8.7187187e-01 2.1316593e-01 2.6173320e-01 3.1429768e-01
-8.6686687e-01 2.0689225e-01 2.5460339e-01 3.0638859e-01
-8.6186186e-01 2.0067857e-01 2.4758802e-01 2.9859621e-01
-8.5685686e-01 1.9470837e-01 2.4076174e-01 2.9085192e-01
-8.5185185e-01 1.8878544e-01 2.3398935e-01 2.8321207e-01
-8.4684685e-01 1.8303818e-01 2.2728172e-01 2.7583261e-01
-8.4184184e-01 1.7728162e-01 2.2070855e-01 2.6842436e-01
-8.3683684e-01 1.7157450e-01 2.1424580e-01 2.6123410e-01
-8.3183183e-01 1.6606006e-01 2.0795097e-01 2.5419671e-01
-8.2682683e-01 1.6070344e-01 2.0176866e-01 2.4732132e-01
-8.2182182e-01 1.5547960e-01 1.9567339e-01 2.4045675e-01
-8.1681682e-01 1.5026588e-01 1.8969519e-01 2.3371375e-01
-8.1181181e-01 1.4522857e-01 1.8383821e-01 2.2710586e-01
-8.0680681e-01 1.4027096e-01 1.7810482e-01 2.2062721e-01
-8.0180180e-01 1.3547677e-01 1.7254488e-01 2.1418507e-01
-7.9679680e-01 1.3074490e-01 1.6701573e-01 2.0793382e-01
-7.9179179e-01 1.2616636e-01 1.6163879e-01 2.0193092e-01
-7.8678679e-01 1.2171579e-01 1.5637779e-01 1.9592637e-01
-7.8178178e-01 1.1734691e-01 1.5126612e-01 1.9004443e-01
-7.7677678e-01 1.1306147e-01 1.4627791e-01 1.8438996e-01
-7.7177177e-01 1.0890949e-01 1.4141143e-01 1.7877244e-01
-7.6676677e-01 1.0490099e-01 1.3664682e-01 1.7327000e-01
-7.6176176e-01 1.0096244e-01 1.3198961e-01 1.6788803e-01
-7.5675676e-01 9.7139018e-02 1.2744735e-01 1.6263548e-01
-7.5175175e-01 9.3397219e-02 1.2307319e-01 1.5742426e-01
-7.4674675e-01 8.9767247e-02 1.1875368e-01 1.5238532e-01
-7.4174174e-01 8.6236349e-02 1.1455066e-01 1.4744631e-01
-7.3673674e-01 8.2742764e-02 1.1049323e-01 1.4269587e-01
-7.3173173e-01 7.9441746e-02 1.0650301e-01 1.3809967e-01
-7.2672673e-01 7.6234613e-02 1.0263107e-01 1.3357749e-01
-7.2172172e-01 7.3072329e-02 9.8829776e-02 1.2907986e-01
-7.1671672e-01 7.0037948e-02 9.5148758e-02 1.2478713e-01
-7.1171171e-01 6.7040083e-02 9.1567100e-02 1.2060991e-01
-7.0670671e-01 6.4182577e-02 8.8084615e-02 1.1655124e-01
-7.0170170e-01 6.1424209e-02 8.4739793e-02 1.1253339e-01
-6.9669670e-01 5.8742461e-02 8.1521544e-02 1.0861354e-01
-6.9169169e-01 5.6179254e-02 7.8348378e-02 1.0482308e-01
-6.8668669e-01 5.3712569e-02 7.5291512e-02 1.0118601e-01
-6.8168168e-01 5.1312122e-02 7.2331556e-02 9.7608130e-02
-6.7667668e-01 4.8995233e-02 6.9468334e-02 9.4146272e-02
-6.7167167e-01 4.6750883e-02 6.6620420e-02 9.0817592e-02
-6.6666667e-01 4.4629599e-02 6.3902799e-02 8.7520865e-02
-6.6166166e-01 4.2565420e-02 6.1309004e-02 8.4293757e-02
-6.5665666e-01 4.0567022e-02 5.8799579e-02 8.1191695e-02
-6.5165165e-01 3.8631241e-02 5.6347651e-02 7.8192359e-02
-6.4664665e-01 3.6746016e-02 5.3995411e-02 7.5312863e-02
-6.4164164e-01 3.4985328e-02 5.1733232e-02 7.2485162e-02
-6.3663664e-01 3.3250175e-02 4.9518211e-02 6.9692784e-02
-6.3163163e-01 3.1609686e-02 4.7419539e-02 6.7033898e-02
-6.2662663e-01 3.0019091e-02 4.5368025e-02 6.4460912e-02
-6.2162162e-01 2.8517637e-02 4.3409611e-02 6.1946391e-02
-6.1661662e-01 2.7056847e-02 4.1526695e-02 5.9532015e-02
-6.1161161e-01 2.5655408e-02 3.9700549e-02 5.7204145e-02
-6.0660661e-01 2.4309172e-02 3.7935351e-02 5.4935301e-02
-6.0160160e-01 2.3022580e-02 3.6245613e-02 5.2763435e-02
-5.9659660e-01 2.1800128e-02 3.4639276e-02 5.0640144e-02
-5.9159159e-01 2.0624532e-02 3.3060736e-02 4.8585045e-02
-5.8658659e-01 1.9500520e-02 3.1558567e-02 4.6593704e-02
-5.8158158e-01 1.8428409e-02 3.0104866e-02 4.4676384e-02
-5.7657658e-01 1.7404414e-02 2.8710113e-02 4.2819917e-02
-5.7157157e-01 1.6435307e-02 2.7370987e-02 4.1042073e-02
-5.6656657e-01 1.5500417e-02 2.6102996e-02 3.9318756e-02
-5.6156156e-01 1.4612656e-02 2.4883923e-02 3.7643579e-02
-5.5655656e-01 1.3774205e-02 2.3712729e-02 3.6039894e-02
-5.5155155e-01 1.2975234e-02 2.2592269e-02 3.4492100e-02
-5.4654655e-01 1.2215968e-02 2.1517770e-02 3.3003420e-02
-5.4154154e-01 1.1494743e-02 2.0492516e-02 3.1569855e-02
-5.3653654e-01 1.0813341e-02 1.9505167e-02 3.0185147e-02
-5.3153153e-01 1.0166662e-02 1.8569031e-02 2.8852293e-02
-5.2652653e-01 9.5559542e-03 1.7666693e-02 2.7568678e-02
-5.2152152e-01 8.9765914e-03 1.6804360e-02 2.6340887e-02
-5.1651652e-01 8.4269266e-03 1.5977760e-02 2.5158878e-02
-5.1151151e-01 7.9088546e-03 1.5183508e-02 2.4014769e-02
-5.0650651e-01 7.4167718e-03 1.4432999e-02 2.2912092e-02
-5.0150150e-01 6.9545385e-03 1.3709230e-02 2.1856400e-02
-4.9649650e-01 6.5189178e-03 1.3013659e-02 2.0844415e-02
-4.9149149e-01 6.1066398e-03 1.2354953e-02 1.9867280e-02
-4.8648649e-01 5.7210299e-03 1.1727328e-02 1.8936916e-02
-4.8148148e-01 5.3546804e-03 1.1126617e-02 1.8039949e-02
-4.7647648e-01 5.0107776e-03 1.0554663e-02 1.7178663e-02
-4.7147147e-01 4.6815846e-03 1.0006057e-02 1.6351671e-02
-4.6646647e-01 4.3761247e-03 9.4874841e-03 1.5561405e-02
-4.6146146e-01 4.0870053e-03 8.9889790e-03 1.4797975e-02
-4.5645646e-01 3.8147450e-03 8.5148199e-03 1.4068367e-02
-4.5145145e-01 3.5605623e-03 8.0637577e-03 1.3370456e-02
-4.4644645e-01 3.3191672e-03 7.6350109e-03 1.2701744e-02
-4.4144144e-01 3.0935250e-03 7.2268081e-03 1.2061965e-02
-4.3643644e-01 2.8827727e-03 6.8368761e-03 1.1446621e-02
-4.3143143e-01 2.6860487e-03 6.4649195e-03 1.0862474e-02
-4.2642643e-01 2.5015694e-03 6.1120743e-03 1.0303353e-02
-4.2142142e-01 2.3277948e-03 5.7768534e-03 9.7684189e-03
-4.1641642e-01 2.1651803e-03 5.4583806e-03 9.2578410e-03
-4.1141141e-01 2.0133134e-03 5.1539103e-03 8.7708963e-03
-4.0640641e-01 1.8700695e-03 4.8644058e-03 8.3056881e-03
-4.0140140e-01 1.7365819e-03 4.5902363e-03 7.8618509e-03
-3.9639640e-01 1.6115039e-03 4.3297313e-03 7.4388553e-03
-3.9139139e-01 1.4951675e-03 4.0837097e-03 7.0358118e-03
-3.8638639e-01 1.3863626e-03 3.8494866e-03 6.6511546e-03
-3.8138138e-01 1.2850205e-03 3.6270682e-03 6.2853272e-03
-3.7637638e-01 1.1894969e-03 3.4165205e-03 5.9367792e-03
-3.7137137e-01 1.1016373e-03 3.2166794e-03 5.6049688e-03
-3.6636637e-01 1.0191850e-03 3.0271874e-03 5.2891086e-03
-3.6136136e-01 9.4253838e-04 2.8483356e-03 4.9894008e-03
-3.5635636e-01 8.7144687e-04 2.6784452e-03 4.7045611e-03
-3.5135135e-01 8.0502807e-04 2.5180964e-03 4.4342342e-03
-3.4634635e-01 7.4332073e-04 2.3660199e-03 4.1772981e-03
-3.4134134e-01 6.8641647e-04 2.2220032e-03 3.9329096e-03
-3.3633634e-01 6.3298947e-04 2.0859262e-03 3.7011087e-03
-3.3133133e-01 5.8375956e-04 1.9577709e-03 3.4821909e-03
-3.2632633e-01 5.3780812e-04 1.8365829e-03 3.2746914e-03
-3.2132132e-01 4.9550357e-04 1.7222590e-03 3.0779940e-03
-3.1631632e-01 4.5623581e-04 1.6142541e-03 2.8918199e-03
-3.1131131e-01 4.2000095e-04 1.5122854e-03 2.7158689e-03
-3.0630631e-01 3.8654994e-04 1.4163040e-03 2.5491730e-03
-3.0130130e-01 3.5549416e-04 1.3258353e-03 2.3918239e-03
-2.9629630e-01 3.2677124e-04 1.2406029e-03 2.2428157e-03
-2.9129129e-01 2.9995808e-04 1.1605301e-03 2.1023981e-03
-2.8628629e-01 2.7518925e-04 1.0849740e-03 1.9697367e-03
-2.8128128e-01 2.5244785e-04 1.0138831e-03 1.8445947e-03
-2.7627628e-01 2.3152781e-04 9.4726982e-04 1.7264808e-03
-2.7127127e-01 2.1229819e-04 8.8455591e-04 1.6152815e-03
-2.6626627e-01 1.9453261e-04 8.2555524e-04 1.5106286e-03
-2.6126126e-01 1.7824202e-04 7.7018737e-04 1.4120344e-03
-2.5625626e-01 1.6312614e-04 7.1822545e-04 1.3192690e-03
-2.5125125e-01 1.4926059e-04 6.6952820e-04 1.2319853e-03
-2.4624625e-01 1.3650989e-04 6.2383457e-04 1.1498909e-03
-2.4124124e-01 1.2474035e-04 5.8098404e-04 1.0726824e-03
-2.3623624e-01 1.1393019e-04 5.4082395e-04 1.0003100e-03
-2.3123123e-01 1.0404338e-04 5.0315587e-04 9.3234223e-04
-2.2622623e-01 9.4943826e-05 4.6790648e-04 8.6850687e-04
-2.2122122e-01 8.6603302e-05 4.3499754e-04 8.0862998e-04
-2.1621622e-01 7.8950314e-05 4.0421600e-04 7.5253321e-04
-2.1121121e-01 7.1957744e-05 3.7539891e-04 7.0004157e-04
-2.0620621e-01 6.5544239e-05 3.4848121e-04 6.5085145e-04
-2.0120120e-01 5.9637271e-05 3.2331682e-04 6.0485043e-04
-1.9619620e-01 5.4260752e-05 2.9987228e-04 5.6182636e-04
-1.9119119e-01 4.9346215e-05 2.7800323e-04 5.2159235e-04
-1.8618619e-01 4.4837788e-05 2.5758446e-04 4.8400871e-04
-1.8118118e-01 4.0763336e-05 2.3857989e-04 4.4890815e-04
-1.7617618e-01 3.7034343e-05 2.2086667e-04 4.1613865e-04
-1.7117117e-01 3.3589700e-05 2.0436726e-04 3.8557105e-04
-1.6616617e-01 3.0463640e-05 1.8902481e-04 3.5706490e-04
-1.6116116e-01 2.7634020e-05 1.7474431e-04 3.3052950e-04
-1.5615616e-01 2.5040221e-05 1.6145724e-04 3.0577599e-04
-1.5115115e-01 2.2659327e-05 1.4911434e-04 2.8274144e-04
-1.4614615e-01 2.0511636e-05 1.3764950e-04 2.6131088e-04
-1.4114114e-01 1.8557220e-05 1.2701109e-04 2.4138080e-04
-1.3613614e-01 1.6767122e-05 1.1713023e-04 2.2286627e-04
-1.3113113e-01 1.5151024e-05 1.0796482e-04 2.0565905e-04
-1.2612613e-01 1.3687423e-05 9.9465822e-05 1.8968968e-04
-1.2112112e-01 1.2361332e-05 9.1594897e-05 1.7486492e-04
-1.1611612e-01 1.1155804e-05 8.4306368e-05 1.6112543e-04
-1.1111111e-01 1.0058415e-05 7.7562126e-05 1.4838504e-04
-1.0610611e-01 9.0701312e-06 7.1323765e-05 1.3658329e-04
-1.0110110e-01 8.1691615e-06 6.5553341e-05 1.2565349e-04
-9.6096096e-02 7.3582600e-06 6.0219918e-05 1.1554565e-04
-9.1091091e-02 6.6250827e-06 5.5293983e-05 1.0619111e-04
-8.6086086e-02 5.9603570e-06 5.0745888e-05 9.7542266e-05
-8.1081081e-02 5.3556789e-06 4.6549055e-05 8.9555246e-05
-7.6076076e-02 4.8135533e-06 4.2678505e-05 8.2177078e-05
-7.1071071e-02 4.3225681e-06 3.9108264e-05 7.5370643e-05
-6.6066066e-02 3.8820647e-06 3.5820659e-05 6.9090478e-05
-6.1061061e-02 3.4833355e-06 3.2790761e-05 6.3299748e-05
-5.6056056e-02 3.1250716e-06 3.0006188e-05 5.7965769e-05
-5.1051051e-02 2.8012852e-06 2.7442547e-05 5.3054018e-05
-4.6046046e-02 2.5095670e-06 2.5085506e-05 4.8531477e-05
-4.1041041e-02 2.2483942e-06 2.2919473e-05 4.4372739e-05
-3.6036036e-02 2.0125102e-06 2.0929497e-05 4.0551076e-05
-3.1031031e-02 1.8010919e-06 1.9103419e-05 3.7036952e-05
-2.6026026e-02 1.6105669e-06 1.7427929e-05 3.3810877e-05
-2.1021021e-02 1.4389502e-06 1.5890285e-05 3.0850227e-05
-1.6016016e-02 1.2854676e-06 1.4480869e-05 2.8133244e-05
-1.1011011e-02 1.1477140e-06 1.3189733e-05 2.5641513e-05
-6.0060060e-03 1.0238867e-06 1.2007844e-05 2.3358682e-05
-1.0010010e-03 9.1316564e-07 1.0926240e-05 2.1267507e-05
4.0040040e-03 8.1397545e-07 9.9373813e-06 1.9354043e-05
9.0090090e-03 7.2556401e-07 9.0329180e-06 1.7603471e-05
1.4014014e-02 6.4549218e-07 8.2066798e-06 1.6002284e-05
1.9019019e-02 5.7438304e-07 7.4521583e-06 1.4539329e-05
2.4024024e-02 5.1105372e-07 6.7637624e-06 1.3203355e-05
2.9029029e-02 4.5454946e-07 6.1356330e-06 1.1984051e-05
3.4034034e-02 4.0400789e-07 5.5629116e-06 1.0871783e-05
3.9039039e-02 3.5885757e-07 5.0413089e-06 9.8569098e-06
4.4044044e-02 3.1870452e-07 4.5662934e-06 8.9319043e-06
4.9049049e-02 2.8263335e-07 4.1335772e-06 8.0896527e-06
5.4054054e-02 2.5058818e-07 3.7400568e-06 7.3230986e-06
5.9059059e-02 2.2203111e-07 3.3821755e-06 6.6256227e-06
6.4064064e-02 1.9659854e-07 3.0570182e-06 5.9914835e-06
6.9069069e-02 1.7393037e-07 2.7617109e-06 5.4149861e-06
7.4074074e-02 1.5387383e-07 2.4935416e-06 4.8915493e-06
7.9079079e-02 1.3606364e-07 2.2502745e-06 4.4162181e-06
8.4084084e-02 1.2023572e-07 2.0296566e-06 3.9849020e-06
8.9089089e-02 1.0626071e-07 1.8296837e-06 3.5938693e-06
9.4094094e-02 9.3762909e-08 1.6486019e-06 3.2394748e-06
9.9099099e-02 8.2708903e-08 1.4846906e-06 2.9184492e-06
1.0410410e-01 7.2929069e-08 1.3363854e-06 2.6278372e-06
1.0910911e-01 6.4301588e-08 1.2022756e-06 2.3649079e-06
1.1411411e-01 5.6666608e-08 1.0810191e-06 2.1271530e-06
1.1911912e-01 4.9897425e-08 9.7145013e-07 1.9123142e-06
1.2412412e-01 4.3926711e-08 8.7254052e-07 1.7182422e-06
1.2912913e-01 3.8639950e-08 7.8330505e-07 1.5430232e-06
1.3413413e-01 3.3975496e-08 7.0279714e-07 1.3849645e-06
1.3913914e-01 2.9856275e-08 6.3024382e-07 1.2424059e-06
1.4414414e-01 2.6230098e-08 5.6487970e-07 1.1139392e-06
1.4914915e-01 2.3021803e-08 5.0603233e-07 9.9820451e-07
1.5415415e-01 2.0209287e-08 4.5307304e-07 8.9400725e-07
1.5915916e-01 1.7723699e-08 4.0544885e-07 8.0028132e-07
1.6416416e-01 1.5540694e-08 3.6263499e-07 7.1598535e-07
1.6916917e-01 1.3616041e-08 3.2416788e-07 6.4023138e-07
1.7417417e-01 1.1915058e-08 2.8962445e-07 5.7218267e-07
1.7917918e-01 1.0426801e-08 2.5862447e-07 5.1108721e-07
1.8418418e-01 9.1222047e-09 2.3082411e-07 4.5627063e-07
1.8918919e-01 7.9738791e-09 2.0590316e-07 4.0711626e-07
1.9419419e-01 6.9674828e-09 1.8357468e-07 3.6305801e-07
1.9919920e-01 6.0858621e-09 1.6358405e-07 3.2359673e-07
2.0420420e-01 5.3114611e-09 1.4568862e-07 2.8826788e-07
2.0920921e-01 4.6315717e-09 1.2968087e-07 2.5665673e-07
2.1421421e-01 4.0373726e-09 1.1537151e-07 2.2839249e-07
2.1921922e-01 3.5194165e-09 1.0258661e-07 2.0313341e-07
2.2422422e-01 3.0647833e-09 9.1170323e-08 1.8056941e-07
2.2922923e-01 2.6691709e-09 8.0980669e-08 1.6042527e-07
2.3423423e-01 2.3237556e-09 7.1892149e-08 1.4244828e-07
2.3923924e-01 2.0215611e-09 6.3789649e-08 1.2641929e-07
2.4424424e-01 1.7568455e-09 5.6569851e-08 1.1213537e-07
2.4924925e-01 1.5260092e-09 5.0139228e-08 9.9410026e-08
2.5425425e-01 1.3236640e-09 4.4416078e-08 8.8081352e-08
2.5925926e-01 1.1488414e-09 3.9325253e-08 7.8002926e-08
2.6426426e-01 9.9681628e-10 3.4799198e-08 6.9039166e-08
2.6926927e-01 8.6470629e-10 3.0777621e-08 6.1073534e-08
2.7427427e-01 7.4950354e-10 2.7206736e-08 5.3996097e-08
2.7927928e-01 6.4880107e-10 2.4037123e-08 4.7712488e-08
2.8428428e-01 5.6177606e-10 2.1225281e-08 4.2137947e-08
2.8928929e-01 4.8584623e-10 1.8732174e-08 3.7194805e-08
2.9429429e-01 4.2019896e-10 1.6523228e-08 3.2813764e-08
2.9929930e-01 3.6319845e-10 1.4566826e-08 2.8933316e-08
3.0430430e-01 3.1376694e-10 1.2835143e-08 2.5497989e-08
3.0930931e-01 2.7089281e-10 1.1303243e-08 2.2457965e-08
3.1431431e-01 2.3360820e-10 9.9488986e-09 1.9770054e-08
3.1931932e-01 2.0138772e-10 8.7520735e-09 1.7394175e-08
3.2432432e-01 1.7362424e-10 7.6950544e-09 1.5295442e-08
3.2932933e-01 1.4962238e-10 6.7620513e-09 1.3442689e-08
3.3433433e-01 1.2886857e-10 5.9389618e-09 1.1807945e-08
3.3933934e-01 1.1088243e-10 5.2132718e-09 1.0366376e-08
3.4434434e-01 9.5344816e-11 4.5737540e-09 9.0959231e-09
3.4934935e-01 8.1969841e-11 4.0105608e-09 7.9768187e-09
3.5435435e-01 7.0385225e-11 3.5147623e-09 6.9916450e-09
3.5935936e-01 6.0404519e-11 3.0786319e-09 6.1247886e-09
3.6436436e-01 5.1862573e-11 2.6951758e-09 5.3625012e-09
3.6936937e-01 4.4475479e-11 2.3581778e-09 4.6925635e-09
3.7437437e-01 3.8125006e-11 2.0621974e-09 4.1040694e-09
3.7937938e-01 3.2675753e-11 1.8023998e-09 3.5874183e-09
3.8438438e-01 2.8001551e-11 1.5744835e-09 3.1341183e-09
3.8938939e-01 2.3980983e-11 1.3746562e-09 2.7366119e-09
3.9439439e-01 2.0519143e-11 1.1995324e-09 2.3882254e-09
3.9939940e-01 1.7540433e-11 1.0461553e-09 2.0830583e-09
4.0440440e-01 1.4992740e-11 9.1189763e-10 1.8158979e-09
4.0940941e-01 1.2802820e-11 7.9442541e-10 1.5821413e-09
4.1441441e-01 1.0934996e-11 6.9171875e-10 1.3777209e-09
4.1941942e-01 9.3274234e-12 6.0196308e-10 1.1990648e-09
4.2442442e-01 7.9575609e-12 5.2357369e-10 1.0430079e-09
4.2942943e-01 6.7824368e-12 4.5514230e-10 9.0676571e-10
4.3443443e-01 5.7777024e-12 3.9544281e-10 7.8788306e-10
4.3943944e-01 4.9223005e-12 3.4338677e-10 6.8422121e-10
4.4444444e-01 4.1893764e-12 2.9802323e-10 5.9387503e-10
4.4944945e-01 3.5598044e-12 2.5851166e-10 5.1517933e-10
4.5445445e-01 3.0251177e-12 2.2411772e-10 4.4666757e-10
4.5945946e-01 2.5710046e-12 1.9419384e-10 3.8705689e-10
4.6446446e-01 2.1843630e-12 1.6817375e-10 3.3521902e-10
4.6946947e-01 1.8534110e-12 1.4556103e-10 2.9016433e-10
4.7447447e-01 1.5735361e-12 1.2591968e-10 2.5102947e-10
4.7947948e-01 1.3338954e-12 1.0887037e-10 2.1705487e-10
4.8448448e-01 1.1310790e-12 9.4077726e-11 1.8757592e-10
4.8948949e-01 9.5809463e-13 8.1251270e-11 1.6201197e-10
4.9449449e-01 8.1073165e-13 7.0135288e-11 1.3985634e-10
4.9949950e-01 6.8580165e-13 6.0507218e-11 1.2066471e-10
5.0450450e-01 5.7999986e-13 5.2172428e-11 1.0404948e-10
5.0950951e-01 4.9000030e-13 4.4961243e-11 8.9673231e-11
5.1451451e-01 4.1367471e-13 3.8726061e-11 7.7241301e-11
5.1951952e-01 3.4930018e-13 3.3337378e-11 6.6496726e-11
5.2452452e-01 2.9448458e-13 2.8682820e-11 5.7215637e-11
5.2952953e-01 2.4826854e-13 2.4664791e-11 4.9203059e-11
5.3453453e-01 2.0924497e-13 2.1198052e-11 4.2289432e-11
5.3953954e-01 1.7617792e-13 1.8208654e-11 3.6327552e-11
5.4454454e-01 1.4830400e-13 1.5632350e-11 3.1189143e-11
5.4954955e-01 1.2476196e-13 1.3413207e-11 2.6762956e-11
5.5455455e-01 1.0494092e-13 1.1502847e-11 2.2952385e-11
5.5955956e-01 8.8162988e-14 9.8591775e-12 1.9673609e-11
5.6456456e-01 7.4045104e-14 8.4457627e-12 1.6854037e-11
5.6956957e-01 6.2169703e-14 7.2310491e-12 1.4430674e-11
5.7457457e-01 5.2162128e-14 6.1876821e-12 1.2349008e-11
5.7957958e-01 4.3765898e-14 5.2919879e-12 1.0561879e-11
5.8458458e-01 3.6698937e-14 4.5234853e-12 9.0284514e-12
5.8958959e-01 3.0743668e-14 3.8644757e-12 7.7134324e-12
5.9459459e-01 2.5733425e-14 3.2996743e-12 6.5863642e-12
5.9959960e-01 2.1531911e-14 2.8158769e-12 5.6209051e-12
6.0460460e-01 1.7999662e-14 2.4017157e-12 4.7943551e-12
6.0960961e-01 1.5034786e-14 2.0473494e-12 4.0871131e-12
6.1461461e-01 1.2548576e-14 1.7443164e-12 3.4822964e-12
6.1961962e-01 1.0474811e-14 1.4853235e-12 2.9653612e-12
6.2462462e-01 8.7304496e-15 1.2640969e-12 2.5237886e-12
6.2962963e-01 7.2744650e-15 1.0752364e-12 2.1467978e-12
6.3463463e-01 6.0604398e-15 9.1408974e-13 1.8251233e-12
6.3963964e-01 5.0472208e-15 7.7667303e-13 1.5508000e-12
6.4464464e-01 4.1988160e-15 6.5955379e-13 1.3169901e-12
6.4964965e-01 3.4948534e-15 5.5978989e-13 1.1178201e-12
6.5465465e-01 2.9068114e-15 4.7485667e-13 9.4825279e-13
6.5965966e-01 2.4157273e-15 4.0259169e-13 8.0396746e-13
6.6466466e-01 2.0067198e-15 3.4113777e-13 6.8126490e-13
6.6966967e-01 1.6666463e-15 2.8890701e-13 5.7697415e-13
6.7467467e-01 1.3834671e-15 2.4453937e-13 4.8838147e-13
6.7967968e-01 1.1469695e-15 2.0687186e-13 4.1316672e-13
6.8468468e-01 9.5052239e-16 1.7491126e-13 3.4934474e-13
6.8968969e-01 7.8742488e-16 1.4780747e-13 2.9521993e-13
6.9469469e-01 6.5147951e-16 1.2483585e-13 2.4934441e-13
6.9969970e-01 5.3916105e-16 1.0537676e-13 2.1048276e-13
7.0470470e-01 4.4617557e-16 8.8902313e-14 1.7758088e-13
7.0970971e-01 3.6872872e-16 7.4962576e-14 1.4974007e-13
7.1471471e-01 3.0455983e-16 6.3173999e-14 1.2619521e-13
7.1971972e-01 2.5137397e-16 5.3210341e-14 1.0629443e-13
7.2472472e-01 2.0751794e-16 4.4793688e-14 8.9482996e-14
7.2972973e-01 1.7122887e-16 3.7687666e-14 7.5289272e-14
7.3473473e-01 1.4119611e-16 3.1691638e-14 6.3312379e-14
7.3973974e-01 1.1638147e-16 2.6635042e-14 5.3211659e-14
7.4474474e-01 9.5805899e-17 2.2373004e-14 4.4697946e-14
7.4974975e-01 7.8861526e-17 1.8782754e-14 3.7525883e-14
7.5475475e-01 6.4888066e-17 1.5760012e-14 3.1487371e-14
7.5975976e-01 5.3381175e-17 1.3216470e-14 2.6406114e-14
7.6476476e-01 4.3884147e-17 1.1077395e-14 2.2132758e-14
7.6976977e-01 3.6064940e-17 9.2794761e-15 1.8540829e-14
7.7477477e-01 2.9620795e-17 7.7691207e-15 1.5523341e-14
7.7977978e-01 2.4293826e-17 6.5010396e-15 1.2989845e-14
7.8478478e-01 1.9928475e-17 5.4369574e-15 1.0863885e-14
7.8978979e-01 1.6343035e-17 4.5445656e-15 9.0808931e-15
7.9479479e-01 1.3390963e-17 3.7965704e-15 7.5863857e-15
7.9979980e-01 1.0965658e-17 3.1699553e-15 6.3343744e-15
8.0480480e-01 8.9731215e-18 2.6453149e-15 5.2860974e-15
8.0980981e-01 7.3423259e-18 2.2062981e-15 4.4088883e-15
8.1481481e-01 6.0030474e-18 1.8391374e-15 3.6752384e-15
8.1981982e-01 4.9060600e-18 1.5322380e-15 3.0619935e-15
8.2482482e-01 4.0074796e-18 1.2758538e-15 2.5496786e-15
8.2982983e-01 3.2722245e-18 1.0617891e-15 2.1219210e-15
8.3483483e-01 2.6703850e-18 8.8315798e-16 1.7649627e-15
8.3983984e-01 2.1779368e-18 7.3417778e-16 1.4672506e-15
8.4484484e-01 1.7751725e-18 6.0999544e-16 1.2190894e-15
8.4984985e-01 1.4459919e-18 5.0653992e-16 1.0123466e-15
8.5485485e-01 1.1767852e-18 4.2040109e-16 8.4020526e-16
8.5985986e-01 9.5745350e-19 3.4871960e-16 6.9695354e-16
8.6486486e-01 7.7889762e-19 2.8910237e-16 5.7780977e-16
8.6986987e-01 6.3330024e-19 2.3954635e-16 4.7877159e-16
8.7487487e-01 5.1459092e-19 1.9837663e-16 3.9649174e-16
8.7987988e-01 4.1795939e-19 1.6419264e-16 3.2817271e-16
8.8488488e-01 3.3926678e-19 1.3582486e-16 2.7147709e-16
8.8988989e-01 2.7525484e-19 1.1229687e-16 2.2445346e-16
8.9489489e-01 2.2320048e-19 9.2793709e-17 1.8547349e-16
8.9989990e-01 1.8089300e-19 7.6635774e-17 1.5317918e-16
9.0490490e-01 1.4651872e-19 6.3256798e-17 1.2643873e-16
9.0990991e-01 1.1861197e-19 5.2184976e-17 1.0430926e-16
9.1491491e-01 9.5967818e-20 4.3027510e-17 8.6005840e-17
9.1991992e-01 7.7571977e-20 3.5457606e-17 7.0875389e-17
9.2492492e-01 6.2684974e-20 2.9203510e-17 5.8374778e-17
9.2992993e-01 5.0615765e-20 2.4039356e-17 4.8052660e-17
9.3493493e-01 4.0868306e-20 1.9777588e-17 3.9534124e-17
9.3993994e-01 3.2974699e-20 1.6262459e-17 3.2507920e-17
9.4494494e-01 2.6582846e-20 1.3364768e-17 2.6715825e-17
9.4994995e-01 2.1428644e-20 1.0977392e-17 2.1943717e-17
9.5495495e-01 1.7260222e-20 9.0115476e-18 1.8014171e-17
9.5995996e-01 1.3887337e-20 7.3937042e-18 1.4780216e-17
9.6496496e-01 1.1175843e-20 6.0629903e-18 1.2120194e-17
9.6996997e-01 8.9894263e-21 4.9690556e-18 9.9334650e-18
9.7497497e-01 7.2251324e-21 4.0702760e-18 8.1368127e-18
9.7997998e-01 5.8058141e-21 3.3322383e-18 6.6614713e-18
9.8498498e-01 4.6592967e-21 2.7265313e-18 5.4506481e-18
9.8998999e-01 3.7388169e-21 2.2297064e-18 4.4574728e-18
9.9499499e-01 2.9989650e-21 1.8224133e-18 3.6432719e-18
1.0000000e+00 2.4033149e-21 1.4887054e-18 2.9761632e-18
