X KDE_INF KDE_MED KDE_SUP
-2.5000000e+01 3.5593878e-05 8.1049872e-05 1.3749528e-04
-2.4984985e+01 3.7817115e-05 8.6033530e-05 1.4590234e-04
-2.4969970e+01 4.0175967e-05 9.1309031e-05 1.5473842e-04
-2.4954955e+01 4.2670663e-05 9.6880968e-05 1.6407630e-04
-2.4939940e+01 4.5315875e-05 1.0276267e-04 1.7397660e-04
-2.4924925e+01 4.8105995e-05 1.0899688e-04 1.8440438e-04
-2.4909910e+01 5.1053237e-05 1.1557927e-04 1.9542961e-04
-2.4894895e+01 5.4186754e-05 1.2253963e-04 2.0709291e-04
-2.4879880e+01 5.7495339e-05 1.2987628e-04 2.1935529e-04
-2.4864865e+01 6.1028261e-05 1.3761843e-04 2.3233015e-04
-2.4849850e+01 6.4741674e-05 1.4580932e-04 2.4606041e-04
-2.4834835e+01 6.8657016e-05 1.5444639e-04 2.6045418e-04
-2.4819820e+01 7.2797273e-05 1.6356082e-04 2.7569353e-04
-2.4804805e+01 7.7180276e-05 1.7320508e-04 2.9176228e-04
-2.4789790e+01 8.1799419e-05 1.8335461e-04 3.0883527e-04
-2.4774775e+01 8.6695441e-05 1.9406089e-04 3.2675153e-04
-2.4759760e+01 9.1840095e-05 2.0534162e-04 3.4559896e-04
-2.4744745e+01 9.7258901e-05 2.1721259e-04 3.6533932e-04
-2.4729730e+01 1.0302294e-04 2.2975895e-04 3.8620856e-04
-2.4714715e+01 1.0909477e-04 2.4298464e-04 4.0827618e-04
-2.4699700e+01 1.1548805e-04 2.5691957e-04 4.3150819e-04
-2.4684685e+01 1.2221809e-04 2.7158719e-04 4.5587961e-04
-2.4669670e+01 1.2939864e-04 2.8706675e-04 4.8155116e-04
-2.4654655e+01 1.3691340e-04 3.0330673e-04 5.0845956e-04
-2.4639640e+01 1.4479299e-04 3.2042479e-04 5.3687001e-04
-2.4624625e+01 1.5305620e-04 3.3842936e-04 5.6674383e-04
-2.4609610e+01 1.6184251e-04 3.5734707e-04 5.9832683e-04
-2.4594595e+01 1.7108094e-04 3.7732896e-04 6.3131808e-04
-2.4579580e+01 1.8077657e-04 3.9834372e-04 6.6602441e-04
-2.4564565e+01 1.9098763e-04 4.2042620e-04 7.0245062e-04
-2.4549550e+01 2.0172690e-04 4.4358465e-04 7.4072391e-04
-2.4534535e+01 2.1303473e-04 4.6796349e-04 7.8104546e-04
-2.4519520e+01 2.2497526e-04 4.9350450e-04 8.2317853e-04
-2.4504505e+01 2.3753602e-04 5.2042705e-04 8.6767866e-04
-2.4489489e+01 2.5083904e-04 5.4867349e-04 9.1415812e-04
-2.4474474e+01 2.6472760e-04 5.7841049e-04 9.6309234e-04
-2.4459459e+01 2.7939004e-04 6.0951262e-04 1.0141418e-03
-2.4444444e+01 2.9471005e-04 6.4216219e-04 1.0678072e-03
-2.4429429e+01 3.1097224e-04 6.7647999e-04 1.1239942e-03
-2.4414414e+01 3.2794459e-04 7.1242703e-04 1.1829527e-03
-2.4399399e+01 3.4581893e-04 7.5018564e-04 1.2448847e-03
-2.4384384e+01 3.6441879e-04 7.8968098e-04 1.3096541e-03
-2.4369369e+01 3.8409333e-04 8.3118102e-04 1.3774571e-03
-2.4354354e+01 4.0467123e-04 8.7470602e-04 1.4483631e-03
-2.4339339e+01 4.2646540e-04 9.2017300e-04 1.5226422e-03
-2.4324324e+01 4.4899960e-04 9.6790231e-04 1.6007637e-03
-2.4309309e+01 4.7287456e-04 1.0178703e-03 1.6823179e-03
-2.4294294e+01 4.9787405e-04 1.0703853e-03 1.7680270e-03
-2.4279279e+01 5.2435503e-04 1.1254475e-03 1.8569281e-03
-2.4264264e+01 5.5176549e-04 1.1828524e-03 1.9501661e-03
-2.4249249e+01 5.8065754e-04 1.2427156e-03 2.0483559e-03
-2.4234234e+01 6.1086762e-04 1.3056657e-03 2.1507274e-03
-2.4219219e+01 6.4249690e-04 1.3715052e-03 2.2578723e-03
-2.4204204e+01 6.7550491e-04 1.4399034e-03 2.3694374e-03
-2.4189189e+01 7.1015575e-04 1.5116948e-03 2.4859230e-03
-2.4174174e+01 7.4650161e-04 1.5869103e-03 2.6079723e-03
-2.4159159e+01 7.8472326e-04 1.6655679e-03 2.7353626e-03
-2.4144144e+01 8.2473824e-04 1.7477174e-03 2.8677598e-03
-2.4129129e+01 8.6656610e-04 1.8330608e-03 3.0066473e-03
-2.4114114e+01 9.1017044e-04 1.9222488e-03 3.1511620e-03
-2.4099099e+01 9.5580040e-04 2.0160196e-03 3.3023475e-03
-2.4084084e+01 1.0040350e-03 2.1134709e-03 3.4591940e-03
-2.4069069e+01 1.0541251e-03 2.2155442e-03 3.6236542e-03
-2.4054054e+01 1.1065375e-03 2.3218260e-03 3.7957591e-03
-2.4039039e+01 1.1610060e-03 2.4329218e-03 3.9740150e-03
-2.4024024e+01 1.2182108e-03 2.5487007e-03 4.1605300e-03
-2.4009009e+01 1.2782112e-03 2.6695812e-03 4.3548658e-03
-2.3993994e+01 1.3406631e-03 2.7951772e-03 4.5560264e-03
-2.3978979e+01 1.4057657e-03 2.9261417e-03 4.7665964e-03
-2.3963964e+01 1.4740623e-03 3.0628147e-03 4.9853703e-03
-2.3948949e+01 1.5449097e-03 3.2047919e-03 5.2123321e-03
-2.3933934e+01 1.6187665e-03 3.3535248e-03 5.4496940e-03
-2.3918919e+01 1.6948608e-03 3.5092069e-03 5.6980887e-03
-2.3903904e+01 1.7750130e-03 3.6703421e-03 5.9555261e-03
-2.3888889e+01 1.8581393e-03 3.8380363e-03 6.2227631e-03
-2.3873874e+01 1.9448011e-03 4.0123033e-03 6.5013079e-03
-2.3858859e+01 2.0356589e-03 4.1948120e-03 6.7918908e-03
-2.3843844e+01 2.1303777e-03 4.3829144e-03 7.0927321e-03
-2.3828829e+01 2.2290947e-03 4.5794727e-03 7.4039955e-03
-2.3813814e+01 2.3311226e-03 4.7841830e-03 7.7287014e-03
-2.3798799e+01 2.4374823e-03 4.9964895e-03 8.0655431e-03
-2.3783784e+01 2.5494845e-03 5.2177311e-03 8.4165999e-03
-2.3768769e+01 2.6647851e-03 5.4475950e-03 8.7816142e-03
-2.3753754e+01 2.7850784e-03 5.6864410e-03 9.1594427e-03
-2.3738739e+01 2.9115353e-03 5.9337059e-03 9.5526579e-03
-2.3723724e+01 3.0426264e-03 6.1900958e-03 9.9557975e-03
-2.3708709e+01 3.1781778e-03 6.4573427e-03 1.0374721e-02
-2.3693694e+01 3.3183981e-03 6.7344635e-03 1.0813302e-02
-2.3678679e+01 3.4654494e-03 7.0222965e-03 1.1267634e-02
-2.3663664e+01 3.6183549e-03 7.3210272e-03 1.1738322e-02
-2.3648649e+01 3.7757138e-03 7.6308881e-03 1.2227280e-02
-2.3633634e+01 3.9395467e-03 7.9508641e-03 1.2733627e-02
-2.3618619e+01 4.1098292e-03 8.2838133e-03 1.3256940e-02
-2.3603604e+01 4.2866117e-03 8.6276511e-03 1.3800710e-02
-2.3588589e+01 4.4691113e-03 8.9873258e-03 1.4362828e-02
-2.3573574e+01 4.6596498e-03 9.3582465e-03 1.4945263e-02
-2.3558559e+01 4.8564044e-03 9.7423560e-03 1.5551041e-02
-2.3543544e+01 5.0603815e-03 1.0141811e-02 1.6175716e-02
-2.3528529e+01 5.2720234e-03 1.0552804e-02 1.6823858e-02
-2.3513514e+01 5.4898506e-03 1.0981811e-02 1.7491673e-02
-2.3498498e+01 5.7168987e-03 1.1425216e-02 1.8188011e-02
-2.3483483e+01 5.9540139e-03 1.1880352e-02 1.8901347e-02
-2.3468468e+01 6.1976722e-03 1.2351987e-02 1.9644036e-02
-2.3453453e+01 6.4514844e-03 1.2843666e-02 2.0406608e-02
-2.3438438e+01 6.7131848e-03 1.3352054e-02 2.1191364e-02
-2.3423423e+01 6.9815571e-03 1.3875933e-02 2.2002042e-02
-2.3408408e+01 7.2625254e-03 1.4417585e-02 2.2847354e-02
-2.3393393e+01 7.5572171e-03 1.4975042e-02 2.3720339e-02
-2.3378378e+01 7.8591204e-03 1.5548175e-02 2.4623003e-02
-2.3363363e+01 8.1734865e-03 1.6142895e-02 2.5547772e-02
-2.3348348e+01 8.4956399e-03 1.6760204e-02 2.6499311e-02
-2.3333333e+01 8.8269033e-03 1.7398303e-02 2.7483528e-02
-2.3318318e+01 9.1704003e-03 1.8054729e-02 2.8496206e-02
-2.3303303e+01 9.5291100e-03 1.8729157e-02 2.9555990e-02
-2.3288288e+01 9.8957134e-03 1.9431704e-02 3.0642322e-02
-2.3273273e+01 1.0275179e-02 2.0151061e-02 3.1761831e-02
-2.3258258e+01 1.0664972e-02 2.0895782e-02 3.2912105e-02
-2.3243243e+01 1.1069978e-02 2.1662013e-02 3.4096353e-02
-2.3228228e+01 1.1490404e-02 2.2457245e-02 3.5303365e-02
-2.3213213e+01 1.1926246e-02 2.3270937e-02 3.6558765e-02
-2.3198198e+01 1.2372134e-02 2.4103915e-02 3.7852069e-02
-2.3183183e+01 1.2825787e-02 2.4971740e-02 3.9175733e-02
-2.3168168e+01 1.3296848e-02 2.5864383e-02 4.0544351e-02
-2.3153153e+01 1.3789159e-02 2.6779083e-02 4.1960698e-02
-2.3138138e+01 1.4295135e-02 2.7729392e-02 4.3415146e-02
-2.3123123e+01 1.4810572e-02 2.8706697e-02 4.4906973e-02
-2.3108108e+01 1.5341874e-02 2.9709402e-02 4.6446583e-02
-2.3093093e+01 1.5894624e-02 3.0741866e-02 4.8029827e-02
-2.3078078e+01 1.6459123e-02 3.1802287e-02 4.9652607e-02
-2.3063063e+01 1.7036712e-02 3.2898243e-02 5.1330897e-02
-2.3048048e+01 1.7636329e-02 3.4013603e-02 5.3051231e-02
-2.3033033e+01 1.8256344e-02 3.5164574e-02 5.4815007e-02
-2.3018018e+01 1.8896251e-02 3.6344632e-02 5.6633279e-02
-2.3003003e+01 1.9551983e-02 3.7566542e-02 5.8504558e-02
-2.2987988e+01 2.0225777e-02 3.8821383e-02 6.0413898e-02
-2.2972973e+01 2.0920903e-02 4.0116033e-02 6.2389159e-02
-2.2957958e+01 2.1626866e-02 4.1435081e-02 6.4408559e-02
-2.2942943e+01 2.2362553e-02 4.2782501e-02 6.6461474e-02
-2.2927928e+01 2.3103713e-02 4.4171943e-02 6.8575147e-02
-2.2912913e+01 2.3878104e-02 4.5594982e-02 7.0759533e-02
-2.2897898e+01 2.4671405e-02 4.7055363e-02 7.3000887e-02
-2.2882883e+01 2.5493718e-02 4.8554277e-02 7.5300015e-02
-2.2867868e+01 2.6322293e-02 5.0096524e-02 7.7649811e-02
-2.2852853e+01 2.7168645e-02 5.1663561e-02 8.0064224e-02
-2.2837838e+01 2.8061719e-02 5.3283299e-02 8.2535596e-02
-2.2822823e+01 2.8968234e-02 5.4949506e-02 8.5034448e-02
-2.2807808e+01 2.9888425e-02 5.6656265e-02 8.7583888e-02
-2.2792793e+01 3.0832872e-02 5.8397753e-02 9.0221495e-02
-2.2777778e+01 3.1782844e-02 6.0167776e-02 9.2938409e-02
-2.2762763e+01 3.2770156e-02 6.1987770e-02 9.5678480e-02
-2.2747748e+01 3.3834164e-02 6.3859860e-02 9.8542881e-02
-2.2732733e+01 3.4883619e-02 6.5782589e-02 1.0144117e-01
-2.2717718e+01 3.5961400e-02 6.7741433e-02 1.0441665e-01
-2.2702703e+01 3.7058893e-02 6.9749061e-02 1.0743163e-01
-2.2687688e+01 3.8208275e-02 7.1807214e-02 1.1055929e-01
-2.2672673e+01 3.9378573e-02 7.3921435e-02 1.1375984e-01
-2.2657658e+01 4.0563782e-02 7.6066577e-02 1.1700756e-01
-2.2642643e+01 4.1782216e-02 7.8269102e-02 1.2034160e-01
-2.2627628e+01 4.3019044e-02 8.0535246e-02 1.2374105e-01
-2.2612613e+01 4.4305624e-02 8.2823455e-02 1.2725252e-01
-2.2597598e+01 4.5611881e-02 8.5162274e-02 1.3080602e-01
-2.2582583e+01 4.6961409e-02 8.7550574e-02 1.3442306e-01
-2.2567568e+01 4.8321546e-02 8.9979251e-02 1.3804158e-01
-2.2552553e+01 4.9716515e-02 9.2453219e-02 1.4182128e-01
-2.2537538e+01 5.1127288e-02 9.5005274e-02 1.4565266e-01
-2.2522523e+01 5.2619914e-02 9.7593006e-02 1.4957400e-01
-2.2507508e+01 5.4110324e-02 1.0027386e-01 1.5359632e-01
-2.2492492e+01 5.5659974e-02 1.0298823e-01 1.5766861e-01
-2.2477477e+01 5.7223665e-02 1.0573719e-01 1.6183694e-01
-2.2462462e+01 5.8807870e-02 1.0858142e-01 1.6609892e-01
-2.2447447e+01 6.0439476e-02 1.1144559e-01 1.7041881e-01
-2.2432432e+01 6.2152980e-02 1.1437274e-01 1.7488314e-01
-2.2417417e+01 6.3879162e-02 1.1734497e-01 1.7935334e-01
-2.2402402e+01 6.5648305e-02 1.2034039e-01 1.8395361e-01
-2.2387387e+01 6.7421489e-02 1.2346587e-01 1.8856333e-01
-2.2372372e+01 6.9215053e-02 1.2657852e-01 1.9331819e-01
-2.2357357e+01 7.1095338e-02 1.2974376e-01 1.9811640e-01
-2.2342342e+01 7.3013151e-02 1.3302382e-01 2.0303868e-01
-2.2327327e+01 7.4958975e-02 1.3634560e-01 2.0796011e-01
-2.2312312e+01 7.6984738e-02 1.3973890e-01 2.1303980e-01
-2.2297297e+01 7.9061313e-02 1.4319825e-01 2.1816719e-01
-2.2282282e+01 8.1143796e-02 1.4673047e-01 2.2340746e-01
-2.2267267e+01 8.3298389e-02 1.5028173e-01 2.2870741e-01
-2.2252252e+01 8.5429341e-02 1.5387800e-01 2.3402587e-01
-2.2237237e+01 8.7665950e-02 1.5760242e-01 2.3946219e-01
-2.2222222e+01 8.9973470e-02 1.6134552e-01 2.4502829e-01
-2.2207207e+01 9.2335333e-02 1.6513202e-01 2.5074965e-01
-2.2192192e+01 9.4736973e-02 1.6899416e-01 2.5631797e-01
-2.2177177e+01 9.7242770e-02 1.7297254e-01 2.6206261e-01
-2.2162162e+01 9.9862993e-02 1.7698086e-01 2.6786999e-01
-2.2147147e+01 1.0235222e-01 1.8105782e-01 2.7381763e-01
-2.2132132e+01 1.0501762e-01 1.8518386e-01 2.7986438e-01
-2.2117117e+01 1.0762786e-01 1.8937948e-01 2.8593783e-01
-2.2102102e+01 1.1035698e-01 1.9364537e-01 2.9216253e-01
-2.2087087e+01 1.1316791e-01 1.9801108e-01 2.9834270e-01
-2.2072072e+01 1.1594830e-01 2.0242762e-01 3.0475160e-01
-2.2057057e+01 1.1877247e-01 2.0692916e-01 3.1101968e-01
-2.2042042e+01 1.2166294e-01 2.1145508e-01 3.1753827e-01
-2.2027027e+01 1.2459960e-01 2.1607022e-01 3.2403504e-01
-2.2012012e+01 1.2755502e-01 2.2076283e-01 3.3065758e-01
-2.1996997e+01 1.3057155e-01 2.2542559e-01 3.3738044e-01
-2.1981982e+01 1.3366861e-01 2.3026221e-01 3.4412667e-01
-2.1966967e+01 1.3681447e-01 2.3510573e-01 3.5091499e-01
-2.1951952e+01 1.3998471e-01 2.3996503e-01 3.5780656e-01
-2.1936937e+01 1.4322498e-01 2.4498910e-01 3.6470517e-01
-2.1921922e+01 1.4649289e-01 2.5001795e-01 3.7178434e-01
-2.1906907e+01 1.4988254e-01 2.5518439e-01 3.7888837e-01
-2.1891892e+01 1.5322926e-01 2.6045809e-01 3.8596967e-01
-2.1876877e+01 1.5671275e-01 2.6574274e-01 3.9322965e-01
-2.1861862e+01 1.6021015e-01 2.7112096e-01 4.0054841e-01
-2.1846847e+01 1.6376792e-01 2.7659197e-01 4.0800963e-01
-2.1831832e+01 1.6742190e-01 2.8211870e-01 4.1536331e-01
-2.1816817e+01 1.7120100e-01 2.8764452e-01 4.2290140e-01
-2.1801802e+01 1.7485561e-01 2.9322683e-01 4.3049325e-01
-2.1786787e+01 1.7852690e-01 2.9877571e-01 4.3794716e-01
-2.1771772e+01 1.8240878e-01 3.0448283e-01 4.4567147e-01
-2.1756757e+01 1.8629947e-01 3.1035365e-01 4.5329435e-01
-2.1741742e+01 1.9009462e-01 3.1626358e-01 4.6107205e-01
-2.1726727e+01 1.9406189e-01 3.2210328e-01 4.6902314e-01
-2.1711712e+01 1.9809879e-01 3.2823068e-01 4.7711161e-01
-2.1696697e+01 2.0223209e-01 3.3427853e-01 4.8507750e-01
-2.1681682e+01 2.0626464e-01 3.4048247e-01 4.9325739e-01
-2.1666667e+01 2.1037987e-01 3.4662734e-01 5.0126107e-01
-2.1651652e+01 2.1457507e-01 3.5298308e-01 5.0929501e-01
-2.1636637e+01 2.1891445e-01 3.5937842e-01 5.1720499e-01
-2.1621622e+01 2.2314539e-01 3.6581666e-01 5.2538788e-01
-2.1606607e+01 2.2748878e-01 3.7226649e-01 5.3364214e-01
-2.1591592e+01 2.3197474e-01 3.7876167e-01 5.4180796e-01
-2.1576577e+01 2.3641861e-01 3.8528093e-01 5.5001537e-01
-2.1561562e+01 2.4086605e-01 3.9179216e-01 5.5843604e-01
-2.1546547e+01 2.4528783e-01 3.9818284e-01 5.6652709e-01
-2.1531532e+01 2.4978599e-01 4.0481927e-01 5.7498332e-01
-2.1516517e+01 2.5434160e-01 4.1123057e-01 5.8324968e-01
-2.1501502e+01 2.5900400e-01 4.1777027e-01 5.9135508e-01
-2.1486486e+01 2.6352918e-01 4.2427474e-01 5.9924943e-01
-2.1471471e+01 2.6828945e-01 4.3060448e-01 6.0764020e-01
-2.1456456e+01 2.7312741e-01 4.3705860e-01 6.1620885e-01
-2.1441441e+01 2.7803904e-01 4.4353310e-01 6.2451861e-01
-2.1426426e+01 2.8288730e-01 4.4997559e-01 6.3302795e-01
-2.1411411e+01 2.8769828e-01 4.5665270e-01 6.4156370e-01
-2.1396396e+01 2.9258540e-01 4.6317103e-01 6.5001847e-01
-2.1381381e+01 2.9751579e-01 4.6986551e-01 6.5870520e-01
-2.1366366e+01 3.0241804e-01 4.7682576e-01 6.6739566e-01
-2.1351351e+01 3.0737037e-01 4.8398813e-01 6.7642630e-01
-2.1336336e+01 3.1222592e-01 4.9110342e-01 6.8526513e-01
-2.1321321e+01 3.1738686e-01 4.9825194e-01 6.9416898e-01
-2.1306306e+01 3.2246236e-01 5.0567300e-01 7.0338002e-01
-2.1291291e+01 3.2734483e-01 5.1275559e-01 7.1234191e-01
-2.1276276e+01 3.3244327e-01 5.2003065e-01 7.2135544e-01
-2.1261261e+01 3.3747648e-01 5.2749188e-01 7.3048493e-01
-2.1246246e+01 3.4264001e-01 5.3479706e-01 7.3949565e-01
-2.1231231e+01 3.4753378e-01 5.4214965e-01 7.4880986e-01
-2.1216216e+01 3.5248824e-01 5.4953228e-01 7.5797191e-01
-2.1201201e+01 3.5748728e-01 5.5694281e-01 7.6718926e-01
-2.1186186e+01 3.6245475e-01 5.6424652e-01 7.7619642e-01
-2.1171171e+01 3.6742374e-01 5.7136718e-01 7.8513148e-01
-2.1156156e+01 3.7235097e-01 5.7848748e-01 7.9376644e-01
-2.1141141e+01 3.7715212e-01 5.8534914e-01 8.0233499e-01
-2.1126126e+01 3.8217689e-01 5.9237855e-01 8.1058053e-01
-2.1111111e+01 3.8717787e-01 5.9914953e-01 8.1906828e-01
-2.1096096e+01 3.9216307e-01 6.0589408e-01 8.2731122e-01
-2.1081081e+01 3.9728311e-01 6.1234760e-01 8.3540470e-01
-2.1066066e+01 4.0248045e-01 6.1885237e-01 8.4320747e-01
-2.1051051e+01 4.0780180e-01 6.2542980e-01 8.5135546e-01
-2.1036036e+01 4.1336269e-01 6.3212877e-01 8.5926124e-01
-2.1021021e+01 4.1884643e-01 6.3856333e-01 8.6692727e-01
-2.1006006e+01 4.2454897e-01 6.4487658e-01 8.7443648e-01
-2.0990991e+01 4.3035604e-01 6.5133805e-01 8.8209013e-01
-2.0975976e+01 4.3607555e-01 6.5755725e-01 8.8989922e-01
-2.0960961e+01 4.4167753e-01 6.6387334e-01 8.9745246e-01
-2.0945946e+01 4.4767432e-01 6.7033031e-01 9.0494196e-01
-2.0930931e+01 4.5339451e-01 6.7675436e-01 9.1220432e-01
-2.0915916e+01 4.5911532e-01 6.8323109e-01 9.1987646e-01
-2.0900901e+01 4.6501864e-01 6.8981248e-01 9.2768361e-01
-2.0885886e+01 4.7077479e-01 6.9635041e-01 9.3542524e-01
-2.0870871e+01 4.7632558e-01 7.0301606e-01 9.4348321e-01
-2.0855856e+01 4.8169832e-01 7.0963746e-01 9.5186432e-01
-2.0840841e+01 4.8673231e-01 7.1627869e-01 9.5998714e-01
-2.0825826e+01 4.9179027e-01 7.2275385e-01 9.6779879e-01
-2.0810811e+01 4.9682530e-01 7.2931002e-01 9.7568740e-01
-2.0795796e+01 5.0190734e-01 7.3579558e-01 9.8311896e-01
-2.0780781e+01 5.0703809e-01 7.4203680e-01 9.9036351e-01
-2.0765766e+01 5.1220178e-01 7.4800111e-01 9.9700066e-01
-2.0750751e+01 5.1723874e-01 7.5388372e-01 1.0041160e+00
-2.0735736e+01 5.2246442e-01 7.5986291e-01 1.0107600e+00
-2.0720721e+01 5.2762347e-01 7.6585541e-01 1.0172765e+00
-2.0705706e+01 5.3233270e-01 7.7163111e-01 1.0240419e+00
-2.0690691e+01 5.3727391e-01 7.7733269e-01 1.0306782e+00
-2.0675676e+01 5.4215997e-01 7.8311272e-01 1.0374011e+00
-2.0660661e+01 5.4722238e-01 7.8884857e-01 1.0439429e+00
-2.0645646e+01 5.5185757e-01 7.9449059e-01 1.0508443e+00
-2.0630631e+01 5.5601460e-01 8.0027294e-01 1.0570699e+00
-2.0615616e+01 5.6025767e-01 8.0618621e-01 1.0636019e+00
-2.0600601e+01 5.6478224e-01 8.1195063e-01 1.0699680e+00
-2.0585586e+01 5.6935951e-01 8.1751951e-01 1.0767766e+00
-2.0570571e+01 5.7366441e-01 8.2302543e-01 1.0831700e+00
-2.0555556e+01 5.7803212e-01 8.2835804e-01 1.0895207e+00
-2.0540541e+01 5.8244803e-01 8.3359080e-01 1.0958093e+00
-2.0525526e+01 5.8642405e-01 8.3897226e-01 1.1017893e+00
-2.0510511e+01 5.9078181e-01 8.4410011e-01 1.1076127e+00
-2.0495495e+01 5.9496050e-01 8.4917800e-01 1.1132216e+00
-2.0480480e+01 5.9882535e-01 8.5409997e-01 1.1186477e+00
-2.0465465e+01 6.0282880e-01 8.5890239e-01 1.1243037e+00
-2.0450450e+01 6.0666335e-01 8.6364162e-01 1.1294136e+00
-2.0435435e+01 6.1030650e-01 8.6814088e-01 1.1342471e+00
-2.0420420e+01 6.1415399e-01 8.7279531e-01 1.1389972e+00
-2.0405405e+01 6.1808937e-01 8.7709234e-01 1.1439845e+00
-2.0390390e+01 6.2162371e-01 8.8134373e-01 1.1487241e+00
-2.0375375e+01 6.2538883e-01 8.8548921e-01 1.1528505e+00
-2.0360360e+01 6.2889968e-01 8.8955458e-01 1.1571122e+00
-2.0345345e+01 6.3287575e-01 8.9332600e-01 1.1616382e+00
-2.0330330e+01 6.3669582e-01 8.9735934e-01 1.1659828e+00
-2.0315315e+01 6.4037927e-01 9.0102546e-01 1.1698912e+00
-2.0300300e+01 6.4391334e-01 9.0496493e-01 1.1733730e+00
-2.0285285e+01 6.4749609e-01 9.0856458e-01 1.1770439e+00
-2.0270270e+01 6.5127575e-01 9.1174634e-01 1.1807933e+00
-2.0255255e+01 6.5486278e-01 9.1512192e-01 1.1842311e+00
-2.0240240e+01 6.5835342e-01 9.1837811e-01 1.1876936e+00
-2.0225225e+01 6.6200605e-01 9.2157209e-01 1.1910893e+00
-2.0210210e+01 6.6582926e-01 9.2504291e-01 1.1945401e+00
-2.0195195e+01 6.6941426e-01 9.2820050e-01 1.1974268e+00
-2.0180180e+01 6.7293261e-01 9.3131316e-01 1.2006783e+00
-2.0165165e+01 6.7612072e-01 9.3414487e-01 1.2030444e+00
-2.0150150e+01 6.7972304e-01 9.3682801e-01 1.2054329e+00
-2.0135135e+01 6.8333416e-01 9.3939532e-01 1.2075587e+00
-2.0120120e+01 6.8682379e-01 9.4212944e-01 1.2097744e+00
-2.0105105e+01 6.9023123e-01 9.4473871e-01 1.2119018e+00
-2.0090090e+01 6.9343052e-01 9.4744678e-01 1.2134168e+00
-2.0075075e+01 6.9617816e-01 9.5005408e-01 1.2148715e+00
-2.0060060e+01 6.9911888e-01 9.5219873e-01 1.2163695e+00
-2.0045045e+01 7.0223900e-01 9.5438282e-01 1.2183629e+00
-2.0030030e+01 7.0506968e-01 9.5654629e-01 1.2203150e+00
-2.0015015e+01 7.0786208e-01 9.5878356e-01 1.2216309e+00
-2.0000000e+01 7.1061029e-01 9.6073347e-01 1.2229938e+00
-1.9984985e+01 7.1339991e-01 9.6258261e-01 1.2245787e+00
-1.9969970e+01 7.1593452e-01 9.6466851e-01 1.2258552e+00
-1.9954955e+01 7.1856350e-01 9.6660933e-01 1.2268699e+00
-1.9939940e+01 7.2104863e-01 9.6820771e-01 1.2277179e+00
-1.9924925e+01 7.2342419e-01 9.6993696e-01 1.2294919e+00
-1.9909910e+01 7.2609807e-01 9.7180387e-01 1.2305451e+00
-1.9894895e+01 7.2840682e-01 9.7320276e-01 1.2311173e+00
-1.9879880e+01 7.3085589e-01 9.7472660e-01 1.2318928e+00
-1.9864865e+01 7.3371837e-01 9.7625460e-01 1.2325634e+00
-1.9849850e+01 7.3649675e-01 9.7756572e-01 1.2329512e+00
-1.9834835e+01 7.3887185e-01 9.7889660e-01 1.2333313e+00
-1.9819820e+01 7.4075872e-01 9.7991093e-01 1.2335520e+00
-1.9804805e+01 7.4272524e-01 9.8132553e-01 1.2335581e+00
-1.9789790e+01 7.4478433e-01 9.8226354e-01 1.2340693e+00
-1.9774775e+01 7.4637938e-01 9.8349630e-01 1.2335265e+00
-1.9759760e+01 7.4855214e-01 9.8448348e-01 1.2329037e+00
-1.9744745e+01 7.5101109e-01 9.8564771e-01 1.2327950e+00
-1.9729730e+01 7.5272484e-01 9.8653871e-01 1.2324189e+00
-1.9714715e+01 7.5471560e-01 9.8750889e-01 1.2324066e+00
-1.9699700e+01 7.5686897e-01 9.8814190e-01 1.2314245e+00
-1.9684685e+01 7.5898117e-01 9.8910139e-01 1.2309779e+00
-1.9669670e+01 7.6086077e-01 9.8979236e-01 1.2304085e+00
-1.9654655e+01 7.6296369e-01 9.9058148e-01 1.2302567e+00
-1.9639640e+01 7.6469089e-01 9.9154075e-01 1.2301676e+00
-1.9624625e+01 7.6588611e-01 9.9197260e-01 1.2294682e+00
-1.9609610e+01 7.6725996e-01 9.9232102e-01 1.2289965e+00
-1.9594595e+01 7.6906094e-01 9.9285264e-01 1.2278116e+00
-1.9579580e+01 7.7075501e-01 9.9330992e-01 1.2272110e+00
-1.9564565e+01 7.7281088e-01 9.9376825e-01 1.2264714e+00
-1.9549550e+01 7.7436579e-01 9.9460635e-01 1.2259768e+00
-1.9534535e+01 7.7643294e-01 9.9503354e-01 1.2251084e+00
-1.9519520e+01 7.7822978e-01 9.9540645e-01 1.2241913e+00
-1.9504505e+01 7.7971071e-01 9.9535897e-01 1.2235631e+00
-1.9489489e+01 7.8132220e-01 9.9569723e-01 1.2225107e+00
-1.9474474e+01 7.8301848e-01 9.9592068e-01 1.2208584e+00
-1.9459459e+01 7.8454231e-01 9.9633182e-01 1.2199548e+00
-1.9444444e+01 7.8581841e-01 9.9652165e-01 1.2186669e+00
-1.9429429e+01 7.8716728e-01 9.9644716e-01 1.2179064e+00
-1.9414414e+01 7.8836450e-01 9.9657992e-01 1.2165069e+00
-1.9399399e+01 7.8946256e-01 9.9651653e-01 1.2154630e+00
-1.9384384e+01 7.9113507e-01 9.9711569e-01 1.2147984e+00
-1.9369369e+01 7.9248450e-01 9.9737832e-01 1.2135588e+00
-1.9354354e+01 7.9352936e-01 9.9748129e-01 1.2123439e+00
-1.9339339e+01 7.9500578e-01 9.9741835e-01 1.2114980e+00
-1.9324324e+01 7.9614580e-01 9.9769859e-01 1.2102048e+00
-1.9309309e+01 7.9745074e-01 9.9798780e-01 1.2084631e+00
-1.9294294e+01 7.9819027e-01 9.9881137e-01 1.2076345e+00
-1.9279279e+01 7.9915073e-01 9.9900004e-01 1.2062323e+00
-1.9264264e+01 8.0014171e-01 9.9909693e-01 1.2050805e+00
-1.9249249e+01 8.0122221e-01 9.9916383e-01 1.2038148e+00
-1.9234234e+01 8.0207546e-01 9.9976818e-01 1.2026540e+00
-1.9219219e+01 8.0261392e-01 9.9988874e-01 1.2015858e+00
-1.9204204e+01 8.0273856e-01 1.0000000e+00 1.2008602e+00
-1.9189189e+01 8.0271052e-01 9.9973466e-01 1.2000606e+00
-1.9174174e+01 8.0325737e-01 9.9941240e-01 1.1992904e+00
-1.9159159e+01 8.0439313e-01 9.9979316e-01 1.1986053e+00
-1.9144144e+01 8.0400361e-01 9.9976285e-01 1.1978789e+00
-1.9129129e+01 8.0444187e-01 9.9988260e-01 1.1967534e+00
-1.9114114e+01 8.0473962e-01 9.9990287e-01 1.1959101e+00
-1.9099099e+01 8.0480186e-01 9.9963644e-01 1.1954804e+00
-1.9084084e+01 8.0486913e-01 9.9936913e-01 1.1952944e+00
-1.9069069e+01 8.0516784e-01 9.9912851e-01 1.1946633e+00
-1.9054054e+01 8.0482245e-01 9.9930104e-01 1.1941218e+00
-1.9039039e+01 8.0472334e-01 9.9944255e-01 1.1938230e+00
-1.9024024e+01 8.0459793e-01 9.9934848e-01 1.1935575e+00
-1.9009009e+01 8.0450591e-01 9.9894586e-01 1.1934614e+00
-1.8993994e+01 8.0400691e-01 9.9892595e-01 1.1934563e+00
-1.8978979e+01 8.0409469e-01 9.9867193e-01 1.1930629e+00
-1.8963964e+01 8.0374888e-01 9.9861144e-01 1.1931019e+00
-1.8948949e+01 8.0300529e-01 9.9807485e-01 1.1928005e+00
-1.8933934e+01 8.0251249e-01 9.9794270e-01 1.1932607e+00
-1.8918919e+01 8.0130190e-01 9.9793225e-01 1.1935751e+00
-1.8903904e+01 8.0029397e-01 9.9793974e-01 1.1935290e+00
-1.8888889e+01 7.9919067e-01 9.9783024e-01 1.1944968e+00
-1.8873874e+01 7.9868619e-01 9.9805173e-01 1.1942793e+00
-1.8858859e+01 7.9810113e-01 9.9754768e-01 1.1947326e+00
-1.8843844e+01 7.9688744e-01 9.9736104e-01 1.1953941e+00
-1.8828829e+01 7.9570027e-01 9.9735256e-01 1.1957024e+00
-1.8813814e+01 7.9470180e-01 9.9693937e-01 1.1961601e+00
-1.8798799e+01 7.9411164e-01 9.9651250e-01 1.1970530e+00
-1.8783784e+01 7.9258646e-01 9.9637816e-01 1.1979769e+00
-1.8768769e+01 7.9153241e-01 9.9620497e-01 1.1988389e+00
-1.8753754e+01 7.8970468e-01 9.9544931e-01 1.1993768e+00
-1.8738739e+01 7.8765424e-01 9.9507980e-01 1.1995929e+00
-1.8723724e+01 7.8645125e-01 9.9452555e-01 1.2001985e+00
-1.8708709e+01 7.8453256e-01 9.9377242e-01 1.2011294e+00
-1.8693694e+01 7.8278895e-01 9.9329794e-01 1.2023587e+00
-1.8678679e+01 7.8136849e-01 9.9280476e-01 1.2037032e+00
-1.8663664e+01 7.7991077e-01 9.9231387e-01 1.2048978e+00
-1.8648649e+01 7.7814169e-01 9.9158776e-01 1.2056590e+00
-1.8633634e+01 7.7642957e-01 9.9067796e-01 1.2062191e+00
-1.8618619e+01 7.7475145e-01 9.9014785e-01 1.2065353e+00
-1.8603604e+01 7.7312878e-01 9.8953752e-01 1.2074789e+00
-1.8588589e+01 7.7079965e-01 9.8864155e-01 1.2086721e+00
-1.8573574e+01 7.6894829e-01 9.8804076e-01 1.2095809e+00
-1.8558559e+01 7.6715818e-01 9.8746941e-01 1.2102202e+00
-1.8543544e+01 7.6458655e-01 9.8679855e-01 1.2110534e+00
-1.8528529e+01 7.6258362e-01 9.8571473e-01 1.2112048e+00
-1.8513514e+01 7.6021864e-01 9.8478442e-01 1.2122286e+00
-1.8498498e+01 7.5780735e-01 9.8385126e-01 1.2130860e+00
-1.8483483e+01 7.5559468e-01 9.8297403e-01 1.2138743e+00
-1.8468468e+01 7.5282763e-01 9.8195420e-01 1.2145667e+00
-1.8453453e+01 7.5062754e-01 9.8091675e-01 1.2148848e+00
-1.8438438e+01 7.4833979e-01 9.7965355e-01 1.2157965e+00
-1.8423423e+01 7.4604557e-01 9.7841540e-01 1.2161076e+00
-1.8408408e+01 7.4337661e-01 9.7768591e-01 1.2161868e+00
-1.8393393e+01 7.4064931e-01 9.7578417e-01 1.2163487e+00
-1.8378378e+01 7.3812187e-01 9.7456965e-01 1.2168645e+00
-1.8363363e+01 7.3559565e-01 9.7309164e-01 1.2168485e+00
-1.8348348e+01 7.3254699e-01 9.7160983e-01 1.2162690e+00
-1.8333333e+01 7.2982554e-01 9.7035234e-01 1.2167142e+00
-1.8318318e+01 7.2678378e-01 9.6882116e-01 1.2168653e+00
-1.8303303e+01 7.2419538e-01 9.6698472e-01 1.2164663e+00
-1.8288288e+01 7.2187129e-01 9.6542679e-01 1.2164197e+00
-1.8273273e+01 7.1904872e-01 9.6378269e-01 1.2160806e+00
-1.8258258e+01 7.1664337e-01 9.6203611e-01 1.2157204e+00
-1.8243243e+01 7.1375778e-01 9.6039823e-01 1.2156726e+00
-1.8228228e+01 7.1120444e-01 9.5872203e-01 1.2152093e+00
-1.8213213e+01 7.0854414e-01 9.5700363e-01 1.2145785e+00
-1.8198198e+01 7.0568649e-01 9.5556191e-01 1.2141722e+00
-1.8183183e+01 7.0331629e-01 9.5409054e-01 1.2133827e+00
-1.8168168e+01 7.0090023e-01 9.5227992e-01 1.2123357e+00
-1.8153153e+01 6.9831130e-01 9.5034101e-01 1.2112593e+00
-1.8138138e+01 6.9554933e-01 9.4832435e-01 1.2103347e+00
-1.8123123e+01 6.9281470e-01 9.4599327e-01 1.2092123e+00
-1.8108108e+01 6.9015292e-01 9.4380422e-01 1.2081191e+00
-1.8093093e+01 6.8721876e-01 9.4158769e-01 1.2070522e+00
-1.8078078e+01 6.8411325e-01 9.3922631e-01 1.2053908e+00
-1.8063063e+01 6.8144332e-01 9.3690456e-01 1.2037153e+00
-1.8048048e+01 6.7808815e-01 9.3445697e-01 1.2023049e+00
-1.8033033e+01 6.7521257e-01 9.3193506e-01 1.2006201e+00
-1.8018018e+01 6.7204436e-01 9.2945086e-01 1.1985504e+00
-1.8003003e+01 6.6887077e-01 9.2657587e-01 1.1963863e+00
-1.7987988e+01 6.6540713e-01 9.2370090e-01 1.1941251e+00
-1.7972973e+01 6.6262570e-01 9.2069471e-01 1.1914483e+00
-1.7957958e+01 6.5948162e-01 9.1786173e-01 1.1886984e+00
-1.7942943e+01 6.5630444e-01 9.1519198e-01 1.1861127e+00
-1.7927928e+01 6.5331535e-01 9.1202113e-01 1.1829720e+00
-1.7912913e+01 6.5059403e-01 9.0883109e-01 1.1799506e+00
-1.7897898e+01 6.4750329e-01 9.0579808e-01 1.1765894e+00
-1.7882883e+01 6.4462905e-01 9.0274990e-01 1.1734116e+00
-1.7867868e+01 6.4130843e-01 8.9955416e-01 1.1700779e+00
-1.7852853e+01 6.3830859e-01 8.9629053e-01 1.1660366e+00
-1.7837838e+01 6.3588476e-01 8.9287790e-01 1.1624303e+00
-1.7822823e+01 6.3304179e-01 8.8903063e-01 1.1588856e+00
-1.7807808e+01 6.3035314e-01 8.8553450e-01 1.1548868e+00
-1.7792793e+01 6.2764401e-01 8.8210700e-01 1.1513457e+00
-1.7777778e+01 6.2460790e-01 8.7840301e-01 1.1468846e+00
-1.7762763e+01 6.2124139e-01 8.7465005e-01 1.1427409e+00
-1.7747748e+01 6.1844311e-01 8.7088092e-01 1.1383011e+00
-1.7732733e+01 6.1510658e-01 8.6747521e-01 1.1339011e+00
-1.7717718e+01 6.1230891e-01 8.6362266e-01 1.1290126e+00
-1.7702703e+01 6.0950451e-01 8.5974789e-01 1.1242867e+00
-1.7687688e+01 6.0641951e-01 8.5607970e-01 1.1195281e+00
-1.7672673e+01 6.0342814e-01 8.5216080e-01 1.1150100e+00
-1.7657658e+01 6.0054538e-01 8.4836838e-01 1.1097078e+00
-1.7642643e+01 5.9775368e-01 8.4433396e-01 1.1046703e+00
-1.7627628e+01 5.9452016e-01 8.4051912e-01 1.1000333e+00
-1.7612613e+01 5.9161091e-01 8.3654649e-01 1.0949629e+00
-1.7597598e+01 5.8882807e-01 8.3268832e-01 1.0895165e+00
-1.7582583e+01 5.8559000e-01 8.2877753e-01 1.0842615e+00
-1.7567568e+01 5.8281305e-01 8.2433634e-01 1.0788722e+00
-1.7552553e+01 5.7971795e-01 8.2053597e-01 1.0733833e+00
-1.7537538e+01 5.7662145e-01 8.1635046e-01 1.0673637e+00
-1.7522523e+01 5.7351512e-01 8.1157467e-01 1.0614140e+00
-1.7507508e+01 5.7042750e-01 8.0738702e-01 1.0555221e+00
-1.7492492e+01 5.6723905e-01 8.0293887e-01 1.0494705e+00
-1.7477477e+01 5.6392700e-01 7.9851044e-01 1.0435139e+00
-1.7462462e+01 5.6048981e-01 7.9377098e-01 1.0373005e+00
-1.7447447e+01 5.5685099e-01 7.8910755e-01 1.0316471e+00
-1.7432432e+01 5.5326331e-01 7.8432840e-01 1.0253549e+00
-1.7417417e+01 5.4944695e-01 7.7986068e-01 1.0192024e+00
-1.7402402e+01 5.4575375e-01 7.7496619e-01 1.0132305e+00
-1.7387387e+01 5.4244479e-01 7.7000904e-01 1.0067077e+00
-1.7372372e+01 5.3867628e-01 7.6496332e-01 1.0008547e+00
-1.7357357e+01 5.3494774e-01 7.5974367e-01 9.9426402e-01
-1.7342342e+01 5.3124704e-01 7.5468584e-01 9.8750223e-01
-1.7327327e+01 5.2761663e-01 7.4970161e-01 9.8061285e-01
-1.7312312e+01 5.2399368e-01 7.4465626e-01 9.7409781e-01
-1.7297297e+01 5.2035747e-01 7.3930032e-01 9.6776446e-01
-1.7282282e+01 5.1602289e-01 7.3382923e-01 9.6109993e-01
-1.7267267e+01 5.1197775e-01 7.2870959e-01 9.5447620e-01
-1.7252252e+01 5.0856354e-01 7.2381568e-01 9.4777960e-01
-1.7237237e+01 5.0513943e-01 7.1872037e-01 9.4090656e-01
-1.7222222e+01 5.0152423e-01 7.1368489e-01 9.3458562e-01
-1.7207207e+01 4.9769888e-01 7.0833466e-01 9.2794970e-01
-1.7192192e+01 4.9391737e-01 7.0308684e-01 9.2162463e-01
-1.7177177e+01 4.9022105e-01 6.9796295e-01 9.1462584e-01
-1.7162162e+01 4.8633110e-01 6.9261958e-01 9.0817653e-01
-1.7147147e+01 4.8250360e-01 6.8729956e-01 9.0149777e-01
-1.7132132e+01 4.7902584e-01 6.8187900e-01 8.9457031e-01
-1.7117117e+01 4.7521263e-01 6.7648419e-01 8.8779339e-01
-1.7102102e+01 4.7160506e-01 6.7124223e-01 8.8091785e-01
-1.7087087e+01 4.6817623e-01 6.6619468e-01 8.7427982e-01
-1.7072072e+01 4.6446530e-01 6.6092966e-01 8.6757345e-01
-1.7057057e+01 4.6051522e-01 6.5574125e-01 8.6033801e-01
-1.7042042e+01 4.5658665e-01 6.5030546e-01 8.5340732e-01
-1.7027027e+01 4.5316224e-01 6.4483695e-01 8.4642001e-01
-1.7012012e+01 4.4947073e-01 6.3934104e-01 8.3956595e-01
-1.6996997e+01 4.4609690e-01 6.3400966e-01 8.3326467e-01
-1.6981982e+01 4.4227134e-01 6.2882213e-01 8.2692189e-01
-1.6966967e+01 4.3825522e-01 6.2369218e-01 8.2038054e-01
-1.6951952e+01 4.3461208e-01 6.1862404e-01 8.1390042e-01
-1.6936937e+01 4.3087262e-01 6.1367554e-01 8.0754255e-01
-1.6921922e+01 4.2721343e-01 6.0834461e-01 8.0131952e-01
-1.6906907e+01 4.2397775e-01 6.0350061e-01 7.9475074e-01
-1.6891892e+01 4.1981030e-01 5.9855118e-01 7.8857770e-01
-1.6876877e+01 4.1601408e-01 5.9321433e-01 7.8316887e-01
-1.6861862e+01 4.1203495e-01 5.8802138e-01 7.7759784e-01
-1.6846847e+01 4.0813603e-01 5.8287946e-01 7.7179614e-01
-1.6831832e+01 4.0458550e-01 5.7754483e-01 7.6595755e-01
-1.6816817e+01 4.0091888e-01 5.7252170e-01 7.6018422e-01
-1.6801802e+01 3.9685037e-01 5.6758687e-01 7.5411630e-01
-1.6786787e+01 3.9296785e-01 5.6287994e-01 7.4813815e-01
-1.6771772e+01 3.8925061e-01 5.5756180e-01 7.4260404e-01
-1.6756757e+01 3.8576220e-01 5.5271282e-01 7.3701037e-01
-1.6741742e+01 3.8218044e-01 5.4791807e-01 7.3150790e-01
-1.6726727e+01 3.7872852e-01 5.4322408e-01 7.2615693e-01
-1.6711712e+01 3.7496289e-01 5.3827692e-01 7.2049674e-01
-1.6696697e+01 3.7084065e-01 5.3356486e-01 7.1509955e-01
-1.6681682e+01 3.6736452e-01 5.2896229e-01 7.0965858e-01
-1.6666667e+01 3.6369253e-01 5.2453677e-01 7.0444760e-01
-1.6651652e+01 3.5998051e-01 5.1951591e-01 6.9969690e-01
-1.6636637e+01 3.5613953e-01 5.1507888e-01 6.9474086e-01
-1.6621622e+01 3.5239517e-01 5.1074379e-01 6.9027791e-01
-1.6606607e+01 3.4839661e-01 5.0635570e-01 6.8530643e-01
-1.6591592e+01 3.4498058e-01 5.0200801e-01 6.8078043e-01
-1.6576577e+01 3.4159289e-01 4.9779554e-01 6.7658152e-01
-1.6561562e+01 3.3823219e-01 4.9367246e-01 6.7232432e-01
-1.6546547e+01 3.3467189e-01 4.8956302e-01 6.6832864e-01
-1.6531532e+01 3.3130848e-01 4.8570629e-01 6.6397957e-01
-1.6516517e+01 3.2763572e-01 4.8148551e-01 6.6005332e-01
-1.6501502e+01 3.2404699e-01 4.7742856e-01 6.5596912e-01
-1.6486486e+01 3.2031092e-01 4.7313811e-01 6.5192386e-01
-1.6471471e+01 3.1680858e-01 4.6935056e-01 6.4794694e-01
-1.6456456e+01 3.1302638e-01 4.6563638e-01 6.4448454e-01
-1.6441441e+01 3.0951562e-01 4.6203694e-01 6.4063559e-01
-1.6426426e+01 3.0606778e-01 4.5799631e-01 6.3677384e-01
-1.6411411e+01 3.0275262e-01 4.5422912e-01 6.3333894e-01
-1.6396396e+01 2.9946690e-01 4.5080740e-01 6.2940070e-01
-1.6381381e+01 2.9585896e-01 4.4722466e-01 6.2647730e-01
-1.6366366e+01 2.9254599e-01 4.4368729e-01 6.2274268e-01
-1.6351351e+01 2.8923101e-01 4.4035780e-01 6.1917675e-01
-1.6336336e+01 2.8561704e-01 4.3655521e-01 6.1614468e-01
-1.6321321e+01 2.8230381e-01 4.3321837e-01 6.1343326e-01
-1.6306306e+01 2.7902274e-01 4.2970477e-01 6.1030219e-01
-1.6291291e+01 2.7580098e-01 4.2640194e-01 6.0728936e-01
-1.6276276e+01 2.7222065e-01 4.2361776e-01 6.0428866e-01
-1.6261261e+01 2.6893690e-01 4.2031235e-01 6.0125416e-01
-1.6246246e+01 2.6577595e-01 4.1730978e-01 5.9837401e-01
-1.6231231e+01 2.6263648e-01 4.1378940e-01 5.9543710e-01
-1.6216216e+01 2.5963601e-01 4.1078552e-01 5.9314963e-01
-1.6201201e+01 2.5674779e-01 4.0783282e-01 5.9115651e-01
-1.6186186e+01 2.5395365e-01 4.0502792e-01 5.8889317e-01
-1.6171171e+01 2.5119143e-01 4.0212080e-01 5.8631406e-01
-1.6156156e+01 2.4848505e-01 3.9941006e-01 5.8395522e-01
-1.6141141e+01 2.4561139e-01 3.9678689e-01 5.8199345e-01
-1.6126126e+01 2.4305971e-01 3.9444660e-01 5.8007163e-01
-1.6111111e+01 2.4036403e-01 3.9205298e-01 5.7776806e-01
-1.6096096e+01 2.3791976e-01 3.8991963e-01 5.7574312e-01
-1.6081081e+01 2.3556160e-01 3.8748277e-01 5.7421219e-01
-1.6066066e+01 2.3333721e-01 3.8535484e-01 5.7239439e-01
-1.6051051e+01 2.3128737e-01 3.8371085e-01 5.7036531e-01
-1.6036036e+01 2.2925074e-01 3.8146066e-01 5.6846551e-01
-1.6021021e+01 2.2732148e-01 3.7952682e-01 5.6629861e-01
-1.6006006e+01 2.2513431e-01 3.7749436e-01 5.6450100e-01
-1.5990991e+01 2.2336056e-01 3.7576105e-01 5.6232413e-01
-1.5975976e+01 2.2125092e-01 3.7405272e-01 5.6043400e-01
-1.5960961e+01 2.1944066e-01 3.7244929e-01 5.5851913e-01
-1.5945946e+01 2.1777322e-01 3.7084156e-01 5.5654739e-01
-1.5930931e+01 2.1593382e-01 3.6916267e-01 5.5488811e-01
-1.5915916e+01 2.1424287e-01 3.6758779e-01 5.5336062e-01
-1.5900901e+01 2.1280581e-01 3.6579342e-01 5.5182782e-01
-1.5885886e+01 2.1117568e-01 3.6442155e-01 5.5038878e-01
-1.5870871e+01 2.0991839e-01 3.6298338e-01 5.4868935e-01
-1.5855856e+01 2.0872296e-01 3.6145380e-01 5.4694175e-01
-1.5840841e+01 2.0767639e-01 3.5996209e-01 5.4545451e-01
-1.5825826e+01 2.0629792e-01 3.5845803e-01 5.4400134e-01
-1.5810811e+01 2.0506410e-01 3.5736309e-01 5.4306822e-01
-1.5795796e+01 2.0375728e-01 3.5577544e-01 5.4191369e-01
-1.5780781e+01 2.0259482e-01 3.5425150e-01 5.4036048e-01
-1.5765766e+01 2.0150167e-01 3.5283952e-01 5.3908681e-01
-1.5750751e+01 2.0047265e-01 3.5153154e-01 5.3772021e-01
-1.5735736e+01 1.9918255e-01 3.5026507e-01 5.3655604e-01
-1.5720721e+01 1.9807023e-01 3.4917354e-01 5.3533342e-01
-1.5705706e+01 1.9692305e-01 3.4816971e-01 5.3417373e-01
-1.5690691e+01 1.9567860e-01 3.4711592e-01 5.3314424e-01
-1.5675676e+01 1.9455507e-01 3.4586604e-01 5.3162347e-01
-1.5660661e+01 1.9333790e-01 3.4474693e-01 5.3046530e-01
-1.5645646e+01 1.9206233e-01 3.4394402e-01 5.2928969e-01
-1.5630631e+01 1.9106008e-01 3.4305733e-01 5.2861414e-01
-1.5615616e+01 1.8990046e-01 3.4207608e-01 5.2748555e-01
-1.5600601e+01 1.8883234e-01 3.4120920e-01 5.2678941e-01
-1.5585586e+01 1.8788847e-01 3.4015937e-01 5.2620877e-01
-1.5570571e+01 1.8661776e-01 3.3897635e-01 5.2551404e-01
-1.5555556e+01 1.8552778e-01 3.3779135e-01 5.2492400e-01
-1.5540541e+01 1.8444283e-01 3.3686867e-01 5.2417030e-01
-1.5525526e+01 1.8337410e-01 3.3579457e-01 5.2336910e-01
-1.5510511e+01 1.8238225e-01 3.3485515e-01 5.2284944e-01
-1.5495495e+01 1.8142708e-01 3.3380157e-01 5.2227758e-01
-1.5480480e+01 1.8035922e-01 3.3293325e-01 5.2176575e-01
-1.5465465e+01 1.7924000e-01 3.3221770e-01 5.2124464e-01
-1.5450450e+01 1.7829406e-01 3.3143150e-01 5.2088231e-01
-1.5435435e+01 1.7731576e-01 3.3084493e-01 5.2028483e-01
-1.5420420e+01 1.7620119e-01 3.3023688e-01 5.1987950e-01
-1.5405405e+01 1.7518871e-01 3.2946251e-01 5.1941649e-01
-1.5390390e+01 1.7451113e-01 3.2884241e-01 5.1856217e-01
-1.5375375e+01 1.7370620e-01 3.2805940e-01 5.1803009e-01
-1.5360360e+01 1.7315987e-01 3.2761701e-01 5.1735869e-01
-1.5345345e+01 1.7246390e-01 3.2725174e-01 5.1684679e-01
-1.5330330e+01 1.7180820e-01 3.2667797e-01 5.1703291e-01
-1.5315315e+01 1.7113546e-01 3.2621893e-01 5.1655393e-01
-1.5300300e+01 1.7064918e-01 3.2556511e-01 5.1615941e-01
-1.5285285e+01 1.7009919e-01 3.2509523e-01 5.1579928e-01
-1.5270270e+01 1.6937439e-01 3.2476101e-01 5.1548162e-01
-1.5255255e+01 1.6898923e-01 3.2423945e-01 5.1536199e-01
-1.5240240e+01 1.6873509e-01 3.2387998e-01 5.1471381e-01
-1.5225225e+01 1.6832486e-01 3.2350318e-01 5.1430445e-01
-1.5210210e+01 1.6799820e-01 3.2277432e-01 5.1419483e-01
-1.5195195e+01 1.6773386e-01 3.2249403e-01 5.1389673e-01
-1.5180180e+01 1.6768197e-01 3.2208076e-01 5.1398738e-01
-1.5165165e+01 1.6738120e-01 3.2161847e-01 5.1396176e-01
-1.5150150e+01 1.6713184e-01 3.2143055e-01 5.1372365e-01
-1.5135135e+01 1.6681598e-01 3.2128748e-01 5.1351874e-01
-1.5120120e+01 1.6671169e-01 3.2103814e-01 5.1319197e-01
-1.5105105e+01 1.6675086e-01 3.2085750e-01 5.1296062e-01
-1.5090090e+01 1.6659301e-01 3.2060579e-01 5.1264436e-01
-1.5075075e+01 1.6669165e-01 3.2053715e-01 5.1202772e-01
-1.5060060e+01 1.6678947e-01 3.2054414e-01 5.1187418e-01
-1.5045045e+01 1.6662474e-01 3.2053660e-01 5.1159005e-01
-1.5030030e+01 1.6656874e-01 3.2058602e-01 5.1137258e-01
-1.5015015e+01 1.6650634e-01 3.2063242e-01 5.1117605e-01
-1.5000000e+01 1.6639269e-01 3.2101519e-01 5.1118367e-01
-1.4984985e+01 1.6673896e-01 3.2110807e-01 5.1096349e-01
-1.4969970e+01 1.6689843e-01 3.2146450e-01 5.1095388e-01
-1.4954955e+01 1.6684882e-01 3.2152804e-01 5.1114470e-01
-1.4939940e+01 1.6695860e-01 3.2179020e-01 5.1111049e-01
-1.4924925e+01 1.6707335e-01 3.2176987e-01 5.1106936e-01
-1.4909910e+01 1.6733089e-01 3.2218114e-01 5.1094681e-01
-1.4894895e+01 1.6780501e-01 3.2222022e-01 5.1086683e-01
-1.4879880e+01 1.6826355e-01 3.2229860e-01 5.1095856e-01
-1.4864865e+01 1.6865853e-01 3.2264926e-01 5.1097591e-01
-1.4849850e+01 1.6889249e-01 3.2322445e-01 5.1132371e-01
-1.4834835e+01 1.6906587e-01 3.2372764e-01 5.1158813e-01
-1.4819820e+01 1.6951831e-01 3.2430196e-01 5.1168435e-01
-1.4804805e+01 1.6990060e-01 3.2485719e-01 5.1201735e-01
-1.4789790e+01 1.7039718e-01 3.2538773e-01 5.1198641e-01
-1.4774775e+01 1.7104816e-01 3.2591240e-01 5.1203151e-01
-1.4759760e+01 1.7153665e-01 3.2642447e-01 5.1265743e-01
-1.4744745e+01 1.7213151e-01 3.2702760e-01 5.1296299e-01
-1.4729730e+01 1.7252187e-01 3.2744522e-01 5.1383437e-01
-1.4714715e+01 1.7316170e-01 3.2818812e-01 5.1398751e-01
-1.4699700e+01 1.7366244e-01 3.2847283e-01 5.1411414e-01
-1.4684685e+01 1.7425031e-01 3.2868683e-01 5.1456874e-01
-1.4669670e+01 1.7479031e-01 3.2953986e-01 5.1561826e-01
-1.4654655e+01 1.7554123e-01 3.3008621e-01 5.1636607e-01
-1.4639640e+01 1.7624303e-01 3.3037219e-01 5.1727062e-01
-1.4624625e+01 1.7695623e-01 3.3117453e-01 5.1777613e-01
-1.4609610e+01 1.7737249e-01 3.3154432e-01 5.1841470e-01
-1.4594595e+01 1.7794682e-01 3.3198950e-01 5.1922023e-01
-1.4579580e+01 1.7851219e-01 3.3253680e-01 5.1968580e-01
-1.4564565e+01 1.7896523e-01 3.3302663e-01 5.2031437e-01
-1.4549550e+01 1.7954958e-01 3.3364192e-01 5.2128717e-01
-1.4534535e+01 1.8010340e-01 3.3442211e-01 5.2186398e-01
-1.4519520e+01 1.8044708e-01 3.3532994e-01 5.2249520e-01
-1.4504505e+01 1.8076563e-01 3.3614820e-01 5.2387040e-01
-1.4489489e+01 1.8103973e-01 3.3684905e-01 5.2465937e-01
-1.4474474e+01 1.8138588e-01 3.3763406e-01 5.2564911e-01
-1.4459459e+01 1.8191203e-01 3.3829068e-01 5.2684523e-01
-1.4444444e+01 1.8233970e-01 3.3877869e-01 5.2805569e-01
-1.4429429e+01 1.8258791e-01 3.3939010e-01 5.2888399e-01
-1.4414414e+01 1.8313865e-01 3.3992186e-01 5.2976081e-01
-1.4399399e+01 1.8365413e-01 3.4072541e-01 5.3089678e-01
-1.4384384e+01 1.8388417e-01 3.4155655e-01 5.3212893e-01
-1.4369369e+01 1.8416044e-01 3.4242329e-01 5.3331087e-01
-1.4354354e+01 1.8447096e-01 3.4326810e-01 5.3459422e-01
-1.4339339e+01 1.8453881e-01 3.4427665e-01 5.3596588e-01
-1.4324324e+01 1.8456626e-01 3.4503214e-01 5.3736173e-01
-1.4309309e+01 1.8453004e-01 3.4581464e-01 5.3871628e-01
-1.4294294e+01 1.8469253e-01 3.4654732e-01 5.4011986e-01
-1.4279279e+01 1.8464906e-01 3.4721242e-01 5.4166259e-01
-1.4264264e+01 1.8455850e-01 3.4808684e-01 5.4309072e-01
-1.4249249e+01 1.8449290e-01 3.4854087e-01 5.4424951e-01
-1.4234234e+01 1.8440640e-01 3.4957234e-01 5.4561083e-01
-1.4219219e+01 1.8447239e-01 3.5038823e-01 5.4713892e-01
-1.4204204e+01 1.8435083e-01 3.5090841e-01 5.4855342e-01
-1.4189189e+01 1.8411012e-01 3.5123550e-01 5.4998355e-01
-1.4174174e+01 1.8354877e-01 3.5179821e-01 5.5125081e-01
-1.4159159e+01 1.8338610e-01 3.5263783e-01 5.5279584e-01
-1.4144144e+01 1.8348242e-01 3.5346685e-01 5.5386435e-01
-1.4129129e+01 1.8337418e-01 3.5432548e-01 5.5541897e-01
-1.4114114e+01 1.8354879e-01 3.5506565e-01 5.5645864e-01
-1.4099099e+01 1.8313655e-01 3.5583099e-01 5.5791898e-01
-1.4084084e+01 1.8260694e-01 3.5657689e-01 5.5956489e-01
-1.4069069e+01 1.8218569e-01 3.5754285e-01 5.6108391e-01
-1.4054054e+01 1.8184212e-01 3.5795967e-01 5.6252187e-01
-1.4039039e+01 1.8163889e-01 3.5872451e-01 5.6358834e-01
-1.4024024e+01 1.8115502e-01 3.5966037e-01 5.6492098e-01
-1.4009009e+01 1.8056333e-01 3.6025972e-01 5.6621027e-01
-1.3993994e+01 1.8026480e-01 3.6090537e-01 5.6772442e-01
-1.3978979e+01 1.7987688e-01 3.6150526e-01 5.6901378e-01
-1.3963964e+01 1.7940890e-01 3.6198853e-01 5.7018511e-01
-1.3948949e+01 1.7924431e-01 3.6243065e-01 5.7132350e-01
-1.3933934e+01 1.7873060e-01 3.6263250e-01 5.7283943e-01
-1.3918919e+01 1.7820441e-01 3.6296437e-01 5.7418164e-01
-1.3903904e+01 1.7772115e-01 3.6321735e-01 5.7550080e-01
-1.3888889e+01 1.7686090e-01 3.6350458e-01 5.7707839e-01
-1.3873874e+01 1.7639728e-01 3.6372341e-01 5.7843396e-01
-1.3858859e+01 1.7580732e-01 3.6383290e-01 5.7986335e-01
-1.3843844e+01 1.7549431e-01 3.6406136e-01 5.8098693e-01
-1.3828829e+01 1.7471724e-01 3.6408507e-01 5.8184579e-01
-1.3813814e+01 1.7448418e-01 3.6402981e-01 5.8269183e-01
-1.3798799e+01 1.7403690e-01 3.6402373e-01 5.8361441e-01
-1.3783784e+01 1.7361702e-01 3.6394309e-01 5.8497557e-01
-1.3768769e+01 1.7330324e-01 3.6365957e-01 5.8624814e-01
-1.3753754e+01 1.7308690e-01 3.6345841e-01 5.8753319e-01
-1.3738739e+01 1.7259493e-01 3.6341087e-01 5.8886943e-01
-1.3723724e+01 1.7230278e-01 3.6329652e-01 5.9012732e-01
-1.3708709e+01 1.7182899e-01 3.6334659e-01 5.9085855e-01
-1.3693694e+01 1.7151894e-01 3.6322734e-01 5.9165871e-01
-1.3678679e+01 1.7133699e-01 3.6283776e-01 5.9263809e-01
-1.3663664e+01 1.7099053e-01 3.6236811e-01 5.9327601e-01
-1.3648649e+01 1.7074844e-01 3.6204122e-01 5.9400538e-01
-1.3633634e+01 1.7045851e-01 3.6158548e-01 5.9499215e-01
-1.3618619e+01 1.7013516e-01 3.6118479e-01 5.9598584e-01
-1.3603604e+01 1.6974284e-01 3.6055236e-01 5.9702472e-01
-1.3588589e+01 1.6924287e-01 3.6005496e-01 5.9790756e-01
-1.3573574e+01 1.6883496e-01 3.5941692e-01 5.9869863e-01
-1.3558559e+01 1.6831327e-01 3.5870598e-01 5.9945007e-01
-1.3543544e+01 1.6786795e-01 3.5820068e-01 5.9956927e-01
-1.3528529e+01 1.6747751e-01 3.5763614e-01 6.0056012e-01
-1.3513514e+01 1.6712584e-01 3.5691926e-01 6.0129835e-01
-1.3498498e+01 1.6676656e-01 3.5624851e-01 6.0150962e-01
-1.3483483e+01 1.6653390e-01 3.5539219e-01 6.0188139e-01
-1.3468468e+01 1.6633336e-01 3.5466616e-01 6.0169319e-01
-1.3453453e+01 1.6603220e-01 3.5372708e-01 6.0188972e-01
-1.3438438e+01 1.6557630e-01 3.5293427e-01 6.0201922e-01
-1.3423423e+01 1.6508434e-01 3.5207397e-01 6.0207702e-01
-1.3408408e+01 1.6467048e-01 3.5107905e-01 6.0191766e-01
-1.3393393e+01 1.6429953e-01 3.5009667e-01 6.0177200e-01
-1.3378378e+01 1.6390355e-01 3.4908496e-01 6.0159839e-01
-1.3363363e+01 1.6359988e-01 3.4817665e-01 6.0141369e-01
-1.3348348e+01 1.6317972e-01 3.4706057e-01 6.0043627e-01
-1.3333333e+01 1.6278245e-01 3.4593763e-01 5.9940900e-01
-1.3318318e+01 1.6236043e-01 3.4473822e-01 5.9837494e-01
-1.3303303e+01 1.6201249e-01 3.4352764e-01 5.9723176e-01
-1.3288288e+01 1.6162059e-01 3.4233124e-01 5.9669145e-01
-1.3273273e+01 1.6106113e-01 3.4110907e-01 5.9582915e-01
-1.3258258e+01 1.6053945e-01 3.3995416e-01 5.9420988e-01
-1.3243243e+01 1.6013240e-01 3.3882441e-01 5.9290062e-01
-1.3228228e+01 1.5975537e-01 3.3746847e-01 5.9214896e-01
-1.3213213e+01 1.5932699e-01 3.3617622e-01 5.9061088e-01
-1.3198198e+01 1.5890504e-01 3.3475023e-01 5.8846489e-01
-1.3183183e+01 1.5840120e-01 3.3350379e-01 5.8643897e-01
-1.3168168e+01 1.5790893e-01 3.3213341e-01 5.8451489e-01
-1.3153153e+01 1.5740688e-01 3.3067517e-01 5.8224850e-01
-1.3138138e+01 1.5686950e-01 3.2935113e-01 5.8027354e-01
-1.3123123e+01 1.5637107e-01 3.2790947e-01 5.7772864e-01
-1.3108108e+01 1.5595743e-01 3.2640773e-01 5.7528053e-01
-1.3093093e+01 1.5548858e-01 3.2496106e-01 5.7281697e-01
-1.3078078e+01 1.5501493e-01 3.2345167e-01 5.7046018e-01
-1.3063063e+01 1.5464687e-01 3.2173665e-01 5.6759155e-01
-1.3048048e+01 1.5407002e-01 3.2022635e-01 5.6502495e-01
-1.3033033e+01 1.5340092e-01 3.1866140e-01 5.6253162e-01
-1.3018018e+01 1.5271559e-01 3.1715017e-01 5.5990970e-01
-1.3003003e+01 1.5198096e-01 3.1554196e-01 5.5718178e-01
-1.2987988e+01 1.5113873e-01 3.1405034e-01 5.5389329e-01
-1.2972973e+01 1.5031266e-01 3.1250655e-01 5.5068219e-01
-1.2957958e+01 1.4932079e-01 3.1098225e-01 5.4737535e-01
-1.2942943e+01 1.4827172e-01 3.0960940e-01 5.4396969e-01
-1.2927928e+01 1.4711140e-01 3.0822681e-01 5.4073300e-01
-1.2912913e+01 1.4600210e-01 3.0663169e-01 5.3742671e-01
-1.2897898e+01 1.4484048e-01 3.0503030e-01 5.3388075e-01
-1.2882883e+01 1.4367449e-01 3.0326741e-01 5.3018942e-01
-1.2867868e+01 1.4242870e-01 3.0136412e-01 5.2662015e-01
-1.2852853e+01 1.4122981e-01 2.9956719e-01 5.2265800e-01
-1.2837838e+01 1.4000540e-01 2.9760429e-01 5.1867202e-01
-1.2822823e+01 1.3871224e-01 2.9558437e-01 5.1467721e-01
-1.2807808e+01 1.3746437e-01 2.9346384e-01 5.1069512e-01
-1.2792793e+01 1.3621968e-01 2.9146591e-01 5.0715931e-01
-1.2777778e+01 1.3482714e-01 2.8931706e-01 5.0347738e-01
-1.2762763e+01 1.3347723e-01 2.8711232e-01 4.9964855e-01
-1.2747748e+01 1.3207115e-01 2.8495980e-01 4.9536822e-01
-1.2732733e+01 1.3071885e-01 2.8281652e-01 4.9166803e-01
-1.2717718e+01 1.2934878e-01 2.8059318e-01 4.8733253e-01
-1.2702703e+01 1.2795504e-01 2.7825908e-01 4.8324424e-01
-1.2687688e+01 1.2651729e-01 2.7606546e-01 4.7925773e-01
-1.2672673e+01 1.2500736e-01 2.7366387e-01 4.7523231e-01
-1.2657658e+01 1.2349812e-01 2.7138981e-01 4.7098238e-01
-1.2642643e+01 1.2201086e-01 2.6901367e-01 4.6703436e-01
-1.2627628e+01 1.2049049e-01 2.6674346e-01 4.6368246e-01
-1.2612613e+01 1.1910049e-01 2.6444030e-01 4.6041877e-01
-1.2597598e+01 1.1764041e-01 2.6216859e-01 4.5645658e-01
-1.2582583e+01 1.1620312e-01 2.5967480e-01 4.5237502e-01
-1.2567568e+01 1.1475510e-01 2.5708706e-01 4.4867767e-01
-1.2552553e+01 1.1330511e-01 2.5462734e-01 4.4490819e-01
-1.2537538e+01 1.1183119e-01 2.5214305e-01 4.4119644e-01
-1.2522523e+01 1.1037443e-01 2.4952214e-01 4.3705055e-01
-1.2507508e+01 1.0890764e-01 2.4694258e-01 4.3314141e-01
-1.2492492e+01 1.0739695e-01 2.4436640e-01 4.2929772e-01
-1.2477477e+01 1.0591171e-01 2.4173344e-01 4.2563597e-01
-1.2462462e+01 1.0438042e-01 2.3921725e-01 4.2152740e-01
-1.2447447e+01 1.0291009e-01 2.3669130e-01 4.1737668e-01
-1.2432432e+01 1.0150439e-01 2.3404148e-01 4.1313892e-01
-1.2417417e+01 1.0007441e-01 2.3132345e-01 4.0917354e-01
-1.2402402e+01 9.8562724e-02 2.2863481e-01 4.0537364e-01
-1.2387387e+01 9.7109436e-02 2.2601346e-01 4.0155344e-01
-1.2372372e+01 9.5739774e-02 2.2322325e-01 3.9756275e-01
-1.2357357e+01 9.4307203e-02 2.2056744e-01 3.9351294e-01
-1.2342342e+01 9.2809262e-02 2.1779845e-01 3.8920804e-01
-1.2327327e+01 9.1351878e-02 2.1507477e-01 3.8509397e-01
-1.2312312e+01 8.9926441e-02 2.1239197e-01 3.8137427e-01
-1.2297297e+01 8.8520617e-02 2.0969967e-01 3.7725455e-01
-1.2282282e+01 8.7113493e-02 2.0702930e-01 3.7305722e-01
-1.2267267e+01 8.5671981e-02 2.0430962e-01 3.6866823e-01
-1.2252252e+01 8.4313419e-02 2.0156327e-01 3.6420218e-01
-1.2237237e+01 8.2862900e-02 1.9893318e-01 3.6028459e-01
-1.2222222e+01 8.1434485e-02 1.9637760e-01 3.5643144e-01
-1.2207207e+01 7.9984889e-02 1.9361514e-01 3.5240657e-01
-1.2192192e+01 7.8656113e-02 1.9078054e-01 3.4801589e-01
-1.2177177e+01 7.7242493e-02 1.8812201e-01 3.4339055e-01
-1.2162162e+01 7.5889411e-02 1.8537768e-01 3.3949954e-01
-1.2147147e+01 7.4513551e-02 1.8266062e-01 3.3530026e-01
-1.2132132e+01 7.3211108e-02 1.7979640e-01 3.3111629e-01
-1.2117117e+01 7.1854654e-02 1.7711375e-01 3.2722317e-01
-1.2102102e+01 7.0544126e-02 1.7437099e-01 3.2354827e-01
-1.2087087e+01 6.9198377e-02 1.7170021e-01 3.1958950e-01
-1.2072072e+01 6.7916594e-02 1.6922810e-01 3.1525147e-01
-1.2057057e+01 6.6631566e-02 1.6645513e-01 3.1133091e-01
-1.2042042e+01 6.5382599e-02 1.6380863e-01 3.0769388e-01
-1.2027027e+01 6.4142494e-02 1.6117539e-01 3.0416289e-01
-1.2012012e+01 6.2896923e-02 1.5867456e-01 3.0026472e-01
-1.1996997e+01 6.1621045e-02 1.5616859e-01 2.9617532e-01
-1.1981982e+01 6.0396875e-02 1.5379698e-01 2.9217171e-01
-1.1966967e+01 5.9198724e-02 1.5148032e-01 2.8823687e-01
-1.1951952e+01 5.8007181e-02 1.4888143e-01 2.8434541e-01
-1.1936937e+01 5.6876459e-02 1.4644683e-01 2.8049563e-01
-1.1921922e+01 5.5727900e-02 1.4405259e-01 2.7668237e-01
-1.1906907e+01 5.4592127e-02 1.4173424e-01 2.7295183e-01
-1.1891892e+01 5.3431951e-02 1.3921589e-01 2.6898798e-01
-1.1876877e+01 5.2303847e-02 1.3683240e-01 2.6566317e-01
-1.1861862e+01 5.1168538e-02 1.3439361e-01 2.6215543e-01
-1.1846847e+01 5.0079653e-02 1.3203449e-01 2.5839394e-01
-1.1831832e+01 4.8978509e-02 1.2968113e-01 2.5461833e-01
-1.1816817e+01 4.7966249e-02 1.2744051e-01 2.5131999e-01
-1.1801802e+01 4.6934819e-02 1.2505148e-01 2.4762761e-01
-1.1786787e+01 4.5875547e-02 1.2262758e-01 2.4417610e-01
-1.1771772e+01 4.4848704e-02 1.2023544e-01 2.4082644e-01
-1.1756757e+01 4.3865480e-02 1.1795178e-01 2.3743421e-01
-1.1741742e+01 4.2892576e-02 1.1568857e-01 2.3391208e-01
-1.1726727e+01 4.1937249e-02 1.1326477e-01 2.3045817e-01
-1.1711712e+01 4.0962958e-02 1.1102069e-01 2.2752017e-01
-1.1696697e+01 4.0046165e-02 1.0878620e-01 2.2416134e-01
-1.1681682e+01 3.9128561e-02 1.0656350e-01 2.2110162e-01
-1.1666667e+01 3.8185002e-02 1.0441215e-01 2.1797600e-01
-1.1651652e+01 3.7256249e-02 1.0224749e-01 2.1469629e-01
-1.1636637e+01 3.6352427e-02 1.0014957e-01 2.1161346e-01
-1.1621622e+01 3.5458677e-02 9.8061291e-02 2.0861045e-01
-1.1606607e+01 3.4608577e-02 9.5949840e-02 2.0549331e-01
-1.1591592e+01 3.3787707e-02 9.3857282e-02 2.0246702e-01
-1.1576577e+01 3.2950785e-02 9.1793266e-02 1.9953116e-01
-1.1561562e+01 3.2139375e-02 8.9759392e-02 1.9695127e-01
-1.1546547e+01 3.1384363e-02 8.7748914e-02 1.9404074e-01
-1.1531532e+01 3.0582023e-02 8.5820920e-02 1.9177481e-01
-1.1516517e+01 2.9783397e-02 8.3993801e-02 1.8916881e-01
-1.1501502e+01 2.9028662e-02 8.2081736e-02 1.8703485e-01
-1.1486486e+01 2.8271322e-02 8.0232349e-02 1.8439802e-01
-1.1471471e+01 2.7506482e-02 7.8430323e-02 1.8205252e-01
-1.1456456e+01 2.6859307e-02 7.6629980e-02 1.7977590e-01
-1.1441441e+01 2.6171062e-02 7.4911266e-02 1.7744955e-01
-1.1426426e+01 2.5487903e-02 7.3129500e-02 1.7531773e-01
-1.1411411e+01 2.4855383e-02 7.1485561e-02 1.7348560e-01
-1.1396396e+01 2.4176959e-02 6.9795413e-02 1.7151427e-01
-1.1381381e+01 2.3570883e-02 6.8117571e-02 1.6956339e-01
-1.1366366e+01 2.2928501e-02 6.6510429e-02 1.6769063e-01
-1.1351351e+01 2.2314212e-02 6.4929418e-02 1.6565215e-01
-1.1336336e+01 2.1711793e-02 6.3342902e-02 1.6355569e-01
-1.1321321e+01 2.1141663e-02 6.1764416e-02 1.6174011e-01
-1.1306306e+01 2.0538177e-02 6.0194461e-02 1.5970121e-01
-1.1291291e+01 1.9958815e-02 5.8715559e-02 1.5810312e-01
-1.1276276e+01 1.9400737e-02 5.7259613e-02 1.5656171e-01
-1.1261261e+01 1.8856678e-02 5.5761868e-02 1.5541661e-01
-1.1246246e+01 1.8329947e-02 5.4262156e-02 1.5451072e-01
-1.1231231e+01 1.7794629e-02 5.2849421e-02 1.5323454e-01
-1.1216216e+01 1.7292959e-02 5.1488299e-02 1.5153549e-01
-1.1201201e+01 1.6779112e-02 5.0165179e-02 1.5020163e-01
-1.1186186e+01 1.6285722e-02 4.8916266e-02 1.4840497e-01
-1.1171171e+01 1.5789338e-02 4.7628523e-02 1.4707174e-01
-1.1156156e+01 1.5319044e-02 4.6340771e-02 1.4575504e-01
-1.1141141e+01 1.4841080e-02 4.5112197e-02 1.4447264e-01
-1.1126126e+01 1.4405654e-02 4.3897131e-02 1.4307982e-01
-1.1111111e+01 1.3963917e-02 4.2718300e-02 1.4198040e-01
-1.1096096e+01 1.3533624e-02 4.1558208e-02 1.4071248e-01
-1.1081081e+01 1.3103985e-02 4.0425244e-02 1.3954496e-01
-1.1066066e+01 1.2697600e-02 3.9308490e-02 1.3843109e-01
-1.1051051e+01 1.2302246e-02 3.8243305e-02 1.3708197e-01
-1.1036036e+01 1.1891995e-02 3.7187636e-02 1.3554092e-01
-1.1021021e+01 1.1510054e-02 3.6136930e-02 1.3454174e-01
-1.1006006e+01 1.1142873e-02 3.5116757e-02 1.3363922e-01
-1.0990991e+01 1.0801549e-02 3.4073024e-02 1.3289577e-01
-1.0975976e+01 1.0443031e-02 3.3064226e-02 1.3212979e-01
-1.0960961e+01 1.0094688e-02 3.2098944e-02 1.3125052e-01
-1.0945946e+01 9.7550557e-03 3.1198877e-02 1.3020399e-01
-1.0930931e+01 9.4410253e-03 3.0276545e-02 1.2948048e-01
-1.0915916e+01 9.1337349e-03 2.9379046e-02 1.2874093e-01
-1.0900901e+01 8.8259991e-03 2.8513397e-02 1.2753228e-01
-1.0885886e+01 8.5452476e-03 2.7673798e-02 1.2698131e-01
-1.0870871e+01 8.2613683e-03 2.6843779e-02 1.2611031e-01
-1.0855856e+01 7.9739647e-03 2.6044796e-02 1.2489378e-01
-1.0840841e+01 7.6995466e-03 2.5266502e-02 1.2407446e-01
-1.0825826e+01 7.4364978e-03 2.4479281e-02 1.2325795e-01
-1.0810811e+01 7.1794904e-03 2.3758748e-02 1.2257687e-01
-1.0795796e+01 6.9401454e-03 2.3045159e-02 1.2211302e-01
-1.0780781e+01 6.6938368e-03 2.2347422e-02 1.2139681e-01
-1.0765766e+01 6.4501166e-03 2.1681206e-02 1.2081133e-01
-1.0750751e+01 6.2230765e-03 2.0981698e-02 1.2031991e-01
-1.0735736e+01 6.0176873e-03 2.0310797e-02 1.1971816e-01
-1.0720721e+01 5.8009359e-03 1.9672964e-02 1.1901583e-01
-1.0705706e+01 5.5991489e-03 1.9041079e-02 1.1816030e-01
-1.0690691e+01 5.3989510e-03 1.8438095e-02 1.1764709e-01
-1.0675676e+01 5.2109821e-03 1.7839810e-02 1.1706998e-01
-1.0660661e+01 5.0178676e-03 1.7259332e-02 1.1636751e-01
-1.0645646e+01 4.8295412e-03 1.6702914e-02 1.1614895e-01
-1.0630631e+01 4.6505135e-03 1.6154491e-02 1.1534170e-01
-1.0615616e+01 4.4812445e-03 1.5635517e-02 1.1470897e-01
-1.0600601e+01 4.3186189e-03 1.5117348e-02 1.1415654e-01
-1.0585586e+01 4.1439992e-03 1.4609166e-02 1.1381040e-01
-1.0570571e+01 3.9900255e-03 1.4120213e-02 1.1324709e-01
-1.0555556e+01 3.8371700e-03 1.3653751e-02 1.1274908e-01
-1.0540541e+01 3.6905963e-03 1.3177559e-02 1.1236379e-01
-1.0525526e+01 3.5506196e-03 1.2728150e-02 1.1233150e-01
-1.0510511e+01 3.4123509e-03 1.2288792e-02 1.1155191e-01
-1.0495495e+01 3.2771984e-03 1.1878343e-02 1.1095363e-01
-1.0480480e+01 3.1490091e-03 1.1470468e-02 1.1049842e-01
-1.0465465e+01 3.0240307e-03 1.1059299e-02 1.0993510e-01
-1.0450450e+01 2.9022432e-03 1.0653663e-02 1.0959846e-01
-1.0435435e+01 2.7875348e-03 1.0278934e-02 1.0936036e-01
-1.0420420e+01 2.6768965e-03 9.9209250e-03 1.0911266e-01
-1.0405405e+01 2.5701804e-03 9.5847877e-03 1.0852036e-01
-1.0390390e+01 2.4630135e-03 9.2470503e-03 1.0836918e-01
-1.0375375e+01 2.3637233e-03 8.9230006e-03 1.0795171e-01
-1.0360360e+01 2.2689786e-03 8.6031122e-03 1.0772252e-01
-1.0345345e+01 2.1754745e-03 8.2983151e-03 1.0756447e-01
-1.0330330e+01 2.0865874e-03 7.9987729e-03 1.0694484e-01
-1.0315315e+01 2.0051866e-03 7.7103868e-03 1.0639839e-01
-1.0300300e+01 1.9260470e-03 7.4175223e-03 1.0606647e-01
-1.0285285e+01 1.8459651e-03 7.1461175e-03 1.0582723e-01
-1.0270270e+01 1.7695366e-03 6.8927752e-03 1.0562288e-01
-1.0255255e+01 1.6967044e-03 6.6371143e-03 1.0555983e-01
-1.0240240e+01 1.6253212e-03 6.4032835e-03 1.0540992e-01
-1.0225225e+01 1.5558182e-03 6.1666939e-03 1.0524547e-01
-1.0210210e+01 1.4899293e-03 5.9457173e-03 1.0484919e-01
-1.0195195e+01 1.4255968e-03 5.7202060e-03 1.0460851e-01
-1.0180180e+01 1.3647977e-03 5.5100973e-03 1.0445030e-01
-1.0165165e+01 1.3052329e-03 5.2985990e-03 1.0422541e-01
-1.0150150e+01 1.2476499e-03 5.0922878e-03 1.0391905e-01
-1.0135135e+01 1.1925626e-03 4.9034033e-03 1.0389500e-01
-1.0120120e+01 1.1413623e-03 4.7171620e-03 1.0370202e-01
-1.0105105e+01 1.0902669e-03 4.5421997e-03 1.0330249e-01
-1.0090090e+01 1.0417751e-03 4.3623498e-03 1.0330618e-01
-1.0075075e+01 9.9720292e-04 4.1874214e-03 1.0326142e-01
-1.0060060e+01 9.5173032e-04 4.0231069e-03 1.0295249e-01
-1.0045045e+01 9.1073220e-04 3.8668924e-03 1.0245513e-01
-1.0030030e+01 8.6987698e-04 3.7133636e-03 1.0205643e-01
-1.0015015e+01 8.2910892e-04 3.5693969e-03 1.0154710e-01
-1.0000000e+01 7.9123325e-04 3.4324878e-03 1.0108074e-01
