X KDE_INF KDE_MED KDE_SUP
-3.0000000e+00 9.9258129e-45 4.0721018e-42 5.7035495e-35
-2.9949950e+00 1.3777739e-44 5.6005675e-42 7.6229088e-35
-2.9899900e+00 1.9114019e-44 7.6981748e-42 1.0182593e-34
-2.9849850e+00 2.6526916e-44 1.0573250e-41 1.3594344e-34
-2.9799800e+00 3.6817168e-44 1.4523917e-41 1.8139290e-34
-2.9749750e+00 5.1072629e-44 1.9935833e-41 2.4189948e-34
-2.9699700e+00 7.0711627e-44 2.7347091e-41 3.2231110e-34
-2.9649650e+00 9.7848848e-44 3.7473458e-41 4.2871698e-34
-2.9599600e+00 1.3538087e-43 5.1321429e-41 5.7019280e-34
-2.9549550e+00 1.8731863e-43 7.0273871e-41 7.5874710e-34
-2.9499499e+00 2.5914673e-43 9.6186909e-41 1.0091007e-33
-2.9449449e+00 3.5778407e-43 1.3163855e-40 1.3413255e-33
-2.9399399e+00 4.9364702e-43 1.7992180e-40 1.7819521e-33
-2.9349349e+00 6.8072904e-43 2.4571752e-40 2.3654782e-33
-2.9299299e+00 9.3819748e-43 3.3539255e-40 3.1366736e-33
-2.9249249e+00 1.2923391e-42 4.5769871e-40 4.1527844e-33
-2.9199199e+00 1.7798666e-42 6.2437864e-40 5.4950529e-33
-2.9149149e+00 2.4513125e-42 8.5164664e-40 7.2671951e-33
-2.9099099e+00 3.3710182e-42 1.1606167e-39 9.6044606e-33
-2.9049049e+00 4.6334628e-42 1.5813509e-39 1.2686366e-32
-2.8998999e+00 6.3655060e-42 2.1534081e-39 1.6748032e-32
-2.8948949e+00 8.7413725e-42 2.9300676e-39 2.2109265e-32
-2.8898899e+00 1.2002725e-41 3.9847213e-39 2.9208782e-32
-2.8848849e+00 1.6468527e-41 5.4140135e-39 3.8566905e-32
-2.8798799e+00 2.2584425e-41 7.3516588e-39 5.0895379e-32
-2.8748749e+00 3.0954678e-41 9.9833566e-39 6.7128064e-32
-2.8698699e+00 4.2403972e-41 1.3542544e-38 8.8489574e-32
-2.8648649e+00 5.8056358e-41 1.8354572e-38 1.1658490e-31
-2.8598599e+00 7.9443073e-41 2.4863600e-38 1.5351638e-31
-2.8548549e+00 1.0860841e-40 3.3650322e-38 2.0203626e-31
-2.8498498e+00 1.4837760e-40 4.5507930e-38 2.6569928e-31
-2.8448448e+00 2.0260118e-40 6.1516700e-38 3.4921481e-31
-2.8398398e+00 2.7653849e-40 8.3169853e-38 4.5840912e-31
-2.8348348e+00 3.7725191e-40 1.1231061e-37 6.0136543e-31
-2.8298298e+00 5.1444373e-40 1.5163759e-37 7.8937432e-31
-2.8248248e+00 7.0203206e-40 2.0477558e-37 1.0355944e-30
-2.8198198e+00 9.5651540e-40 2.7605772e-37 1.3575864e-30
-2.8148148e+00 1.3034765e-39 3.7196022e-37 1.7770443e-30
-2.8098098e+00 1.7750701e-39 5.0096213e-37 2.3262502e-30
-2.8048048e+00 2.4161740e-39 6.7481525e-37 3.0449173e-30
-2.7997998e+00 3.2865221e-39 9.0861342e-37 3.9832480e-30
-2.7947948e+00 4.4657024e-39 1.2225345e-36 5.2064923e-30
-2.7897898e+00 6.0661690e-39 1.6445868e-36 6.7989160e-30
-2.7847848e+00 8.2412683e-39 2.2102979e-36 8.8659643e-30
-2.7797798e+00 1.1174209e-38 2.9681812e-36 1.1550271e-29
-2.7747748e+00 1.5145291e-38 3.9842900e-36 1.5036320e-29
-2.7697698e+00 2.0531726e-38 5.3434166e-36 1.9563795e-29
-2.7647648e+00 2.7803041e-38 7.1702866e-36 2.5440568e-29
-2.7597598e+00 3.7630232e-38 9.6153381e-36 3.3064556e-29
-2.7547548e+00 5.0909139e-38 1.2879533e-35 4.2949760e-29
-2.7497497e+00 6.8836341e-38 1.7241647e-35 5.5783900e-29
-2.7447447e+00 9.2989145e-38 2.3064829e-35 7.2487998e-29
-2.7397397e+00 1.2553603e-37 3.0858898e-35 9.4023502e-29
-2.7347347e+00 1.6941973e-37 4.1255873e-35 1.2186563e-28
-2.7297297e+00 2.2851906e-37 5.5150755e-35 1.5800635e-28
-2.7247247e+00 3.0806591e-37 7.3676245e-35 2.0486979e-28
-2.7197197e+00 4.1507606e-37 9.8368403e-35 2.6519703e-28
-2.7147147e+00 5.5895204e-37 1.3122979e-34 3.4310092e-28
-2.7097097e+00 7.5226592e-37 1.7494975e-34 4.4373691e-28
-2.7047047e+00 1.0119046e-36 2.3306995e-34 5.7458544e-28
-2.6996997e+00 1.3598803e-36 3.1055914e-34 7.4361107e-28
-2.6946947e+00 1.8267717e-36 4.1314835e-34 9.6157630e-28
-2.6896897e+00 2.4549033e-36 5.4946226e-34 1.2426121e-27
-2.6846847e+00 3.2968572e-36 7.3042777e-34 1.6049071e-27
-2.6796797e+00 4.4226382e-36 9.7054645e-34 2.0697830e-27
-2.6746747e+00 5.9296012e-36 1.2879005e-33 2.6657204e-27
-2.6696697e+00 7.9429958e-36 1.7080161e-33 3.4304657e-27
-2.6646647e+00 1.0636307e-35 2.2675237e-33 4.4121853e-27
-2.6596597e+00 1.4249903e-35 3.0063061e-33 5.6717434e-27
-2.6546547e+00 1.9067639e-35 3.9836165e-33 7.2868794e-27
-2.6496496e+00 2.5495001e-35 5.2733740e-33 9.3630833e-27
-2.6446446e+00 3.4071501e-35 6.9769243e-33 1.2031511e-26
-2.6396396e+00 4.5505911e-35 9.2257534e-33 1.5442678e-26
-2.6346346e+00 6.0749380e-35 1.2192843e-32 1.9801571e-26
-2.6296296e+00 8.1014674e-35 1.6109814e-32 2.5376926e-26
-2.6246246e+00 1.0798109e-34 2.1272791e-32 3.2504288e-26
-2.6196196e+00 1.4391804e-34 2.8087063e-32 4.1632435e-26
-2.6146146e+00 1.9170975e-34 3.7063835e-32 5.3375593e-26
-2.6096096e+00 2.5521004e-34 4.8856964e-32 6.8393657e-26
-2.6046046e+00 3.3960243e-34 6.4404135e-32 8.7573529e-26
-2.5995996e+00 4.5223264e-34 8.4825218e-32 1.1206324e-25
-2.5945946e+00 6.0127107e-34 1.1170008e-31 1.4308850e-25
-2.5895896e+00 7.9867163e-34 1.4702119e-31 1.8259811e-25
-2.5845846e+00 1.0611553e-33 1.9323483e-31 2.3280666e-25
-2.5795796e+00 1.4097895e-33 2.5398315e-31 2.9686363e-25
-2.5745746e+00 1.8716506e-33 3.3372728e-31 3.7884746e-25
-2.5695696e+00 2.4830094e-33 4.3851767e-31 4.8296022e-25
-2.5645646e+00 3.2903763e-33 5.7538434e-31 6.1530192e-25
-2.5595596e+00 4.3549321e-33 7.5475988e-31 7.8244369e-25
-2.5545546e+00 5.7614017e-33 9.8825438e-31 9.9426535e-25
-2.5495495e+00 7.6203517e-33 1.2939251e-30 1.2627393e-24
-2.5445445e+00 1.0079703e-32 1.6946851e-30 1.6028292e-24
-2.5395395e+00 1.3317522e-32 2.2186014e-30 2.0334008e-24
-2.5345345e+00 1.7579937e-32 2.9007652e-30 2.5782255e-24
-2.5295295e+00 2.3188322e-32 3.7913515e-30 3.2672395e-24
-2.5245245e+00 3.0569834e-32 4.9516027e-30 4.1456654e-24
-2.5195195e+00 4.0281392e-32 6.4651572e-30 5.2505115e-24
-2.5145145e+00 5.3110433e-32 8.4440310e-30 6.6461753e-24
-2.5095095e+00 7.0006100e-32 1.1010347e-29 8.4082337e-24
-2.5045045e+00 9.2211188e-32 1.4353713e-29 1.0630038e-23
-2.4994995e+00 1.2136965e-31 1.8699980e-29 1.3444763e-23
-2.4944945e+00 1.5967413e-31 2.4333969e-29 1.6995493e-23
-2.4894895e+00 2.0978194e-31 3.1680196e-29 2.1472210e-23
-2.4844845e+00 2.7540425e-31 4.1196860e-29 2.7113278e-23
-2.4794795e+00 3.6167731e-31 5.3565780e-29 3.4217609e-23
-2.4744745e+00 4.7435776e-31 6.9529782e-29 4.3159820e-23
-2.4694695e+00 6.2212031e-31 9.0291284e-29 5.4409146e-23
-2.4644645e+00 8.1595481e-31 1.1715359e-28 6.8518500e-23
-2.4594595e+00 1.0696124e-30 1.5187226e-28 8.6186342e-23
-2.4544545e+00 1.3996011e-30 1.9675385e-28 1.0842910e-22
-2.4494494e+00 1.8311836e-30 2.5480500e-28 1.3635568e-22
-2.4444444e+00 2.3971181e-30 3.2983868e-28 1.7123347e-22
-2.4394394e+00 3.1312104e-30 4.2711602e-28 2.1491485e-22
-2.4344344e+00 4.0881808e-30 5.5270249e-28 2.6959171e-22
-2.4294294e+00 5.3392400e-30 7.1486150e-28 3.3799397e-22
-2.4244244e+00 6.9724546e-30 9.2362924e-28 4.2403104e-22
-2.4194194e+00 9.1019455e-30 1.1922243e-27 5.3178443e-22
-2.4144144e+00 1.1868437e-29 1.5373227e-27 6.6655463e-22
-2.4094094e+00 1.5449864e-29 1.9820504e-27 8.3502226e-22
-2.4044044e+00 2.0105061e-29 2.5548159e-27 1.0454964e-21
-2.3993994e+00 2.6198784e-29 3.2902870e-27 1.3083055e-21
-2.3943944e+00 3.4095758e-29 4.2338912e-27 1.6362814e-21
-2.3893894e+00 4.4324727e-29 5.4450093e-27 2.0469216e-21
-2.3843844e+00 5.7619412e-29 7.0073070e-27 2.5608962e-21
-2.3793794e+00 7.4894443e-29 9.0009174e-27 3.2021753e-21
-2.3743744e+00 9.7216463e-29 1.1561544e-26 4.0018478e-21
-2.3693694e+00 1.2608325e-28 1.4847291e-26 4.9963429e-21
-2.3643644e+00 1.6352196e-28 1.9061968e-26 6.2299824e-21
-2.3593594e+00 2.1182840e-28 2.4442757e-26 7.7623269e-21
-2.3543544e+00 2.7442509e-28 3.1313135e-26 9.6656472e-21
-2.3493493e+00 3.5502727e-28 4.0150538e-26 1.2025729e-20
-2.3443443e+00 4.5915823e-28 5.1417200e-26 1.4946091e-20
-2.3393393e+00 5.9360639e-28 6.5815030e-26 1.8551916e-20
-2.3343343e+00 7.6715087e-28 8.4166209e-26 2.3010102e-20
-2.3293293e+00 9.9044696e-28 1.0759600e-25 2.8524004e-20
-2.3243243e+00 1.2796659e-27 1.3749405e-25 3.5365082e-20
-2.3193193e+00 1.6531565e-27 1.7568253e-25 4.3845961e-20
-2.3143143e+00 2.1324490e-27 2.2441420e-25 5.4359413e-20
-2.3093093e+00 2.7466718e-27 2.8651794e-25 6.7356900e-20
-2.3043043e+00 3.5360405e-27 3.6574381e-25 8.3416430e-20
-2.2992993e+00 4.5554249e-27 4.6621799e-25 1.0324839e-19
-2.2942943e+00 5.8653699e-27 5.9450774e-25 1.2772536e-19
-2.2892893e+00 7.5541645e-27 7.5730429e-25 1.5776824e-19
-2.2842843e+00 9.7180639e-27 9.6477851e-25 1.9487550e-19
-2.2792793e+00 1.2481312e-26 1.2273318e-24 2.4079545e-19
-2.2742743e+00 1.6031529e-26 1.5611843e-24 2.9747680e-19
-2.2692693e+00 2.0550404e-26 1.9806886e-24 3.6679857e-19
-2.2642643e+00 2.6328662e-26 2.5147814e-24 4.5191622e-19
-2.2592593e+00 3.3750683e-26 3.1921424e-24 5.5691451e-19
-2.2542543e+00 4.3213471e-26 4.0504646e-24 6.8578501e-19
-2.2492492e+00 5.5365688e-26 5.1353378e-24 8.4300626e-19
-2.2442442e+00 7.0795260e-26 6.5075626e-24 1.0355710e-18
-2.2392392e+00 9.0580249e-26 8.2410961e-24 1.2730814e-18
-2.2342342e+00 1.1582274e-25 1.0432204e-23 1.5646187e-18
-2.2292292e+00 1.4802414e-25 1.3198425e-23 1.9218662e-18
-2.2242242e+00 1.8911440e-25 1.6674542e-23 2.3593918e-18
-2.2192192e+00 2.4150911e-25 2.1053847e-23 2.8948360e-18
-2.2142142e+00 3.0819009e-25 2.6579900e-23 3.5489143e-18
-2.2092092e+00 3.9303893e-25 3.3546351e-23 4.3472986e-18
-2.2042042e+00 5.0102811e-25 4.2338968e-23 5.3168660e-18
-2.1991992e+00 6.3826928e-25 5.3385977e-23 6.4991172e-18
-2.1941942e+00 8.1169607e-25 6.7272051e-23 7.9399073e-18
-2.1891892e+00 1.0321572e-24 8.4655410e-23 9.6948010e-18
-2.1841842e+00 1.3138386e-24 1.0649036e-22 1.1831091e-17
-2.1791792e+00 1.6687587e-24 1.3395626e-22 1.4430224e-17
-2.1741742e+00 2.1196813e-24 1.6846282e-22 1.7588856e-17
-2.1691692e+00 2.6875603e-24 2.1160967e-22 2.1422715e-17
-2.1641642e+00 3.4057052e-24 2.6573708e-22 2.6077960e-17
-2.1591592e+00 4.3139016e-24 3.3362289e-22 3.1768667e-17
-2.1541542e+00 5.4688716e-24 4.1884407e-22 3.8692197e-17
-2.1491491e+00 6.9319407e-24 5.2554684e-22 4.7098839e-17
-2.1441441e+00 8.7699632e-24 6.5880850e-22 5.7300631e-17
-2.1391391e+00 1.1097178e-23 8.2534686e-22 6.9674041e-17
-2.1341341e+00 1.4027418e-23 1.0332498e-21 8.4673010e-17
-2.1291291e+00 1.7715819e-23 1.2932370e-21 1.0281542e-16
-2.1241241e+00 2.2372682e-23 1.6172760e-21 1.2462305e-16
-2.1191191e+00 2.8237276e-23 2.0215682e-21 1.5095366e-16
-2.1141141e+00 3.5624563e-23 2.5259284e-21 1.8274736e-16
-2.1091091e+00 4.4947335e-23 3.1543456e-21 2.2137310e-16
-2.1041041e+00 5.6628346e-23 3.9366146e-21 2.6823174e-16
-2.0990991e+00 7.1307112e-23 4.9095489e-21 3.2445747e-16
-2.0940941e+00 8.9747847e-23 6.1204952e-21 3.9257362e-16
-2.0890891e+00 1.1282529e-22 7.6304759e-21 4.7536273e-16
-2.0840841e+00 1.4189085e-22 9.4976338e-21 5.7511184e-16
-2.0790791e+00 1.7843886e-22 1.1818525e-20 6.9576453e-16
-2.0740741e+00 2.2408172e-22 1.4702200e-20 8.4126813e-16
-2.0690691e+00 2.8120579e-22 1.8279481e-20 1.0153369e-15
-2.0640641e+00 3.5245938e-22 2.2702565e-20 1.2224046e-15
-2.0590591e+00 4.4189055e-22 2.8182985e-20 1.4714198e-15
-2.0540541e+00 5.5336457e-22 3.4944996e-20 1.7697985e-15
-2.0490490e+00 6.9378998e-22 4.3351986e-20 2.1314812e-15
-2.0440440e+00 8.6878109e-22 5.3725595e-20 2.5618099e-15
-2.0390390e+00 1.0874403e-21 6.6548840e-20 3.0767050e-15
-2.0340340e+00 1.3597727e-21 8.2378078e-20 3.6919791e-15
-2.0290290e+00 1.6993433e-21 1.0194636e-19 4.4326257e-15
-2.0240240e+00 2.1233436e-21 1.2605702e-19 5.3225013e-15
-2.0190190e+00 2.6501639e-21 1.5569848e-19 6.3858258e-15
-2.0140140e+00 3.3083281e-21 1.9232998e-19 7.6555707e-15
-2.0090090e+00 4.1280000e-21 2.3750849e-19 9.1730710e-15
-2.0040040e+00 5.1433530e-21 2.9323556e-19 1.0986096e-14
-1.9989990e+00 6.4104998e-21 3.6216776e-19 1.3141541e-14
-1.9939940e+00 7.9804084e-21 4.4707251e-19 1.5735708e-14
-1.9889890e+00 9.9259191e-21 5.5152664e-19 1.8826585e-14
-1.9839840e+00 1.2332284e-20 6.7930366e-19 2.2493695e-14
-1.9789790e+00 1.5330698e-20 8.3615497e-19 2.6831152e-14
-1.9739740e+00 1.9052800e-20 1.0280798e-18 3.1996248e-14
-1.9689690e+00 2.3652246e-20 1.2627545e-18 3.8126783e-14
-1.9639640e+00 2.9350935e-20 1.5520277e-18 4.5488744e-14
-1.9589590e+00 3.6430191e-20 1.9072100e-18 5.4183677e-14
-1.9539540e+00 4.5167170e-20 2.3407491e-18 6.4451574e-14
-1.9489489e+00 5.5957292e-20 2.8703972e-18 7.6623348e-14
-1.9439439e+00 6.9287107e-20 3.5173490e-18 9.1043986e-14
-1.9389389e+00 8.5681057e-20 4.3153411e-18 1.0811948e-13
-1.9339339e+00 1.0604997e-19 5.2910753e-18 1.2832734e-13
-1.9289289e+00 1.3125490e-19 6.4800518e-18 1.5222887e-13
-1.9239239e+00 1.6224281e-19 7.9288451e-18 1.8048347e-13
-1.9189189e+00 2.0061539e-19 9.6922701e-18 2.1386534e-13
-1.9139139e+00 2.4781966e-19 1.1850799e-17 2.5364471e-13
-1.9089089e+00 3.0552213e-19 1.4459340e-17 3.0099968e-13
-1.9039039e+00 3.7656076e-19 1.7631534e-17 3.5673640e-13
-1.8988989e+00 4.6421313e-19 2.1500335e-17 4.2233469e-13
-1.8938939e+00 5.7195345e-19 2.6199891e-17 5.0009875e-13
-1.8888889e+00 7.0374472e-19 3.1947442e-17 5.9244145e-13
-1.8838839e+00 8.6496240e-19 3.8928442e-17 7.0100209e-13
-1.8788789e+00 1.0622258e-18 4.7391718e-17 8.2860670e-13
-1.8738739e+00 1.3037643e-18 5.7633384e-17 9.7729777e-13
-1.8688689e+00 1.5993513e-18 7.0046385e-17 1.1520263e-12
-1.8638639e+00 1.9646820e-18 8.5146182e-17 1.3567727e-12
-1.8588589e+00 2.4123696e-18 1.0346678e-16 1.5970062e-12
-1.8538539e+00 2.9556149e-18 1.2574322e-16 1.8787467e-12
-1.8488488e+00 3.6211000e-18 1.5248432e-16 2.2129466e-12
-1.8438438e+00 4.4321023e-18 1.8500687e-16 2.6067676e-12
-1.8388388e+00 5.4255111e-18 2.2447899e-16 3.0638596e-12
-1.8338338e+00 6.6330602e-18 2.7170258e-16 3.5969628e-12
-1.8288288e+00 8.1100771e-18 3.2853706e-16 4.2198915e-12
-1.8238238e+00 9.9079579e-18 3.9795907e-16 4.9542365e-12
-1.8188188e+00 1.2090594e-17 4.8174778e-16 5.8240940e-12
-1.8138138e+00 1.4754693e-17 5.8213391e-16 6.8365066e-12
-1.8088088e+00 1.8013662e-17 7.0349073e-16 8.0138900e-12
-1.8038038e+00 2.1978698e-17 8.4978363e-16 9.4070862e-12
-1.7987988e+00 2.6801691e-17 1.0258213e-15 1.1000199e-11
-1.7937938e+00 3.2616585e-17 1.2374989e-15 1.2862447e-11
-1.7887888e+00 3.9681778e-17 1.4901917e-15 1.5066517e-11
-1.7837838e+00 4.8262894e-17 1.7966165e-15 1.7634965e-11
-1.7787788e+00 5.8716235e-17 2.1651359e-15 2.0639810e-11
-1.7737738e+00 7.1402440e-17 2.6075705e-15 2.4092144e-11
-1.7687688e+00 8.6763906e-17 3.1381902e-15 2.8165760e-11
-1.7637638e+00 1.0535777e-16 3.7758343e-15 3.2932790e-11
-1.7587588e+00 1.2790521e-16 4.5375390e-15 3.8386167e-11
-1.7537538e+00 1.5516678e-16 5.4492392e-15 4.4828154e-11
-1.7487487e+00 1.8794573e-16 6.5408369e-15 5.2244008e-11
-1.7437437e+00 2.2756666e-16 7.8473041e-15 6.0793747e-11
-1.7387387e+00 2.7570151e-16 9.3996532e-15 7.0699695e-11
-1.7337337e+00 3.3338667e-16 1.1258864e-14 8.2269759e-11
-1.7287287e+00 4.0306065e-16 1.3469302e-14 9.5651005e-11
-1.7237237e+00 4.8729840e-16 1.6129091e-14 1.1096605e-10
-1.7187187e+00 5.8911197e-16 1.9296147e-14 1.2871389e-10
-1.7137137e+00 7.1177736e-16 2.3076459e-14 1.4950676e-10
-1.7087087e+00 8.5912785e-16 2.7565984e-14 1.7359488e-10
-1.7037037e+00 1.0363862e-15 3.2908330e-14 2.0128956e-10
-1.6986987e+00 1.2481311e-15 3.9252539e-14 2.3315715e-10
-1.6936937e+00 1.5042634e-15 4.6827517e-14 2.6947256e-10
-1.6886887e+00 1.8134093e-15 5.5878665e-14 3.1126909e-10
-1.6836837e+00 2.1842660e-15 6.6621219e-14 3.0267141e-10
-1.6786787e+00 2.6239025e-15 7.9366537e-14 2.6200716e-10
-1.6736737e+00 3.1522637e-15 9.4441066e-14 2.2669942e-10
-1.6686687e+00 3.7887745e-15 1.1243513e-13 1.9614598e-10
-1.6636637e+00 4.5522807e-15 1.3373483e-13 1.8013164e-10
-1.6586587e+00 5.4656187e-15 1.5878822e-13 1.9881968e-10
-1.6536537e+00 6.5588415e-15 1.8855541e-13 2.2726199e-10
-1.6486486e+00 7.8671234e-15 2.2374940e-13 2.1795299e-10
-1.6436436e+00 9.4143924e-15 2.6546033e-13 1.8971178e-10
-1.6386386e+00 1.1278774e-14 3.1507641e-13 2.0933417e-10
-1.6336336e+00 1.3503830e-14 3.7373105e-13 2.0985406e-10
-1.6286286e+00 1.6150051e-14 4.4289755e-13 2.3208529e-10
-1.6236236e+00 1.9303394e-14 5.2425518e-13 2.5588190e-10
-1.6186186e+00 2.3055314e-14 6.2012431e-13 2.9047289e-10
-1.6136136e+00 2.7521625e-14 7.3350368e-13 3.3552109e-10
-1.6086086e+00 3.2864962e-14 8.6732480e-13 3.8732192e-10
-1.6036036e+00 3.9212730e-14 1.0254258e-12 4.4693567e-10
-1.5985986e+00 4.6721483e-14 1.2110248e-12 5.1665419e-10
-1.5935936e+00 5.5713540e-14 1.4303931e-12 5.9788337e-10
-1.5885886e+00 6.6412832e-14 1.6861455e-12 6.8962788e-10
-1.5835836e+00 7.9131087e-14 1.9856117e-12 7.9614986e-10
-1.5785786e+00 9.4220204e-14 2.3412313e-12 9.1758583e-10
-1.5735736e+00 1.1210863e-13 2.7592965e-12 1.0548682e-09
-1.5685686e+00 1.3309047e-13 3.2444178e-12 1.2122445e-09
-1.5635636e+00 1.5793964e-13 3.8170046e-12 1.3946057e-09
-1.5585586e+00 1.8736487e-13 4.4882282e-12 1.6043753e-09
-1.5535536e+00 2.2218210e-13 5.2744145e-12 1.8433925e-09
-1.5485485e+00 2.6354465e-13 5.7462318e-12 2.1192218e-09
-1.5435435e+00 3.1217379e-13 6.4740193e-12 2.4351503e-09
-1.5385385e+00 3.6981352e-13 7.3911326e-12 2.7977396e-09
-1.5335335e+00 4.3799551e-13 8.2436586e-12 3.2140389e-09
-1.5285285e+00 5.1812074e-13 9.3752645e-12 3.6820885e-09
-1.5235235e+00 6.1344573e-13 1.0840929e-11 4.2215143e-09
-1.5185185e+00 7.2536545e-13 1.2594635e-11 4.8366154e-09
-1.5135135e+00 8.5616091e-13 1.4656496e-11 5.5283218e-09
-1.5085085e+00 1.0111413e-12 1.7074206e-11 6.3182948e-09
-1.5035035e+00 1.1896865e-12 1.9923811e-11 7.2365150e-09
-1.4984985e+00 1.3325684e-12 2.3228050e-11 8.2573300e-09
-1.4934935e+00 1.5632115e-12 2.7128896e-11 9.4228931e-09
-1.4884885e+00 1.7697495e-12 3.1657053e-11 1.0750078e-08
-1.4834835e+00 2.0349068e-12 3.6954871e-11 1.2242395e-08
-1.4784785e+00 2.3504771e-12 4.3035706e-11 1.3948884e-08
-1.4734735e+00 2.7474836e-12 5.0135762e-11 1.5898596e-08
-1.4684685e+00 3.2031521e-12 5.8353515e-11 1.8146157e-08
-1.4634635e+00 3.7478399e-12 6.7938235e-11 2.0621267e-08
-1.4584585e+00 4.3894811e-12 7.9003027e-11 2.3438477e-08
-1.4534535e+00 5.1370922e-12 9.1820249e-11 2.6656912e-08
-1.4484484e+00 6.0297164e-12 1.0682706e-10 3.0305069e-08
-1.4434434e+00 7.0625864e-12 1.2422156e-10 3.4408479e-08
-1.4384384e+00 8.2743790e-12 1.4419391e-10 3.8988312e-08
-1.4334334e+00 9.6885549e-12 1.6738033e-10 4.4131460e-08
-1.4284284e+00 1.1327953e-11 1.9425371e-10 4.9935736e-08
-1.4234234e+00 1.3257928e-11 2.2525748e-10 5.6478214e-08
-1.4184184e+00 1.5496184e-11 2.6072526e-10 6.3936922e-08
-1.4134134e+00 1.8100976e-11 3.0208263e-10 7.2355940e-08
-1.4084084e+00 2.1135054e-11 3.4964652e-10 8.1721750e-08
-1.4034034e+00 2.4666941e-11 4.0449864e-10 9.2246078e-08
-1.3983984e+00 2.8802583e-11 4.6802835e-10 1.0418268e-07
-1.3933934e+00 3.3621902e-11 5.4132779e-10 1.1787721e-07
-1.3883884e+00 3.9161675e-11 6.2509433e-10 1.3285929e-07
-1.3833834e+00 4.5625492e-11 7.2110103e-10 1.4996211e-07
-1.3783784e+00 5.3214406e-11 8.3214248e-10 1.6900589e-07
-1.3733734e+00 6.1999119e-11 9.6004943e-10 1.9013056e-07
-1.3683684e+00 7.2135335e-11 1.1061541e-09 2.1410991e-07
-1.3633634e+00 8.4055946e-11 1.2750729e-09 2.4064254e-07
-1.3583584e+00 9.7736064e-11 1.4673277e-09 2.7146780e-07
-1.3533534e+00 1.1343256e-10 1.6904581e-09 3.0567412e-07
-1.3483483e+00 1.3154470e-10 1.9412559e-09 3.4272682e-07
-1.3433433e+00 1.5262747e-10 2.2322596e-09 3.8414290e-07
-1.3383383e+00 1.7714683e-10 2.5658075e-09 4.3034316e-07
-1.3333333e+00 2.0539891e-10 2.9469013e-09 4.8260796e-07
-1.3283283e+00 2.3780851e-10 3.3863316e-09 5.4090515e-07
-1.3233233e+00 2.7562056e-10 3.8852049e-09 6.0515285e-07
-1.3183183e+00 3.1918254e-10 4.4562107e-09 6.7722401e-07
-1.3133133e+00 3.6941492e-10 5.1073696e-09 7.5826267e-07
-1.3083083e+00 4.2659039e-10 5.8484687e-09 8.4919815e-07
-1.3033033e+00 4.9211377e-10 6.6911575e-09 9.4952391e-07
-1.2982983e+00 5.6862433e-10 7.6578528e-09 1.0604814e-06
-1.2932933e+00 6.5655544e-10 8.7580590e-09 1.1853867e-06
-1.2882883e+00 7.5722630e-10 1.0017980e-08 1.3251242e-06
-1.2832833e+00 8.7300015e-10 1.1451655e-08 1.4782588e-06
-1.2782783e+00 1.0063823e-09 1.3079852e-08 1.6460460e-06
-1.2732733e+00 1.1586691e-09 1.4917163e-08 1.8379776e-06
-1.2682683e+00 1.3330492e-09 1.7011546e-08 2.0431068e-06
-1.2632633e+00 1.5323949e-09 1.9397318e-08 2.2724374e-06
-1.2582583e+00 1.7601107e-09 2.2099827e-08 2.5220986e-06
-1.2532533e+00 2.0210949e-09 2.5156331e-08 2.8064622e-06
-1.2482482e+00 2.3206273e-09 2.8593543e-08 3.1165581e-06
-1.2432432e+00 2.6679886e-09 3.2503507e-08 3.4645478e-06
-1.2382382e+00 3.0627561e-09 3.6915399e-08 3.8506368e-06
-1.2332332e+00 3.5124159e-09 4.1902539e-08 4.2646316e-06
-1.2282282e+00 4.0261419e-09 4.7556253e-08 4.7231553e-06
-1.2232232e+00 4.6178042e-09 5.3926908e-08 5.2389416e-06
-1.2182182e+00 5.2844823e-09 6.1187858e-08 5.7766702e-06
-1.2132132e+00 6.0398518e-09 6.9331749e-08 6.3957133e-06
-1.2082082e+00 6.8988870e-09 7.8573593e-08 7.0642178e-06
-1.2032032e+00 7.8845464e-09 8.8953516e-08 7.8028669e-06
-1.1981982e+00 9.0069513e-09 1.0064054e-07 8.6346736e-06
-1.1931932e+00 1.0287502e-08 1.1373035e-07 9.5445155e-06
-1.1881882e+00 1.1725432e-08 1.2857023e-07 1.0507125e-05
-1.1831832e+00 1.3372447e-08 1.4518878e-07 1.1606232e-05
-1.1781782e+00 1.5245417e-08 1.6396996e-07 1.2780300e-05
-1.1731732e+00 1.7350834e-08 1.8503027e-07 1.4105368e-05
-1.1681682e+00 1.9749142e-08 2.0873321e-07 1.5535162e-05
-1.1631632e+00 2.2483341e-08 2.3532069e-07 1.7080904e-05
-1.1581582e+00 2.5570853e-08 2.6500347e-07 1.8760089e-05
-1.1531532e+00 2.9094105e-08 2.9862570e-07 2.0594347e-05
-1.1481481e+00 3.3055047e-08 3.3583985e-07 2.2629031e-05
-1.1431431e+00 3.7502836e-08 3.7746143e-07 2.4855956e-05
-1.1381381e+00 4.2513021e-08 4.2452675e-07 2.7250197e-05
-1.1331331e+00 4.8181374e-08 4.7739103e-07 2.9942255e-05
-1.1281281e+00 5.4584525e-08 5.3616259e-07 3.2843557e-05
-1.1231231e+00 6.1914965e-08 6.0171822e-07 3.6057862e-05
-1.1181181e+00 7.0087520e-08 6.7513400e-07 3.9619973e-05
-1.1131131e+00 7.9345871e-08 7.5733938e-07 4.3476328e-05
-1.1081081e+00 8.9804727e-08 8.4820168e-07 4.7514588e-05
-1.1031031e+00 1.0151183e-07 9.4943258e-07 5.1886066e-05
-1.0980981e+00 1.1459345e-07 1.0627712e-06 5.6761069e-05
-1.0930931e+00 1.2956495e-07 1.1896232e-06 6.1971193e-05
-1.0880881e+00 1.4638557e-07 1.3312014e-06 6.7502321e-05
-1.0830831e+00 1.6493178e-07 1.4868089e-06 7.3646623e-05
-1.0780781e+00 1.8593083e-07 1.6579977e-06 8.0274650e-05
-1.0730731e+00 2.0947507e-07 1.8524743e-06 8.7652658e-05
-1.0680681e+00 2.3610797e-07 2.0653943e-06 9.5735526e-05
-1.0630631e+00 2.6604803e-07 2.3032004e-06 1.0400923e-04
-1.0580581e+00 2.9908041e-07 2.5675055e-06 1.1303157e-04
-1.0530531e+00 3.3618091e-07 2.8599626e-06 1.2301089e-04
-1.0480480e+00 3.7767681e-07 3.1837977e-06 1.3356117e-04
-1.0430430e+00 4.2348293e-07 3.5443983e-06 1.4523637e-04
-1.0380380e+00 4.7479219e-07 3.9420245e-06 1.5807631e-04
-1.0330330e+00 5.3335959e-07 4.3864595e-06 1.7135838e-04
-1.0280280e+00 5.9875528e-07 4.8736938e-06 1.8596875e-04
-1.0230230e+00 6.7124810e-07 5.4039715e-06 2.0198127e-04
-1.0180180e+00 7.5138663e-07 5.9936300e-06 2.1904455e-04
-1.0130130e+00 8.4062122e-07 6.6488462e-06 2.3724266e-04
-1.0080080e+00 9.4052328e-07 7.3677039e-06 2.5620498e-04
-1.0030030e+00 1.0509280e-06 8.1662345e-06 2.7669364e-04
-9.9799800e-01 1.1755905e-06 9.0394373e-06 2.9859548e-04
-9.9299299e-01 1.3128980e-06 1.0004555e-05 3.2284853e-04
-9.8798799e-01 1.4652335e-06 1.1063723e-05 3.4813696e-04
-9.8298298e-01 1.6352173e-06 1.2221570e-05 3.7584331e-04
-9.7797798e-01 1.8249177e-06 1.3505280e-05 4.0547560e-04
-9.7297297e-01 2.0340281e-06 1.4917762e-05 4.3674308e-04
-9.6796797e-01 2.2665250e-06 1.6467233e-05 4.7038591e-04
-9.6296296e-01 2.5225794e-06 1.8174519e-05 5.0590630e-04
-9.5795796e-01 2.8084189e-06 2.0033927e-05 5.4481322e-04
-9.5295295e-01 3.1243499e-06 2.2067379e-05 5.8597003e-04
-9.4794795e-01 3.4726251e-06 2.4305209e-05 6.3034940e-04
-9.4294294e-01 3.8592313e-06 2.6738632e-05 6.7725693e-04
-9.3793794e-01 4.2828205e-06 2.9433770e-05 7.2766608e-04
-9.3293293e-01 4.7504495e-06 3.2361797e-05 7.8171785e-04
-9.2792793e-01 5.2668497e-06 3.5574122e-05 8.3809637e-04
-9.2292292e-01 5.8343142e-06 3.9118466e-05 8.9843129e-04
-9.1791792e-01 6.4605144e-06 4.2941004e-05 9.6268247e-04
-9.1291291e-01 7.1705079e-06 4.7126218e-05 1.0309906e-03
-9.0790791e-01 7.9400088e-06 5.1700528e-05 1.1063640e-03
-9.0290290e-01 8.7830300e-06 5.6668543e-05 1.1849462e-03
-8.9789790e-01 9.7087609e-06 6.2018593e-05 1.2671583e-03
-8.9289289e-01 1.0731375e-05 6.7907364e-05 1.3532588e-03
-8.8788789e-01 1.1863613e-05 7.4312548e-05 1.4455166e-03
-8.8288288e-01 1.3103525e-05 8.1272235e-05 1.5426571e-03
-8.7787788e-01 1.4453594e-05 8.8802131e-05 1.6443763e-03
-8.7287287e-01 1.5927949e-05 9.7064857e-05 1.7539526e-03
-8.6786787e-01 1.7567448e-05 1.0605769e-04 1.8682051e-03
-8.6286286e-01 1.9352420e-05 1.1581865e-04 1.9845046e-03
-8.5785786e-01 2.1306553e-05 1.2632062e-04 2.1125305e-03
-8.5285285e-01 2.3442826e-05 1.3781694e-04 2.2431025e-03
-8.4784785e-01 2.5799465e-05 1.5010932e-04 2.3832551e-03
-8.4284284e-01 2.8380115e-05 1.6355133e-04 2.5306398e-03
-8.3783784e-01 3.1200992e-05 1.7803113e-04 2.6897319e-03
-8.3283283e-01 3.4254802e-05 1.9378489e-04 2.8540691e-03
-8.2782783e-01 3.7555003e-05 2.1074292e-04 3.0327243e-03
-8.2282282e-01 4.1250906e-05 2.2902795e-04 3.2162651e-03
-8.1781782e-01 4.5137690e-05 2.4879785e-04 3.3999440e-03
-8.1281281e-01 4.9431584e-05 2.7013684e-04 3.6070854e-03
-8.0780781e-01 5.4102983e-05 2.9297257e-04 3.8223541e-03
-8.0280280e-01 5.9184339e-05 3.1787597e-04 4.0564065e-03
-7.9779780e-01 6.4693511e-05 3.4477121e-04 4.2978269e-03
-7.9279279e-01 7.0784591e-05 3.7367077e-04 4.5524860e-03
-7.8778779e-01 7.7326204e-05 4.0492801e-04 4.8094404e-03
-7.8278278e-01 8.4509502e-05 4.3807378e-04 5.0805476e-03
-7.7777778e-01 9.2261340e-05 4.7323890e-04 5.3671642e-03
-7.7277277e-01 1.0075019e-04 5.1130149e-04 5.6606034e-03
-7.6776777e-01 1.0986955e-04 5.5258720e-04 5.9863852e-03
-7.6276276e-01 1.1970338e-04 5.9628643e-04 6.2950935e-03
-7.5775776e-01 1.3042513e-04 6.4343328e-04 6.6216665e-03
-7.5275275e-01 1.4218052e-04 6.9460979e-04 6.9644305e-03
-7.4774775e-01 1.5486892e-04 7.4871193e-04 7.3334700e-03
-7.4274274e-01 1.6871066e-04 8.0645992e-04 7.7349779e-03
-7.3773774e-01 1.8375120e-04 8.6741655e-04 8.1528534e-03
-7.3273273e-01 1.9975667e-04 9.3332788e-04 8.5733151e-03
-7.2772773e-01 2.1704941e-04 1.0039295e-03 9.0120180e-03
-7.2272272e-01 2.3540903e-04 1.0800618e-03 9.4479390e-03
-7.1771772e-01 2.5517277e-04 1.1609825e-03 9.9041658e-03
-7.1271271e-01 2.7665678e-04 1.2475296e-03 1.0395803e-02
-7.0770771e-01 2.9999349e-04 1.3400389e-03 1.0896111e-02
-7.0270270e-01 3.2544514e-04 1.4391335e-03 1.1404543e-02
-6.9769770e-01 3.5198171e-04 1.5432261e-03 1.1936493e-02
-6.9269269e-01 3.8074102e-04 1.6544233e-03 1.2488760e-02
-6.8768769e-01 4.1194173e-04 1.7719594e-03 1.3068369e-02
-6.8268268e-01 4.4579830e-04 1.8961913e-03 1.3662632e-02
-6.7767768e-01 4.8152592e-04 2.0290458e-03 1.4251558e-02
-6.7267267e-01 5.2004645e-04 2.1737935e-03 1.4870425e-02
-6.6766767e-01 5.6142233e-04 2.3229988e-03 1.5461229e-02
-6.6266266e-01 6.0570309e-04 2.4824494e-03 1.6108699e-02
-6.5765766e-01 6.5391621e-04 2.6500755e-03 1.6849066e-02
-6.5265265e-01 7.0513800e-04 2.8290257e-03 1.7570005e-02
-6.4764765e-01 7.5989911e-04 3.0181708e-03 1.8272739e-02
-6.4264264e-01 8.1936115e-04 3.2182889e-03 1.9042685e-02
-6.3763764e-01 8.8313036e-04 3.4366875e-03 1.9798744e-02
-6.3263263e-01 9.5091001e-04 3.6615802e-03 2.0647574e-02
-6.2762763e-01 1.0220016e-03 3.9021290e-03 2.1537325e-02
-6.2262262e-01 1.0998645e-03 4.1548871e-03 2.2342163e-02
-6.1761762e-01 1.1821946e-03 4.4221838e-03 2.3144300e-02
-6.1261261e-01 1.2680900e-03 4.6973935e-03 2.4012813e-02
-6.0760761e-01 1.3605266e-03 4.9927329e-03 2.4858913e-02
-6.0260260e-01 1.4575768e-03 5.3057250e-03 2.5744268e-02
-5.9759760e-01 1.5639063e-03 5.6308531e-03 2.6708548e-02
-5.9259259e-01 1.6784736e-03 5.9711288e-03 2.7654811e-02
-5.8758759e-01 1.8012282e-03 6.3379766e-03 2.8620168e-02
-5.8258258e-01 1.9303813e-03 6.7190741e-03 2.9624774e-02
-5.7757758e-01 2.0673255e-03 7.1178131e-03 3.0640862e-02
-5.7257257e-01 2.2106689e-03 7.5401195e-03 3.1714354e-02
-5.6756757e-01 2.3634613e-03 7.9831531e-03 3.2808369e-02
-5.6256256e-01 2.5243828e-03 8.4521418e-03 3.3955060e-02
-5.5755756e-01 2.6984668e-03 8.9349656e-03 3.4931688e-02
-5.5255255e-01 2.8775035e-03 9.4421309e-03 3.6028345e-02
-5.4754755e-01 3.0669418e-03 9.9750809e-03 3.7258843e-02
-5.4254254e-01 3.2743825e-03 1.0536323e-02 3.8516684e-02
-5.3753754e-01 3.4954611e-03 1.1122651e-02 3.9786423e-02
-5.3253253e-01 3.7269462e-03 1.1721376e-02 4.1059958e-02
-5.2752753e-01 3.9699598e-03 1.2370768e-02 4.2307851e-02
-5.2252252e-01 4.2228310e-03 1.3029407e-02 4.3563025e-02
-5.1751752e-01 4.4980151e-03 1.3731275e-02 4.4913959e-02
-5.1251251e-01 4.7886098e-03 1.4447338e-02 4.6241379e-02
-5.0750751e-01 5.0966756e-03 1.5211149e-02 4.7587205e-02
-5.0250250e-01 5.4113212e-03 1.6004231e-02 4.8938457e-02
-4.9749750e-01 5.7492780e-03 1.6825000e-02 5.0169329e-02
-4.9249249e-01 6.0970169e-03 1.7663370e-02 5.1407946e-02
-4.8748749e-01 6.4700593e-03 1.8546051e-02 5.2716012e-02
-4.8248248e-01 6.8649575e-03 1.9459633e-02 5.4102764e-02
-4.7747748e-01 7.2827976e-03 2.0419693e-02 5.5485894e-02
-4.7247247e-01 7.7147482e-03 2.1406159e-02 5.6931587e-02
-4.6746747e-01 8.1747259e-03 2.2428868e-02 5.8227397e-02
-4.6246246e-01 8.6537256e-03 2.3488698e-02 5.9552892e-02
-4.5745746e-01 9.1610943e-03 2.4587365e-02 6.1088983e-02
-4.5245245e-01 9.6905188e-03 2.5744147e-02 6.2691041e-02
-4.4744745e-01 1.0245444e-02 2.6926637e-02 6.4381364e-02
-4.4244244e-01 1.0832759e-02 2.8147470e-02 6.6184553e-02
-4.3743744e-01 1.1433210e-02 2.9425027e-02 6.7964389e-02
-4.3243243e-01 1.2092763e-02 3.0752576e-02 6.9817557e-02
-4.2742743e-01 1.2757177e-02 3.2138049e-02 7.1696282e-02
-4.2242242e-01 1.3451610e-02 3.3577435e-02 7.3686051e-02
-4.1741742e-01 1.4202740e-02 3.5028114e-02 7.5798008e-02
-4.1241241e-01 1.4996211e-02 3.6532453e-02 7.7981945e-02
-4.0740741e-01 1.5803253e-02 3.8044939e-02 8.0191282e-02
-4.0240240e-01 1.6630591e-02 3.9633552e-02 8.2719237e-02
-3.9739740e-01 1.7511907e-02 4.1296256e-02 8.5034081e-02
-3.9239239e-01 1.8448076e-02 4.3019104e-02 8.7476190e-02
-3.8738739e-01 1.9395472e-02 4.4763087e-02 8.9766027e-02
-3.8238238e-01 2.0403844e-02 4.6514557e-02 9.2187776e-02
-3.7737738e-01 2.1445167e-02 4.8359652e-02 9.4836921e-02
-3.7237237e-01 2.2535849e-02 5.0243959e-02 9.7431766e-02
-3.6736737e-01 2.3684501e-02 5.2099022e-02 9.9895196e-02
-3.6236236e-01 2.4852271e-02 5.4015648e-02 1.0264316e-01
-3.5735736e-01 2.6088924e-02 5.5965850e-02 1.0517576e-01
-3.5235235e-01 2.7360099e-02 5.8036135e-02 1.0790009e-01
-3.4734735e-01 2.8731178e-02 6.0138389e-02 1.1065858e-01
-3.4234234e-01 3.0108274e-02 6.2230805e-02 1.1342828e-01
-3.3733734e-01 3.1486906e-02 6.4377931e-02 1.1624594e-01
-3.3233233e-01 3.2976628e-02 6.6565757e-02 1.1912558e-01
-3.2732733e-01 3.4531131e-02 6.8908316e-02 1.2212789e-01
-3.2232232e-01 3.6174554e-02 7.1283068e-02 1.2522954e-01
-3.1731732e-01 3.7863500e-02 7.3794050e-02 1.2830504e-01
-3.1231231e-01 3.9596853e-02 7.6361677e-02 1.3139494e-01
-3.0730731e-01 4.1374066e-02 7.9004023e-02 1.3468635e-01
-3.0230230e-01 4.3211016e-02 8.1727227e-02 1.3802527e-01
-2.9729730e-01 4.5120394e-02 8.4401977e-02 1.4144292e-01
-2.9229229e-01 4.7146094e-02 8.7258216e-02 1.4495107e-01
-2.8728729e-01 4.9198844e-02 9.0129729e-02 1.4852393e-01
-2.8228228e-01 5.1350000e-02 9.3052875e-02 1.5224312e-01
-2.7727728e-01 5.3538987e-02 9.6099488e-02 1.5613679e-01
-2.7227227e-01 5.5829049e-02 9.9201354e-02 1.6006068e-01
-2.6726727e-01 5.8245881e-02 1.0243840e-01 1.6395114e-01
-2.6226226e-01 6.0610462e-02 1.0579059e-01 1.6793475e-01
-2.5725726e-01 6.3103551e-02 1.0926932e-01 1.7197676e-01
-2.5225225e-01 6.5704134e-02 1.1275000e-01 1.7605244e-01
-2.4724725e-01 6.8422606e-02 1.1623072e-01 1.8024367e-01
-2.4224224e-01 7.1150957e-02 1.1984879e-01 1.8441510e-01
-2.3723724e-01 7.3967488e-02 1.2354107e-01 1.8879800e-01
-2.3223223e-01 7.6825930e-02 1.2725696e-01 1.9314636e-01
-2.2722723e-01 7.9857283e-02 1.3106654e-01 1.9771649e-01
-2.2222222e-01 8.2990405e-02 1.3496028e-01 2.0234101e-01
-2.1721722e-01 8.6216909e-02 1.3888212e-01 2.0717259e-01
-2.1221221e-01 8.9432955e-02 1.4296278e-01 2.1193964e-01
-2.0720721e-01 9.2810802e-02 1.4716959e-01 2.1683105e-01
-2.0220220e-01 9.6335357e-02 1.5156582e-01 2.2179811e-01
-1.9719720e-01 1.0001054e-01 1.5593697e-01 2.2699349e-01
-1.9219219e-01 1.0383172e-01 1.6049902e-01 2.3205446e-01
-1.8718719e-01 1.0771270e-01 1.6506283e-01 2.3750332e-01
-1.8218218e-01 1.1179185e-01 1.6979743e-01 2.4289295e-01
-1.7717718e-01 1.1585481e-01 1.7459446e-01 2.4823532e-01
-1.7217217e-01 1.2007350e-01 1.7956057e-01 2.5394427e-01
-1.6716717e-01 1.2432941e-01 1.8468717e-01 2.5964756e-01
-1.6216216e-01 1.2870480e-01 1.8991378e-01 2.6551174e-01
-1.5715716e-01 1.3314934e-01 1.9520231e-01 2.7130237e-01
-1.5215215e-01 1.3763554e-01 2.0057889e-01 2.7747668e-01
-1.4714715e-01 1.4235189e-01 2.0600699e-01 2.8363177e-01
-1.4214214e-01 1.4724683e-01 2.1175492e-01 2.8988721e-01
-1.3713714e-01 1.5222342e-01 2.1757451e-01 2.9653205e-01
-1.3213213e-01 1.5726710e-01 2.2360745e-01 3.0302649e-01
-1.2712713e-01 1.6256033e-01 2.2956409e-01 3.0976604e-01
-1.2212212e-01 1.6785506e-01 2.3573023e-01 3.1662656e-01
-1.1711712e-01 1.7331843e-01 2.4197039e-01 3.2342528e-01
-1.1211211e-01 1.7894730e-01 2.4829816e-01 3.3035753e-01
-1.0710711e-01 1.8464401e-01 2.5460063e-01 3.3745456e-01
-1.0210210e-01 1.9054242e-01 2.6113800e-01 3.4473349e-01
-9.7097097e-02 1.9651112e-01 2.6798895e-01 3.5224075e-01
-9.2092092e-02 2.0262910e-01 2.7480219e-01 3.5985787e-01
-8.7087087e-02 2.0901247e-01 2.8155337e-01 3.6760853e-01
-8.2082082e-02 2.1531841e-01 2.8853241e-01 3.7524855e-01
-7.7077077e-02 2.2171297e-01 2.9574408e-01 3.8296636e-01
-7.2072072e-02 2.2828608e-01 3.0333452e-01 3.9075032e-01
-6.7067067e-02 2.3495128e-01 3.1080977e-01 3.9881085e-01
-6.2062062e-02 2.4175128e-01 3.1852185e-01 4.0674624e-01
-5.7057057e-02 2.4872184e-01 3.2625123e-01 4.1489288e-01
-5.2052052e-02 2.5599028e-01 3.3389658e-01 4.2355130e-01
-4.7047047e-02 2.6289026e-01 3.4199096e-01 4.3218827e-01
-4.2042042e-02 2.7021039e-01 3.5014148e-01 4.4095712e-01
-3.7037037e-02 2.7765774e-01 3.5826569e-01 4.4980685e-01
-3.2032032e-02 2.8519793e-01 3.6665338e-01 4.5890136e-01
-2.7027027e-02 2.9263086e-01 3.7502258e-01 4.6798803e-01
-2.2022022e-02 3.0026778e-01 3.8364714e-01 4.7702849e-01
-1.7017017e-02 3.0818544e-01 3.9237387e-01 4.8622055e-01
-1.2012012e-02 3.1608671e-01 4.0098566e-01 4.9569231e-01
-7.0070070e-03 3.2413516e-01 4.0996371e-01 5.0514106e-01
-2.0020020e-03 3.3244605e-01 4.1886608e-01 5.1464346e-01
3.0030030e-03 3.4054474e-01 4.2782515e-01 5.2423431e-01
8.0080080e-03 3.4882623e-01 4.3707009e-01 5.3403256e-01
1.3013013e-02 3.5716724e-01 4.4630044e-01 5.4381520e-01
1.8018018e-02 3.6552870e-01 4.5578783e-01 5.5389228e-01
2.3023023e-02 3.7412703e-01 4.6544912e-01 5.6390039e-01
2.8028028e-02 3.8254389e-01 4.7503620e-01 5.7419237e-01
3.3033033e-02 3.9126948e-01 4.8456449e-01 5.8465742e-01
3.8038038e-02 3.9998720e-01 4.9406837e-01 5.9490022e-01
4.3043043e-02 4.0877635e-01 5.0380665e-01 6.0528755e-01
4.8048048e-02 4.1761820e-01 5.1362235e-01 6.1581442e-01
5.3053053e-02 4.2662154e-01 5.2352723e-01 6.2636646e-01
5.8058058e-02 4.3572752e-01 5.3343199e-01 6.3721755e-01
6.3063063e-02 4.4480844e-01 5.4340607e-01 6.4812815e-01
6.8068068e-02 4.5378316e-01 5.5361335e-01 6.5910483e-01
7.3073073e-02 4.6262974e-01 5.6361442e-01 6.7011210e-01
7.8078078e-02 4.7172324e-01 5.7374133e-01 6.8081288e-01
8.3083083e-02 4.8092705e-01 5.8387885e-01 6.9201135e-01
8.8088088e-02 4.9016549e-01 5.9415086e-01 7.0286377e-01
9.3093093e-02 4.9939710e-01 6.0457216e-01 7.1388693e-01
9.8098098e-02 5.0881954e-01 6.1465572e-01 7.2478284e-01
1.0310310e-01 5.1827743e-01 6.2483460e-01 7.3548765e-01
1.0810811e-01 5.2797169e-01 6.3514761e-01 7.4658537e-01
1.1311311e-01 5.3720798e-01 6.4555391e-01 7.5745336e-01
1.1811812e-01 5.4642227e-01 6.5585191e-01 7.6797219e-01
1.2312312e-01 5.5573151e-01 6.6589844e-01 7.7856512e-01
1.2812813e-01 5.6496159e-01 6.7603328e-01 7.8921827e-01
1.3313313e-01 5.7399957e-01 6.8608344e-01 7.9968162e-01
1.3813814e-01 5.8347577e-01 6.9600143e-01 8.1009493e-01
1.4314314e-01 5.9277551e-01 7.0614462e-01 8.2077226e-01
1.4814815e-01 6.0207666e-01 7.1610758e-01 8.3143401e-01
1.5315315e-01 6.1117508e-01 7.2588717e-01 8.4200853e-01
1.5815816e-01 6.2019743e-01 7.3553325e-01 8.5248220e-01
1.6316316e-01 6.2904563e-01 7.4513170e-01 8.6238891e-01
1.6816817e-01 6.3787125e-01 7.5479972e-01 8.7247113e-01
1.7317317e-01 6.4653305e-01 7.6426303e-01 8.8245534e-01
1.7817818e-01 6.5525659e-01 7.7362085e-01 8.9257442e-01
1.8318318e-01 6.6377104e-01 7.8279660e-01 9.0202743e-01
1.8818819e-01 6.7262625e-01 7.9203933e-01 9.1137253e-01
1.9319319e-01 6.8105769e-01 8.0079236e-01 9.2068187e-01
1.9819820e-01 6.8933759e-01 8.0965589e-01 9.2966726e-01
2.0320320e-01 6.9754236e-01 8.1863627e-01 9.3878489e-01
2.0820821e-01 7.0566071e-01 8.2739688e-01 9.4775508e-01
2.1321321e-01 7.1387144e-01 8.3587153e-01 9.5684785e-01
2.1821822e-01 7.2169196e-01 8.4429581e-01 9.6559630e-01
2.2322322e-01 7.2949872e-01 8.5249313e-01 9.7383892e-01
2.2822823e-01 7.3703307e-01 8.6055742e-01 9.8230647e-01
2.3323323e-01 7.4459128e-01 8.6838954e-01 9.9022202e-01
2.3823824e-01 7.5174040e-01 8.7584969e-01 9.9817951e-01
2.4324324e-01 7.5899478e-01 8.8325736e-01 1.0054759e+00
2.4824825e-01 7.6605003e-01 8.9054918e-01 1.0125733e+00
2.5325325e-01 7.7302273e-01 8.9744014e-01 1.0196623e+00
2.5825826e-01 7.8010029e-01 9.0425269e-01 1.0265561e+00
2.6326326e-01 7.8645240e-01 9.1093017e-01 1.0331776e+00
2.6826827e-01 7.9281718e-01 9.1749022e-01 1.0395648e+00
2.7327327e-01 7.9906456e-01 9.2359967e-01 1.0460735e+00
2.7827828e-01 8.0488938e-01 9.2957695e-01 1.0519857e+00
2.8328328e-01 8.1050769e-01 9.3524970e-01 1.0577756e+00
2.8828829e-01 8.1623472e-01 9.4054244e-01 1.0630871e+00
2.9329329e-01 8.2141552e-01 9.4569050e-01 1.0683923e+00
2.9829830e-01 8.2710939e-01 9.5064092e-01 1.0732169e+00
3.0330330e-01 8.3186502e-01 9.5513422e-01 1.0776750e+00
3.0830831e-01 8.3668311e-01 9.5973593e-01 1.0817927e+00
3.1331331e-01 8.4096679e-01 9.6404955e-01 1.0856315e+00
3.1831832e-01 8.4522412e-01 9.6816592e-01 1.0894031e+00
3.2332332e-01 8.4906878e-01 9.7200150e-01 1.0929213e+00
3.2832833e-01 8.5282916e-01 9.7547664e-01 1.0958515e+00
3.3333333e-01 8.5659962e-01 9.7884036e-01 1.0989670e+00
3.3833834e-01 8.5984044e-01 9.8189666e-01 1.1016972e+00
3.4334334e-01 8.6281350e-01 9.8459828e-01 1.1042375e+00
3.4834835e-01 8.6541196e-01 9.8746627e-01 1.1062631e+00
3.5335335e-01 8.6796082e-01 9.8974384e-01 1.1079537e+00
3.5835836e-01 8.7039140e-01 9.9156388e-01 1.1094275e+00
3.6336336e-01 8.7266088e-01 9.9348152e-01 1.1108746e+00
3.6836837e-01 8.7450173e-01 9.9514219e-01 1.1119943e+00
3.7337337e-01 8.7598470e-01 9.9656274e-01 1.1129461e+00
3.7837838e-01 8.7781129e-01 9.9776840e-01 1.1133282e+00
3.8338338e-01 8.7904539e-01 9.9861524e-01 1.1136829e+00
3.8838839e-01 8.8007462e-01 9.9924517e-01 1.1138410e+00
3.9339339e-01 8.8043586e-01 9.9969763e-01 1.1137929e+00
3.9839840e-01 8.8142905e-01 9.9990394e-01 1.1132053e+00
4.0340340e-01 8.8212576e-01 1.0000000e+00 1.1124425e+00
4.0840841e-01 8.8237931e-01 9.9972382e-01 1.1113385e+00
4.1341341e-01 8.8249906e-01 9.9906337e-01 1.1105451e+00
4.1841842e-01 8.8218037e-01 9.9825305e-01 1.1094422e+00
4.2342342e-01 8.8143253e-01 9.9715854e-01 1.1078648e+00
4.2842843e-01 8.8090257e-01 9.9555868e-01 1.1062186e+00
4.3343343e-01 8.8011531e-01 9.9395265e-01 1.1039579e+00
4.3843844e-01 8.7889936e-01 9.9240783e-01 1.1022225e+00
4.4344344e-01 8.7735155e-01 9.9041118e-01 1.0998528e+00
4.4844845e-01 8.7549112e-01 9.8819012e-01 1.0971495e+00
4.5345345e-01 8.7367970e-01 9.8604268e-01 1.0948660e+00
4.5845846e-01 8.7143305e-01 9.8353060e-01 1.0917215e+00
4.6346346e-01 8.6921559e-01 9.8081298e-01 1.0886569e+00
4.6846847e-01 8.6701228e-01 9.7792284e-01 1.0850196e+00
4.7347347e-01 8.6416764e-01 9.7474618e-01 1.0818650e+00
4.7847848e-01 8.6171481e-01 9.7165091e-01 1.0787055e+00
4.8348348e-01 8.5876572e-01 9.6826221e-01 1.0749669e+00
4.8848849e-01 8.5565713e-01 9.6468153e-01 1.0712644e+00
4.9349349e-01 8.5260188e-01 9.6112620e-01 1.0674585e+00
4.9849850e-01 8.4927755e-01 9.5715913e-01 1.0634905e+00
5.0350350e-01 8.4559360e-01 9.5316525e-01 1.0594888e+00
5.0850851e-01 8.4203560e-01 9.4905839e-01 1.0555734e+00
5.1351351e-01 8.3805340e-01 9.4494845e-01 1.0513659e+00
5.1851852e-01 8.3422802e-01 9.4078777e-01 1.0465407e+00
5.2352352e-01 8.3014124e-01 9.3609071e-01 1.0419965e+00
5.2852853e-01 8.2627874e-01 9.3156381e-01 1.0372162e+00
5.3353353e-01 8.2206205e-01 9.2694004e-01 1.0324369e+00
5.3853854e-01 8.1773432e-01 9.2202933e-01 1.0276124e+00
5.4354354e-01 8.1302540e-01 9.1687263e-01 1.0224913e+00
5.4854855e-01 8.0858432e-01 9.1210677e-01 1.0173619e+00
5.5355355e-01 8.0390275e-01 9.0721274e-01 1.0123514e+00
5.5855856e-01 7.9876916e-01 9.0234462e-01 1.0069643e+00
5.6356356e-01 7.9351988e-01 8.9719941e-01 1.0018056e+00
5.6856857e-01 7.8860784e-01 8.9186021e-01 9.9647462e-01
5.7357357e-01 7.8366459e-01 8.8655559e-01 9.9109975e-01
5.7857858e-01 7.7857849e-01 8.8136084e-01 9.8578186e-01
5.8358358e-01 7.7325088e-01 8.7602287e-01 9.8054807e-01
5.8858859e-01 7.6796209e-01 8.7068531e-01 9.7559148e-01
5.9359359e-01 7.6238734e-01 8.6537640e-01 9.7008265e-01
5.9859860e-01 7.5703398e-01 8.5989901e-01 9.6448806e-01
6.0360360e-01 7.5172617e-01 8.5415095e-01 9.5888297e-01
6.0860861e-01 7.4656151e-01 8.4847836e-01 9.5297124e-01
6.1361361e-01 7.4080543e-01 8.4280814e-01 9.4737211e-01
6.1861862e-01 7.3512553e-01 8.3677910e-01 9.4195797e-01
6.2362362e-01 7.2973870e-01 8.3144714e-01 9.3601386e-01
6.2862863e-01 7.2424707e-01 8.2604503e-01 9.3051030e-01
6.3363363e-01 7.1865554e-01 8.2028324e-01 9.2470496e-01
6.3863864e-01 7.1284833e-01 8.1447676e-01 9.1904999e-01
6.4364364e-01 7.0738322e-01 8.0895696e-01 9.1341138e-01
6.4864865e-01 7.0135242e-01 8.0320894e-01 9.0746538e-01
6.5365365e-01 6.9582981e-01 7.9744146e-01 9.0185671e-01
6.5865866e-01 6.9024232e-01 7.9190158e-01 8.9649775e-01
6.6366366e-01 6.8462294e-01 7.8632358e-01 8.9091826e-01
6.6866867e-01 6.7906468e-01 7.8068229e-01 8.8511381e-01
6.7367367e-01 6.7324881e-01 7.7505040e-01 8.7946613e-01
6.7867868e-01 6.6771858e-01 7.6951514e-01 8.7400518e-01
6.8368368e-01 6.6191866e-01 7.6388720e-01 8.6831190e-01
6.8868869e-01 6.5624186e-01 7.5848997e-01 8.6265083e-01
6.9369369e-01 6.5054763e-01 7.5281011e-01 8.5705649e-01
6.9869870e-01 6.4470253e-01 7.4707725e-01 8.5182487e-01
7.0370370e-01 6.3922293e-01 7.4150733e-01 8.4656000e-01
7.0870871e-01 6.3371042e-01 7.3588356e-01 8.4091703e-01
7.1371371e-01 6.2835410e-01 7.3037775e-01 8.3534369e-01
7.1871872e-01 6.2308480e-01 7.2524695e-01 8.3002597e-01
7.2372372e-01 6.1757945e-01 7.1986980e-01 8.2446278e-01
7.2872873e-01 6.1226813e-01 7.1457427e-01 8.1868055e-01
7.3373373e-01 6.0686276e-01 7.0914940e-01 8.1357692e-01
7.3873874e-01 6.0151134e-01 7.0383362e-01 8.0834088e-01
7.4374374e-01 5.9595628e-01 6.9841669e-01 8.0277959e-01
7.4874875e-01 5.9043019e-01 6.9291282e-01 7.9750100e-01
7.5375375e-01 5.8529176e-01 6.8776258e-01 7.9197094e-01
7.5875876e-01 5.7986717e-01 6.8266820e-01 7.8683706e-01
7.6376376e-01 5.7421743e-01 6.7734531e-01 7.8194867e-01
7.6876877e-01 5.6897363e-01 6.7189747e-01 7.7707571e-01
7.7377377e-01 5.6362214e-01 6.6681307e-01 7.7203890e-01
7.7877878e-01 5.5820100e-01 6.6155758e-01 7.6699409e-01
7.8378378e-01 5.5302879e-01 6.5651929e-01 7.6213579e-01
7.8878879e-01 5.4760606e-01 6.5123737e-01 7.5731002e-01
7.9379379e-01 5.4218440e-01 6.4618946e-01 7.5272829e-01
7.9879880e-01 5.3719114e-01 6.4112163e-01 7.4770215e-01
8.0380380e-01 5.3194694e-01 6.3616135e-01 7.4306295e-01
8.0880881e-01 5.2687543e-01 6.3104130e-01 7.3805803e-01
8.1381381e-01 5.2175886e-01 6.2600826e-01 7.3330749e-01
8.1881882e-01 5.1669651e-01 6.2092893e-01 7.2844746e-01
8.2382382e-01 5.1140808e-01 6.1592368e-01 7.2352205e-01
8.2882883e-01 5.0633208e-01 6.1090435e-01 7.1902849e-01
8.3383383e-01 5.0101355e-01 6.0573091e-01 7.1394418e-01
8.3883884e-01 4.9587650e-01 6.0077395e-01 7.0882926e-01
8.4384384e-01 4.9091265e-01 5.9582392e-01 7.0413216e-01
8.4884885e-01 4.8561336e-01 5.9102999e-01 6.9954109e-01
8.5385385e-01 4.8035620e-01 5.8621291e-01 6.9486026e-01
8.5885886e-01 4.7530879e-01 5.8120228e-01 6.8994286e-01
8.6386386e-01 4.7006025e-01 5.7601259e-01 6.8508946e-01
8.6886887e-01 4.6521119e-01 5.7084793e-01 6.8048852e-01
8.7387387e-01 4.6036064e-01 5.6579951e-01 6.7587109e-01
8.7887888e-01 4.5555267e-01 5.6090543e-01 6.7102063e-01
8.8388388e-01 4.5062987e-01 5.5607826e-01 6.6653829e-01
8.8888889e-01 4.4559746e-01 5.5128256e-01 6.6185675e-01
8.9389389e-01 4.4083642e-01 5.4626147e-01 6.5697803e-01
8.9889890e-01 4.3614506e-01 5.4135804e-01 6.5253409e-01
9.0390390e-01 4.3110944e-01 5.3646132e-01 6.4768738e-01
9.0890891e-01 4.2597575e-01 5.3163063e-01 6.4326759e-01
9.1391391e-01 4.2113936e-01 5.2671352e-01 6.3844555e-01
9.1891892e-01 4.1620606e-01 5.2178120e-01 6.3364986e-01
9.2392392e-01 4.1116275e-01 5.1703472e-01 6.2893069e-01
9.2892893e-01 4.0646594e-01 5.1223653e-01 6.2396414e-01
9.3393393e-01 4.0153823e-01 5.0733619e-01 6.1900607e-01
9.3893894e-01 3.9662508e-01 5.0241731e-01 6.1413813e-01
9.4394394e-01 3.9194528e-01 4.9726333e-01 6.0892315e-01
9.4894895e-01 3.8690910e-01 4.9229662e-01 6.0393242e-01
9.5395395e-01 3.8229960e-01 4.8740971e-01 5.9882780e-01
9.5895896e-01 3.7753810e-01 4.8243658e-01 5.9398766e-01
9.6396396e-01 3.7286477e-01 4.7731857e-01 5.8894984e-01
9.6896897e-01 3.6788582e-01 4.7242051e-01 5.8400246e-01
9.7397397e-01 3.6320621e-01 4.6721552e-01 5.7877090e-01
9.7897898e-01 3.5836334e-01 4.6218508e-01 5.7338848e-01
9.8398398e-01 3.5372826e-01 4.5702586e-01 5.6810980e-01
9.8898899e-01 3.4893221e-01 4.5205048e-01 5.6270388e-01
9.9399399e-01 3.4413846e-01 4.4682613e-01 5.5732184e-01
9.9899900e-01 3.3928404e-01 4.4180932e-01 5.5196548e-01
1.0040040e+00 3.3475127e-01 4.3669392e-01 5.4643145e-01
1.0090090e+00 3.3006258e-01 4.3159310e-01 5.4108075e-01
1.0140140e+00 3.2532546e-01 4.2656360e-01 5.3567382e-01
1.0190190e+00 3.2060882e-01 4.2143383e-01 5.3012735e-01
1.0240240e+00 3.1595705e-01 4.1626505e-01 5.2450127e-01
1.0290290e+00 3.1111064e-01 4.1114412e-01 5.1871571e-01
1.0340340e+00 3.0622854e-01 4.0598745e-01 5.1306320e-01
1.0390390e+00 3.0148856e-01 4.0081445e-01 5.0740531e-01
1.0440440e+00 2.9682664e-01 3.9572489e-01 5.0197658e-01
1.0490490e+00 2.9225106e-01 3.9049497e-01 4.9652049e-01
1.0540541e+00 2.8783343e-01 3.8529934e-01 4.9060917e-01
1.0590591e+00 2.8313974e-01 3.8025117e-01 4.8513534e-01
1.0640641e+00 2.7847268e-01 3.7491807e-01 4.7933082e-01
1.0690691e+00 2.7367878e-01 3.6969675e-01 4.7347282e-01
1.0740741e+00 2.6903162e-01 3.6444187e-01 4.6734802e-01
1.0790791e+00 2.6455431e-01 3.5906716e-01 4.6138689e-01
1.0840841e+00 2.5983626e-01 3.5388315e-01 4.5550571e-01
1.0890891e+00 2.5534450e-01 3.4863340e-01 4.4967214e-01
1.0940941e+00 2.5068620e-01 3.4326024e-01 4.4386301e-01
1.0990991e+00 2.4615514e-01 3.3798760e-01 4.3809445e-01
1.1041041e+00 2.4182872e-01 3.3276421e-01 4.3218009e-01
1.1091091e+00 2.3721704e-01 3.2767599e-01 4.2612880e-01
1.1141141e+00 2.3257821e-01 3.2238700e-01 4.2018536e-01
1.1191191e+00 2.2800582e-01 3.1687626e-01 4.1438832e-01
1.1241241e+00 2.2358885e-01 3.1173708e-01 4.0863947e-01
1.1291291e+00 2.1907545e-01 3.0650428e-01 4.0269829e-01
1.1341341e+00 2.1454209e-01 3.0129217e-01 3.9673438e-01
1.1391391e+00 2.0999901e-01 2.9622644e-01 3.9087858e-01
1.1441441e+00 2.0553357e-01 2.9111184e-01 3.8476730e-01
1.1491491e+00 2.0125060e-01 2.8605011e-01 3.7879301e-01
1.1541542e+00 1.9694818e-01 2.8099943e-01 3.7278898e-01
1.1591592e+00 1.9247142e-01 2.7606950e-01 3.6709733e-01
1.1641642e+00 1.8834140e-01 2.7091690e-01 3.6120929e-01
1.1691692e+00 1.8404367e-01 2.6582967e-01 3.5518300e-01
1.1741742e+00 1.7969175e-01 2.6070714e-01 3.4951319e-01
1.1791792e+00 1.7553086e-01 2.5567575e-01 3.4367902e-01
1.1841842e+00 1.7140734e-01 2.5080640e-01 3.3792997e-01
1.1891892e+00 1.6731131e-01 2.4575676e-01 3.3210303e-01
1.1941942e+00 1.6343391e-01 2.4090999e-01 3.2636003e-01
1.1991992e+00 1.5953798e-01 2.3608810e-01 3.2063944e-01
1.2042042e+00 1.5564877e-01 2.3116939e-01 3.1480526e-01
1.2092092e+00 1.5160132e-01 2.2632454e-01 3.0903731e-01
1.2142142e+00 1.4785817e-01 2.2140541e-01 3.0336167e-01
1.2192192e+00 1.4426833e-01 2.1659268e-01 2.9777015e-01
1.2242242e+00 1.4036323e-01 2.1181388e-01 2.9208798e-01
1.2292292e+00 1.3676127e-01 2.0712211e-01 2.8647616e-01
1.2342342e+00 1.3299198e-01 2.0233612e-01 2.8072972e-01
1.2392392e+00 1.2933240e-01 1.9774053e-01 2.7509140e-01
1.2442442e+00 1.2559889e-01 1.9312980e-01 2.6953288e-01
1.2492492e+00 1.2198332e-01 1.8859123e-01 2.6387866e-01
1.2542543e+00 1.1850816e-01 1.8403712e-01 2.5846325e-01
1.2592593e+00 1.1511127e-01 1.7970025e-01 2.5298946e-01
1.2642643e+00 1.1184380e-01 1.7527553e-01 2.4756902e-01
1.2692693e+00 1.0847644e-01 1.7095709e-01 2.4223749e-01
1.2742743e+00 1.0525474e-01 1.6664761e-01 2.3695032e-01
1.2792793e+00 1.0209949e-01 1.6240816e-01 2.3163823e-01
1.2842843e+00 9.8895909e-02 1.5823050e-01 2.2632981e-01
1.2892893e+00 9.5916131e-02 1.5407343e-01 2.2122908e-01
1.2942943e+00 9.2911218e-02 1.5012365e-01 2.1609955e-01
1.2992993e+00 8.9994169e-02 1.4606405e-01 2.1101868e-01
1.3043043e+00 8.6977529e-02 1.4210353e-01 2.0604261e-01
1.3093093e+00 8.4093619e-02 1.3817488e-01 2.0105515e-01
1.3143143e+00 8.1391433e-02 1.3438169e-01 1.9604879e-01
1.3193193e+00 7.8671727e-02 1.3058687e-01 1.9120271e-01
1.3243243e+00 7.6014091e-02 1.2688649e-01 1.8634538e-01
1.3293293e+00 7.3473042e-02 1.2319329e-01 1.8161361e-01
1.3343343e+00 7.1061426e-02 1.1958368e-01 1.7684759e-01
1.3393393e+00 6.8603707e-02 1.1609069e-01 1.7227434e-01
1.3443443e+00 6.6280704e-02 1.1258199e-01 1.6765194e-01
1.3493493e+00 6.3919247e-02 1.0920676e-01 1.6319911e-01
1.3543544e+00 6.1632925e-02 1.0593030e-01 1.5869077e-01
1.3593594e+00 5.9399588e-02 1.0267881e-01 1.5427364e-01
1.3643644e+00 5.7301554e-02 9.9504282e-02 1.4988440e-01
1.3693694e+00 5.5195130e-02 9.6385878e-02 1.4554194e-01
1.3743744e+00 5.3151959e-02 9.3288422e-02 1.4133207e-01
1.3793794e+00 5.1206466e-02 9.0281804e-02 1.3717756e-01
1.3843844e+00 4.9306774e-02 8.7377570e-02 1.3304002e-01
1.3893894e+00 4.7514580e-02 8.4512263e-02 1.2902300e-01
1.3943944e+00 4.5775676e-02 8.1703228e-02 1.2513768e-01
1.3993994e+00 4.3996782e-02 7.9031803e-02 1.2128957e-01
1.4044044e+00 4.2256937e-02 7.6357670e-02 1.1751729e-01
1.4094094e+00 4.0643011e-02 7.3762849e-02 1.1377980e-01
1.4144144e+00 3.9019219e-02 7.1255246e-02 1.1020285e-01
1.4194194e+00 3.7507698e-02 6.8810133e-02 1.0659715e-01
1.4244244e+00 3.5994617e-02 6.6421848e-02 1.0309889e-01
1.4294294e+00 3.4560041e-02 6.4090887e-02 9.9660659e-02
1.4344344e+00 3.3158119e-02 6.1785063e-02 9.6337958e-02
1.4394394e+00 3.1803008e-02 5.9541069e-02 9.3011223e-02
1.4444444e+00 3.0491545e-02 5.7380213e-02 8.9807488e-02
1.4494494e+00 2.9190657e-02 5.5238862e-02 8.6673107e-02
1.4544545e+00 2.7993215e-02 5.3201136e-02 8.3671445e-02
1.4594595e+00 2.6851041e-02 5.1142420e-02 8.0724439e-02
1.4644645e+00 2.5702267e-02 4.9197624e-02 7.7802395e-02
1.4694695e+00 2.4610563e-02 4.7311829e-02 7.4986764e-02
1.4744745e+00 2.3541960e-02 4.5468471e-02 7.2238387e-02
1.4794795e+00 2.2509446e-02 4.3695232e-02 6.9551014e-02
1.4844845e+00 2.1537165e-02 4.1984653e-02 6.6921634e-02
1.4894895e+00 2.0559153e-02 4.0309158e-02 6.4362988e-02
1.4944945e+00 1.9615229e-02 3.8702521e-02 6.1902428e-02
1.4994995e+00 1.8739225e-02 3.7118952e-02 5.9492418e-02
1.5045045e+00 1.7894605e-02 3.5595789e-02 5.7175418e-02
1.5095095e+00 1.7056880e-02 3.4104832e-02 5.4926207e-02
1.5145145e+00 1.6265053e-02 3.2675313e-02 5.2777875e-02
1.5195195e+00 1.5498366e-02 3.1296272e-02 5.0632044e-02
1.5245245e+00 1.4766835e-02 2.9956003e-02 4.8572080e-02
1.5295295e+00 1.4052934e-02 2.8645587e-02 4.6554923e-02
1.5345345e+00 1.3371531e-02 2.7390611e-02 4.4617305e-02
1.5395395e+00 1.2712751e-02 2.6187839e-02 4.2727012e-02
1.5445445e+00 1.2093210e-02 2.5018881e-02 4.0906481e-02
1.5495495e+00 1.1492063e-02 2.3886766e-02 3.9138940e-02
1.5545546e+00 1.0920934e-02 2.2801556e-02 3.7456046e-02
1.5595596e+00 1.0367581e-02 2.1760634e-02 3.5812729e-02
1.5645646e+00 9.8493207e-03 2.0748046e-02 3.4233606e-02
1.5695696e+00 9.3398433e-03 1.9772304e-02 3.2693972e-02
1.5745746e+00 8.8534071e-03 1.8850202e-02 3.1200236e-02
1.5795796e+00 8.4015388e-03 1.7959834e-02 2.9768172e-02
1.5845846e+00 7.9554071e-03 1.7099596e-02 2.8377141e-02
1.5895896e+00 7.5350613e-03 1.6279749e-02 2.7047742e-02
1.5945946e+00 7.1364912e-03 1.5487812e-02 2.5763088e-02
1.5995996e+00 6.7564722e-03 1.4728943e-02 2.4539176e-02
1.6046046e+00 6.3918327e-03 1.3998254e-02 2.3346716e-02
1.6096096e+00 6.0443245e-03 1.3299056e-02 2.2206650e-02
1.6146146e+00 5.7113064e-03 1.2626866e-02 2.1116397e-02
1.6196196e+00 5.3973365e-03 1.1985697e-02 2.0064746e-02
1.6246246e+00 5.0941527e-03 1.1369830e-02 1.9059967e-02
1.6296296e+00 4.8066225e-03 1.0782370e-02 1.8094970e-02
1.6346346e+00 4.5333016e-03 1.0220238e-02 1.7171474e-02
1.6396396e+00 4.2710462e-03 9.6820240e-03 1.6280156e-02
1.6446446e+00 4.0266503e-03 9.1704631e-03 1.5423583e-02
1.6496496e+00 3.7938176e-03 8.6815001e-03 1.4613854e-02
1.6546547e+00 3.5724834e-03 8.2130787e-03 1.3844115e-02
1.6596597e+00 3.3603020e-03 7.7646452e-03 1.3106234e-02
1.6646647e+00 3.1603596e-03 7.3410584e-03 1.2397192e-02
1.6696697e+00 2.9708713e-03 6.9344757e-03 1.1725161e-02
1.6746747e+00 2.7917786e-03 6.5479991e-03 1.1082808e-02
1.6796797e+00 2.6219627e-03 6.1808470e-03 1.0469418e-02
1.6846847e+00 2.4621837e-03 5.8291748e-03 9.8804192e-03
1.6896897e+00 2.3094543e-03 5.4958111e-03 9.3220292e-03
1.6946947e+00 2.1666479e-03 5.1798258e-03 8.7921280e-03
1.6996997e+00 2.0320844e-03 4.8809092e-03 8.2890681e-03
1.7047047e+00 1.9048011e-03 4.5950771e-03 7.8094912e-03
1.7097097e+00 1.7842817e-03 4.3241629e-03 7.3559540e-03
1.7147147e+00 1.6715692e-03 4.0657638e-03 6.9237725e-03
1.7197197e+00 1.5639859e-03 3.8209519e-03 6.5130847e-03
1.7247247e+00 1.4615298e-03 3.5902069e-03 6.1270749e-03
1.7297297e+00 1.3655797e-03 3.3709554e-03 5.7568226e-03
1.7347347e+00 1.2751158e-03 3.1636875e-03 5.4072024e-03
1.7397397e+00 1.1906540e-03 2.9685248e-03 5.0777958e-03
1.7447447e+00 1.1109799e-03 2.7831282e-03 4.7652123e-03
1.7497497e+00 1.0363858e-03 2.6084436e-03 4.4690074e-03
1.7547548e+00 9.6636191e-04 2.4436496e-03 4.1903313e-03
1.7597598e+00 9.0048899e-04 2.2883243e-03 3.9269000e-03
1.7647648e+00 8.3891072e-04 2.1408449e-03 3.6778067e-03
1.7697698e+00 7.8059192e-04 2.0024003e-03 3.4431543e-03
1.7747748e+00 7.2624561e-04 1.8717890e-03 3.2215291e-03
1.7797798e+00 6.7541529e-04 1.7484602e-03 3.0124431e-03
1.7847848e+00 6.2768073e-04 1.6328720e-03 2.8161574e-03
1.7897898e+00 5.8306133e-04 1.5236013e-03 2.6314985e-03
1.7947948e+00 5.4130380e-04 1.4208730e-03 2.4572395e-03
1.7997998e+00 5.0233951e-04 1.3250980e-03 2.2932370e-03
1.8048048e+00 4.6631734e-04 1.2348132e-03 2.1387792e-03
1.8098098e+00 4.3242308e-04 1.1498076e-03 1.9940521e-03
1.8148148e+00 4.0051147e-04 1.0704676e-03 1.8582480e-03
1.8198198e+00 3.7091324e-04 9.9565437e-04 1.7311152e-03
1.8248248e+00 3.4350552e-04 9.2566897e-04 1.6112105e-03
1.8298298e+00 3.1778396e-04 8.6038185e-04 1.4986519e-03
1.8348348e+00 2.9389623e-04 7.9890145e-04 1.3936236e-03
1.8398398e+00 2.7154050e-04 7.4165459e-04 1.2953308e-03
1.8448448e+00 2.5077234e-04 6.8818528e-04 1.2033166e-03
1.8498498e+00 2.3139488e-04 6.3824890e-04 1.1173293e-03
1.8548549e+00 2.1352233e-04 5.9169994e-04 1.0368892e-03
1.8598599e+00 1.9688897e-04 5.4833324e-04 9.6157693e-04
1.8648649e+00 1.8141967e-04 5.0779192e-04 8.9127910e-04
1.8698699e+00 1.6716305e-04 4.6984209e-04 8.2584568e-04
1.8748749e+00 1.5391586e-04 4.3471904e-04 7.6481898e-04
1.8798799e+00 1.4181407e-04 4.0181969e-04 7.0794357e-04
1.8848849e+00 1.3039476e-04 3.7119481e-04 6.5497071e-04
1.8898899e+00 1.1998038e-04 3.4271822e-04 6.0544602e-04
1.8948949e+00 1.1028754e-04 3.1640266e-04 5.5945917e-04
1.8998999e+00 1.0135142e-04 2.9183757e-04 5.1683713e-04
1.9049049e+00 9.3047687e-05 2.6899839e-04 4.7695758e-04
1.9099099e+00 8.5382169e-05 2.4794602e-04 4.4011107e-04
1.9149149e+00 7.8312978e-05 2.2831020e-04 4.0584176e-04
1.9199199e+00 7.1780516e-05 2.1020198e-04 3.7405050e-04
1.9249249e+00 6.5770878e-05 1.9341076e-04 3.4458312e-04
1.9299299e+00 6.0252605e-05 1.7781589e-04 3.1723360e-04
1.9349349e+00 5.5135153e-05 1.6337067e-04 2.9198652e-04
1.9399399e+00 5.0441265e-05 1.5006823e-04 2.6852414e-04
1.9449449e+00 4.6097427e-05 1.3776968e-04 2.4678913e-04
1.9499499e+00 4.2128990e-05 1.2642535e-04 2.2670366e-04
1.9549550e+00 3.8471189e-05 1.1592392e-04 2.0817183e-04
1.9599600e+00 3.5113909e-05 1.0625066e-04 1.9108199e-04
1.9649650e+00 3.2043284e-05 9.7352468e-05 1.7527257e-04
1.9699700e+00 2.9201410e-05 8.9090817e-05 1.6063842e-04
1.9749750e+00 2.6606249e-05 8.1504667e-05 1.4720262e-04
1.9799800e+00 2.4242033e-05 7.4554442e-05 1.3479294e-04
1.9849850e+00 2.2068800e-05 6.8148650e-05 1.2333565e-04
1.9899900e+00 2.0077984e-05 6.2280047e-05 1.1281275e-04
1.9949950e+00 1.8255992e-05 5.6866000e-05 1.0316080e-04
2.0000000e+00 1.6590764e-05 5.1917651e-05 9.4265713e-05
