X KDE_INF KDE_MED KDE_SUP
-2.5000000e+01 1.2238136e-07 2.1952777e-07 3.4706401e-07
-2.4984985e+01 1.3806738e-07 2.4710533e-07 3.9018086e-07
-2.4969970e+01 1.5573987e-07 2.7800004e-07 4.3844838e-07
-2.4954955e+01 1.7554848e-07 3.1265900e-07 4.9237380e-07
-2.4939940e+01 1.9777912e-07 3.5149074e-07 5.5271161e-07
-2.4924925e+01 2.2269102e-07 3.9494981e-07 6.1997349e-07
-2.4909910e+01 2.5052503e-07 4.4349310e-07 6.9508108e-07
-2.4894895e+01 2.8167461e-07 4.9750127e-07 7.7907355e-07
-2.4879880e+01 3.1659233e-07 5.5785251e-07 8.7235906e-07
-2.4864865e+01 3.5566017e-07 6.2517743e-07 9.7643722e-07
-2.4849850e+01 3.9929787e-07 7.0020207e-07 1.0923262e-06
-2.4834835e+01 4.4829768e-07 7.8386711e-07 1.2209946e-06
-2.4819820e+01 5.0305449e-07 8.7723725e-07 1.3641847e-06
-2.4804805e+01 5.6409476e-07 9.8096556e-07 1.5231053e-06
-2.4789790e+01 6.3187478e-07 1.0966289e-06 1.6997723e-06
-2.4774775e+01 7.0773318e-07 1.2249185e-06 1.8957404e-06
-2.4759760e+01 7.9250891e-07 1.3680905e-06 2.1141157e-06
-2.4744745e+01 8.8667137e-07 1.5265826e-06 2.3561708e-06
-2.4729730e+01 9.9173458e-07 1.7033807e-06 2.6242821e-06
-2.4714715e+01 1.1084665e-06 1.8982045e-06 2.9204825e-06
-2.4699700e+01 1.2377644e-06 2.1148683e-06 3.2489141e-06
-2.4684685e+01 1.3817217e-06 2.3556896e-06 3.6116789e-06
-2.4669670e+01 1.5407228e-06 2.6216909e-06 4.0134202e-06
-2.4654655e+01 1.7187072e-06 2.9171959e-06 4.4580694e-06
-2.4639640e+01 1.9152934e-06 3.2432177e-06 4.9500639e-06
-2.4624625e+01 2.1344515e-06 3.6036149e-06 5.4927683e-06
-2.4609610e+01 2.3763642e-06 4.0035188e-06 6.0922468e-06
-2.4594595e+01 2.6442159e-06 4.4438651e-06 6.7508928e-06
-2.4579580e+01 2.9398534e-06 4.9298784e-06 7.4756919e-06
-2.4564565e+01 3.2662034e-06 5.4671470e-06 8.2765353e-06
-2.4549550e+01 3.6283169e-06 6.0594081e-06 9.1595327e-06
-2.4534535e+01 4.0282696e-06 6.7105056e-06 1.0130395e-05
-2.4519520e+01 4.4704411e-06 7.4298347e-06 1.1195829e-05
-2.4504505e+01 4.9608374e-06 8.2185926e-06 1.2366607e-05
-2.4489489e+01 5.5025074e-06 9.0879772e-06 1.3653897e-05
-2.4474474e+01 6.0976563e-06 1.0044318e-05 1.5069286e-05
-2.4459459e+01 6.7547493e-06 1.1094543e-05 1.6615402e-05
-2.4444444e+01 7.4797622e-06 1.2248372e-05 1.8317505e-05
-2.4429429e+01 8.2749244e-06 1.3513484e-05 2.0182699e-05
-2.4414414e+01 9.1459627e-06 1.4904775e-05 2.2224546e-05
-2.4399399e+01 1.0111467e-05 1.6429759e-05 2.4461751e-05
-2.4384384e+01 1.1166925e-05 1.8103136e-05 2.6911793e-05
-2.4369369e+01 1.2328072e-05 1.9937580e-05 2.9586379e-05
-2.4354354e+01 1.3605865e-05 2.1932813e-05 3.2502529e-05
-2.4339339e+01 1.5002888e-05 2.4130634e-05 3.5686848e-05
-2.4324324e+01 1.6534283e-05 2.6528561e-05 3.9171806e-05
-2.4309309e+01 1.8227330e-05 2.9159334e-05 4.2970324e-05
-2.4294294e+01 2.0073695e-05 3.2020077e-05 4.7111031e-05
-2.4279279e+01 2.2084598e-05 3.5147480e-05 5.1641869e-05
-2.4264264e+01 2.4297467e-05 3.8570759e-05 5.6538776e-05
-2.4249249e+01 2.6710113e-05 4.2291921e-05 6.1901628e-05
-2.4234234e+01 2.9341623e-05 4.6365790e-05 6.7755305e-05
-2.4219219e+01 3.2219065e-05 5.0781735e-05 7.4099642e-05
-2.4204204e+01 3.5369046e-05 5.5586172e-05 8.0998740e-05
-2.4189189e+01 3.8788400e-05 6.0837012e-05 8.8474213e-05
-2.4174174e+01 4.2543436e-05 6.6524255e-05 9.6575036e-05
-2.4159159e+01 4.6637099e-05 7.2716955e-05 1.0536818e-04
-2.4144144e+01 5.1093354e-05 7.9431774e-05 1.1492084e-04
-2.4129129e+01 5.5946634e-05 8.6744155e-05 1.2529337e-04
-2.4114114e+01 6.1210776e-05 9.4674601e-05 1.3650929e-04
-2.4099099e+01 6.6937096e-05 1.0329566e-04 1.4859283e-04
-2.4084084e+01 7.3179957e-05 1.1261259e-04 1.6163467e-04
-2.4069069e+01 7.9941443e-05 1.2273869e-04 1.7578954e-04
-2.4054054e+01 8.7339365e-05 1.3367573e-04 1.9108803e-04
-2.4039039e+01 9.5337065e-05 1.4549635e-04 2.0767270e-04
-2.4024024e+01 1.0402054e-04 1.5829079e-04 2.2555988e-04
-2.4009009e+01 1.1340821e-04 1.7217850e-04 2.4478497e-04
-2.3993994e+01 1.2364965e-04 1.8715707e-04 2.6560413e-04
-2.3978979e+01 1.3472398e-04 2.0330076e-04 2.8801892e-04
-2.3963964e+01 1.4664193e-04 2.2078882e-04 3.1204015e-04
-2.3948949e+01 1.5955548e-04 2.3968351e-04 3.3795258e-04
-2.3933934e+01 1.7359580e-04 2.6003329e-04 3.6584118e-04
-2.3918919e+01 1.8877027e-04 2.8195847e-04 3.9602699e-04
-2.3903904e+01 2.0511471e-04 3.0553563e-04 4.2832041e-04
-2.3888889e+01 2.2271717e-04 3.3091824e-04 4.6308102e-04
-2.3873874e+01 2.4186532e-04 3.5818170e-04 5.0038869e-04
-2.3858859e+01 2.6241095e-04 3.8748179e-04 5.4042263e-04
-2.3843844e+01 2.8448749e-04 4.1898980e-04 5.8335859e-04
-2.3828829e+01 3.0842835e-04 4.5297954e-04 6.2932190e-04
-2.3813814e+01 3.3406568e-04 4.8932860e-04 6.7882779e-04
-2.3798799e+01 3.6182710e-04 5.2825127e-04 7.3138504e-04
-2.3783784e+01 3.9153896e-04 5.7013605e-04 7.8787040e-04
-2.3768769e+01 4.2352742e-04 6.1502699e-04 8.4824807e-04
-2.3753754e+01 4.5794101e-04 6.6319716e-04 9.1301763e-04
-2.3738739e+01 4.9478728e-04 7.1479389e-04 9.8192452e-04
-2.3723724e+01 5.3438665e-04 7.6991860e-04 1.0556198e-03
-2.3708709e+01 5.7695919e-04 8.2905681e-04 1.1343877e-03
-2.3693694e+01 6.2238512e-04 8.9196652e-04 1.2184245e-03
-2.3678679e+01 6.7146819e-04 9.5940982e-04 1.3081153e-03
-2.3663664e+01 7.2404703e-04 1.0313847e-03 1.4036805e-03
-2.3648649e+01 7.8025431e-04 1.1083052e-03 1.5055955e-03
-2.3633634e+01 8.4038173e-04 1.1905105e-03 1.6144998e-03
-2.3618619e+01 9.0450138e-04 1.2781622e-03 1.7296253e-03
-2.3603604e+01 9.7292163e-04 1.3717807e-03 1.8522452e-03
-2.3588589e+01 1.0465881e-03 1.4710814e-03 1.9821461e-03
-2.3573574e+01 1.1249437e-03 1.5771283e-03 2.1205964e-03
-2.3558559e+01 1.2080258e-03 1.6902177e-03 2.2681905e-03
-2.3543544e+01 1.2972288e-03 1.8102895e-03 2.4244191e-03
-2.3528529e+01 1.3916379e-03 1.9375478e-03 2.5889852e-03
-2.3513514e+01 1.4930497e-03 2.0733217e-03 2.7649077e-03
-2.3498498e+01 1.6010554e-03 2.2172814e-03 2.9502873e-03
-2.3483483e+01 1.7163494e-03 2.3702489e-03 3.1472682e-03
-2.3468468e+01 1.8379426e-03 2.5315760e-03 3.3554576e-03
-2.3453453e+01 1.9666261e-03 2.7029324e-03 3.5761789e-03
-2.3438438e+01 2.1049169e-03 2.8854279e-03 3.8095040e-03
-2.3423423e+01 2.2521176e-03 3.0780492e-03 4.0561722e-03
-2.3408408e+01 2.4078482e-03 3.2822020e-03 4.3168866e-03
-2.3393393e+01 2.5742995e-03 3.4977209e-03 4.5916093e-03
-2.3378378e+01 2.7493036e-03 3.7261054e-03 4.8821574e-03
-2.3363363e+01 2.9366616e-03 3.9674614e-03 5.1893093e-03
-2.3348348e+01 3.1326835e-03 4.2226183e-03 5.5120256e-03
-2.3333333e+01 3.3407083e-03 4.4926353e-03 5.8501038e-03
-2.3318318e+01 3.5623618e-03 4.7783233e-03 6.2087445e-03
-2.3303303e+01 3.7978027e-03 5.0793496e-03 6.5860521e-03
-2.3288288e+01 4.0451216e-03 5.3971814e-03 6.9819135e-03
-2.3273273e+01 4.3055002e-03 5.7319302e-03 7.4008046e-03
-2.3258258e+01 4.5799130e-03 6.0856562e-03 7.8392713e-03
-2.3243243e+01 4.8704264e-03 6.4558138e-03 8.3018613e-03
-2.3228228e+01 5.1758499e-03 6.8453143e-03 8.7840998e-03
-2.3213213e+01 5.4988903e-03 7.2549234e-03 9.2943762e-03
-2.3198198e+01 5.8387952e-03 7.6883108e-03 9.8291875e-03
-2.3183183e+01 6.1991541e-03 8.1444540e-03 1.0390608e-02
-2.3168168e+01 6.5775164e-03 8.6216215e-03 1.0976594e-02
-2.3153153e+01 6.9764003e-03 9.1236382e-03 1.1591421e-02
-2.3138138e+01 7.3985378e-03 9.6510751e-03 1.2238807e-02
-2.3123123e+01 7.8417416e-03 1.0202174e-02 1.2913242e-02
-2.3108108e+01 8.3051186e-03 1.0781787e-02 1.3616102e-02
-2.3093093e+01 8.7901181e-03 1.1388975e-02 1.4355885e-02
-2.3078078e+01 9.3013108e-03 1.2023118e-02 1.5123670e-02
-2.3063063e+01 9.8397978e-03 1.2684791e-02 1.5927358e-02
-2.3048048e+01 1.0402919e-02 1.3379941e-02 1.6773921e-02
-2.3033033e+01 1.0995203e-02 1.4107465e-02 1.7652520e-02
-2.3018018e+01 1.1613581e-02 1.4867941e-02 1.8566840e-02
-2.3003003e+01 1.2264369e-02 1.5663791e-02 1.9520211e-02
-2.2987988e+01 1.2947278e-02 1.6491936e-02 2.0514776e-02
-2.2972973e+01 1.3660430e-02 1.7356060e-02 2.1550618e-02
-2.2957958e+01 1.4407241e-02 1.8259618e-02 2.2625366e-02
-2.2942943e+01 1.5188553e-02 1.9207030e-02 2.3751318e-02
-2.2927928e+01 1.5995959e-02 2.0189589e-02 2.4916323e-02
-2.2912913e+01 1.6847751e-02 2.1222691e-02 2.6126652e-02
-2.2897898e+01 1.7735247e-02 2.2291184e-02 2.7390890e-02
-2.2882883e+01 1.8660835e-02 2.3404180e-02 2.8704720e-02
-2.2867868e+01 1.9622680e-02 2.4561358e-02 3.0062545e-02
-2.2852853e+01 2.0631737e-02 2.5765506e-02 3.1467133e-02
-2.2837838e+01 2.1686299e-02 2.7003873e-02 3.2933061e-02
-2.2822823e+01 2.2777262e-02 2.8300544e-02 3.4467205e-02
-2.2807808e+01 2.3916861e-02 2.9649333e-02 3.6037997e-02
-2.2792793e+01 2.5104780e-02 3.1047565e-02 3.7677446e-02
-2.2777778e+01 2.6333962e-02 3.2515084e-02 3.9358126e-02
-2.2762763e+01 2.7614816e-02 3.4032507e-02 4.1104747e-02
-2.2747748e+01 2.8955344e-02 3.5604577e-02 4.2910142e-02
-2.2732733e+01 3.0340222e-02 3.7229257e-02 4.4778564e-02
-2.2717718e+01 3.1779793e-02 3.8907787e-02 4.6719415e-02
-2.2702703e+01 3.3271986e-02 4.0639135e-02 4.8724241e-02
-2.2687688e+01 3.4813826e-02 4.2445629e-02 5.0783143e-02
-2.2672673e+01 3.6419818e-02 4.4310143e-02 5.2940077e-02
-2.2657658e+01 3.8085456e-02 4.6238121e-02 5.5144589e-02
-2.2642643e+01 3.9816459e-02 4.8227920e-02 5.7422783e-02
-2.2627628e+01 4.1598559e-02 5.0287355e-02 5.9772457e-02
-2.2612613e+01 4.3442312e-02 5.2416793e-02 6.2209783e-02
-2.2597598e+01 4.5356057e-02 5.4620574e-02 6.4706163e-02
-2.2582583e+01 4.7309526e-02 5.6873077e-02 6.7284243e-02
-2.2567568e+01 4.9343597e-02 5.9209566e-02 6.9911964e-02
-2.2552553e+01 5.1461208e-02 6.1613147e-02 7.2633126e-02
-2.2537538e+01 5.3642919e-02 6.4100543e-02 7.5415068e-02
-2.2522523e+01 5.5878058e-02 6.6661627e-02 7.8283134e-02
-2.2507508e+01 5.8184314e-02 6.9296180e-02 8.1231315e-02
-2.2492492e+01 6.0571248e-02 7.2001405e-02 8.4259435e-02
-2.2477477e+01 6.3024745e-02 7.4781608e-02 8.7398676e-02
-2.2462462e+01 6.5549813e-02 7.7636138e-02 9.0609491e-02
-2.2447447e+01 6.8148903e-02 8.0572677e-02 9.3877228e-02
-2.2432432e+01 7.0852254e-02 8.3571797e-02 9.7223307e-02
-2.2417417e+01 7.3626597e-02 8.6691391e-02 1.0070054e-01
-2.2402402e+01 7.6460440e-02 8.9866992e-02 1.0423804e-01
-2.2387387e+01 7.9378577e-02 9.3129945e-02 1.0788882e-01
-2.2372372e+01 8.2378672e-02 9.6500173e-02 1.1160836e-01
-2.2357357e+01 8.5452316e-02 9.9940386e-02 1.1538749e-01
-2.2342342e+01 8.8622672e-02 1.0347361e-01 1.1927069e-01
-2.2327327e+01 9.1892518e-02 1.0706729e-01 1.2321440e-01
-2.2312312e+01 9.5221297e-02 1.1075968e-01 1.2728029e-01
-2.2297297e+01 9.8605156e-02 1.1455468e-01 1.3142865e-01
-2.2282282e+01 1.0210614e-01 1.1841123e-01 1.3570386e-01
-2.2267267e+01 1.0569730e-01 1.2237574e-01 1.4004446e-01
-2.2252252e+01 1.0936411e-01 1.2644636e-01 1.4445889e-01
-2.2237237e+01 1.1311431e-01 1.3061112e-01 1.4902764e-01
-2.2222222e+01 1.1696101e-01 1.3483012e-01 1.5366457e-01
-2.2207207e+01 1.2089892e-01 1.3914510e-01 1.5841455e-01
-2.2192192e+01 1.2491578e-01 1.4358104e-01 1.6321340e-01
-2.2177177e+01 1.2902815e-01 1.4811759e-01 1.6815676e-01
-2.2162162e+01 1.3324319e-01 1.5271556e-01 1.7317334e-01
-2.2147147e+01 1.3752984e-01 1.5741884e-01 1.7829782e-01
-2.2132132e+01 1.4195112e-01 1.6217835e-01 1.8351308e-01
-2.2117117e+01 1.4647208e-01 1.6703944e-01 1.8875823e-01
-2.2102102e+01 1.5105329e-01 1.7201689e-01 1.9414703e-01
-2.2087087e+01 1.5570751e-01 1.7708999e-01 1.9964539e-01
-2.2072072e+01 1.6046209e-01 1.8225597e-01 2.0518269e-01
-2.2057057e+01 1.6530966e-01 1.8748894e-01 2.1075013e-01
-2.2042042e+01 1.7022809e-01 1.9280884e-01 2.1648565e-01
-2.2027027e+01 1.7525363e-01 1.9821308e-01 2.2236180e-01
-2.2012012e+01 1.8039851e-01 2.0368746e-01 2.2829048e-01
-2.1996997e+01 1.8562758e-01 2.0931036e-01 2.3429105e-01
-2.1981982e+01 1.9087924e-01 2.1498006e-01 2.4037741e-01
-2.1966967e+01 1.9622917e-01 2.2072118e-01 2.4650272e-01
-2.1951952e+01 2.0165207e-01 2.2659820e-01 2.5280275e-01
-2.1936937e+01 2.0720278e-01 2.3254747e-01 2.5917495e-01
-2.1921922e+01 2.1281769e-01 2.3860491e-01 2.6551337e-01
-2.1906907e+01 2.1852170e-01 2.4473322e-01 2.7209495e-01
-2.1891892e+01 2.2432794e-01 2.5093654e-01 2.7869566e-01
-2.1876877e+01 2.3025297e-01 2.5721131e-01 2.8538463e-01
-2.1861862e+01 2.3624512e-01 2.6355508e-01 2.9220296e-01
-2.1846847e+01 2.4230339e-01 2.6997551e-01 2.9901966e-01
-2.1831832e+01 2.4842537e-01 2.7651278e-01 3.0596546e-01
-2.1816817e+01 2.5459815e-01 2.8319410e-01 3.1291889e-01
-2.1801802e+01 2.6089955e-01 2.8986853e-01 3.2000974e-01
-2.1786787e+01 2.6732419e-01 2.9662336e-01 3.2717584e-01
-2.1771772e+01 2.7374232e-01 3.0342048e-01 3.3436997e-01
-2.1756757e+01 2.8021428e-01 3.1032102e-01 3.4159679e-01
-2.1741742e+01 2.8682684e-01 3.1728376e-01 3.4896217e-01
-2.1726727e+01 2.9342249e-01 3.2430591e-01 3.5626459e-01
-2.1711712e+01 3.0008318e-01 3.3135940e-01 3.6366885e-01
-2.1696697e+01 3.0687884e-01 3.3854648e-01 3.7111778e-01
-2.1681682e+01 3.1376220e-01 3.4573454e-01 3.7866800e-01
-2.1666667e+01 3.2066828e-01 3.5295235e-01 3.8631699e-01
-2.1651652e+01 3.2752279e-01 3.6027686e-01 3.9401681e-01
-2.1636637e+01 3.3453935e-01 3.6759867e-01 4.0178297e-01
-2.1621622e+01 3.4163182e-01 3.7503385e-01 4.0961963e-01
-2.1606607e+01 3.4867690e-01 3.8246436e-01 4.1748757e-01
-2.1591592e+01 3.5581185e-01 3.8996284e-01 4.2540823e-01
-2.1576577e+01 3.6305036e-01 3.9758587e-01 4.3327540e-01
-2.1561562e+01 3.7033846e-01 4.0514584e-01 4.4122395e-01
-2.1546547e+01 3.7762725e-01 4.1283756e-01 4.4923604e-01
-2.1531532e+01 3.8502883e-01 4.2058037e-01 4.5723454e-01
-2.1516517e+01 3.9243111e-01 4.2827804e-01 4.6531778e-01
-2.1501502e+01 3.9989271e-01 4.3607822e-01 4.7335039e-01
-2.1486486e+01 4.0727565e-01 4.4386662e-01 4.8149243e-01
-2.1471471e+01 4.1483598e-01 4.5164754e-01 4.8960628e-01
-2.1456456e+01 4.2228755e-01 4.5944856e-01 4.9780551e-01
-2.1441441e+01 4.2989279e-01 4.6729317e-01 5.0607589e-01
-2.1426426e+01 4.3746279e-01 4.7518802e-01 5.1423668e-01
-2.1411411e+01 4.4508850e-01 4.8323319e-01 5.2236833e-01
-2.1396396e+01 4.5276672e-01 4.9117054e-01 5.3055086e-01
-2.1381381e+01 4.6043762e-01 4.9905616e-01 5.3877382e-01
-2.1366366e+01 4.6809519e-01 5.0712595e-01 5.4701399e-01
-2.1351351e+01 4.7574994e-01 5.1509411e-01 5.5531173e-01
-2.1336336e+01 4.8348994e-01 5.2301846e-01 5.6363992e-01
-2.1321321e+01 4.9127717e-01 5.3100785e-01 5.7186037e-01
-2.1306306e+01 4.9905484e-01 5.3900483e-01 5.8014265e-01
-2.1291291e+01 5.0666813e-01 5.4695108e-01 5.8833071e-01
-2.1276276e+01 5.1437097e-01 5.5496982e-01 5.9661109e-01
-2.1261261e+01 5.2202967e-01 5.6299369e-01 6.0485136e-01
-2.1246246e+01 5.2981088e-01 5.7093796e-01 6.1304843e-01
-2.1231231e+01 5.3749289e-01 5.7891413e-01 6.2138653e-01
-2.1216216e+01 5.4518568e-01 5.8682544e-01 6.2948020e-01
-2.1201201e+01 5.5292949e-01 5.9480553e-01 6.3762777e-01
-2.1186186e+01 5.6057086e-01 6.0267657e-01 6.4573275e-01
-2.1171171e+01 5.6814711e-01 6.1056020e-01 6.5381080e-01
-2.1156156e+01 5.7572468e-01 6.1846541e-01 6.6194792e-01
-2.1141141e+01 5.8330346e-01 6.2628377e-01 6.6988233e-01
-2.1126126e+01 5.9089194e-01 6.3408914e-01 6.7785247e-01
-2.1111111e+01 5.9845520e-01 6.4185693e-01 6.8580847e-01
-2.1096096e+01 6.0606698e-01 6.4956041e-01 6.9365851e-01
-2.1081081e+01 6.1355090e-01 6.5724594e-01 7.0146841e-01
-2.1066066e+01 6.2097863e-01 6.6485206e-01 7.0927063e-01
-2.1051051e+01 6.2844346e-01 6.7235684e-01 7.1710014e-01
-2.1036036e+01 6.3583970e-01 6.7986479e-01 7.2475563e-01
-2.1021021e+01 6.4318783e-01 6.8735570e-01 7.3234461e-01
-2.1006006e+01 6.5041649e-01 6.9469958e-01 7.3994483e-01
-2.0990991e+01 6.5758536e-01 7.0210369e-01 7.4745130e-01
-2.0975976e+01 6.6472556e-01 7.0947344e-01 7.5482216e-01
-2.0960961e+01 6.7191976e-01 7.1671159e-01 7.6214113e-01
-2.0945946e+01 6.7885132e-01 7.2388661e-01 7.6942531e-01
-2.0930931e+01 6.8583255e-01 7.3099883e-01 7.7675070e-01
-2.0915916e+01 6.9275269e-01 7.3802262e-01 7.8391133e-01
-2.0900901e+01 6.9963075e-01 7.4496720e-01 7.9115930e-01
-2.0885886e+01 7.0643203e-01 7.5191156e-01 7.9829175e-01
-2.0870871e+01 7.1314630e-01 7.5872555e-01 8.0514067e-01
-2.0855856e+01 7.1976397e-01 7.6552778e-01 8.1203841e-01
-2.0840841e+01 7.2629103e-01 7.7220265e-01 8.1878756e-01
-2.0825826e+01 7.3274314e-01 7.7879806e-01 8.2549285e-01
-2.0810811e+01 7.3915369e-01 7.8531171e-01 8.3205632e-01
-2.0795796e+01 7.4540793e-01 7.9177495e-01 8.3864909e-01
-2.0780781e+01 7.5164937e-01 7.9811772e-01 8.4516965e-01
-2.0765766e+01 7.5779737e-01 8.0437111e-01 8.5158858e-01
-2.0750751e+01 7.6389771e-01 8.1062033e-01 8.5785495e-01
-2.0735736e+01 7.7001363e-01 8.1663942e-01 8.6415135e-01
-2.0720721e+01 7.7586992e-01 8.2257904e-01 8.7022411e-01
-2.0705706e+01 7.8172226e-01 8.2840415e-01 8.7608050e-01
-2.0690691e+01 7.8745946e-01 8.3418066e-01 8.8194958e-01
-2.0675676e+01 7.9306263e-01 8.3991315e-01 8.8759736e-01
-2.0660661e+01 7.9853449e-01 8.4556458e-01 8.9334337e-01
-2.0645646e+01 8.0398301e-01 8.5114658e-01 8.9901959e-01
-2.0630631e+01 8.0937541e-01 8.5652401e-01 9.0459014e-01
-2.0615616e+01 8.1464320e-01 8.6177281e-01 9.0999576e-01
-2.0600601e+01 8.1983048e-01 8.6705854e-01 9.1528076e-01
-2.0585586e+01 8.2488033e-01 8.7222533e-01 9.2043832e-01
-2.0570571e+01 8.2972795e-01 8.7723667e-01 9.2541966e-01
-2.0555556e+01 8.3453662e-01 8.8209057e-01 9.3036856e-01
-2.0540541e+01 8.3926770e-01 8.8688572e-01 9.3530866e-01
-2.0525526e+01 8.4398854e-01 8.9160215e-01 9.3999344e-01
-2.0510511e+01 8.4843542e-01 8.9629988e-01 9.4463802e-01
-2.0495495e+01 8.5280289e-01 9.0076503e-01 9.4907199e-01
-2.0480480e+01 8.5712020e-01 9.0516913e-01 9.5339905e-01
-2.0465465e+01 8.6135310e-01 9.0929320e-01 9.5763120e-01
-2.0450450e+01 8.6547225e-01 9.1337601e-01 9.6170824e-01
-2.0435435e+01 8.6953199e-01 9.1749432e-01 9.6581706e-01
-2.0420420e+01 8.7337997e-01 9.2138729e-01 9.6984210e-01
-2.0405405e+01 8.7722550e-01 9.2529089e-01 9.7363900e-01
-2.0390390e+01 8.8096109e-01 9.2894077e-01 9.7731045e-01
-2.0375375e+01 8.8459690e-01 9.3261913e-01 9.8083986e-01
-2.0360360e+01 8.8815276e-01 9.3621995e-01 9.8425921e-01
-2.0345345e+01 8.9147261e-01 9.3964461e-01 9.8759193e-01
-2.0330330e+01 8.9491335e-01 9.4294001e-01 9.9086783e-01
-2.0315315e+01 8.9816732e-01 9.4615228e-01 9.9408506e-01
-2.0300300e+01 9.0127086e-01 9.4925889e-01 9.9721256e-01
-2.0285285e+01 9.0430296e-01 9.5232492e-01 1.0002117e+00
-2.0270270e+01 9.0718193e-01 9.5518359e-01 1.0032244e+00
-2.0255255e+01 9.0998386e-01 9.5797217e-01 1.0061288e+00
-2.0240240e+01 9.1267867e-01 9.6072521e-01 1.0088816e+00
-2.0225225e+01 9.1529014e-01 9.6330684e-01 1.0114442e+00
-2.0210210e+01 9.1784316e-01 9.6587343e-01 1.0138611e+00
-2.0195195e+01 9.2010606e-01 9.6829541e-01 1.0162218e+00
-2.0180180e+01 9.2248842e-01 9.7055745e-01 1.0185323e+00
-2.0165165e+01 9.2477552e-01 9.7275602e-01 1.0207663e+00
-2.0150150e+01 9.2676689e-01 9.7494412e-01 1.0228901e+00
-2.0135135e+01 9.2879189e-01 9.7695052e-01 1.0248005e+00
-2.0120120e+01 9.3079911e-01 9.7894351e-01 1.0267149e+00
-2.0105105e+01 9.3262375e-01 9.8076353e-01 1.0285665e+00
-2.0090090e+01 9.3429743e-01 9.8254302e-01 1.0302395e+00
-2.0075075e+01 9.3606216e-01 9.8419534e-01 1.0318170e+00
-2.0060060e+01 9.3758764e-01 9.8577385e-01 1.0333301e+00
-2.0045045e+01 9.3908397e-01 9.8732445e-01 1.0347513e+00
-2.0030030e+01 9.4046580e-01 9.8866966e-01 1.0360198e+00
-2.0015015e+01 9.4181487e-01 9.8984504e-01 1.0373379e+00
-2.0000000e+01 9.4299849e-01 9.9109636e-01 1.0384826e+00
-1.9984985e+01 9.4409865e-01 9.9220567e-01 1.0394604e+00
-1.9969970e+01 9.4516478e-01 9.9323543e-01 1.0404187e+00
-1.9954955e+01 9.4611374e-01 9.9429853e-01 1.0412893e+00
-1.9939940e+01 9.4711120e-01 9.9512493e-01 1.0421294e+00
-1.9924925e+01 9.4792639e-01 9.9594393e-01 1.0427914e+00
-1.9909910e+01 9.4874076e-01 9.9657475e-01 1.0435963e+00
-1.9894895e+01 9.4939034e-01 9.9722732e-01 1.0442129e+00
-1.9879880e+01 9.5013414e-01 9.9781374e-01 1.0446882e+00
-1.9864865e+01 9.5053418e-01 9.9836103e-01 1.0452561e+00
-1.9849850e+01 9.5110010e-01 9.9880905e-01 1.0456751e+00
-1.9834835e+01 9.5154974e-01 9.9914848e-01 1.0460359e+00
-1.9819820e+01 9.5195808e-01 9.9951175e-01 1.0463651e+00
-1.9804805e+01 9.5236866e-01 9.9969660e-01 1.0465656e+00
-1.9789790e+01 9.5264148e-01 9.9981635e-01 1.0466989e+00
-1.9774775e+01 9.5277497e-01 9.9989322e-01 1.0468207e+00
-1.9759760e+01 9.5304508e-01 9.9997784e-01 1.0468897e+00
-1.9744745e+01 9.5305419e-01 1.0000000e+00 1.0467820e+00
-1.9729730e+01 9.5312658e-01 9.9992948e-01 1.0467328e+00
-1.9714715e+01 9.5303500e-01 9.9988812e-01 1.0466396e+00
-1.9699700e+01 9.5284599e-01 9.9976093e-01 1.0464585e+00
-1.9684685e+01 9.5257605e-01 9.9952989e-01 1.0462047e+00
-1.9669670e+01 9.5236257e-01 9.9925682e-01 1.0458799e+00
-1.9654655e+01 9.5212615e-01 9.9892389e-01 1.0454823e+00
-1.9639640e+01 9.5181337e-01 9.9859981e-01 1.0450527e+00
-1.9624625e+01 9.5137286e-01 9.9805244e-01 1.0447057e+00
-1.9609610e+01 9.5087738e-01 9.9769681e-01 1.0441289e+00
-1.9594595e+01 9.5036340e-01 9.9720146e-01 1.0435160e+00
-1.9579580e+01 9.4981226e-01 9.9653848e-01 1.0429355e+00
-1.9564565e+01 9.4918141e-01 9.9583806e-01 1.0423911e+00
-1.9549550e+01 9.4843877e-01 9.9515741e-01 1.0417159e+00
-1.9534535e+01 9.4765970e-01 9.9446566e-01 1.0409480e+00
-1.9519520e+01 9.4691506e-01 9.9369055e-01 1.0401602e+00
-1.9504505e+01 9.4615946e-01 9.9286640e-01 1.0394175e+00
-1.9489489e+01 9.4535008e-01 9.9208279e-01 1.0385796e+00
-1.9474474e+01 9.4459854e-01 9.9119496e-01 1.0378639e+00
-1.9459459e+01 9.4373506e-01 9.9031850e-01 1.0369113e+00
-1.9444444e+01 9.4274956e-01 9.8941255e-01 1.0358882e+00
-1.9429429e+01 9.4188902e-01 9.8837832e-01 1.0347118e+00
-1.9414414e+01 9.4084497e-01 9.8729122e-01 1.0336637e+00
-1.9399399e+01 9.3973357e-01 9.8623113e-01 1.0326187e+00
-1.9384384e+01 9.3864292e-01 9.8506341e-01 1.0315641e+00
-1.9369369e+01 9.3753068e-01 9.8392025e-01 1.0305529e+00
-1.9354354e+01 9.3646748e-01 9.8278801e-01 1.0294675e+00
-1.9339339e+01 9.3517226e-01 9.8159830e-01 1.0281774e+00
-1.9324324e+01 9.3402278e-01 9.8031870e-01 1.0268714e+00
-1.9309309e+01 9.3268170e-01 9.7914619e-01 1.0256663e+00
-1.9294294e+01 9.3137325e-01 9.7788664e-01 1.0242372e+00
-1.9279279e+01 9.3009300e-01 9.7656171e-01 1.0227750e+00
-1.9264264e+01 9.2867499e-01 9.7517222e-01 1.0212820e+00
-1.9249249e+01 9.2734792e-01 9.7364840e-01 1.0198218e+00
-1.9234234e+01 9.2598259e-01 9.7225561e-01 1.0184302e+00
-1.9219219e+01 9.2445767e-01 9.7075501e-01 1.0168836e+00
-1.9204204e+01 9.2292931e-01 9.6926888e-01 1.0153755e+00
-1.9189189e+01 9.2141566e-01 9.6772912e-01 1.0138088e+00
-1.9174174e+01 9.1987778e-01 9.6612889e-01 1.0123061e+00
-1.9159159e+01 9.1833580e-01 9.6454078e-01 1.0106685e+00
-1.9144144e+01 9.1666798e-01 9.6292173e-01 1.0091379e+00
-1.9129129e+01 9.1500330e-01 9.6119780e-01 1.0074977e+00
-1.9114114e+01 9.1324913e-01 9.5944737e-01 1.0058788e+00
-1.9099099e+01 9.1155264e-01 9.5769732e-01 1.0042195e+00
-1.9084084e+01 9.0970521e-01 9.5596644e-01 1.0026337e+00
-1.9069069e+01 9.0785935e-01 9.5409730e-01 1.0006974e+00
-1.9054054e+01 9.0585098e-01 9.5236004e-01 9.9878621e-01
-1.9039039e+01 9.0403811e-01 9.5059582e-01 9.9695778e-01
-1.9024024e+01 9.0222712e-01 9.4869821e-01 9.9508207e-01
-1.9009009e+01 9.0034112e-01 9.4676368e-01 9.9307011e-01
-1.8993994e+01 8.9830363e-01 9.4483114e-01 9.9123736e-01
-1.8978979e+01 8.9616514e-01 9.4281937e-01 9.8913864e-01
-1.8963964e+01 8.9400913e-01 9.4079742e-01 9.8704660e-01
-1.8948949e+01 8.9192268e-01 9.3873066e-01 9.8496332e-01
-1.8933934e+01 8.8961534e-01 9.3656052e-01 9.8280883e-01
-1.8918919e+01 8.8748120e-01 9.3441071e-01 9.8071757e-01
-1.8903904e+01 8.8533989e-01 9.3214862e-01 9.7848091e-01
-1.8888889e+01 8.8319124e-01 9.3005180e-01 9.7636660e-01
-1.8873874e+01 8.8088100e-01 9.2781265e-01 9.7411670e-01
-1.8858859e+01 8.7861442e-01 9.2553333e-01 9.7184648e-01
-1.8843844e+01 8.7630018e-01 9.2319721e-01 9.6958717e-01
-1.8828829e+01 8.7390980e-01 9.2070490e-01 9.6724520e-01
-1.8813814e+01 8.7148050e-01 9.1823143e-01 9.6470830e-01
-1.8798799e+01 8.6900305e-01 9.1572081e-01 9.6225275e-01
-1.8783784e+01 8.6644978e-01 9.1312894e-01 9.5964478e-01
-1.8768769e+01 8.6396326e-01 9.1060638e-01 9.5721894e-01
-1.8753754e+01 8.6119607e-01 9.0803503e-01 9.5451491e-01
-1.8738739e+01 8.5840537e-01 9.0544786e-01 9.5195206e-01
-1.8723724e+01 8.5568645e-01 9.0272163e-01 9.4917895e-01
-1.8708709e+01 8.5290361e-01 8.9991616e-01 9.4650109e-01
-1.8693694e+01 8.5013671e-01 8.9707811e-01 9.4365707e-01
-1.8678679e+01 8.4730583e-01 8.9427067e-01 9.4082851e-01
-1.8663664e+01 8.4451420e-01 8.9134147e-01 9.3787597e-01
-1.8648649e+01 8.4161854e-01 8.8843093e-01 9.3497438e-01
-1.8633634e+01 8.3857328e-01 8.8547421e-01 9.3204460e-01
-1.8618619e+01 8.3565009e-01 8.8260360e-01 9.2905424e-01
-1.8603604e+01 8.3244746e-01 8.7957384e-01 9.2604699e-01
-1.8588589e+01 8.2936456e-01 8.7646708e-01 9.2297845e-01
-1.8573574e+01 8.2612980e-01 8.7329954e-01 9.1981267e-01
-1.8558559e+01 8.2290836e-01 8.7022341e-01 9.1657930e-01
-1.8543544e+01 8.1976879e-01 8.6698326e-01 9.1338555e-01
-1.8528529e+01 8.1646286e-01 8.6368843e-01 9.1005963e-01
-1.8513514e+01 8.1324634e-01 8.6033138e-01 9.0667903e-01
-1.8498498e+01 8.0989496e-01 8.5700933e-01 9.0325719e-01
-1.8483483e+01 8.0644760e-01 8.5350979e-01 8.9972215e-01
-1.8468468e+01 8.0305713e-01 8.4994554e-01 8.9613563e-01
-1.8453453e+01 7.9958057e-01 8.4638971e-01 8.9268166e-01
-1.8438438e+01 7.9603221e-01 8.4278732e-01 8.8904987e-01
-1.8423423e+01 7.9233128e-01 8.3911086e-01 8.8547612e-01
-1.8408408e+01 7.8878267e-01 8.3537612e-01 8.8167630e-01
-1.8393393e+01 7.8516978e-01 8.3166809e-01 8.7781719e-01
-1.8378378e+01 7.8141168e-01 8.2793651e-01 8.7393533e-01
-1.8363363e+01 7.7757831e-01 8.2409081e-01 8.7001478e-01
-1.8348348e+01 7.7373825e-01 8.2008249e-01 8.6615844e-01
-1.8333333e+01 7.6978815e-01 8.1616014e-01 8.6227680e-01
-1.8318318e+01 7.6582151e-01 8.1205228e-01 8.5829134e-01
-1.8303303e+01 7.6176088e-01 8.0799451e-01 8.5419299e-01
-1.8288288e+01 7.5776393e-01 8.0395682e-01 8.5004593e-01
-1.8273273e+01 7.5358105e-01 7.9983838e-01 8.4590101e-01
-1.8258258e+01 7.4941431e-01 7.9565370e-01 8.4164306e-01
-1.8243243e+01 7.4534106e-01 7.9147068e-01 8.3727271e-01
-1.8228228e+01 7.4102020e-01 7.8718332e-01 8.3296143e-01
-1.8213213e+01 7.3675990e-01 7.8290943e-01 8.2874201e-01
-1.8198198e+01 7.3248590e-01 7.7860752e-01 8.2433408e-01
-1.8183183e+01 7.2822027e-01 7.7430572e-01 8.1985360e-01
-1.8168168e+01 7.2397172e-01 7.6986935e-01 8.1536781e-01
-1.8153153e+01 7.1950949e-01 7.6528307e-01 8.1084326e-01
-1.8138138e+01 7.1510480e-01 7.6076317e-01 8.0628634e-01
-1.8123123e+01 7.1060142e-01 7.5617758e-01 8.0167438e-01
-1.8108108e+01 7.0612120e-01 7.5155524e-01 7.9701868e-01
-1.8093093e+01 7.0155006e-01 7.4689588e-01 7.9232983e-01
-1.8078078e+01 6.9704700e-01 7.4220285e-01 7.8755709e-01
-1.8063063e+01 6.9239788e-01 7.3732247e-01 7.8269571e-01
-1.8048048e+01 6.8760225e-01 7.3254115e-01 7.7780713e-01
-1.8033033e+01 6.8285416e-01 7.2771707e-01 7.7299427e-01
-1.8018018e+01 6.7812540e-01 7.2299060e-01 7.6802681e-01
-1.8003003e+01 6.7332983e-01 7.1812629e-01 7.6305984e-01
-1.7987988e+01 6.6860837e-01 7.1338737e-01 7.5799542e-01
-1.7972973e+01 6.6384423e-01 7.0846147e-01 7.5295441e-01
-1.7957958e+01 6.5893582e-01 7.0347183e-01 7.4803157e-01
-1.7942943e+01 6.5420353e-01 6.9857321e-01 7.4293486e-01
-1.7927928e+01 6.4946933e-01 6.9354982e-01 7.3780577e-01
-1.7912913e+01 6.4454478e-01 6.8853293e-01 7.3259389e-01
-1.7897898e+01 6.3968455e-01 6.8343780e-01 7.2738266e-01
-1.7882883e+01 6.3470380e-01 6.7842087e-01 7.2218353e-01
-1.7867868e+01 6.2961979e-01 6.7331265e-01 7.1698826e-01
-1.7852853e+01 6.2452195e-01 6.6810476e-01 7.1176082e-01
-1.7837838e+01 6.1948112e-01 6.6302649e-01 7.0652913e-01
-1.7822823e+01 6.1441706e-01 6.5783380e-01 7.0122987e-01
-1.7807808e+01 6.0920595e-01 6.5264029e-01 6.9597542e-01
-1.7792793e+01 6.0420416e-01 6.4744353e-01 6.9065805e-01
-1.7777778e+01 5.9916147e-01 6.4221423e-01 6.8526906e-01
-1.7762763e+01 5.9414809e-01 6.3712541e-01 6.7995596e-01
-1.7747748e+01 5.8914115e-01 6.3187632e-01 6.7450825e-01
-1.7732733e+01 5.8406669e-01 6.2656606e-01 6.6905460e-01
-1.7717718e+01 5.7889382e-01 6.2137228e-01 6.6362091e-01
-1.7702703e+01 5.7388089e-01 6.1605605e-01 6.5827948e-01
-1.7687688e+01 5.6880208e-01 6.1082921e-01 6.5296583e-01
-1.7672673e+01 5.6370115e-01 6.0561609e-01 6.4755673e-01
-1.7657658e+01 5.5863077e-01 6.0042187e-01 6.4225834e-01
-1.7642643e+01 5.5353280e-01 5.9515922e-01 6.3687421e-01
-1.7627628e+01 5.4846823e-01 5.8988479e-01 6.3139228e-01
-1.7612613e+01 5.4331408e-01 5.8469655e-01 6.2596778e-01
-1.7597598e+01 5.3827308e-01 5.7948902e-01 6.2061759e-01
-1.7582583e+01 5.3329092e-01 5.7422651e-01 6.1523184e-01
-1.7567568e+01 5.2821607e-01 5.6897544e-01 6.0984797e-01
-1.7552553e+01 5.2320227e-01 5.6380037e-01 6.0456797e-01
-1.7537538e+01 5.1824876e-01 5.5866508e-01 5.9926711e-01
-1.7522523e+01 5.1316301e-01 5.5343041e-01 5.9397974e-01
-1.7507508e+01 5.0823294e-01 5.4820951e-01 5.8860591e-01
-1.7492492e+01 5.0329836e-01 5.4304105e-01 5.8320256e-01
-1.7477477e+01 4.9828065e-01 5.3794160e-01 5.7793156e-01
-1.7462462e+01 4.9333745e-01 5.3285512e-01 5.7266946e-01
-1.7447447e+01 4.8832383e-01 5.2768804e-01 5.6741657e-01
-1.7432432e+01 4.8339573e-01 5.2265379e-01 5.6229899e-01
-1.7417417e+01 4.7855068e-01 5.1754363e-01 5.5701993e-01
-1.7402402e+01 4.7375924e-01 5.1253215e-01 5.5184965e-01
-1.7387387e+01 4.6897757e-01 5.0743845e-01 5.4664328e-01
-1.7372372e+01 4.6424261e-01 5.0248511e-01 5.4153274e-01
-1.7357357e+01 4.5942032e-01 4.9749716e-01 5.3639434e-01
-1.7342342e+01 4.5470416e-01 4.9251264e-01 5.3134854e-01
-1.7327327e+01 4.4996302e-01 4.8766222e-01 5.2634355e-01
-1.7312312e+01 4.4534227e-01 4.8284360e-01 5.2135293e-01
-1.7297297e+01 4.4065874e-01 4.7794577e-01 5.1635200e-01
-1.7282282e+01 4.3614459e-01 4.7310002e-01 5.1128282e-01
-1.7267267e+01 4.3155602e-01 4.6840364e-01 5.0629436e-01
-1.7252252e+01 4.2699233e-01 4.6366152e-01 5.0136093e-01
-1.7237237e+01 4.2248908e-01 4.5890521e-01 4.9645451e-01
-1.7222222e+01 4.1801168e-01 4.5420050e-01 4.9158504e-01
-1.7207207e+01 4.1348952e-01 4.4950138e-01 4.8689735e-01
-1.7192192e+01 4.0909937e-01 4.4489930e-01 4.8203072e-01
-1.7177177e+01 4.0473130e-01 4.4037607e-01 4.7728637e-01
-1.7162162e+01 4.0031231e-01 4.3589631e-01 4.7261177e-01
-1.7147147e+01 3.9598580e-01 4.3147075e-01 4.6782710e-01
-1.7132132e+01 3.9157776e-01 4.2700981e-01 4.6319902e-01
-1.7117117e+01 3.8731424e-01 4.2255050e-01 4.5866095e-01
-1.7102102e+01 3.8306033e-01 4.1819686e-01 4.5413010e-01
-1.7087087e+01 3.7883372e-01 4.1393388e-01 4.4963348e-01
-1.7072072e+01 3.7473521e-01 4.0969803e-01 4.4521330e-01
-1.7057057e+01 3.7055534e-01 4.0534959e-01 4.4081967e-01
-1.7042042e+01 3.6643892e-01 4.0114821e-01 4.3650027e-01
-1.7027027e+01 3.6248971e-01 3.9699574e-01 4.3223984e-01
-1.7012012e+01 3.5850606e-01 3.9280886e-01 4.2804802e-01
-1.6996997e+01 3.5464557e-01 3.8875463e-01 4.2390708e-01
-1.6981982e+01 3.5072612e-01 3.8474495e-01 4.1979875e-01
-1.6966967e+01 3.4689469e-01 3.8072374e-01 4.1571646e-01
-1.6951952e+01 3.4304732e-01 3.7681701e-01 4.1159389e-01
-1.6936937e+01 3.3939841e-01 3.7287960e-01 4.0752617e-01
-1.6921922e+01 3.3570130e-01 3.6905110e-01 4.0357916e-01
-1.6906907e+01 3.3204406e-01 3.6525456e-01 3.9962875e-01
-1.6891892e+01 3.2841438e-01 3.6157603e-01 3.9581668e-01
-1.6876877e+01 3.2478586e-01 3.5787005e-01 3.9190838e-01
-1.6861862e+01 3.2139895e-01 3.5428053e-01 3.8813467e-01
-1.6846847e+01 3.1795709e-01 3.5066338e-01 3.8444290e-01
-1.6831832e+01 3.1447106e-01 3.4711250e-01 3.8077811e-01
-1.6816817e+01 3.1106615e-01 3.4359994e-01 3.7715236e-01
-1.6801802e+01 3.0763976e-01 3.4012146e-01 3.7362657e-01
-1.6786787e+01 3.0433861e-01 3.3673025e-01 3.7008601e-01
-1.6771772e+01 3.0112424e-01 3.3334183e-01 3.6664076e-01
-1.6756757e+01 2.9805648e-01 3.3001902e-01 3.6316183e-01
-1.6741742e+01 2.9491179e-01 3.2678322e-01 3.5977458e-01
-1.6726727e+01 2.9186187e-01 3.2360145e-01 3.5643062e-01
-1.6711712e+01 2.8886356e-01 3.2043387e-01 3.5308869e-01
-1.6696697e+01 2.8578174e-01 3.1735031e-01 3.4994477e-01
-1.6681682e+01 2.8286223e-01 3.1429920e-01 3.4680058e-01
-1.6666667e+01 2.7997619e-01 3.1129718e-01 3.4370434e-01
-1.6651652e+01 2.7717318e-01 3.0834596e-01 3.4056845e-01
-1.6636637e+01 2.7442037e-01 3.0546501e-01 3.3749484e-01
-1.6621622e+01 2.7178210e-01 3.0262573e-01 3.3446083e-01
-1.6606607e+01 2.6912817e-01 2.9980079e-01 3.3156873e-01
-1.6591592e+01 2.6650383e-01 2.9706872e-01 3.2869186e-01
-1.6576577e+01 2.6395848e-01 2.9431587e-01 3.2585505e-01
-1.6561562e+01 2.6147989e-01 2.9174694e-01 3.2306739e-01
-1.6546547e+01 2.5900087e-01 2.8920848e-01 3.2025939e-01
-1.6531532e+01 2.5673706e-01 2.8671464e-01 3.1758003e-01
-1.6516517e+01 2.5439145e-01 2.8417685e-01 3.1497211e-01
-1.6501502e+01 2.5214316e-01 2.8179189e-01 3.1243259e-01
-1.6486486e+01 2.4992931e-01 2.7941127e-01 3.1003512e-01
-1.6471471e+01 2.4775136e-01 2.7712423e-01 3.0754914e-01
-1.6456456e+01 2.4556118e-01 2.7485460e-01 3.0516237e-01
-1.6441441e+01 2.4351838e-01 2.7267344e-01 3.0283073e-01
-1.6426426e+01 2.4152554e-01 2.7054324e-01 3.0067134e-01
-1.6411411e+01 2.3962327e-01 2.6842084e-01 2.9843907e-01
-1.6396396e+01 2.3774386e-01 2.6637512e-01 2.9632188e-01
-1.6381381e+01 2.3584790e-01 2.6435535e-01 2.9418048e-01
-1.6366366e+01 2.3402896e-01 2.6246773e-01 2.9206855e-01
-1.6351351e+01 2.3233573e-01 2.6055639e-01 2.9008520e-01
-1.6336336e+01 2.3063756e-01 2.5873358e-01 2.8813650e-01
-1.6321321e+01 2.2889263e-01 2.5688357e-01 2.8627452e-01
-1.6306306e+01 2.2729199e-01 2.5512262e-01 2.8444615e-01
-1.6291291e+01 2.2577895e-01 2.5349036e-01 2.8267874e-01
-1.6276276e+01 2.2423435e-01 2.5181723e-01 2.8094248e-01
-1.6261261e+01 2.2272236e-01 2.5019954e-01 2.7929413e-01
-1.6246246e+01 2.2128808e-01 2.4871408e-01 2.7771636e-01
-1.6231231e+01 2.1998625e-01 2.4721454e-01 2.7614506e-01
-1.6216216e+01 2.1867903e-01 2.4577822e-01 2.7455876e-01
-1.6201201e+01 2.1741408e-01 2.4444326e-01 2.7310825e-01
-1.6186186e+01 2.1623827e-01 2.4313945e-01 2.7171279e-01
-1.6171171e+01 2.1502016e-01 2.4185438e-01 2.7038239e-01
-1.6156156e+01 2.1392757e-01 2.4071326e-01 2.6909566e-01
-1.6141141e+01 2.1286920e-01 2.3958501e-01 2.6783870e-01
-1.6126126e+01 2.1187541e-01 2.3847110e-01 2.6668404e-01
-1.6111111e+01 2.1090909e-01 2.3739854e-01 2.6552972e-01
-1.6096096e+01 2.0989665e-01 2.3635437e-01 2.6440948e-01
-1.6081081e+01 2.0890572e-01 2.3540293e-01 2.6339799e-01
-1.6066066e+01 2.0799890e-01 2.3447439e-01 2.6249650e-01
-1.6051051e+01 2.0711236e-01 2.3355808e-01 2.6153289e-01
-1.6036036e+01 2.0628245e-01 2.3271658e-01 2.6070792e-01
-1.6021021e+01 2.0546608e-01 2.3193115e-01 2.5990126e-01
-1.6006006e+01 2.0475894e-01 2.3115488e-01 2.5911010e-01
-1.5990991e+01 2.0402030e-01 2.3042279e-01 2.5835175e-01
-1.5975976e+01 2.0333169e-01 2.2977243e-01 2.5770055e-01
-1.5960961e+01 2.0263564e-01 2.2909833e-01 2.5704484e-01
-1.5945946e+01 2.0208469e-01 2.2856295e-01 2.5649795e-01
-1.5930931e+01 2.0148051e-01 2.2796864e-01 2.5602011e-01
-1.5915916e+01 2.0101881e-01 2.2741310e-01 2.5548866e-01
-1.5900901e+01 2.0047532e-01 2.2687440e-01 2.5497604e-01
-1.5885886e+01 1.9994950e-01 2.2645248e-01 2.5451011e-01
-1.5870871e+01 1.9951023e-01 2.2598630e-01 2.5418580e-01
-1.5855856e+01 1.9898945e-01 2.2555144e-01 2.5378612e-01
-1.5840841e+01 1.9859517e-01 2.2516725e-01 2.5346738e-01
-1.5825826e+01 1.9816040e-01 2.2477239e-01 2.5308502e-01
-1.5810811e+01 1.9778653e-01 2.2451106e-01 2.5285079e-01
-1.5795796e+01 1.9743505e-01 2.2414293e-01 2.5266258e-01
-1.5780781e+01 1.9699644e-01 2.2383329e-01 2.5247771e-01
-1.5765766e+01 1.9663812e-01 2.2355066e-01 2.5225964e-01
-1.5750751e+01 1.9631891e-01 2.2333201e-01 2.5208130e-01
-1.5735736e+01 1.9597965e-01 2.2314725e-01 2.5197914e-01
-1.5720721e+01 1.9566228e-01 2.2294918e-01 2.5182864e-01
-1.5705706e+01 1.9538119e-01 2.2268614e-01 2.5172316e-01
-1.5690691e+01 1.9511831e-01 2.2251279e-01 2.5166437e-01
-1.5675676e+01 1.9485263e-01 2.2229394e-01 2.5152682e-01
-1.5660661e+01 1.9460680e-01 2.2210953e-01 2.5146164e-01
-1.5645646e+01 1.9429507e-01 2.2193631e-01 2.5131219e-01
-1.5630631e+01 1.9405497e-01 2.2178067e-01 2.5119834e-01
-1.5615616e+01 1.9379151e-01 2.2158382e-01 2.5112530e-01
-1.5600601e+01 1.9354827e-01 2.2141016e-01 2.5104665e-01
-1.5585586e+01 1.9328275e-01 2.2120074e-01 2.5096913e-01
-1.5570571e+01 1.9306904e-01 2.2097901e-01 2.5082742e-01
-1.5555556e+01 1.9283084e-01 2.2082833e-01 2.5073503e-01
-1.5540541e+01 1.9263305e-01 2.2071651e-01 2.5064829e-01
-1.5525526e+01 1.9244219e-01 2.2054181e-01 2.5041347e-01
-1.5510511e+01 1.9217042e-01 2.2037648e-01 2.5026928e-01
-1.5495495e+01 1.9193476e-01 2.2019223e-01 2.5013049e-01
-1.5480480e+01 1.9172783e-01 2.1995117e-01 2.4999552e-01
-1.5465465e+01 1.9153681e-01 2.1973267e-01 2.4987672e-01
-1.5450450e+01 1.9127951e-01 2.1951372e-01 2.4973544e-01
-1.5435435e+01 1.9106859e-01 2.1930498e-01 2.4953992e-01
-1.5420420e+01 1.9076539e-01 2.1907489e-01 2.4932969e-01
-1.5405405e+01 1.9039680e-01 2.1879758e-01 2.4906519e-01
-1.5390390e+01 1.9004668e-01 2.1860455e-01 2.4884347e-01
-1.5375375e+01 1.8973874e-01 2.1830136e-01 2.4854917e-01
-1.5360360e+01 1.8941954e-01 2.1800096e-01 2.4828707e-01
-1.5345345e+01 1.8903764e-01 2.1765092e-01 2.4796433e-01
-1.5330330e+01 1.8863047e-01 2.1728812e-01 2.4761902e-01
-1.5315315e+01 1.8820486e-01 2.1695789e-01 2.4722200e-01
-1.5300300e+01 1.8779713e-01 2.1659929e-01 2.4677858e-01
-1.5285285e+01 1.8740484e-01 2.1621653e-01 2.4644051e-01
-1.5270270e+01 1.8702626e-01 2.1575063e-01 2.4596910e-01
-1.5255255e+01 1.8658841e-01 2.1529350e-01 2.4546188e-01
-1.5240240e+01 1.8605499e-01 2.1477279e-01 2.4489183e-01
-1.5225225e+01 1.8552656e-01 2.1426834e-01 2.4435619e-01
-1.5210210e+01 1.8502816e-01 2.1375035e-01 2.4373100e-01
-1.5195195e+01 1.8447317e-01 2.1319585e-01 2.4309808e-01
-1.5180180e+01 1.8384592e-01 2.1254808e-01 2.4249616e-01
-1.5165165e+01 1.8323621e-01 2.1195634e-01 2.4181842e-01
-1.5150150e+01 1.8262731e-01 2.1130404e-01 2.4112159e-01
-1.5135135e+01 1.8193761e-01 2.1058093e-01 2.4037617e-01
-1.5120120e+01 1.8124805e-01 2.0980821e-01 2.3960840e-01
-1.5105105e+01 1.8054583e-01 2.0902591e-01 2.3880718e-01
-1.5090090e+01 1.7979447e-01 2.0821420e-01 2.3791662e-01
-1.5075075e+01 1.7898924e-01 2.0740262e-01 2.3692635e-01
-1.5060060e+01 1.7822283e-01 2.0654004e-01 2.3599168e-01
-1.5045045e+01 1.7737328e-01 2.0566088e-01 2.3505394e-01
-1.5030030e+01 1.7653194e-01 2.0470979e-01 2.3404904e-01
-1.5015015e+01 1.7569571e-01 2.0380707e-01 2.3304505e-01
-1.5000000e+01 1.7478861e-01 2.0282923e-01 2.3197779e-01
-1.4984985e+01 1.7382439e-01 2.0177927e-01 2.3091596e-01
-1.4969970e+01 1.7287133e-01 2.0062594e-01 2.2983086e-01
-1.4954955e+01 1.7191397e-01 1.9953060e-01 2.2866198e-01
-1.4939940e+01 1.7085550e-01 1.9839748e-01 2.2746283e-01
-1.4924925e+01 1.6979801e-01 1.9724193e-01 2.2632028e-01
-1.4909910e+01 1.6871791e-01 1.9607551e-01 2.2495555e-01
-1.4894895e+01 1.6760904e-01 1.9489985e-01 2.2376797e-01
-1.4879880e+01 1.6650542e-01 1.9367616e-01 2.2252285e-01
-1.4864865e+01 1.6538288e-01 1.9240537e-01 2.2112730e-01
-1.4849850e+01 1.6418216e-01 1.9113352e-01 2.1971990e-01
-1.4834835e+01 1.6305294e-01 1.8988989e-01 2.1830903e-01
-1.4819820e+01 1.6178111e-01 1.8858019e-01 2.1688472e-01
-1.4804805e+01 1.6051501e-01 1.8725719e-01 2.1534383e-01
-1.4789790e+01 1.5921923e-01 1.8589963e-01 2.1385487e-01
-1.4774775e+01 1.5796324e-01 1.8453407e-01 2.1232784e-01
-1.4759760e+01 1.5664197e-01 1.8307010e-01 2.1084812e-01
-1.4744745e+01 1.5526904e-01 1.8162807e-01 2.0929888e-01
-1.4729730e+01 1.5391438e-01 1.8015559e-01 2.0778118e-01
-1.4714715e+01 1.5254114e-01 1.7859915e-01 2.0617608e-01
-1.4699700e+01 1.5110707e-01 1.7707639e-01 2.0455085e-01
-1.4684685e+01 1.4963492e-01 1.7555942e-01 2.0282586e-01
-1.4669670e+01 1.4827037e-01 1.7403013e-01 2.0111897e-01
-1.4654655e+01 1.4681236e-01 1.7246681e-01 1.9942222e-01
-1.4639640e+01 1.4534368e-01 1.7084589e-01 1.9766930e-01
-1.4624625e+01 1.4390065e-01 1.6923886e-01 1.9590677e-01
-1.4609610e+01 1.4238546e-01 1.6758215e-01 1.9420916e-01
-1.4594595e+01 1.4090387e-01 1.6591973e-01 1.9243776e-01
-1.4579580e+01 1.3937036e-01 1.6425039e-01 1.9067036e-01
-1.4564565e+01 1.3783278e-01 1.6256690e-01 1.8881223e-01
-1.4549550e+01 1.3623513e-01 1.6089485e-01 1.8701422e-01
-1.4534535e+01 1.3465895e-01 1.5923505e-01 1.8515244e-01
-1.4519520e+01 1.3312925e-01 1.5749463e-01 1.8328869e-01
-1.4504505e+01 1.3155167e-01 1.5571204e-01 1.8141501e-01
-1.4489489e+01 1.2996579e-01 1.5396782e-01 1.7949671e-01
-1.4474474e+01 1.2837536e-01 1.5223460e-01 1.7764699e-01
-1.4459459e+01 1.2674937e-01 1.5050822e-01 1.7577618e-01
-1.4444444e+01 1.2515639e-01 1.4876817e-01 1.7394942e-01
-1.4429429e+01 1.2354153e-01 1.4698462e-01 1.7203058e-01
-1.4414414e+01 1.2199737e-01 1.4517036e-01 1.7010794e-01
-1.4399399e+01 1.2040153e-01 1.4338498e-01 1.6812513e-01
-1.4384384e+01 1.1884479e-01 1.4154442e-01 1.6612501e-01
-1.4369369e+01 1.1722593e-01 1.3974947e-01 1.6411355e-01
-1.4354354e+01 1.1559738e-01 1.3796307e-01 1.6215524e-01
-1.4339339e+01 1.1398467e-01 1.3618366e-01 1.6018914e-01
-1.4324324e+01 1.1235345e-01 1.3433468e-01 1.5824848e-01
-1.4309309e+01 1.1077366e-01 1.3253886e-01 1.5630498e-01
-1.4294294e+01 1.0915214e-01 1.3075081e-01 1.5434081e-01
-1.4279279e+01 1.0757547e-01 1.2898278e-01 1.5236021e-01
-1.4264264e+01 1.0591836e-01 1.2717974e-01 1.5037677e-01
-1.4249249e+01 1.0432199e-01 1.2537223e-01 1.4842255e-01
-1.4234234e+01 1.0275566e-01 1.2359935e-01 1.4646925e-01
-1.4219219e+01 1.0106194e-01 1.2176240e-01 1.4456169e-01
-1.4204204e+01 9.9492582e-02 1.1997708e-01 1.4257813e-01
-1.4189189e+01 9.7912993e-02 1.1825138e-01 1.4059150e-01
-1.4174174e+01 9.6332102e-02 1.1649329e-01 1.3863075e-01
-1.4159159e+01 9.4802027e-02 1.1470639e-01 1.3664797e-01
-1.4144144e+01 9.3235559e-02 1.1295177e-01 1.3468782e-01
-1.4129129e+01 9.1652577e-02 1.1118673e-01 1.3274552e-01
-1.4114114e+01 9.0054615e-02 1.0945730e-01 1.3081075e-01
-1.4099099e+01 8.8522193e-02 1.0772954e-01 1.2886111e-01
-1.4084084e+01 8.7032991e-02 1.0601337e-01 1.2698033e-01
-1.4069069e+01 8.5497833e-02 1.0428848e-01 1.2507392e-01
-1.4054054e+01 8.3985535e-02 1.0258203e-01 1.2319761e-01
-1.4039039e+01 8.2485140e-02 1.0090507e-01 1.2134014e-01
-1.4024024e+01 8.1021642e-02 9.9195048e-02 1.1950403e-01
-1.4009009e+01 7.9526680e-02 9.7526346e-02 1.1764768e-01
-1.3993994e+01 7.8043023e-02 9.5882720e-02 1.1578517e-01
-1.3978979e+01 7.6536809e-02 9.4247764e-02 1.1393727e-01
-1.3963964e+01 7.5066838e-02 9.2590786e-02 1.1213792e-01
-1.3948949e+01 7.3638625e-02 9.0924490e-02 1.1032779e-01
-1.3933934e+01 7.2164332e-02 8.9342614e-02 1.0852589e-01
-1.3918919e+01 7.0731237e-02 8.7755917e-02 1.0678842e-01
-1.3903904e+01 6.9301812e-02 8.6170519e-02 1.0503074e-01
-1.3888889e+01 6.7875547e-02 8.4590331e-02 1.0328349e-01
-1.3873874e+01 6.6488674e-02 8.3063400e-02 1.0150906e-01
-1.3858859e+01 6.5126490e-02 8.1552357e-02 9.9780682e-02
-1.3843844e+01 6.3783356e-02 8.0047571e-02 9.8103269e-02
-1.3828829e+01 6.2455441e-02 7.8523154e-02 9.6449102e-02
-1.3813814e+01 6.1107330e-02 7.7046397e-02 9.4769736e-02
-1.3798799e+01 5.9830284e-02 7.5600453e-02 9.3061885e-02
-1.3783784e+01 5.8565817e-02 7.4150029e-02 9.1402034e-02
-1.3768769e+01 5.7301237e-02 7.2714045e-02 8.9767770e-02
-1.3753754e+01 5.6023615e-02 7.1311852e-02 8.8168079e-02
-1.3738739e+01 5.4781453e-02 6.9921129e-02 8.6595514e-02
-1.3723724e+01 5.3570470e-02 6.8524052e-02 8.5062839e-02
-1.3708709e+01 5.2361521e-02 6.7181952e-02 8.3526977e-02
-1.3693694e+01 5.1150114e-02 6.5842979e-02 8.1981917e-02
-1.3678679e+01 4.9944446e-02 6.4534615e-02 8.0466028e-02
-1.3663664e+01 4.8789431e-02 6.3217624e-02 7.8954694e-02
-1.3648649e+01 4.7646504e-02 6.1914388e-02 7.7523779e-02
-1.3633634e+01 4.6513581e-02 6.0639331e-02 7.6045377e-02
-1.3618619e+01 4.5425950e-02 5.9375632e-02 7.4651762e-02
-1.3603604e+01 4.4322626e-02 5.8127381e-02 7.3230983e-02
-1.3588589e+01 4.3265358e-02 5.6892040e-02 7.1820268e-02
-1.3573574e+01 4.2215661e-02 5.5691656e-02 7.0445463e-02
-1.3558559e+01 4.1162217e-02 5.4504697e-02 6.9100438e-02
-1.3543544e+01 4.0112423e-02 5.3336353e-02 6.7758478e-02
-1.3528529e+01 3.9116537e-02 5.2186964e-02 6.6431441e-02
-1.3513514e+01 3.8129913e-02 5.1030223e-02 6.5159937e-02
-1.3498498e+01 3.7162819e-02 4.9898723e-02 6.3842157e-02
-1.3483483e+01 3.6205846e-02 4.8806454e-02 6.2588255e-02
-1.3468468e+01 3.5267347e-02 4.7681362e-02 6.1374017e-02
-1.3453453e+01 3.4331779e-02 4.6575524e-02 6.0125787e-02
-1.3438438e+01 3.3418809e-02 4.5520557e-02 5.8954194e-02
-1.3423423e+01 3.2521126e-02 4.4497274e-02 5.7744263e-02
-1.3408408e+01 3.1658604e-02 4.3467804e-02 5.6557959e-02
-1.3393393e+01 3.0798689e-02 4.2458512e-02 5.5389863e-02
-1.3378378e+01 2.9949559e-02 4.1459667e-02 5.4239785e-02
-1.3363363e+01 2.9114912e-02 4.0469931e-02 5.3103445e-02
-1.3348348e+01 2.8296159e-02 3.9509682e-02 5.1987860e-02
-1.3333333e+01 2.7508610e-02 3.8571323e-02 5.0935013e-02
-1.3318318e+01 2.6766264e-02 3.7646417e-02 4.9903286e-02
-1.3303303e+01 2.5997856e-02 3.6726165e-02 4.8831646e-02
-1.3288288e+01 2.5246322e-02 3.5821583e-02 4.7777143e-02
-1.3273273e+01 2.4498620e-02 3.4932063e-02 4.6749194e-02
-1.3258258e+01 2.3776445e-02 3.4084018e-02 4.5754456e-02
-1.3243243e+01 2.3054764e-02 3.3221833e-02 4.4755157e-02
-1.3228228e+01 2.2369187e-02 3.2363350e-02 4.3785250e-02
-1.3213213e+01 2.1697930e-02 3.1531535e-02 4.2803241e-02
-1.3198198e+01 2.1050579e-02 3.0721117e-02 4.1871660e-02
-1.3183183e+01 2.0439836e-02 2.9955991e-02 4.0946818e-02
-1.3168168e+01 1.9813525e-02 2.9181684e-02 4.0030608e-02
-1.3153153e+01 1.9182198e-02 2.8437912e-02 3.9137204e-02
-1.3138138e+01 1.8585171e-02 2.7686910e-02 3.8224380e-02
-1.3123123e+01 1.7990817e-02 2.6954322e-02 3.7358296e-02
-1.3108108e+01 1.7416682e-02 2.6245116e-02 3.6505790e-02
-1.3093093e+01 1.6870723e-02 2.5538790e-02 3.5669563e-02
-1.3078078e+01 1.6344296e-02 2.4842164e-02 3.4839297e-02
-1.3063063e+01 1.5814471e-02 2.4154006e-02 3.4013167e-02
-1.3048048e+01 1.5297345e-02 2.3492298e-02 3.3221353e-02
-1.3033033e+01 1.4776132e-02 2.2823504e-02 3.2392761e-02
-1.3018018e+01 1.4268894e-02 2.2204276e-02 3.1612433e-02
-1.3003003e+01 1.3800888e-02 2.1567971e-02 3.0850527e-02
-1.2987988e+01 1.3330123e-02 2.0955589e-02 3.0136355e-02
-1.2972973e+01 1.2881856e-02 2.0353822e-02 2.9398933e-02
-1.2957958e+01 1.2429952e-02 1.9767966e-02 2.8701128e-02
-1.2942943e+01 1.1993172e-02 1.9188289e-02 2.8008968e-02
-1.2927928e+01 1.1577281e-02 1.8631320e-02 2.7305847e-02
-1.2912913e+01 1.1152649e-02 1.8079452e-02 2.6633117e-02
-1.2897898e+01 1.0747696e-02 1.7541499e-02 2.5961481e-02
-1.2882883e+01 1.0368405e-02 1.7014248e-02 2.5330032e-02
-1.2867868e+01 9.9958763e-03 1.6501066e-02 2.4691176e-02
-1.2852853e+01 9.6345403e-03 1.6008398e-02 2.4065406e-02
-1.2837838e+01 9.2688034e-03 1.5516481e-02 2.3448929e-02
-1.2822823e+01 8.9337342e-03 1.5036235e-02 2.2850479e-02
-1.2807808e+01 8.6021941e-03 1.4556811e-02 2.2262860e-02
-1.2792793e+01 8.2821557e-03 1.4094038e-02 2.1694657e-02
-1.2777778e+01 7.9690583e-03 1.3643217e-02 2.1110100e-02
-1.2762763e+01 7.6632665e-03 1.3215504e-02 2.0571287e-02
-1.2747748e+01 7.3725542e-03 1.2800448e-02 2.0029369e-02
-1.2732733e+01 7.0857545e-03 1.2382917e-02 1.9523710e-02
-1.2717718e+01 6.8186529e-03 1.1981074e-02 1.9008972e-02
-1.2702703e+01 6.5514388e-03 1.1597745e-02 1.8506178e-02
-1.2687688e+01 6.2937292e-03 1.1218976e-02 1.8024588e-02
-1.2672673e+01 6.0374576e-03 1.0836573e-02 1.7541088e-02
-1.2657658e+01 5.7849204e-03 1.0482041e-02 1.7064757e-02
-1.2642643e+01 5.5518777e-03 1.0125553e-02 1.6617272e-02
-1.2627628e+01 5.3225196e-03 9.7854738e-03 1.6181689e-02
-1.2612613e+01 5.0993860e-03 9.4560559e-03 1.5746038e-02
-1.2597598e+01 4.8905219e-03 9.1298954e-03 1.5308482e-02
-1.2582583e+01 4.6862144e-03 8.8167928e-03 1.4892144e-02
-1.2567568e+01 4.4865172e-03 8.5144987e-03 1.4498180e-02
-1.2552553e+01 4.2901359e-03 8.2230114e-03 1.4105974e-02
-1.2537538e+01 4.0996584e-03 7.9347197e-03 1.3737472e-02
-1.2522523e+01 3.9209864e-03 7.6570834e-03 1.3358777e-02
-1.2507508e+01 3.7462538e-03 7.3865680e-03 1.3001408e-02
-1.2492492e+01 3.5794341e-03 7.1226893e-03 1.2651776e-02
-1.2477477e+01 3.4202761e-03 6.8700067e-03 1.2310581e-02
-1.2462462e+01 3.2651827e-03 6.6218629e-03 1.1974871e-02
-1.2447447e+01 3.1133200e-03 6.3697579e-03 1.1643134e-02
-1.2432432e+01 2.9706950e-03 6.1353127e-03 1.1309740e-02
-1.2417417e+01 2.8329803e-03 5.9020464e-03 1.1000640e-02
-1.2402402e+01 2.7047549e-03 5.6764698e-03 1.0697758e-02
-1.2387387e+01 2.5797400e-03 5.4567208e-03 1.0400290e-02
-1.2372372e+01 2.4576192e-03 5.2487889e-03 1.0136078e-02
-1.2357357e+01 2.3378825e-03 5.0490516e-03 9.8621260e-03
-1.2342342e+01 2.2238021e-03 4.8513111e-03 9.6104851e-03
-1.2327327e+01 2.1183287e-03 4.6599313e-03 9.3596274e-03
-1.2312312e+01 2.0159667e-03 4.4733427e-03 9.1218673e-03
-1.2297297e+01 1.9174676e-03 4.2962258e-03 8.8925696e-03
-1.2282282e+01 1.8214674e-03 4.1328721e-03 8.6611508e-03
-1.2267267e+01 1.7302685e-03 3.9632611e-03 8.4412409e-03
-1.2252252e+01 1.6411170e-03 3.7995728e-03 8.2325594e-03
-1.2237237e+01 1.5574537e-03 3.6409314e-03 8.0351995e-03
-1.2222222e+01 1.4773877e-03 3.4929361e-03 7.8519420e-03
-1.2207207e+01 1.4026524e-03 3.3510421e-03 7.6784688e-03
-1.2192192e+01 1.3312852e-03 3.2113744e-03 7.5012095e-03
-1.2177177e+01 1.2601855e-03 3.0796912e-03 7.3268456e-03
-1.2162162e+01 1.1931185e-03 2.9534766e-03 7.1631136e-03
-1.2147147e+01 1.1307226e-03 2.8293588e-03 7.0094541e-03
-1.2132132e+01 1.0713254e-03 2.7062019e-03 6.8781553e-03
-1.2117117e+01 1.0149041e-03 2.5853071e-03 6.7454041e-03
-1.2102102e+01 9.5977039e-04 2.4728240e-03 6.6279430e-03
-1.2087087e+01 9.0805815e-04 2.3645453e-03 6.5337189e-03
-1.2072072e+01 8.5703535e-04 2.2588819e-03 6.4327333e-03
-1.2057057e+01 8.1046144e-04 2.1574792e-03 6.3256752e-03
-1.2042042e+01 7.6735069e-04 2.0628284e-03 6.2233933e-03
-1.2027027e+01 7.2515363e-04 1.9701563e-03 6.1336915e-03
-1.2012012e+01 6.8329465e-04 1.8799619e-03 6.0731310e-03
-1.1996997e+01 6.4331568e-04 1.7920475e-03 5.9977723e-03
-1.1981982e+01 6.0734277e-04 1.7090401e-03 5.9333297e-03
-1.1966967e+01 5.7157652e-04 1.6285653e-03 5.8617739e-03
-1.1951952e+01 5.3897363e-04 1.5534239e-03 5.7831050e-03
-1.1936937e+01 5.0717979e-04 1.4812354e-03 5.7027204e-03
-1.1921922e+01 4.7687163e-04 1.4129958e-03 5.6335223e-03
-1.1906907e+01 4.4867535e-04 1.3453378e-03 5.5753472e-03
-1.1891892e+01 4.2092213e-04 1.2811119e-03 5.5183509e-03
-1.1876877e+01 3.9497273e-04 1.2205208e-03 5.4598967e-03
-1.1861862e+01 3.6958764e-04 1.1622326e-03 5.4241024e-03
-1.1846847e+01 3.4686654e-04 1.1047601e-03 5.3935774e-03
-1.1831832e+01 3.2556946e-04 1.0493595e-03 5.3476123e-03
-1.1816817e+01 3.0449215e-04 9.9815970e-04 5.3100112e-03
-1.1801802e+01 2.8525295e-04 9.4729321e-04 5.2727788e-03
-1.1786787e+01 2.6699956e-04 9.0377745e-04 5.2311147e-03
-1.1771772e+01 2.4989019e-04 8.5952710e-04 5.2034687e-03
-1.1756757e+01 2.3358543e-04 8.1856736e-04 5.1622539e-03
-1.1741742e+01 2.1865189e-04 7.7934150e-04 5.1348425e-03
-1.1726727e+01 2.0383206e-04 7.3939782e-04 5.1180177e-03
-1.1711712e+01 1.9062267e-04 7.0051306e-04 5.0814320e-03
-1.1696697e+01 1.7799757e-04 6.6403954e-04 5.0647174e-03
-1.1681682e+01 1.6605619e-04 6.2944141e-04 5.0334294e-03
-1.1666667e+01 1.5477470e-04 5.9750176e-04 5.0329520e-03
-1.1651652e+01 1.4407102e-04 5.6607227e-04 5.0245430e-03
-1.1636637e+01 1.3422946e-04 5.3553186e-04 5.0077594e-03
-1.1621622e+01 1.2492569e-04 5.0879003e-04 4.9956482e-03
-1.1606607e+01 1.1609640e-04 4.8303499e-04 4.9640709e-03
-1.1591592e+01 1.0788973e-04 4.5758306e-04 4.9543141e-03
-1.1576577e+01 1.0042536e-04 4.3190654e-04 4.9292107e-03
-1.1561562e+01 9.3184595e-05 4.0804939e-04 4.9281083e-03
-1.1546547e+01 8.6329897e-05 3.8618471e-04 4.9173100e-03
-1.1531532e+01 7.9966727e-05 3.6514201e-04 4.8985232e-03
-1.1516517e+01 7.4189262e-05 3.4456980e-04 4.8701933e-03
-1.1501502e+01 6.8849317e-05 3.2561075e-04 4.8667640e-03
-1.1486486e+01 6.3826479e-05 3.0682715e-04 4.8511146e-03
-1.1471471e+01 5.9130429e-05 2.8930090e-04 4.8391443e-03
-1.1456456e+01 5.4641585e-05 2.7309129e-04 4.8221178e-03
-1.1441441e+01 5.0667819e-05 2.5735043e-04 4.8080600e-03
-1.1426426e+01 4.6733873e-05 2.4356974e-04 4.7914787e-03
-1.1411411e+01 4.3171503e-05 2.2968854e-04 4.7804429e-03
-1.1396396e+01 3.9804217e-05 2.1733158e-04 4.7806003e-03
-1.1381381e+01 3.6745187e-05 2.0489214e-04 4.7747710e-03
-1.1366366e+01 3.3885624e-05 1.9281306e-04 4.7873157e-03
-1.1351351e+01 3.1215299e-05 1.8123057e-04 4.7808017e-03
-1.1336336e+01 2.8753982e-05 1.7072914e-04 4.7778848e-03
-1.1321321e+01 2.6505362e-05 1.6081717e-04 4.7682030e-03
-1.1306306e+01 2.4341711e-05 1.5111121e-04 4.7643966e-03
-1.1291291e+01 2.2384863e-05 1.4224757e-04 4.7615728e-03
-1.1276276e+01 2.0512055e-05 1.3381729e-04 4.7747120e-03
-1.1261261e+01 1.8881457e-05 1.2600953e-04 4.7825432e-03
-1.1246246e+01 1.7339468e-05 1.1803128e-04 4.7744562e-03
-1.1231231e+01 1.5891587e-05 1.1077402e-04 4.7735371e-03
-1.1216216e+01 1.4592010e-05 1.0389927e-04 4.7641405e-03
-1.1201201e+01 1.3353236e-05 9.7436591e-05 4.7672854e-03
-1.1186186e+01 1.2218272e-05 9.1459510e-05 4.7693323e-03
-1.1171171e+01 1.1183807e-05 8.6192063e-05 4.7724529e-03
-1.1156156e+01 1.0255441e-05 8.0926068e-05 4.7763843e-03
-1.1141141e+01 9.3832156e-06 7.5743035e-05 4.7792476e-03
-1.1126126e+01 8.5727783e-06 7.0801095e-05 4.7694800e-03
-1.1111111e+01 7.8237095e-06 6.6398817e-05 4.7683013e-03
-1.1096096e+01 7.1334753e-06 6.2173869e-05 4.7527275e-03
-1.1081081e+01 6.4993478e-06 5.7871073e-05 4.7558748e-03
-1.1066066e+01 5.9240673e-06 5.3948118e-05 4.7593634e-03
-1.1051051e+01 5.3954796e-06 5.0445990e-05 4.7635126e-03
-1.1036036e+01 4.9104444e-06 4.7043787e-05 4.7598705e-03
-1.1021021e+01 4.4754779e-06 4.4078055e-05 4.7500406e-03
-1.1006006e+01 4.0625327e-06 4.1014276e-05 4.7412930e-03
-1.0990991e+01 3.7010404e-06 3.8403977e-05 4.7351011e-03
-1.0975976e+01 3.3627589e-06 3.5921914e-05 4.7348705e-03
-1.0960961e+01 3.0560543e-06 3.3416776e-05 4.7207542e-03
-1.0945946e+01 2.7695182e-06 3.1264190e-05 4.7155804e-03
-1.0930931e+01 2.5108649e-06 2.9135181e-05 4.7125043e-03
-1.0915916e+01 2.2771796e-06 2.7215040e-05 4.7062540e-03
-1.0900901e+01 2.0596416e-06 2.5242472e-05 4.6979091e-03
-1.0885886e+01 1.8651371e-06 2.3438220e-05 4.6931076e-03
-1.0870871e+01 1.6851620e-06 2.1853735e-05 4.6909663e-03
-1.0855856e+01 1.5211960e-06 2.0222314e-05 4.6863289e-03
-1.0840841e+01 1.3754743e-06 1.8829160e-05 4.6595906e-03
-1.0825826e+01 1.2415349e-06 1.7541684e-05 4.6586709e-03
-1.0810811e+01 1.1195221e-06 1.6232567e-05 4.6449157e-03
-1.0795796e+01 1.0142176e-06 1.5120725e-05 4.6330786e-03
-1.0780781e+01 9.1327282e-07 1.3989249e-05 4.6203755e-03
-1.0765766e+01 8.2217301e-07 1.2929429e-05 4.6109823e-03
-1.0750751e+01 7.4025363e-07 1.2041157e-05 4.6074924e-03
-1.0735736e+01 6.6594602e-07 1.1088486e-05 4.5924073e-03
-1.0720721e+01 5.9817434e-07 1.0202669e-05 4.5790099e-03
-1.0705706e+01 5.3746836e-07 9.4107213e-06 4.5721412e-03
-1.0690691e+01 4.8295986e-07 8.7256436e-06 4.5426731e-03
-1.0675676e+01 4.3388174e-07 8.0652032e-06 4.5513650e-03
-1.0660661e+01 3.8851062e-07 7.4259901e-06 4.5443891e-03
-1.0645646e+01 3.4759871e-07 6.8967357e-06 4.5274711e-03
-1.0630631e+01 3.1193076e-07 6.3236818e-06 4.5255774e-03
-1.0615616e+01 2.7858320e-07 5.8160139e-06 4.5104662e-03
-1.0600601e+01 2.4901575e-07 5.3753458e-06 4.4884302e-03
-1.0585586e+01 2.2272565e-07 4.9578251e-06 4.4690712e-03
-1.0570571e+01 1.9920375e-07 4.5540805e-06 4.4465847e-03
-1.0555556e+01 1.7774140e-07 4.1937576e-06 4.4077473e-03
-1.0540541e+01 1.5867061e-07 3.8241298e-06 4.4100462e-03
-1.0525526e+01 1.4125506e-07 3.5201476e-06 4.3919860e-03
-1.0510511e+01 1.2609368e-07 3.2376080e-06 4.3692965e-03
-1.0495495e+01 1.1238657e-07 2.9681685e-06 4.3434977e-03
-1.0480480e+01 1.0021323e-07 2.7208755e-06 4.3393973e-03
-1.0465465e+01 8.9210277e-08 2.4987030e-06 4.3188064e-03
-1.0450450e+01 7.9341873e-08 2.2754799e-06 4.2888887e-03
-1.0435435e+01 7.0517619e-08 2.0756075e-06 4.2864416e-03
-1.0420420e+01 6.2574019e-08 1.8963290e-06 4.2623627e-03
-1.0405405e+01 5.5466329e-08 1.7323743e-06 4.2411589e-03
-1.0390390e+01 4.9283967e-08 1.5788292e-06 4.2123119e-03
-1.0375375e+01 4.3718356e-08 1.4329388e-06 4.1955922e-03
-1.0360360e+01 3.8810036e-08 1.3026410e-06 4.1745734e-03
-1.0345345e+01 3.4389185e-08 1.1868988e-06 4.1415398e-03
-1.0330330e+01 3.0410743e-08 1.0766692e-06 4.1218000e-03
-1.0315315e+01 2.6884863e-08 9.7335565e-07 4.0971737e-03
-1.0300300e+01 2.3770616e-08 8.7976927e-07 4.0678548e-03
-1.0285285e+01 2.1027325e-08 7.9867303e-07 4.0405042e-03
-1.0270270e+01 1.8603251e-08 7.2788690e-07 4.0083946e-03
-1.0255255e+01 1.6435793e-08 6.6004826e-07 3.9661131e-03
-1.0240240e+01 1.4499446e-08 5.9894582e-07 3.9273120e-03
-1.0225225e+01 1.2784993e-08 5.4804387e-07 3.8861874e-03
-1.0210210e+01 1.1248673e-08 4.9665267e-07 3.8571319e-03
-1.0195195e+01 9.9094665e-09 4.5044834e-07 3.8159885e-03
-1.0180180e+01 8.7090504e-09 4.1078627e-07 3.7889841e-03
-1.0165165e+01 7.6504578e-09 3.7335711e-07 3.7630160e-03
-1.0150150e+01 6.7451907e-09 3.3747796e-07 3.7450079e-03
-1.0135135e+01 5.9275509e-09 3.0560690e-07 3.7117685e-03
-1.0120120e+01 5.2082535e-09 2.7612888e-07 3.7069045e-03
-1.0105105e+01 4.5697038e-09 2.4698406e-07 3.6617210e-03
-1.0090090e+01 4.0061236e-09 2.2465814e-07 3.6315170e-03
-1.0075075e+01 3.5130531e-09 2.0210737e-07 3.5976324e-03
-1.0060060e+01 3.0787892e-09 1.8184276e-07 3.5600208e-03
-1.0045045e+01 2.6945973e-09 1.6308796e-07 3.5046279e-03
-1.0030030e+01 2.3579057e-09 1.4627990e-07 3.4618793e-03
-1.0015015e+01 2.0621061e-09 1.3065018e-07 3.4264788e-03
-1.0000000e+01 1.8048642e-09 1.1790393e-07 3.3791000e-03
