X KDE_INF KDE_MED KDE_SUP
5.0000000e+00 6.9348658e-05 9.3416046e-03 5.2381177e-02
5.0100100e+00 7.5895938e-05 9.7821948e-03 5.3548025e-02
5.0200200e+00 8.2714784e-05 1.0244412e-02 5.4712904e-02
5.0300300e+00 9.0296308e-05 1.0752718e-02 5.5986500e-02
5.0400400e+00 9.8468742e-05 1.1260703e-02 5.7160700e-02
5.0500501e+00 1.0739354e-04 1.1768171e-02 5.8341786e-02
5.0600601e+00 1.1719657e-04 1.2309101e-02 5.9657189e-02
5.0700701e+00 1.2737383e-04 1.2842600e-02 6.0729793e-02
5.0800801e+00 1.3862774e-04 1.3398767e-02 6.1752657e-02
5.0900901e+00 1.5064404e-04 1.3979644e-02 6.2910267e-02
5.1001001e+00 1.6395629e-04 1.4561765e-02 6.3896298e-02
5.1101101e+00 1.7854292e-04 1.5173490e-02 6.5053375e-02
5.1201201e+00 1.9412469e-04 1.5807454e-02 6.6178586e-02
5.1301301e+00 2.1061033e-04 1.6441210e-02 6.7192442e-02
5.1401401e+00 2.2877080e-04 1.7073163e-02 6.8199384e-02
5.1501502e+00 2.4744301e-04 1.7702846e-02 6.9136566e-02
5.1601602e+00 2.6742909e-04 1.8361430e-02 7.0053544e-02
5.1701702e+00 2.8930500e-04 1.9003423e-02 7.0832667e-02
5.1801802e+00 3.1272641e-04 1.9651044e-02 7.1741950e-02
5.1901902e+00 3.3949847e-04 2.0383360e-02 7.2541026e-02
5.2002002e+00 3.6619028e-04 2.1064139e-02 7.3444473e-02
5.2102102e+00 3.9638854e-04 2.1718450e-02 7.4239894e-02
5.2202202e+00 4.2760059e-04 2.2441105e-02 7.4899385e-02
5.2302302e+00 4.6105658e-04 2.3167594e-02 7.5606851e-02
5.2402402e+00 4.9754571e-04 2.3836025e-02 7.6251942e-02
5.2502503e+00 5.3742313e-04 2.4517792e-02 7.6768775e-02
5.2602603e+00 5.7975069e-04 2.5219546e-02 7.7414450e-02
5.2702703e+00 6.2550627e-04 2.5897291e-02 7.7978867e-02
5.2802803e+00 6.7371013e-04 2.6593777e-02 7.8480671e-02
5.2902903e+00 7.2590994e-04 2.7226524e-02 7.8864497e-02
5.3003003e+00 7.8115690e-04 2.7926391e-02 7.9371538e-02
5.3103103e+00 8.3956600e-04 2.8609682e-02 7.9927620e-02
5.3203203e+00 9.0355570e-04 2.9261649e-02 8.0379666e-02
5.3303303e+00 9.6953339e-04 2.9895015e-02 8.0728607e-02
5.3403403e+00 1.0422166e-03 3.0400339e-02 8.1003505e-02
5.3503504e+00 1.1188470e-03 3.0964624e-02 8.1258668e-02
5.3603604e+00 1.1973115e-03 3.1570504e-02 8.1510589e-02
5.3703704e+00 1.2805522e-03 3.2028878e-02 8.1958990e-02
5.3803804e+00 1.3762018e-03 3.2559746e-02 8.2496288e-02
5.3903904e+00 1.4744785e-03 3.3109870e-02 8.3036661e-02
5.4004004e+00 1.5768511e-03 3.3520092e-02 8.3775967e-02
5.4104104e+00 1.6818723e-03 3.3994565e-02 8.4542449e-02
5.4204204e+00 1.7970307e-03 3.4488974e-02 8.5199460e-02
5.4304304e+00 1.9154110e-03 3.4969708e-02 8.5946529e-02
5.4404404e+00 2.0446898e-03 3.5428691e-02 8.6785710e-02
5.4504505e+00 2.1804539e-03 3.5891545e-02 8.7640507e-02
5.4604605e+00 2.3236293e-03 3.6325128e-02 8.8419106e-02
5.4704705e+00 2.4641694e-03 3.6801287e-02 8.9248826e-02
5.4804805e+00 2.6199563e-03 3.7144770e-02 9.0157157e-02
5.4904905e+00 2.7822984e-03 3.7557603e-02 9.0896115e-02
5.5005005e+00 2.9581049e-03 3.7919413e-02 9.1562461e-02
5.5105105e+00 3.1374259e-03 3.8241406e-02 9.2283625e-02
5.5205205e+00 3.3261723e-03 3.8595621e-02 9.2975849e-02
5.5305305e+00 3.5266443e-03 3.8924003e-02 9.3582433e-02
5.5405405e+00 3.7427164e-03 3.9240541e-02 9.4157096e-02
5.5505506e+00 3.9552627e-03 3.9556758e-02 9.4947347e-02
5.5605606e+00 4.1784032e-03 3.9899918e-02 9.5429579e-02
5.5705706e+00 4.4044998e-03 4.0163620e-02 9.6325921e-02
5.5805806e+00 4.6566600e-03 4.0412181e-02 9.7182195e-02
5.5905906e+00 4.9194713e-03 4.0638335e-02 9.7864488e-02
5.6006006e+00 5.1774003e-03 4.0783443e-02 9.8416060e-02
5.6106106e+00 5.4401531e-03 4.1085829e-02 9.9162645e-02
5.6206206e+00 5.7250694e-03 4.1373406e-02 9.9963149e-02
5.6306306e+00 6.0227562e-03 4.1712083e-02 1.0074015e-01
5.6406406e+00 6.3214232e-03 4.2076611e-02 1.0135813e-01
5.6506507e+00 6.6144021e-03 4.2491421e-02 1.0177098e-01
5.6606607e+00 6.9451157e-03 4.2947770e-02 1.0245198e-01
5.6706707e+00 7.2951237e-03 4.3340755e-02 1.0292463e-01
5.6806807e+00 7.5873782e-03 4.3757607e-02 1.0361582e-01
5.6906907e+00 7.9109503e-03 4.4255930e-02 1.0403265e-01
5.7007007e+00 8.2689735e-03 4.4703153e-02 1.0453830e-01
5.7107107e+00 8.5911381e-03 4.5242649e-02 1.0523363e-01
5.7207207e+00 8.9460554e-03 4.5800282e-02 1.0586299e-01
5.7307307e+00 9.2902913e-03 4.6240573e-02 1.0648124e-01
5.7407407e+00 9.6371698e-03 4.6769150e-02 1.0702765e-01
5.7507508e+00 9.9590985e-03 4.7326223e-02 1.0766753e-01
5.7607608e+00 1.0306230e-02 4.7813085e-02 1.0821536e-01
5.7707708e+00 1.0584445e-02 4.8240068e-02 1.0884621e-01
5.7807808e+00 1.0922573e-02 4.8732007e-02 1.0936734e-01
5.7907908e+00 1.1195758e-02 4.9209887e-02 1.0999203e-01
5.8008008e+00 1.1543619e-02 4.9693524e-02 1.1035279e-01
5.8108108e+00 1.1782291e-02 5.0146411e-02 1.1095896e-01
5.8208208e+00 1.2070031e-02 5.0599177e-02 1.1147512e-01
5.8308308e+00 1.2470773e-02 5.1092130e-02 1.1214006e-01
5.8408408e+00 1.2810660e-02 5.1545570e-02 1.1251139e-01
5.8508509e+00 1.3201468e-02 5.1996876e-02 1.1308015e-01
5.8608609e+00 1.3498447e-02 5.2431681e-02 1.1353564e-01
5.8708709e+00 1.3915893e-02 5.2899841e-02 1.1396138e-01
5.8808809e+00 1.4283209e-02 5.3426191e-02 1.1457013e-01
5.8908909e+00 1.4602086e-02 5.3898655e-02 1.1507564e-01
5.9009009e+00 1.4943420e-02 5.4420244e-02 1.1553213e-01
5.9109109e+00 1.5294621e-02 5.4873560e-02 1.1601791e-01
5.9209209e+00 1.5652307e-02 5.5425884e-02 1.1668419e-01
5.9309309e+00 1.5940074e-02 5.5886865e-02 1.1728592e-01
5.9409409e+00 1.6293912e-02 5.6375223e-02 1.1779228e-01
5.9509510e+00 1.6673658e-02 5.6908886e-02 1.1816730e-01
5.9609610e+00 1.6971940e-02 5.7342036e-02 1.1881090e-01
5.9709710e+00 1.7377753e-02 5.7861942e-02 1.1957539e-01
5.9809810e+00 1.7701793e-02 5.8391822e-02 1.1988067e-01
5.9909910e+00 1.7999762e-02 5.8951088e-02 1.2034584e-01
6.0010010e+00 1.8277624e-02 5.9377158e-02 1.2107718e-01
6.0110110e+00 1.8612936e-02 5.9869699e-02 1.2171735e-01
6.0210210e+00 1.8907700e-02 6.0314442e-02 1.2235594e-01
6.0310310e+00 1.9260057e-02 6.0714862e-02 1.2276392e-01
6.0410410e+00 1.9570813e-02 6.1107493e-02 1.2335429e-01
6.0510511e+00 1.9947251e-02 6.1537107e-02 1.2385921e-01
6.0610611e+00 2.0356727e-02 6.1957437e-02 1.2458452e-01
6.0710711e+00 2.0697738e-02 6.2421253e-02 1.2519819e-01
6.0810811e+00 2.1008722e-02 6.2795096e-02 1.2579117e-01
6.0910911e+00 2.1293123e-02 6.3233100e-02 1.2655890e-01
6.1011011e+00 2.1657892e-02 6.3720374e-02 1.2731334e-01
6.1111111e+00 2.1956848e-02 6.4218765e-02 1.2793480e-01
6.1211211e+00 2.2321225e-02 6.4766237e-02 1.2849811e-01
6.1311311e+00 2.2614195e-02 6.5303499e-02 1.2902562e-01
6.1411411e+00 2.2937011e-02 6.5869637e-02 1.2973371e-01
6.1511512e+00 2.3345529e-02 6.6421362e-02 1.3056002e-01
6.1611612e+00 2.3622018e-02 6.6820204e-02 1.3107805e-01
6.1711712e+00 2.3914839e-02 6.7238491e-02 1.3177611e-01
6.1811812e+00 2.4316460e-02 6.7795794e-02 1.3247272e-01
6.1911912e+00 2.4688775e-02 6.8097125e-02 1.3301503e-01
6.2012012e+00 2.5066845e-02 6.8556603e-02 1.3363611e-01
6.2112112e+00 2.5418054e-02 6.9036221e-02 1.3411776e-01
6.2212212e+00 2.5799145e-02 6.9610990e-02 1.3470788e-01
6.2312312e+00 2.6106921e-02 7.0037130e-02 1.3526565e-01
6.2412412e+00 2.6479166e-02 7.0569855e-02 1.3581008e-01
6.2512513e+00 2.6861023e-02 7.0986917e-02 1.3628931e-01
6.2612613e+00 2.7250276e-02 7.1512194e-02 1.3678503e-01
6.2712713e+00 2.7622633e-02 7.2042306e-02 1.3728898e-01
6.2812813e+00 2.7888708e-02 7.2651756e-02 1.3775019e-01
6.2912913e+00 2.8191995e-02 7.3084045e-02 1.3849261e-01
6.3013013e+00 2.8531835e-02 7.3637297e-02 1.3912824e-01
6.3113113e+00 2.8853885e-02 7.4077036e-02 1.3973647e-01
6.3213213e+00 2.9280454e-02 7.4591135e-02 1.4040321e-01
6.3313313e+00 2.9600041e-02 7.5039704e-02 1.4110838e-01
6.3413413e+00 3.0069767e-02 7.5456845e-02 1.4165098e-01
6.3513514e+00 3.0394936e-02 7.5952697e-02 1.4224295e-01
6.3613614e+00 3.0773100e-02 7.6419847e-02 1.4287366e-01
6.3713714e+00 3.1063339e-02 7.6843870e-02 1.4330206e-01
6.3813814e+00 3.1305239e-02 7.7374969e-02 1.4395618e-01
6.3913914e+00 3.1653675e-02 7.7886864e-02 1.4450311e-01
6.4014014e+00 3.2061850e-02 7.8295727e-02 1.4514125e-01
6.4114114e+00 3.2395843e-02 7.8747523e-02 1.4586644e-01
6.4214214e+00 3.2704324e-02 7.9170200e-02 1.4650421e-01
6.4314314e+00 3.3073381e-02 7.9576152e-02 1.4705007e-01
6.4414414e+00 3.3410407e-02 7.9953368e-02 1.4752792e-01
6.4514515e+00 3.3679472e-02 8.0305442e-02 1.4807432e-01
6.4614615e+00 3.3885644e-02 8.0672402e-02 1.4868834e-01
6.4714715e+00 3.4184393e-02 8.1080181e-02 1.4923134e-01
6.4814815e+00 3.4460057e-02 8.1363879e-02 1.4981307e-01
6.4914915e+00 3.4871551e-02 8.1784174e-02 1.5021611e-01
6.5015015e+00 3.5194968e-02 8.2225524e-02 1.5054471e-01
6.5115115e+00 3.5394892e-02 8.2667840e-02 1.5106846e-01
6.5215215e+00 3.5725300e-02 8.3126908e-02 1.5155310e-01
6.5315315e+00 3.6039022e-02 8.3494106e-02 1.5202326e-01
6.5415415e+00 3.6420824e-02 8.3991189e-02 1.5254986e-01
6.5515516e+00 3.6681396e-02 8.4323576e-02 1.5310832e-01
6.5615616e+00 3.7067793e-02 8.4801005e-02 1.5357310e-01
6.5715716e+00 3.7364846e-02 8.5187426e-02 1.5402768e-01
6.5815816e+00 3.7587206e-02 8.5698177e-02 1.5460342e-01
6.5915916e+00 3.7851097e-02 8.6104887e-02 1.5517174e-01
6.6016016e+00 3.8167657e-02 8.6603176e-02 1.5574378e-01
6.6116116e+00 3.8707345e-02 8.7022738e-02 1.5623547e-01
6.6216216e+00 3.9020519e-02 8.7551847e-02 1.5681859e-01
6.6316316e+00 3.9336404e-02 8.8002030e-02 1.5741339e-01
6.6416416e+00 3.9593458e-02 8.8360655e-02 1.5782227e-01
6.6516517e+00 3.9904454e-02 8.8648858e-02 1.5826767e-01
6.6616617e+00 4.0253762e-02 8.9164069e-02 1.5879671e-01
6.6716717e+00 4.0496006e-02 8.9531805e-02 1.5931320e-01
6.6816817e+00 4.0772980e-02 8.9972403e-02 1.6009275e-01
6.6916917e+00 4.1070000e-02 9.0357924e-02 1.6072883e-01
6.7017017e+00 4.1353486e-02 9.0803674e-02 1.6116962e-01
6.7117117e+00 4.1641380e-02 9.1295228e-02 1.6164652e-01
6.7217217e+00 4.2009871e-02 9.1854010e-02 1.6212223e-01
6.7317317e+00 4.2346612e-02 9.2396478e-02 1.6276332e-01
6.7417417e+00 4.2630633e-02 9.2934445e-02 1.6322550e-01
6.7517518e+00 4.2961379e-02 9.3395448e-02 1.6373866e-01
6.7617618e+00 4.3355377e-02 9.3890425e-02 1.6427994e-01
6.7717718e+00 4.3622675e-02 9.4527487e-02 1.6467868e-01
6.7817818e+00 4.3894860e-02 9.5095625e-02 1.6496260e-01
6.7917918e+00 4.4259837e-02 9.5602270e-02 1.6541075e-01
6.8018018e+00 4.4582769e-02 9.6189427e-02 1.6601251e-01
6.8118118e+00 4.4908346e-02 9.6644636e-02 1.6658789e-01
6.8218218e+00 4.5314629e-02 9.7116509e-02 1.6724415e-01
6.8318318e+00 4.5696995e-02 9.7675367e-02 1.6796449e-01
6.8418418e+00 4.6109573e-02 9.8294191e-02 1.6861307e-01
6.8518519e+00 4.6439066e-02 9.8898507e-02 1.6907589e-01
6.8618619e+00 4.6705617e-02 9.9397516e-02 1.6981313e-01
6.8718719e+00 4.7079344e-02 9.9883271e-02 1.7040427e-01
6.8818819e+00 4.7499114e-02 1.0038865e-01 1.7108469e-01
6.8918919e+00 4.8014945e-02 1.0106271e-01 1.7166822e-01
6.9019019e+00 4.8445357e-02 1.0172068e-01 1.7219486e-01
6.9119119e+00 4.8919744e-02 1.0233785e-01 1.7291409e-01
6.9219219e+00 4.9486346e-02 1.0291302e-01 1.7365638e-01
6.9319319e+00 4.9985700e-02 1.0341976e-01 1.7465704e-01
6.9419419e+00 5.0407011e-02 1.0405502e-01 1.7524195e-01
6.9519520e+00 5.1025665e-02 1.0458548e-01 1.7599948e-01
6.9619620e+00 5.1454409e-02 1.0517301e-01 1.7672806e-01
6.9719720e+00 5.2092352e-02 1.0600017e-01 1.7750070e-01
6.9819820e+00 5.2736642e-02 1.0678280e-01 1.7810662e-01
6.9919920e+00 5.3424308e-02 1.0743816e-01 1.7902514e-01
7.0020020e+00 5.4114874e-02 1.0830680e-01 1.7989693e-01
7.0120120e+00 5.4784081e-02 1.0911289e-01 1.8068574e-01
7.0220220e+00 5.5471218e-02 1.0987111e-01 1.8132217e-01
7.0320320e+00 5.6210307e-02 1.1074681e-01 1.8212932e-01
7.0420420e+00 5.6999284e-02 1.1158167e-01 1.8285851e-01
7.0520521e+00 5.7767729e-02 1.1239946e-01 1.8360131e-01
7.0620621e+00 5.8531123e-02 1.1318026e-01 1.8465257e-01
7.0720721e+00 5.9137829e-02 1.1411680e-01 1.8555531e-01
7.0820821e+00 5.9961879e-02 1.1496025e-01 1.8662614e-01
7.0920921e+00 6.0858911e-02 1.1591417e-01 1.8764609e-01
7.1021021e+00 6.1655077e-02 1.1675943e-01 1.8873742e-01
7.1121121e+00 6.2495898e-02 1.1782726e-01 1.8982539e-01
7.1221221e+00 6.3422618e-02 1.1888868e-01 1.9082825e-01
7.1321321e+00 6.4279767e-02 1.1990920e-01 1.9189541e-01
7.1421421e+00 6.5208682e-02 1.2094579e-01 1.9312400e-01
7.1521522e+00 6.6196650e-02 1.2208600e-01 1.9433656e-01
7.1621622e+00 6.7181751e-02 1.2331146e-01 1.9538507e-01
7.1721722e+00 6.8233334e-02 1.2435640e-01 1.9649482e-01
7.1821822e+00 6.9281517e-02 1.2561196e-01 1.9787587e-01
7.1921922e+00 7.0321670e-02 1.2684087e-01 1.9930922e-01
7.2022022e+00 7.1335731e-02 1.2823538e-01 2.0064403e-01
7.2122122e+00 7.2381077e-02 1.2945085e-01 2.0212690e-01
7.2222222e+00 7.3491680e-02 1.3072896e-01 2.0356796e-01
7.2322322e+00 7.4735096e-02 1.3213399e-01 2.0496190e-01
7.2422422e+00 7.6037784e-02 1.3351421e-01 2.0674231e-01
7.2522523e+00 7.7290343e-02 1.3510112e-01 2.0841903e-01
7.2622623e+00 7.8395282e-02 1.3674950e-01 2.1022164e-01
7.2722723e+00 7.9597294e-02 1.3829480e-01 2.1201557e-01
7.2822823e+00 8.0908133e-02 1.3985637e-01 2.1389359e-01
7.2922923e+00 8.2401699e-02 1.4154058e-01 2.1552844e-01
7.3023023e+00 8.3758193e-02 1.4327895e-01 2.1745025e-01
7.3123123e+00 8.5106641e-02 1.4482522e-01 2.1942608e-01
7.3223223e+00 8.6605419e-02 1.4658355e-01 2.2133896e-01
7.3323323e+00 8.8136145e-02 1.4824832e-01 2.2340920e-01
7.3423423e+00 8.9492480e-02 1.5005825e-01 2.2574422e-01
7.3523524e+00 9.1093177e-02 1.5197560e-01 2.2780617e-01
7.3623624e+00 9.2715047e-02 1.5385477e-01 2.2996388e-01
7.3723724e+00 9.4221888e-02 1.5570558e-01 2.3212333e-01
7.3823824e+00 9.5781366e-02 1.5765559e-01 2.3444335e-01
7.3923924e+00 9.7429929e-02 1.5950499e-01 2.3658324e-01
7.4024024e+00 9.9166028e-02 1.6145429e-01 2.3901313e-01
7.4124124e+00 1.0075291e-01 1.6354825e-01 2.4134852e-01
7.4224224e+00 1.0254353e-01 1.6561670e-01 2.4375273e-01
7.4324324e+00 1.0436849e-01 1.6774432e-01 2.4642524e-01
7.4424424e+00 1.0615085e-01 1.7000936e-01 2.4874459e-01
7.4524525e+00 1.0800484e-01 1.7220596e-01 2.5123007e-01
7.4624625e+00 1.0982242e-01 1.7443165e-01 2.5383363e-01
7.4724725e+00 1.1160205e-01 1.7680118e-01 2.5659166e-01
7.4824825e+00 1.1345604e-01 1.7898420e-01 2.5918031e-01
7.4924925e+00 1.1549247e-01 1.8138794e-01 2.6193277e-01
7.5025025e+00 1.1744253e-01 1.8371528e-01 2.6466739e-01
7.5125125e+00 1.1949557e-01 1.8628700e-01 2.6732835e-01
7.5225225e+00 1.2149668e-01 1.8885882e-01 2.6998058e-01
7.5325325e+00 1.2344347e-01 1.9137710e-01 2.7275235e-01
7.5425425e+00 1.2558717e-01 1.9375857e-01 2.7568395e-01
7.5525526e+00 1.2772661e-01 1.9634883e-01 2.7900281e-01
7.5625626e+00 1.2974235e-01 1.9895637e-01 2.8211790e-01
7.5725726e+00 1.3194523e-01 2.0151774e-01 2.8502594e-01
7.5825826e+00 1.3407848e-01 2.0415404e-01 2.8826236e-01
7.5925926e+00 1.3616996e-01 2.0689254e-01 2.9133776e-01
7.6026026e+00 1.3828379e-01 2.0960668e-01 2.9445041e-01
7.6126126e+00 1.4045662e-01 2.1214818e-01 2.9765067e-01
7.6226226e+00 1.4271376e-01 2.1504945e-01 3.0086187e-01
7.6326326e+00 1.4502798e-01 2.1792688e-01 3.0411393e-01
7.6426426e+00 1.4755574e-01 2.2075819e-01 3.0762524e-01
7.6526527e+00 1.4992311e-01 2.2361831e-01 3.1071015e-01
7.6626627e+00 1.5219550e-01 2.2655568e-01 3.1426988e-01
7.6726727e+00 1.5446923e-01 2.2951549e-01 3.1779941e-01
7.6826827e+00 1.5675085e-01 2.3248131e-01 3.2127238e-01
7.6926927e+00 1.5925608e-01 2.3542306e-01 3.2492451e-01
7.7027027e+00 1.6165212e-01 2.3830705e-01 3.2823398e-01
7.7127127e+00 1.6417213e-01 2.4128513e-01 3.3157560e-01
7.7227227e+00 1.6649384e-01 2.4428643e-01 3.3503718e-01
7.7327327e+00 1.6900726e-01 2.4724160e-01 3.3844763e-01
7.7427427e+00 1.7149085e-01 2.5031507e-01 3.4197020e-01
7.7527528e+00 1.7406672e-01 2.5345624e-01 3.4552398e-01
7.7627628e+00 1.7658252e-01 2.5653390e-01 3.4900127e-01
7.7727728e+00 1.7914357e-01 2.5965978e-01 3.5259244e-01
7.7827828e+00 1.8175496e-01 2.6261411e-01 3.5611525e-01
7.7927928e+00 1.8418353e-01 2.6576385e-01 3.5951953e-01
7.8028028e+00 1.8674213e-01 2.6886080e-01 3.6321499e-01
7.8128128e+00 1.8934795e-01 2.7207744e-01 3.6678050e-01
7.8228228e+00 1.9212206e-01 2.7522883e-01 3.7066519e-01
7.8328328e+00 1.9492812e-01 2.7845473e-01 3.7429260e-01
7.8428428e+00 1.9760437e-01 2.8151060e-01 3.7791157e-01
7.8528529e+00 2.0022978e-01 2.8496630e-01 3.8158117e-01
7.8628629e+00 2.0295774e-01 2.8835852e-01 3.8531677e-01
7.8728729e+00 2.0569551e-01 2.9138321e-01 3.8894473e-01
7.8828829e+00 2.0857699e-01 2.9458252e-01 3.9249080e-01
7.8928929e+00 2.1136299e-01 2.9793577e-01 3.9612565e-01
7.9029029e+00 2.1432851e-01 3.0122533e-01 3.9994500e-01
7.9129129e+00 2.1711432e-01 3.0430032e-01 4.0356279e-01
7.9229229e+00 2.1976015e-01 3.0736394e-01 4.0728729e-01
7.9329329e+00 2.2254558e-01 3.1051736e-01 4.1090686e-01
7.9429429e+00 2.2550305e-01 3.1358288e-01 4.1456895e-01
7.9529530e+00 2.2856893e-01 3.1684319e-01 4.1827905e-01
7.9629630e+00 2.3145157e-01 3.2006303e-01 4.2179762e-01
7.9729730e+00 2.3420747e-01 3.2339163e-01 4.2529475e-01
7.9829830e+00 2.3718980e-01 3.2667580e-01 4.2865873e-01
7.9929930e+00 2.4020177e-01 3.3000404e-01 4.3203886e-01
8.0030030e+00 2.4322496e-01 3.3311118e-01 4.3560653e-01
8.0130130e+00 2.4611402e-01 3.3621000e-01 4.3895707e-01
8.0230230e+00 2.4906418e-01 3.3946343e-01 4.4258423e-01
8.0330330e+00 2.5195665e-01 3.4283528e-01 4.4590019e-01
8.0430430e+00 2.5492235e-01 3.4595037e-01 4.4926869e-01
8.0530531e+00 2.5798108e-01 3.4919202e-01 4.5261945e-01
8.0630631e+00 2.6080857e-01 3.5250223e-01 4.5625225e-01
8.0730731e+00 2.6395324e-01 3.5557428e-01 4.5964894e-01
8.0830831e+00 2.6707532e-01 3.5874388e-01 4.6305269e-01
8.0930931e+00 2.7011718e-01 3.6210850e-01 4.6679785e-01
8.1031031e+00 2.7308180e-01 3.6523474e-01 4.7031824e-01
8.1131131e+00 2.7607916e-01 3.6865767e-01 4.7394734e-01
8.1231231e+00 2.7916833e-01 3.7182031e-01 4.7730725e-01
8.1331331e+00 2.8232582e-01 3.7505156e-01 4.8057533e-01
8.1431431e+00 2.8540010e-01 3.7827508e-01 4.8425809e-01
8.1531532e+00 2.8857590e-01 3.8159849e-01 4.8792599e-01
8.1631632e+00 2.9159992e-01 3.8476166e-01 4.9134406e-01
8.1731732e+00 2.9474204e-01 3.8814481e-01 4.9460262e-01
8.1831832e+00 2.9775806e-01 3.9134029e-01 4.9782638e-01
8.1931932e+00 3.0067865e-01 3.9454972e-01 5.0131935e-01
8.2032032e+00 3.0385079e-01 3.9795283e-01 5.0505012e-01
8.2132132e+00 3.0689538e-01 4.0137064e-01 5.0859056e-01
8.2232232e+00 3.1009637e-01 4.0484303e-01 5.1207406e-01
8.2332332e+00 3.1296041e-01 4.0820714e-01 5.1527444e-01
8.2432432e+00 3.1595048e-01 4.1166763e-01 5.1861121e-01
8.2532533e+00 3.1919408e-01 4.1516456e-01 5.2190208e-01
8.2632633e+00 3.2221394e-01 4.1873067e-01 5.2531536e-01
8.2732733e+00 3.2544862e-01 4.2236978e-01 5.2877216e-01
8.2832833e+00 3.2866540e-01 4.2608460e-01 5.3252319e-01
8.2932933e+00 3.3203045e-01 4.2940363e-01 5.3618425e-01
8.3033033e+00 3.3537564e-01 4.3272085e-01 5.3960789e-01
8.3133133e+00 3.3853871e-01 4.3610397e-01 5.4324322e-01
8.3233233e+00 3.4186833e-01 4.3976040e-01 5.4698239e-01
8.3333333e+00 3.4510605e-01 4.4330599e-01 5.5044277e-01
8.3433433e+00 3.4835121e-01 4.4684359e-01 5.5447131e-01
8.3533534e+00 3.5198336e-01 4.5021952e-01 5.5808301e-01
8.3633634e+00 3.5532703e-01 4.5379056e-01 5.6155658e-01
8.3733734e+00 3.5838488e-01 4.5731908e-01 5.6533135e-01
8.3833834e+00 3.6191742e-01 4.6116623e-01 5.6917925e-01
8.3933934e+00 3.6543743e-01 4.6463599e-01 5.7292665e-01
8.4034034e+00 3.6898050e-01 4.6832423e-01 5.7670262e-01
8.4134134e+00 3.7275523e-01 4.7224972e-01 5.8048271e-01
8.4234234e+00 3.7632828e-01 4.7614235e-01 5.8418132e-01
8.4334334e+00 3.7982039e-01 4.7990889e-01 5.8826533e-01
8.4434434e+00 3.8324396e-01 4.8379057e-01 5.9239809e-01
8.4534535e+00 3.8692650e-01 4.8762364e-01 5.9591110e-01
8.4634635e+00 3.9070041e-01 4.9155633e-01 5.9991833e-01
8.4734735e+00 3.9450866e-01 4.9553985e-01 6.0400361e-01
8.4834835e+00 3.9848765e-01 4.9938393e-01 6.0792429e-01
8.4934935e+00 4.0216589e-01 5.0352662e-01 6.1210308e-01
8.5035035e+00 4.0580960e-01 5.0741860e-01 6.1628096e-01
8.5135135e+00 4.0951423e-01 5.1137093e-01 6.2034477e-01
8.5235235e+00 4.1339406e-01 5.1534453e-01 6.2442996e-01
8.5335335e+00 4.1693123e-01 5.1955616e-01 6.2857083e-01
8.5435435e+00 4.2081093e-01 5.2336198e-01 6.3268411e-01
8.5535536e+00 4.2455571e-01 5.2756314e-01 6.3692363e-01
8.5635636e+00 4.2848769e-01 5.3164601e-01 6.4114906e-01
8.5735736e+00 4.3223451e-01 5.3598477e-01 6.4542100e-01
8.5835836e+00 4.3586862e-01 5.4011049e-01 6.5006652e-01
8.5935936e+00 4.3967763e-01 5.4438838e-01 6.5406526e-01
8.6036036e+00 4.4379621e-01 5.4848990e-01 6.5838893e-01
8.6136136e+00 4.4754457e-01 5.5254473e-01 6.6294809e-01
8.6236236e+00 4.5188906e-01 5.5667342e-01 6.6713649e-01
8.6336336e+00 4.5595863e-01 5.6111907e-01 6.7161451e-01
8.6436436e+00 4.6000245e-01 5.6522215e-01 6.7617047e-01
8.6536537e+00 4.6385906e-01 5.6947041e-01 6.8057221e-01
8.6636637e+00 4.6796613e-01 5.7349432e-01 6.8485265e-01
8.6736737e+00 4.7200077e-01 5.7758051e-01 6.8961384e-01
8.6836837e+00 4.7592261e-01 5.8191557e-01 6.9424116e-01
8.6936937e+00 4.7982897e-01 5.8627445e-01 6.9888169e-01
8.7037037e+00 4.8415910e-01 5.9082893e-01 7.0331091e-01
8.7137137e+00 4.8815049e-01 5.9515592e-01 7.0816182e-01
8.7237237e+00 4.9195171e-01 5.9983291e-01 7.1289781e-01
8.7337337e+00 4.9594097e-01 6.0411572e-01 7.1750562e-01
8.7437437e+00 5.0017544e-01 6.0854882e-01 7.2202302e-01
8.7537538e+00 5.0463150e-01 6.1280450e-01 7.2692846e-01
8.7637638e+00 5.0890927e-01 6.1723824e-01 7.3139641e-01
8.7737738e+00 5.1307968e-01 6.2156362e-01 7.3599581e-01
8.7837838e+00 5.1721200e-01 6.2584965e-01 7.4081669e-01
8.7937938e+00 5.2125347e-01 6.3030218e-01 7.4558686e-01
8.8038038e+00 5.2521671e-01 6.3455685e-01 7.5018145e-01
8.8138138e+00 5.2948696e-01 6.3894617e-01 7.5490834e-01
8.8238238e+00 5.3375970e-01 6.4343196e-01 7.5974159e-01
8.8338338e+00 5.3789122e-01 6.4781204e-01 7.6417174e-01
8.8438438e+00 5.4203069e-01 6.5182874e-01 7.6881119e-01
8.8538539e+00 5.4609152e-01 6.5625768e-01 7.7338907e-01
8.8638639e+00 5.4993949e-01 6.6055736e-01 7.7826173e-01
8.8738739e+00 5.5415227e-01 6.6486487e-01 7.8313033e-01
8.8838839e+00 5.5818883e-01 6.6885788e-01 7.8778384e-01
8.8938939e+00 5.6233594e-01 6.7312735e-01 7.9215831e-01
8.9039039e+00 5.6652015e-01 6.7740830e-01 7.9635754e-01
8.9139139e+00 5.7068698e-01 6.8194777e-01 8.0070792e-01
8.9239239e+00 5.7468457e-01 6.8608288e-01 8.0518276e-01
8.9339339e+00 5.7859263e-01 6.9028208e-01 8.0930688e-01
8.9439439e+00 5.8238546e-01 6.9451344e-01 8.1346634e-01
8.9539540e+00 5.8623570e-01 6.9853252e-01 8.1785257e-01
8.9639640e+00 5.8997764e-01 7.0269848e-01 8.2197569e-01
8.9739740e+00 5.9373053e-01 7.0682931e-01 8.2633335e-01
8.9839840e+00 5.9747765e-01 7.1105788e-01 8.3085479e-01
8.9939940e+00 6.0113686e-01 7.1514170e-01 8.3520209e-01
9.0040040e+00 6.0497370e-01 7.1909919e-01 8.3957161e-01
9.0140140e+00 6.0869816e-01 7.2332732e-01 8.4387773e-01
9.0240240e+00 6.1264774e-01 7.2740942e-01 8.4791333e-01
9.0340340e+00 6.1631697e-01 7.3146304e-01 8.5217330e-01
9.0440440e+00 6.1978361e-01 7.3545735e-01 8.5623423e-01
9.0540541e+00 6.2354605e-01 7.3925466e-01 8.6017382e-01
9.0640641e+00 6.2714256e-01 7.4305135e-01 8.6425265e-01
9.0740741e+00 6.3068193e-01 7.4708601e-01 8.6812776e-01
9.0840841e+00 6.3400523e-01 7.5085654e-01 8.7200008e-01
9.0940941e+00 6.3754255e-01 7.5469106e-01 8.7573689e-01
9.1041041e+00 6.4101048e-01 7.5849417e-01 8.7960479e-01
9.1141141e+00 6.4467452e-01 7.6218689e-01 8.8289493e-01
9.1241241e+00 6.4821602e-01 7.6579841e-01 8.8677582e-01
9.1341341e+00 6.5169121e-01 7.6933710e-01 8.9004459e-01
9.1441441e+00 6.5520933e-01 7.7304175e-01 8.9353923e-01
9.1541542e+00 6.5853434e-01 7.7644186e-01 8.9701810e-01
9.1641642e+00 6.6198522e-01 7.7988693e-01 9.0042074e-01
9.1741742e+00 6.6570126e-01 7.8339820e-01 9.0367184e-01
9.1841842e+00 6.6918657e-01 7.8686121e-01 9.0718141e-01
9.1941942e+00 6.7234356e-01 7.9018262e-01 9.1038639e-01
9.2042042e+00 6.7547421e-01 7.9339179e-01 9.1388192e-01
9.2142142e+00 6.7903055e-01 7.9668185e-01 9.1709980e-01
9.2242242e+00 6.8211064e-01 7.9982448e-01 9.2016193e-01
9.2342342e+00 6.8526268e-01 8.0312666e-01 9.2344103e-01
9.2442442e+00 6.8823874e-01 8.0626419e-01 9.2629156e-01
9.2542543e+00 6.9151572e-01 8.0947180e-01 9.2951187e-01
9.2642643e+00 6.9460422e-01 8.1242471e-01 9.3253915e-01
9.2742743e+00 6.9777030e-01 8.1560601e-01 9.3555159e-01
9.2842843e+00 7.0100412e-01 8.1883067e-01 9.3877185e-01
9.2942943e+00 7.0392665e-01 8.2190444e-01 9.4177163e-01
9.3043043e+00 7.0697110e-01 8.2494521e-01 9.4474672e-01
9.3143143e+00 7.0982854e-01 8.2774558e-01 9.4779608e-01
9.3243243e+00 7.1284451e-01 8.3045389e-01 9.5075967e-01
9.3343343e+00 7.1587003e-01 8.3313437e-01 9.5365315e-01
9.3443443e+00 7.1884831e-01 8.3617670e-01 9.5651724e-01
9.3543544e+00 7.2175549e-01 8.3900266e-01 9.5915933e-01
9.3643644e+00 7.2454925e-01 8.4212485e-01 9.6170660e-01
9.3743744e+00 7.2745909e-01 8.4494482e-01 9.6442765e-01
9.3843844e+00 7.3042766e-01 8.4786458e-01 9.6720788e-01
9.3943944e+00 7.3354381e-01 8.5051654e-01 9.6941979e-01
9.4044044e+00 7.3656900e-01 8.5332367e-01 9.7185099e-01
9.4144144e+00 7.3947148e-01 8.5583228e-01 9.7430242e-01
9.4244244e+00 7.4225002e-01 8.5858238e-01 9.7659188e-01
9.4344344e+00 7.4538712e-01 8.6115352e-01 9.7917447e-01
9.4444444e+00 7.4834651e-01 8.6406956e-01 9.8217949e-01
9.4544545e+00 7.5118016e-01 8.6678944e-01 9.8467959e-01
9.4644645e+00 7.5411418e-01 8.6950530e-01 9.8732235e-01
9.4744745e+00 7.5716139e-01 8.7225245e-01 9.8957058e-01
9.4844845e+00 7.6002011e-01 8.7494548e-01 9.9211208e-01
9.4944945e+00 7.6290823e-01 8.7802342e-01 9.9494568e-01
9.5045045e+00 7.6567410e-01 8.8078184e-01 9.9756178e-01
9.5145145e+00 7.6833556e-01 8.8365911e-01 1.0001211e+00
9.5245245e+00 7.7143947e-01 8.8651148e-01 1.0027072e+00
9.5345345e+00 7.7420081e-01 8.8924092e-01 1.0054325e+00
9.5445445e+00 7.7715128e-01 8.9185736e-01 1.0079827e+00
9.5545546e+00 7.8001263e-01 8.9491622e-01 1.0103983e+00
9.5645646e+00 7.8296941e-01 8.9769608e-01 1.0133255e+00
9.5745746e+00 7.8580154e-01 9.0047676e-01 1.0159032e+00
9.5845846e+00 7.8838864e-01 9.0335583e-01 1.0184542e+00
9.5945946e+00 7.9136878e-01 9.0586077e-01 1.0212104e+00
9.6046046e+00 7.9436638e-01 9.0857877e-01 1.0237851e+00
9.6146146e+00 7.9746231e-01 9.1111170e-01 1.0259423e+00
9.6246246e+00 8.0024796e-01 9.1370207e-01 1.0287966e+00
9.6346346e+00 8.0301429e-01 9.1642727e-01 1.0315017e+00
9.6446446e+00 8.0551879e-01 9.1890671e-01 1.0341528e+00
9.6546547e+00 8.0842744e-01 9.2178720e-01 1.0367260e+00
9.6646647e+00 8.1130833e-01 9.2462809e-01 1.0394378e+00
9.6746747e+00 8.1405425e-01 9.2739591e-01 1.0423558e+00
9.6846847e+00 8.1679849e-01 9.3024866e-01 1.0455456e+00
9.6946947e+00 8.1959022e-01 9.3313261e-01 1.0485661e+00
9.7047047e+00 8.2228610e-01 9.3589182e-01 1.0515012e+00
9.7147147e+00 8.2462062e-01 9.3846542e-01 1.0545989e+00
9.7247247e+00 8.2707654e-01 9.4129806e-01 1.0575459e+00
9.7347347e+00 8.3005275e-01 9.4420625e-01 1.0601621e+00
9.7447447e+00 8.3225689e-01 9.4678969e-01 1.0626268e+00
9.7547548e+00 8.3481418e-01 9.4941868e-01 1.0654884e+00
9.7647648e+00 8.3730345e-01 9.5189852e-01 1.0683519e+00
9.7747748e+00 8.3948319e-01 9.5459169e-01 1.0712363e+00
9.7847848e+00 8.4175397e-01 9.5712606e-01 1.0737523e+00
9.7947948e+00 8.4426889e-01 9.5980927e-01 1.0766346e+00
9.8048048e+00 8.4671354e-01 9.6219792e-01 1.0791999e+00
9.8148148e+00 8.4898815e-01 9.6469833e-01 1.0817839e+00
9.8248248e+00 8.5128284e-01 9.6709898e-01 1.0845807e+00
9.8348348e+00 8.5346744e-01 9.6912130e-01 1.0868658e+00
9.8448448e+00 8.5560538e-01 9.7161750e-01 1.0896367e+00
9.8548549e+00 8.5788024e-01 9.7409715e-01 1.0921886e+00
9.8648649e+00 8.5964355e-01 9.7631958e-01 1.0945734e+00
9.8748749e+00 8.6175718e-01 9.7852232e-01 1.0972058e+00
9.8848849e+00 8.6357730e-01 9.8063785e-01 1.0991552e+00
9.8948949e+00 8.6536252e-01 9.8265177e-01 1.1013270e+00
9.9049049e+00 8.6655256e-01 9.8458197e-01 1.1036610e+00
9.9149149e+00 8.6777152e-01 9.8646829e-01 1.1058397e+00
9.9249249e+00 8.6933158e-01 9.8819356e-01 1.1078858e+00
9.9349349e+00 8.7056810e-01 9.8967227e-01 1.1098593e+00
9.9449449e+00 8.7167138e-01 9.9131508e-01 1.1116908e+00
9.9549550e+00 8.7265922e-01 9.9270638e-01 1.1133713e+00
9.9649650e+00 8.7339462e-01 9.9415963e-01 1.1145194e+00
9.9749750e+00 8.7412197e-01 9.9553976e-01 1.1159826e+00
9.9849850e+00 8.7506399e-01 9.9666753e-01 1.1174218e+00
9.9949950e+00 8.7561667e-01 9.9764855e-01 1.1190475e+00
1.0005005e+01 8.7623737e-01 9.9828938e-01 1.1201581e+00
1.0015015e+01 8.7637593e-01 9.9893214e-01 1.1207435e+00
1.0025025e+01 8.7611949e-01 9.9956882e-01 1.1218081e+00
1.0035035e+01 8.7573451e-01 1.0000000e+00 1.1225559e+00
1.0045045e+01 8.7554540e-01 9.9983307e-01 1.1231784e+00
1.0055055e+01 8.7536121e-01 9.9990971e-01 1.1234728e+00
1.0065065e+01 8.7475322e-01 9.9965248e-01 1.1239897e+00
1.0075075e+01 8.7422733e-01 9.9923264e-01 1.1242609e+00
1.0085085e+01 8.7334545e-01 9.9888608e-01 1.1243540e+00
1.0095095e+01 8.7248293e-01 9.9820931e-01 1.1241128e+00
1.0105105e+01 8.7129940e-01 9.9753996e-01 1.1238966e+00
1.0115115e+01 8.7002807e-01 9.9658037e-01 1.1229422e+00
1.0125125e+01 8.6842296e-01 9.9566580e-01 1.1226311e+00
1.0135135e+01 8.6671665e-01 9.9436252e-01 1.1214239e+00
1.0145145e+01 8.6480117e-01 9.9255361e-01 1.1201257e+00
1.0155155e+01 8.6292182e-01 9.9082861e-01 1.1188239e+00
1.0165165e+01 8.6069516e-01 9.8880054e-01 1.1174528e+00
1.0175175e+01 8.5832559e-01 9.8646857e-01 1.1156894e+00
1.0185185e+01 8.5561265e-01 9.8396270e-01 1.1135860e+00
1.0195195e+01 8.5303240e-01 9.8153052e-01 1.1113062e+00
1.0205205e+01 8.5019095e-01 9.7869741e-01 1.1087359e+00
1.0215215e+01 8.4725985e-01 9.7551061e-01 1.1061954e+00
1.0225225e+01 8.4433226e-01 9.7223264e-01 1.1034647e+00
1.0235235e+01 8.4103766e-01 9.6866907e-01 1.1002971e+00
1.0245245e+01 8.3737994e-01 9.6503891e-01 1.0969047e+00
1.0255255e+01 8.3364905e-01 9.6088460e-01 1.0932187e+00
1.0265265e+01 8.2957280e-01 9.5663102e-01 1.0889742e+00
1.0275275e+01 8.2550928e-01 9.5222533e-01 1.0849281e+00
1.0285285e+01 8.2100370e-01 9.4783274e-01 1.0806985e+00
1.0295295e+01 8.1630610e-01 9.4323435e-01 1.0760428e+00
1.0305305e+01 8.1135298e-01 9.3841217e-01 1.0709736e+00
1.0315315e+01 8.0630842e-01 9.3337383e-01 1.0657437e+00
1.0325325e+01 8.0104369e-01 9.2795366e-01 1.0605841e+00
1.0335335e+01 7.9577334e-01 9.2263542e-01 1.0551020e+00
1.0345345e+01 7.9009092e-01 9.1698162e-01 1.0492520e+00
1.0355355e+01 7.8448510e-01 9.1113202e-01 1.0431771e+00
1.0365365e+01 7.7843054e-01 9.0504181e-01 1.0368565e+00
1.0375375e+01 7.7228952e-01 8.9854926e-01 1.0303466e+00
1.0385385e+01 7.6567397e-01 8.9205196e-01 1.0236026e+00
1.0395395e+01 7.5945510e-01 8.8528170e-01 1.0163576e+00
1.0405405e+01 7.5292143e-01 8.7822094e-01 1.0092084e+00
1.0415415e+01 7.4633033e-01 8.7109769e-01 1.0018633e+00
1.0425425e+01 7.3901451e-01 8.6374634e-01 9.9429020e-01
1.0435435e+01 7.3197711e-01 8.5634523e-01 9.8649202e-01
1.0445445e+01 7.2496034e-01 8.4886959e-01 9.7809004e-01
1.0455455e+01 7.1760768e-01 8.4114074e-01 9.6967466e-01
1.0465465e+01 7.1015594e-01 8.3340659e-01 9.6085611e-01
1.0475475e+01 7.0248605e-01 8.2518800e-01 9.5222348e-01
1.0485485e+01 6.9453527e-01 8.1686642e-01 9.4351751e-01
1.0495495e+01 6.8681101e-01 8.0838602e-01 9.3463354e-01
1.0505506e+01 6.7866089e-01 7.9987449e-01 9.2556320e-01
1.0515516e+01 6.7021707e-01 7.9103831e-01 9.1624265e-01
1.0525526e+01 6.6227043e-01 7.8220403e-01 9.0643696e-01
1.0535536e+01 6.5398388e-01 7.7341550e-01 8.9710426e-01
1.0545546e+01 6.4543008e-01 7.6467376e-01 8.8715527e-01
1.0555556e+01 6.3683634e-01 7.5542926e-01 8.7746443e-01
1.0565566e+01 6.2822204e-01 7.4611748e-01 8.6740948e-01
1.0575576e+01 6.1970144e-01 7.3645633e-01 8.5731783e-01
1.0585586e+01 6.1079006e-01 7.2682547e-01 8.4713610e-01
1.0595596e+01 6.0183692e-01 7.1726322e-01 8.3682118e-01
1.0605606e+01 5.9297186e-01 7.0761306e-01 8.2646522e-01
1.0615616e+01 5.8384493e-01 6.9810417e-01 8.1601614e-01
1.0625626e+01 5.7475806e-01 6.8838786e-01 8.0540134e-01
1.0635636e+01 5.6554481e-01 6.7843611e-01 7.9459153e-01
1.0645646e+01 5.5637106e-01 6.6825376e-01 7.8359891e-01
1.0655656e+01 5.4710635e-01 6.5810014e-01 7.7261302e-01
1.0665666e+01 5.3774873e-01 6.4794636e-01 7.6164858e-01
1.0675676e+01 5.2860517e-01 6.3785140e-01 7.5088934e-01
1.0685686e+01 5.1935044e-01 6.2760933e-01 7.3978226e-01
1.0695696e+01 5.0996855e-01 6.1742519e-01 7.2893055e-01
1.0705706e+01 5.0086070e-01 6.0720257e-01 7.1792212e-01
1.0715716e+01 4.9180386e-01 5.9704760e-01 7.0659710e-01
1.0725726e+01 4.8245439e-01 5.8678418e-01 6.9534474e-01
1.0735736e+01 4.7328315e-01 5.7667582e-01 6.8420733e-01
1.0745746e+01 4.6400054e-01 5.6643151e-01 6.7310553e-01
1.0755756e+01 4.5498948e-01 5.5614842e-01 6.6172857e-01
1.0765766e+01 4.4602157e-01 5.4578450e-01 6.5059577e-01
1.0775776e+01 4.3677649e-01 5.3564814e-01 6.3939185e-01
1.0785786e+01 4.2780095e-01 5.2533973e-01 6.2846349e-01
1.0795796e+01 4.1879435e-01 5.1522024e-01 6.1703858e-01
1.0805806e+01 4.0963551e-01 5.0516912e-01 6.0579936e-01
1.0815816e+01 4.0071297e-01 4.9508808e-01 5.9491484e-01
1.0825826e+01 3.9190820e-01 4.8515633e-01 5.8372189e-01
1.0835836e+01 3.8280770e-01 4.7518610e-01 5.7267659e-01
1.0845846e+01 3.7398743e-01 4.6536647e-01 5.6178214e-01
1.0855856e+01 3.6526737e-01 4.5538630e-01 5.5092071e-01
1.0865866e+01 3.5670150e-01 4.4576855e-01 5.4005729e-01
1.0875876e+01 3.4810648e-01 4.3615914e-01 5.2942783e-01
1.0885886e+01 3.3959148e-01 4.2658984e-01 5.1889878e-01
1.0895896e+01 3.3121840e-01 4.1709964e-01 5.0810440e-01
1.0905906e+01 3.2313759e-01 4.0758560e-01 4.9764677e-01
1.0915916e+01 3.1493924e-01 3.9826945e-01 4.8721019e-01
1.0925926e+01 3.0685632e-01 3.8915797e-01 4.7711796e-01
1.0935936e+01 2.9872000e-01 3.8006947e-01 4.6704811e-01
1.0945946e+01 2.9064538e-01 3.7089842e-01 4.5670292e-01
1.0955956e+01 2.8282145e-01 3.6187190e-01 4.4689820e-01
1.0965966e+01 2.7512709e-01 3.5290758e-01 4.3703720e-01
1.0975976e+01 2.6748752e-01 3.4419048e-01 4.2734552e-01
1.0985986e+01 2.5998134e-01 3.3558705e-01 4.1769501e-01
1.0995996e+01 2.5253921e-01 3.2696475e-01 4.0797877e-01
1.1006006e+01 2.4516349e-01 3.1862952e-01 3.9851250e-01
1.1016016e+01 2.3811589e-01 3.1027669e-01 3.8934893e-01
1.1026026e+01 2.3123482e-01 3.0196685e-01 3.8007801e-01
1.1036036e+01 2.2423952e-01 2.9395898e-01 3.7101000e-01
1.1046046e+01 2.1749447e-01 2.8603408e-01 3.6215540e-01
1.1056056e+01 2.1076435e-01 2.7824708e-01 3.5316589e-01
1.1066066e+01 2.0422985e-01 2.7078048e-01 3.4447644e-01
1.1076076e+01 1.9782122e-01 2.6335808e-01 3.3594267e-01
1.1086086e+01 1.9174218e-01 2.5612035e-01 3.2735995e-01
1.1096096e+01 1.8558201e-01 2.4873742e-01 3.1919209e-01
1.1106106e+01 1.7960467e-01 2.4146728e-01 3.1100612e-01
1.1116116e+01 1.7367373e-01 2.3435573e-01 3.0299587e-01
1.1126126e+01 1.6777016e-01 2.2747548e-01 2.9510779e-01
1.1136136e+01 1.6208878e-01 2.2064294e-01 2.8727878e-01
1.1146146e+01 1.5644714e-01 2.1393661e-01 2.7949381e-01
1.1156156e+01 1.5101631e-01 2.0744864e-01 2.7208603e-01
1.1166166e+01 1.4568339e-01 2.0104479e-01 2.6468840e-01
1.1176176e+01 1.4057836e-01 1.9486405e-01 2.5738395e-01
1.1186186e+01 1.3543807e-01 1.8872589e-01 2.5027091e-01
1.1196196e+01 1.3059015e-01 1.8268506e-01 2.4297267e-01
1.1206206e+01 1.2565947e-01 1.7684315e-01 2.3605360e-01
1.1216216e+01 1.2107522e-01 1.7110765e-01 2.2928975e-01
1.1226226e+01 1.1650532e-01 1.6554224e-01 2.2271630e-01
1.1236236e+01 1.1202643e-01 1.6002316e-01 2.1613217e-01
1.1246246e+01 1.0780370e-01 1.5470005e-01 2.0966462e-01
1.1256256e+01 1.0365133e-01 1.4944408e-01 2.0349010e-01
1.1266266e+01 9.9568364e-02 1.4436105e-01 1.9746598e-01
1.1276276e+01 9.5690827e-02 1.3943928e-01 1.9139639e-01
1.1286286e+01 9.1882540e-02 1.3458676e-01 1.8540723e-01
1.1296296e+01 8.8180091e-02 1.2985669e-01 1.7955138e-01
1.1306306e+01 8.4602433e-02 1.2525220e-01 1.7392729e-01
1.1316316e+01 8.1183460e-02 1.2080261e-01 1.6841239e-01
1.1326326e+01 7.7812716e-02 1.1645744e-01 1.6301945e-01
1.1336336e+01 7.4604081e-02 1.1221602e-01 1.5775703e-01
1.1346346e+01 7.1433983e-02 1.0812395e-01 1.5256628e-01
1.1356356e+01 6.8365140e-02 1.0411758e-01 1.4754613e-01
1.1366366e+01 6.5420835e-02 1.0024533e-01 1.4263143e-01
1.1376376e+01 6.2549606e-02 9.6461569e-02 1.3784648e-01
1.1386386e+01 5.9814332e-02 9.2808505e-02 1.3319233e-01
1.1396396e+01 5.7162928e-02 8.9241649e-02 1.2863506e-01
1.1406406e+01 5.4619273e-02 8.5742021e-02 1.2419332e-01
1.1416416e+01 5.2189181e-02 8.2331440e-02 1.1984637e-01
1.1426426e+01 4.9856735e-02 7.9106138e-02 1.1556045e-01
1.1436436e+01 4.7568242e-02 7.5956984e-02 1.1144219e-01
1.1446446e+01 4.5374171e-02 7.2896027e-02 1.0739980e-01
1.1456456e+01 4.3260845e-02 6.9926572e-02 1.0356263e-01
1.1466466e+01 4.1219345e-02 6.7067648e-02 9.9819707e-02
1.1476476e+01 3.9242414e-02 6.4307178e-02 9.6148315e-02
1.1486486e+01 3.7371358e-02 6.1645111e-02 9.2553124e-02
1.1496496e+01 3.5557231e-02 5.9068833e-02 8.9028277e-02
1.1506507e+01 3.3822403e-02 5.6576071e-02 8.5691872e-02
1.1516517e+01 3.2184389e-02 5.4147709e-02 8.2454363e-02
1.1526527e+01 3.0600601e-02 5.1794486e-02 7.9231729e-02
1.1536537e+01 2.9097565e-02 4.9522951e-02 7.6180446e-02
1.1546547e+01 2.7610011e-02 4.7338047e-02 7.3250844e-02
1.1556557e+01 2.6197664e-02 4.5229147e-02 7.0334857e-02
1.1566567e+01 2.4864241e-02 4.3196803e-02 6.7565351e-02
1.1576577e+01 2.3560367e-02 4.1255747e-02 6.4835194e-02
1.1586587e+01 2.2341339e-02 3.9390711e-02 6.2202529e-02
1.1596597e+01 2.1157316e-02 3.7567579e-02 5.9632010e-02
1.1606607e+01 2.0049097e-02 3.5830812e-02 5.7194144e-02
1.1616617e+01 1.8980411e-02 3.4158751e-02 5.4770802e-02
1.1626627e+01 1.7955596e-02 3.2556421e-02 5.2480643e-02
1.1636637e+01 1.6979165e-02 3.1017718e-02 5.0240049e-02
1.1646647e+01 1.6052858e-02 2.9540784e-02 4.8097570e-02
1.1656657e+01 1.5148366e-02 2.8111663e-02 4.6020217e-02
1.1666667e+01 1.4301810e-02 2.6738845e-02 4.3997636e-02
1.1676677e+01 1.3490241e-02 2.5424941e-02 4.2003172e-02
1.1686687e+01 1.2733528e-02 2.4181328e-02 4.0154893e-02
1.1696697e+01 1.1992356e-02 2.2982754e-02 3.8338245e-02
1.1706707e+01 1.1307849e-02 2.1823507e-02 3.6575067e-02
1.1716717e+01 1.0645685e-02 2.0729769e-02 3.4864978e-02
1.1726727e+01 1.0021027e-02 1.9666381e-02 3.3258698e-02
1.1736737e+01 9.4203108e-03 1.8654558e-02 3.1712342e-02
1.1746747e+01 8.8591429e-03 1.7675651e-02 3.0205388e-02
1.1756757e+01 8.3278149e-03 1.6756110e-02 2.8763705e-02
1.1766767e+01 7.8249890e-03 1.5882795e-02 2.7372629e-02
1.1776777e+01 7.3498428e-03 1.5054448e-02 2.6044991e-02
1.1786787e+01 6.8960412e-03 1.4258041e-02 2.4786957e-02
1.1796797e+01 6.4741934e-03 1.3496169e-02 2.3560486e-02
1.1806807e+01 6.0666958e-03 1.2766951e-02 2.2383480e-02
1.1816817e+01 5.6908145e-03 1.2075683e-02 2.1253224e-02
1.1826827e+01 5.3257120e-03 1.1407204e-02 2.0184655e-02
1.1836837e+01 4.9871057e-03 1.0770896e-02 1.9153169e-02
1.1846847e+01 4.6683695e-03 1.0172070e-02 1.8166110e-02
1.1856857e+01 4.3670962e-03 9.5988274e-03 1.7229776e-02
1.1866867e+01 4.0868799e-03 9.0523355e-03 1.6324443e-02
1.1876877e+01 3.8149737e-03 8.5392097e-03 1.5455076e-02
1.1886887e+01 3.5613948e-03 8.0417351e-03 1.4623571e-02
1.1896897e+01 3.3224356e-03 7.5740813e-03 1.3844292e-02
1.1906907e+01 3.0982735e-03 7.1347398e-03 1.3088282e-02
1.1916917e+01 2.8896668e-03 6.7142989e-03 1.2374131e-02
1.1926927e+01 2.6968607e-03 6.3129420e-03 1.1701606e-02
1.1936937e+01 2.5116464e-03 5.9344863e-03 1.1047637e-02
1.1946947e+01 2.3352089e-03 5.5753934e-03 1.0429147e-02
1.1956957e+01 2.1742380e-03 5.2402354e-03 9.8392804e-03
1.1966967e+01 2.0228553e-03 4.9197460e-03 9.2817183e-03
1.1976977e+01 1.8834034e-03 4.6207274e-03 8.7491291e-03
1.1986987e+01 1.7498321e-03 4.3295376e-03 8.2380589e-03
1.1996997e+01 1.6253567e-03 4.0580468e-03 7.7529435e-03
1.2007007e+01 1.5080197e-03 3.7986117e-03 7.2954147e-03
1.2017017e+01 1.3982478e-03 3.5570240e-03 6.8603870e-03
1.2027027e+01 1.2990747e-03 3.3301625e-03 6.4489508e-03
1.2037037e+01 1.2058173e-03 3.1170411e-03 6.0630333e-03
1.2047047e+01 1.1177671e-03 2.9119930e-03 5.6935322e-03
1.2057057e+01 1.0351438e-03 2.7229302e-03 5.3493063e-03
1.2067067e+01 9.5736035e-04 2.5429119e-03 5.0173046e-03
1.2077077e+01 8.8462175e-04 2.3721813e-03 4.7056521e-03
1.2087087e+01 8.1842851e-04 2.2148188e-03 4.4077459e-03
1.2097097e+01 7.5583095e-04 2.0654571e-03 4.1280382e-03
1.2107107e+01 6.9831639e-04 1.9262353e-03 3.8641938e-03
1.2117117e+01 6.4455737e-04 1.7947881e-03 3.6145128e-03
1.2127127e+01 5.9425738e-04 1.6701371e-03 3.3795379e-03
1.2137137e+01 5.4838252e-04 1.5544458e-03 3.1597274e-03
1.2147147e+01 5.0616755e-04 1.4453723e-03 2.9526852e-03
1.2157157e+01 4.6634324e-04 1.3436422e-03 2.7583507e-03
1.2167167e+01 4.2963329e-04 1.2491766e-03 2.5754112e-03
1.2177177e+01 3.9547932e-04 1.1594917e-03 2.4030640e-03
1.2187187e+01 3.6419685e-04 1.0764815e-03 2.2403386e-03
1.2197197e+01 3.3498273e-04 9.9830590e-04 2.0875451e-03
1.2207207e+01 3.0775002e-04 9.2564720e-04 1.9457664e-03
1.2217217e+01 2.8279634e-04 8.5846544e-04 1.8128744e-03
1.2227227e+01 2.5960385e-04 7.9535098e-04 1.6879110e-03
1.2237237e+01 2.3821243e-04 7.3614832e-04 1.5705674e-03
1.2247247e+01 2.1839085e-04 6.8115671e-04 1.4608410e-03
1.2257257e+01 2.0026237e-04 6.3040105e-04 1.3585550e-03
1.2267267e+01 1.8358908e-04 5.8302703e-04 1.2626033e-03
1.2277277e+01 1.6813628e-04 5.3905032e-04 1.1718436e-03
1.2287287e+01 1.5374898e-04 4.9776566e-04 1.0873701e-03
1.2297297e+01 1.4054595e-04 4.5955558e-04 1.0079446e-03
1.2307307e+01 1.2841331e-04 4.2357557e-04 9.3427103e-04
1.2317317e+01 1.1731516e-04 3.9036684e-04 8.6637337e-04
1.2327327e+01 1.0703338e-04 3.5981231e-04 8.0261067e-04
1.2337337e+01 9.7625866e-05 3.3148978e-04 7.4299549e-04
1.2347347e+01 8.9091261e-05 3.0554206e-04 6.8755121e-04
1.2357357e+01 8.1261520e-05 2.8108427e-04 6.3583793e-04
1.2367367e+01 7.4061233e-05 2.5841957e-04 5.8761397e-04
1.2377377e+01 6.7454977e-05 2.3753712e-04 5.4284830e-04
1.2387387e+01 6.1390553e-05 2.1834063e-04 5.0111718e-04
1.2397397e+01 5.5864324e-05 2.0047127e-04 4.6225846e-04
1.2407407e+01 5.0829744e-05 1.8405410e-04 4.2642278e-04
1.2417417e+01 4.6183201e-05 1.6882952e-04 3.9305549e-04
1.2427427e+01 4.1882191e-05 1.5474797e-04 3.6208000e-04
1.2437437e+01 3.8045793e-05 1.4172770e-04 3.3304784e-04
1.2447447e+01 3.4576070e-05 1.2980262e-04 3.0650059e-04
1.2457457e+01 3.1338610e-05 1.1878648e-04 2.8164693e-04
1.2467467e+01 2.8399877e-05 1.0863857e-04 2.5896457e-04
1.2477477e+01 2.5737216e-05 9.9411069e-05 2.3797631e-04
1.2487487e+01 2.3283754e-05 9.0854105e-05 2.1859360e-04
1.2497497e+01 2.1080185e-05 8.2998839e-05 2.0061749e-04
1.2507508e+01 1.9049277e-05 7.5712631e-05 1.8391104e-04
1.2517518e+01 1.7232257e-05 6.9098862e-05 1.6870893e-04
1.2527528e+01 1.5574047e-05 6.3002868e-05 1.5461509e-04
1.2537538e+01 1.4061346e-05 5.7382461e-05 1.4169436e-04
1.2547548e+01 1.2692073e-05 5.2218397e-05 1.2970478e-04
1.2557558e+01 1.1438498e-05 4.7512750e-05 1.1873060e-04
1.2567568e+01 1.0300101e-05 4.3207561e-05 1.0853805e-04
1.2577578e+01 9.2864752e-06 3.9272211e-05 9.9193600e-05
1.2587588e+01 8.3598651e-06 3.5675729e-05 9.0627136e-05
1.2597598e+01 7.5175644e-06 3.2412457e-05 8.2776217e-05
1.2607608e+01 6.7643726e-06 2.9408867e-05 7.5546155e-05
1.2617618e+01 6.0792310e-06 2.6681464e-05 6.8906139e-05
1.2627628e+01 5.4616031e-06 2.4182501e-05 6.2797681e-05
1.2637638e+01 4.9009899e-06 2.1912672e-05 5.7221040e-05
1.2647648e+01 4.4000054e-06 1.9844055e-05 5.2144464e-05
1.2657658e+01 3.9486400e-06 1.7955444e-05 4.7448504e-05
1.2667668e+01 3.5461789e-06 1.6235510e-05 4.3175161e-05
1.2677678e+01 3.1780068e-06 1.4674964e-05 3.9267611e-05
1.2687688e+01 2.8464294e-06 1.3251168e-05 3.5680327e-05
1.2697698e+01 2.5427070e-06 1.1967041e-05 3.2410874e-05
1.2707708e+01 2.2757543e-06 1.0804985e-05 2.9403794e-05
1.2717718e+01 2.0367378e-06 9.7431620e-06 2.6673966e-05
1.2727728e+01 1.8168634e-06 8.7833704e-06 2.4165759e-05
1.2737738e+01 1.6215160e-06 7.9175120e-06 2.1881868e-05
1.2747748e+01 1.4489645e-06 7.1236183e-06 1.9816948e-05
1.2757758e+01 1.2929827e-06 6.4087771e-06 1.7932224e-05
1.2767768e+01 1.1523660e-06 5.7639605e-06 1.6209201e-05
1.2777778e+01 1.0250719e-06 5.1827130e-06 1.4650920e-05
1.2787788e+01 9.1457691e-07 4.6537062e-06 1.3235490e-05
1.2797798e+01 8.1338690e-07 4.1774488e-06 1.1953904e-05
1.2807808e+01 7.2385022e-07 3.7521304e-06 1.0788148e-05
1.2817818e+01 6.4361805e-07 3.3702837e-06 9.7324855e-06
1.2827828e+01 5.7208209e-07 3.0201444e-06 8.7839897e-06
1.2837838e+01 5.0810120e-07 2.7020661e-06 7.9138817e-06
1.2847848e+01 4.5099397e-07 2.4198504e-06 7.1271582e-06
1.2857858e+01 3.9983816e-07 2.1674287e-06 6.4171134e-06
1.2867868e+01 3.5440695e-07 1.9378002e-06 5.7697551e-06
1.2877878e+01 3.1429420e-07 1.7331453e-06 5.1912659e-06
1.2887888e+01 2.7841768e-07 1.5493400e-06 4.6670218e-06
1.2897898e+01 2.4641060e-07 1.3843241e-06 4.1896380e-06
1.2907908e+01 2.1816099e-07 1.2358015e-06 3.7603030e-06
1.2917918e+01 1.9280478e-07 1.1038884e-06 3.3736578e-06
1.2927928e+01 1.7062023e-07 9.8386423e-07 3.0260237e-06
1.2937938e+01 1.5061155e-07 8.7702819e-07 2.7126056e-06
1.2947948e+01 1.3285136e-07 7.8022263e-07 2.4301127e-06
1.2957958e+01 1.1728855e-07 6.9428598e-07 2.1750512e-06
1.2967968e+01 1.0344859e-07 6.1755584e-07 1.9465218e-06
1.2977978e+01 9.1072311e-08 5.4870810e-07 1.7396620e-06
1.2987988e+01 8.0230287e-08 4.8750501e-07 1.5549585e-06
1.2997998e+01 7.0622828e-08 4.3325787e-07 1.3897013e-06
1.3008008e+01 6.2187069e-08 3.8472867e-07 1.2400419e-06
1.3018018e+01 5.4704083e-08 3.4163125e-07 1.1064536e-06
1.3028028e+01 4.8078563e-08 3.0284176e-07 9.8682254e-07
1.3038038e+01 4.2209286e-08 2.6843046e-07 8.7914974e-07
1.3048048e+01 3.7041996e-08 2.3779459e-07 7.8361745e-07
1.3058058e+01 3.2482863e-08 2.1034161e-07 6.9776061e-07
1.3068068e+01 2.8496838e-08 1.8609128e-07 6.2020300e-07
1.3078078e+01 2.4970261e-08 1.6456381e-07 5.5177182e-07
1.3088088e+01 2.1901653e-08 1.4544524e-07 4.9034176e-07
1.3098098e+01 1.9187446e-08 1.2847333e-07 4.3560292e-07
1.3108108e+01 1.6785376e-08 1.1338814e-07 3.8691869e-07
1.3118118e+01 1.4668526e-08 1.0007283e-07 3.4326875e-07
1.3128128e+01 1.2809265e-08 8.8272831e-08 3.0455099e-07
1.3138138e+01 1.1209170e-08 7.7745573e-08 2.6993155e-07
1.3148148e+01 9.7907332e-09 6.8448060e-08 2.3932024e-07
1.3158158e+01 8.5435672e-09 6.0272954e-08 2.1190125e-07
1.3168168e+01 7.4536610e-09 5.3003804e-08 1.8732995e-07
1.3178178e+01 6.4949740e-09 4.6614724e-08 1.6578008e-07
1.3188188e+01 5.6587595e-09 4.0929726e-08 1.4652507e-07
1.3198198e+01 4.9272678e-09 3.5925009e-08 1.2950483e-07
1.3208208e+01 4.2832815e-09 3.1539450e-08 1.1432102e-07
1.3218218e+01 3.7241035e-09 2.7659276e-08 1.0078689e-07
1.3228228e+01 3.2356436e-09 2.4242260e-08 8.8877146e-08
1.3238238e+01 2.8089625e-09 2.1239952e-08 7.8256438e-08
1.3248248e+01 2.4385026e-09 1.8582955e-08 6.8895656e-08
1.3258258e+01 2.1149580e-09 1.6262249e-08 6.0670534e-08
1.3268268e+01 1.8324701e-09 1.4222128e-08 5.3385537e-08
1.3278278e+01 1.5888781e-09 1.2440964e-08 4.6919504e-08
1.3288288e+01 1.3775381e-09 1.0868976e-08 4.1199930e-08
1.3298298e+01 1.1909733e-09 9.4946200e-09 3.6154456e-08
1.3308308e+01 1.0304535e-09 8.2886285e-09 3.1739228e-08
1.3318318e+01 8.9166570e-10 7.2315818e-09 2.7869314e-08
1.3328328e+01 7.7174797e-10 6.3018937e-09 2.4425449e-08
1.3338338e+01 6.6658225e-10 5.4903576e-09 2.1420392e-08
1.3348348e+01 5.7551276e-10 4.7807144e-09 1.8777823e-08
1.3358358e+01 4.9656913e-10 4.1582773e-09 1.6437750e-08
1.3368368e+01 4.2836091e-10 3.6155292e-09 1.4372663e-08
1.3378378e+01 3.6914661e-10 3.1441707e-09 1.2566658e-08
1.3388388e+01 3.1805050e-10 2.7322973e-09 1.0980897e-08
1.3398398e+01 2.7394723e-10 2.3719156e-09 9.5858738e-09
1.3408408e+01 2.3593690e-10 2.0558720e-09 8.3678451e-09
1.3418418e+01 2.0293661e-10 1.7823188e-09 7.3081615e-09
1.3428428e+01 1.7432896e-10 1.5453598e-09 6.3734980e-09
1.3438438e+01 1.4953815e-10 1.3379349e-09 5.5567140e-09
1.3448448e+01 1.2834780e-10 1.1588207e-09 4.8384138e-09
1.3458458e+01 1.1000280e-10 1.0024786e-09 4.2123029e-09
1.3468468e+01 9.4425312e-11 8.6655653e-10 3.6621354e-09
1.3478478e+01 8.0859497e-11 7.4909018e-10 3.1867459e-09
1.3488488e+01 6.9260417e-11 6.4695596e-10 2.7685191e-09
1.3498498e+01 5.9245700e-11 5.5786314e-10 2.4020599e-09
1.3508509e+01 5.0702455e-11 4.8140830e-10 2.0860686e-09
1.3518519e+01 4.3397337e-11 4.1508517e-10 1.8086938e-09
1.3528529e+01 3.7097523e-11 3.5789223e-10 1.5681209e-09
1.3538539e+01 3.1663378e-11 3.0829280e-10 1.3582200e-09
1.3548549e+01 2.6994633e-11 2.6542755e-10 1.1767404e-09
1.3558559e+01 2.3051349e-11 2.2847393e-10 1.0181548e-09
1.3568569e+01 1.9667629e-11 1.9649291e-10 8.8111364e-10
1.3578579e+01 1.6764560e-11 1.6900443e-10 7.6130071e-10
1.3588589e+01 1.4274249e-11 1.4508984e-10 6.5772460e-10
1.3598599e+01 1.2140507e-11 1.2442378e-10 5.6799716e-10
1.3608609e+01 1.0317793e-11 1.0675164e-10 4.9008757e-10
1.3618619e+01 8.7797461e-12 9.1529919e-11 4.2265385e-10
1.3628629e+01 7.4646204e-12 7.8403100e-11 3.6443296e-10
1.3638639e+01 6.3396032e-12 6.7144292e-11 3.1377707e-10
1.3648649e+01 5.3779743e-12 5.7418435e-11 2.7013374e-10
1.3658659e+01 4.5633208e-12 4.9073597e-11 2.3250577e-10
1.3668669e+01 3.8693109e-12 4.1913744e-11 1.9996553e-10
1.3678679e+01 3.2777567e-12 3.5832950e-11 1.7182190e-10
1.3688689e+01 2.7770172e-12 3.0591953e-11 1.4762609e-10
1.3698699e+01 2.3519148e-12 2.6102456e-11 1.2672359e-10
1.3708709e+01 1.9879993e-12 2.2277394e-11 1.0875520e-10
1.3718719e+01 1.6787688e-12 1.8996232e-11 9.3271003e-11
1.3728729e+01 1.4190760e-12 1.6187603e-11 7.9947022e-11
1.3738739e+01 1.1973781e-12 1.3789625e-11 6.8451455e-11
1.3748749e+01 1.0093399e-12 1.1740726e-11 5.8636859e-11
1.3758759e+01 8.5188617e-13 9.9886035e-12 5.0144723e-11
1.3768769e+01 7.1807640e-13 8.4904347e-12 4.2883431e-11
1.3778779e+01 6.0413510e-13 7.2146337e-12 3.6635589e-11
1.3788789e+01 5.0899883e-13 6.1267008e-12 3.1277741e-11
1.3798799e+01 4.2844249e-13 5.1981963e-12 2.6694885e-11
1.3808809e+01 3.6049702e-13 4.4075353e-12 2.2773637e-11
1.3818819e+01 3.0326762e-13 3.7368288e-12 1.9420130e-11
1.3828829e+01 2.5470236e-13 3.1665128e-12 1.6536419e-11
1.3838839e+01 2.1362189e-13 2.6819481e-12 1.4080351e-11
1.3848849e+01 1.7910823e-13 2.2707384e-12 1.1988394e-11
1.3858859e+01 1.5004714e-13 1.9204505e-12 1.0201938e-11
1.3868869e+01 1.2563010e-13 1.6222707e-12 8.6783392e-12
1.3878879e+01 1.0520598e-13 1.3695202e-12 7.3742134e-12
1.3888889e+01 8.8057682e-14 1.1571081e-12 6.2577024e-12
1.3898899e+01 7.3722338e-14 9.7704436e-13 5.3091850e-12
1.3908909e+01 6.1725960e-14 8.2389093e-13 4.5077969e-12
1.3918919e+01 5.1566812e-14 6.9404142e-13 3.8280497e-12
1.3928929e+01 4.3093467e-14 5.8451992e-13 3.2476405e-12
1.3938939e+01 3.6008033e-14 4.9213316e-13 2.7514780e-12
1.3948949e+01 3.0058582e-14 4.1391103e-13 2.3301104e-12
1.3958959e+01 2.5073013e-14 3.4830428e-13 1.9717004e-12
1.3968969e+01 2.0899507e-14 2.9267122e-13 1.6675075e-12
1.3978979e+01 1.7412548e-14 2.4602013e-13 1.4093290e-12
1.3988989e+01 1.4504446e-14 2.0653212e-13 1.1902837e-12
1.3998999e+01 1.2076333e-14 1.7326719e-13 1.0057608e-12
1.4009009e+01 1.0040243e-14 1.4530644e-13 8.4872512e-13
1.4019019e+01 8.3422908e-15 1.2178203e-13 7.1470885e-13
1.4029029e+01 6.9278152e-15 1.0199752e-13 6.0183357e-13
1.4039039e+01 5.7468015e-15 8.5393849e-14 5.0674521e-13
1.4049049e+01 4.7636064e-15 7.1457179e-14 4.2668566e-13
1.4059059e+01 3.9482601e-15 5.9745692e-14 3.5936913e-13
1.4069069e+01 3.2728994e-15 4.9918577e-14 3.0233512e-13
1.4079079e+01 2.7098506e-15 4.1686705e-14 2.5382152e-13
1.4089089e+01 2.2423939e-15 3.4809383e-14 2.1322702e-13
1.4099099e+01 1.8545707e-15 2.9031115e-14 1.7895151e-13
1.4109109e+01 1.5331749e-15 2.4213337e-14 1.5018124e-13
1.4119119e+01 1.2668957e-15 2.0175963e-14 1.2593523e-13
1.4129129e+01 1.0468266e-15 1.6809412e-14 1.0546674e-13
1.4139139e+01 8.6464287e-16 1.3995171e-14 8.8295738e-14
1.4149149e+01 7.1369194e-16 1.1645536e-14 7.3877766e-14
1.4159159e+01 5.8784863e-16 9.6803367e-15 6.1806670e-14
1.4169169e+01 4.8499485e-16 8.0533205e-15 5.1709632e-14
1.4179179e+01 3.9911736e-16 6.6920267e-15 4.3211833e-14
1.4189189e+01 3.2863492e-16 5.5540942e-15 3.6119066e-14
1.4199199e+01 2.7050709e-16 4.6056220e-15 3.0123004e-14
1.4209209e+01 2.2243037e-16 3.8159066e-15 2.5119631e-14
1.4219219e+01 1.8269443e-16 3.1629040e-15 2.0944658e-14
1.4229229e+01 1.5007552e-16 2.6186455e-15 1.7467143e-14
1.4239239e+01 1.2319777e-16 2.1675574e-15 1.4541742e-14
1.4249249e+01 1.0109938e-16 1.7927867e-15 1.2104096e-14
1.4259259e+01 8.2842770e-17 1.4826295e-15 1.0076086e-14
1.4269269e+01 6.7886016e-17 1.2253328e-15 8.3782115e-15
1.4279279e+01 5.5601924e-17 1.0117931e-15 6.9620073e-15
1.4289289e+01 4.5475656e-17 8.3506414e-16 5.7779158e-15
1.4299299e+01 3.7223165e-17 6.8847711e-16 4.7950117e-15
1.4309309e+01 3.0439020e-17 5.6782382e-16 3.9757773e-15
1.4319319e+01 2.4851655e-17 4.6823411e-16 3.2960798e-15
1.4329329e+01 2.0312895e-17 3.8559152e-16 2.7320081e-15
1.4339339e+01 1.6582954e-17 3.1710471e-16 2.2618154e-15
1.4349349e+01 1.3536406e-17 2.6088462e-16 1.8704252e-15
1.4359359e+01 1.1034340e-17 2.1450681e-16 1.5475520e-15
1.4369369e+01 8.9939664e-18 1.7641025e-16 1.2789441e-15
1.4379379e+01 7.3217729e-18 1.4496796e-16 1.0564469e-15
1.4389389e+01 5.9596063e-18 1.1892323e-16 8.7242570e-16
1.4399399e+01 4.8420123e-18 9.7485332e-17 7.2003616e-16
1.4409409e+01 3.9345971e-18 7.9972093e-17 5.9438558e-16
1.4419419e+01 3.1958261e-18 6.5537540e-17 4.8937135e-16
1.4429429e+01 2.5938814e-18 5.3661312e-17 4.0266787e-16
1.4439439e+01 2.1036824e-18 4.3885332e-17 3.3122599e-16
1.4449449e+01 1.7057484e-18 3.5878238e-17 2.7260025e-16
1.4459459e+01 1.3828861e-18 2.9331524e-17 2.2404643e-16
1.4469469e+01 1.1190802e-18 2.3942050e-17 1.8416763e-16
1.4479479e+01 9.0497617e-19 1.9556636e-17 1.5127399e-16
1.4489489e+01 7.3183422e-19 1.5956737e-17 1.2414663e-16
1.4499499e+01 5.9128845e-19 1.3019414e-17 1.0192010e-16
1.4509510e+01 4.7733520e-19 1.0623074e-17 8.3510685e-17
1.4519520e+01 3.8560794e-19 8.6486542e-18 6.8438536e-17
1.4529530e+01 3.1118248e-19 7.0439156e-18 5.6043212e-17
1.4539540e+01 2.5100394e-19 5.7323545e-18 4.5819870e-17
1.4549550e+01 2.0247561e-19 4.6592880e-18 3.7481016e-17
1.4559560e+01 1.6313625e-19 3.7842575e-18 3.0637545e-17
1.4569570e+01 1.3124022e-19 3.0713163e-18 2.5039756e-17
1.4579580e+01 1.0563524e-19 2.4916936e-18 2.0437174e-17
1.4589590e+01 8.5040056e-20 2.0216890e-18 1.6683634e-17
1.4599600e+01 6.8402236e-20 1.6378164e-18 1.3601534e-17
1.4609610e+01 5.4999293e-20 1.3267159e-18 1.1084950e-17
1.4619620e+01 4.4189195e-20 1.0740871e-18 9.0334123e-18
1.4629630e+01 3.5460890e-20 8.6951863e-19 7.3578156e-18
1.4639640e+01 2.8444875e-20 7.0325202e-19 5.9876066e-18
1.4649650e+01 2.2807870e-20 5.6839636e-19 4.8728365e-18
1.4659660e+01 1.8269962e-20 4.5930959e-19 3.9635770e-18
1.4669670e+01 1.4622706e-20 3.7084696e-19 3.2206903e-18
1.4679680e+01 1.1703394e-20 2.9916675e-19 2.6167936e-18
1.4689690e+01 9.3570359e-21 2.4121697e-19 2.1234189e-18
1.4699700e+01 7.4798997e-21 1.9445374e-19 1.7214635e-18
1.4709710e+01 5.9742744e-21 1.5669920e-19 1.3964160e-18
1.4719720e+01 4.7693125e-21 1.2622021e-19 1.1307884e-18
1.4729730e+01 3.7997263e-21 1.0156153e-19 9.1588102e-19
1.4739740e+01 3.0311811e-21 8.1683453e-20 7.4119879e-19
1.4749750e+01 2.4181364e-21 6.5690429e-20 5.9874970e-19
1.4759760e+01 1.9255154e-21 5.2740516e-20 4.8411662e-19
1.4769770e+01 1.5325734e-21 4.2362467e-20 3.9119050e-19
1.4779780e+01 1.2195665e-21 3.4014459e-20 3.1585233e-19
1.4789790e+01 9.7094961e-22 2.7300448e-20 2.5508464e-19
1.4799800e+01 7.7155900e-22 2.1887979e-20 2.0565316e-19
1.4809810e+01 6.1330776e-22 1.7548007e-20 1.6570701e-19
1.4819820e+01 4.8717206e-22 1.4044937e-20 1.3348582e-19
1.4829830e+01 3.8649611e-22 1.1242161e-20 1.0743829e-19
1.4839840e+01 3.0687805e-22 8.9936942e-21 8.6367483e-20
1.4849850e+01 2.4304825e-22 7.1903855e-21 6.9448331e-20
1.4859860e+01 1.9259678e-22 5.7441410e-21 5.5810785e-20
1.4869870e+01 1.5261137e-22 4.5834190e-21 4.4820900e-20
1.4879880e+01 1.2072716e-22 3.6579078e-21 3.5975837e-20
1.4889890e+01 9.5465658e-23 2.9171810e-21 2.8849893e-20
1.4899900e+01 7.5428356e-23 2.3247160e-21 2.3125931e-20
1.4909910e+01 5.9510769e-23 1.8520873e-21 1.8525318e-20
1.4919920e+01 4.6984800e-23 1.4742321e-21 1.4853570e-20
1.4929930e+01 3.7066807e-23 1.1734480e-21 1.1891812e-20
1.4939940e+01 2.9225652e-23 9.3315455e-22 9.5030950e-21
1.4949950e+01 2.3048384e-23 7.4147321e-22 7.5942721e-21
1.4959960e+01 1.8139475e-23 5.8872654e-22 6.0645083e-21
1.4969970e+01 1.4265383e-23 4.6762345e-22 4.8396749e-21
1.4979980e+01 1.1211015e-23 3.7075259e-22 3.8656790e-21
1.4989990e+01 8.8082932e-24 2.9370547e-22 3.0857690e-21
1.5000000e+01 6.9218652e-24 2.3258821e-22 2.4604980e-21
