X KDE_INF KDE_MED KDE_SUP
0.0000000e+00 1.7192765e-01 2.4182889e-01 3.2358214e-01
3.0030030e-03 2.1626083e-01 2.9462120e-01 3.8562696e-01
6.0060060e-03 2.6186267e-01 3.4778607e-01 4.4575207e-01
9.0090090e-03 3.0678462e-01 3.9820280e-01 5.0171244e-01
1.2012012e-02 3.4767556e-01 4.4507865e-01 5.5262346e-01
1.5015015e-02 3.8550972e-01 4.8644649e-01 5.9775394e-01
1.8018018e-02 4.1875515e-01 5.2354298e-01 6.3762708e-01
2.1021021e-02 4.4855470e-01 5.5520075e-01 6.7257677e-01
2.4024024e-02 4.7541914e-01 5.8429860e-01 7.0323050e-01
2.7027027e-02 4.9860116e-01 6.0957439e-01 7.3123197e-01
3.0030030e-02 5.2087561e-01 6.3459755e-01 7.5706589e-01
3.3033033e-02 5.4180442e-01 6.5755914e-01 7.8108145e-01
3.6036036e-02 5.6162254e-01 6.7917945e-01 8.0576983e-01
3.9039039e-02 5.8158240e-01 7.0098952e-01 8.2931846e-01
4.2042042e-02 6.0114795e-01 7.2275887e-01 8.5233968e-01
4.5045045e-02 6.2111125e-01 7.4336806e-01 8.7534506e-01
4.8048048e-02 6.4011381e-01 7.6448318e-01 8.9778535e-01
5.1051051e-02 6.5726359e-01 7.8506898e-01 9.1838194e-01
5.4054054e-02 6.7518552e-01 8.0472987e-01 9.4007202e-01
5.7057057e-02 6.9261856e-01 8.2287217e-01 9.6009999e-01
6.0060060e-02 7.0924831e-01 8.3981268e-01 9.7873736e-01
6.3063063e-02 7.2464938e-01 8.5572436e-01 9.9700517e-01
6.6066066e-02 7.3967741e-01 8.7206862e-01 1.0129677e+00
6.9069069e-02 7.5236007e-01 8.8633100e-01 1.0282565e+00
7.2072072e-02 7.6518240e-01 8.9939363e-01 1.0442948e+00
7.5075075e-02 7.7667604e-01 9.1170901e-01 1.0565594e+00
7.8078078e-02 7.8641736e-01 9.2391474e-01 1.0690648e+00
8.1081081e-02 7.9653425e-01 9.3322885e-01 1.0814079e+00
8.4084084e-02 8.0480063e-01 9.4334435e-01 1.0920549e+00
8.7087087e-02 8.1315317e-01 9.5240001e-01 1.1018283e+00
9.0090090e-02 8.1995238e-01 9.6000074e-01 1.1098448e+00
9.3093093e-02 8.2587057e-01 9.6744197e-01 1.1168340e+00
9.6096096e-02 8.3242779e-01 9.7345819e-01 1.1229637e+00
9.9099099e-02 8.3693943e-01 9.7858366e-01 1.1271299e+00
1.0210210e-01 8.4003008e-01 9.8277043e-01 1.1332265e+00
1.0510511e-01 8.4396614e-01 9.8721144e-01 1.1382032e+00
1.0810811e-01 8.4695962e-01 9.9041948e-01 1.1408723e+00
1.1111111e-01 8.5039861e-01 9.9288651e-01 1.1450724e+00
1.1411411e-01 8.5272516e-01 9.9478934e-01 1.1481515e+00
1.1711712e-01 8.5602696e-01 9.9744022e-01 1.1504456e+00
1.2012012e-01 8.5730276e-01 1.0000000e+00 1.1502327e+00
1.2312312e-01 8.5683592e-01 9.9860306e-01 1.1479773e+00
1.2612613e-01 8.5648685e-01 9.9692282e-01 1.1458014e+00
1.2912913e-01 8.5382131e-01 9.9381362e-01 1.1410581e+00
1.3213213e-01 8.4941434e-01 9.8836765e-01 1.1370947e+00
1.3513514e-01 8.4262190e-01 9.8095655e-01 1.1295260e+00
1.3813814e-01 8.3446367e-01 9.7229760e-01 1.1212584e+00
1.4114114e-01 8.2640678e-01 9.6327128e-01 1.1125300e+00
1.4414414e-01 8.1563183e-01 9.5293043e-01 1.1008405e+00
1.4714715e-01 8.0433926e-01 9.4068989e-01 1.0895594e+00
1.5015015e-01 7.9330662e-01 9.3034610e-01 1.0772486e+00
1.5315315e-01 7.8298146e-01 9.1984291e-01 1.0662331e+00
1.5615616e-01 7.7416659e-01 9.1024034e-01 1.0564339e+00
1.5915916e-01 7.6665027e-01 9.0126518e-01 1.0468162e+00
1.6216216e-01 7.6024415e-01 8.9371216e-01 1.0396270e+00
1.6516517e-01 7.5477834e-01 8.8814642e-01 1.0313399e+00
1.6816817e-01 7.4839140e-01 8.8231044e-01 1.0261502e+00
1.7117117e-01 7.4380567e-01 8.7709011e-01 1.0204189e+00
1.7417417e-01 7.3954889e-01 8.7204320e-01 1.0146185e+00
1.7717718e-01 7.3381033e-01 8.6785471e-01 1.0089196e+00
1.8018018e-01 7.2973243e-01 8.6201341e-01 1.0030730e+00
1.8318318e-01 7.2460601e-01 8.5559623e-01 9.9651888e-01
1.8618619e-01 7.1829518e-01 8.4954617e-01 9.8941332e-01
1.8918919e-01 7.1166978e-01 8.4220441e-01 9.8154627e-01
1.9219219e-01 7.0489537e-01 8.3433593e-01 9.7359021e-01
1.9519520e-01 6.9684010e-01 8.2575578e-01 9.6349919e-01
1.9819820e-01 6.8745222e-01 8.1579348e-01 9.5272254e-01
2.0120120e-01 6.7638841e-01 8.0461899e-01 9.4116687e-01
2.0420420e-01 6.6508673e-01 7.9137062e-01 9.2759432e-01
2.0720721e-01 6.5252803e-01 7.7792104e-01 9.1298402e-01
2.1021021e-01 6.3878062e-01 7.6291357e-01 8.9715576e-01
2.1321321e-01 6.2380831e-01 7.4641599e-01 8.7910453e-01
2.1621622e-01 6.0776258e-01 7.2807111e-01 8.5908089e-01
2.1921922e-01 5.8943495e-01 7.0966076e-01 8.3878412e-01
2.2222222e-01 5.7138803e-01 6.8977053e-01 8.1704570e-01
2.2522523e-01 5.5187049e-01 6.6841125e-01 7.9522696e-01
2.2822823e-01 5.3270878e-01 6.4673555e-01 7.7291190e-01
2.3123123e-01 5.1164606e-01 6.2521528e-01 7.4775518e-01
2.3423423e-01 4.9148151e-01 6.0373480e-01 7.2418715e-01
2.3723724e-01 4.7089845e-01 5.8112476e-01 6.9936905e-01
2.4024024e-01 4.5155621e-01 5.6003421e-01 6.7547963e-01
2.4324324e-01 4.3184020e-01 5.3695861e-01 6.5258988e-01
2.4624625e-01 4.1370314e-01 5.1570621e-01 6.3113493e-01
2.4924925e-01 3.9573980e-01 4.9611745e-01 6.0911871e-01
2.5225225e-01 3.7799047e-01 4.7711802e-01 5.8697314e-01
2.5525526e-01 3.6167329e-01 4.5964401e-01 5.6627112e-01
2.5825826e-01 3.4683733e-01 4.4233050e-01 5.4789732e-01
2.6126126e-01 3.3232930e-01 4.2612040e-01 5.3031721e-01
2.6426426e-01 3.1881889e-01 4.1170334e-01 5.1570555e-01
2.6726727e-01 3.0797253e-01 3.9831674e-01 5.0051293e-01
2.7027027e-01 2.9736173e-01 3.8656497e-01 4.8733097e-01
2.7327327e-01 2.8836416e-01 3.7558014e-01 4.7573524e-01
2.7627628e-01 2.7869329e-01 3.6512159e-01 4.6383620e-01
2.7927928e-01 2.6974459e-01 3.5513927e-01 4.5247123e-01
2.8228228e-01 2.6114202e-01 3.4560852e-01 4.4181594e-01
2.8528529e-01 2.5280466e-01 3.3522876e-01 4.3043778e-01
2.8828829e-01 2.4398186e-01 3.2530021e-01 4.1792797e-01
2.9129129e-01 2.3483716e-01 3.1513794e-01 4.0552764e-01
2.9429429e-01 2.2557396e-01 3.0426926e-01 3.9343682e-01
2.9729730e-01 2.1660390e-01 2.9346171e-01 3.8184518e-01
3.0030030e-01 2.0734739e-01 2.8270937e-01 3.6922647e-01
3.0330330e-01 1.9786870e-01 2.7213678e-01 3.5694582e-01
3.0630631e-01 1.8844536e-01 2.6105918e-01 3.4449533e-01
3.0930931e-01 1.7885450e-01 2.4938161e-01 3.3230555e-01
3.1231231e-01 1.6910468e-01 2.3872146e-01 3.1922559e-01
3.1531532e-01 1.6023143e-01 2.2803660e-01 3.0644325e-01
3.1831832e-01 1.5095279e-01 2.1701991e-01 2.9362617e-01
3.2132132e-01 1.4171983e-01 2.0629489e-01 2.8159801e-01
3.2432432e-01 1.3259011e-01 1.9570176e-01 2.6977184e-01
3.2732733e-01 1.2408101e-01 1.8517369e-01 2.5815896e-01
3.3033033e-01 1.1557296e-01 1.7513698e-01 2.4626396e-01
3.3333333e-01 1.0723494e-01 1.6519528e-01 2.3429366e-01
3.3633634e-01 9.9631563e-02 1.5619721e-01 2.2378379e-01
3.3933934e-01 9.2335156e-02 1.4735632e-01 2.1317334e-01
3.4234234e-01 8.5422293e-02 1.3899636e-01 2.0376997e-01
3.4534535e-01 7.9222410e-02 1.3102634e-01 1.9410757e-01
3.4834835e-01 7.3562373e-02 1.2383169e-01 1.8534364e-01
3.5135135e-01 6.8209270e-02 1.1709768e-01 1.7743120e-01
3.5435435e-01 6.3641862e-02 1.1074966e-01 1.6964859e-01
3.5735736e-01 5.9485916e-02 1.0527110e-01 1.6260755e-01
3.6036036e-01 5.5613103e-02 9.9872691e-02 1.5636391e-01
3.6336336e-01 5.2041540e-02 9.5061925e-02 1.5028325e-01
3.6636637e-01 4.8415460e-02 9.0620636e-02 1.4504176e-01
3.6936937e-01 4.5228765e-02 8.6216333e-02 1.3968442e-01
3.7237237e-01 4.2694168e-02 8.2780492e-02 1.3487304e-01
3.7537538e-01 4.0210585e-02 7.9842353e-02 1.3073987e-01
3.7837838e-01 3.8195088e-02 7.6854806e-02 1.2723548e-01
3.8138138e-01 3.6104531e-02 7.4041000e-02 1.2348638e-01
3.8438438e-01 3.4316415e-02 7.1510950e-02 1.2036794e-01
3.8738739e-01 3.2625184e-02 6.9355665e-02 1.1737981e-01
3.9039039e-01 3.1119952e-02 6.7395504e-02 1.1478490e-01
3.9339339e-01 2.9877333e-02 6.5182381e-02 1.1269321e-01
3.9639640e-01 2.8683500e-02 6.3267176e-02 1.1000576e-01
3.9939940e-01 2.7624639e-02 6.1500617e-02 1.0753919e-01
4.0240240e-01 2.6408010e-02 5.9902171e-02 1.0486543e-01
4.0540541e-01 2.4861282e-02 5.7815659e-02 1.0234161e-01
4.0840841e-01 2.3450178e-02 5.5778439e-02 9.9502836e-02
4.1141141e-01 2.2031334e-02 5.3464453e-02 9.6806934e-02
4.1441441e-01 2.0672376e-02 5.1126146e-02 9.3878840e-02
4.1741742e-01 1.9407707e-02 4.8675482e-02 9.0554469e-02
4.2042042e-01 1.7781628e-02 4.6150674e-02 8.6955652e-02
4.2342342e-01 1.5992834e-02 4.3229154e-02 8.3012482e-02
4.2642643e-01 1.4024745e-02 4.0468900e-02 7.9547754e-02
4.2942943e-01 1.2148192e-02 3.8101224e-02 7.5917666e-02
4.3243243e-01 1.0224736e-02 3.5470851e-02 7.2487171e-02
4.3543544e-01 8.3348251e-03 3.2825378e-02 6.8957476e-02
4.3843844e-01 6.7009563e-03 2.9875930e-02 6.5412342e-02
4.4144144e-01 5.0538634e-03 2.6910766e-02 6.1678805e-02
4.4444444e-01 3.8293565e-03 2.4206570e-02 5.8144456e-02
4.4744745e-01 2.7731594e-03 2.1789707e-02 5.5615520e-02
4.5045045e-01 1.9579720e-03 1.9765923e-02 5.2525268e-02
4.5345345e-01 1.3250631e-03 1.8656057e-02 4.9731517e-02
4.5645646e-01 8.8731157e-04 1.7255558e-02 4.6894827e-02
4.5945946e-01 5.6451219e-04 1.5809466e-02 4.4035634e-02
4.6246246e-01 3.6200487e-04 1.4370417e-02 4.1919189e-02
4.6546547e-01 2.3719538e-04 1.3163668e-02 3.9959538e-02
4.6846847e-01 1.5259365e-04 1.1953869e-02 3.8954153e-02
4.7147147e-01 9.3091064e-05 1.0886971e-02 3.8147733e-02
4.7447447e-01 5.6514351e-05 9.7443619e-03 3.7125577e-02
4.7747748e-01 3.4011606e-05 8.7344793e-03 3.6006684e-02
4.8048048e-01 2.0592492e-05 8.0634809e-03 3.5080041e-02
4.8348348e-01 1.2971886e-05 7.3742837e-03 3.4135721e-02
4.8648649e-01 7.7490970e-06 6.6984004e-03 3.3186364e-02
4.8948949e-01 4.9425594e-06 6.1658643e-03 3.2469376e-02
4.9249249e-01 3.1515379e-06 5.6206048e-03 3.1927308e-02
4.9549550e-01 2.0200361e-06 5.2644087e-03 3.1430547e-02
4.9849850e-01 1.3996222e-06 4.8944043e-03 3.0832364e-02
5.0150150e-01 1.0453191e-06 4.6766107e-03 3.0513862e-02
5.0450450e-01 7.2389783e-07 4.4981908e-03 3.0047616e-02
5.0750751e-01 5.2733159e-07 4.3103585e-03 2.9700069e-02
5.1051051e-01 4.1076814e-07 4.2351141e-03 2.9338617e-02
5.1351351e-01 2.8715460e-07 4.1272021e-03 2.9300780e-02
5.1651652e-01 2.4631545e-07 4.0761834e-03 2.8807211e-02
5.1951952e-01 2.2946715e-07 3.9838740e-03 2.8754343e-02
5.2252252e-01 1.9051732e-07 3.9921780e-03 2.8497587e-02
5.2552553e-01 1.7180602e-07 3.9342015e-03 2.8726970e-02
5.2852853e-01 1.5748418e-07 3.9788718e-03 2.8713063e-02
5.3153153e-01 1.4619168e-07 3.9014184e-03 2.8914194e-02
5.3453453e-01 1.4041210e-07 3.8422626e-03 2.9199080e-02
5.3753754e-01 1.3255630e-07 3.9739202e-03 2.9330964e-02
5.4054054e-01 1.3352101e-07 3.9904282e-03 2.9025344e-02
5.4354354e-01 1.2938591e-07 4.0570944e-03 2.9155954e-02
5.4654655e-01 1.1612006e-07 4.1319373e-03 2.9244014e-02
5.4954955e-01 9.6586168e-08 4.2697379e-03 2.9408104e-02
5.5255255e-01 9.2692011e-08 4.3260149e-03 2.9415917e-02
5.5555556e-01 7.1703904e-08 4.3025877e-03 2.9537262e-02
5.5855856e-01 5.8610381e-08 4.3314441e-03 2.9339896e-02
5.6156156e-01 5.2146650e-08 4.2064297e-03 2.9272975e-02
5.6456456e-01 4.0118153e-08 4.0385615e-03 2.9254162e-02
5.6756757e-01 3.3360881e-08 3.9442397e-03 2.9021989e-02
5.7057057e-01 2.6015303e-08 3.7736945e-03 2.8848702e-02
5.7357357e-01 2.0309994e-08 3.5401587e-03 2.8466446e-02
5.7657658e-01 1.4015969e-08 3.3808091e-03 2.8104473e-02
5.7957958e-01 9.2138849e-09 3.1563143e-03 2.7305862e-02
5.8258258e-01 5.9634977e-09 2.9417901e-03 2.6893648e-02
5.8558559e-01 3.8768228e-09 2.6284885e-03 2.6542319e-02
5.8858859e-01 2.4676448e-09 2.4693582e-03 2.6051861e-02
5.9159159e-01 1.4631672e-09 2.2899957e-03 2.5129741e-02
5.9459459e-01 7.9096364e-10 2.0666011e-03 2.4609906e-02
5.9759760e-01 4.4966198e-10 1.7958457e-03 2.3804181e-02
6.0060060e-01 2.0469090e-10 1.5700185e-03 2.3218052e-02
6.0360360e-01 9.7055793e-11 1.3429936e-03 2.2529153e-02
6.0660661e-01 4.6654990e-11 1.1640825e-03 2.1662153e-02
6.0960961e-01 2.1297992e-11 9.8267150e-04 2.0901273e-02
6.1261261e-01 1.0315689e-11 8.1710733e-04 2.0144978e-02
6.1561562e-01 4.4915475e-12 6.6115506e-04 1.9566333e-02
6.1861862e-01 2.0009371e-12 5.3620467e-04 1.9551770e-02
6.2162162e-01 7.7854638e-13 4.4333801e-04 1.9423396e-02
6.2462462e-01 3.0122950e-13 3.3295979e-04 1.9213830e-02
6.2762763e-01 9.4746049e-14 2.6311650e-04 1.8986837e-02
6.3063063e-01 3.6817143e-14 2.0417372e-04 1.8629991e-02
6.3363363e-01 1.1291861e-14 1.5441858e-04 1.8407134e-02
6.3663664e-01 2.8759755e-15 1.2074241e-04 1.8078629e-02
6.3963964e-01 7.1244586e-16 8.9495705e-05 1.7757622e-02
6.4264264e-01 2.4245222e-16 6.7539924e-05 1.7537320e-02
6.4564565e-01 7.0172611e-17 4.8954176e-05 1.7152907e-02
6.4864865e-01 1.5538668e-17 3.7897336e-05 1.6795095e-02
6.5165165e-01 5.0989588e-18 2.7165167e-05 1.6485686e-02
6.5465465e-01 1.2343869e-18 2.0867197e-05 1.6186403e-02
6.5765766e-01 3.2587809e-19 1.5084669e-05 1.5875780e-02
6.6066066e-01 8.0688962e-20 1.0655303e-05 1.5593777e-02
6.6366366e-01 1.6266951e-20 8.2935326e-06 1.5358601e-02
6.6666667e-01 2.7047842e-21 5.4439407e-06 1.4917680e-02
6.6966967e-01 5.8675468e-22 3.6702360e-06 1.4706607e-02
6.7267267e-01 1.2583847e-22 2.4149504e-06 1.4308304e-02
6.7567568e-01 2.6145769e-23 1.4857232e-06 1.3890511e-02
6.7867868e-01 4.5778207e-24 9.7936269e-07 1.3499857e-02
6.8168168e-01 8.2523756e-25 6.4563465e-07 1.3220624e-02
6.8468468e-01 2.0656148e-25 4.3044970e-07 1.3086299e-02
6.8768769e-01 4.3915407e-26 3.0520242e-07 1.2608030e-02
6.9069069e-01 6.8115606e-27 2.1375587e-07 1.2229699e-02
6.9369369e-01 1.4099481e-27 1.4396674e-07 1.1869634e-02
6.9669670e-01 2.8083708e-28 8.7763588e-08 1.1148371e-02
6.9969970e-01 4.6416677e-29 5.3592554e-08 1.0938382e-02
7.0270270e-01 6.9797518e-30 3.5382619e-08 1.0369321e-02
7.0570571e-01 1.5036388e-30 2.4151504e-08 1.0056991e-02
7.0870871e-01 2.3229624e-31 1.6710699e-08 9.6043330e-03
7.1171171e-01 4.1334946e-32 1.2189430e-08 9.1838792e-03
7.1471471e-01 6.0079966e-33 7.4164606e-09 8.6377834e-03
7.1771772e-01 1.0036502e-33 4.6797568e-09 8.1636091e-03
7.2072072e-01 1.9190711e-34 2.9120903e-09 8.0403820e-03
7.2372372e-01 4.0252417e-35 1.8141355e-09 7.7053144e-03
7.2672673e-01 5.2049812e-36 1.2570375e-09 7.3445017e-03
7.2972973e-01 1.1385514e-36 9.4587715e-10 7.2373858e-03
7.3273273e-01 1.4771227e-37 6.3402785e-10 7.0822385e-03
7.3573574e-01 2.2068421e-38 4.1912504e-10 6.8232771e-03
7.3873874e-01 3.6917660e-39 2.7204390e-10 6.6254996e-03
7.4174174e-01 4.7002088e-40 1.7710144e-10 6.3578376e-03
7.4474474e-01 6.4271001e-41 1.3240919e-10 6.3166715e-03
7.4774775e-01 9.0795708e-42 8.1805674e-11 6.2512505e-03
7.5075075e-01 1.4269324e-42 5.7766047e-11 6.1411383e-03
7.5375375e-01 2.8764577e-43 4.2665104e-11 5.9714186e-03
7.5675676e-01 4.3832964e-44 2.6332594e-11 5.8552313e-03
7.5975976e-01 8.8187681e-45 1.7301401e-11 5.6901094e-03
7.6276276e-01 1.1710153e-45 1.1657925e-11 5.4499479e-03
7.6576577e-01 2.0789051e-46 7.8172014e-12 5.4771822e-03
7.6876877e-01 3.9495497e-47 5.7753601e-12 5.5860280e-03
7.7177177e-01 6.1594165e-48 4.3066060e-12 5.6106720e-03
7.7477477e-01 1.1597156e-48 3.8009712e-12 5.6869297e-03
7.7777778e-01 3.9234547e-49 2.7580585e-12 5.3969956e-03
7.8078078e-01 6.8786620e-50 2.1642178e-12 5.2476721e-03
7.8378378e-01 1.3007781e-50 2.0851911e-12 5.1084549e-03
7.8678679e-01 2.8020189e-51 1.8961359e-12 5.0434359e-03
7.8978979e-01 5.0359921e-52 1.7274132e-12 4.9524333e-03
7.9279279e-01 8.5983074e-53 1.2252051e-12 4.8739890e-03
7.9579580e-01 1.8466559e-53 9.5635678e-13 4.8083714e-03
7.9879880e-01 5.8484728e-54 9.0205610e-13 4.7012339e-03
8.0180180e-01 1.0003375e-54 7.5525150e-13 4.7013252e-03
8.0480480e-01 2.9502510e-55 5.4562514e-13 4.6715322e-03
8.0780781e-01 1.0105525e-55 4.0903881e-13 4.5330709e-03
8.1081081e-01 2.7501057e-56 3.5601897e-13 4.4994769e-03
8.1381381e-01 9.9249755e-57 3.0324373e-13 4.5101509e-03
8.1681682e-01 2.3817933e-57 2.4488580e-13 4.4402133e-03
8.1981982e-01 2.5960306e-58 2.0256888e-13 4.4083139e-03
8.2282282e-01 6.5482390e-59 1.7209305e-13 4.5643004e-03
8.2582583e-01 7.4793937e-60 1.5359896e-13 4.5936572e-03
8.2882883e-01 7.3646419e-61 1.4886647e-13 4.4919929e-03
8.3183183e-01 8.3246420e-62 1.2955072e-13 4.5230887e-03
8.3483483e-01 1.0165655e-62 1.0927819e-13 4.6554561e-03
8.3783784e-01 1.9785360e-63 9.1868499e-14 4.6435598e-03
8.4084084e-01 2.6774960e-64 6.4149832e-14 4.3329660e-03
8.4384384e-01 5.8324224e-65 5.6399491e-14 4.2905172e-03
8.4684685e-01 9.4214539e-66 4.4398737e-14 4.2482074e-03
8.4984985e-01 9.0351184e-67 4.8217449e-14 4.3346724e-03
8.5285285e-01 6.7630979e-68 3.7820718e-14 4.0922566e-03
8.5585586e-01 6.9027593e-69 3.1855851e-14 3.9885556e-03
8.5885886e-01 7.1898286e-70 2.9059110e-14 3.8471115e-03
8.6186186e-01 6.3060768e-71 2.4241065e-14 3.6313468e-03
8.6486486e-01 3.6256753e-72 1.7617192e-14 3.4686665e-03
8.6786787e-01 3.0007721e-73 1.5835342e-14 3.4550802e-03
8.7087087e-01 8.4907120e-75 1.0491153e-14 3.2288390e-03
8.7387387e-01 7.2136240e-76 7.7330984e-15 3.1681514e-03
8.7687688e-01 2.8802879e-77 6.1793773e-15 3.0853036e-03
8.7987988e-01 1.0760467e-78 4.5863673e-15 3.0767039e-03
8.8288288e-01 3.9443381e-80 4.2458130e-15 3.1060739e-03
8.8588589e-01 1.1357087e-81 3.0648457e-15 3.0689666e-03
8.8888889e-01 3.2706482e-83 2.4733843e-15 2.9499472e-03
8.9189189e-01 1.2041348e-84 1.6609344e-15 2.9402755e-03
8.9489489e-01 4.3646322e-86 1.3859489e-15 3.0486718e-03
8.9789790e-01 7.1579815e-88 9.6515173e-16 3.0426800e-03
9.0090090e-01 1.2146662e-89 5.8039637e-16 3.0141452e-03
9.0390390e-01 3.0493876e-91 3.4569144e-16 2.9210592e-03
9.0690691e-01 6.3552399e-93 2.1931413e-16 2.9299964e-03
9.0990991e-01 5.2790175e-95 1.3006388e-16 2.9840107e-03
9.1291291e-01 6.7705637e-97 8.7609706e-17 2.8760414e-03
9.1591592e-01 1.5205766e-98 5.4563180e-17 2.8386053e-03
9.1891892e-01 9.3648609e-101 2.7180815e-17 2.7019703e-03
9.2192192e-01 1.1389635e-102 1.5367209e-17 2.4871265e-03
9.2492492e-01 9.5523528e-105 6.3525238e-18 2.4092012e-03
9.2792793e-01 5.8849016e-107 3.0793946e-18 2.2602222e-03
9.3093093e-01 2.2844436e-109 1.4700143e-18 2.1230535e-03
9.3393393e-01 1.4898118e-111 6.9788110e-19 2.0309204e-03
9.3693694e-01 1.1727722e-113 3.7110220e-19 1.9421808e-03
9.3993994e-01 5.0589748e-116 1.6913274e-19 1.8911229e-03
9.4294294e-01 2.4585588e-118 5.6193880e-20 1.7511526e-03
9.4594595e-01 1.8074246e-120 2.3699192e-20 1.7034095e-03
9.4894895e-01 5.9590345e-123 9.5479874e-21 1.5729034e-03
9.5195195e-01 2.9707186e-125 3.0616743e-21 1.5132561e-03
9.5495495e-01 1.3174983e-127 9.5221907e-22 1.3975728e-03
9.5795796e-01 4.4886663e-130 2.7603223e-22 1.2829225e-03
9.6096096e-01 5.9201845e-133 1.0793786e-22 1.1165405e-03
9.6396396e-01 1.2856094e-135 3.3346305e-23 1.0121476e-03
9.6696697e-01 2.9627736e-138 9.8220883e-24 9.6880970e-04
9.6996997e-01 9.4802372e-141 1.9619876e-24 9.4570689e-04
9.7297297e-01 2.9402189e-143 5.0633383e-25 8.6381457e-04
9.7597598e-01 4.0651054e-146 1.0730500e-25 8.1372642e-04
9.7897898e-01 5.9377647e-149 2.2317127e-26 7.3312442e-04
9.8198198e-01 1.5880625e-151 3.6165564e-27 6.6579562e-04
9.8498498e-01 3.4191102e-154 7.2013681e-28 5.6960456e-04
9.8798799e-01 5.2660842e-157 1.8042831e-28 4.9750799e-04
9.9099099e-01 7.3867269e-160 2.8366344e-29 4.4942384e-04
9.9399399e-01 5.1413570e-163 4.2133610e-30 3.8713280e-04
9.9699700e-01 3.1927361e-166 4.2274665e-31 3.6340125e-04
1.0000000e+00 5.2941514e-169 5.6810121e-32 3.2898874e-04
1.0030030e+00 6.9764433e-172 6.5937635e-33 2.3064689e-04
1.0060060e+00 7.9069737e-175 7.9417301e-34 1.9976900e-04
1.0090090e+00 6.4475914e-178 7.2790559e-35 1.6099781e-04
1.0120120e+00 8.9372715e-181 6.6583628e-36 1.2005192e-04
1.0150150e+00 6.5496875e-184 5.0506217e-37 9.0082365e-05
1.0180180e+00 3.0576199e-187 4.0081536e-38 6.2818394e-05
1.0210210e+00 4.1104398e-190 2.2567320e-39 5.3367765e-05
1.0240240e+00 1.7325283e-193 1.4046497e-40 3.8876745e-05
1.0270270e+00 8.3779072e-197 7.9663642e-42 2.7199509e-05
1.0300300e+00 3.6366508e-200 4.9638687e-43 1.9378089e-05
1.0330330e+00 1.7808019e-203 3.7135910e-44 1.2919281e-05
1.0360360e+00 1.5502413e-206 1.9177292e-45 8.4542089e-06
1.0390390e+00 6.5494797e-210 1.1933621e-46 5.4117975e-06
1.0420420e+00 7.8979555e-213 5.2019394e-48 4.0639221e-06
1.0450450e+00 2.9684696e-216 2.5071317e-49 2.4398209e-06
1.0480480e+00 2.0715674e-219 8.9161913e-51 1.5589979e-06
1.0510511e+00 7.4187895e-223 2.5912341e-52 9.9470361e-07
1.0540541e+00 3.1762945e-226 1.1995723e-53 5.7288263e-07
1.0570571e+00 1.2720874e-229 3.7511095e-55 3.5606403e-07
1.0600601e+00 3.5643819e-233 1.0145270e-56 1.8889021e-07
1.0630631e+00 7.3668307e-237 4.3786816e-58 8.4437933e-08
1.0660661e+00 2.4658867e-240 1.1872093e-59 4.7205980e-08
1.0690691e+00 6.2724528e-244 2.9961890e-61 2.5898024e-08
1.0720721e+00 1.0389949e-247 6.0367275e-63 1.3680636e-08
1.0750751e+00 3.2719258e-251 1.8625485e-64 6.2182017e-09
1.0780781e+00 4.6946265e-255 4.0706191e-66 3.3254858e-09
1.0810811e+00 2.3020980e-258 6.3681044e-68 1.4857968e-09
1.0840841e+00 1.0689373e-261 1.6452620e-69 7.7491647e-10
1.0870871e+00 1.6809750e-265 2.4398424e-71 2.9041182e-10
1.0900901e+00 1.6931805e-269 4.9495848e-73 1.0850087e-10
1.0930931e+00 5.2988140e-273 6.1949825e-75 5.0841426e-11
1.0960961e+00 1.1437054e-275 9.4419271e-77 1.9086073e-11
1.0990991e+00 7.4675405e-280 1.6079524e-78 7.9202637e-12
1.1021021e+00 1.0188812e-283 2.2287049e-80 3.1897529e-12
1.1051051e+00 2.1701314e-287 3.9094432e-82 1.4157143e-12
1.1081081e+00 2.0673322e-291 6.5285254e-84 5.0673257e-13
1.1111111e+00 2.6891320e-295 6.0085934e-86 2.0404838e-13
1.1141141e+00 7.7073013e-299 6.3231898e-88 7.5226386e-14
1.1171171e+00 1.6290524e-302 7.7512073e-90 2.7139678e-14
1.1201201e+00 4.3393536e-306 1.1764151e-91 1.0050239e-14
1.1231231e+00 4.8550430e-310 1.5167599e-93 3.7569417e-15
1.1261261e+00 5.6343562e-314 1.9052710e-95 1.2561213e-15
1.1291291e+00 1.0154516e-317 2.4240349e-97 5.0240423e-16
1.1321321e+00 5.8299746e-322 2.1425602e-99 1.5547162e-16
1.1351351e+00 0.0000000e+00 2.3813719e-101 5.0440461e-17
1.1381381e+00 0.0000000e+00 2.9176543e-103 1.8927017e-17
1.1411411e+00 0.0000000e+00 2.4766187e-105 7.1096148e-18
1.1441441e+00 0.0000000e+00 1.4778591e-107 2.5777965e-18
1.1471471e+00 0.0000000e+00 1.2022945e-109 7.6239812e-19
1.1501502e+00 0.0000000e+00 1.1364818e-111 1.7797722e-19
1.1531532e+00 0.0000000e+00 1.3752533e-113 5.4207125e-20
1.1561562e+00 0.0000000e+00 1.0821044e-115 1.4472997e-20
1.1591592e+00 0.0000000e+00 4.4942323e-118 4.0101102e-21
1.1621622e+00 0.0000000e+00 4.3995286e-120 1.2150741e-21
1.1651652e+00 0.0000000e+00 3.3883538e-122 3.8732990e-22
1.1681682e+00 0.0000000e+00 2.6401107e-124 1.0389423e-22
1.1711712e+00 0.0000000e+00 2.1937731e-126 3.6990884e-23
1.1741742e+00 0.0000000e+00 1.7376908e-128 8.9161572e-24
1.1771772e+00 0.0000000e+00 1.1707851e-130 3.9711072e-24
1.1801802e+00 0.0000000e+00 5.0013419e-133 1.1390572e-24
1.1831832e+00 0.0000000e+00 3.7482718e-135 2.9178559e-25
1.1861862e+00 0.0000000e+00 1.3539834e-137 1.0243684e-25
1.1891892e+00 0.0000000e+00 6.6678148e-140 2.8531863e-26
1.1921922e+00 0.0000000e+00 4.9065956e-142 8.7669906e-27
1.1951952e+00 0.0000000e+00 8.8747645e-144 3.9285540e-27
1.1981982e+00 0.0000000e+00 3.1938606e-146 1.2512943e-27
1.2012012e+00 0.0000000e+00 3.7743947e-148 5.0878703e-28
1.2042042e+00 0.0000000e+00 1.8083744e-150 2.0788164e-28
1.2072072e+00 0.0000000e+00 1.3083863e-152 5.8734321e-29
1.2102102e+00 0.0000000e+00 1.4700598e-154 2.2237443e-29
1.2132132e+00 0.0000000e+00 1.2132500e-156 1.2700566e-29
1.2162162e+00 0.0000000e+00 5.8924540e-159 3.8952270e-30
1.2192192e+00 0.0000000e+00 2.0360459e-161 1.4525375e-30
1.2222222e+00 0.0000000e+00 9.5059019e-164 6.5232364e-31
1.2252252e+00 0.0000000e+00 4.6005051e-166 4.9435120e-31
1.2282282e+00 0.0000000e+00 1.0497378e-168 3.1206711e-31
1.2312312e+00 0.0000000e+00 3.2385726e-171 1.1863047e-31
1.2342342e+00 0.0000000e+00 1.4262470e-173 6.4558196e-32
1.2372372e+00 0.0000000e+00 4.4959147e-176 2.6371773e-32
1.2402402e+00 0.0000000e+00 2.2295111e-178 1.4610716e-32
1.2432432e+00 0.0000000e+00 5.0144953e-181 9.4276992e-33
1.2462462e+00 0.0000000e+00 2.0936595e-183 4.2674918e-33
1.2492492e+00 0.0000000e+00 2.6018449e-186 2.6001762e-33
1.2522523e+00 0.0000000e+00 5.6638667e-189 1.1864968e-33
1.2552553e+00 0.0000000e+00 4.4296671e-191 6.1685353e-34
1.2582583e+00 0.0000000e+00 1.8936736e-193 5.1289601e-34
1.2612613e+00 0.0000000e+00 2.8020942e-196 3.0987963e-34
1.2642643e+00 0.0000000e+00 7.0960575e-199 1.3880174e-34
1.2672673e+00 0.0000000e+00 2.3990819e-201 8.6513520e-35
1.2702703e+00 0.0000000e+00 8.3287739e-204 6.3680369e-35
1.2732733e+00 0.0000000e+00 2.2412599e-206 4.4704814e-35
1.2762763e+00 0.0000000e+00 4.2363633e-209 4.6651284e-35
1.2792793e+00 0.0000000e+00 1.2393618e-211 2.5893881e-35
1.2822823e+00 0.0000000e+00 4.0106078e-214 2.1878563e-35
1.2852853e+00 0.0000000e+00 1.0323632e-216 1.4949702e-35
1.2882883e+00 0.0000000e+00 2.1243636e-219 1.1579158e-35
1.2912913e+00 0.0000000e+00 1.3241813e-222 8.2264584e-36
1.2942943e+00 0.0000000e+00 2.9492246e-225 5.4207901e-36
1.2972973e+00 0.0000000e+00 1.1653133e-227 3.2243341e-36
1.3003003e+00 0.0000000e+00 2.6512725e-230 2.6057722e-36
1.3033033e+00 0.0000000e+00 8.1089405e-233 3.0540740e-36
1.3063063e+00 0.0000000e+00 9.7451216e-236 1.7397264e-36
1.3093093e+00 0.0000000e+00 1.5672280e-238 1.7237249e-36
1.3123123e+00 0.0000000e+00 3.5551497e-241 1.2778351e-36
1.3153153e+00 0.0000000e+00 2.7188024e-244 5.4477055e-37
1.3183183e+00 0.0000000e+00 3.3220292e-247 4.8975122e-37
1.3213213e+00 0.0000000e+00 9.9374354e-250 6.1997142e-37
1.3243243e+00 0.0000000e+00 1.5573459e-252 9.1404997e-37
1.3273273e+00 0.0000000e+00 7.6013826e-255 6.8651907e-37
1.3303303e+00 0.0000000e+00 6.9532497e-258 1.0367394e-36
1.3333333e+00 0.0000000e+00 9.5338808e-261 6.6041747e-37
1.3363363e+00 0.0000000e+00 2.2284181e-263 5.0221417e-37
1.3393393e+00 0.0000000e+00 2.3239815e-266 3.5534505e-37
1.3423423e+00 0.0000000e+00 3.2909227e-269 3.1360079e-37
1.3453453e+00 0.0000000e+00 3.1242724e-272 3.9204240e-37
1.3483483e+00 0.0000000e+00 1.8698906e-275 3.7172341e-37
1.3513514e+00 0.0000000e+00 2.8684448e-278 2.0568463e-37
1.3543544e+00 0.0000000e+00 2.2021136e-281 2.5828272e-37
1.3573574e+00 0.0000000e+00 2.3723668e-284 2.2276499e-37
1.3603604e+00 0.0000000e+00 2.7950986e-287 1.5820030e-37
1.3633634e+00 0.0000000e+00 9.4842683e-290 2.3707584e-37
1.3663664e+00 0.0000000e+00 1.0632754e-292 2.5114893e-37
1.3693694e+00 0.0000000e+00 9.7753654e-296 2.2179113e-37
1.3723724e+00 0.0000000e+00 4.2504209e-299 3.0168564e-37
1.3753754e+00 0.0000000e+00 3.7893560e-302 3.0246458e-37
1.3783784e+00 0.0000000e+00 8.6263542e-305 2.6692128e-37
1.3813814e+00 0.0000000e+00 9.7287178e-308 3.3027489e-37
1.3843844e+00 0.0000000e+00 9.9048142e-311 5.3222438e-37
1.3873874e+00 0.0000000e+00 3.7289247e-313 5.4656948e-37
1.3903904e+00 0.0000000e+00 2.4533172e-315 6.1130829e-37
1.3933934e+00 0.0000000e+00 2.2699550e-318 7.9868497e-37
1.3963964e+00 0.0000000e+00 2.7272424e-321 5.9847228e-37
1.3993994e+00 0.0000000e+00 0.0000000e+00 1.0817856e-36
1.4024024e+00 0.0000000e+00 0.0000000e+00 7.1239097e-37
1.4054054e+00 0.0000000e+00 0.0000000e+00 7.8453851e-37
1.4084084e+00 0.0000000e+00 0.0000000e+00 1.3674783e-36
1.4114114e+00 0.0000000e+00 0.0000000e+00 1.7403870e-36
1.4144144e+00 0.0000000e+00 0.0000000e+00 1.8172409e-36
1.4174174e+00 0.0000000e+00 0.0000000e+00 1.7447199e-36
1.4204204e+00 0.0000000e+00 0.0000000e+00 2.1092357e-36
1.4234234e+00 0.0000000e+00 0.0000000e+00 2.3608181e-36
1.4264264e+00 0.0000000e+00 0.0000000e+00 1.9745204e-36
1.4294294e+00 0.0000000e+00 0.0000000e+00 1.8440812e-36
1.4324324e+00 0.0000000e+00 0.0000000e+00 1.4710512e-36
1.4354354e+00 0.0000000e+00 0.0000000e+00 3.5550073e-36
1.4384384e+00 0.0000000e+00 0.0000000e+00 2.9961519e-36
1.4414414e+00 0.0000000e+00 0.0000000e+00 2.2878040e-36
1.4444444e+00 0.0000000e+00 0.0000000e+00 4.6092497e-36
1.4474474e+00 0.0000000e+00 0.0000000e+00 3.5715307e-36
1.4504505e+00 0.0000000e+00 0.0000000e+00 2.3478536e-36
1.4534535e+00 0.0000000e+00 0.0000000e+00 2.3641677e-36
1.4564565e+00 0.0000000e+00 0.0000000e+00 2.9812992e-36
1.4594595e+00 0.0000000e+00 0.0000000e+00 1.2624116e-36
1.4624625e+00 0.0000000e+00 0.0000000e+00 2.3222254e-36
1.4654655e+00 0.0000000e+00 0.0000000e+00 1.7812909e-36
1.4684685e+00 0.0000000e+00 0.0000000e+00 1.2134355e-36
1.4714715e+00 0.0000000e+00 0.0000000e+00 1.2968313e-36
1.4744745e+00 0.0000000e+00 0.0000000e+00 9.5132918e-37
1.4774775e+00 0.0000000e+00 0.0000000e+00 7.6504668e-37
1.4804805e+00 0.0000000e+00 0.0000000e+00 1.1471424e-36
1.4834835e+00 0.0000000e+00 0.0000000e+00 8.1448078e-37
1.4864865e+00 0.0000000e+00 0.0000000e+00 4.0179703e-37
1.4894895e+00 0.0000000e+00 0.0000000e+00 6.4720669e-37
1.4924925e+00 0.0000000e+00 0.0000000e+00 4.9790709e-37
1.4954955e+00 0.0000000e+00 0.0000000e+00 7.6890488e-37
1.4984985e+00 0.0000000e+00 0.0000000e+00 5.9820931e-37
1.5015015e+00 0.0000000e+00 0.0000000e+00 6.7494360e-37
1.5045045e+00 0.0000000e+00 0.0000000e+00 4.6170252e-37
1.5075075e+00 0.0000000e+00 0.0000000e+00 4.4015473e-37
1.5105105e+00 0.0000000e+00 0.0000000e+00 3.2733387e-37
1.5135135e+00 0.0000000e+00 0.0000000e+00 2.7775314e-37
1.5165165e+00 0.0000000e+00 0.0000000e+00 2.5960422e-37
1.5195195e+00 0.0000000e+00 0.0000000e+00 1.7310269e-37
1.5225225e+00 0.0000000e+00 0.0000000e+00 1.1941726e-37
1.5255255e+00 0.0000000e+00 0.0000000e+00 7.4177583e-38
1.5285285e+00 0.0000000e+00 0.0000000e+00 7.0300950e-38
1.5315315e+00 0.0000000e+00 0.0000000e+00 6.7672337e-38
1.5345345e+00 0.0000000e+00 0.0000000e+00 2.7336231e-38
1.5375375e+00 0.0000000e+00 0.0000000e+00 5.4153463e-38
1.5405405e+00 0.0000000e+00 0.0000000e+00 5.9881134e-38
1.5435435e+00 0.0000000e+00 0.0000000e+00 4.9889400e-38
1.5465465e+00 0.0000000e+00 0.0000000e+00 3.9028555e-38
1.5495495e+00 0.0000000e+00 0.0000000e+00 2.4690859e-38
1.5525526e+00 0.0000000e+00 0.0000000e+00 1.9037467e-38
1.5555556e+00 0.0000000e+00 0.0000000e+00 1.4136688e-38
1.5585586e+00 0.0000000e+00 0.0000000e+00 1.2777174e-38
1.5615616e+00 0.0000000e+00 0.0000000e+00 1.3998995e-38
1.5645646e+00 0.0000000e+00 0.0000000e+00 1.2040381e-38
1.5675676e+00 0.0000000e+00 0.0000000e+00 1.1711767e-38
1.5705706e+00 0.0000000e+00 0.0000000e+00 8.1778813e-39
1.5735736e+00 0.0000000e+00 0.0000000e+00 4.8739869e-39
1.5765766e+00 0.0000000e+00 0.0000000e+00 3.6810184e-39
1.5795796e+00 0.0000000e+00 0.0000000e+00 1.6254945e-39
1.5825826e+00 0.0000000e+00 0.0000000e+00 1.3842546e-39
1.5855856e+00 0.0000000e+00 0.0000000e+00 1.9269583e-39
1.5885886e+00 0.0000000e+00 0.0000000e+00 1.2871089e-39
1.5915916e+00 0.0000000e+00 0.0000000e+00 8.9803669e-40
1.5945946e+00 0.0000000e+00 0.0000000e+00 1.1159243e-39
1.5975976e+00 0.0000000e+00 0.0000000e+00 1.4507211e-39
1.6006006e+00 0.0000000e+00 0.0000000e+00 1.7519602e-39
1.6036036e+00 0.0000000e+00 0.0000000e+00 1.0735810e-39
1.6066066e+00 0.0000000e+00 0.0000000e+00 4.4325895e-40
1.6096096e+00 0.0000000e+00 0.0000000e+00 2.9744747e-40
1.6126126e+00 0.0000000e+00 0.0000000e+00 1.4808567e-40
1.6156156e+00 0.0000000e+00 0.0000000e+00 2.3665097e-40
1.6186186e+00 0.0000000e+00 0.0000000e+00 2.6162638e-40
1.6216216e+00 0.0000000e+00 0.0000000e+00 1.6247945e-40
1.6246246e+00 0.0000000e+00 0.0000000e+00 1.8694693e-40
1.6276276e+00 0.0000000e+00 0.0000000e+00 1.4778355e-40
1.6306306e+00 0.0000000e+00 0.0000000e+00 1.5297054e-40
1.6336336e+00 0.0000000e+00 0.0000000e+00 1.5483327e-40
1.6366366e+00 0.0000000e+00 0.0000000e+00 1.5702710e-40
1.6396396e+00 0.0000000e+00 0.0000000e+00 1.4250424e-40
1.6426426e+00 0.0000000e+00 0.0000000e+00 1.2722399e-40
1.6456456e+00 0.0000000e+00 0.0000000e+00 1.1916233e-40
1.6486486e+00 0.0000000e+00 0.0000000e+00 8.6888360e-41
1.6516517e+00 0.0000000e+00 0.0000000e+00 8.0642580e-41
1.6546547e+00 0.0000000e+00 0.0000000e+00 1.0792812e-40
1.6576577e+00 0.0000000e+00 0.0000000e+00 5.4728050e-41
1.6606607e+00 0.0000000e+00 0.0000000e+00 5.7910662e-41
1.6636637e+00 0.0000000e+00 0.0000000e+00 8.9417104e-41
1.6666667e+00 0.0000000e+00 0.0000000e+00 8.6285273e-41
1.6696697e+00 0.0000000e+00 0.0000000e+00 5.8645188e-41
1.6726727e+00 0.0000000e+00 0.0000000e+00 3.0098936e-41
1.6756757e+00 0.0000000e+00 0.0000000e+00 2.1157622e-41
1.6786787e+00 0.0000000e+00 0.0000000e+00 2.3949940e-41
1.6816817e+00 0.0000000e+00 0.0000000e+00 3.0216626e-41
1.6846847e+00 0.0000000e+00 0.0000000e+00 3.1922716e-41
1.6876877e+00 0.0000000e+00 0.0000000e+00 1.8128831e-41
1.6906907e+00 0.0000000e+00 0.0000000e+00 2.2052946e-41
1.6936937e+00 0.0000000e+00 0.0000000e+00 1.7346539e-41
1.6966967e+00 0.0000000e+00 0.0000000e+00 8.0405848e-42
1.6996997e+00 0.0000000e+00 0.0000000e+00 7.9577803e-42
1.7027027e+00 0.0000000e+00 0.0000000e+00 7.4080424e-42
1.7057057e+00 0.0000000e+00 0.0000000e+00 4.6791867e-42
1.7087087e+00 0.0000000e+00 0.0000000e+00 8.1503435e-42
1.7117117e+00 0.0000000e+00 0.0000000e+00 9.3631551e-42
1.7147147e+00 0.0000000e+00 0.0000000e+00 4.1477149e-42
1.7177177e+00 0.0000000e+00 0.0000000e+00 2.0789923e-42
1.7207207e+00 0.0000000e+00 0.0000000e+00 1.4795931e-42
1.7237237e+00 0.0000000e+00 0.0000000e+00 1.3071939e-42
1.7267267e+00 0.0000000e+00 0.0000000e+00 1.0670624e-42
1.7297297e+00 0.0000000e+00 0.0000000e+00 6.7137683e-43
1.7327327e+00 0.0000000e+00 0.0000000e+00 5.5302810e-43
1.7357357e+00 0.0000000e+00 0.0000000e+00 4.9295304e-43
1.7387387e+00 0.0000000e+00 0.0000000e+00 3.2708860e-43
1.7417417e+00 0.0000000e+00 0.0000000e+00 4.2930861e-43
1.7447447e+00 0.0000000e+00 0.0000000e+00 4.8698278e-43
1.7477477e+00 0.0000000e+00 0.0000000e+00 4.5420425e-43
1.7507508e+00 0.0000000e+00 0.0000000e+00 4.5401985e-43
1.7537538e+00 0.0000000e+00 0.0000000e+00 2.8825196e-43
1.7567568e+00 0.0000000e+00 0.0000000e+00 2.6624299e-43
1.7597598e+00 0.0000000e+00 0.0000000e+00 2.1582001e-43
1.7627628e+00 0.0000000e+00 0.0000000e+00 1.1904430e-43
1.7657658e+00 0.0000000e+00 0.0000000e+00 6.1865822e-44
1.7687688e+00 0.0000000e+00 0.0000000e+00 2.5883851e-44
1.7717718e+00 0.0000000e+00 0.0000000e+00 2.1522374e-44
1.7747748e+00 0.0000000e+00 0.0000000e+00 1.1326380e-44
1.7777778e+00 0.0000000e+00 0.0000000e+00 5.6721847e-45
1.7807808e+00 0.0000000e+00 0.0000000e+00 6.0275956e-45
1.7837838e+00 0.0000000e+00 0.0000000e+00 6.0203026e-45
1.7867868e+00 0.0000000e+00 0.0000000e+00 3.4115147e-45
1.7897898e+00 0.0000000e+00 0.0000000e+00 4.7490180e-45
1.7927928e+00 0.0000000e+00 0.0000000e+00 1.9308032e-45
1.7957958e+00 0.0000000e+00 0.0000000e+00 1.2637373e-45
1.7987988e+00 0.0000000e+00 0.0000000e+00 9.4288656e-46
1.8018018e+00 0.0000000e+00 0.0000000e+00 7.9671970e-46
1.8048048e+00 0.0000000e+00 0.0000000e+00 7.5838885e-46
1.8078078e+00 0.0000000e+00 0.0000000e+00 3.8058441e-46
1.8108108e+00 0.0000000e+00 0.0000000e+00 1.5044898e-46
1.8138138e+00 0.0000000e+00 0.0000000e+00 5.7089279e-47
1.8168168e+00 0.0000000e+00 0.0000000e+00 3.9149660e-47
1.8198198e+00 0.0000000e+00 0.0000000e+00 3.3322820e-47
1.8228228e+00 0.0000000e+00 0.0000000e+00 1.0876873e-47
1.8258258e+00 0.0000000e+00 0.0000000e+00 1.1792913e-47
1.8288288e+00 0.0000000e+00 0.0000000e+00 3.5824172e-48
1.8318318e+00 0.0000000e+00 0.0000000e+00 2.3539857e-48
1.8348348e+00 0.0000000e+00 0.0000000e+00 1.2323271e-48
1.8378378e+00 0.0000000e+00 0.0000000e+00 6.6340045e-49
1.8408408e+00 0.0000000e+00 0.0000000e+00 1.7322907e-49
1.8438438e+00 0.0000000e+00 0.0000000e+00 7.2789634e-50
1.8468468e+00 0.0000000e+00 0.0000000e+00 3.5344014e-50
1.8498498e+00 0.0000000e+00 0.0000000e+00 5.3635536e-50
1.8528529e+00 0.0000000e+00 0.0000000e+00 3.9117766e-50
1.8558559e+00 0.0000000e+00 0.0000000e+00 1.9852236e-50
1.8588589e+00 0.0000000e+00 0.0000000e+00 9.0410110e-51
1.8618619e+00 0.0000000e+00 0.0000000e+00 7.9407421e-51
1.8648649e+00 0.0000000e+00 0.0000000e+00 1.4402080e-51
1.8678679e+00 0.0000000e+00 0.0000000e+00 3.4999898e-52
1.8708709e+00 0.0000000e+00 0.0000000e+00 1.5885562e-52
1.8738739e+00 0.0000000e+00 0.0000000e+00 4.4775733e-53
1.8768769e+00 0.0000000e+00 0.0000000e+00 1.1706482e-53
1.8798799e+00 0.0000000e+00 0.0000000e+00 4.1605392e-54
1.8828829e+00 0.0000000e+00 0.0000000e+00 3.9000339e-55
1.8858859e+00 0.0000000e+00 0.0000000e+00 1.4816127e-55
1.8888889e+00 0.0000000e+00 0.0000000e+00 6.9368437e-56
1.8918919e+00 0.0000000e+00 0.0000000e+00 2.7329161e-56
1.8948949e+00 0.0000000e+00 0.0000000e+00 1.0021372e-56
1.8978979e+00 0.0000000e+00 0.0000000e+00 9.8976162e-57
1.9009009e+00 0.0000000e+00 0.0000000e+00 4.4919532e-57
1.9039039e+00 0.0000000e+00 0.0000000e+00 1.1349290e-57
1.9069069e+00 0.0000000e+00 0.0000000e+00 1.1735008e-58
1.9099099e+00 0.0000000e+00 0.0000000e+00 3.1929627e-59
1.9129129e+00 0.0000000e+00 0.0000000e+00 1.7654897e-60
1.9159159e+00 0.0000000e+00 0.0000000e+00 3.1271115e-61
1.9189189e+00 0.0000000e+00 0.0000000e+00 3.7230189e-62
1.9219219e+00 0.0000000e+00 0.0000000e+00 5.3944831e-63
1.9249249e+00 0.0000000e+00 0.0000000e+00 4.2879677e-64
1.9279279e+00 0.0000000e+00 0.0000000e+00 5.3530455e-65
1.9309309e+00 0.0000000e+00 0.0000000e+00 6.1700902e-66
1.9339339e+00 0.0000000e+00 0.0000000e+00 1.9915928e-66
1.9369369e+00 0.0000000e+00 0.0000000e+00 2.6168643e-67
1.9399399e+00 0.0000000e+00 0.0000000e+00 3.0274018e-68
1.9429429e+00 0.0000000e+00 0.0000000e+00 2.7374743e-69
1.9459459e+00 0.0000000e+00 0.0000000e+00 5.6362321e-70
1.9489489e+00 0.0000000e+00 0.0000000e+00 6.1458582e-71
1.9519520e+00 0.0000000e+00 0.0000000e+00 3.5540133e-72
1.9549550e+00 0.0000000e+00 0.0000000e+00 2.4289477e-73
1.9579580e+00 0.0000000e+00 0.0000000e+00 3.5148807e-74
1.9609610e+00 0.0000000e+00 0.0000000e+00 1.1063209e-75
1.9639640e+00 0.0000000e+00 0.0000000e+00 3.7109958e-77
1.9669670e+00 0.0000000e+00 0.0000000e+00 3.9476205e-78
1.9699700e+00 0.0000000e+00 0.0000000e+00 1.2496998e-79
1.9729730e+00 0.0000000e+00 0.0000000e+00 2.5058569e-81
1.9759760e+00 0.0000000e+00 0.0000000e+00 9.6897165e-83
1.9789790e+00 0.0000000e+00 0.0000000e+00 3.2365017e-84
1.9819820e+00 0.0000000e+00 0.0000000e+00 8.7131673e-86
1.9849850e+00 0.0000000e+00 0.0000000e+00 9.3195940e-88
1.9879880e+00 0.0000000e+00 0.0000000e+00 9.1859614e-90
1.9909910e+00 0.0000000e+00 0.0000000e+00 2.2297964e-91
1.9939940e+00 0.0000000e+00 0.0000000e+00 2.7341682e-93
1.9969970e+00 0.0000000e+00 0.0000000e+00 3.7887368e-95
2.0000000e+00 0.0000000e+00 0.0000000e+00 1.8308384e-96
2.0030030e+00 0.0000000e+00 0.0000000e+00 8.0942512e-99
2.0060060e+00 0.0000000e+00 0.0000000e+00 7.3642585e-101
2.0090090e+00 0.0000000e+00 0.0000000e+00 2.4504774e-103
2.0120120e+00 0.0000000e+00 0.0000000e+00 1.4200632e-105
2.0150150e+00 0.0000000e+00 0.0000000e+00 7.9824761e-108
2.0180180e+00 0.0000000e+00 0.0000000e+00 4.6440143e-110
2.0210210e+00 0.0000000e+00 0.0000000e+00 1.6370093e-112
2.0240240e+00 0.0000000e+00 0.0000000e+00 2.8613068e-115
2.0270270e+00 0.0000000e+00 0.0000000e+00 1.1716592e-117
2.0300300e+00 0.0000000e+00 0.0000000e+00 3.6348183e-120
2.0330330e+00 0.0000000e+00 0.0000000e+00 6.7754888e-123
2.0360360e+00 0.0000000e+00 0.0000000e+00 9.6850732e-126
2.0390390e+00 0.0000000e+00 0.0000000e+00 1.6211340e-128
2.0420420e+00 0.0000000e+00 0.0000000e+00 3.8214247e-131
2.0450450e+00 0.0000000e+00 0.0000000e+00 4.5665654e-134
2.0480480e+00 0.0000000e+00 0.0000000e+00 8.0649999e-137
2.0510511e+00 0.0000000e+00 0.0000000e+00 5.3000366e-140
2.0540541e+00 0.0000000e+00 0.0000000e+00 4.4532778e-143
2.0570571e+00 0.0000000e+00 0.0000000e+00 3.5968578e-146
2.0600601e+00 0.0000000e+00 0.0000000e+00 3.3495467e-149
2.0630631e+00 0.0000000e+00 0.0000000e+00 1.4048536e-152
2.0660661e+00 0.0000000e+00 0.0000000e+00 6.3849307e-156
2.0690691e+00 0.0000000e+00 0.0000000e+00 2.0681719e-159
2.0720721e+00 0.0000000e+00 0.0000000e+00 8.3594365e-163
2.0750751e+00 0.0000000e+00 0.0000000e+00 2.9942348e-166
2.0780781e+00 0.0000000e+00 0.0000000e+00 2.3003662e-169
2.0810811e+00 0.0000000e+00 0.0000000e+00 8.3858983e-173
2.0840841e+00 0.0000000e+00 0.0000000e+00 1.7819952e-176
2.0870871e+00 0.0000000e+00 0.0000000e+00 3.7537321e-180
2.0900901e+00 0.0000000e+00 0.0000000e+00 6.6502598e-184
2.0930931e+00 0.0000000e+00 0.0000000e+00 2.0167037e-187
2.0960961e+00 0.0000000e+00 0.0000000e+00 3.0095124e-191
2.0990991e+00 0.0000000e+00 0.0000000e+00 4.4993484e-195
2.1021021e+00 0.0000000e+00 0.0000000e+00 6.1340852e-199
2.1051051e+00 0.0000000e+00 0.0000000e+00 6.9836788e-203
2.1081081e+00 0.0000000e+00 0.0000000e+00 7.2654112e-207
2.1111111e+00 0.0000000e+00 0.0000000e+00 7.2469399e-211
2.1141141e+00 0.0000000e+00 0.0000000e+00 6.2425698e-215
2.1171171e+00 0.0000000e+00 0.0000000e+00 4.9136855e-219
2.1201201e+00 0.0000000e+00 0.0000000e+00 3.5341625e-223
2.1231231e+00 0.0000000e+00 0.0000000e+00 2.3227415e-227
2.1261261e+00 0.0000000e+00 0.0000000e+00 1.3949237e-231
2.1291291e+00 0.0000000e+00 0.0000000e+00 7.7008126e-236
2.1321321e+00 0.0000000e+00 0.0000000e+00 3.8944304e-240
2.1351351e+00 0.0000000e+00 0.0000000e+00 1.7927326e-244
2.1381381e+00 0.0000000e+00 0.0000000e+00 7.5192226e-249
2.1411411e+00 0.0000000e+00 0.0000000e+00 2.8818501e-253
2.1441441e+00 0.0000000e+00 0.0000000e+00 1.0092782e-257
2.1471471e+00 0.0000000e+00 0.0000000e+00 3.2299179e-262
2.1501502e+00 0.0000000e+00 0.0000000e+00 9.4452447e-267
2.1531532e+00 0.0000000e+00 0.0000000e+00 2.5239231e-271
2.1561562e+00 0.0000000e+00 0.0000000e+00 6.1628310e-276
2.1591592e+00 0.0000000e+00 0.0000000e+00 1.3750726e-280
2.1621622e+00 0.0000000e+00 0.0000000e+00 2.8035759e-285
2.1651652e+00 0.0000000e+00 0.0000000e+00 5.2232443e-290
2.1681682e+00 0.0000000e+00 0.0000000e+00 8.9288830e-295
2.1711712e+00 0.0000000e+00 0.0000000e+00 1.3993789e-299
2.1741742e+00 0.0000000e+00 0.0000000e+00 2.0040510e-304
2.1771772e+00 0.0000000e+00 0.0000000e+00 2.6225120e-309
2.1801802e+00 0.0000000e+00 0.0000000e+00 3.1358945e-314
2.1831832e+00 0.0000000e+00 0.0000000e+00 3.4264441e-319
2.1861862e+00 0.0000000e+00 0.0000000e+00 4.9406565e-324
2.1891892e+00 0.0000000e+00 0.0000000e+00 0.0000000e+00
2.1921922e+00 0.0000000e+00 0.0000000e+00 0.0000000e+00
2.1951952e+00 0.0000000e+00 0.0000000e+00 0.0000000e+00
2.1981982e+00 0.0000000e+00 0.0000000e+00 0.0000000e+00
2.2012012e+00 0.0000000e+00 0.0000000e+00 0.0000000e+00
2.2042042e+00 0.0000000e+00 0.0000000e+00 0.0000000e+00
2.2072072e+00 0.0000000e+00 0.0000000e+00 0.0000000e+00
2.2102102e+00 0.0000000e+00 0.0000000e+00 0.0000000e+00
2.2132132e+00 0.0000000e+00 0.0000000e+00 0.0000000e+00
2.2162162e+00 0.0000000e+00 0.0000000e+00 0.0000000e+00
2.2192192e+00 0.0000000e+00 0.0000000e+00 0.0000000e+00
2.2222222e+00 0.0000000e+00 0.0000000e+00 0.0000000e+00
2.2252252e+00 0.0000000e+00 0.0000000e+00 0.0000000e+00
2.2282282e+00 0.0000000e+00 0.0000000e+00 0.0000000e+00
2.2312312e+00 0.0000000e+00 0.0000000e+00 0.0000000e+00
2.2342342e+00 0.0000000e+00 0.0000000e+00 0.0000000e+00
2.2372372e+00 0.0000000e+00 0.0000000e+00 0.0000000e+00
2.2402402e+00 0.0000000e+00 0.0000000e+00 0.0000000e+00
2.2432432e+00 0.0000000e+00 0.0000000e+00 0.0000000e+00
2.2462462e+00 0.0000000e+00 0.0000000e+00 0.0000000e+00
2.2492492e+00 0.0000000e+00 0.0000000e+00 0.0000000e+00
2.2522523e+00 0.0000000e+00 0.0000000e+00 0.0000000e+00
2.2552553e+00 0.0000000e+00 0.0000000e+00 0.0000000e+00
2.2582583e+00 0.0000000e+00 0.0000000e+00 0.0000000e+00
2.2612613e+00 0.0000000e+00 0.0000000e+00 0.0000000e+00
2.2642643e+00 0.0000000e+00 0.0000000e+00 0.0000000e+00
2.2672673e+00 0.0000000e+00 0.0000000e+00 0.0000000e+00
2.2702703e+00 0.0000000e+00 0.0000000e+00 0.0000000e+00
2.2732733e+00 0.0000000e+00 0.0000000e+00 0.0000000e+00
2.2762763e+00 0.0000000e+00 0.0000000e+00 0.0000000e+00
2.2792793e+00 0.0000000e+00 0.0000000e+00 0.0000000e+00
2.2822823e+00 0.0000000e+00 0.0000000e+00 0.0000000e+00
2.2852853e+00 0.0000000e+00 0.0000000e+00 0.0000000e+00
2.2882883e+00 0.0000000e+00 0.0000000e+00 0.0000000e+00
2.2912913e+00 0.0000000e+00 0.0000000e+00 0.0000000e+00
2.2942943e+00 0.0000000e+00 0.0000000e+00 0.0000000e+00
2.2972973e+00 0.0000000e+00 0.0000000e+00 0.0000000e+00
2.3003003e+00 0.0000000e+00 0.0000000e+00 0.0000000e+00
2.3033033e+00 0.0000000e+00 0.0000000e+00 0.0000000e+00
2.3063063e+00 0.0000000e+00 0.0000000e+00 0.0000000e+00
2.3093093e+00 0.0000000e+00 0.0000000e+00 0.0000000e+00
2.3123123e+00 0.0000000e+00 0.0000000e+00 0.0000000e+00
2.3153153e+00 0.0000000e+00 0.0000000e+00 0.0000000e+00
2.3183183e+00 0.0000000e+00 0.0000000e+00 0.0000000e+00
2.3213213e+00 0.0000000e+00 0.0000000e+00 0.0000000e+00
2.3243243e+00 0.0000000e+00 0.0000000e+00 0.0000000e+00
2.3273273e+00 0.0000000e+00 0.0000000e+00 0.0000000e+00
2.3303303e+00 0.0000000e+00 0.0000000e+00 0.0000000e+00
2.3333333e+00 0.0000000e+00 0.0000000e+00 0.0000000e+00
2.3363363e+00 0.0000000e+00 0.0000000e+00 0.0000000e+00
2.3393393e+00 0.0000000e+00 0.0000000e+00 0.0000000e+00
2.3423423e+00 0.0000000e+00 0.0000000e+00 0.0000000e+00
2.3453453e+00 0.0000000e+00 0.0000000e+00 0.0000000e+00
2.3483483e+00 0.0000000e+00 0.0000000e+00 0.0000000e+00
2.3513514e+00 0.0000000e+00 0.0000000e+00 0.0000000e+00
2.3543544e+00 0.0000000e+00 0.0000000e+00 0.0000000e+00
2.3573574e+00 0.0000000e+00 0.0000000e+00 0.0000000e+00
2.3603604e+00 0.0000000e+00 0.0000000e+00 0.0000000e+00
2.3633634e+00 0.0000000e+00 0.0000000e+00 0.0000000e+00
2.3663664e+00 0.0000000e+00 0.0000000e+00 0.0000000e+00
2.3693694e+00 0.0000000e+00 0.0000000e+00 0.0000000e+00
2.3723724e+00 0.0000000e+00 0.0000000e+00 0.0000000e+00
2.3753754e+00 0.0000000e+00 0.0000000e+00 0.0000000e+00
2.3783784e+00 0.0000000e+00 0.0000000e+00 0.0000000e+00
2.3813814e+00 0.0000000e+00 0.0000000e+00 0.0000000e+00
2.3843844e+00 0.0000000e+00 0.0000000e+00 0.0000000e+00
2.3873874e+00 0.0000000e+00 0.0000000e+00 0.0000000e+00
2.3903904e+00 0.0000000e+00 0.0000000e+00 0.0000000e+00
2.3933934e+00 0.0000000e+00 0.0000000e+00 0.0000000e+00
2.3963964e+00 0.0000000e+00 0.0000000e+00 0.0000000e+00
2.3993994e+00 0.0000000e+00 0.0000000e+00 0.0000000e+00
2.4024024e+00 0.0000000e+00 0.0000000e+00 0.0000000e+00
2.4054054e+00 0.0000000e+00 0.0000000e+00 0.0000000e+00
2.4084084e+00 0.0000000e+00 0.0000000e+00 0.0000000e+00
2.4114114e+00 0.0000000e+00 0.0000000e+00 0.0000000e+00
2.4144144e+00 0.0000000e+00 0.0000000e+00 0.0000000e+00
2.4174174e+00 0.0000000e+00 0.0000000e+00 0.0000000e+00
2.4204204e+00 0.0000000e+00 0.0000000e+00 0.0000000e+00
2.4234234e+00 0.0000000e+00 0.0000000e+00 0.0000000e+00
2.4264264e+00 0.0000000e+00 0.0000000e+00 0.0000000e+00
2.4294294e+00 0.0000000e+00 0.0000000e+00 0.0000000e+00
2.4324324e+00 0.0000000e+00 0.0000000e+00 0.0000000e+00
2.4354354e+00 0.0000000e+00 0.0000000e+00 0.0000000e+00
2.4384384e+00 0.0000000e+00 0.0000000e+00 0.0000000e+00
2.4414414e+00 0.0000000e+00 0.0000000e+00 0.0000000e+00
2.4444444e+00 0.0000000e+00 0.0000000e+00 0.0000000e+00
2.4474474e+00 0.0000000e+00 0.0000000e+00 0.0000000e+00
2.4504505e+00 0.0000000e+00 0.0000000e+00 0.0000000e+00
2.4534535e+00 0.0000000e+00 0.0000000e+00 0.0000000e+00
2.4564565e+00 0.0000000e+00 0.0000000e+00 0.0000000e+00
2.4594595e+00 0.0000000e+00 0.0000000e+00 0.0000000e+00
2.4624625e+00 0.0000000e+00 0.0000000e+00 0.0000000e+00
2.4654655e+00 0.0000000e+00 0.0000000e+00 0.0000000e+00
2.4684685e+00 0.0000000e+00 0.0000000e+00 0.0000000e+00
2.4714715e+00 0.0000000e+00 0.0000000e+00 0.0000000e+00
2.4744745e+00 0.0000000e+00 0.0000000e+00 0.0000000e+00
2.4774775e+00 0.0000000e+00 0.0000000e+00 0.0000000e+00
2.4804805e+00 0.0000000e+00 0.0000000e+00 0.0000000e+00
2.4834835e+00 0.0000000e+00 0.0000000e+00 0.0000000e+00
2.4864865e+00 0.0000000e+00 0.0000000e+00 0.0000000e+00
2.4894895e+00 0.0000000e+00 0.0000000e+00 0.0000000e+00
2.4924925e+00 0.0000000e+00 0.0000000e+00 0.0000000e+00
2.4954955e+00 0.0000000e+00 0.0000000e+00 0.0000000e+00
2.4984985e+00 0.0000000e+00 0.0000000e+00 0.0000000e+00
2.5015015e+00 0.0000000e+00 0.0000000e+00 0.0000000e+00
2.5045045e+00 0.0000000e+00 0.0000000e+00 0.0000000e+00
2.5075075e+00 0.0000000e+00 0.0000000e+00 0.0000000e+00
2.5105105e+00 0.0000000e+00 0.0000000e+00 0.0000000e+00
2.5135135e+00 0.0000000e+00 0.0000000e+00 0.0000000e+00
2.5165165e+00 0.0000000e+00 0.0000000e+00 0.0000000e+00
2.5195195e+00 0.0000000e+00 0.0000000e+00 0.0000000e+00
2.5225225e+00 0.0000000e+00 0.0000000e+00 0.0000000e+00
2.5255255e+00 0.0000000e+00 0.0000000e+00 0.0000000e+00
2.5285285e+00 0.0000000e+00 0.0000000e+00 0.0000000e+00
2.5315315e+00 0.0000000e+00 0.0000000e+00 0.0000000e+00
2.5345345e+00 0.0000000e+00 0.0000000e+00 0.0000000e+00
2.5375375e+00 0.0000000e+00 0.0000000e+00 0.0000000e+00
2.5405405e+00 0.0000000e+00 0.0000000e+00 0.0000000e+00
2.5435435e+00 0.0000000e+00 0.0000000e+00 0.0000000e+00
2.5465465e+00 0.0000000e+00 0.0000000e+00 0.0000000e+00
2.5495495e+00 0.0000000e+00 0.0000000e+00 0.0000000e+00
2.5525526e+00 0.0000000e+00 0.0000000e+00 0.0000000e+00
2.5555556e+00 0.0000000e+00 0.0000000e+00 0.0000000e+00
2.5585586e+00 0.0000000e+00 0.0000000e+00 0.0000000e+00
2.5615616e+00 0.0000000e+00 0.0000000e+00 0.0000000e+00
2.5645646e+00 0.0000000e+00 0.0000000e+00 0.0000000e+00
2.5675676e+00 0.0000000e+00 0.0000000e+00 0.0000000e+00
2.5705706e+00 0.0000000e+00 0.0000000e+00 0.0000000e+00
2.5735736e+00 0.0000000e+00 0.0000000e+00 0.0000000e+00
2.5765766e+00 0.0000000e+00 0.0000000e+00 0.0000000e+00
2.5795796e+00 0.0000000e+00 0.0000000e+00 0.0000000e+00
2.5825826e+00 0.0000000e+00 0.0000000e+00 0.0000000e+00
2.5855856e+00 0.0000000e+00 0.0000000e+00 0.0000000e+00
2.5885886e+00 0.0000000e+00 0.0000000e+00 0.0000000e+00
2.5915916e+00 0.0000000e+00 0.0000000e+00 0.0000000e+00
2.5945946e+00 0.0000000e+00 0.0000000e+00 0.0000000e+00
2.5975976e+00 0.0000000e+00 0.0000000e+00 0.0000000e+00
2.6006006e+00 0.0000000e+00 0.0000000e+00 0.0000000e+00
2.6036036e+00 0.0000000e+00 0.0000000e+00 0.0000000e+00
2.6066066e+00 0.0000000e+00 0.0000000e+00 0.0000000e+00
2.6096096e+00 0.0000000e+00 0.0000000e+00 0.0000000e+00
2.6126126e+00 0.0000000e+00 0.0000000e+00 0.0000000e+00
2.6156156e+00 0.0000000e+00 0.0000000e+00 0.0000000e+00
2.6186186e+00 0.0000000e+00 0.0000000e+00 0.0000000e+00
2.6216216e+00 0.0000000e+00 0.0000000e+00 0.0000000e+00
2.6246246e+00 0.0000000e+00 0.0000000e+00 0.0000000e+00
2.6276276e+00 0.0000000e+00 0.0000000e+00 0.0000000e+00
2.6306306e+00 0.0000000e+00 0.0000000e+00 0.0000000e+00
2.6336336e+00 0.0000000e+00 0.0000000e+00 0.0000000e+00
2.6366366e+00 0.0000000e+00 0.0000000e+00 0.0000000e+00
2.6396396e+00 0.0000000e+00 0.0000000e+00 0.0000000e+00
2.6426426e+00 0.0000000e+00 0.0000000e+00 0.0000000e+00
2.6456456e+00 0.0000000e+00 0.0000000e+00 0.0000000e+00
2.6486486e+00 0.0000000e+00 0.0000000e+00 0.0000000e+00
2.6516517e+00 0.0000000e+00 0.0000000e+00 0.0000000e+00
2.6546547e+00 0.0000000e+00 0.0000000e+00 0.0000000e+00
2.6576577e+00 0.0000000e+00 0.0000000e+00 0.0000000e+00
2.6606607e+00 0.0000000e+00 0.0000000e+00 0.0000000e+00
2.6636637e+00 0.0000000e+00 0.0000000e+00 0.0000000e+00
2.6666667e+00 0.0000000e+00 0.0000000e+00 0.0000000e+00
2.6696697e+00 0.0000000e+00 0.0000000e+00 0.0000000e+00
2.6726727e+00 0.0000000e+00 0.0000000e+00 0.0000000e+00
2.6756757e+00 0.0000000e+00 0.0000000e+00 0.0000000e+00
2.6786787e+00 0.0000000e+00 0.0000000e+00 0.0000000e+00
2.6816817e+00 0.0000000e+00 0.0000000e+00 0.0000000e+00
2.6846847e+00 0.0000000e+00 0.0000000e+00 0.0000000e+00
2.6876877e+00 0.0000000e+00 0.0000000e+00 0.0000000e+00
2.6906907e+00 0.0000000e+00 0.0000000e+00 0.0000000e+00
2.6936937e+00 0.0000000e+00 0.0000000e+00 0.0000000e+00
2.6966967e+00 0.0000000e+00 0.0000000e+00 0.0000000e+00
2.6996997e+00 0.0000000e+00 0.0000000e+00 0.0000000e+00
2.7027027e+00 0.0000000e+00 0.0000000e+00 0.0000000e+00
2.7057057e+00 0.0000000e+00 0.0000000e+00 0.0000000e+00
2.7087087e+00 0.0000000e+00 0.0000000e+00 0.0000000e+00
2.7117117e+00 0.0000000e+00 0.0000000e+00 0.0000000e+00
2.7147147e+00 0.0000000e+00 0.0000000e+00 0.0000000e+00
2.7177177e+00 0.0000000e+00 0.0000000e+00 0.0000000e+00
2.7207207e+00 0.0000000e+00 0.0000000e+00 0.0000000e+00
2.7237237e+00 0.0000000e+00 0.0000000e+00 0.0000000e+00
2.7267267e+00 0.0000000e+00 0.0000000e+00 0.0000000e+00
2.7297297e+00 0.0000000e+00 0.0000000e+00 0.0000000e+00
2.7327327e+00 0.0000000e+00 0.0000000e+00 0.0000000e+00
2.7357357e+00 0.0000000e+00 0.0000000e+00 0.0000000e+00
2.7387387e+00 0.0000000e+00 0.0000000e+00 0.0000000e+00
2.7417417e+00 0.0000000e+00 0.0000000e+00 0.0000000e+00
2.7447447e+00 0.0000000e+00 0.0000000e+00 0.0000000e+00
2.7477477e+00 0.0000000e+00 0.0000000e+00 0.0000000e+00
2.7507508e+00 0.0000000e+00 0.0000000e+00 0.0000000e+00
2.7537538e+00 0.0000000e+00 0.0000000e+00 0.0000000e+00
2.7567568e+00 0.0000000e+00 0.0000000e+00 0.0000000e+00
2.7597598e+00 0.0000000e+00 0.0000000e+00 0.0000000e+00
2.7627628e+00 0.0000000e+00 0.0000000e+00 0.0000000e+00
2.7657658e+00 0.0000000e+00 0.0000000e+00 0.0000000e+00
2.7687688e+00 0.0000000e+00 0.0000000e+00 0.0000000e+00
2.7717718e+00 0.0000000e+00 0.0000000e+00 0.0000000e+00
2.7747748e+00 0.0000000e+00 0.0000000e+00 0.0000000e+00
2.7777778e+00 0.0000000e+00 0.0000000e+00 0.0000000e+00
2.7807808e+00 0.0000000e+00 0.0000000e+00 0.0000000e+00
2.7837838e+00 0.0000000e+00 0.0000000e+00 0.0000000e+00
2.7867868e+00 0.0000000e+00 0.0000000e+00 0.0000000e+00
2.7897898e+00 0.0000000e+00 0.0000000e+00 0.0000000e+00
2.7927928e+00 0.0000000e+00 0.0000000e+00 0.0000000e+00
2.7957958e+00 0.0000000e+00 0.0000000e+00 0.0000000e+00
2.7987988e+00 0.0000000e+00 0.0000000e+00 0.0000000e+00
2.8018018e+00 0.0000000e+00 0.0000000e+00 0.0000000e+00
2.8048048e+00 0.0000000e+00 0.0000000e+00 0.0000000e+00
2.8078078e+00 0.0000000e+00 0.0000000e+00 0.0000000e+00
2.8108108e+00 0.0000000e+00 0.0000000e+00 0.0000000e+00
2.8138138e+00 0.0000000e+00 0.0000000e+00 0.0000000e+00
2.8168168e+00 0.0000000e+00 0.0000000e+00 0.0000000e+00
2.8198198e+00 0.0000000e+00 0.0000000e+00 0.0000000e+00
2.8228228e+00 0.0000000e+00 0.0000000e+00 0.0000000e+00
2.8258258e+00 0.0000000e+00 0.0000000e+00 0.0000000e+00
2.8288288e+00 0.0000000e+00 0.0000000e+00 0.0000000e+00
2.8318318e+00 0.0000000e+00 0.0000000e+00 0.0000000e+00
2.8348348e+00 0.0000000e+00 0.0000000e+00 0.0000000e+00
2.8378378e+00 0.0000000e+00 0.0000000e+00 0.0000000e+00
2.8408408e+00 0.0000000e+00 0.0000000e+00 0.0000000e+00
2.8438438e+00 0.0000000e+00 0.0000000e+00 0.0000000e+00
2.8468468e+00 0.0000000e+00 0.0000000e+00 0.0000000e+00
2.8498498e+00 0.0000000e+00 0.0000000e+00 0.0000000e+00
2.8528529e+00 0.0000000e+00 0.0000000e+00 0.0000000e+00
2.8558559e+00 0.0000000e+00 0.0000000e+00 0.0000000e+00
2.8588589e+00 0.0000000e+00 0.0000000e+00 0.0000000e+00
2.8618619e+00 0.0000000e+00 0.0000000e+00 0.0000000e+00
2.8648649e+00 0.0000000e+00 0.0000000e+00 0.0000000e+00
2.8678679e+00 0.0000000e+00 0.0000000e+00 0.0000000e+00
2.8708709e+00 0.0000000e+00 0.0000000e+00 0.0000000e+00
2.8738739e+00 0.0000000e+00 0.0000000e+00 0.0000000e+00
2.8768769e+00 0.0000000e+00 0.0000000e+00 0.0000000e+00
2.8798799e+00 0.0000000e+00 0.0000000e+00 0.0000000e+00
2.8828829e+00 0.0000000e+00 0.0000000e+00 0.0000000e+00
2.8858859e+00 0.0000000e+00 0.0000000e+00 0.0000000e+00
2.8888889e+00 0.0000000e+00 0.0000000e+00 0.0000000e+00
2.8918919e+00 0.0000000e+00 0.0000000e+00 0.0000000e+00
2.8948949e+00 0.0000000e+00 0.0000000e+00 0.0000000e+00
2.8978979e+00 0.0000000e+00 0.0000000e+00 0.0000000e+00
2.9009009e+00 0.0000000e+00 0.0000000e+00 0.0000000e+00
2.9039039e+00 0.0000000e+00 0.0000000e+00 0.0000000e+00
2.9069069e+00 0.0000000e+00 0.0000000e+00 0.0000000e+00
2.9099099e+00 0.0000000e+00 0.0000000e+00 0.0000000e+00
2.9129129e+00 0.0000000e+00 0.0000000e+00 0.0000000e+00
2.9159159e+00 0.0000000e+00 0.0000000e+00 0.0000000e+00
2.9189189e+00 0.0000000e+00 0.0000000e+00 0.0000000e+00
2.9219219e+00 0.0000000e+00 0.0000000e+00 0.0000000e+00
2.9249249e+00 0.0000000e+00 0.0000000e+00 0.0000000e+00
2.9279279e+00 0.0000000e+00 0.0000000e+00 0.0000000e+00
2.9309309e+00 0.0000000e+00 0.0000000e+00 0.0000000e+00
2.9339339e+00 0.0000000e+00 0.0000000e+00 0.0000000e+00
2.9369369e+00 0.0000000e+00 0.0000000e+00 0.0000000e+00
2.9399399e+00 0.0000000e+00 0.0000000e+00 0.0000000e+00
2.9429429e+00 0.0000000e+00 0.0000000e+00 0.0000000e+00
2.9459459e+00 0.0000000e+00 0.0000000e+00 0.0000000e+00
2.9489489e+00 0.0000000e+00 0.0000000e+00 0.0000000e+00
2.9519520e+00 0.0000000e+00 0.0000000e+00 0.0000000e+00
2.9549550e+00 0.0000000e+00 0.0000000e+00 0.0000000e+00
2.9579580e+00 0.0000000e+00 0.0000000e+00 0.0000000e+00
2.9609610e+00 0.0000000e+00 0.0000000e+00 0.0000000e+00
2.9639640e+00 0.0000000e+00 0.0000000e+00 0.0000000e+00
2.9669670e+00 0.0000000e+00 0.0000000e+00 0.0000000e+00
2.9699700e+00 0.0000000e+00 0.0000000e+00 0.0000000e+00
2.9729730e+00 0.0000000e+00 0.0000000e+00 0.0000000e+00
2.9759760e+00 0.0000000e+00 0.0000000e+00 0.0000000e+00
2.9789790e+00 0.0000000e+00 0.0000000e+00 0.0000000e+00
2.9819820e+00 0.0000000e+00 0.0000000e+00 0.0000000e+00
2.9849850e+00 0.0000000e+00 0.0000000e+00 0.0000000e+00
2.9879880e+00 0.0000000e+00 0.0000000e+00 0.0000000e+00
2.9909910e+00 0.0000000e+00 0.0000000e+00 0.0000000e+00
2.9939940e+00 0.0000000e+00 0.0000000e+00 0.0000000e+00
2.9969970e+00 0.0000000e+00 0.0000000e+00 0.0000000e+00
3.0000000e+00 0.0000000e+00 0.0000000e+00 0.0000000e+00
