X KDE_INF KDE_MED KDE_SUP
5.0000000e+00 3.0516896e-06 8.9029919e-04 1.6039357e-02
5.0052553e+00 3.1757853e-06 9.1460084e-04 1.6344214e-02
5.0105105e+00 3.3052773e-06 9.4076863e-04 1.6648664e-02
5.0157658e+00 3.4400216e-06 9.6782107e-04 1.6958999e-02
5.0210210e+00 3.5806989e-06 9.9470393e-04 1.7267014e-02
5.0262763e+00 3.7274814e-06 1.0209301e-03 1.7588106e-02
5.0315315e+00 3.8769038e-06 1.0488273e-03 1.7921029e-02
5.0367868e+00 4.0345023e-06 1.0773843e-03 1.8249743e-02
5.0420420e+00 4.1990475e-06 1.1061049e-03 1.8583133e-02
5.0472973e+00 4.3674857e-06 1.1352010e-03 1.8930351e-02
5.0525526e+00 4.5425797e-06 1.1653419e-03 1.9256783e-02
5.0578078e+00 4.7228490e-06 1.1956664e-03 1.9593432e-02
5.0630631e+00 4.9060641e-06 1.2285062e-03 1.9934079e-02
5.0683183e+00 5.0960876e-06 1.2613683e-03 2.0289885e-02
5.0735736e+00 5.2975332e-06 1.2941046e-03 2.0638844e-02
5.0788288e+00 5.5016885e-06 1.3289828e-03 2.1023892e-02
5.0840841e+00 5.7194319e-06 1.3642817e-03 2.1400973e-02
5.0893393e+00 5.9459974e-06 1.4007377e-03 2.1769320e-02
5.0945946e+00 6.1825288e-06 1.4376291e-03 2.2167527e-02
5.0998498e+00 6.4300136e-06 1.4749929e-03 2.2536461e-02
5.1051051e+00 6.6795256e-06 1.5134014e-03 2.2909850e-02
5.1103604e+00 6.9402557e-06 1.5524491e-03 2.3315043e-02
5.1156156e+00 7.2125304e-06 1.5923555e-03 2.3709992e-02
5.1208709e+00 7.4925711e-06 1.6344192e-03 2.4125110e-02
5.1261261e+00 7.7833132e-06 1.6761186e-03 2.4543537e-02
5.1313814e+00 8.0918066e-06 1.7191293e-03 2.4955694e-02
5.1366366e+00 8.4003842e-06 1.7624479e-03 2.5363608e-02
5.1418919e+00 8.7170664e-06 1.8080268e-03 2.5751837e-02
5.1471471e+00 9.0570725e-06 1.8551997e-03 2.6185378e-02
5.1524024e+00 9.4114428e-06 1.9024332e-03 2.6603599e-02
5.1576577e+00 9.7764566e-06 1.9517219e-03 2.7043287e-02
5.1629129e+00 1.0153654e-05 2.0016158e-03 2.7487409e-02
5.1681682e+00 1.0531892e-05 2.0545561e-03 2.7940819e-02
5.1734234e+00 1.0919974e-05 2.1077978e-03 2.8387148e-02
5.1786787e+00 1.1321550e-05 2.1608063e-03 2.8843954e-02
5.1839339e+00 1.1753871e-05 2.2164988e-03 2.9315995e-02
5.1891892e+00 1.2209415e-05 2.2734921e-03 2.9782468e-02
5.1944444e+00 1.2682509e-05 2.3294183e-03 3.0277299e-02
5.1996997e+00 1.3173034e-05 2.3863534e-03 3.0775912e-02
5.2049550e+00 1.3677348e-05 2.4434830e-03 3.1254913e-02
5.2102102e+00 1.4203513e-05 2.5030778e-03 3.1736660e-02
5.2154655e+00 1.4725199e-05 2.5650510e-03 3.2241265e-02
5.2207207e+00 1.5286345e-05 2.6281109e-03 3.2772756e-02
5.2259760e+00 1.5871261e-05 2.6944236e-03 3.3291501e-02
5.2312312e+00 1.6479173e-05 2.7619711e-03 3.3816048e-02
5.2364865e+00 1.7079221e-05 2.8308107e-03 3.4338471e-02
5.2417417e+00 1.7703744e-05 2.9004913e-03 3.4858066e-02
5.2469970e+00 1.8338760e-05 2.9731968e-03 3.5472513e-02
5.2522523e+00 1.9011058e-05 3.0470829e-03 3.6005931e-02
5.2575075e+00 1.9722913e-05 3.1190503e-03 3.6547384e-02
5.2627628e+00 2.0457023e-05 3.1968321e-03 3.7120263e-02
5.2680180e+00 2.1219479e-05 3.2720683e-03 3.7633239e-02
5.2732733e+00 2.2014420e-05 3.3512549e-03 3.8166591e-02
5.2785285e+00 2.2825381e-05 3.4343554e-03 3.8682040e-02
5.2837838e+00 2.3657656e-05 3.5174763e-03 3.9249315e-02
5.2890390e+00 2.4495974e-05 3.5990886e-03 3.9825137e-02
5.2942943e+00 2.5387867e-05 3.6861777e-03 4.0417210e-02
5.2995495e+00 2.6319676e-05 3.7761244e-03 4.1008048e-02
5.3048048e+00 2.7286590e-05 3.8680271e-03 4.1615747e-02
5.3100601e+00 2.8269578e-05 3.9591640e-03 4.2255997e-02
5.3153153e+00 2.9261688e-05 4.0517036e-03 4.2867230e-02
5.3205706e+00 3.0277791e-05 4.1497880e-03 4.3469181e-02
5.3258258e+00 3.1326741e-05 4.2476376e-03 4.4102341e-02
5.3310811e+00 3.2442362e-05 4.3445291e-03 4.4716387e-02
5.3363363e+00 3.3589773e-05 4.4410547e-03 4.5346324e-02
5.3415916e+00 3.4755308e-05 4.5408680e-03 4.6041967e-02
5.3468468e+00 3.5967212e-05 4.6435426e-03 4.6678416e-02
5.3521021e+00 3.7230319e-05 4.7556745e-03 4.7293456e-02
5.3573574e+00 3.8515371e-05 4.8603587e-03 4.7959551e-02
5.3626126e+00 3.9878291e-05 4.9747653e-03 4.8664599e-02
5.3678679e+00 4.1315237e-05 5.0920143e-03 4.9276181e-02
5.3731231e+00 4.2760385e-05 5.2099754e-03 4.9932067e-02
5.3783784e+00 4.4222980e-05 5.3291463e-03 5.0586995e-02
5.3836336e+00 4.5739257e-05 5.4533107e-03 5.1236596e-02
5.3888889e+00 4.7333892e-05 5.5804752e-03 5.1938584e-02
5.3941441e+00 4.8996671e-05 5.7028047e-03 5.2615063e-02
5.3993994e+00 5.0710254e-05 5.8316541e-03 5.3218553e-02
5.4046547e+00 5.2482378e-05 5.9625791e-03 5.3898155e-02
5.4099099e+00 5.4324985e-05 6.0926032e-03 5.4599970e-02
5.4151652e+00 5.6219102e-05 6.2245314e-03 5.5297572e-02
5.4204204e+00 5.8230247e-05 6.3614283e-03 5.5967702e-02
5.4256757e+00 6.0265839e-05 6.5020537e-03 5.6669205e-02
5.4309309e+00 6.2348922e-05 6.6383746e-03 5.7364489e-02
5.4361862e+00 6.4603894e-05 6.7796982e-03 5.8044028e-02
5.4414414e+00 6.6839234e-05 6.9236827e-03 5.8751083e-02
5.4466967e+00 6.9139552e-05 7.0735461e-03 5.9470742e-02
5.4519520e+00 7.1530699e-05 7.2230045e-03 6.0228992e-02
5.4572072e+00 7.4067114e-05 7.3758183e-03 6.0982195e-02
5.4624625e+00 7.6601334e-05 7.5422163e-03 6.1734636e-02
5.4677177e+00 7.9235589e-05 7.7084198e-03 6.2494560e-02
5.4729730e+00 8.1898563e-05 7.8837125e-03 6.3249730e-02
5.4782282e+00 8.4661825e-05 8.0559159e-03 6.3988338e-02
5.4834835e+00 8.7666196e-05 8.2232021e-03 6.4756916e-02
5.4887387e+00 9.0562878e-05 8.3911118e-03 6.5496389e-02
5.4939940e+00 9.3619419e-05 8.5642787e-03 6.6275809e-02
5.4992492e+00 9.6845690e-05 8.7456114e-03 6.7039939e-02
5.5045045e+00 1.0006223e-04 8.9266466e-03 6.7821262e-02
5.5097598e+00 1.0326416e-04 9.1112621e-03 6.8557130e-02
5.5150150e+00 1.0658343e-04 9.2953424e-03 6.9301450e-02
5.5202703e+00 1.1010946e-04 9.4919640e-03 7.0040986e-02
5.5255255e+00 1.1375135e-04 9.6843019e-03 7.0893779e-02
5.5307808e+00 1.1750180e-04 9.8811960e-03 7.1647174e-02
5.5360360e+00 1.2142367e-04 1.0079823e-02 7.2442289e-02
5.5412913e+00 1.2543926e-04 1.0295752e-02 7.3267884e-02
5.5465465e+00 1.2960351e-04 1.0511495e-02 7.4069068e-02
5.5518018e+00 1.3384023e-04 1.0721976e-02 7.4886283e-02
5.5570571e+00 1.3830597e-04 1.0941050e-02 7.5735779e-02
5.5623123e+00 1.4301230e-04 1.1160748e-02 7.6607441e-02
5.5675676e+00 1.4754499e-04 1.1383065e-02 7.7374512e-02
5.5728228e+00 1.5224143e-04 1.1608435e-02 7.8111598e-02
5.5780781e+00 1.5715239e-04 1.1844278e-02 7.8893732e-02
5.5833333e+00 1.6228245e-04 1.2076072e-02 7.9736818e-02
5.5885886e+00 1.6756622e-04 1.2306922e-02 8.0541410e-02
5.5938438e+00 1.7316029e-04 1.2551522e-02 8.1354162e-02
5.5990991e+00 1.7877800e-04 1.2796645e-02 8.2252162e-02
5.6043544e+00 1.8450063e-04 1.3047214e-02 8.3024182e-02
5.6096096e+00 1.9042901e-04 1.3293000e-02 8.3879357e-02
5.6148649e+00 1.9643766e-04 1.3555848e-02 8.4622623e-02
5.6201201e+00 2.0277520e-04 1.3826220e-02 8.5374435e-02
5.6253754e+00 2.0938012e-04 1.4094966e-02 8.6190879e-02
5.6306306e+00 2.1624769e-04 1.4356443e-02 8.7141695e-02
5.6358859e+00 2.2329689e-04 1.4634586e-02 8.7881502e-02
5.6411411e+00 2.3060504e-04 1.4899375e-02 8.8692785e-02
5.6463964e+00 2.3791422e-04 1.5199776e-02 8.9493398e-02
5.6516517e+00 2.4512143e-04 1.5472909e-02 9.0422096e-02
5.6569069e+00 2.5303023e-04 1.5754012e-02 9.1211994e-02
5.6621622e+00 2.6094880e-04 1.6064560e-02 9.2020370e-02
5.6674174e+00 2.6935113e-04 1.6366395e-02 9.2849715e-02
5.6726727e+00 2.7807166e-04 1.6659108e-02 9.3745769e-02
5.6779279e+00 2.8670697e-04 1.6962097e-02 9.4493022e-02
5.6831832e+00 2.9548915e-04 1.7278430e-02 9.5300637e-02
5.6884384e+00 3.0488676e-04 1.7597331e-02 9.6243807e-02
5.6936937e+00 3.1414347e-04 1.7916212e-02 9.6962240e-02
5.6989489e+00 3.2416751e-04 1.8229657e-02 9.7681143e-02
5.7042042e+00 3.3433620e-04 1.8577534e-02 9.8495332e-02
5.7094595e+00 3.4459099e-04 1.8921785e-02 9.9294910e-02
5.7147147e+00 3.5499377e-04 1.9259560e-02 9.9948510e-02
5.7199700e+00 3.6541288e-04 1.9601710e-02 1.0041500e-01
5.7252252e+00 3.7605902e-04 1.9959606e-02 1.0116239e-01
5.7304805e+00 3.8778756e-04 2.0312446e-02 1.0206385e-01
5.7357357e+00 3.9947509e-04 2.0705169e-02 1.0298369e-01
5.7409910e+00 4.1156447e-04 2.1078422e-02 1.0382230e-01
5.7462462e+00 4.2441392e-04 2.1434037e-02 1.0478120e-01
5.7515015e+00 4.3702833e-04 2.1813295e-02 1.0578690e-01
5.7567568e+00 4.4968767e-04 2.2206857e-02 1.0681896e-01
5.7620120e+00 4.6260676e-04 2.2595448e-02 1.0771540e-01
5.7672673e+00 4.7630750e-04 2.3006725e-02 1.0880247e-01
5.7725225e+00 4.9086913e-04 2.3413496e-02 1.0981895e-01
5.7777778e+00 5.0538406e-04 2.3806151e-02 1.1098467e-01
5.7830330e+00 5.2047620e-04 2.4216254e-02 1.1209808e-01
5.7882883e+00 5.3522791e-04 2.4626706e-02 1.1315122e-01
5.7935435e+00 5.5123087e-04 2.5048369e-02 1.1428134e-01
5.7987988e+00 5.6730173e-04 2.5458152e-02 1.1532097e-01
5.8040541e+00 5.8384457e-04 2.5916411e-02 1.1652040e-01
5.8093093e+00 6.0042537e-04 2.6339358e-02 1.1755908e-01
5.8145646e+00 6.1802635e-04 2.6778527e-02 1.1850443e-01
5.8198198e+00 6.3611100e-04 2.7183009e-02 1.1962509e-01
5.8250751e+00 6.5454028e-04 2.7597336e-02 1.2076120e-01
5.8303303e+00 6.7286022e-04 2.8027215e-02 1.2211828e-01
5.8355856e+00 6.9152636e-04 2.8484564e-02 1.2313293e-01
5.8408408e+00 7.1127537e-04 2.8948932e-02 1.2426096e-01
5.8460961e+00 7.3143529e-04 2.9414445e-02 1.2545053e-01
5.8513514e+00 7.5285987e-04 2.9889663e-02 1.2681272e-01
5.8566066e+00 7.7446842e-04 3.0394996e-02 1.2790235e-01
5.8618619e+00 7.9644709e-04 3.0877158e-02 1.2899247e-01
5.8671171e+00 8.1942211e-04 3.1379494e-02 1.3030522e-01
5.8723724e+00 8.4298076e-04 3.1840631e-02 1.3153249e-01
5.8776276e+00 8.6638292e-04 3.2341313e-02 1.3276743e-01
5.8828829e+00 8.9122184e-04 3.2849462e-02 1.3400207e-01
5.8881381e+00 9.1598112e-04 3.3363050e-02 1.3520301e-01
5.8933934e+00 9.4184371e-04 3.3889400e-02 1.3639081e-01
5.8986486e+00 9.6887614e-04 3.4401228e-02 1.3757738e-01
5.9039039e+00 9.9534625e-04 3.4914554e-02 1.3885279e-01
5.9091592e+00 1.0247775e-03 3.5444174e-02 1.4003586e-01
5.9144144e+00 1.0550013e-03 3.5995434e-02 1.4121663e-01
5.9196697e+00 1.0849927e-03 3.6562929e-02 1.4252075e-01
5.9249249e+00 1.1152832e-03 3.7080796e-02 1.4387112e-01
5.9301802e+00 1.1465655e-03 3.7614635e-02 1.4511135e-01
5.9354354e+00 1.1777697e-03 3.8141959e-02 1.4648355e-01
5.9406907e+00 1.2089083e-03 3.8704783e-02 1.4783623e-01
5.9459459e+00 1.2419725e-03 3.9254437e-02 1.4902478e-01
5.9512012e+00 1.2756989e-03 3.9844815e-02 1.5017960e-01
5.9564565e+00 1.3113116e-03 4.0394359e-02 1.5141177e-01
5.9617117e+00 1.3497034e-03 4.0980987e-02 1.5262198e-01
5.9669670e+00 1.3859767e-03 4.1579385e-02 1.5378845e-01
5.9722222e+00 1.4243009e-03 4.2167745e-02 1.5495643e-01
5.9774775e+00 1.4639358e-03 4.2764855e-02 1.5627922e-01
5.9827327e+00 1.5042500e-03 4.3423488e-02 1.5748258e-01
5.9879880e+00 1.5429719e-03 4.4029231e-02 1.5889051e-01
5.9932432e+00 1.5822727e-03 4.4660942e-02 1.6001896e-01
5.9984985e+00 1.6224670e-03 4.5219277e-02 1.6135296e-01
6.0037538e+00 1.6639405e-03 4.5869953e-02 1.6247476e-01
6.0090090e+00 1.7087385e-03 4.6484069e-02 1.6371094e-01
6.0142643e+00 1.7524757e-03 4.7084634e-02 1.6484954e-01
6.0195195e+00 1.7999211e-03 4.7727967e-02 1.6603376e-01
6.0247748e+00 1.8488534e-03 4.8396137e-02 1.6721577e-01
6.0300300e+00 1.8990038e-03 4.8999312e-02 1.6852989e-01
6.0352853e+00 1.9507651e-03 4.9669575e-02 1.6955260e-01
6.0405405e+00 2.0040194e-03 5.0317832e-02 1.7050733e-01
6.0457958e+00 2.0564162e-03 5.0967128e-02 1.7183259e-01
6.0510511e+00 2.1100976e-03 5.1648472e-02 1.7300120e-01
6.0563063e+00 2.1640602e-03 5.2341976e-02 1.7398301e-01
6.0615616e+00 2.2196464e-03 5.3060266e-02 1.7525588e-01
6.0668168e+00 2.2763850e-03 5.3808487e-02 1.7631481e-01
6.0720721e+00 2.3389556e-03 5.4502083e-02 1.7737929e-01
6.0773273e+00 2.3994231e-03 5.5189200e-02 1.7852782e-01
6.0825826e+00 2.4569110e-03 5.5919457e-02 1.7969053e-01
6.0878378e+00 2.5183359e-03 5.6679590e-02 1.8088399e-01
6.0930931e+00 2.5836140e-03 5.7410189e-02 1.8190545e-01
6.0983483e+00 2.6501484e-03 5.8082407e-02 1.8296369e-01
6.1036036e+00 2.7170255e-03 5.8787151e-02 1.8396336e-01
6.1088589e+00 2.7821088e-03 5.9514048e-02 1.8506887e-01
6.1141141e+00 2.8480877e-03 6.0251957e-02 1.8607589e-01
6.1193694e+00 2.9221270e-03 6.1012899e-02 1.8706368e-01
6.1246246e+00 2.9964025e-03 6.1787900e-02 1.8798376e-01
6.1298799e+00 3.0691420e-03 6.2500142e-02 1.8874762e-01
6.1351351e+00 3.1431861e-03 6.3292278e-02 1.8960058e-01
6.1403904e+00 3.2177585e-03 6.4058799e-02 1.9059916e-01
6.1456456e+00 3.2990856e-03 6.4830655e-02 1.9163144e-01
6.1509009e+00 3.3788168e-03 6.5575252e-02 1.9256622e-01
6.1561562e+00 3.4577420e-03 6.6419694e-02 1.9350422e-01
6.1614114e+00 3.5388232e-03 6.7207605e-02 1.9455613e-01
6.1666667e+00 3.6230427e-03 6.7994469e-02 1.9538461e-01
6.1719219e+00 3.7145406e-03 6.8743383e-02 1.9618639e-01
6.1771772e+00 3.8050974e-03 6.9478178e-02 1.9672994e-01
6.1824324e+00 3.9009451e-03 7.0264005e-02 1.9751707e-01
6.1876877e+00 3.9966860e-03 7.0982862e-02 1.9816687e-01
6.1929429e+00 4.0925572e-03 7.1673308e-02 1.9880200e-01
6.1981982e+00 4.1927330e-03 7.2491636e-02 1.9923632e-01
6.2034535e+00 4.2951827e-03 7.3279951e-02 1.9966113e-01
6.2087087e+00 4.3947921e-03 7.4020144e-02 2.0013880e-01
6.2139640e+00 4.5002748e-03 7.4737945e-02 2.0056754e-01
6.2192192e+00 4.6064980e-03 7.5489923e-02 2.0081659e-01
6.2244745e+00 4.7142341e-03 7.6188121e-02 2.0113820e-01
6.2297297e+00 4.8196854e-03 7.6862436e-02 2.0161964e-01
6.2349850e+00 4.9306975e-03 7.7602802e-02 2.0221366e-01
6.2402402e+00 5.0425457e-03 7.8521427e-02 2.0292264e-01
6.2454955e+00 5.1610322e-03 7.9333140e-02 2.0359471e-01
6.2507508e+00 5.2832545e-03 8.0071035e-02 2.0429825e-01
6.2560060e+00 5.4090512e-03 8.0804212e-02 2.0524359e-01
6.2612613e+00 5.5267302e-03 8.1502535e-02 2.0612779e-01
6.2665165e+00 5.6571603e-03 8.2337147e-02 2.0693009e-01
6.2717718e+00 5.7836356e-03 8.2985703e-02 2.0789110e-01
6.2770270e+00 5.9174878e-03 8.3737581e-02 2.0891435e-01
6.2822823e+00 6.0625232e-03 8.4461697e-02 2.0980276e-01
6.2875375e+00 6.2009354e-03 8.5080813e-02 2.1082862e-01
6.2927928e+00 6.3466647e-03 8.5757918e-02 2.1185935e-01
6.2980480e+00 6.4938686e-03 8.6388524e-02 2.1296569e-01
6.3033033e+00 6.6395451e-03 8.7158490e-02 2.1405200e-01
6.3085586e+00 6.7881775e-03 8.7777137e-02 2.1532253e-01
6.3138138e+00 6.9381658e-03 8.8505991e-02 2.1657736e-01
6.3190691e+00 7.0939596e-03 8.9110231e-02 2.1762324e-01
6.3243243e+00 7.2450480e-03 8.9700647e-02 2.1885602e-01
6.3295796e+00 7.3904373e-03 9.0245175e-02 2.1977494e-01
6.3348348e+00 7.5405932e-03 9.0884476e-02 2.2088268e-01
6.3400901e+00 7.7160312e-03 9.1494190e-02 2.2181954e-01
6.3453453e+00 7.8960286e-03 9.2035818e-02 2.2296632e-01
6.3506006e+00 8.0687899e-03 9.2417593e-02 2.2412794e-01
6.3558559e+00 8.2549310e-03 9.2999855e-02 2.2504591e-01
6.3611111e+00 8.4453033e-03 9.3616877e-02 2.2632094e-01
6.3663664e+00 8.6407347e-03 9.4151062e-02 2.2737509e-01
6.3716216e+00 8.8269279e-03 9.4635060e-02 2.2845913e-01
6.3768769e+00 9.0231470e-03 9.5076126e-02 2.2946980e-01
6.3821321e+00 9.2273634e-03 9.5635622e-02 2.3061715e-01
6.3873874e+00 9.4280159e-03 9.6077905e-02 2.3170702e-01
6.3926426e+00 9.6367405e-03 9.6521307e-02 2.3276725e-01
6.3978979e+00 9.8440049e-03 9.6971139e-02 2.3385070e-01
6.4031532e+00 1.0062849e-02 9.7411188e-02 2.3489279e-01
6.4084084e+00 1.0275025e-02 9.7747058e-02 2.3585681e-01
6.4136637e+00 1.0492445e-02 9.8171526e-02 2.3717225e-01
6.4189189e+00 1.0733172e-02 9.8617518e-02 2.3825044e-01
6.4241742e+00 1.0964326e-02 9.8938585e-02 2.3907908e-01
6.4294294e+00 1.1190832e-02 9.9268360e-02 2.3995482e-01
6.4346847e+00 1.1423055e-02 9.9634981e-02 2.4115647e-01
6.4399399e+00 1.1670077e-02 1.0003705e-01 2.4226615e-01
6.4451952e+00 1.1925628e-02 1.0028736e-01 2.4317899e-01
6.4504505e+00 1.2174959e-02 1.0047058e-01 2.4427508e-01
6.4557057e+00 1.2435657e-02 1.0071922e-01 2.4549603e-01
6.4609610e+00 1.2699514e-02 1.0097659e-01 2.4676866e-01
6.4662162e+00 1.2950409e-02 1.0128616e-01 2.4790703e-01
6.4714715e+00 1.3221872e-02 1.0170641e-01 2.4906639e-01
6.4767267e+00 1.3483621e-02 1.0215847e-01 2.5012848e-01
6.4819820e+00 1.3744239e-02 1.0261367e-01 2.5133467e-01
6.4872372e+00 1.4010960e-02 1.0299036e-01 2.5260961e-01
6.4924925e+00 1.4294289e-02 1.0346272e-01 2.5368300e-01
6.4977477e+00 1.4578154e-02 1.0391098e-01 2.5464062e-01
6.5030030e+00 1.4859844e-02 1.0442874e-01 2.5573160e-01
6.5082583e+00 1.5138793e-02 1.0499663e-01 2.5669348e-01
6.5135135e+00 1.5434195e-02 1.0562162e-01 2.5747877e-01
6.5187688e+00 1.5729955e-02 1.0634468e-01 2.5828899e-01
6.5240240e+00 1.6051686e-02 1.0707967e-01 2.5921528e-01
6.5292793e+00 1.6372117e-02 1.0763628e-01 2.6029574e-01
6.5345345e+00 1.6696807e-02 1.0825414e-01 2.6136900e-01
6.5397898e+00 1.7014573e-02 1.0888270e-01 2.6263192e-01
6.5450450e+00 1.7363789e-02 1.0945053e-01 2.6339340e-01
6.5503003e+00 1.7687347e-02 1.1012149e-01 2.6461700e-01
6.5555556e+00 1.8056319e-02 1.1085014e-01 2.6561774e-01
6.5608108e+00 1.8397494e-02 1.1150297e-01 2.6632954e-01
6.5660661e+00 1.8730775e-02 1.1214249e-01 2.6747904e-01
6.5713213e+00 1.9105635e-02 1.1282569e-01 2.6831748e-01
6.5765766e+00 1.9480033e-02 1.1352743e-01 2.6920482e-01
6.5818318e+00 1.9830012e-02 1.1426990e-01 2.7028672e-01
6.5870871e+00 2.0235838e-02 1.1499715e-01 2.7111074e-01
6.5923423e+00 2.0635798e-02 1.1571493e-01 2.7187659e-01
6.5975976e+00 2.1011166e-02 1.1648984e-01 2.7268013e-01
6.6028529e+00 2.1413304e-02 1.1718080e-01 2.7370323e-01
6.6081081e+00 2.1821703e-02 1.1782349e-01 2.7441632e-01
6.6133634e+00 2.2217092e-02 1.1852310e-01 2.7530537e-01
6.6186186e+00 2.2658764e-02 1.1926922e-01 2.7618089e-01
6.6238739e+00 2.3105260e-02 1.2006937e-01 2.7696531e-01
6.6291291e+00 2.3498630e-02 1.2089052e-01 2.7759333e-01
6.6343844e+00 2.3908209e-02 1.2171180e-01 2.7865726e-01
6.6396396e+00 2.4331710e-02 1.2239810e-01 2.7948394e-01
6.6448949e+00 2.4720073e-02 1.2323650e-01 2.8029074e-01
6.6501502e+00 2.5149230e-02 1.2403332e-01 2.8096350e-01
6.6554054e+00 2.5602437e-02 1.2471684e-01 2.8182716e-01
6.6606607e+00 2.6045431e-02 1.2563361e-01 2.8242608e-01
6.6659159e+00 2.6502256e-02 1.2629641e-01 2.8299202e-01
6.6711712e+00 2.6974461e-02 1.2706071e-01 2.8404917e-01
6.6764264e+00 2.7435939e-02 1.2782011e-01 2.8467830e-01
6.6816817e+00 2.7920257e-02 1.2875213e-01 2.8549937e-01
6.6869369e+00 2.8434697e-02 1.2960538e-01 2.8603905e-01
6.6921922e+00 2.8921911e-02 1.3041285e-01 2.8674628e-01
6.6974474e+00 2.9397086e-02 1.3129929e-01 2.8747153e-01
6.7027027e+00 2.9879462e-02 1.3222352e-01 2.8810245e-01
6.7079580e+00 3.0420759e-02 1.3281606e-01 2.8887443e-01
6.7132132e+00 3.0946161e-02 1.3372781e-01 2.8948242e-01
6.7184685e+00 3.1438401e-02 1.3436471e-01 2.9003550e-01
6.7237237e+00 3.1961115e-02 1.3505943e-01 2.9068355e-01
6.7289790e+00 3.2484840e-02 1.3572941e-01 2.9129480e-01
6.7342342e+00 3.3008787e-02 1.3650891e-01 2.9194783e-01
6.7394895e+00 3.3538379e-02 1.3724788e-01 2.9250880e-01
6.7447447e+00 3.4065124e-02 1.3787991e-01 2.9307449e-01
6.7500000e+00 3.4607723e-02 1.3873041e-01 2.9385825e-01
6.7552553e+00 3.5189375e-02 1.3950295e-01 2.9450203e-01
6.7605105e+00 3.5761371e-02 1.4022608e-01 2.9518157e-01
6.7657658e+00 3.6312438e-02 1.4096404e-01 2.9581293e-01
6.7710210e+00 3.6867756e-02 1.4173282e-01 2.9653660e-01
6.7762763e+00 3.7450387e-02 1.4253582e-01 2.9708573e-01
6.7815315e+00 3.8032014e-02 1.4322580e-01 2.9777222e-01
6.7867868e+00 3.8577764e-02 1.4388228e-01 2.9845742e-01
6.7920420e+00 3.9084474e-02 1.4464218e-01 2.9910496e-01
6.7972973e+00 3.9709421e-02 1.4542712e-01 2.9987616e-01
6.8025526e+00 4.0365216e-02 1.4604881e-01 3.0037412e-01
6.8078078e+00 4.0877429e-02 1.4673820e-01 3.0097903e-01
6.8130631e+00 4.1400437e-02 1.4756781e-01 3.0139058e-01
6.8183183e+00 4.2008893e-02 1.4845699e-01 3.0182947e-01
6.8235736e+00 4.2447951e-02 1.4914200e-01 3.0233455e-01
6.8288288e+00 4.3022677e-02 1.4989561e-01 3.0319957e-01
6.8340841e+00 4.3394995e-02 1.5071101e-01 3.0378242e-01
6.8393393e+00 4.3921535e-02 1.5149060e-01 3.0456759e-01
6.8445946e+00 4.4510530e-02 1.5235335e-01 3.0547038e-01
6.8498498e+00 4.5074688e-02 1.5329612e-01 3.0632362e-01
6.8551051e+00 4.5670097e-02 1.5401454e-01 3.0678002e-01
6.8603604e+00 4.6268914e-02 1.5475445e-01 3.0762797e-01
6.8656156e+00 4.6893000e-02 1.5544982e-01 3.0822808e-01
6.8708709e+00 4.7437815e-02 1.5614649e-01 3.0908742e-01
6.8761261e+00 4.7955974e-02 1.5685685e-01 3.0971869e-01
6.8813814e+00 4.8608250e-02 1.5757118e-01 3.1019197e-01
6.8866366e+00 4.9245569e-02 1.5848213e-01 3.1092513e-01
6.8918919e+00 4.9815225e-02 1.5929251e-01 3.1163346e-01
6.8971471e+00 5.0498389e-02 1.5999131e-01 3.1252040e-01
6.9024024e+00 5.1083158e-02 1.6063603e-01 3.1315893e-01
6.9076577e+00 5.1621804e-02 1.6140115e-01 3.1386850e-01
6.9129129e+00 5.2230053e-02 1.6209775e-01 3.1468188e-01
6.9181682e+00 5.2816893e-02 1.6274509e-01 3.1539075e-01
6.9234234e+00 5.3315815e-02 1.6358096e-01 3.1598863e-01
6.9286787e+00 5.3935990e-02 1.6420583e-01 3.1667552e-01
6.9339339e+00 5.4603402e-02 1.6478613e-01 3.1717051e-01
6.9391892e+00 5.5234264e-02 1.6548976e-01 3.1807028e-01
6.9444444e+00 5.5875198e-02 1.6615093e-01 3.1889581e-01
6.9496997e+00 5.6471353e-02 1.6685376e-01 3.1979756e-01
6.9549550e+00 5.7083618e-02 1.6746844e-01 3.2060160e-01
6.9602102e+00 5.7664920e-02 1.6818488e-01 3.2146865e-01
6.9654655e+00 5.8347501e-02 1.6883946e-01 3.2232428e-01
6.9707207e+00 5.8976983e-02 1.6957758e-01 3.2305250e-01
6.9759760e+00 5.9539714e-02 1.7019519e-01 3.2355626e-01
6.9812312e+00 6.0171957e-02 1.7088574e-01 3.2442640e-01
6.9864865e+00 6.0755721e-02 1.7162429e-01 3.2511632e-01
6.9917417e+00 6.1384864e-02 1.7240697e-01 3.2609833e-01
6.9969970e+00 6.2121929e-02 1.7301775e-01 3.2659675e-01
7.0022523e+00 6.2780225e-02 1.7356903e-01 3.2704833e-01
7.0075075e+00 6.3322534e-02 1.7415210e-01 3.2769708e-01
7.0127628e+00 6.3944232e-02 1.7485342e-01 3.2868800e-01
7.0180180e+00 6.4651951e-02 1.7551012e-01 3.2917809e-01
7.0232733e+00 6.5254263e-02 1.7600211e-01 3.2984581e-01
7.0285285e+00 6.5825030e-02 1.7678362e-01 3.3060894e-01
7.0337838e+00 6.6423010e-02 1.7744174e-01 3.3143815e-01
7.0390390e+00 6.6971219e-02 1.7803990e-01 3.3228476e-01
7.0442943e+00 6.7599083e-02 1.7854995e-01 3.3278080e-01
7.0495495e+00 6.8236054e-02 1.7919117e-01 3.3331964e-01
7.0548048e+00 6.8713518e-02 1.8000772e-01 3.3409985e-01
7.0600601e+00 6.9361518e-02 1.8083981e-01 3.3467381e-01
7.0653153e+00 6.9929289e-02 1.8169510e-01 3.3546386e-01
7.0705706e+00 7.0521351e-02 1.8238123e-01 3.3617126e-01
7.0758258e+00 7.1034074e-02 1.8312053e-01 3.3677474e-01
7.0810811e+00 7.1667009e-02 1.8368159e-01 3.3738105e-01
7.0863363e+00 7.2304564e-02 1.8424234e-01 3.3807210e-01
7.0915916e+00 7.2942288e-02 1.8495155e-01 3.3865206e-01
7.0968468e+00 7.3610257e-02 1.8551281e-01 3.3938865e-01
7.1021021e+00 7.4218700e-02 1.8605889e-01 3.4020694e-01
7.1073574e+00 7.4790928e-02 1.8688407e-01 3.4070955e-01
7.1126126e+00 7.5351858e-02 1.8751038e-01 3.4142822e-01
7.1178679e+00 7.6194926e-02 1.8805949e-01 3.4208636e-01
7.1231231e+00 7.6784419e-02 1.8849211e-01 3.4286700e-01
7.1283784e+00 7.7382566e-02 1.8907175e-01 3.4370427e-01
7.1336336e+00 7.7957117e-02 1.8982199e-01 3.4460492e-01
7.1388889e+00 7.8581747e-02 1.9041920e-01 3.4535076e-01
7.1441441e+00 7.9142331e-02 1.9108763e-01 3.4624737e-01
7.1493994e+00 7.9838930e-02 1.9179831e-01 3.4689135e-01
7.1546547e+00 8.0488802e-02 1.9260647e-01 3.4767350e-01
7.1599099e+00 8.1106535e-02 1.9322850e-01 3.4830004e-01
7.1651652e+00 8.1622234e-02 1.9386499e-01 3.4904864e-01
7.1704204e+00 8.2344814e-02 1.9471187e-01 3.4984685e-01
7.1756757e+00 8.2952611e-02 1.9548473e-01 3.5056648e-01
7.1809309e+00 8.3496875e-02 1.9626259e-01 3.5147790e-01
7.1861862e+00 8.4017611e-02 1.9707885e-01 3.5227490e-01
7.1914414e+00 8.4525727e-02 1.9793599e-01 3.5279859e-01
7.1966967e+00 8.5209786e-02 1.9871938e-01 3.5339569e-01
7.2019520e+00 8.5807114e-02 1.9939526e-01 3.5437974e-01
7.2072072e+00 8.6574248e-02 2.0010432e-01 3.5509786e-01
7.2124625e+00 8.7200707e-02 2.0079460e-01 3.5577298e-01
7.2177177e+00 8.7952797e-02 2.0145193e-01 3.5630317e-01
7.2229730e+00 8.8631469e-02 2.0232642e-01 3.5708585e-01
7.2282282e+00 8.9240572e-02 2.0285943e-01 3.5788358e-01
7.2334835e+00 8.9716285e-02 2.0368489e-01 3.5856131e-01
7.2387387e+00 9.0465828e-02 2.0442064e-01 3.5937566e-01
7.2439940e+00 9.0889296e-02 2.0508673e-01 3.6019997e-01
7.2492492e+00 9.1578713e-02 2.0573031e-01 3.6084511e-01
7.2545045e+00 9.2200188e-02 2.0626655e-01 3.6169055e-01
7.2597598e+00 9.2675577e-02 2.0706167e-01 3.6226573e-01
7.2650150e+00 9.3333305e-02 2.0778017e-01 3.6266376e-01
7.2702703e+00 9.3795855e-02 2.0836547e-01 3.6372708e-01
7.2755255e+00 9.4574353e-02 2.0905744e-01 3.6476284e-01
7.2807808e+00 9.5191633e-02 2.0979312e-01 3.6552977e-01
7.2860360e+00 9.5981671e-02 2.1027068e-01 3.6605220e-01
7.2912913e+00 9.6606027e-02 2.1108857e-01 3.6686172e-01
7.2965465e+00 9.7147787e-02 2.1188916e-01 3.6778546e-01
7.3018018e+00 9.7735508e-02 2.1266044e-01 3.6851422e-01
7.3070571e+00 9.8461125e-02 2.1345506e-01 3.6911755e-01
7.3123123e+00 9.9199898e-02 2.1418104e-01 3.6995776e-01
7.3175676e+00 9.9894051e-02 2.1488494e-01 3.7067897e-01
7.3228228e+00 1.0067773e-01 2.1561875e-01 3.7150897e-01
7.3280781e+00 1.0138595e-01 2.1630691e-01 3.7227863e-01
7.3333333e+00 1.0187860e-01 2.1691970e-01 3.7324511e-01
7.3385886e+00 1.0255220e-01 2.1774663e-01 3.7408898e-01
7.3438438e+00 1.0321677e-01 2.1851924e-01 3.7511625e-01
7.3490991e+00 1.0387781e-01 2.1948789e-01 3.7602464e-01
7.3543544e+00 1.0451575e-01 2.2014065e-01 3.7693295e-01
7.3596096e+00 1.0520078e-01 2.2091118e-01 3.7780644e-01
7.3648649e+00 1.0580090e-01 2.2174177e-01 3.7838774e-01
7.3701201e+00 1.0646274e-01 2.2263727e-01 3.7929271e-01
7.3753754e+00 1.0720451e-01 2.2350579e-01 3.7997349e-01
7.3806306e+00 1.0773053e-01 2.2421569e-01 3.8110021e-01
7.3858859e+00 1.0843084e-01 2.2516034e-01 3.8197097e-01
7.3911411e+00 1.0910593e-01 2.2599215e-01 3.8295901e-01
7.3963964e+00 1.0985431e-01 2.2677332e-01 3.8400035e-01
7.4016517e+00 1.1061336e-01 2.2764786e-01 3.8532042e-01
7.4069069e+00 1.1145351e-01 2.2845876e-01 3.8596386e-01
7.4121622e+00 1.1208500e-01 2.2920752e-01 3.8684891e-01
7.4174174e+00 1.1289160e-01 2.3023082e-01 3.8781723e-01
7.4226727e+00 1.1363719e-01 2.3125098e-01 3.8849797e-01
7.4279279e+00 1.1418950e-01 2.3211430e-01 3.8963999e-01
7.4331832e+00 1.1496617e-01 2.3285891e-01 3.9037241e-01
7.4384384e+00 1.1568027e-01 2.3354172e-01 3.9156169e-01
7.4436937e+00 1.1645255e-01 2.3446660e-01 3.9234868e-01
7.4489489e+00 1.1715114e-01 2.3547906e-01 3.9322916e-01
7.4542042e+00 1.1806439e-01 2.3653895e-01 3.9413079e-01
7.4594595e+00 1.1895230e-01 2.3751816e-01 3.9503570e-01
7.4647147e+00 1.1963279e-01 2.3839369e-01 3.9611748e-01
7.4699700e+00 1.2057525e-01 2.3943812e-01 3.9719099e-01
7.4752252e+00 1.2115764e-01 2.4041890e-01 3.9831375e-01
7.4804805e+00 1.2180357e-01 2.4136678e-01 3.9921300e-01
7.4857357e+00 1.2256634e-01 2.4244436e-01 4.0015245e-01
7.4909910e+00 1.2344283e-01 2.4367064e-01 4.0101575e-01
7.4962462e+00 1.2421332e-01 2.4459923e-01 4.0193510e-01
7.5015015e+00 1.2515112e-01 2.4553326e-01 4.0289999e-01
7.5067568e+00 1.2605606e-01 2.4661453e-01 4.0401590e-01
7.5120120e+00 1.2691360e-01 2.4752580e-01 4.0498584e-01
7.5172673e+00 1.2779733e-01 2.4855708e-01 4.0591996e-01
7.5225225e+00 1.2873584e-01 2.4952175e-01 4.0733735e-01
7.5277778e+00 1.2959482e-01 2.5048745e-01 4.0836949e-01
7.5330330e+00 1.3049777e-01 2.5140687e-01 4.0945831e-01
7.5382883e+00 1.3132024e-01 2.5239387e-01 4.1063486e-01
7.5435435e+00 1.3203625e-01 2.5347757e-01 4.1161910e-01
7.5487988e+00 1.3298240e-01 2.5459450e-01 4.1279633e-01
7.5540541e+00 1.3394880e-01 2.5561441e-01 4.1399943e-01
7.5593093e+00 1.3484551e-01 2.5661158e-01 4.1511100e-01
7.5645646e+00 1.3567749e-01 2.5780694e-01 4.1645185e-01
7.5698198e+00 1.3654505e-01 2.5890056e-01 4.1762416e-01
7.5750751e+00 1.3750021e-01 2.6000171e-01 4.1862958e-01
7.5803303e+00 1.3839739e-01 2.6131156e-01 4.1983073e-01
7.5855856e+00 1.3936492e-01 2.6229655e-01 4.2107652e-01
7.5908408e+00 1.4026338e-01 2.6341888e-01 4.2218027e-01
7.5960961e+00 1.4117965e-01 2.6453605e-01 4.2351290e-01
7.6013514e+00 1.4228386e-01 2.6583646e-01 4.2477290e-01
7.6066066e+00 1.4335513e-01 2.6697331e-01 4.2613732e-01
7.6118619e+00 1.4442116e-01 2.6811793e-01 4.2707616e-01
7.6171171e+00 1.4545492e-01 2.6938635e-01 4.2810676e-01
7.6223724e+00 1.4643859e-01 2.7064160e-01 4.2935572e-01
7.6276276e+00 1.4733477e-01 2.7167987e-01 4.3045370e-01
7.6328829e+00 1.4837100e-01 2.7282738e-01 4.3162122e-01
7.6381381e+00 1.4926346e-01 2.7394965e-01 4.3285405e-01
7.6433934e+00 1.5040474e-01 2.7520944e-01 4.3429719e-01
7.6486486e+00 1.5152390e-01 2.7636859e-01 4.3546004e-01
7.6539039e+00 1.5252795e-01 2.7755976e-01 4.3700151e-01
7.6591592e+00 1.5356065e-01 2.7897917e-01 4.3828702e-01
7.6644144e+00 1.5466172e-01 2.8026805e-01 4.3970341e-01
7.6696697e+00 1.5565468e-01 2.8139528e-01 4.4093312e-01
7.6749249e+00 1.5698186e-01 2.8273889e-01 4.4227174e-01
7.6801802e+00 1.5809478e-01 2.8409793e-01 4.4347528e-01
7.6854354e+00 1.5911171e-01 2.8527241e-01 4.4483401e-01
7.6906907e+00 1.6037494e-01 2.8677853e-01 4.4640064e-01
7.6959459e+00 1.6141251e-01 2.8783098e-01 4.4748120e-01
7.7012012e+00 1.6250834e-01 2.8910889e-01 4.4892933e-01
7.7064565e+00 1.6372982e-01 2.9017706e-01 4.5008449e-01
7.7117117e+00 1.6492318e-01 2.9134844e-01 4.5141108e-01
7.7169670e+00 1.6602306e-01 2.9277829e-01 4.5252638e-01
7.7222222e+00 1.6729278e-01 2.9423824e-01 4.5423952e-01
7.7274775e+00 1.6841867e-01 2.9574513e-01 4.5549181e-01
7.7327327e+00 1.6963394e-01 2.9700870e-01 4.5673528e-01
7.7379880e+00 1.7089848e-01 2.9842862e-01 4.5840699e-01
7.7432432e+00 1.7214012e-01 2.9966052e-01 4.5986358e-01
7.7484985e+00 1.7352429e-01 3.0118028e-01 4.6148057e-01
7.7537538e+00 1.7472984e-01 3.0269302e-01 4.6294274e-01
7.7590090e+00 1.7584013e-01 3.0396125e-01 4.6426408e-01
7.7642643e+00 1.7702976e-01 3.0539957e-01 4.6587768e-01
7.7695195e+00 1.7810520e-01 3.0714486e-01 4.6734166e-01
7.7747748e+00 1.7946608e-01 3.0851597e-01 4.6886798e-01
7.7800300e+00 1.8079680e-01 3.1005989e-01 4.7052892e-01
7.7852853e+00 1.8208610e-01 3.1175493e-01 4.7208758e-01
7.7905405e+00 1.8344774e-01 3.1316489e-01 4.7354559e-01
7.7957958e+00 1.8483588e-01 3.1445702e-01 4.7520402e-01
7.8010511e+00 1.8627994e-01 3.1580910e-01 4.7683722e-01
7.8063063e+00 1.8732026e-01 3.1704734e-01 4.7838903e-01
7.8115616e+00 1.8864438e-01 3.1875382e-01 4.8000126e-01
7.8168168e+00 1.9005565e-01 3.2033457e-01 4.8165635e-01
7.8220721e+00 1.9161694e-01 3.2183340e-01 4.8334606e-01
7.8273273e+00 1.9291808e-01 3.2323583e-01 4.8517634e-01
7.8325826e+00 1.9434084e-01 3.2473669e-01 4.8704568e-01
7.8378378e+00 1.9567176e-01 3.2622513e-01 4.8877711e-01
7.8430931e+00 1.9688987e-01 3.2777860e-01 4.9031290e-01
7.8483483e+00 1.9846045e-01 3.2939410e-01 4.9219632e-01
7.8536036e+00 1.9986059e-01 3.3100194e-01 4.9354034e-01
7.8588589e+00 2.0121486e-01 3.3243112e-01 4.9517134e-01
7.8641141e+00 2.0262840e-01 3.3387409e-01 4.9686276e-01
7.8693694e+00 2.0413992e-01 3.3544858e-01 4.9866326e-01
7.8746246e+00 2.0562357e-01 3.3714268e-01 5.0041579e-01
7.8798799e+00 2.0720727e-01 3.3886074e-01 5.0218191e-01
7.8851351e+00 2.0848150e-01 3.4049316e-01 5.0395458e-01
7.8903904e+00 2.1014964e-01 3.4236456e-01 5.0583789e-01
7.8956456e+00 2.1165609e-01 3.4417460e-01 5.0757774e-01
7.9009009e+00 2.1335085e-01 3.4590844e-01 5.0956310e-01
7.9061562e+00 2.1498365e-01 3.4769922e-01 5.1131913e-01
7.9114114e+00 2.1654557e-01 3.4955242e-01 5.1320678e-01
7.9166667e+00 2.1790971e-01 3.5125805e-01 5.1524368e-01
7.9219219e+00 2.1939349e-01 3.5305188e-01 5.1715531e-01
7.9271772e+00 2.2109527e-01 3.5482830e-01 5.1919330e-01
7.9324324e+00 2.2282702e-01 3.5658304e-01 5.2101201e-01
7.9376877e+00 2.2436570e-01 3.5838008e-01 5.2305792e-01
7.9429429e+00 2.2602171e-01 3.6022673e-01 5.2497784e-01
7.9481982e+00 2.2757791e-01 3.6196481e-01 5.2695982e-01
7.9534535e+00 2.2927455e-01 3.6371320e-01 5.2890685e-01
7.9587087e+00 2.3083364e-01 3.6556934e-01 5.3102117e-01
7.9639640e+00 2.3244621e-01 3.6752251e-01 5.3286190e-01
7.9692192e+00 2.3427692e-01 3.6946371e-01 5.3509975e-01
7.9744745e+00 2.3584767e-01 3.7098950e-01 5.3721336e-01
7.9797297e+00 2.3727209e-01 3.7285604e-01 5.3942754e-01
7.9849850e+00 2.3924921e-01 3.7482473e-01 5.4151618e-01
7.9902402e+00 2.4084431e-01 3.7652178e-01 5.4347023e-01
7.9954955e+00 2.4245516e-01 3.7832399e-01 5.4574533e-01
8.0007508e+00 2.4414533e-01 3.8034031e-01 5.4766063e-01
8.0060060e+00 2.4570784e-01 3.8227665e-01 5.4960973e-01
8.0112613e+00 2.4746182e-01 3.8446617e-01 5.5163869e-01
8.0165165e+00 2.4908142e-01 3.8643849e-01 5.5386202e-01
8.0217718e+00 2.5105966e-01 3.8861288e-01 5.5584843e-01
8.0270270e+00 2.5252916e-01 3.9052491e-01 5.5793136e-01
8.0322823e+00 2.5420231e-01 3.9257297e-01 5.6006375e-01
8.0375375e+00 2.5605475e-01 3.9476207e-01 5.6264746e-01
8.0427928e+00 2.5780750e-01 3.9671411e-01 5.6491038e-01
8.0480480e+00 2.5966747e-01 3.9875221e-01 5.6729925e-01
8.0533033e+00 2.6145832e-01 4.0090774e-01 5.6959647e-01
8.0585586e+00 2.6319470e-01 4.0293669e-01 5.7201782e-01
8.0638138e+00 2.6504353e-01 4.0500970e-01 5.7467906e-01
8.0690691e+00 2.6695300e-01 4.0739990e-01 5.7693185e-01
8.0743243e+00 2.6868538e-01 4.0957836e-01 5.7928869e-01
8.0795796e+00 2.7076114e-01 4.1161845e-01 5.8152795e-01
8.0848348e+00 2.7252501e-01 4.1363064e-01 5.8407362e-01
8.0900901e+00 2.7437902e-01 4.1584290e-01 5.8650695e-01
8.0953453e+00 2.7620343e-01 4.1823990e-01 5.8850483e-01
8.1006006e+00 2.7835177e-01 4.2056742e-01 5.9068575e-01
8.1058559e+00 2.8022998e-01 4.2283263e-01 5.9314616e-01
8.1111111e+00 2.8190338e-01 4.2503479e-01 5.9542939e-01
8.1163664e+00 2.8385454e-01 4.2730650e-01 5.9792815e-01
8.1216216e+00 2.8578951e-01 4.2978188e-01 6.0043744e-01
8.1268769e+00 2.8792121e-01 4.3190661e-01 6.0287798e-01
8.1321321e+00 2.8980603e-01 4.3401096e-01 6.0543322e-01
8.1373874e+00 2.9154139e-01 4.3632127e-01 6.0803407e-01
8.1426426e+00 2.9358881e-01 4.3860823e-01 6.1050490e-01
8.1478979e+00 2.9579599e-01 4.4084065e-01 6.1279529e-01
8.1531532e+00 2.9769049e-01 4.4327789e-01 6.1556536e-01
8.1584084e+00 2.9985481e-01 4.4563719e-01 6.1804812e-01
8.1636637e+00 3.0175574e-01 4.4785734e-01 6.2054912e-01
8.1689189e+00 3.0357401e-01 4.5013034e-01 6.2340295e-01
8.1741742e+00 3.0568545e-01 4.5267645e-01 6.2603232e-01
8.1794294e+00 3.0751750e-01 4.5514349e-01 6.2884256e-01
8.1846847e+00 3.0957490e-01 4.5755884e-01 6.3136384e-01
8.1899399e+00 3.1159956e-01 4.5978179e-01 6.3398853e-01
8.1951952e+00 3.1374525e-01 4.6252022e-01 6.3640949e-01
8.2004505e+00 3.1598977e-01 4.6501598e-01 6.3897376e-01
8.2057057e+00 3.1823406e-01 4.6737367e-01 6.4150408e-01
8.2109610e+00 3.2023585e-01 4.6980612e-01 6.4446178e-01
8.2162162e+00 3.2237508e-01 4.7238611e-01 6.4705310e-01
8.2214715e+00 3.2461891e-01 4.7481691e-01 6.4980506e-01
8.2267267e+00 3.2680904e-01 4.7724465e-01 6.5263590e-01
8.2319820e+00 3.2907866e-01 4.7986493e-01 6.5540224e-01
8.2372372e+00 3.3134381e-01 4.8238046e-01 6.5829514e-01
8.2424925e+00 3.3375964e-01 4.8482747e-01 6.6076273e-01
8.2477477e+00 3.3595802e-01 4.8738946e-01 6.6326842e-01
8.2530030e+00 3.3815779e-01 4.8991824e-01 6.6582168e-01
8.2582583e+00 3.4038496e-01 4.9235631e-01 6.6872356e-01
8.2635135e+00 3.4277779e-01 4.9498972e-01 6.7130269e-01
8.2687688e+00 3.4491641e-01 4.9749800e-01 6.7408620e-01
8.2740240e+00 3.4714862e-01 4.9985183e-01 6.7693274e-01
8.2792793e+00 3.4942813e-01 5.0242616e-01 6.8001411e-01
8.2845345e+00 3.5168639e-01 5.0501566e-01 6.8273271e-01
8.2897898e+00 3.5383931e-01 5.0766744e-01 6.8561896e-01
8.2950450e+00 3.5582865e-01 5.1023028e-01 6.8838343e-01
8.3003003e+00 3.5822907e-01 5.1286074e-01 6.9118159e-01
8.3055556e+00 3.6079945e-01 5.1558321e-01 6.9398338e-01
8.3108108e+00 3.6327895e-01 5.1848332e-01 6.9669929e-01
8.3160661e+00 3.6545680e-01 5.2105276e-01 6.9965441e-01
8.3213213e+00 3.6805198e-01 5.2362674e-01 7.0246341e-01
8.3265766e+00 3.7068288e-01 5.2630602e-01 7.0507928e-01
8.3318318e+00 3.7300049e-01 5.2903972e-01 7.0771305e-01
8.3370871e+00 3.7539565e-01 5.3188945e-01 7.1035830e-01
8.3423423e+00 3.7769556e-01 5.3463133e-01 7.1326767e-01
8.3475976e+00 3.7994318e-01 5.3716157e-01 7.1594193e-01
8.3528529e+00 3.8245537e-01 5.3979602e-01 7.1884183e-01
8.3581081e+00 3.8516247e-01 5.4271344e-01 7.2152807e-01
8.3633634e+00 3.8781699e-01 5.4555362e-01 7.2406153e-01
8.3686186e+00 3.9029864e-01 5.4835191e-01 7.2685168e-01
8.3738739e+00 3.9279061e-01 5.5099674e-01 7.2984613e-01
8.3791291e+00 3.9549046e-01 5.5391513e-01 7.3256796e-01
8.3843844e+00 3.9804927e-01 5.5694300e-01 7.3526415e-01
8.3896396e+00 4.0039517e-01 5.5963908e-01 7.3809831e-01
8.3948949e+00 4.0280411e-01 5.6217359e-01 7.4105083e-01
8.4001502e+00 4.0513594e-01 5.6498494e-01 7.4383535e-01
8.4054054e+00 4.0754900e-01 5.6780738e-01 7.4679146e-01
8.4106607e+00 4.1024804e-01 5.7071942e-01 7.4999624e-01
8.4159159e+00 4.1243222e-01 5.7360216e-01 7.5261529e-01
8.4211712e+00 4.1491848e-01 5.7659030e-01 7.5559201e-01
8.4264264e+00 4.1760374e-01 5.7937344e-01 7.5835223e-01
8.4316817e+00 4.2035401e-01 5.8212186e-01 7.6125629e-01
8.4369369e+00 4.2292841e-01 5.8488499e-01 7.6406298e-01
8.4421922e+00 4.2534542e-01 5.8782440e-01 7.6686877e-01
8.4474474e+00 4.2791767e-01 5.9065305e-01 7.6988374e-01
8.4527027e+00 4.3055824e-01 5.9343626e-01 7.7282094e-01
8.4579580e+00 4.3303031e-01 5.9627120e-01 7.7586959e-01
8.4632132e+00 4.3570015e-01 5.9933645e-01 7.7862275e-01
8.4684685e+00 4.3826671e-01 6.0249243e-01 7.8142299e-01
8.4737237e+00 4.4094283e-01 6.0543255e-01 7.8409069e-01
8.4789790e+00 4.4346348e-01 6.0839605e-01 7.8678603e-01
8.4842342e+00 4.4613376e-01 6.1113560e-01 7.8985230e-01
8.4894895e+00 4.4907605e-01 6.1375855e-01 7.9274745e-01
8.4947447e+00 4.5148656e-01 6.1664601e-01 7.9565045e-01
8.5000000e+00 4.5446824e-01 6.1965237e-01 7.9854617e-01
8.5052553e+00 4.5694870e-01 6.2259771e-01 8.0161311e-01
8.5105105e+00 4.5948725e-01 6.2553721e-01 8.0461916e-01
8.5157658e+00 4.6226739e-01 6.2847283e-01 8.0744695e-01
8.5210210e+00 4.6491949e-01 6.3133916e-01 8.1075754e-01
8.5262763e+00 4.6784147e-01 6.3433680e-01 8.1353360e-01
8.5315315e+00 4.7057091e-01 6.3728260e-01 8.1673320e-01
8.5367868e+00 4.7316300e-01 6.4000164e-01 8.1978470e-01
8.5420420e+00 4.7572295e-01 6.4283261e-01 8.2252618e-01
8.5472973e+00 4.7848723e-01 6.4577727e-01 8.2557757e-01
8.5525526e+00 4.8113674e-01 6.4870146e-01 8.2833371e-01
8.5578078e+00 4.8392119e-01 6.5157250e-01 8.3119195e-01
8.5630631e+00 4.8667248e-01 6.5431735e-01 8.3428709e-01
8.5683183e+00 4.8940353e-01 6.5741762e-01 8.3739360e-01
8.5735736e+00 4.9220264e-01 6.6044917e-01 8.4034098e-01
8.5788288e+00 4.9512143e-01 6.6346418e-01 8.4314427e-01
8.5840841e+00 4.9778138e-01 6.6636112e-01 8.4626869e-01
8.5893393e+00 5.0048939e-01 6.6924744e-01 8.4935479e-01
8.5945946e+00 5.0307529e-01 6.7223136e-01 8.5243861e-01
8.5998498e+00 5.0602138e-01 6.7530203e-01 8.5565470e-01
8.6051051e+00 5.0876855e-01 6.7832728e-01 8.5869021e-01
8.6103604e+00 5.1162071e-01 6.8139134e-01 8.6183540e-01
8.6156156e+00 5.1442836e-01 6.8422665e-01 8.6487070e-01
8.6208709e+00 5.1713160e-01 6.8716163e-01 8.6771461e-01
8.6261261e+00 5.1988741e-01 6.9033281e-01 8.7062873e-01
8.6313814e+00 5.2235425e-01 6.9307833e-01 8.7324510e-01
8.6366366e+00 5.2496191e-01 6.9600226e-01 8.7605050e-01
8.6418919e+00 5.2753578e-01 6.9899982e-01 8.7864993e-01
8.6471471e+00 5.3016928e-01 7.0187278e-01 8.8149819e-01
8.6524024e+00 5.3284968e-01 7.0491468e-01 8.8424881e-01
8.6576577e+00 5.3567698e-01 7.0786104e-01 8.8684476e-01
8.6629129e+00 5.3837626e-01 7.1100517e-01 8.8980340e-01
8.6681682e+00 5.4125710e-01 7.1400677e-01 8.9252953e-01
8.6734234e+00 5.4415450e-01 7.1681184e-01 8.9517567e-01
8.6786787e+00 5.4717783e-01 7.1971500e-01 8.9780663e-01
8.6839339e+00 5.5013812e-01 7.2273040e-01 9.0086691e-01
8.6891892e+00 5.5305773e-01 7.2534663e-01 9.0354567e-01
8.6944444e+00 5.5596626e-01 7.2821281e-01 9.0650490e-01
8.6996997e+00 5.5909373e-01 7.3115223e-01 9.0928046e-01
8.7049550e+00 5.6166610e-01 7.3403655e-01 9.1209106e-01
8.7102102e+00 5.6469837e-01 7.3709682e-01 9.1469322e-01
8.7154655e+00 5.6765885e-01 7.4005809e-01 9.1774682e-01
8.7207207e+00 5.7057984e-01 7.4300851e-01 9.2025858e-01
8.7259760e+00 5.7325197e-01 7.4585136e-01 9.2344219e-01
8.7312312e+00 5.7599616e-01 7.4858246e-01 9.2640598e-01
8.7364865e+00 5.7901613e-01 7.5151003e-01 9.2923922e-01
8.7417417e+00 5.8192865e-01 7.5426104e-01 9.3207037e-01
8.7469970e+00 5.8484031e-01 7.5702155e-01 9.3489021e-01
8.7522523e+00 5.8751858e-01 7.5960465e-01 9.3766780e-01
8.7575075e+00 5.8999547e-01 7.6251963e-01 9.4035839e-01
8.7627628e+00 5.9290647e-01 7.6532377e-01 9.4293595e-01
8.7680180e+00 5.9576915e-01 7.6835996e-01 9.4588564e-01
8.7732733e+00 5.9895378e-01 7.7129836e-01 9.4891878e-01
8.7785285e+00 6.0166592e-01 7.7410967e-01 9.5158414e-01
8.7837838e+00 6.0442463e-01 7.7716402e-01 9.5427337e-01
8.7890390e+00 6.0715058e-01 7.7994223e-01 9.5704286e-01
8.7942943e+00 6.1002150e-01 7.8264836e-01 9.5998681e-01
8.7995495e+00 6.1271537e-01 7.8559338e-01 9.6284399e-01
8.8048048e+00 6.1590164e-01 7.8831978e-01 9.6564607e-01
8.8100601e+00 6.1887339e-01 7.9102293e-01 9.6842384e-01
8.8153153e+00 6.2155546e-01 7.9387893e-01 9.7121970e-01
8.8205706e+00 6.2433962e-01 7.9692127e-01 9.7399044e-01
8.8258258e+00 6.2712534e-01 7.9985514e-01 9.7667308e-01
8.8310811e+00 6.2952673e-01 8.0258125e-01 9.7943705e-01
8.8363363e+00 6.3235216e-01 8.0549888e-01 9.8208824e-01
8.8415916e+00 6.3499759e-01 8.0816020e-01 9.8475547e-01
8.8468468e+00 6.3754793e-01 8.1109173e-01 9.8727506e-01
8.8521021e+00 6.4006006e-01 8.1395814e-01 9.9000968e-01
8.8573574e+00 6.4299178e-01 8.1684896e-01 9.9247388e-01
8.8626126e+00 6.4589483e-01 8.1975159e-01 9.9507092e-01
8.8678679e+00 6.4856688e-01 8.2234422e-01 9.9755849e-01
8.8731231e+00 6.5130464e-01 8.2491476e-01 1.0002556e+00
8.8783784e+00 6.5387324e-01 8.2755626e-01 1.0023675e+00
8.8836336e+00 6.5663373e-01 8.3027584e-01 1.0049606e+00
8.8888889e+00 6.5946606e-01 8.3297211e-01 1.0076626e+00
8.8941441e+00 6.6222869e-01 8.3569538e-01 1.0104588e+00
8.8993994e+00 6.6495817e-01 8.3838241e-01 1.0127681e+00
8.9046547e+00 6.6773052e-01 8.4057089e-01 1.0153870e+00
8.9099099e+00 6.7013988e-01 8.4310633e-01 1.0177719e+00
8.9151652e+00 6.7289086e-01 8.4583845e-01 1.0202133e+00
8.9204204e+00 6.7548949e-01 8.4864108e-01 1.0227461e+00
8.9256757e+00 6.7813301e-01 8.5125592e-01 1.0252100e+00
8.9309309e+00 6.8071205e-01 8.5373321e-01 1.0276240e+00
8.9361862e+00 6.8324937e-01 8.5634757e-01 1.0298800e+00
8.9414414e+00 6.8583513e-01 8.5878498e-01 1.0323035e+00
8.9466967e+00 6.8836767e-01 8.6136833e-01 1.0346228e+00
8.9519520e+00 6.9091636e-01 8.6404225e-01 1.0369561e+00
8.9572072e+00 6.9348343e-01 8.6662599e-01 1.0392590e+00
8.9624625e+00 6.9609006e-01 8.6908288e-01 1.0413141e+00
8.9677177e+00 6.9838041e-01 8.7149818e-01 1.0437793e+00
8.9729730e+00 7.0107218e-01 8.7395941e-01 1.0462311e+00
8.9782282e+00 7.0350244e-01 8.7660000e-01 1.0482484e+00
8.9834835e+00 7.0571288e-01 8.7893471e-01 1.0504763e+00
8.9887387e+00 7.0818141e-01 8.8131880e-01 1.0525753e+00
8.9939940e+00 7.1062037e-01 8.8357607e-01 1.0548146e+00
8.9992492e+00 7.1301120e-01 8.8590798e-01 1.0567022e+00
9.0045045e+00 7.1541151e-01 8.8824540e-01 1.0586948e+00
9.0097598e+00 7.1775642e-01 8.9053372e-01 1.0611640e+00
9.0150150e+00 7.2047710e-01 8.9258393e-01 1.0630797e+00
9.0202703e+00 7.2274996e-01 8.9498617e-01 1.0651139e+00
9.0255255e+00 7.2538450e-01 8.9720111e-01 1.0673072e+00
9.0307808e+00 7.2761707e-01 8.9937587e-01 1.0695800e+00
9.0360360e+00 7.2990966e-01 9.0154941e-01 1.0719135e+00
9.0412913e+00 7.3195908e-01 9.0373417e-01 1.0738973e+00
9.0465465e+00 7.3434140e-01 9.0614190e-01 1.0757061e+00
9.0518018e+00 7.3625214e-01 9.0846322e-01 1.0775713e+00
9.0570571e+00 7.3830157e-01 9.1081595e-01 1.0796762e+00
9.0623123e+00 7.4029488e-01 9.1284152e-01 1.0816648e+00
9.0675676e+00 7.4289331e-01 9.1492558e-01 1.0835407e+00
9.0728228e+00 7.4482662e-01 9.1717718e-01 1.0853488e+00
9.0780781e+00 7.4699159e-01 9.1940077e-01 1.0869711e+00
9.0833333e+00 7.4896494e-01 9.2144456e-01 1.0889255e+00
9.0885886e+00 7.5106482e-01 9.2368035e-01 1.0906403e+00
9.0938438e+00 7.5312359e-01 9.2554185e-01 1.0927563e+00
9.0990991e+00 7.5514776e-01 9.2764029e-01 1.0945597e+00
9.1043544e+00 7.5709621e-01 9.2961052e-01 1.0966397e+00
9.1096096e+00 7.5890154e-01 9.3145607e-01 1.0979524e+00
9.1148649e+00 7.6096758e-01 9.3352251e-01 1.0997873e+00
9.1201201e+00 7.6318439e-01 9.3538764e-01 1.1011425e+00
9.1253754e+00 7.6514934e-01 9.3740371e-01 1.1024341e+00
9.1306306e+00 7.6685744e-01 9.3932978e-01 1.1043382e+00
9.1358859e+00 7.6861579e-01 9.4129314e-01 1.1062229e+00
9.1411411e+00 7.7052497e-01 9.4292544e-01 1.1079238e+00
9.1463964e+00 7.7257210e-01 9.4462534e-01 1.1092104e+00
9.1516517e+00 7.7417818e-01 9.4647917e-01 1.1105830e+00
9.1569069e+00 7.7563310e-01 9.4834004e-01 1.1121124e+00
9.1621622e+00 7.7725370e-01 9.5007446e-01 1.1135332e+00
9.1674174e+00 7.7896784e-01 9.5180282e-01 1.1145789e+00
9.1726727e+00 7.8078612e-01 9.5339778e-01 1.1165238e+00
9.1779279e+00 7.8268523e-01 9.5498639e-01 1.1179778e+00
9.1831832e+00 7.8427618e-01 9.5643788e-01 1.1196749e+00
9.1884384e+00 7.8612230e-01 9.5796248e-01 1.1209912e+00
9.1936937e+00 7.8773959e-01 9.5946624e-01 1.1223049e+00
9.1989489e+00 7.8953764e-01 9.6084208e-01 1.1236110e+00
9.2042042e+00 7.9109120e-01 9.6215783e-01 1.1248995e+00
9.2094595e+00 7.9271225e-01 9.6358202e-01 1.1261903e+00
9.2147147e+00 7.9450598e-01 9.6484868e-01 1.1278273e+00
9.2199700e+00 7.9581732e-01 9.6620797e-01 1.1290788e+00
9.2252252e+00 7.9713418e-01 9.6782199e-01 1.1305114e+00
9.2304805e+00 7.9826200e-01 9.6916778e-01 1.1318583e+00
9.2357357e+00 7.9974548e-01 9.7050862e-01 1.1330908e+00
9.2409910e+00 8.0131327e-01 9.7175169e-01 1.1346700e+00
9.2462462e+00 8.0238150e-01 9.7310745e-01 1.1359730e+00
9.2515015e+00 8.0370702e-01 9.7461813e-01 1.1372195e+00
9.2567568e+00 8.0486192e-01 9.7594960e-01 1.1384152e+00
9.2620120e+00 8.0607851e-01 9.7721216e-01 1.1395879e+00
9.2672673e+00 8.0736440e-01 9.7854342e-01 1.1406365e+00
9.2725225e+00 8.0847991e-01 9.7943309e-01 1.1414099e+00
9.2777778e+00 8.0951717e-01 9.8063094e-01 1.1423220e+00
9.2830330e+00 8.1039790e-01 9.8147639e-01 1.1432084e+00
9.2882883e+00 8.1139829e-01 9.8264415e-01 1.1441957e+00
9.2935435e+00 8.1239768e-01 9.8350554e-01 1.1449929e+00
9.2987988e+00 8.1350854e-01 9.8474712e-01 1.1459862e+00
9.3040541e+00 8.1441122e-01 9.8567046e-01 1.1467193e+00
9.3093093e+00 8.1537636e-01 9.8663157e-01 1.1476274e+00
9.3145646e+00 8.1630750e-01 9.8744913e-01 1.1482336e+00
9.3198198e+00 8.1711093e-01 9.8818837e-01 1.1492236e+00
9.3250751e+00 8.1793968e-01 9.8919431e-01 1.1500636e+00
9.3303303e+00 8.1842203e-01 9.9005234e-01 1.1508682e+00
9.3355856e+00 8.1914346e-01 9.9071501e-01 1.1516120e+00
9.3408408e+00 8.1987732e-01 9.9146511e-01 1.1520678e+00
9.3460961e+00 8.2047122e-01 9.9205520e-01 1.1525314e+00
9.3513514e+00 8.2101471e-01 9.9271537e-01 1.1532313e+00
9.3566066e+00 8.2158845e-01 9.9337536e-01 1.1538182e+00
9.3618619e+00 8.2198163e-01 9.9400420e-01 1.1541877e+00
9.3671171e+00 8.2220112e-01 9.9450872e-01 1.1545539e+00
9.3723724e+00 8.2265025e-01 9.9535700e-01 1.1554322e+00
9.3776276e+00 8.2277961e-01 9.9573191e-01 1.1559547e+00
9.3828829e+00 8.2311153e-01 9.9599906e-01 1.1563691e+00
9.3881381e+00 8.2365422e-01 9.9667227e-01 1.1568777e+00
9.3933934e+00 8.2385650e-01 9.9715822e-01 1.1574648e+00
9.3986486e+00 8.2400927e-01 9.9745448e-01 1.1579691e+00
9.4039039e+00 8.2410955e-01 9.9769077e-01 1.1585061e+00
9.4091592e+00 8.2462582e-01 9.9841659e-01 1.1591865e+00
9.4144144e+00 8.2449723e-01 9.9843543e-01 1.1596319e+00
9.4196697e+00 8.2453494e-01 9.9883624e-01 1.1598517e+00
9.4249249e+00 8.2439823e-01 9.9901924e-01 1.1601141e+00
9.4301802e+00 8.2438983e-01 9.9939150e-01 1.1602580e+00
9.4354354e+00 8.2418262e-01 9.9956921e-01 1.1604255e+00
9.4406907e+00 8.2447548e-01 9.9970655e-01 1.1606431e+00
9.4459459e+00 8.2424035e-01 9.9979366e-01 1.1604366e+00
9.4512012e+00 8.2391532e-01 1.0000000e+00 1.1606192e+00
9.4564565e+00 8.2382599e-01 9.9997266e-01 1.1606432e+00
9.4617117e+00 8.2337058e-01 9.9977986e-01 1.1609080e+00
9.4669670e+00 8.2314758e-01 9.9968904e-01 1.1608741e+00
9.4722222e+00 8.2263593e-01 9.9963316e-01 1.1609346e+00
9.4774775e+00 8.2217293e-01 9.9956730e-01 1.1609713e+00
9.4827327e+00 8.2197936e-01 9.9942825e-01 1.1608937e+00
9.4879880e+00 8.2171647e-01 9.9921944e-01 1.1609420e+00
9.4932432e+00 8.2127957e-01 9.9884416e-01 1.1607454e+00
9.4984985e+00 8.2069391e-01 9.9860333e-01 1.1604859e+00
9.5037538e+00 8.2040776e-01 9.9822973e-01 1.1601350e+00
9.5090090e+00 8.1984141e-01 9.9759133e-01 1.1598126e+00
9.5142643e+00 8.1916213e-01 9.9719750e-01 1.1596643e+00
9.5195195e+00 8.1839671e-01 9.9687539e-01 1.1597322e+00
9.5247748e+00 8.1770559e-01 9.9629997e-01 1.1593982e+00
9.5300300e+00 8.1668806e-01 9.9571530e-01 1.1589657e+00
9.5352853e+00 8.1620224e-01 9.9511738e-01 1.1588412e+00
9.5405405e+00 8.1563245e-01 9.9452795e-01 1.1586279e+00
9.5457958e+00 8.1480682e-01 9.9378562e-01 1.1581844e+00
9.5510511e+00 8.1398356e-01 9.9294364e-01 1.1576485e+00
9.5563063e+00 8.1307547e-01 9.9217996e-01 1.1573097e+00
9.5615616e+00 8.1213063e-01 9.9149759e-01 1.1570041e+00
9.5668168e+00 8.1084148e-01 9.9074297e-01 1.1565317e+00
9.5720721e+00 8.0987401e-01 9.8980825e-01 1.1559845e+00
9.5773273e+00 8.0843918e-01 9.8900907e-01 1.1552860e+00
9.5825826e+00 8.0708464e-01 9.8796983e-01 1.1546610e+00
9.5878378e+00 8.0556451e-01 9.8692218e-01 1.1542258e+00
9.5930931e+00 8.0442827e-01 9.8580980e-01 1.1535265e+00
9.5983483e+00 8.0360906e-01 9.8489196e-01 1.1528043e+00
9.6036036e+00 8.0228019e-01 9.8374062e-01 1.1520234e+00
9.6088589e+00 8.0119795e-01 9.8265104e-01 1.1511472e+00
9.6141141e+00 8.0004480e-01 9.8152571e-01 1.1502009e+00
9.6193694e+00 7.9851426e-01 9.8019997e-01 1.1494816e+00
9.6246246e+00 7.9744885e-01 9.7887298e-01 1.1486078e+00
9.6298799e+00 7.9600880e-01 9.7750565e-01 1.1473847e+00
9.6351351e+00 7.9421896e-01 9.7606892e-01 1.1464131e+00
9.6403904e+00 7.9250095e-01 9.7475184e-01 1.1454037e+00
9.6456456e+00 7.9072419e-01 9.7338356e-01 1.1444523e+00
9.6509009e+00 7.8890472e-01 9.7218383e-01 1.1433049e+00
9.6561562e+00 7.8735712e-01 9.7064829e-01 1.1422840e+00
9.6614114e+00 7.8527706e-01 9.6917715e-01 1.1411466e+00
9.6666667e+00 7.8330164e-01 9.6778777e-01 1.1400757e+00
9.6719219e+00 7.8119474e-01 9.6641320e-01 1.1387727e+00
9.6771772e+00 7.7945371e-01 9.6487008e-01 1.1372804e+00
9.6824324e+00 7.7736692e-01 9.6344080e-01 1.1357071e+00
9.6876877e+00 7.7543962e-01 9.6164099e-01 1.1347479e+00
9.6929429e+00 7.7371992e-01 9.5987354e-01 1.1334347e+00
9.6981982e+00 7.7158412e-01 9.5798074e-01 1.1318632e+00
9.7034535e+00 7.6954916e-01 9.5623706e-01 1.1304014e+00
9.7087087e+00 7.6753837e-01 9.5441083e-01 1.1288760e+00
9.7139640e+00 7.6547950e-01 9.5254510e-01 1.1272686e+00
9.7192192e+00 7.6332519e-01 9.5069104e-01 1.1257494e+00
9.7244745e+00 7.6103772e-01 9.4871973e-01 1.1240062e+00
9.7297297e+00 7.5896231e-01 9.4662056e-01 1.1220597e+00
9.7349850e+00 7.5684614e-01 9.4457307e-01 1.1203645e+00
9.7402402e+00 7.5479102e-01 9.4270694e-01 1.1183300e+00
9.7454955e+00 7.5245542e-01 9.4077192e-01 1.1164856e+00
9.7507508e+00 7.5028911e-01 9.3868275e-01 1.1147950e+00
9.7560060e+00 7.4803369e-01 9.3633941e-01 1.1128734e+00
9.7612613e+00 7.4564384e-01 9.3414399e-01 1.1109990e+00
9.7665165e+00 7.4368893e-01 9.3206300e-01 1.1088954e+00
9.7717718e+00 7.4124815e-01 9.2963243e-01 1.1069759e+00
9.7770270e+00 7.3887992e-01 9.2758595e-01 1.1052075e+00
9.7822823e+00 7.3663977e-01 9.2540778e-01 1.1034174e+00
9.7875375e+00 7.3429034e-01 9.2311521e-01 1.1013082e+00
9.7927928e+00 7.3184140e-01 9.2090551e-01 1.0991854e+00
9.7980480e+00 7.2926045e-01 9.1845623e-01 1.0972734e+00
9.8033033e+00 7.2708947e-01 9.1598370e-01 1.0950768e+00
9.8085586e+00 7.2467842e-01 9.1347628e-01 1.0928865e+00
9.8138138e+00 7.2244577e-01 9.1102000e-01 1.0908106e+00
9.8190691e+00 7.1978126e-01 9.0832880e-01 1.0887580e+00
9.8243243e+00 7.1697455e-01 9.0553297e-01 1.0864432e+00
9.8295796e+00 7.1440563e-01 9.0287400e-01 1.0841189e+00
9.8348348e+00 7.1173695e-01 9.0039326e-01 1.0817176e+00
9.8400901e+00 7.0897126e-01 8.9766626e-01 1.0790461e+00
9.8453453e+00 7.0617215e-01 8.9496902e-01 1.0767578e+00
9.8506006e+00 7.0335039e-01 8.9213116e-01 1.0741698e+00
9.8558559e+00 7.0033064e-01 8.8939499e-01 1.0715520e+00
9.8611111e+00 6.9734234e-01 8.8660520e-01 1.0692832e+00
9.8663664e+00 6.9444801e-01 8.8376043e-01 1.0665404e+00
9.8716216e+00 6.9175342e-01 8.8096455e-01 1.0642723e+00
9.8768769e+00 6.8912890e-01 8.7798013e-01 1.0613954e+00
9.8821321e+00 6.8635768e-01 8.7514839e-01 1.0585249e+00
9.8873874e+00 6.8349462e-01 8.7212761e-01 1.0556860e+00
9.8926426e+00 6.8059954e-01 8.6906447e-01 1.0530323e+00
9.8978979e+00 6.7735556e-01 8.6603819e-01 1.0503324e+00
9.9031532e+00 6.7430245e-01 8.6307054e-01 1.0471863e+00
9.9084084e+00 6.7118350e-01 8.5999806e-01 1.0443021e+00
9.9136637e+00 6.6820594e-01 8.5715315e-01 1.0413062e+00
9.9189189e+00 6.6503120e-01 8.5413995e-01 1.0386246e+00
9.9241742e+00 6.6177696e-01 8.5090086e-01 1.0354215e+00
9.9294294e+00 6.5847924e-01 8.4745630e-01 1.0324271e+00
9.9346847e+00 6.5538089e-01 8.4417701e-01 1.0292790e+00
9.9399399e+00 6.5215268e-01 8.4103332e-01 1.0262947e+00
9.9451952e+00 6.4878328e-01 8.3771354e-01 1.0230027e+00
9.9504505e+00 6.4564041e-01 8.3429913e-01 1.0198470e+00
9.9557057e+00 6.4261694e-01 8.3099611e-01 1.0165085e+00
9.9609610e+00 6.3944845e-01 8.2745506e-01 1.0133727e+00
9.9662162e+00 6.3618080e-01 8.2384422e-01 1.0100574e+00
9.9714715e+00 6.3281162e-01 8.2066623e-01 1.0067933e+00
9.9767267e+00 6.2955003e-01 8.1707717e-01 1.0032854e+00
9.9819820e+00 6.2635753e-01 8.1360534e-01 9.9997878e-01
9.9872372e+00 6.2304888e-01 8.1003399e-01 9.9647543e-01
9.9924925e+00 6.1978541e-01 8.0647606e-01 9.9313024e-01
9.9977477e+00 6.1612993e-01 8.0302261e-01 9.8971987e-01
1.0003003e+01 6.1290197e-01 7.9950600e-01 9.8624237e-01
1.0008258e+01 6.0944419e-01 7.9597781e-01 9.8257112e-01
1.0013514e+01 6.0603056e-01 7.9236671e-01 9.7884360e-01
1.0018769e+01 6.0283159e-01 7.8876366e-01 9.7493347e-01
1.0024024e+01 5.9954807e-01 7.8534213e-01 9.7125629e-01
1.0029279e+01 5.9627890e-01 7.8172455e-01 9.6772717e-01
1.0034535e+01 5.9301036e-01 7.7797443e-01 9.6390446e-01
1.0039790e+01 5.8962705e-01 7.7435917e-01 9.6022740e-01
1.0045045e+01 5.8610006e-01 7.7063068e-01 9.5648992e-01
1.0050300e+01 5.8263805e-01 7.6681690e-01 9.5274361e-01
1.0055556e+01 5.7920359e-01 7.6316080e-01 9.4898100e-01
1.0060811e+01 5.7576147e-01 7.5947206e-01 9.4522411e-01
1.0066066e+01 5.7239620e-01 7.5587711e-01 9.4136036e-01
1.0071321e+01 5.6892673e-01 7.5211786e-01 9.3747616e-01
1.0076577e+01 5.6555225e-01 7.4832009e-01 9.3363638e-01
1.0081832e+01 5.6213545e-01 7.4436977e-01 9.2947161e-01
1.0087087e+01 5.5867568e-01 7.4058484e-01 9.2547868e-01
1.0092342e+01 5.5498725e-01 7.3670745e-01 9.2122964e-01
1.0097598e+01 5.5150542e-01 7.3270885e-01 9.1709837e-01
1.0102853e+01 5.4782515e-01 7.2879012e-01 9.1283946e-01
1.0108108e+01 5.4416012e-01 7.2479705e-01 9.0865451e-01
1.0113363e+01 5.4052511e-01 7.2073831e-01 9.0462180e-01
1.0118619e+01 5.3689408e-01 7.1686996e-01 9.0038772e-01
1.0123874e+01 5.3324030e-01 7.1298007e-01 8.9621814e-01
1.0129129e+01 5.2968589e-01 7.0901723e-01 8.9222336e-01
1.0134384e+01 5.2612977e-01 7.0502834e-01 8.8823087e-01
1.0139640e+01 5.2251157e-01 7.0120224e-01 8.8415665e-01
1.0144895e+01 5.1898422e-01 6.9729025e-01 8.7992349e-01
1.0150150e+01 5.1530513e-01 6.9323418e-01 8.7561853e-01
1.0155405e+01 5.1155399e-01 6.8904560e-01 8.7121279e-01
1.0160661e+01 5.0801134e-01 6.8501993e-01 8.6699871e-01
1.0165916e+01 5.0433062e-01 6.8098945e-01 8.6257732e-01
1.0171171e+01 5.0091236e-01 6.7690981e-01 8.5821560e-01
1.0176426e+01 4.9750353e-01 6.7283843e-01 8.5386428e-01
1.0181682e+01 4.9398631e-01 6.6860159e-01 8.4948838e-01
1.0186937e+01 4.9033939e-01 6.6447498e-01 8.4499288e-01
1.0192192e+01 4.8695695e-01 6.6031336e-01 8.4065058e-01
1.0197447e+01 4.8339711e-01 6.5626289e-01 8.3619999e-01
1.0202703e+01 4.7983744e-01 6.5200345e-01 8.3136700e-01
1.0207958e+01 4.7616229e-01 6.4786785e-01 8.2680195e-01
1.0213213e+01 4.7266489e-01 6.4359900e-01 8.2244929e-01
1.0218468e+01 4.6915378e-01 6.3959894e-01 8.1787607e-01
1.0223724e+01 4.6545638e-01 6.3534288e-01 8.1351525e-01
1.0228979e+01 4.6198170e-01 6.3100337e-01 8.0897822e-01
1.0234234e+01 4.5828802e-01 6.2678939e-01 8.0437183e-01
1.0239489e+01 4.5464723e-01 6.2269609e-01 7.9962572e-01
1.0244745e+01 4.5125027e-01 6.1826808e-01 7.9503552e-01
1.0250000e+01 4.4764859e-01 6.1430245e-01 7.9033105e-01
