X KDE_INF KDE_MED KDE_SUP
0.0000000e+00 7.4506622e-01 8.3671441e-01 9.1223621e-01
3.0030030e-03 7.5179740e-01 8.4327919e-01 9.1810257e-01
6.0060060e-03 7.5829188e-01 8.4980292e-01 9.2405410e-01
9.0090090e-03 7.6491022e-01 8.5615282e-01 9.2991166e-01
1.2012012e-02 7.7145064e-01 8.6245698e-01 9.3545881e-01
1.5015015e-02 7.7787060e-01 8.6855389e-01 9.4090157e-01
1.8018018e-02 7.8418932e-01 8.7461648e-01 9.4630566e-01
2.1021021e-02 7.9024497e-01 8.8048402e-01 9.5156608e-01
2.4024024e-02 7.9623591e-01 8.8618428e-01 9.5661333e-01
2.7027027e-02 8.0229548e-01 8.9179943e-01 9.6157842e-01
3.0030030e-02 8.0808931e-01 8.9742290e-01 9.6646584e-01
3.3033033e-02 8.1380172e-01 9.0285039e-01 9.7119215e-01
3.6036036e-02 8.1936922e-01 9.0806837e-01 9.7582756e-01
3.9039039e-02 8.2494610e-01 9.1317918e-01 9.8033860e-01
4.2042042e-02 8.3052159e-01 9.1826380e-01 9.8456833e-01
4.5045045e-02 8.3600372e-01 9.2323149e-01 9.8871556e-01
4.8048048e-02 8.4133356e-01 9.2796894e-01 9.9275222e-01
5.1051051e-02 8.4646412e-01 9.3266252e-01 9.9663347e-01
5.4054054e-02 8.5136440e-01 9.3714658e-01 1.0001738e+00
5.7057057e-02 8.5632088e-01 9.4145851e-01 1.0036567e+00
6.0060060e-02 8.6110841e-01 9.4566313e-01 1.0069984e+00
6.3063063e-02 8.6563507e-01 9.4968537e-01 1.0103318e+00
6.6066066e-02 8.7007563e-01 9.5367727e-01 1.0135373e+00
6.9069069e-02 8.7428789e-01 9.5747646e-01 1.0165015e+00
7.2072072e-02 8.7868410e-01 9.6098721e-01 1.0193738e+00
7.5075075e-02 8.8261054e-01 9.6436428e-01 1.0220274e+00
7.8078078e-02 8.8667752e-01 9.6772633e-01 1.0245909e+00
8.1081081e-02 8.9044578e-01 9.7093735e-01 1.0268948e+00
8.4084084e-02 8.9406048e-01 9.7402411e-01 1.0291013e+00
8.7087087e-02 8.9745838e-01 9.7691838e-01 1.0310441e+00
9.0090090e-02 9.0073380e-01 9.7941382e-01 1.0328573e+00
9.3093093e-02 9.0377288e-01 9.8184587e-01 1.0345531e+00
9.6096096e-02 9.0670892e-01 9.8417922e-01 1.0361667e+00
9.9099099e-02 9.0948128e-01 9.8635991e-01 1.0375782e+00
1.0210210e-01 9.1205618e-01 9.8840343e-01 1.0388117e+00
1.0510511e-01 9.1449456e-01 9.9028235e-01 1.0397921e+00
1.0810811e-01 9.1701979e-01 9.9199698e-01 1.0406448e+00
1.1111111e-01 9.1937309e-01 9.9363849e-01 1.0413760e+00
1.1411411e-01 9.2152325e-01 9.9495688e-01 1.0419572e+00
1.1711712e-01 9.2349945e-01 9.9612525e-01 1.0424374e+00
1.2012012e-01 9.2542300e-01 9.9724450e-01 1.0425947e+00
1.2312312e-01 9.2704841e-01 9.9814468e-01 1.0427132e+00
1.2612613e-01 9.2865021e-01 9.9892980e-01 1.0428513e+00
1.2912913e-01 9.2984675e-01 9.9944060e-01 1.0427085e+00
1.3213213e-01 9.3098955e-01 9.9979610e-01 1.0422947e+00
1.3513514e-01 9.3179824e-01 1.0000000e+00 1.0420417e+00
1.3813814e-01 9.3267208e-01 9.9999142e-01 1.0415301e+00
1.4114114e-01 9.3342040e-01 9.9964930e-01 1.0409181e+00
1.4414414e-01 9.3384487e-01 9.9923056e-01 1.0401546e+00
1.4714715e-01 9.3401213e-01 9.9878949e-01 1.0393078e+00
1.5015015e-01 9.3393143e-01 9.9804372e-01 1.0383504e+00
1.5315315e-01 9.3362110e-01 9.9725430e-01 1.0373248e+00
1.5615616e-01 9.3325118e-01 9.9605904e-01 1.0360301e+00
1.5915916e-01 9.3273150e-01 9.9474133e-01 1.0346719e+00
1.6216216e-01 9.3211105e-01 9.9328166e-01 1.0333082e+00
1.6516517e-01 9.3113450e-01 9.9172688e-01 1.0317381e+00
1.6816817e-01 9.2985328e-01 9.8986394e-01 1.0300387e+00
1.7117117e-01 9.2826818e-01 9.8780679e-01 1.0281985e+00
1.7417417e-01 9.2673493e-01 9.8562957e-01 1.0262471e+00
1.7717718e-01 9.2489243e-01 9.8332117e-01 1.0242692e+00
1.8018018e-01 9.2293528e-01 9.8091155e-01 1.0221736e+00
1.8318318e-01 9.2103234e-01 9.7828900e-01 1.0199730e+00
1.8618619e-01 9.1888495e-01 9.7547062e-01 1.0175183e+00
1.8918919e-01 9.1631734e-01 9.7255339e-01 1.0150622e+00
1.9219219e-01 9.1344952e-01 9.6944197e-01 1.0125211e+00
1.9519520e-01 9.1078301e-01 9.6622876e-01 1.0098988e+00
1.9819820e-01 9.0745888e-01 9.6284300e-01 1.0069293e+00
2.0120120e-01 9.0417349e-01 9.5931839e-01 1.0042038e+00
2.0420420e-01 9.0082554e-01 9.5575323e-01 1.0010229e+00
2.0720721e-01 8.9728741e-01 9.5198131e-01 9.9781168e-01
2.1021021e-01 8.9354673e-01 9.4817441e-01 9.9444494e-01
2.1321321e-01 8.8958393e-01 9.4423196e-01 9.9107798e-01
2.1621622e-01 8.8524840e-01 9.4006809e-01 9.8767899e-01
2.1921922e-01 8.8093195e-01 9.3577833e-01 9.8403712e-01
2.2222222e-01 8.7637729e-01 9.3148805e-01 9.8034513e-01
2.2522523e-01 8.7165027e-01 9.2718956e-01 9.7648617e-01
2.2822823e-01 8.6682339e-01 9.2255450e-01 9.7250840e-01
2.3123123e-01 8.6187589e-01 9.1801605e-01 9.6850368e-01
2.3423423e-01 8.5683117e-01 9.1313944e-01 9.6446390e-01
2.3723724e-01 8.5151013e-01 9.0834630e-01 9.6013750e-01
2.4024024e-01 8.4627293e-01 9.0345906e-01 9.5573276e-01
2.4324324e-01 8.4082831e-01 8.9856729e-01 9.5125195e-01
2.4624625e-01 8.3524562e-01 8.9330589e-01 9.4671824e-01
2.4924925e-01 8.2955592e-01 8.8796346e-01 9.4212415e-01
2.5225225e-01 8.2382300e-01 8.8260953e-01 9.3740709e-01
2.5525526e-01 8.1810521e-01 8.7708991e-01 9.3260306e-01
2.5825826e-01 8.1190326e-01 8.7151584e-01 9.2779773e-01
2.6126126e-01 8.0561924e-01 8.6582669e-01 9.2270825e-01
2.6426426e-01 7.9941446e-01 8.6016774e-01 9.1765532e-01
2.6726727e-01 7.9321143e-01 8.5426030e-01 9.1248729e-01
2.7027027e-01 7.8710275e-01 8.4827070e-01 9.0718793e-01
2.7327327e-01 7.8047281e-01 8.4212550e-01 9.0191415e-01
2.7627628e-01 7.7388899e-01 8.3603716e-01 8.9639145e-01
2.7927928e-01 7.6745268e-01 8.2990583e-01 8.9100074e-01
2.8228228e-01 7.6065574e-01 8.2365152e-01 8.8528170e-01
2.8528529e-01 7.5374193e-01 8.1727480e-01 8.7951691e-01
2.8828829e-01 7.4674004e-01 8.1092642e-01 8.7379465e-01
2.9129129e-01 7.3965219e-01 8.0451338e-01 8.6797863e-01
2.9429429e-01 7.3265581e-01 7.9802808e-01 8.6218750e-01
2.9729730e-01 7.2572959e-01 7.9133393e-01 8.5623471e-01
3.0030030e-01 7.1834306e-01 7.8465523e-01 8.5026611e-01
3.0330330e-01 7.1112474e-01 7.7794615e-01 8.4417627e-01
3.0630631e-01 7.0387165e-01 7.7117650e-01 8.3815945e-01
3.0930931e-01 6.9648386e-01 7.6435065e-01 8.3187847e-01
3.1231231e-01 6.8931409e-01 7.5743804e-01 8.2539444e-01
3.1531532e-01 6.8191129e-01 7.5038482e-01 8.1899735e-01
3.1831832e-01 6.7444112e-01 7.4330200e-01 8.1244622e-01
3.2132132e-01 6.6700210e-01 7.3629084e-01 8.0603514e-01
3.2432432e-01 6.5955735e-01 7.2926876e-01 7.9961012e-01
3.2732733e-01 6.5193706e-01 7.2211955e-01 7.9300090e-01
3.3033033e-01 6.4438581e-01 7.1493972e-01 7.8624844e-01
3.3333333e-01 6.3680622e-01 7.0788541e-01 7.7964877e-01
3.3633634e-01 6.2925257e-01 7.0065407e-01 7.7291856e-01
3.3933934e-01 6.2151563e-01 6.9346295e-01 7.6621825e-01
3.4234234e-01 6.1373150e-01 6.8616535e-01 7.5961235e-01
3.4534535e-01 6.0586941e-01 6.7889728e-01 7.5276409e-01
3.4834835e-01 5.9813799e-01 6.7149560e-01 7.4604365e-01
3.5135135e-01 5.9039645e-01 6.6406200e-01 7.3916176e-01
3.5435435e-01 5.8257564e-01 6.5666256e-01 7.3209357e-01
3.5735736e-01 5.7474542e-01 6.4931701e-01 7.2498725e-01
3.6036036e-01 5.6713390e-01 6.4168762e-01 7.1803937e-01
3.6336336e-01 5.5950159e-01 6.3424679e-01 7.1125396e-01
3.6636637e-01 5.5182819e-01 6.2675899e-01 7.0415721e-01
3.6936937e-01 5.4436803e-01 6.1927105e-01 6.9726272e-01
3.7237237e-01 5.3685540e-01 6.1179453e-01 6.9022292e-01
3.7537538e-01 5.2913718e-01 6.0425501e-01 6.8322309e-01
3.7837838e-01 5.2154303e-01 5.9682277e-01 6.7621411e-01
3.8138138e-01 5.1400323e-01 5.8936221e-01 6.6926017e-01
3.8438438e-01 5.0637420e-01 5.8187511e-01 6.6222633e-01
3.8738739e-01 4.9877052e-01 5.7441502e-01 6.5526495e-01
3.9039039e-01 4.9117483e-01 5.6704257e-01 6.4836318e-01
3.9339339e-01 4.8364951e-01 5.5978415e-01 6.4138582e-01
3.9639640e-01 4.7608491e-01 5.5248659e-01 6.3428322e-01
3.9939940e-01 4.6858206e-01 5.4513556e-01 6.2742142e-01
4.0240240e-01 4.6123177e-01 5.3773090e-01 6.2028565e-01
4.0540541e-01 4.5390141e-01 5.3043083e-01 6.1317932e-01
4.0840841e-01 4.4654445e-01 5.2312315e-01 6.0635369e-01
4.1141141e-01 4.3923926e-01 5.1578304e-01 5.9951815e-01
4.1441441e-01 4.3193218e-01 5.0843994e-01 5.9262965e-01
4.1741742e-01 4.2467342e-01 5.0113201e-01 5.8572240e-01
4.2042042e-01 4.1745900e-01 4.9391322e-01 5.7877085e-01
4.2342342e-01 4.1036345e-01 4.8681680e-01 5.7187068e-01
4.2642643e-01 4.0326792e-01 4.7955761e-01 5.6482054e-01
4.2942943e-01 3.9625717e-01 4.7255713e-01 5.5799732e-01
4.3243243e-01 3.8948633e-01 4.6535770e-01 5.5108386e-01
4.3543544e-01 3.8259363e-01 4.5833724e-01 5.4415622e-01
4.3843844e-01 3.7559122e-01 4.5131783e-01 5.3744218e-01
4.4144144e-01 3.6881990e-01 4.4436230e-01 5.3063857e-01
4.4444444e-01 3.6203640e-01 4.3729293e-01 5.2406451e-01
4.4744745e-01 3.5538478e-01 4.3033956e-01 5.1723108e-01
4.5045045e-01 3.4873020e-01 4.2343534e-01 5.1052450e-01
4.5345345e-01 3.4230260e-01 4.1661460e-01 5.0394061e-01
4.5645646e-01 3.3570547e-01 4.0975847e-01 4.9738370e-01
4.5945946e-01 3.2923800e-01 4.0298059e-01 4.9072534e-01
4.6246246e-01 3.2292610e-01 3.9638159e-01 4.8410309e-01
4.6546547e-01 3.1668384e-01 3.8985604e-01 4.7764873e-01
4.6846847e-01 3.1045819e-01 3.8327851e-01 4.7086023e-01
4.7147147e-01 3.0446523e-01 3.7670876e-01 4.6447697e-01
4.7447447e-01 2.9833114e-01 3.7022796e-01 4.5805393e-01
4.7747748e-01 2.9224119e-01 3.6369716e-01 4.5171427e-01
4.8048048e-01 2.8631257e-01 3.5735797e-01 4.4552220e-01
4.8348348e-01 2.8044323e-01 3.5106204e-01 4.3919280e-01
4.8648649e-01 2.7454446e-01 3.4486941e-01 4.3298316e-01
4.8948949e-01 2.6874159e-01 3.3864349e-01 4.2680391e-01
4.9249249e-01 2.6301331e-01 3.3253190e-01 4.2078983e-01
4.9549550e-01 2.5743264e-01 3.2648897e-01 4.1466922e-01
4.9849850e-01 2.5188887e-01 3.2047369e-01 4.0871727e-01
5.0150150e-01 2.4639861e-01 3.1468042e-01 4.0264603e-01
5.0450450e-01 2.4098458e-01 3.0890441e-01 3.9687382e-01
5.0750751e-01 2.3570589e-01 3.0316577e-01 3.9097867e-01
5.1051051e-01 2.3051049e-01 2.9731843e-01 3.8512952e-01
5.1351351e-01 2.2534932e-01 2.9163740e-01 3.7922710e-01
5.1651652e-01 2.2030463e-01 2.8599847e-01 3.7341641e-01
5.1951952e-01 2.1534014e-01 2.8046178e-01 3.6764332e-01
5.2252252e-01 2.1042249e-01 2.7493627e-01 3.6190055e-01
5.2552553e-01 2.0555961e-01 2.6968842e-01 3.5631296e-01
5.2852853e-01 2.0082062e-01 2.6443611e-01 3.5081352e-01
5.3153153e-01 1.9614388e-01 2.5917725e-01 3.4535713e-01
5.3453453e-01 1.9147008e-01 2.5398188e-01 3.3998908e-01
5.3753754e-01 1.8691319e-01 2.4890269e-01 3.3463098e-01
5.4054054e-01 1.8240286e-01 2.4387790e-01 3.2947171e-01
5.4354354e-01 1.7800450e-01 2.3890388e-01 3.2426354e-01
5.4654655e-01 1.7366485e-01 2.3393754e-01 3.1897542e-01
5.4954955e-01 1.6945076e-01 2.2903895e-01 3.1372343e-01
5.5255255e-01 1.6520469e-01 2.2425722e-01 3.0861089e-01
5.5555556e-01 1.6109043e-01 2.1952254e-01 3.0354812e-01
5.5855856e-01 1.5707990e-01 2.1481530e-01 2.9857718e-01
5.6156156e-01 1.5309817e-01 2.1027368e-01 2.9351048e-01
5.6456456e-01 1.4921855e-01 2.0582309e-01 2.8857158e-01
5.6756757e-01 1.4539439e-01 2.0141903e-01 2.8380211e-01
5.7057057e-01 1.4166897e-01 1.9706029e-01 2.7901134e-01
5.7357357e-01 1.3793712e-01 1.9278314e-01 2.7401118e-01
5.7657658e-01 1.3434708e-01 1.8848213e-01 2.6917461e-01
5.7957958e-01 1.3078038e-01 1.8438810e-01 2.6468770e-01
5.8258258e-01 1.2731081e-01 1.8026624e-01 2.6010302e-01
5.8558559e-01 1.2396146e-01 1.7627210e-01 2.5564196e-01
5.8858859e-01 1.2063346e-01 1.7230888e-01 2.5109431e-01
5.9159159e-01 1.1735909e-01 1.6845069e-01 2.4662827e-01
5.9459459e-01 1.1414653e-01 1.6452608e-01 2.4234003e-01
5.9759760e-01 1.1100282e-01 1.6078780e-01 2.3783379e-01
6.0060060e-01 1.0791992e-01 1.5703728e-01 2.3360450e-01
6.0360360e-01 1.0491538e-01 1.5338234e-01 2.2937113e-01
6.0660661e-01 1.0198832e-01 1.4978422e-01 2.2517178e-01
6.0960961e-01 9.9126179e-02 1.4626268e-01 2.2108521e-01
6.1261261e-01 9.6315533e-02 1.4277740e-01 2.1693722e-01
6.1561562e-01 9.3547424e-02 1.3928688e-01 2.1296106e-01
6.1861862e-01 9.0869682e-02 1.3585476e-01 2.0886585e-01
6.2162162e-01 8.8257086e-02 1.3263874e-01 2.0488767e-01
6.2462462e-01 8.5696068e-02 1.2942863e-01 2.0107061e-01
6.2762763e-01 8.3194712e-02 1.2616002e-01 1.9724950e-01
6.3063063e-01 8.0734506e-02 1.2295123e-01 1.9348757e-01
6.3363363e-01 7.8336360e-02 1.1985070e-01 1.8970584e-01
6.3663664e-01 7.6015965e-02 1.1687906e-01 1.8600645e-01
6.3963964e-01 7.3728791e-02 1.1388641e-01 1.8236889e-01
6.4264264e-01 7.1540697e-02 1.1095586e-01 1.7874040e-01
6.4564565e-01 6.9367888e-02 1.0815335e-01 1.7521535e-01
6.4864865e-01 6.7247054e-02 1.0534888e-01 1.7175846e-01
6.5165165e-01 6.5181217e-02 1.0256394e-01 1.6819495e-01
6.5465465e-01 6.3152461e-02 9.9815180e-02 1.6477217e-01
6.5765766e-01 6.1194549e-02 9.7162628e-02 1.6132960e-01
6.6066066e-01 5.9293860e-02 9.4673268e-02 1.5792805e-01
6.6366366e-01 5.7450560e-02 9.2127686e-02 1.5467347e-01
6.6666667e-01 5.5630896e-02 8.9693174e-02 1.5161389e-01
6.6966967e-01 5.3872483e-02 8.7212278e-02 1.4845384e-01
6.7267267e-01 5.2161981e-02 8.4846822e-02 1.4532483e-01
6.7567568e-01 5.0496293e-02 8.2501626e-02 1.4232580e-01
6.7867868e-01 4.8862907e-02 8.0241701e-02 1.3923604e-01
6.8168168e-01 4.7269553e-02 7.7980377e-02 1.3629274e-01
6.8468468e-01 4.5752020e-02 7.5770788e-02 1.3354624e-01
6.8768769e-01 4.4251173e-02 7.3615174e-02 1.3075744e-01
6.9069069e-01 4.2810914e-02 7.1560541e-02 1.2791432e-01
6.9369369e-01 4.1385925e-02 6.9492666e-02 1.2519217e-01
6.9669670e-01 3.9999034e-02 6.7510960e-02 1.2244418e-01
6.9969970e-01 3.8666905e-02 6.5596367e-02 1.1984755e-01
7.0270270e-01 3.7369252e-02 6.3681455e-02 1.1727409e-01
7.0570571e-01 3.6101666e-02 6.1797234e-02 1.1467531e-01
7.0870871e-01 3.4871909e-02 5.9955786e-02 1.1202263e-01
7.1171171e-01 3.3673620e-02 5.8176666e-02 1.0949234e-01
7.1471471e-01 3.2524325e-02 5.6432818e-02 1.0706501e-01
7.1771772e-01 3.1405638e-02 5.4735128e-02 1.0469560e-01
7.2072072e-01 3.0321257e-02 5.3107207e-02 1.0228786e-01
7.2372372e-01 2.9267598e-02 5.1480106e-02 1.0002407e-01
7.2672673e-01 2.8243820e-02 4.9917929e-02 9.7754276e-02
7.2972973e-01 2.7254406e-02 4.8395936e-02 9.5607317e-02
7.3273273e-01 2.6287513e-02 4.6897506e-02 9.3480030e-02
7.3573574e-01 2.5358231e-02 4.5432470e-02 9.1286834e-02
7.3873874e-01 2.4447043e-02 4.4014196e-02 8.9158226e-02
7.4174174e-01 2.3562406e-02 4.2625627e-02 8.7148964e-02
7.4474474e-01 2.2712959e-02 4.1275099e-02 8.5088207e-02
7.4774775e-01 2.1894575e-02 3.9981512e-02 8.3114659e-02
7.5075075e-01 2.1106372e-02 3.8716793e-02 8.1236789e-02
7.5375375e-01 2.0336474e-02 3.7492763e-02 7.9347584e-02
7.5675676e-01 1.9579748e-02 3.6284396e-02 7.7476267e-02
7.5975976e-01 1.8866736e-02 3.5115779e-02 7.5670942e-02
7.6276276e-01 1.8161960e-02 3.3980326e-02 7.3846077e-02
7.6576577e-01 1.7481748e-02 3.2859920e-02 7.2113763e-02
7.6876877e-01 1.6822887e-02 3.1786507e-02 7.0378545e-02
7.7177177e-01 1.6190304e-02 3.0714433e-02 6.8689413e-02
7.7477477e-01 1.5584634e-02 2.9660829e-02 6.7033539e-02
7.7777778e-01 1.4996452e-02 2.8672828e-02 6.5407557e-02
7.8078078e-01 1.4425772e-02 2.7697816e-02 6.3785933e-02
7.8378378e-01 1.3871480e-02 2.6754409e-02 6.2233925e-02
7.8678679e-01 1.3336812e-02 2.5842292e-02 6.0658059e-02
7.8978979e-01 1.2820422e-02 2.4943469e-02 5.9141180e-02
7.9279279e-01 1.2324766e-02 2.4084051e-02 5.7670267e-02
7.9579580e-01 1.1841836e-02 2.3249543e-02 5.6258300e-02
7.9879880e-01 1.1377706e-02 2.2434537e-02 5.4894920e-02
8.0180180e-01 1.0929617e-02 2.1645751e-02 5.3473270e-02
8.0480480e-01 1.0500791e-02 2.0878520e-02 5.2118059e-02
8.0780781e-01 1.0087607e-02 2.0139219e-02 5.0789858e-02
8.1081081e-01 9.6857281e-03 1.9425932e-02 4.9486989e-02
8.1381381e-01 9.2990602e-03 1.8739004e-02 4.8265403e-02
8.1681682e-01 8.9268793e-03 1.8065062e-02 4.7038238e-02
8.1981982e-01 8.5691998e-03 1.7417559e-02 4.5826586e-02
8.2282282e-01 8.2183086e-03 1.6786963e-02 4.4633086e-02
8.2582583e-01 7.8812351e-03 1.6182466e-02 4.3468801e-02
8.2882883e-01 7.5600756e-03 1.5591455e-02 4.2307503e-02
8.3183183e-01 7.2458974e-03 1.5016037e-02 4.1190672e-02
8.3483483e-01 6.9475974e-03 1.4460652e-02 4.0067376e-02
8.3783784e-01 6.6578993e-03 1.3924778e-02 3.8994149e-02
8.4084084e-01 6.3810979e-03 1.3394646e-02 3.7944075e-02
8.4384384e-01 6.1152811e-03 1.2891021e-02 3.6943125e-02
8.4684685e-01 5.8594876e-03 1.2396365e-02 3.5980071e-02
8.4984985e-01 5.6131922e-03 1.1920362e-02 3.4985552e-02
8.5285285e-01 5.3745235e-03 1.1467958e-02 3.4020957e-02
8.5585586e-01 5.1451212e-03 1.1027636e-02 3.3078752e-02
8.5885886e-01 4.9251990e-03 1.0599354e-02 3.2162157e-02
8.6186186e-01 4.7127108e-03 1.0191079e-02 3.1266370e-02
8.6486486e-01 4.5103180e-03 9.7992293e-03 3.0395068e-02
8.6786787e-01 4.3164760e-03 9.4183287e-03 2.9528425e-02
8.7087087e-01 4.1296769e-03 9.0480631e-03 2.8677164e-02
8.7387387e-01 3.9504531e-03 8.6915338e-03 2.7851809e-02
8.7687688e-01 3.7775794e-03 8.3418569e-03 2.7052547e-02
8.7987988e-01 3.6114044e-03 8.0094578e-03 2.6267270e-02
8.8288288e-01 3.4525610e-03 7.6905371e-03 2.5523173e-02
8.8588589e-01 3.2996166e-03 7.3821567e-03 2.4805316e-02
8.8888889e-01 3.1516706e-03 7.0867521e-03 2.4091273e-02
8.9189189e-01 3.0108975e-03 6.7963875e-03 2.3390180e-02
8.9489489e-01 2.8754601e-03 6.5240754e-03 2.2691541e-02
8.9789790e-01 2.7463290e-03 6.2559694e-03 2.2024271e-02
9.0090090e-01 2.6221599e-03 5.9997615e-03 2.1377654e-02
9.0390390e-01 2.5028793e-03 5.7499022e-03 2.0746896e-02
9.0690691e-01 2.3892421e-03 5.5118005e-03 2.0122979e-02
9.0990991e-01 2.2802809e-03 5.2830087e-03 1.9521981e-02
9.1291291e-01 2.1759995e-03 5.0676942e-03 1.8945137e-02
9.1591592e-01 2.0761597e-03 4.8575343e-03 1.8367437e-02
9.1891892e-01 1.9809792e-03 4.6548583e-03 1.7803879e-02
9.2192192e-01 1.8882419e-03 4.4563960e-03 1.7251347e-02
9.2492492e-01 1.7998446e-03 4.2687401e-03 1.6723197e-02
9.2792793e-01 1.7154436e-03 4.0889543e-03 1.6207329e-02
9.3093093e-01 1.6346925e-03 3.9158826e-03 1.5688444e-02
9.3393393e-01 1.5572171e-03 3.7475224e-03 1.5202482e-02
9.3693694e-01 1.4835721e-03 3.5882159e-03 1.4720188e-02
9.3993994e-01 1.4133011e-03 3.4346560e-03 1.4253461e-02
9.4294294e-01 1.3458510e-03 3.2872830e-03 1.3799565e-02
9.4594595e-01 1.2812110e-03 3.1456273e-03 1.3349273e-02
9.4894895e-01 1.2198276e-03 3.0089264e-03 1.2918203e-02
9.5195195e-01 1.1609029e-03 2.8761222e-03 1.2497562e-02
9.5495495e-01 1.1048307e-03 2.7507979e-03 1.2089055e-02
9.5795796e-01 1.0512904e-03 2.6285513e-03 1.1686051e-02
9.6096096e-01 1.0002480e-03 2.5111607e-03 1.1307214e-02
9.6396396e-01 9.5176158e-04 2.3997957e-03 1.0933554e-02
9.6696697e-01 9.0510138e-04 2.2920770e-03 1.0573364e-02
9.6996997e-01 8.6041117e-04 2.1902859e-03 1.0219100e-02
9.7297297e-01 8.1797387e-04 2.0925638e-03 9.8780117e-03
9.7597598e-01 7.7725660e-04 1.9983837e-03 9.5411676e-03
9.7897898e-01 7.3845181e-04 1.9082673e-03 9.2130714e-03
9.8198198e-01 7.0179080e-04 1.8218722e-03 8.8934359e-03
9.8498498e-01 6.6670476e-04 1.7384325e-03 8.5921903e-03
9.8798799e-01 6.3315056e-04 1.6586534e-03 8.2945315e-03
9.9099099e-01 6.0113066e-04 1.5823690e-03 8.0112940e-03
9.9399399e-01 5.7083377e-04 1.5091943e-03 7.7313476e-03
9.9699700e-01 5.4174509e-04 1.4385666e-03 7.4560997e-03
1.0000000e+00 5.1401138e-04 1.3719013e-03 7.1963135e-03
1.0030030e+00 4.8762228e-04 1.3082051e-03 6.9449576e-03
1.0060060e+00 4.6241501e-04 1.2475060e-03 6.6941379e-03
1.0090090e+00 4.3848596e-04 1.1887540e-03 6.4582434e-03
1.0120120e+00 4.1574015e-04 1.1326851e-03 6.2326752e-03
1.0150150e+00 3.9419036e-04 1.0796108e-03 6.0080401e-03
1.0180180e+00 3.7369563e-04 1.0286318e-03 5.7940689e-03
1.0210210e+00 3.5413507e-04 9.8009598e-04 5.5839987e-03
1.0240240e+00 3.3562107e-04 9.3330411e-04 5.3801617e-03
1.0270270e+00 3.1797377e-04 8.8798817e-04 5.1837013e-03
1.0300300e+00 3.0129358e-04 8.4529911e-04 4.9892850e-03
1.0330330e+00 2.8527674e-04 8.0403821e-04 4.8069971e-03
1.0360360e+00 2.7011181e-04 7.6423668e-04 4.6279125e-03
1.0390390e+00 2.5567256e-04 7.2678502e-04 4.4579380e-03
1.0420420e+00 2.4198481e-04 6.9116819e-04 4.2928440e-03
1.0450450e+00 2.2899809e-04 6.5686257e-04 4.1325567e-03
1.0480480e+00 2.1665851e-04 6.2523923e-04 3.9742202e-03
1.0510511e+00 2.0484995e-04 5.9441185e-04 3.8215789e-03
1.0540541e+00 1.9366203e-04 5.6499846e-04 3.6755491e-03
1.0570571e+00 1.8311429e-04 5.3672299e-04 3.5332172e-03
1.0600601e+00 1.7323374e-04 5.0996926e-04 3.3958544e-03
1.0630631e+00 1.6374399e-04 4.8457898e-04 3.2664397e-03
1.0660661e+00 1.5480048e-04 4.6041673e-04 3.1405705e-03
1.0690691e+00 1.4624594e-04 4.3708700e-04 3.0158924e-03
1.0720721e+00 1.3818815e-04 4.1499914e-04 2.8986726e-03
1.0750751e+00 1.3049060e-04 3.9411835e-04 2.7875662e-03
1.0780781e+00 1.2321633e-04 3.7397223e-04 2.6779482e-03
1.0810811e+00 1.1631805e-04 3.5474419e-04 2.5722639e-03
1.0840841e+00 1.0977742e-04 3.3648418e-04 2.4709258e-03
1.0870871e+00 1.0360774e-04 3.1921507e-04 2.3703569e-03
1.0900901e+00 9.7801395e-05 3.0270303e-04 2.2763931e-03
1.0930931e+00 9.2262335e-05 2.8696592e-04 2.1861260e-03
1.0960961e+00 8.7049646e-05 2.7190971e-04 2.0993046e-03
1.0990991e+00 8.2092101e-05 2.5765136e-04 2.0137802e-03
1.1021021e+00 7.7400160e-05 2.4416746e-04 1.9301010e-03
1.1051051e+00 7.2960648e-05 2.3130428e-04 1.8505810e-03
1.1081081e+00 6.8776378e-05 2.1899163e-04 1.7758024e-03
1.1111111e+00 6.4840141e-05 2.0730572e-04 1.7003861e-03
1.1141141e+00 6.1115949e-05 1.9613248e-04 1.6295636e-03
1.1171171e+00 5.7561998e-05 1.8567355e-04 1.5610864e-03
1.1201201e+00 5.4196917e-05 1.7567569e-04 1.4953137e-03
1.1231231e+00 5.1037209e-05 1.6620398e-04 1.4326969e-03
1.1261261e+00 4.8058546e-05 1.5725585e-04 1.3727799e-03
1.1291291e+00 4.5251296e-05 1.4880421e-04 1.3137959e-03
1.1321321e+00 4.2591922e-05 1.4064169e-04 1.2587908e-03
1.1351351e+00 4.0061663e-05 1.3290472e-04 1.2041147e-03
1.1381381e+00 3.7680574e-05 1.2559198e-04 1.1526552e-03
1.1411411e+00 3.5451430e-05 1.1867206e-04 1.1019849e-03
1.1441441e+00 3.3333908e-05 1.1226146e-04 1.0545596e-03
1.1471471e+00 3.1354413e-05 1.0607149e-04 1.0079337e-03
1.1501502e+00 2.9473970e-05 1.0016771e-04 9.6298110e-04
1.1531532e+00 2.7704710e-05 9.4610299e-05 9.2102910e-04
1.1561562e+00 2.6037770e-05 8.9326087e-05 8.8071046e-04
1.1591592e+00 2.4468009e-05 8.4436002e-05 8.4211622e-04
1.1621622e+00 2.2984839e-05 7.9696432e-05 8.0569564e-04
1.1651652e+00 2.1591373e-05 7.5156289e-05 7.6917445e-04
1.1681682e+00 2.0271182e-05 7.0947851e-05 7.3494535e-04
1.1711712e+00 1.9029995e-05 6.6894645e-05 7.0231318e-04
1.1741742e+00 1.7860536e-05 6.3115646e-05 6.7046253e-04
1.1771772e+00 1.6759593e-05 5.9534061e-05 6.4010092e-04
1.1801802e+00 1.5732204e-05 5.6171537e-05 6.1099060e-04
1.1831832e+00 1.4761060e-05 5.2963012e-05 5.8311760e-04
1.1861862e+00 1.3846893e-05 4.9912392e-05 5.5566147e-04
1.1891892e+00 1.2987442e-05 4.7070994e-05 5.2967986e-04
1.1921922e+00 1.2173373e-05 4.4357108e-05 5.0517065e-04
1.1951952e+00 1.1416100e-05 4.1793940e-05 4.8189468e-04
1.1981982e+00 1.0697080e-05 3.9360945e-05 4.5914026e-04
1.2012012e+00 1.0018968e-05 3.7095506e-05 4.3790938e-04
1.2042042e+00 9.3837177e-06 3.4912974e-05 4.1741512e-04
1.2072072e+00 8.7904947e-06 3.2851818e-05 3.9765598e-04
1.2102102e+00 8.2299865e-06 3.0914723e-05 3.7882046e-04
1.2132132e+00 7.7067349e-06 2.9083089e-05 3.6065565e-04
1.2162162e+00 7.2158746e-06 2.7351301e-05 3.4299217e-04
1.2192192e+00 6.7516405e-06 2.5721985e-05 3.2650935e-04
1.2222222e+00 6.3189721e-06 2.4187253e-05 3.1079253e-04
1.2252252e+00 5.9156251e-06 2.2746199e-05 2.9594311e-04
1.2282282e+00 5.5326723e-06 2.1390225e-05 2.8177729e-04
1.2312312e+00 5.1728831e-06 2.0101996e-05 2.6824181e-04
1.2342342e+00 4.8379859e-06 1.8882219e-05 2.5527355e-04
1.2372372e+00 4.5220185e-06 1.7735955e-05 2.4270154e-04
1.2402402e+00 4.2268156e-06 1.6664382e-05 2.3076961e-04
1.2432432e+00 3.9501794e-06 1.5649368e-05 2.1940319e-04
1.2462462e+00 3.6916593e-06 1.4695091e-05 2.0858456e-04
1.2492492e+00 3.4497190e-06 1.3801420e-05 1.9807285e-04
1.2522523e+00 3.2217673e-06 1.2965191e-05 1.8816065e-04
1.2552553e+00 3.0085402e-06 1.2169075e-05 1.7886131e-04
1.2582583e+00 2.8087476e-06 1.1421676e-05 1.6983389e-04
1.2612613e+00 2.6213610e-06 1.0723109e-05 1.6143503e-04
1.2642643e+00 2.4465639e-06 1.0060609e-05 1.5339248e-04
1.2672673e+00 2.2838738e-06 9.4364644e-06 1.4574037e-04
1.2702703e+00 2.1301946e-06 8.8492845e-06 1.3840705e-04
1.2732733e+00 1.9871424e-06 8.2982704e-06 1.3128131e-04
1.2762763e+00 1.8531321e-06 7.7753998e-06 1.2460457e-04
1.2792793e+00 1.7292380e-06 7.2862124e-06 1.1825709e-04
1.2822823e+00 1.6124266e-06 6.8292444e-06 1.1214510e-04
1.2852853e+00 1.5031609e-06 6.3974860e-06 1.0639468e-04
1.2882883e+00 1.4008710e-06 5.9885949e-06 1.0092615e-04
1.2912913e+00 1.3051629e-06 5.6004819e-06 9.5695526e-05
1.2942943e+00 1.2156277e-06 5.2434367e-06 9.0764535e-05
1.2972973e+00 1.1324985e-06 4.9120716e-06 8.5910404e-05
1.3003003e+00 1.0545273e-06 4.5959839e-06 8.1370302e-05
1.3033033e+00 9.8197091e-07 4.2972455e-06 7.7078974e-05
1.3063063e+00 9.1408701e-07 4.0207588e-06 7.2896149e-05
1.3093093e+00 8.5077711e-07 3.7619485e-06 6.8986259e-05
1.3123123e+00 7.9176950e-07 3.5181404e-06 6.5273307e-05
1.3153153e+00 7.3656048e-07 3.2885536e-06 6.1769907e-05
1.3183183e+00 6.8532044e-07 3.0741192e-06 5.8449339e-05
1.3213213e+00 6.3737855e-07 2.8732458e-06 5.5249031e-05
1.3243243e+00 5.9266589e-07 2.6847254e-06 5.2272026e-05
1.3273273e+00 5.5108130e-07 2.5083268e-06 4.9457257e-05
1.3303303e+00 5.1224344e-07 2.3432419e-06 4.6748297e-05
1.3333333e+00 4.7616733e-07 2.1874451e-06 4.4149304e-05
1.3363363e+00 4.4250381e-07 2.0413814e-06 4.1733305e-05
1.3393393e+00 4.1119058e-07 1.9056338e-06 3.9445584e-05
1.3423423e+00 3.8179657e-07 1.7781042e-06 3.7300531e-05
1.3453453e+00 3.5459483e-07 1.6596252e-06 3.5201913e-05
1.3483483e+00 3.2921807e-07 1.5491043e-06 3.3245561e-05
1.3513514e+00 3.0551142e-07 1.4454106e-06 3.1386692e-05
1.3543544e+00 2.8351623e-07 1.3475799e-06 2.9582074e-05
1.3573574e+00 2.6295232e-07 1.2558986e-06 2.7886478e-05
1.3603604e+00 2.4385176e-07 1.1706352e-06 2.6310815e-05
1.3633634e+00 2.2619951e-07 1.0912298e-06 2.4828054e-05
1.3663664e+00 2.0966700e-07 1.0163142e-06 2.3409091e-05
1.3693694e+00 1.9427524e-07 9.4698706e-07 2.2074125e-05
1.3723724e+00 1.8019143e-07 8.8229754e-07 2.0819102e-05
1.3753754e+00 1.6698374e-07 8.2161678e-07 1.9618862e-05
1.3783784e+00 1.5471764e-07 7.6486117e-07 1.8495778e-05
1.3813814e+00 1.4335619e-07 7.1274063e-07 1.7429316e-05
1.3843844e+00 1.3278037e-07 6.6422546e-07 1.6424510e-05
1.3873874e+00 1.2302201e-07 6.1819937e-07 1.5469034e-05
1.3903904e+00 1.1392192e-07 5.7535869e-07 1.4567914e-05
1.3933934e+00 1.0544340e-07 5.3541828e-07 1.3714635e-05
1.3963964e+00 9.7598998e-08 4.9816582e-07 1.2914548e-05
1.3993994e+00 9.0317210e-08 4.6360106e-07 1.2159343e-05
1.4024024e+00 8.3584215e-08 4.3088658e-07 1.1439402e-05
1.4054054e+00 7.7305080e-08 4.0056545e-07 1.0766364e-05
1.4084084e+00 7.1467813e-08 3.7220702e-07 1.0128438e-05
1.4114114e+00 6.6072329e-08 3.4582914e-07 9.5243198e-06
1.4144144e+00 6.1085083e-08 3.2146228e-07 8.9526727e-06
1.4174174e+00 5.6480198e-08 2.9852013e-07 8.4183050e-06
1.4204204e+00 5.2198829e-08 2.7760078e-07 7.9152397e-06
1.4234234e+00 4.8249020e-08 2.5792302e-07 7.4390817e-06
1.4264264e+00 4.4587623e-08 2.3973286e-07 6.9915158e-06
1.4294294e+00 4.1159866e-08 2.2274081e-07 6.5708855e-06
1.4324324e+00 3.7995008e-08 2.0676624e-07 6.1757072e-06
1.4354354e+00 3.5055911e-08 1.9182452e-07 5.8012987e-06
1.4384384e+00 3.2357254e-08 1.7807968e-07 5.4498668e-06
1.4414414e+00 2.9866735e-08 1.6503640e-07 5.1174171e-06
1.4444444e+00 2.7540121e-08 1.5299140e-07 4.8002268e-06
1.4474474e+00 2.5424722e-08 1.4187911e-07 4.5061376e-06
1.4504505e+00 2.3452986e-08 1.3161257e-07 4.2277562e-06
1.4534535e+00 2.1632453e-08 1.2201502e-07 3.9650572e-06
1.4564565e+00 1.9947470e-08 1.1305641e-07 3.7205788e-06
1.4594595e+00 1.8388516e-08 1.0472294e-07 3.4869456e-06
1.4624625e+00 1.6952084e-08 9.6981935e-08 3.2689569e-06
1.4654655e+00 1.5614069e-08 8.9843634e-08 3.0629782e-06
1.4684685e+00 1.4383864e-08 8.3100787e-08 2.8723019e-06
1.4714715e+00 1.3245213e-08 7.6988562e-08 2.6901120e-06
1.4744745e+00 1.2202833e-08 7.1296788e-08 2.5203755e-06
1.4774775e+00 1.1228731e-08 6.6051172e-08 2.3590878e-06
1.4804805e+00 1.0346550e-08 6.1143323e-08 2.2076922e-06
1.4834835e+00 9.5298557e-09 5.6646657e-08 2.0648624e-06
1.4864865e+00 8.7655877e-09 5.2432780e-08 1.9305307e-06
1.4894895e+00 8.0603761e-09 4.8518989e-08 1.8050699e-06
1.4924925e+00 7.4173530e-09 4.4899103e-08 1.6870381e-06
1.4954955e+00 6.8234156e-09 4.1495509e-08 1.5768064e-06
1.4984985e+00 6.2715372e-09 3.8344860e-08 1.4733789e-06
1.5015015e+00 5.7681585e-09 3.5443964e-08 1.3780356e-06
1.5045045e+00 5.3019918e-09 3.2772167e-08 1.2885202e-06
1.5075075e+00 4.8714410e-09 3.0257267e-08 1.2049641e-06
1.5105105e+00 4.4769720e-09 2.7949506e-08 1.1269106e-06
1.5135135e+00 4.1145780e-09 2.5784275e-08 1.0537440e-06
1.5165165e+00 3.7779911e-09 2.3788149e-08 9.8416561e-07
1.5195195e+00 3.4697521e-09 2.1951976e-08 9.1936050e-07
1.5225225e+00 3.1872891e-09 2.0240289e-08 8.5843044e-07
1.5255255e+00 2.9248664e-09 1.8669734e-08 8.0093960e-07
1.5285285e+00 2.6839487e-09 1.7245944e-08 7.4727729e-07
1.5315315e+00 2.4615360e-09 1.5928672e-08 6.9697658e-07
1.5345345e+00 2.2570940e-09 1.4682467e-08 6.5074157e-07
1.5375375e+00 2.0710000e-09 1.3535657e-08 6.0722689e-07
1.5405405e+00 1.8995806e-09 1.2468129e-08 5.6648077e-07
1.5435435e+00 1.7419625e-09 1.1484599e-08 5.2778865e-07
1.5465465e+00 1.5971394e-09 1.0573878e-08 4.9233749e-07
1.5495495e+00 1.4632998e-09 9.7514476e-09 4.5913997e-07
1.5525526e+00 1.3411035e-09 8.9819979e-09 4.2785850e-07
1.5555556e+00 1.2281678e-09 8.2765464e-09 3.9852533e-07
1.5585586e+00 1.1240372e-09 7.6176805e-09 3.7082833e-07
1.5615616e+00 1.0295676e-09 7.0092595e-09 3.4525234e-07
1.5645646e+00 9.4282316e-10 6.4477818e-09 3.2171729e-07
1.5675676e+00 8.6300936e-10 5.9321974e-09 2.9965969e-07
1.5705706e+00 7.9056545e-10 5.4582518e-09 2.7913188e-07
1.5735736e+00 7.2354341e-10 5.0175335e-09 2.5961075e-07
1.5765766e+00 6.6192651e-10 4.6133870e-09 2.4169477e-07
1.5795796e+00 6.0541596e-10 4.2412032e-09 2.2474813e-07
1.5825826e+00 5.5345970e-10 3.8993322e-09 2.0904006e-07
1.5855856e+00 5.0596685e-10 3.5838170e-09 1.9445609e-07
1.5885886e+00 4.6262987e-10 3.2911854e-09 1.8075097e-07
1.5915916e+00 4.2272891e-10 3.0218557e-09 1.6812843e-07
1.5945946e+00 3.8653130e-10 2.7743417e-09 1.5623037e-07
1.5975976e+00 3.5320169e-10 2.5469059e-09 1.4506710e-07
1.6006006e+00 3.2277804e-10 2.3374481e-09 1.3484948e-07
1.6036036e+00 2.9479879e-10 2.1455030e-09 1.2514277e-07
1.6066066e+00 2.6920961e-10 1.9694054e-09 1.1631165e-07
1.6096096e+00 2.4584374e-10 1.8071283e-09 1.0794879e-07
1.6126126e+00 2.2444686e-10 1.6585532e-09 1.0018355e-07
1.6156156e+00 2.0487207e-10 1.5209395e-09 9.2981251e-08
1.6186186e+00 1.8695241e-10 1.3949991e-09 8.6265715e-08
1.6216216e+00 1.7060629e-10 1.2787214e-09 7.9977902e-08
1.6246246e+00 1.5554641e-10 1.1720657e-09 7.4182049e-08
1.6276276e+00 1.4188625e-10 1.0742953e-09 6.8822006e-08
1.6306306e+00 1.2937521e-10 9.8434152e-10 6.3827552e-08
1.6336336e+00 1.1792429e-10 9.0235801e-10 5.9191595e-08
1.6366366e+00 1.0747673e-10 8.2652547e-10 5.4888728e-08
1.6396396e+00 9.7928865e-11 7.5650434e-10 5.0858819e-08
1.6426426e+00 8.9207549e-11 6.9279440e-10 4.7123250e-08
1.6456456e+00 8.1257678e-11 6.3403914e-10 4.3615348e-08
1.6486486e+00 7.3962863e-11 5.8027829e-10 4.0393268e-08
1.6516517e+00 6.7385208e-11 5.3111145e-10 3.7409293e-08
1.6546547e+00 6.1360936e-11 4.8572491e-10 3.4623839e-08
1.6576577e+00 5.5861252e-11 4.4422398e-10 3.2038190e-08
1.6606607e+00 5.0814517e-11 4.0659453e-10 2.9648415e-08
1.6636637e+00 4.6218403e-11 3.7158431e-10 2.7422069e-08
1.6666667e+00 4.2068908e-11 3.4016047e-10 2.5348006e-08
1.6696697e+00 3.8255583e-11 3.1134207e-10 2.3440098e-08
1.6726727e+00 3.4808560e-11 2.8452698e-10 2.1659073e-08
1.6756757e+00 3.1662041e-11 2.5992321e-10 2.0014840e-08
1.6786787e+00 2.8786695e-11 2.3735909e-10 1.8499626e-08
1.6816817e+00 2.6168111e-11 2.1680549e-10 1.7094889e-08
1.6846847e+00 2.3780277e-11 1.9781825e-10 1.5790157e-08
1.6876877e+00 2.1604188e-11 1.8056876e-10 1.4580249e-08
1.6906907e+00 1.9624845e-11 1.6482324e-10 1.3456931e-08
1.6936937e+00 1.7817761e-11 1.5040380e-10 1.2430565e-08
1.6966967e+00 1.6174743e-11 1.3721163e-10 1.1475361e-08
1.6996997e+00 1.4680809e-11 1.2511870e-10 1.0593279e-08
1.7027027e+00 1.3320065e-11 1.1417715e-10 9.7837760e-09
1.7057057e+00 1.2089056e-11 1.0414325e-10 9.0293654e-09
1.7087087e+00 1.0965834e-11 9.4936515e-11 8.3249261e-09
1.7117117e+00 9.9445204e-12 8.6523713e-11 7.6780022e-09
1.7147147e+00 9.0190760e-12 7.8841146e-11 7.0782948e-09
1.7177177e+00 8.1742906e-12 7.1833271e-11 6.5222096e-09
1.7207207e+00 7.4088774e-12 6.5423643e-11 6.0096897e-09
1.7237237e+00 6.7149181e-12 5.9611199e-11 5.5378227e-09
1.7267267e+00 6.0858495e-12 5.4317394e-11 5.1019642e-09
1.7297297e+00 5.5125258e-12 4.9465351e-11 4.6972885e-09
1.7327327e+00 4.9943348e-12 4.5034448e-11 4.3245876e-09
1.7357357e+00 4.5251614e-12 4.0982484e-11 3.9770538e-09
1.7387387e+00 4.0980754e-12 3.7294773e-11 3.6615185e-09
1.7417417e+00 3.7090372e-12 3.3947378e-11 3.3685240e-09
1.7447447e+00 3.3559151e-12 3.0905493e-11 3.0989956e-09
1.7477477e+00 3.0388244e-12 2.8112748e-11 2.8506802e-09
1.7507508e+00 2.7489833e-12 2.5567675e-11 2.6208999e-09
1.7537538e+00 2.4863219e-12 2.3229348e-11 2.4103616e-09
1.7567568e+00 2.2483418e-12 2.1117703e-11 2.2137442e-09
1.7597598e+00 2.0324674e-12 1.9175790e-11 2.0343371e-09
1.7627628e+00 1.8365410e-12 1.7417459e-11 1.8694969e-09
1.7657658e+00 1.6597906e-12 1.5824667e-11 1.7187147e-09
1.7687688e+00 1.5002705e-12 1.4369643e-11 1.5791718e-09
1.7717718e+00 1.3549532e-12 1.3047270e-11 1.4513122e-09
1.7747748e+00 1.2243339e-12 1.1848456e-11 1.3321715e-09
1.7777778e+00 1.1052418e-12 1.0755642e-11 1.2223088e-09
1.7807808e+00 9.9756776e-13 9.7668529e-12 1.1222774e-09
1.7837838e+00 9.0070324e-13 8.8614076e-12 1.0306373e-09
1.7867868e+00 8.1323385e-13 8.0393893e-12 9.4563264e-10
1.7897898e+00 7.3372254e-13 7.2927644e-12 8.6788498e-10
1.7927928e+00 6.6220779e-13 6.6135311e-12 7.9636577e-10
1.7957958e+00 5.9729489e-13 5.9970028e-12 7.3039571e-10
1.7987988e+00 5.3878795e-13 5.4390521e-12 6.7012913e-10
1.8018018e+00 4.8557529e-13 4.9315743e-12 6.1449383e-10
1.8048048e+00 4.3760222e-13 4.4690011e-12 5.6339225e-10
1.8078078e+00 3.9432618e-13 4.0513209e-12 5.1664980e-10
1.8108108e+00 3.5536504e-13 3.6708131e-12 4.7353157e-10
1.8138138e+00 3.2026480e-13 3.3244753e-12 4.3345788e-10
1.8168168e+00 2.8850829e-13 3.0100791e-12 3.9705733e-10
1.8198198e+00 2.5995254e-13 2.7256937e-12 3.6388423e-10
1.8228228e+00 2.3403765e-13 2.4680320e-12 3.3339953e-10
1.8258258e+00 2.1064434e-13 2.2335305e-12 3.0495006e-10
1.8288288e+00 1.8955620e-13 2.0204135e-12 2.7922725e-10
1.8318318e+00 1.7060067e-13 1.8264716e-12 2.5552694e-10
1.8348348e+00 1.5366388e-13 1.6526173e-12 2.3387022e-10
1.8378378e+00 1.3825930e-13 1.4937394e-12 2.1396083e-10
1.8408408e+00 1.2440228e-13 1.3494801e-12 1.9572055e-10
1.8438438e+00 1.1186157e-13 1.2192107e-12 1.7895239e-10
1.8468468e+00 1.0055206e-13 1.1018371e-12 1.6370375e-10
1.8498498e+00 9.0362252e-14 9.9623887e-13 1.4966918e-10
1.8528529e+00 8.1234612e-14 9.0052998e-13 1.3678822e-10
1.8558559e+00 7.2989313e-14 8.1329546e-13 1.2494377e-10
1.8588589e+00 6.5566282e-14 7.3448014e-13 1.1405978e-10
1.8618619e+00 5.8874784e-14 6.6365118e-13 1.0416200e-10
1.8648649e+00 5.2884884e-14 5.9930969e-13 9.5175755e-11
1.8678679e+00 4.7449490e-14 5.4088421e-13 8.6936376e-11
1.8708709e+00 4.2608672e-14 4.8761978e-13 7.9309745e-11
1.8738739e+00 3.8253767e-14 4.3994720e-13 7.2349720e-11
1.8768769e+00 3.4323127e-14 3.9684163e-13 6.6004926e-11
1.8798799e+00 3.0801485e-14 3.5792314e-13 6.0203314e-11
1.8828829e+00 2.7616694e-14 3.2281430e-13 5.4886233e-11
1.8858859e+00 2.4762551e-14 2.9125667e-13 5.0055358e-11
1.8888889e+00 2.2206239e-14 2.6272871e-13 4.5662476e-11
1.8918919e+00 1.9913975e-14 2.3684036e-13 4.1629054e-11
1.8948949e+00 1.7845814e-14 2.1335436e-13 3.7918310e-11
1.8978979e+00 1.5991132e-14 1.9230056e-13 3.4533979e-11
1.9009009e+00 1.4326000e-14 1.7328234e-13 3.1450361e-11
1.9039039e+00 1.2835670e-14 1.5595576e-13 2.8624575e-11
1.9069069e+00 1.1496241e-14 1.4049315e-13 2.6060184e-11
1.9099099e+00 1.0297562e-14 1.2648914e-13 2.3721562e-11
1.9129129e+00 9.2139859e-15 1.1380385e-13 2.1584256e-11
1.9159159e+00 8.2480509e-15 1.0248262e-13 1.9653690e-11
1.9189189e+00 7.3856826e-15 9.2232693e-14 1.7882892e-11
1.9219219e+00 6.6092169e-15 8.2893655e-14 1.6254997e-11
1.9249249e+00 5.9146194e-15 7.4534719e-14 1.4772381e-11
1.9279279e+00 5.2924637e-15 6.7007824e-14 1.3424838e-11
1.9309309e+00 4.7332584e-15 6.0202030e-14 1.2202589e-11
1.9339339e+00 4.2312852e-15 5.4053565e-14 1.1093057e-11
1.9369369e+00 3.7830937e-15 4.8553415e-14 1.0075094e-11
1.9399399e+00 3.3809065e-15 4.3624312e-14 9.1483590e-12
1.9429429e+00 3.0224826e-15 3.9160932e-14 8.3123130e-12
1.9459459e+00 2.6993911e-15 3.5152416e-14 7.5489512e-12
1.9489489e+00 2.4112650e-15 3.1562519e-14 6.8531307e-12
1.9519520e+00 2.1529437e-15 2.8347732e-14 6.2192267e-12
1.9549550e+00 1.9228442e-15 2.5455504e-14 5.6425544e-12
1.9579580e+00 1.7171409e-15 2.2853897e-14 5.1199447e-12
1.9609610e+00 1.5326776e-15 2.0514989e-14 4.6415111e-12
1.9639640e+00 1.3676755e-15 1.8390194e-14 4.2072173e-12
1.9669670e+00 1.2194544e-15 1.6501949e-14 3.8159207e-12
1.9699700e+00 1.0872594e-15 1.4795051e-14 3.4606180e-12
1.9729730e+00 9.6934512e-16 1.3253545e-14 3.1381206e-12
1.9759760e+00 8.6422853e-16 1.1879851e-14 2.8463917e-12
1.9789790e+00 7.7089699e-16 1.0635535e-14 2.5810688e-12
1.9819820e+00 6.8725230e-16 9.5293337e-15 2.3390171e-12
1.9849850e+00 6.1266829e-16 8.5322963e-15 2.1180050e-12
1.9879880e+00 5.4572527e-16 7.6443824e-15 1.9187654e-12
1.9909910e+00 4.8622297e-16 6.8420721e-15 1.7376711e-12
1.9939940e+00 4.3318290e-16 6.1216076e-15 1.5735836e-12
1.9969970e+00 3.8571516e-16 5.4795310e-15 1.4243874e-12
2.0000000e+00 3.4341578e-16 4.9035083e-15 1.2886946e-12
2.0030030e+00 3.0572076e-16 4.3862590e-15 1.1653695e-12
2.0060060e+00 2.7204216e-16 3.9200006e-15 1.0548260e-12
2.0090090e+00 2.4198998e-16 3.5038168e-15 9.5467767e-13
2.0120120e+00 2.1520150e-16 3.1342195e-15 8.6386749e-13
2.0150150e+00 1.9148149e-16 2.8013562e-15 7.8108991e-13
2.0180180e+00 1.7028980e-16 2.5037143e-15 7.0585399e-13
2.0210210e+00 1.5135343e-16 2.2368419e-15 6.3749030e-13
2.0240240e+00 1.3447255e-16 1.9984595e-15 5.7612957e-13
2.0270270e+00 1.1955570e-16 1.7866415e-15 5.2072473e-13
2.0300300e+00 1.0616424e-16 1.5951194e-15 4.7043025e-13
2.0330330e+00 9.4289394e-17 1.4233151e-15 4.2478058e-13
2.0360360e+00 8.3711439e-17 1.2701966e-15 3.8339297e-13
2.0390390e+00 7.4335521e-17 1.1335339e-15 3.4624578e-13
2.0420420e+00 6.6004872e-17 1.0127032e-15 3.1251605e-13
2.0450450e+00 5.8569534e-17 9.0411054e-16 2.8199671e-13
2.0480480e+00 5.1973912e-17 8.0625071e-16 2.5422964e-13
2.0510511e+00 4.6096051e-17 7.1888971e-16 2.2926562e-13
2.0540541e+00 4.0870859e-17 6.4092626e-16 2.0681103e-13
2.0570571e+00 3.6257151e-17 5.7114408e-16 1.8648644e-13
2.0600601e+00 3.2149660e-17 5.0908323e-16 1.6814732e-13
2.0630631e+00 2.8513015e-17 4.5361062e-16 1.5163813e-13
2.0660661e+00 2.5273778e-17 4.0397749e-16 1.3670512e-13
2.0690691e+00 2.2404344e-17 3.5989102e-16 1.2317835e-13
2.0720721e+00 1.9867835e-17 3.2040411e-16 1.1090915e-13
2.0750751e+00 1.7608167e-17 2.8527352e-16 9.9888686e-14
2.0780781e+00 1.5602449e-17 2.5405286e-16 8.9969786e-14
2.0810811e+00 1.3822856e-17 2.2611837e-16 8.0996747e-14
2.0840841e+00 1.2239266e-17 2.0114831e-16 7.2942057e-14
2.0870871e+00 1.0841086e-17 1.7900260e-16 6.5677034e-14
2.0900901e+00 9.5928778e-18 1.5929414e-16 5.9111603e-14
2.0930931e+00 8.4858198e-18 1.4172792e-16 5.3146020e-14
2.0960961e+00 7.5074874e-18 1.2606681e-16 4.7802127e-14
2.0990991e+00 6.6396193e-18 1.1206168e-16 4.2997251e-14
2.1021021e+00 5.8742701e-18 9.9583368e-17 3.8669940e-14
2.1051051e+00 5.1983462e-18 8.8502518e-17 3.4737634e-14
2.1081081e+00 4.5958255e-18 7.8605898e-17 3.1225336e-14
2.1111111e+00 4.0610620e-18 6.9805303e-17 2.8049099e-14
2.1141141e+00 3.5874746e-18 6.1979257e-17 2.5184267e-14
2.1171171e+00 3.1684712e-18 5.5043666e-17 2.2599346e-14
2.1201201e+00 2.7986609e-18 4.8894672e-17 2.0300028e-14
2.1231231e+00 2.4715367e-18 4.3423184e-17 1.8218130e-14
2.1261261e+00 2.1827717e-18 3.8561280e-17 1.6340272e-14
2.1291291e+00 1.9264863e-18 3.4241114e-17 1.4661398e-14
2.1321321e+00 1.7005776e-18 3.0399047e-17 1.3155804e-14
2.1351351e+00 1.5008920e-18 2.6977857e-17 1.1791128e-14
2.1381381e+00 1.3242911e-18 2.3922520e-17 1.0580946e-14
2.1411411e+00 1.1681051e-18 2.1206934e-17 9.4813305e-15
2.1441441e+00 1.0301761e-18 1.8787543e-17 8.5030608e-15
2.1471471e+00 9.0864599e-19 1.6659765e-17 7.6213065e-15
2.1501502e+00 8.0119493e-19 1.4764541e-17 6.8290702e-15
2.1531532e+00 7.0607734e-19 1.3080936e-17 6.1193884e-15
2.1561562e+00 6.2231345e-19 1.1583463e-17 5.4831361e-15
2.1591592e+00 5.4831617e-19 1.0249471e-17 4.9134970e-15
2.1621622e+00 4.8308161e-19 9.0712028e-18 4.3980954e-15
2.1651652e+00 4.2550467e-19 8.0316852e-18 3.9362140e-15
2.1681682e+00 3.7457923e-19 7.1138703e-18 3.5229864e-15
2.1711712e+00 3.2989483e-19 6.2986111e-18 3.1524113e-15
2.1741742e+00 2.9033605e-19 5.5740695e-18 2.8199536e-15
2.1771772e+00 2.5540871e-19 4.9326917e-18 2.5227887e-15
2.1801802e+00 2.2477370e-19 4.3613931e-18 2.2564591e-15
2.1831832e+00 1.9762993e-19 3.8563705e-18 2.0180156e-15
2.1861862e+00 1.7375299e-19 3.4093843e-18 1.8031213e-15
2.1891892e+00 1.5274472e-19 3.0119941e-18 1.6104008e-15
2.1921922e+00 1.3425509e-19 2.6600680e-18 1.4386345e-15
2.1951952e+00 1.1806360e-19 2.3493968e-18 1.2844800e-15
2.1981982e+00 1.0374742e-19 2.0743425e-18 1.1471261e-15
2.2012012e+00 9.1130668e-20 1.8312461e-18 1.0236359e-15
2.2042042e+00 8.0025269e-20 1.6171017e-18 9.1386695e-16
2.2072072e+00 7.0287076e-20 1.4273555e-18 8.1536293e-16
2.2102102e+00 6.1724286e-20 1.2596068e-18 7.2785840e-16
2.2132132e+00 5.4230871e-20 1.1111078e-18 6.4967868e-16
2.2162162e+00 4.7629071e-20 9.8004388e-19 5.7985854e-16
2.2192192e+00 4.1798579e-20 8.6410516e-19 5.1703231e-16
2.2222222e+00 3.6686917e-20 7.6220807e-19 4.6119640e-16
2.2252252e+00 3.2186300e-20 6.7242957e-19 4.1125739e-16
2.2282282e+00 2.8224841e-20 5.9322532e-19 3.6679993e-16
2.2312312e+00 2.4773434e-20 5.2335067e-19 3.2701100e-16
2.2342342e+00 2.1719603e-20 4.6161618e-19 2.9153296e-16
2.2372372e+00 1.9034739e-20 4.0694339e-19 2.5960051e-16
2.2402402e+00 1.6679440e-20 3.5860685e-19 2.3112015e-16
2.2432432e+00 1.4614669e-20 3.1614155e-19 2.0581504e-16
2.2462462e+00 1.2804023e-20 2.7866892e-19 1.8318648e-16
2.2492492e+00 1.1213787e-20 2.4556172e-19 1.6314312e-16
2.2522523e+00 9.8184050e-21 2.1606789e-19 1.4517403e-16
2.2552553e+00 8.5951317e-21 1.9003051e-19 1.2911986e-16
2.2582583e+00 7.5246727e-21 1.6730777e-19 1.1485469e-16
2.2612613e+00 6.5888273e-21 1.4731558e-19 1.0221973e-16
2.2642643e+00 5.7635463e-21 1.2967389e-19 9.0911249e-17
2.2672673e+00 5.0425310e-21 1.1403518e-19 8.0814056e-17
2.2702703e+00 4.4115454e-21 1.0028767e-19 7.1856426e-17
2.2732733e+00 3.8563294e-21 8.8147169e-20 6.3903876e-17
2.2762763e+00 3.3711689e-21 7.7404079e-20 5.6810896e-17
2.2792793e+00 2.9475915e-21 6.8020010e-20 5.0498744e-17
2.2822823e+00 2.5754527e-21 5.9770696e-20 4.4843408e-17
2.2852853e+00 2.2512492e-21 5.2496106e-20 3.9834434e-17
2.2882883e+00 1.9671824e-21 4.6112423e-20 3.5392753e-17
2.2912913e+00 1.7195644e-21 4.0495115e-20 3.1434353e-17
2.2942943e+00 1.5021113e-21 3.5543916e-20 2.7868102e-17
2.2972973e+00 1.3109785e-21 3.1218926e-20 2.4716074e-17
2.3003003e+00 1.1448656e-21 2.7402481e-20 2.1925107e-17
2.3033033e+00 9.9941595e-22 2.4044280e-20 1.9458112e-17
2.3063063e+00 8.7210169e-22 2.1085567e-20 1.7250834e-17
2.3093093e+00 7.6079144e-22 1.8486818e-20 1.5294647e-17
2.3123123e+00 6.6350892e-22 1.6201235e-20 1.3566068e-17
2.3153153e+00 5.7856913e-22 1.4196493e-20 1.2026538e-17
2.3183183e+00 5.0452893e-22 1.2435074e-20 1.0659111e-17
2.3213213e+00 4.3995527e-22 1.0890078e-20 9.4434525e-18
2.3243243e+00 3.8339221e-22 9.5430260e-21 8.3635583e-18
2.3273273e+00 3.3412504e-22 8.3622983e-21 7.4056411e-18
2.3303303e+00 2.9110911e-22 7.3210907e-21 6.5544527e-18
2.3333333e+00 2.5376616e-22 6.4074515e-21 5.8003132e-18
2.3363363e+00 2.2095459e-22 5.6090835e-21 5.1360127e-18
2.3393393e+00 1.9233698e-22 4.9092379e-21 4.5438381e-18
2.3423423e+00 1.6745616e-22 4.2958771e-21 4.0187735e-18
2.3453453e+00 1.4574856e-22 3.7584191e-21 3.5546879e-18
2.3483483e+00 1.2680505e-22 3.2877575e-21 3.1453057e-18
2.3513514e+00 1.1037191e-22 2.8765730e-21 2.7830454e-18
2.3543544e+00 9.6047837e-23 2.5163224e-21 2.4600945e-18
2.3573574e+00 8.3541219e-23 2.2000955e-21 2.1734992e-18
2.3603604e+00 7.2656305e-23 1.9221775e-21 1.9204040e-18
2.3633634e+00 6.3161211e-23 1.6790209e-21 1.6978881e-18
2.3663664e+00 5.4904141e-23 1.4665103e-21 1.4990488e-18
2.3693694e+00 4.7732330e-23 1.2804945e-21 1.3240458e-18
2.3723724e+00 4.1499605e-23 1.1185268e-21 1.1694789e-18
2.3753754e+00 3.6056744e-23 9.7665521e-22 1.0324224e-18
2.3783784e+00 3.1323155e-23 8.5266519e-22 9.1105192e-19
2.3813814e+00 2.7206509e-23 7.4491125e-22 8.0376144e-19
2.3843844e+00 2.3615570e-23 6.5046618e-22 7.0911780e-19
2.3873874e+00 2.0503374e-23 5.6761602e-22 6.2574141e-19
2.3903904e+00 1.7793509e-23 4.9497527e-22 5.5225159e-19
2.3933934e+00 1.5434399e-23 4.3162416e-22 4.8729667e-19
2.3963964e+00 1.3386805e-23 3.7641560e-22 4.2947659e-19
2.3993994e+00 1.1611946e-23 3.2815113e-22 3.7825220e-19
2.4024024e+00 1.0067566e-23 2.8593820e-22 3.3350652e-19
2.4054054e+00 8.7283986e-24 2.4921967e-22 2.9391009e-19
2.4084084e+00 7.5667634e-24 2.1702311e-22 2.5893763e-19
2.4114114e+00 6.5581133e-24 1.8893712e-22 2.2798777e-19
2.4144144e+00 5.6827416e-24 1.6449867e-22 2.0066796e-19
2.4174174e+00 4.9238274e-24 1.4315888e-22 1.7674176e-19
2.4204204e+00 4.2657652e-24 1.2453330e-22 1.5560868e-19
2.4234234e+00 3.6934281e-24 1.0843188e-22 1.3688851e-19
2.4264264e+00 3.1973811e-24 9.4378591e-23 1.2046061e-19
2.4294294e+00 2.7689481e-24 8.2079579e-23 1.0600842e-19
2.4324324e+00 2.3980552e-24 7.1351883e-23 9.3295410e-20
2.4354354e+00 2.0755434e-24 6.2030657e-23 8.2064968e-20
2.4384384e+00 1.7959338e-24 5.3906170e-23 7.2155067e-20
2.4414414e+00 1.5537783e-24 4.6846040e-23 6.3444794e-20
2.4444444e+00 1.3436492e-24 4.0734340e-23 5.5749529e-20
2.4474474e+00 1.1609363e-24 3.5392543e-23 4.9016070e-20
2.4504505e+00 1.0042702e-24 3.0748140e-23 4.3040225e-20
2.4534535e+00 8.6819500e-25 2.6713658e-23 3.7769344e-20
2.4564565e+00 7.5004218e-25 2.3196224e-23 3.3134324e-20
2.4594595e+00 6.4801139e-25 2.0143612e-23 2.9071789e-20
2.4624625e+00 5.5946181e-25 1.7489654e-23 2.5523798e-20
2.4654655e+00 4.8308262e-25 1.5182383e-23 2.2414864e-20
2.4684685e+00 4.1722063e-25 1.3171904e-23 1.9674731e-20
2.4714715e+00 3.6018726e-25 1.1426516e-23 1.7271419e-20
2.4744745e+00 3.1089595e-25 9.9104661e-24 1.5158688e-20
2.4774775e+00 2.6827164e-25 8.5941277e-24 1.3300108e-20
2.4804805e+00 2.3144465e-25 7.4533397e-24 1.1666508e-20
2.4834835e+00 1.9966322e-25 6.4645150e-24 1.0233275e-20
2.4864865e+00 1.7229129e-25 5.6056827e-24 8.9744077e-21
2.4894895e+00 1.4866541e-25 4.8599886e-24 7.8665352e-21
2.4924925e+00 1.2811104e-25 4.2092529e-24 6.8928115e-21
2.4954955e+00 1.1038021e-25 3.6470520e-24 6.0360528e-21
2.4984985e+00 9.5190646e-26 3.1573309e-24 5.2891695e-21
2.5015015e+00 8.2082290e-26 2.7337455e-24 4.6333059e-21
2.5045045e+00 7.0668985e-26 2.3669689e-24 4.0550558e-21
2.5075075e+00 6.0833796e-26 2.0487706e-24 3.5511408e-21
2.5105105e+00 5.2408552e-26 1.7731557e-24 3.1071186e-21
2.5135135e+00 4.5116306e-26 1.5340640e-24 2.7171206e-21
2.5165165e+00 3.8832541e-26 1.3270592e-24 2.3769209e-21
2.5195195e+00 3.3405260e-26 1.1480710e-24 2.0785987e-21
2.5225225e+00 2.8742123e-26 9.9292416e-25 1.8173835e-21
2.5255255e+00 2.4749460e-26 8.5841865e-25 1.5874286e-21
2.5285285e+00 2.1285236e-26 7.4187907e-25 1.3870960e-21
2.5315315e+00 1.8303725e-26 6.4085150e-25 1.2126494e-21
2.5345345e+00 1.5740210e-26 5.5363701e-25 1.0595691e-21
2.5375375e+00 1.3525429e-26 4.7847234e-25 9.2600178e-22
2.5405405e+00 1.1627646e-26 4.1359295e-25 8.0829903e-22
2.5435435e+00 9.9957896e-27 3.5720967e-25 7.0614580e-22
2.5465465e+00 8.5905503e-27 3.0825091e-25 6.1645373e-22
2.5495495e+00 7.3778444e-27 2.6601796e-25 5.3818889e-22
2.5525526e+00 6.3376529e-27 2.2958289e-25 4.6984481e-22
2.5555556e+00 5.4436859e-27 1.9809558e-25 4.0997855e-22
2.5585586e+00 4.6749093e-27 1.7090913e-25 3.5776681e-22
2.5615616e+00 4.0108901e-27 1.4737996e-25 3.1220590e-22
2.5645646e+00 3.4431251e-27 1.2707131e-25 2.7239338e-22
2.5675676e+00 2.9533119e-27 1.0958749e-25 2.3756767e-22
2.5705706e+00 2.5318789e-27 9.4434680e-26 2.0717308e-22
2.5735736e+00 2.1710560e-27 8.1405393e-26 1.8056649e-22
2.5765766e+00 1.8628400e-27 7.0175997e-26 1.5740721e-22
2.5795796e+00 1.5977446e-27 6.0483799e-26 1.3709968e-22
2.5825826e+00 1.3683859e-27 5.2108951e-26 1.1938601e-22
2.5855856e+00 1.1720098e-27 4.4901934e-26 1.0400934e-22
2.5885886e+00 1.0048188e-27 3.8670399e-26 9.0576176e-23
2.5915916e+00 8.6108192e-28 3.3306324e-26 7.8866013e-23
2.5945946e+00 7.3745935e-28 2.8662835e-26 6.8670768e-23
2.5975976e+00 6.3135934e-28 2.4653291e-26 5.9727989e-23
2.6006006e+00 5.4069143e-28 2.1211725e-26 5.1904182e-23
2.6036036e+00 4.6265650e-28 1.8249364e-26 4.5115191e-23
2.6066066e+00 3.9599217e-28 1.5701013e-26 3.9243481e-23
2.6096096e+00 3.3883011e-28 1.3505875e-26 3.4132497e-23
2.6126126e+00 2.8996441e-28 1.1617430e-26 2.9662944e-23
2.6156156e+00 2.4798501e-28 9.9901429e-27 2.5755395e-23
2.6186186e+00 2.1201251e-28 8.5835199e-27 2.2380853e-23
2.6216216e+00 1.8128061e-28 7.3740917e-27 1.9437761e-23
2.6246246e+00 1.5492977e-28 6.3354022e-27 1.6878361e-23
2.6276276e+00 1.3244290e-28 5.4439022e-27 1.4654802e-23
2.6306306e+00 1.1315104e-28 4.6769363e-27 1.2728852e-23
2.6336336e+00 9.6615924e-29 4.0172811e-27 1.1052484e-23
2.6366366e+00 8.2497486e-29 3.4491445e-27 9.5903640e-24
2.6396396e+00 7.0456697e-29 2.9605884e-27 8.3231581e-24
2.6426426e+00 6.0118283e-29 2.5407362e-27 7.2245492e-24
2.6456456e+00 5.1297246e-29 2.1798417e-27 6.2697142e-24
2.6486486e+00 4.3786344e-29 1.8696863e-27 5.4397643e-24
2.6516517e+00 3.7341595e-29 1.6033479e-27 4.7175069e-24
2.6546547e+00 3.1844643e-29 1.3746812e-27 4.0882621e-24
2.6576577e+00 2.7164048e-29 1.1781202e-27 3.5418920e-24
2.6606607e+00 2.3161409e-29 1.0094463e-27 3.0688561e-24
2.6636637e+00 1.9754701e-29 8.6484089e-28 2.6577331e-24
2.6666667e+00 1.6835843e-29 7.4086682e-28 2.3002488e-24
2.6696697e+00 1.4347849e-29 6.3435055e-28 1.9927696e-24
2.6726727e+00 1.2222564e-29 5.4338438e-28 1.7253869e-24
2.6756757e+00 1.0412296e-29 4.6520456e-28 1.4937639e-24
2.6786787e+00 8.8720346e-30 3.9828892e-28 1.2929658e-24
2.6816817e+00 7.5519188e-30 3.4088640e-28 1.1194194e-24
2.6846847e+00 6.4330594e-30 2.9179125e-28 9.6897595e-25
2.6876877e+00 5.4779803e-30 2.4972630e-28 8.3858590e-25
2.6906907e+00 4.6626750e-30 2.1368345e-28 7.2530047e-25
2.6936937e+00 3.9676537e-30 1.8280667e-28 6.2704479e-25
2.6966967e+00 3.3755812e-30 1.5625722e-28 5.4232982e-25
2.6996997e+00 2.8714222e-30 1.3356136e-28 4.6838174e-25
2.7027027e+00 2.4419561e-30 1.1414114e-28 4.0480307e-25
2.7057057e+00 2.0763058e-30 9.7525537e-29 3.4985275e-25
2.7087087e+00 1.7652271e-30 8.3312328e-29 3.0231758e-25
2.7117117e+00 1.5006408e-30 7.1151848e-29 2.6109332e-25
2.7147147e+00 1.2752415e-30 6.0773812e-29 2.2555696e-25
2.7177177e+00 1.0835710e-30 5.1899301e-29 1.9481891e-25
2.7207207e+00 9.2020982e-31 4.4311992e-29 1.6823656e-25
2.7237237e+00 7.8150319e-31 3.7822956e-29 1.4522120e-25
2.7267267e+00 6.6326348e-31 3.2259117e-29 1.2528725e-25
2.7297297e+00 5.6314987e-31 2.7510890e-29 1.0809258e-25
2.7327327e+00 4.7792424e-31 2.3476582e-29 9.3200206e-26
2.7357357e+00 4.0561749e-31 2.0028262e-29 8.0369902e-26
2.7387387e+00 3.4416799e-31 1.7080763e-29 6.9227150e-26
2.7417417e+00 2.9190710e-31 1.4565847e-29 5.9657315e-26
2.7447447e+00 2.4752250e-31 1.2423680e-29 5.1420646e-26
2.7477477e+00 2.0987485e-31 1.0594475e-29 4.4290318e-26
2.7507508e+00 1.7788534e-31 9.0248280e-30 3.8149309e-26
2.7537538e+00 1.5076571e-31 7.6884916e-30 3.2861641e-26
2.7567568e+00 1.2774577e-31 6.5524741e-30 2.8298858e-26
2.7597598e+00 1.0821146e-31 5.5806195e-30 2.4374897e-26
2.7627628e+00 9.1650893e-32 4.7541279e-30 2.0986838e-26
2.7657658e+00 7.7594381e-32 4.0494828e-30 1.8067549e-26
2.7687688e+00 6.5703434e-32 3.4485997e-30 1.5541177e-26
2.7717718e+00 5.5604654e-32 2.9363010e-30 1.3364595e-26
2.7747748e+00 4.7068082e-32 2.4996137e-30 1.1488660e-26
2.7777778e+00 3.9834652e-32 2.1268808e-30 9.8777101e-27
2.7807808e+00 3.3700203e-32 1.8090944e-30 8.4871697e-27
2.7837838e+00 2.8513594e-32 1.5386133e-30 7.2970752e-27
2.7867868e+00 2.4109244e-32 1.3077406e-30 6.2740683e-27
2.7897898e+00 2.0385960e-32 1.1106899e-30 5.3929164e-27
2.7927928e+00 1.7235366e-32 9.4355329e-31 4.6323274e-27
2.7957958e+00 1.4567084e-32 8.0140968e-31 3.9769881e-27
2.7987988e+00 1.2312002e-32 6.8054568e-31 3.4136695e-27
2.8018018e+00 1.0404908e-32 5.7779598e-31 2.9295643e-27
2.8048048e+00 8.7913143e-33 4.9044277e-31 2.5139944e-27
2.8078078e+00 7.4286902e-33 4.1626148e-31 2.1582122e-27
2.8108108e+00 6.2737620e-33 3.5327768e-31 1.8527094e-27
2.8138138e+00 5.2966937e-33 2.9982615e-31 1.5897805e-27
2.8168168e+00 4.4710641e-33 2.5448373e-31 1.3640570e-27
2.8198198e+00 3.7730709e-33 2.1595601e-31 1.1701294e-27
2.8228228e+00 3.1828209e-33 1.8322525e-31 1.0033180e-27
2.8258258e+00 2.6857416e-33 1.5541467e-31 8.5979275e-28
2.8288288e+00 2.2654122e-33 1.3177029e-31 7.3668860e-28
2.8318318e+00 1.9116092e-33 1.1167246e-31 6.3120997e-28
2.8348348e+00 1.6123230e-33 9.4611586e-32 5.4034329e-28
2.8378378e+00 1.3592083e-33 8.0141421e-32 4.6288898e-28
2.8408408e+00 1.1445853e-33 6.7870998e-32 3.9654413e-28
2.8438438e+00 9.6440498e-34 5.7472023e-32 3.3959769e-28
2.8468468e+00 8.1241439e-34 4.8658318e-32 2.9083584e-28
2.8498498e+00 6.8423993e-34 4.1182957e-32 2.4900680e-28
2.8528529e+00 5.7649099e-34 3.4849172e-32 2.1312362e-28
2.8558559e+00 4.8562222e-34 2.9482198e-32 1.8220342e-28
2.8588589e+00 4.0862013e-34 2.4947859e-32 1.5587428e-28
2.8618619e+00 3.4393839e-34 2.1106399e-32 1.3333845e-28
2.8648649e+00 2.8952971e-34 1.7857365e-32 1.1402510e-28
2.8678679e+00 2.4363699e-34 1.5105506e-32 9.7517616e-29
2.8708709e+00 2.0491607e-34 1.2775205e-32 8.3383494e-29
2.8738739e+00 1.7244676e-34 1.0802273e-32 7.1283906e-29
2.8768769e+00 1.4502481e-34 9.1274734e-33 6.0925820e-29
2.8798799e+00 1.2189834e-34 7.7114259e-33 5.2010059e-29
2.8828829e+00 1.0246850e-34 6.5145807e-33 4.4379359e-29
2.8858859e+00 8.6123501e-35 5.5045984e-33 3.7860741e-29
2.8888889e+00 7.2337269e-35 4.6489422e-33 3.2329963e-29
2.8918919e+00 6.0758538e-35 3.9251741e-33 2.7593901e-29
2.8948949e+00 5.1024503e-35 3.3122488e-33 2.3557161e-29
2.8978979e+00 4.2838362e-35 2.7948412e-33 2.0105863e-29
2.9009009e+00 3.5967074e-35 2.3577950e-33 1.7148322e-29
2.9039039e+00 3.0191650e-35 1.9887095e-33 1.4630063e-29
2.9069069e+00 2.5331195e-35 1.6773475e-33 1.2471929e-29
2.9099099e+00 2.1247903e-35 1.4144567e-33 1.0628763e-29
2.9129129e+00 1.7827238e-35 1.1925351e-33 9.0564831e-30
2.9159159e+00 1.4949934e-35 1.0053703e-33 7.7143162e-30
2.9189189e+00 1.2534562e-35 8.4767355e-34 6.5717324e-30
2.9219219e+00 1.0507362e-35 7.1457178e-34 5.5981452e-30
2.9249249e+00 8.8072380e-36 6.0225128e-34 4.7687807e-30
2.9279279e+00 7.3827176e-36 5.0748620e-34 4.0608136e-30
2.9309309e+00 6.1840357e-36 4.2754850e-34 3.4570430e-30
2.9339339e+00 5.1792227e-36 3.6008544e-34 2.9416368e-30
2.9369369e+00 4.3393551e-36 3.0316047e-34 2.5025787e-30
2.9399399e+00 3.6343998e-36 2.5518442e-34 2.1290613e-30
2.9429429e+00 3.0416692e-36 2.1475848e-34 1.8106123e-30
2.9459459e+00 2.5447520e-36 1.8070120e-34 1.5402701e-30
2.9489489e+00 2.1289128e-36 1.5196151e-34 1.3102708e-30
2.9519520e+00 1.7814959e-36 1.2776202e-34 1.1143962e-30
2.9549550e+00 1.4902075e-36 1.0739509e-34 9.4761636e-31
2.9579580e+00 1.2462678e-36 9.0279303e-35 8.0563788e-31
2.9609610e+00 1.0419526e-36 7.5886065e-35 6.8479659e-31
2.9639640e+00 8.7112311e-37 6.3777064e-35 5.8196610e-31
2.9669670e+00 7.2780562e-37 5.3574210e-35 4.9447936e-31
2.9699700e+00 6.0810702e-37 4.4969578e-35 4.2006165e-31
2.9729730e+00 5.0802805e-37 3.7748199e-35 3.5674092e-31
2.9759760e+00 4.2428143e-37 3.1680217e-35 3.0286597e-31
2.9789790e+00 3.5417757e-37 2.6582422e-35 2.5696086e-31
2.9819820e+00 2.9568514e-37 2.2308857e-35 2.1801701e-31
2.9849850e+00 2.4667504e-37 1.8723433e-35 1.8496557e-31
2.9879880e+00 2.0599919e-37 1.5715289e-35 1.5687448e-31
2.9909910e+00 1.7196758e-37 1.3181313e-35 1.3302748e-31
2.9939940e+00 1.4345983e-37 1.1053371e-35 1.1282551e-31
2.9969970e+00 1.1966039e-37 9.2648083e-36 9.5651724e-32
3.0000000e+00 9.9834556e-38 7.7646667e-36 8.1086016e-32
