X KDE_INF KDE_MED KDE_SUP
5.0000000e+00 7.7614077e-24 2.9899082e-16 4.6267487e-15
5.0100100e+00 9.9023471e-24 3.6455500e-16 5.6004390e-15
5.0200200e+00 1.2628383e-23 4.4422839e-16 6.7694907e-15
5.0300300e+00 1.6112459e-23 5.4124451e-16 8.1723335e-15
5.0400400e+00 2.0520499e-23 6.5879436e-16 9.8669858e-15
5.0500501e+00 2.6199374e-23 8.0106679e-16 1.1921651e-14
5.0600601e+00 3.3361869e-23 9.7349723e-16 1.4385537e-14
5.0700701e+00 4.2431652e-23 1.1822490e-15 1.7342167e-14
5.0800801e+00 5.3906751e-23 1.4351330e-15 2.0897199e-14
5.0900901e+00 6.8501471e-23 1.7408343e-15 2.5159813e-14
5.1001001e+00 8.7056238e-23 2.1112466e-15 3.0266949e-14
5.1101101e+00 1.1043997e-22 2.5599495e-15 3.6391573e-14
5.1201201e+00 1.4019310e-22 3.1005703e-15 4.3771561e-14
5.1301301e+00 1.7789619e-22 3.7535453e-15 5.2579733e-14
5.1401401e+00 2.2540907e-22 4.5423353e-15 6.3083845e-14
5.1501502e+00 2.8547391e-22 5.4971132e-15 7.5654649e-14
5.1601602e+00 3.6119163e-22 6.6405251e-15 9.0819623e-14
5.1701702e+00 4.5696882e-22 8.0211038e-15 1.0885283e-13
5.1801802e+00 5.7744611e-22 9.6818504e-15 1.3046680e-13
5.1901902e+00 7.2915649e-22 1.1684704e-14 1.5633789e-13
5.2002002e+00 9.2177625e-22 1.4085280e-14 1.8710388e-13
5.2102102e+00 1.1643624e-21 1.6972090e-14 2.2379703e-13
5.2202202e+00 1.4690157e-21 2.0445874e-14 2.6734648e-13
5.2302302e+00 1.8504593e-21 2.4601131e-14 3.1942876e-13
5.2402402e+00 2.3328663e-21 2.9610491e-14 3.8177261e-13
5.2502503e+00 2.9370831e-21 3.5624680e-14 4.5551810e-13
5.2602603e+00 3.6946553e-21 4.2831195e-14 5.4350975e-13
5.2702703e+00 4.6471181e-21 5.1469026e-14 6.4728997e-13
5.2802803e+00 5.8416563e-21 6.1789659e-14 7.7061402e-13
5.2902903e+00 7.3403095e-21 7.4082372e-14 9.1731678e-13
5.3003003e+00 9.2187520e-21 8.8875325e-14 1.0900802e-12
5.3103103e+00 1.1574463e-20 1.0658663e-13 1.2957653e-12
5.3203203e+00 1.4528218e-20 1.2775476e-13 1.5390613e-12
5.3303303e+00 1.8221586e-20 1.5285280e-13 1.8266767e-12
5.3403403e+00 2.2839433e-20 1.8291198e-13 2.1703171e-12
5.3503504e+00 2.8611415e-20 2.1857694e-13 2.5770689e-12
5.3603604e+00 3.5768140e-20 2.6125263e-13 3.0568154e-12
5.3703704e+00 4.4739713e-20 3.1179259e-13 3.6220305e-12
5.3803804e+00 5.5938209e-20 3.7221038e-13 4.2890211e-12
5.3903904e+00 6.9908315e-20 4.4407850e-13 5.0849609e-12
5.4004004e+00 8.7340915e-20 5.2960593e-13 6.0181021e-12
5.4104104e+00 1.0913290e-19 6.3082510e-13 7.1172762e-12
5.4204204e+00 1.3615370e-19 7.5135433e-13 8.4031401e-12
5.4304304e+00 1.6977637e-19 8.9394024e-13 9.9295141e-12
5.4404404e+00 2.1162742e-19 1.0629072e-12 1.1714393e-11
5.4504505e+00 2.6360374e-19 1.2633692e-12 1.3833151e-11
5.4604605e+00 3.2821735e-19 1.5006422e-12 1.6308199e-11
5.4704705e+00 4.0857892e-19 1.7808347e-12 1.9232192e-11
5.4804805e+00 5.0808897e-19 2.1123104e-12 2.2645210e-11
5.4904905e+00 6.3091639e-19 2.5060528e-12 2.6629938e-11
5.5005005e+00 7.8294281e-19 2.9693520e-12 3.1315488e-11
5.5105105e+00 9.7075054e-19 3.5154690e-12 3.6834721e-11
5.5205205e+00 1.2021181e-18 4.1616109e-12 4.3267997e-11
5.5305305e+00 1.4888496e-18 4.9262146e-12 5.0811528e-11
5.5405405e+00 1.8421199e-18 5.8218923e-12 5.9622118e-11
5.5505506e+00 2.2813496e-18 6.8764603e-12 6.9975503e-11
5.5605606e+00 2.8227351e-18 8.1322504e-12 8.2048076e-11
5.5705706e+00 3.4882667e-18 9.6155180e-12 9.6098539e-11
5.5805806e+00 4.3124704e-18 1.1351022e-11 1.1242063e-10
5.5905906e+00 5.3185176e-18 1.3379082e-11 1.3153892e-10
5.6006006e+00 6.5596091e-18 1.5757194e-11 1.5384569e-10
5.6106106e+00 8.0857498e-18 1.8560899e-11 1.7967569e-10
5.6206206e+00 9.9768181e-18 2.1860997e-11 2.0978689e-10
5.6306306e+00 1.2312357e-17 2.5719177e-11 2.4502054e-10
5.6406406e+00 1.5170041e-17 3.0243387e-11 2.8593857e-10
5.6506507e+00 1.8665329e-17 3.5526236e-11 3.3383339e-10
5.6606607e+00 2.2986751e-17 4.1746381e-11 3.8907150e-10
5.6706707e+00 2.8283934e-17 4.9026323e-11 4.5291936e-10
5.6806807e+00 3.4771382e-17 5.7500929e-11 5.2713369e-10
5.6906907e+00 4.2681058e-17 6.7420260e-11 6.1300974e-10
5.7007007e+00 5.2366445e-17 7.8949883e-11 7.1225896e-10
5.7107107e+00 6.4213001e-17 9.2449506e-11 8.2722094e-10
5.7207207e+00 7.8710720e-17 1.0819364e-10 9.6102929e-10
5.7307307e+00 9.6485577e-17 1.2668695e-10 1.1160057e-09
5.7407407e+00 1.1831932e-16 1.4816572e-10 1.2945639e-09
5.7507508e+00 1.4481091e-16 1.7318854e-10 1.5006780e-09
5.7607608e+00 1.7704459e-16 2.0225388e-10 1.7397327e-09
5.7707708e+00 2.1652170e-16 2.3609883e-10 2.0135493e-09
5.7807808e+00 2.6464978e-16 2.7564208e-10 2.3307563e-09
5.7907908e+00 3.2330558e-16 3.2123200e-10 2.6975223e-09
5.8008008e+00 3.9413233e-16 3.7424620e-10 3.1191626e-09
5.8108108e+00 4.8047186e-16 4.3559129e-10 3.6052503e-09
5.8208208e+00 5.8607018e-16 5.0651108e-10 4.1644128e-09
5.8308308e+00 7.1490942e-16 5.8885302e-10 4.8109344e-09
5.8408408e+00 8.7047915e-16 6.8492928e-10 5.5488757e-09
5.8508509e+00 1.0601609e-15 7.9535889e-10 6.3936244e-09
5.8608609e+00 1.2899269e-15 9.2328443e-10 7.3715542e-09
5.8708709e+00 1.5686835e-15 1.0716680e-09 8.4930651e-09
5.8808809e+00 1.9039914e-15 1.2429682e-09 9.7819768e-09
5.8908909e+00 2.3100782e-15 1.4407596e-09 1.1250411e-08
5.9009009e+00 2.8013208e-15 1.6674312e-09 1.2953956e-08
5.9109109e+00 3.3963990e-15 1.9289546e-09 1.4890752e-08
5.9209209e+00 4.1191008e-15 2.2316674e-09 1.7096562e-08
5.9309309e+00 4.9958805e-15 2.5795869e-09 1.9632227e-08
5.9409409e+00 6.0477682e-15 2.9818049e-09 2.2506871e-08
5.9509510e+00 7.3160758e-15 3.4480911e-09 2.5789633e-08
5.9609610e+00 8.8485677e-15 3.9799697e-09 2.9546272e-08
5.9709710e+00 1.0697703e-14 4.5915840e-09 3.3888773e-08
5.9809810e+00 1.2924007e-14 5.2920477e-09 3.8805369e-08
5.9909910e+00 1.5616379e-14 6.0950075e-09 4.4377635e-08
6.0010010e+00 1.8840570e-14 7.0261698e-09 5.0737771e-08
6.0110110e+00 2.2730251e-14 8.0871835e-09 5.7946424e-08
6.0210210e+00 2.7385414e-14 9.2993029e-09 6.6171239e-08
6.0310310e+00 3.2985876e-14 1.0688424e-08 7.5587482e-08
6.0410410e+00 3.9691351e-14 1.2282805e-08 8.6316172e-08
6.0510511e+00 4.7769042e-14 1.4108267e-08 9.8404600e-08
6.0610611e+00 5.7454351e-14 1.6191077e-08 1.1217171e-07
6.0710711e+00 6.9009331e-14 1.8574262e-08 1.2787071e-07
6.0810811e+00 8.2965367e-14 2.1285774e-08 1.4565894e-07
6.0910911e+00 9.9555510e-14 2.4388804e-08 1.6570593e-07
6.1011011e+00 1.1956059e-13 2.7964234e-08 1.8843120e-07
6.1111111e+00 1.4343052e-13 3.1999067e-08 2.1407966e-07
6.1211211e+00 1.7198562e-13 3.6598790e-08 2.4319601e-07
6.1311311e+00 2.0586834e-13 4.1844317e-08 2.7602314e-07
6.1411411e+00 2.4661678e-13 4.7813765e-08 3.1273501e-07
6.1511512e+00 2.9520341e-13 5.4575145e-08 3.5476640e-07
6.1611612e+00 3.5301249e-13 6.2271387e-08 4.0154460e-07
6.1711712e+00 4.2218532e-13 7.0995630e-08 4.5494407e-07
6.1811812e+00 5.0363900e-13 8.0856119e-08 5.1473064e-07
6.1911912e+00 6.0165802e-13 9.2153230e-08 5.8195354e-07
6.2012012e+00 7.1782110e-13 1.0494362e-07 6.5753836e-07
6.2112112e+00 8.5665218e-13 1.1942672e-07 7.4258161e-07
6.2212212e+00 1.0210386e-12 1.3582225e-07 8.3815527e-07
6.2312312e+00 1.2167953e-12 1.5440892e-07 9.4618606e-07
6.2412412e+00 1.4500839e-12 1.7529451e-07 1.0653901e-06
6.2512513e+00 1.7270034e-12 1.9896232e-07 1.1999448e-06
6.2612613e+00 2.0542780e-12 2.2598311e-07 1.3512517e-06
6.2712713e+00 2.4428869e-12 2.5609847e-07 1.5218536e-06
6.2812813e+00 2.9016573e-12 2.9032816e-07 1.7126198e-06
6.2912913e+00 3.4443648e-12 3.2888958e-07 1.9237789e-06
6.3013013e+00 4.0865774e-12 3.7249572e-07 2.1605481e-06
6.3113113e+00 4.8443976e-12 4.2138505e-07 2.4233740e-06
6.3213213e+00 5.7394836e-12 4.7656097e-07 2.7186742e-06
6.3313313e+00 6.7965988e-12 5.3914219e-07 3.0469340e-06
6.3413413e+00 8.0419320e-12 6.0918131e-07 3.4166018e-06
6.3513514e+00 9.5167135e-12 6.8786370e-07 3.8319294e-06
6.3613614e+00 1.1245883e-11 7.7592127e-07 4.2933198e-06
6.3713714e+00 1.3294786e-11 8.7421825e-07 4.8048495e-06
6.3813814e+00 1.5676034e-11 9.8485575e-07 5.3762481e-06
6.3913914e+00 1.8488390e-11 1.1093485e-06 6.0094473e-06
6.4014014e+00 2.1812531e-11 1.2494267e-06 6.7143159e-06
6.4114114e+00 2.5778533e-11 1.4047030e-06 7.5032358e-06
6.4214214e+00 3.0397683e-11 1.5799687e-06 8.3754961e-06
6.4314314e+00 3.5811194e-11 1.7750067e-06 9.3408061e-06
6.4414414e+00 4.2112496e-11 1.9949197e-06 1.0406641e-05
6.4514515e+00 4.9526122e-11 2.2394703e-06 1.1609827e-05
6.4614615e+00 5.8255493e-11 2.5111737e-06 1.2925372e-05
6.4714715e+00 6.8430246e-11 2.8138857e-06 1.4391225e-05
6.4814815e+00 8.0366745e-11 3.1506989e-06 1.6018266e-05
6.4914915e+00 9.4507331e-11 3.5275036e-06 1.7813509e-05
6.5015015e+00 1.1092140e-10 3.9498923e-06 1.9793647e-05
6.5115115e+00 1.3009719e-10 4.4153440e-06 2.1984400e-05
6.5215215e+00 1.5237483e-10 4.9319710e-06 2.4392084e-05
6.5315315e+00 1.7835348e-10 5.5046207e-06 2.7036352e-05
6.5415415e+00 2.0848600e-10 6.1496292e-06 2.9940654e-05
6.5515516e+00 2.4378847e-10 6.8603648e-06 3.3188084e-05
6.5615616e+00 2.8502734e-10 7.6476440e-06 3.6734778e-05
6.5715716e+00 3.3276022e-10 8.5212225e-06 4.0639535e-05
6.5815816e+00 3.8860689e-10 9.4867824e-06 4.4955351e-05
6.5915916e+00 4.5291244e-10 1.0553968e-05 4.9693249e-05
6.6016016e+00 5.2834443e-10 1.1734819e-05 5.4945983e-05
6.6116116e+00 6.1609210e-10 1.3047342e-05 6.0570324e-05
6.6216216e+00 7.1769854e-10 1.4508748e-05 6.6852393e-05
6.6316316e+00 8.3592430e-10 1.6110308e-05 7.3598345e-05
6.6416416e+00 9.7296230e-10 1.7883873e-05 8.1186547e-05
6.6516517e+00 1.1319688e-09 1.9835131e-05 8.9456841e-05
6.6616617e+00 1.3143137e-09 2.1987502e-05 9.8546795e-05
6.6716717e+00 1.5242155e-09 2.4380643e-05 1.0854313e-04
6.6816817e+00 1.7679868e-09 2.6993660e-05 1.1917827e-04
6.6916917e+00 2.0493527e-09 2.9854689e-05 1.3095086e-04
6.7017017e+00 2.3775415e-09 3.3017178e-05 1.4370122e-04
6.7117117e+00 2.7571573e-09 3.6498032e-05 1.5782167e-04
6.7217217e+00 3.1955381e-09 4.0341169e-05 1.7316622e-04
6.7317317e+00 3.7023953e-09 4.4543534e-05 1.8978048e-04
6.7417417e+00 4.2877997e-09 4.9167922e-05 2.0771772e-04
6.7517518e+00 4.9564157e-09 5.4228987e-05 2.2765413e-04
6.7617618e+00 5.7282661e-09 5.9747832e-05 2.4932598e-04
6.7717718e+00 6.6240646e-09 6.5913707e-05 2.7269187e-04
6.7817818e+00 7.6438062e-09 7.2550535e-05 2.9790292e-04
6.7917918e+00 8.8156224e-09 7.9801842e-05 3.2577629e-04
6.8018018e+00 1.0159143e-08 8.7816088e-05 3.5544296e-04
6.8118118e+00 1.1710714e-08 9.6555501e-05 3.8805160e-04
6.8218218e+00 1.3506337e-08 1.0603232e-04 4.2335519e-04
6.8318318e+00 1.5567290e-08 1.1650236e-04 4.6156378e-04
6.8418418e+00 1.7907588e-08 1.2777428e-04 5.0271346e-04
6.8518519e+00 2.0586083e-08 1.4005868e-04 5.4720895e-04
6.8618619e+00 2.3691576e-08 1.5350108e-04 5.9559195e-04
6.8718719e+00 2.7214611e-08 1.6801358e-04 6.4797116e-04
6.8818819e+00 3.1250552e-08 1.8375244e-04 7.0466496e-04
6.8918919e+00 3.5835407e-08 2.0102888e-04 7.6555088e-04
6.9019019e+00 4.1108659e-08 2.1986508e-04 8.3048287e-04
6.9119119e+00 4.7096162e-08 2.4021920e-04 9.0175028e-04
6.9219219e+00 5.3997669e-08 2.6246046e-04 9.7705808e-04
6.9319319e+00 6.1907692e-08 2.8648950e-04 1.0602556e-03
6.9419419e+00 7.0843998e-08 3.1256768e-04 1.1499673e-03
6.9519520e+00 8.0917531e-08 3.4075920e-04 1.2458344e-03
6.9619620e+00 9.2534146e-08 3.7152571e-04 1.3476307e-03
6.9719720e+00 1.0568794e-07 4.0488919e-04 1.4587432e-03
6.9819820e+00 1.2062083e-07 4.4084146e-04 1.5775612e-03
6.9919920e+00 1.3767650e-07 4.7965277e-04 1.7038769e-03
7.0020020e+00 1.5692917e-07 5.2183137e-04 1.8395134e-03
7.0120120e+00 1.7875025e-07 5.6711155e-04 1.9868371e-03
7.0220220e+00 2.0347323e-07 6.1575789e-04 2.1447246e-03
7.0320320e+00 2.3171168e-07 6.6774150e-04 2.3110410e-03
7.0420420e+00 2.6389933e-07 7.2513238e-04 2.4903725e-03
7.0520521e+00 3.0011872e-07 7.8582228e-04 2.6798983e-03
7.0620621e+00 3.4128752e-07 8.5051828e-04 2.8843681e-03
7.0720721e+00 3.8765568e-07 9.2005972e-04 3.1042022e-03
7.0820821e+00 4.4004294e-07 9.9552697e-04 3.3352001e-03
7.0920921e+00 4.9972478e-07 1.0765591e-03 3.5849428e-03
7.1021021e+00 5.6739190e-07 1.1629315e-03 3.8496420e-03
7.1121121e+00 6.4248296e-07 1.2570289e-03 4.1354819e-03
7.1221221e+00 7.2761137e-07 1.3561846e-03 4.4378009e-03
7.1321321e+00 8.2314448e-07 1.4629449e-03 4.7527300e-03
7.1421421e+00 9.3188394e-07 1.5775605e-03 5.0898060e-03
7.1521522e+00 1.0539150e-06 1.6994409e-03 5.4469491e-03
7.1621622e+00 1.1909452e-06 1.8304245e-03 5.8271950e-03
7.1721722e+00 1.3429640e-06 1.9697371e-03 6.2230219e-03
7.1821822e+00 1.5153879e-06 2.1184502e-03 6.6537679e-03
7.1921922e+00 1.7090279e-06 2.2771323e-03 7.1022759e-03
7.2022022e+00 1.9272829e-06 2.4459226e-03 7.5827418e-03
7.2122122e+00 2.1725780e-06 2.6311620e-03 8.0925606e-03
7.2222222e+00 2.4443914e-06 2.8234277e-03 8.6251936e-03
7.2322322e+00 2.7539561e-06 3.0282285e-03 9.1976415e-03
7.2422422e+00 3.1030802e-06 3.2446387e-03 9.7973087e-03
7.2522523e+00 3.4914165e-06 3.4753560e-03 1.0435094e-02
7.2622623e+00 3.9209237e-06 3.7199491e-03 1.1100429e-02
7.2722723e+00 4.4023176e-06 3.9814838e-03 1.1804932e-02
7.2822823e+00 4.9400625e-06 4.2612760e-03 1.2531671e-02
7.2922923e+00 5.5415101e-06 4.5570231e-03 1.3310469e-02
7.3023023e+00 6.2115461e-06 4.8665370e-03 1.4123003e-02
7.3123123e+00 6.9660426e-06 5.1975821e-03 1.4990221e-02
7.3223223e+00 7.8045226e-06 5.5451402e-03 1.5889929e-02
7.3323323e+00 8.7407498e-06 5.9144554e-03 1.6839197e-02
7.3423423e+00 9.7833233e-06 6.3005236e-03 1.7851694e-02
7.3523524e+00 1.0941493e-05 6.7102456e-03 1.8901722e-02
7.3623624e+00 1.2228852e-05 7.1419050e-03 1.9983601e-02
7.3723724e+00 1.3644543e-05 7.5968618e-03 2.1112621e-02
7.3823824e+00 1.5251235e-05 8.0764078e-03 2.2309613e-02
7.3923924e+00 1.7014189e-05 8.5841624e-03 2.3528235e-02
7.4024024e+00 1.8964189e-05 9.1194268e-03 2.4818328e-02
7.4124124e+00 2.1165091e-05 9.6784828e-03 2.6172430e-02
7.4224224e+00 2.3595076e-05 1.0264204e-02 2.7582982e-02
7.4324324e+00 2.6277364e-05 1.0877964e-02 2.9081928e-02
7.4424424e+00 2.9249097e-05 1.1523154e-02 3.0635950e-02
7.4524525e+00 3.2505789e-05 1.2205783e-02 3.2298659e-02
7.4624625e+00 3.6112439e-05 1.2922531e-02 3.4032232e-02
7.4724725e+00 4.0064405e-05 1.3675663e-02 3.5786138e-02
7.4824825e+00 4.4509435e-05 1.4467814e-02 3.7611095e-02
7.4924925e+00 4.9373690e-05 1.5292309e-02 3.9486475e-02
7.5025025e+00 5.4701940e-05 1.6142111e-02 4.1453807e-02
7.5125125e+00 6.0513604e-05 1.7031070e-02 4.3524526e-02
7.5225225e+00 6.6999161e-05 1.7971962e-02 4.5629351e-02
7.5325325e+00 7.4091384e-05 1.8934330e-02 4.7844306e-02
7.5425425e+00 8.1966990e-05 1.9940889e-02 5.0164124e-02
7.5525526e+00 9.0677441e-05 2.0991756e-02 5.2498893e-02
7.5625626e+00 1.0027523e-04 2.2077042e-02 5.4924966e-02
7.5725726e+00 1.1080571e-04 2.3217152e-02 5.7483703e-02
7.5825826e+00 1.2236056e-04 2.4392805e-02 6.0084454e-02
7.5925926e+00 1.3488928e-04 2.5624213e-02 6.2748637e-02
7.6026026e+00 1.4866972e-04 2.6898051e-02 6.5604604e-02
7.6126126e+00 1.6384530e-04 2.8223868e-02 6.8460658e-02
7.6226226e+00 1.8046567e-04 2.9595783e-02 7.1418329e-02
7.6326326e+00 1.9878217e-04 3.1005763e-02 7.4468086e-02
7.6426426e+00 2.1863768e-04 3.2462616e-02 7.7567919e-02
7.6526527e+00 2.4049080e-04 3.3968204e-02 8.0761056e-02
7.6626627e+00 2.6412400e-04 3.5526903e-02 8.4163310e-02
7.6726727e+00 2.9003725e-04 3.7131963e-02 8.7555425e-02
7.6826827e+00 3.1837773e-04 3.8791065e-02 9.0965239e-02
7.6926927e+00 3.4898147e-04 4.0498891e-02 9.4564378e-02
7.7027027e+00 3.8217762e-04 4.2265173e-02 9.8216933e-02
7.7127127e+00 4.1897231e-04 4.4088663e-02 1.0191776e-01
7.7227227e+00 4.5889026e-04 4.5970775e-02 1.0572773e-01
7.7327327e+00 5.0251945e-04 4.7896030e-02 1.0948127e-01
7.7427427e+00 5.5037245e-04 4.9863716e-02 1.1349268e-01
7.7527528e+00 6.0217896e-04 5.1897558e-02 1.1761766e-01
7.7627628e+00 6.5785076e-04 5.3982627e-02 1.2167214e-01
7.7727728e+00 7.1854335e-04 5.6099262e-02 1.2582037e-01
7.7827828e+00 7.8393855e-04 5.8276784e-02 1.3019829e-01
7.7927928e+00 8.5333993e-04 6.0484613e-02 1.3455770e-01
7.8028028e+00 9.2995162e-04 6.2762912e-02 1.3903962e-01
7.8128128e+00 1.0135220e-03 6.5116937e-02 1.4364430e-01
7.8228228e+00 1.1026887e-03 6.7521226e-02 1.4813835e-01
7.8328328e+00 1.2003063e-03 6.9960146e-02 1.5274719e-01
7.8428428e+00 1.3044814e-03 7.2438501e-02 1.5756529e-01
7.8528529e+00 1.4196594e-03 7.4962088e-02 1.6264045e-01
7.8628629e+00 1.5429189e-03 7.7519172e-02 1.6737283e-01
7.8728729e+00 1.6759134e-03 8.0168063e-02 1.7253803e-01
7.8828829e+00 1.8184250e-03 8.2835933e-02 1.7773945e-01
7.8928929e+00 1.9703708e-03 8.5566094e-02 1.8281434e-01
7.9029029e+00 2.1370827e-03 8.8343176e-02 1.8825415e-01
7.9129129e+00 2.3138314e-03 9.1135636e-02 1.9386693e-01
7.9229229e+00 2.5055876e-03 9.3984055e-02 1.9960428e-01
7.9329329e+00 2.7138160e-03 9.6921441e-02 2.0519259e-01
7.9429429e+00 2.9371452e-03 9.9889118e-02 2.1101150e-01
7.9529530e+00 3.1779968e-03 1.0280456e-01 2.1670105e-01
7.9629630e+00 3.4331450e-03 1.0578847e-01 2.2253827e-01
7.9729730e+00 3.7053154e-03 1.0881109e-01 2.2836491e-01
7.9829830e+00 4.0041374e-03 1.1184487e-01 2.3417980e-01
7.9929930e+00 4.3259922e-03 1.1491428e-01 2.4012300e-01
8.0030030e+00 4.6695478e-03 1.1804204e-01 2.4591581e-01
8.0130130e+00 5.0377288e-03 1.2116457e-01 2.5185244e-01
8.0230230e+00 5.4233865e-03 1.2427971e-01 2.5766403e-01
8.0330330e+00 5.8364223e-03 1.2749120e-01 2.6351558e-01
8.0430430e+00 6.2815122e-03 1.3073904e-01 2.6951912e-01
8.0530531e+00 6.7643116e-03 1.3403005e-01 2.7548439e-01
8.0630631e+00 7.2665196e-03 1.3719503e-01 2.8129934e-01
8.0730731e+00 7.8053239e-03 1.4044528e-01 2.8723074e-01
8.0830831e+00 8.3789190e-03 1.4371348e-01 2.9305477e-01
8.0930931e+00 8.9894578e-03 1.4691271e-01 2.9870040e-01
8.1031031e+00 9.6522938e-03 1.5012489e-01 3.0442280e-01
8.1131131e+00 1.0349618e-02 1.5335747e-01 3.0985524e-01
8.1231231e+00 1.1099908e-02 1.5659100e-01 3.1541153e-01
8.1331331e+00 1.1898564e-02 1.5979467e-01 3.2084339e-01
8.1431431e+00 1.2724697e-02 1.6292403e-01 3.2620903e-01
8.1531532e+00 1.3612602e-02 1.6606869e-01 3.3151429e-01
8.1631632e+00 1.4564181e-02 1.6918248e-01 3.3666055e-01
8.1731732e+00 1.5566593e-02 1.7236800e-01 3.4152435e-01
8.1831832e+00 1.6601496e-02 1.7549292e-01 3.4655232e-01
8.1931932e+00 1.7720522e-02 1.7863077e-01 3.5136958e-01
8.2032032e+00 1.8926098e-02 1.8163305e-01 3.5595022e-01
8.2132132e+00 2.0176982e-02 1.8440074e-01 3.6050264e-01
8.2232232e+00 2.1482976e-02 1.8718720e-01 3.6486026e-01
8.2332332e+00 2.2889275e-02 1.8981416e-01 3.6905560e-01
8.2432432e+00 2.4367281e-02 1.9240581e-01 3.7293107e-01
8.2532533e+00 2.5900550e-02 1.9485013e-01 3.7652951e-01
8.2632633e+00 2.7565889e-02 1.9724734e-01 3.7964757e-01
8.2732733e+00 2.9248485e-02 1.9967042e-01 3.8256532e-01
8.2832833e+00 3.1053612e-02 2.0211084e-01 3.8563106e-01
8.2932933e+00 3.2949297e-02 2.0444549e-01 3.8853324e-01
8.3033033e+00 3.4939434e-02 2.0688916e-01 3.9144728e-01
8.3133133e+00 3.7029301e-02 2.0943223e-01 3.9425122e-01
8.3233233e+00 3.9249585e-02 2.1191185e-01 3.9704516e-01
8.3333333e+00 4.1564664e-02 2.1432118e-01 3.9995642e-01
8.3433433e+00 4.3934657e-02 2.1676172e-01 4.0265261e-01
8.3533534e+00 4.6426909e-02 2.1924245e-01 4.0545625e-01
8.3633634e+00 4.9112347e-02 2.2165518e-01 4.0826998e-01
8.3733734e+00 5.1876545e-02 2.2430440e-01 4.1091288e-01
8.3833834e+00 5.4784335e-02 2.2674589e-01 4.1353856e-01
8.3933934e+00 5.7847514e-02 2.2934034e-01 4.1652690e-01
8.4034034e+00 6.1032387e-02 2.3206386e-01 4.1928547e-01
8.4134134e+00 6.4428941e-02 2.3465534e-01 4.2227573e-01
8.4234234e+00 6.7917040e-02 2.3742589e-01 4.2499669e-01
8.4334334e+00 7.1535922e-02 2.4035387e-01 4.2759098e-01
8.4434434e+00 7.5329633e-02 2.4311934e-01 4.3046653e-01
8.4534535e+00 7.9317721e-02 2.4596239e-01 4.3321617e-01
8.4634635e+00 8.3413097e-02 2.4875737e-01 4.3602059e-01
8.4734735e+00 8.7671049e-02 2.5170457e-01 4.3867218e-01
8.4834835e+00 9.2151268e-02 2.5479597e-01 4.4155061e-01
8.4934935e+00 9.6735607e-02 2.5806994e-01 4.4425693e-01
8.5035035e+00 1.0149688e-01 2.6142985e-01 4.4688780e-01
8.5135135e+00 1.0642732e-01 2.6513701e-01 4.4954488e-01
8.5235235e+00 1.1156016e-01 2.6887695e-01 4.5229293e-01
8.5335335e+00 1.1690482e-01 2.7280061e-01 4.5522808e-01
8.5435435e+00 1.2243333e-01 2.7672037e-01 4.5811136e-01
8.5535536e+00 1.2814046e-01 2.8078382e-01 4.6104807e-01
8.5635636e+00 1.3408565e-01 2.8502973e-01 4.6409556e-01
8.5735736e+00 1.4002788e-01 2.8978520e-01 4.6729599e-01
8.5835836e+00 1.4634636e-01 2.9429215e-01 4.7086907e-01
8.5935936e+00 1.5275965e-01 2.9913712e-01 4.7458115e-01
8.6036036e+00 1.5933615e-01 3.0440540e-01 4.7817935e-01
8.6136136e+00 1.6584245e-01 3.0976330e-01 4.8216781e-01
8.6236236e+00 1.7210133e-01 3.1539692e-01 4.8594785e-01
8.6336336e+00 1.7871458e-01 3.2089255e-01 4.9025163e-01
8.6436436e+00 1.8487286e-01 3.2628726e-01 4.9486542e-01
8.6536537e+00 1.9107022e-01 3.3182795e-01 4.9941681e-01
8.6636637e+00 1.9756144e-01 3.3743435e-01 5.0416659e-01
8.6736737e+00 2.0370371e-01 3.4346752e-01 5.0897942e-01
8.6836837e+00 2.0973134e-01 3.4943174e-01 5.1389219e-01
8.6936937e+00 2.1602024e-01 3.5566913e-01 5.2017586e-01
8.7037037e+00 2.2248356e-01 3.6175022e-01 5.2622997e-01
8.7137137e+00 2.2913806e-01 3.6816886e-01 5.3216978e-01
8.7237237e+00 2.3556480e-01 3.7464700e-01 5.3832987e-01
8.7337337e+00 2.4211852e-01 3.8157988e-01 5.4453736e-01
8.7437437e+00 2.4854788e-01 3.8827578e-01 5.5128085e-01
8.7537538e+00 2.5551003e-01 3.9528499e-01 5.5784285e-01
8.7637638e+00 2.6210078e-01 4.0290590e-01 5.6507558e-01
8.7737738e+00 2.6886285e-01 4.1016880e-01 5.7300780e-01
8.7837838e+00 2.7605869e-01 4.1766196e-01 5.8046602e-01
8.7937938e+00 2.8316728e-01 4.2481305e-01 5.8857328e-01
8.8038038e+00 2.9000973e-01 4.3224147e-01 5.9712875e-01
8.8138138e+00 2.9642051e-01 4.4012027e-01 6.0536915e-01
8.8238238e+00 3.0356442e-01 4.4823261e-01 6.1412472e-01
8.8338338e+00 3.1065878e-01 4.5616909e-01 6.2276553e-01
8.8438438e+00 3.1760524e-01 4.6453589e-01 6.3214214e-01
8.8538539e+00 3.2477997e-01 4.7282158e-01 6.4231099e-01
8.8638639e+00 3.3177003e-01 4.8164025e-01 6.5199513e-01
8.8738739e+00 3.3902713e-01 4.9054940e-01 6.6247185e-01
8.8838839e+00 3.4617123e-01 4.9941642e-01 6.7178915e-01
8.8938939e+00 3.5345859e-01 5.0837468e-01 6.8171764e-01
8.9039039e+00 3.6103246e-01 5.1751967e-01 6.9214809e-01
8.9139139e+00 3.6809924e-01 5.2725767e-01 7.0264879e-01
8.9239239e+00 3.7553407e-01 5.3695825e-01 7.1337959e-01
8.9339339e+00 3.8294484e-01 5.4593397e-01 7.2469460e-01
8.9439439e+00 3.8991664e-01 5.5545765e-01 7.3583761e-01
8.9539540e+00 3.9760349e-01 5.6510810e-01 7.4765297e-01
8.9639640e+00 4.0454887e-01 5.7504106e-01 7.5952789e-01
8.9739740e+00 4.1239752e-01 5.8501203e-01 7.7135340e-01
8.9839840e+00 4.1973543e-01 5.9524472e-01 7.8328512e-01
8.9939940e+00 4.2692148e-01 6.0509625e-01 7.9485570e-01
9.0040040e+00 4.3479942e-01 6.1515980e-01 8.0674627e-01
9.0140140e+00 4.4271926e-01 6.2542000e-01 8.1814240e-01
9.0240240e+00 4.5043312e-01 6.3576087e-01 8.3016274e-01
9.0340340e+00 4.5832947e-01 6.4589086e-01 8.4185615e-01
9.0440440e+00 4.6606000e-01 6.5612460e-01 8.5418017e-01
9.0540541e+00 4.7404113e-01 6.6590619e-01 8.6578573e-01
9.0640641e+00 4.8139129e-01 6.7601322e-01 8.7780122e-01
9.0740741e+00 4.8951927e-01 6.8613763e-01 8.8992392e-01
9.0840841e+00 4.9729924e-01 6.9619646e-01 9.0184434e-01
9.0940941e+00 5.0505491e-01 7.0659262e-01 9.1389806e-01
9.1041041e+00 5.1332535e-01 7.1698152e-01 9.2587953e-01
9.1141141e+00 5.2091039e-01 7.2674381e-01 9.3777121e-01
9.1241241e+00 5.2854386e-01 7.3656322e-01 9.4964161e-01
9.1341341e+00 5.3632304e-01 7.4678204e-01 9.6125725e-01
9.1441441e+00 5.4372634e-01 7.5694575e-01 9.7256005e-01
9.1541542e+00 5.5203488e-01 7.6696974e-01 9.8437093e-01
9.1641642e+00 5.6018355e-01 7.7703873e-01 9.9581001e-01
9.1741742e+00 5.6757604e-01 7.8671006e-01 1.0069942e+00
9.1841842e+00 5.7460137e-01 7.9663338e-01 1.0183728e+00
9.1941942e+00 5.8237224e-01 8.0621240e-01 1.0293079e+00
9.2042042e+00 5.8997415e-01 8.1594413e-01 1.0401116e+00
9.2142142e+00 5.9741815e-01 8.2555810e-01 1.0507358e+00
9.2242242e+00 6.0523363e-01 8.3510119e-01 1.0604714e+00
9.2342342e+00 6.1286852e-01 8.4440130e-01 1.0701255e+00
9.2442442e+00 6.1994248e-01 8.5349910e-01 1.0795421e+00
9.2542543e+00 6.2709067e-01 8.6253983e-01 1.0882499e+00
9.2642643e+00 6.3429368e-01 8.7088086e-01 1.0959273e+00
9.2742743e+00 6.4054848e-01 8.7904081e-01 1.1045364e+00
9.2842843e+00 6.4713502e-01 8.8771004e-01 1.1120183e+00
9.2942943e+00 6.5385390e-01 8.9552720e-01 1.1196807e+00
9.3043043e+00 6.6067685e-01 9.0312692e-01 1.1267617e+00
9.3143143e+00 6.6764456e-01 9.1018982e-01 1.1338862e+00
9.3243243e+00 6.7443366e-01 9.1671001e-01 1.1407979e+00
9.3343343e+00 6.8093885e-01 9.2354632e-01 1.1466127e+00
9.3443443e+00 6.8776522e-01 9.2998638e-01 1.1524446e+00
9.3543544e+00 6.9468180e-01 9.3596107e-01 1.1580338e+00
9.3643644e+00 7.0148355e-01 9.4123604e-01 1.1642237e+00
9.3743744e+00 7.0797631e-01 9.4667083e-01 1.1695554e+00
9.3843844e+00 7.1471404e-01 9.5200325e-01 1.1745942e+00
9.3943944e+00 7.2086154e-01 9.5699730e-01 1.1791215e+00
9.4044044e+00 7.2708060e-01 9.6161023e-01 1.1843812e+00
9.4144144e+00 7.3212692e-01 9.6558229e-01 1.1891473e+00
9.4244244e+00 7.3645283e-01 9.6952733e-01 1.1933327e+00
9.4344344e+00 7.4131647e-01 9.7314325e-01 1.1969651e+00
9.4444444e+00 7.4683408e-01 9.7686649e-01 1.2004445e+00
9.4544545e+00 7.5102536e-01 9.8054156e-01 1.2034198e+00
9.4644645e+00 7.5480148e-01 9.8353514e-01 1.2056971e+00
9.4744745e+00 7.5824257e-01 9.8634913e-01 1.2077943e+00
9.4844845e+00 7.6186591e-01 9.8903215e-01 1.2093086e+00
9.4944945e+00 7.6587939e-01 9.9129002e-01 1.2104960e+00
9.5045045e+00 7.6904751e-01 9.9330683e-01 1.2121986e+00
9.5145145e+00 7.7200481e-01 9.9485847e-01 1.2123221e+00
9.5245245e+00 7.7431789e-01 9.9642485e-01 1.2127814e+00
9.5345345e+00 7.7660785e-01 9.9760961e-01 1.2127721e+00
9.5445445e+00 7.7867253e-01 9.9856513e-01 1.2123980e+00
9.5545546e+00 7.8121932e-01 9.9908000e-01 1.2119706e+00
9.5645646e+00 7.8376002e-01 9.9976296e-01 1.2112126e+00
9.5745746e+00 7.8569531e-01 1.0000000e+00 1.2095039e+00
9.5845846e+00 7.8759007e-01 9.9999417e-01 1.2078061e+00
9.5945946e+00 7.8914102e-01 9.9976220e-01 1.2057973e+00
9.6046046e+00 7.9092072e-01 9.9944367e-01 1.2033255e+00
9.6146146e+00 7.9212318e-01 9.9918028e-01 1.2006956e+00
9.6246246e+00 7.9338789e-01 9.9817833e-01 1.1978840e+00
9.6346346e+00 7.9423497e-01 9.9746178e-01 1.1952016e+00
9.6446446e+00 7.9482748e-01 9.9645809e-01 1.1918941e+00
9.6546547e+00 7.9493602e-01 9.9553656e-01 1.1886692e+00
9.6646647e+00 7.9561241e-01 9.9418232e-01 1.1855005e+00
9.6746747e+00 7.9530531e-01 9.9233421e-01 1.1822357e+00
9.6846847e+00 7.9499826e-01 9.9017187e-01 1.1784016e+00
9.6946947e+00 7.9401123e-01 9.8816024e-01 1.1740823e+00
9.7047047e+00 7.9343364e-01 9.8528155e-01 1.1701395e+00
9.7147147e+00 7.9248072e-01 9.8264275e-01 1.1659892e+00
9.7247247e+00 7.9131219e-01 9.7992886e-01 1.1615287e+00
9.7347347e+00 7.8979817e-01 9.7724698e-01 1.1571158e+00
9.7447447e+00 7.8799572e-01 9.7433824e-01 1.1525539e+00
9.7547548e+00 7.8635497e-01 9.7096959e-01 1.1478494e+00
9.7647648e+00 7.8468759e-01 9.6778360e-01 1.1437211e+00
9.7747748e+00 7.8252486e-01 9.6433601e-01 1.1395970e+00
9.7847848e+00 7.7996802e-01 9.6078166e-01 1.1350172e+00
9.7947948e+00 7.7688366e-01 9.5700763e-01 1.1305005e+00
9.8048048e+00 7.7410289e-01 9.5326116e-01 1.1263174e+00
9.8148148e+00 7.7082037e-01 9.4932089e-01 1.1211678e+00
9.8248248e+00 7.6742504e-01 9.4552063e-01 1.1163628e+00
9.8348348e+00 7.6364405e-01 9.4120634e-01 1.1117784e+00
9.8448448e+00 7.5893260e-01 9.3744055e-01 1.1079070e+00
9.8548549e+00 7.5493139e-01 9.3296064e-01 1.1031377e+00
9.8648649e+00 7.5012796e-01 9.2872861e-01 1.0992208e+00
9.8748749e+00 7.4519230e-01 9.2384065e-01 1.0947279e+00
9.8848849e+00 7.4016250e-01 9.1969339e-01 1.0905126e+00
9.8948949e+00 7.3488353e-01 9.1465510e-01 1.0870708e+00
9.9049049e+00 7.2918542e-01 9.1006844e-01 1.0829930e+00
9.9149149e+00 7.2305995e-01 9.0468726e-01 1.0785831e+00
9.9249249e+00 7.1702748e-01 8.9956335e-01 1.0744407e+00
9.9349349e+00 7.1155633e-01 8.9424501e-01 1.0709159e+00
9.9449449e+00 7.0534308e-01 8.8907670e-01 1.0669028e+00
9.9549550e+00 6.9927512e-01 8.8350545e-01 1.0631439e+00
9.9649650e+00 6.9291398e-01 8.7769800e-01 1.0594246e+00
9.9749750e+00 6.8657118e-01 8.7227698e-01 1.0552426e+00
9.9849850e+00 6.7976675e-01 8.6726152e-01 1.0516656e+00
9.9949950e+00 6.7284515e-01 8.6186955e-01 1.0481593e+00
1.0005005e+01 6.6512622e-01 8.5637581e-01 1.0448942e+00
1.0015015e+01 6.5840442e-01 8.5054020e-01 1.0412589e+00
1.0025025e+01 6.5106933e-01 8.4434478e-01 1.0374568e+00
1.0035035e+01 6.4407468e-01 8.3857324e-01 1.0337297e+00
1.0045045e+01 6.3659883e-01 8.3284368e-01 1.0299858e+00
1.0055055e+01 6.2893623e-01 8.2656964e-01 1.0262631e+00
1.0065065e+01 6.2124529e-01 8.2044465e-01 1.0222907e+00
1.0075075e+01 6.1399567e-01 8.1475233e-01 1.0180978e+00
1.0085085e+01 6.0616765e-01 8.0831141e-01 1.0140856e+00
1.0095095e+01 5.9791405e-01 8.0225560e-01 1.0100555e+00
1.0105105e+01 5.8985828e-01 7.9597328e-01 1.0055839e+00
1.0115115e+01 5.8192968e-01 7.8940215e-01 1.0009402e+00
1.0125125e+01 5.7445726e-01 7.8302795e-01 9.9639314e-01
1.0135135e+01 5.6643750e-01 7.7640186e-01 9.9194953e-01
1.0145145e+01 5.5853336e-01 7.6959438e-01 9.8726682e-01
1.0155155e+01 5.5070282e-01 7.6279511e-01 9.8242886e-01
1.0165165e+01 5.4260462e-01 7.5590243e-01 9.7762304e-01
1.0175175e+01 5.3491966e-01 7.4876519e-01 9.7297463e-01
1.0185185e+01 5.2727689e-01 7.4187470e-01 9.6806882e-01
1.0195195e+01 5.1970582e-01 7.3527548e-01 9.6288356e-01
1.0205205e+01 5.1222350e-01 7.2804071e-01 9.5739799e-01
1.0215215e+01 5.0438745e-01 7.2089382e-01 9.5184493e-01
1.0225225e+01 4.9667860e-01 7.1321062e-01 9.4610042e-01
1.0235235e+01 4.8864229e-01 7.0600650e-01 9.4041896e-01
1.0245245e+01 4.8124797e-01 6.9855282e-01 9.3485829e-01
1.0255255e+01 4.7371897e-01 6.9151715e-01 9.2839559e-01
1.0265265e+01 4.6605352e-01 6.8358646e-01 9.2193349e-01
1.0275275e+01 4.5850848e-01 6.7648369e-01 9.1445087e-01
1.0285285e+01 4.5173689e-01 6.6953319e-01 9.0665046e-01
1.0295295e+01 4.4486708e-01 6.6260870e-01 8.9941707e-01
1.0305305e+01 4.3793587e-01 6.5519745e-01 8.9182752e-01
1.0315315e+01 4.3127494e-01 6.4778614e-01 8.8391951e-01
1.0325325e+01 4.2388915e-01 6.4013456e-01 8.7559465e-01
1.0335335e+01 4.1708456e-01 6.3220711e-01 8.6692787e-01
1.0345345e+01 4.1036993e-01 6.2447133e-01 8.5826784e-01
1.0355355e+01 4.0358396e-01 6.1681397e-01 8.4993389e-01
1.0365365e+01 3.9689795e-01 6.0929348e-01 8.4109740e-01
1.0375375e+01 3.9000475e-01 6.0177704e-01 8.3217496e-01
1.0385385e+01 3.8310281e-01 5.9397545e-01 8.2349961e-01
1.0395395e+01 3.7591848e-01 5.8654670e-01 8.1416362e-01
1.0405405e+01 3.6890012e-01 5.7858989e-01 8.0516992e-01
1.0415415e+01 3.6142344e-01 5.7070519e-01 7.9654003e-01
1.0425425e+01 3.5382040e-01 5.6248161e-01 7.8685107e-01
1.0435435e+01 3.4667523e-01 5.5387482e-01 7.7759610e-01
1.0445445e+01 3.3906818e-01 5.4568926e-01 7.6850963e-01
1.0455455e+01 3.3134945e-01 5.3734899e-01 7.5962971e-01
1.0465465e+01 3.2325169e-01 5.2850407e-01 7.4972081e-01
1.0475475e+01 3.1536855e-01 5.2007061e-01 7.3991725e-01
1.0485485e+01 3.0776639e-01 5.1127431e-01 7.2990979e-01
1.0495495e+01 3.0024044e-01 5.0236803e-01 7.1985587e-01
1.0505506e+01 2.9279056e-01 4.9311815e-01 7.1004213e-01
1.0515516e+01 2.8515634e-01 4.8430761e-01 7.0066210e-01
1.0525526e+01 2.7785909e-01 4.7531317e-01 6.9046813e-01
1.0535536e+01 2.7092062e-01 4.6636401e-01 6.8051853e-01
1.0545546e+01 2.6389048e-01 4.5730002e-01 6.7030398e-01
1.0555556e+01 2.5679595e-01 4.4827287e-01 6.6005813e-01
1.0565566e+01 2.4982246e-01 4.3941123e-01 6.4956261e-01
1.0575576e+01 2.4357320e-01 4.3029553e-01 6.3926485e-01
1.0585586e+01 2.3718395e-01 4.2098979e-01 6.2833585e-01
1.0595596e+01 2.3127488e-01 4.1209205e-01 6.1748448e-01
1.0605606e+01 2.2525485e-01 4.0328088e-01 6.0664365e-01
1.0615616e+01 2.1958028e-01 3.9464823e-01 5.9550018e-01
1.0625626e+01 2.1419255e-01 3.8626950e-01 5.8432911e-01
1.0635636e+01 2.0878901e-01 3.7774617e-01 5.7345930e-01
1.0645646e+01 2.0331523e-01 3.6901900e-01 5.6257787e-01
1.0655656e+01 1.9809330e-01 3.6027098e-01 5.5084773e-01
1.0665666e+01 1.9258290e-01 3.5154020e-01 5.3948415e-01
1.0675676e+01 1.8687516e-01 3.4284411e-01 5.2812941e-01
1.0685686e+01 1.8145074e-01 3.3414519e-01 5.1715327e-01
1.0695696e+01 1.7596281e-01 3.2549809e-01 5.0625052e-01
1.0705706e+01 1.7068837e-01 3.1720511e-01 4.9515507e-01
1.0715716e+01 1.6523885e-01 3.0868905e-01 4.8404585e-01
1.0725726e+01 1.5977736e-01 3.0025707e-01 4.7310107e-01
1.0735736e+01 1.5440256e-01 2.9197244e-01 4.6244403e-01
1.0745746e+01 1.4933014e-01 2.8394511e-01 4.5149697e-01
1.0755756e+01 1.4427268e-01 2.7620143e-01 4.4062876e-01
1.0765766e+01 1.3941429e-01 2.6866375e-01 4.2963132e-01
1.0775776e+01 1.3454132e-01 2.6117623e-01 4.1913011e-01
1.0785786e+01 1.2980623e-01 2.5382438e-01 4.0871397e-01
1.0795796e+01 1.2506891e-01 2.4631395e-01 3.9835720e-01
1.0805806e+01 1.2063661e-01 2.3896783e-01 3.8849829e-01
1.0815816e+01 1.1610965e-01 2.3177001e-01 3.7814888e-01
1.0825826e+01 1.1171680e-01 2.2474397e-01 3.6812535e-01
1.0835836e+01 1.0739104e-01 2.1780166e-01 3.5812162e-01
1.0845846e+01 1.0316136e-01 2.1070538e-01 3.4839697e-01
1.0855856e+01 9.9034808e-02 2.0374323e-01 3.3883331e-01
1.0865866e+01 9.5043504e-02 1.9694217e-01 3.2928158e-01
1.0875876e+01 9.1194453e-02 1.9033464e-01 3.1959261e-01
1.0885886e+01 8.7404929e-02 1.8393740e-01 3.1028932e-01
1.0895896e+01 8.3748516e-02 1.7759143e-01 3.0122356e-01
1.0905906e+01 8.0228121e-02 1.7129556e-01 2.9195142e-01
1.0915916e+01 7.6834018e-02 1.6525817e-01 2.8285833e-01
1.0925926e+01 7.3487135e-02 1.5923634e-01 2.7399090e-01
1.0935936e+01 7.0241824e-02 1.5351579e-01 2.6537244e-01
1.0945946e+01 6.7075991e-02 1.4778599e-01 2.5670920e-01
1.0955956e+01 6.4105057e-02 1.4222614e-01 2.4858080e-01
1.0965966e+01 6.1221020e-02 1.3679898e-01 2.4034517e-01
1.0975976e+01 5.8410121e-02 1.3142988e-01 2.3260131e-01
1.0985986e+01 5.5719839e-02 1.2635407e-01 2.2462897e-01
1.0995996e+01 5.3148548e-02 1.2132150e-01 2.1684506e-01
1.1006006e+01 5.0661603e-02 1.1644283e-01 2.0947260e-01
1.1016016e+01 4.8289237e-02 1.1163554e-01 2.0216729e-01
1.1026026e+01 4.6000522e-02 1.0702473e-01 1.9509562e-01
1.1036036e+01 4.3786097e-02 1.0252116e-01 1.8822356e-01
1.1046046e+01 4.1622781e-02 9.8190342e-02 1.8142485e-01
1.1056056e+01 3.9607548e-02 9.4009290e-02 1.7496663e-01
1.1066066e+01 3.7623138e-02 8.9937096e-02 1.6857060e-01
1.1076076e+01 3.5705123e-02 8.5986583e-02 1.6225547e-01
1.1086086e+01 3.3890911e-02 8.2161818e-02 1.5613966e-01
1.1096096e+01 3.2191854e-02 7.8488314e-02 1.5026033e-01
1.1106106e+01 3.0523110e-02 7.4942943e-02 1.4439782e-01
1.1116116e+01 2.8892329e-02 7.1486733e-02 1.3876486e-01
1.1126126e+01 2.7332304e-02 6.8115327e-02 1.3327682e-01
1.1136136e+01 2.5871854e-02 6.4917089e-02 1.2793159e-01
1.1146146e+01 2.4451294e-02 6.1791799e-02 1.2274187e-01
1.1156156e+01 2.3132061e-02 5.8828273e-02 1.1774729e-01
1.1166166e+01 2.1866648e-02 5.5976278e-02 1.1275274e-01
1.1176176e+01 2.0669856e-02 5.3185623e-02 1.0802463e-01
1.1186186e+01 1.9510888e-02 5.0491850e-02 1.0347443e-01
1.1196196e+01 1.8407215e-02 4.7921473e-02 9.9083557e-02
1.1206206e+01 1.7352989e-02 4.5498442e-02 9.4707778e-02
1.1216216e+01 1.6353934e-02 4.3177309e-02 9.0632112e-02
1.1226226e+01 1.5401080e-02 4.0929832e-02 8.6676306e-02
1.1236236e+01 1.4501722e-02 3.8782849e-02 8.2774633e-02
1.1246246e+01 1.3636678e-02 3.6728236e-02 7.9088105e-02
1.1256256e+01 1.2821350e-02 3.4749321e-02 7.5492809e-02
1.1266266e+01 1.2046466e-02 3.2892101e-02 7.2028476e-02
1.1276276e+01 1.1315200e-02 3.1121301e-02 6.8733212e-02
1.1286286e+01 1.0614312e-02 2.9398781e-02 6.5508136e-02
1.1296296e+01 9.9511294e-03 2.7775714e-02 6.2403137e-02
1.1306306e+01 9.3334107e-03 2.6202635e-02 5.9396396e-02
1.1316316e+01 8.7491903e-03 2.4719010e-02 5.6548995e-02
1.1326326e+01 8.1860653e-03 2.3289842e-02 5.3753679e-02
1.1336336e+01 7.6609978e-03 2.1945458e-02 5.1061047e-02
1.1346346e+01 7.1653383e-03 2.0676487e-02 4.8498141e-02
1.1356356e+01 6.6948504e-03 1.9460323e-02 4.6036723e-02
1.1366366e+01 6.2526052e-03 1.8304425e-02 4.3740187e-02
1.1376376e+01 5.8395410e-03 1.7203000e-02 4.1503185e-02
1.1386386e+01 5.4491024e-03 1.6170986e-02 3.9396974e-02
1.1396396e+01 5.0899897e-03 1.5188824e-02 3.7319366e-02
1.1406406e+01 4.7467755e-03 1.4263606e-02 3.5342551e-02
1.1416416e+01 4.4206080e-03 1.3391971e-02 3.3450218e-02
1.1426426e+01 4.1203887e-03 1.2548993e-02 3.1673879e-02
1.1436436e+01 3.8331462e-03 1.1754465e-02 2.9959931e-02
1.1446446e+01 3.5664888e-03 1.1002926e-02 2.8342805e-02
1.1456456e+01 3.3148434e-03 1.0295578e-02 2.6791358e-02
1.1466466e+01 3.0799500e-03 9.6351548e-03 2.5305394e-02
1.1476476e+01 2.8610084e-03 9.0093855e-03 2.3897534e-02
1.1486486e+01 2.6549127e-03 8.4075605e-03 2.2568082e-02
1.1496496e+01 2.4615544e-03 7.8495287e-03 2.1287609e-02
1.1506507e+01 2.2814079e-03 7.3219352e-03 2.0057051e-02
1.1516517e+01 2.1148349e-03 6.8215651e-03 1.8897001e-02
1.1526527e+01 1.9577913e-03 6.3576949e-03 1.7779745e-02
1.1536537e+01 1.8122419e-03 5.9222202e-03 1.6708569e-02
1.1546547e+01 1.6750447e-03 5.5181979e-03 1.5705220e-02
1.1556557e+01 1.5482187e-03 5.1252730e-03 1.4762256e-02
1.1566567e+01 1.4302613e-03 4.7650297e-03 1.3858745e-02
1.1576577e+01 1.3194653e-03 4.4256146e-03 1.3006875e-02
1.1586587e+01 1.2172425e-03 4.1072509e-03 1.2215008e-02
1.1596597e+01 1.1223649e-03 3.8106968e-03 1.1474094e-02
1.1606607e+01 1.0352535e-03 3.5352404e-03 1.0752980e-02
1.1616617e+01 9.5411177e-04 3.2777175e-03 1.0070127e-02
1.1626627e+01 8.7816826e-04 3.0378695e-03 9.4202551e-03
1.1636637e+01 8.0812177e-04 2.8144678e-03 8.8068577e-03
1.1646647e+01 7.4324077e-04 2.6035240e-03 8.2481634e-03
1.1656657e+01 6.8317421e-04 2.4089282e-03 7.7109952e-03
1.1666667e+01 6.2719432e-04 2.2266913e-03 7.1998268e-03
1.1676677e+01 5.7582606e-04 2.0590866e-03 6.7206287e-03
1.1686687e+01 5.2814028e-04 1.9007025e-03 6.2699671e-03
1.1696697e+01 4.8415805e-04 1.7561925e-03 5.8532956e-03
1.1706707e+01 4.4369147e-04 1.6193320e-03 5.4542497e-03
1.1716717e+01 4.0646533e-04 1.4926296e-03 5.0747919e-03
1.1726727e+01 3.7187014e-04 1.3754295e-03 4.7321641e-03
1.1736737e+01 3.4008795e-04 1.2670020e-03 4.4021915e-03
1.1746747e+01 3.1109427e-04 1.1669324e-03 4.0934541e-03
1.1756757e+01 2.8424025e-04 1.0736388e-03 3.8073591e-03
1.1766767e+01 2.5960969e-04 9.8618227e-04 3.5419038e-03
1.1776777e+01 2.3694866e-04 9.0600872e-04 3.2919678e-03
1.1786787e+01 2.1624854e-04 8.3239468e-04 3.0591916e-03
1.1796797e+01 1.9725477e-04 7.6362646e-04 2.8375336e-03
1.1806807e+01 1.7991117e-04 7.0041695e-04 2.6295102e-03
1.1816817e+01 1.6388324e-04 6.4191032e-04 2.4390701e-03
1.1826827e+01 1.4920005e-04 5.8855626e-04 2.2584802e-03
1.1836837e+01 1.3574769e-04 5.3905194e-04 2.0912294e-03
1.1846847e+01 1.2345644e-04 4.9377172e-04 1.9348317e-03
1.1856857e+01 1.1225646e-04 4.5147682e-04 1.7919020e-03
1.1866867e+01 1.0199900e-04 4.1287384e-04 1.6566923e-03
1.1876877e+01 9.2667346e-05 3.7699751e-04 1.5293068e-03
1.1886887e+01 8.4042699e-05 3.4421369e-04 1.4142427e-03
1.1896897e+01 7.6138711e-05 3.1437669e-04 1.3052254e-03
1.1906907e+01 6.9039106e-05 2.8676658e-04 1.2050329e-03
1.1916917e+01 6.2562675e-05 2.6128365e-04 1.1111832e-03
1.1926927e+01 5.6643252e-05 2.3808387e-04 1.0247405e-03
1.1936937e+01 5.1249516e-05 2.1683509e-04 9.4352098e-04
1.1946947e+01 4.6263160e-05 1.9736367e-04 8.6862910e-04
1.1956957e+01 4.1786343e-05 1.7968854e-04 7.9914019e-04
1.1966967e+01 3.7723707e-05 1.6326561e-04 7.3495581e-04
1.1976977e+01 3.4071374e-05 1.4841579e-04 6.7531348e-04
1.1986987e+01 3.0745524e-05 1.3473397e-04 6.1962015e-04
1.1996997e+01 2.7713717e-05 1.2244906e-04 5.6868793e-04
1.2007007e+01 2.4972115e-05 1.1107379e-04 5.2172154e-04
1.2017017e+01 2.2497171e-05 1.0074090e-04 4.7810624e-04
1.2027027e+01 2.0258602e-05 9.1279988e-05 4.3775465e-04
1.2037037e+01 1.8212360e-05 8.2589446e-05 4.0094148e-04
1.2047047e+01 1.6366880e-05 7.4796705e-05 3.6689913e-04
1.2057057e+01 1.4710493e-05 6.7636522e-05 3.3576094e-04
1.2067067e+01 1.3229761e-05 6.1153717e-05 3.0723192e-04
1.2077077e+01 1.1864737e-05 5.5253336e-05 2.8054687e-04
1.2087087e+01 1.0626457e-05 4.9884213e-05 2.5626927e-04
1.2097097e+01 9.5115301e-06 4.5018842e-05 2.3374569e-04
1.2107107e+01 8.5214601e-06 4.0629103e-05 2.1319136e-04
1.2117117e+01 7.6247436e-06 3.6592905e-05 1.9445430e-04
1.2127127e+01 6.8240553e-06 3.2957967e-05 1.7726267e-04
1.2137137e+01 6.1113050e-06 2.9670108e-05 1.6119268e-04
1.2147147e+01 5.4622636e-06 2.6680244e-05 1.4660969e-04
1.2157157e+01 4.8794827e-06 2.3994057e-05 1.3347680e-04
1.2167167e+01 4.3511900e-06 2.1564681e-05 1.2147892e-04
1.2177177e+01 3.8835237e-06 1.9374146e-05 1.1048968e-04
1.2187187e+01 3.4649534e-06 1.7397277e-05 1.0042300e-04
1.2197197e+01 3.0908456e-06 1.5608033e-05 9.1095157e-05
1.2207207e+01 2.7537170e-06 1.3989883e-05 8.2565095e-05
1.2217217e+01 2.4505743e-06 1.2533752e-05 7.4877628e-05
1.2227227e+01 2.1793147e-06 1.1213860e-05 6.7827162e-05
1.2237237e+01 1.9383441e-06 1.0036007e-05 6.1383288e-05
1.2247247e+01 1.7232783e-06 8.9770674e-06 5.5618387e-05
1.2257257e+01 1.5313561e-06 8.0286890e-06 5.0394761e-05
1.2267267e+01 1.3593480e-06 7.1792579e-06 4.5628504e-05
1.2277277e+01 1.2039162e-06 6.4125848e-06 4.1296315e-05
1.2287287e+01 1.0670441e-06 5.7210512e-06 3.7300998e-05
1.2297297e+01 9.4628461e-07 5.1037044e-06 3.3657274e-05
1.2307307e+01 8.3840988e-07 4.5512097e-06 3.0358649e-05
1.2317317e+01 7.4281531e-07 4.0567156e-06 2.7365683e-05
1.2327327e+01 6.5689030e-07 3.6138983e-06 2.4672587e-05
1.2337337e+01 5.8039460e-07 3.2175947e-06 2.2231735e-05
1.2347347e+01 5.1261908e-07 2.8616191e-06 2.0032122e-05
1.2357357e+01 4.5227404e-07 2.5438865e-06 1.7993013e-05
1.2367367e+01 3.9925112e-07 2.2607334e-06 1.6184042e-05
1.2377377e+01 3.5184581e-07 2.0063564e-06 1.4553364e-05
1.2387387e+01 3.1015907e-07 1.7812110e-06 1.3053768e-05
1.2397397e+01 2.7319463e-07 1.5810304e-06 1.1721302e-05
1.2407407e+01 2.4064872e-07 1.4011188e-06 1.0516175e-05
1.2417417e+01 2.1208965e-07 1.2420508e-06 9.4332114e-06
1.2427427e+01 1.8646223e-07 1.1002944e-06 8.4547686e-06
1.2437437e+01 1.6379952e-07 9.7420293e-07 7.5822353e-06
1.2447447e+01 1.4392220e-07 8.6301743e-07 6.7794861e-06
1.2457457e+01 1.2637418e-07 7.6361808e-07 6.0678839e-06
1.2467467e+01 1.1101375e-07 6.7475118e-07 5.4298647e-06
1.2477477e+01 9.7341611e-08 5.9610982e-07 4.8514790e-06
1.2487487e+01 8.5334865e-08 5.2602172e-07 4.3294665e-06
1.2497497e+01 7.4746380e-08 4.6408949e-07 3.8648621e-06
1.2507508e+01 6.5417294e-08 4.0882913e-07 3.4468301e-06
1.2517518e+01 5.7213283e-08 3.6033466e-07 3.0739321e-06
1.2527528e+01 5.0074375e-08 3.1704910e-07 2.7410916e-06
1.2537538e+01 4.3752068e-08 2.7923019e-07 2.4392899e-06
1.2547548e+01 3.8256595e-08 2.4545680e-07 2.1713751e-06
1.2557558e+01 3.3396615e-08 2.1577201e-07 1.9319477e-06
1.2567568e+01 2.9148864e-08 1.8971875e-07 1.7174941e-06
1.2577578e+01 2.5418347e-08 1.6642225e-07 1.5276241e-06
1.2587588e+01 2.2144911e-08 1.4598298e-07 1.3574438e-06
1.2597598e+01 1.9298580e-08 1.2831883e-07 1.2037894e-06
1.2607608e+01 1.6795192e-08 1.1250447e-07 1.0686689e-06
1.2617618e+01 1.4623001e-08 9.8555550e-08 9.4769618e-07
1.2627628e+01 1.2710953e-08 8.6290039e-08 8.3917713e-07
1.2637638e+01 1.1041451e-08 7.5513484e-08 7.4196482e-07
1.2647648e+01 9.5917298e-09 6.5993923e-08 6.5633721e-07
1.2657658e+01 8.3287200e-09 5.7751871e-08 5.8118920e-07
1.2667668e+01 7.2232376e-09 5.0449388e-08 5.1282270e-07
1.2677678e+01 6.2611278e-09 4.4066926e-08 4.5335596e-07
1.2687688e+01 5.4246952e-09 3.8432397e-08 4.0085759e-07
1.2697698e+01 4.6969910e-09 3.3512274e-08 3.5390590e-07
1.2707708e+01 4.0641735e-09 2.9203129e-08 3.1195035e-07
1.2717718e+01 3.5157669e-09 2.5440672e-08 2.7492987e-07
1.2727728e+01 3.0404777e-09 2.2166219e-08 2.4215158e-07
1.2737738e+01 2.6221302e-09 1.9279643e-08 2.1301673e-07
1.2747748e+01 2.2641841e-09 1.6765631e-08 1.8749184e-07
1.2757758e+01 1.9550803e-09 1.4559231e-08 1.6498051e-07
1.2767768e+01 1.6873818e-09 1.2647068e-08 1.4504952e-07
1.2777778e+01 1.4557902e-09 1.0983974e-08 1.2737973e-07
1.2787788e+01 1.2544401e-09 9.5302938e-09 1.1184517e-07
1.2797798e+01 1.0798502e-09 8.2652628e-09 9.8159749e-08
1.2807808e+01 9.2835712e-10 7.1703879e-09 8.6075932e-08
1.2817818e+01 7.9772470e-10 6.2101923e-09 7.5326530e-08
1.2827828e+01 6.8580195e-10 5.3810661e-09 6.5999104e-08
1.2837838e+01 5.8890526e-10 4.6605095e-09 5.7819164e-08
1.2847848e+01 5.0587777e-10 4.0335140e-09 5.0555437e-08
1.2857858e+01 4.3382527e-10 3.4874577e-09 4.4183945e-08
1.2867868e+01 3.7233437e-10 3.0115502e-09 3.8575008e-08
1.2877878e+01 3.1910274e-10 2.6004911e-09 3.3680254e-08
1.2887888e+01 2.7326908e-10 2.2435367e-09 2.9423378e-08
1.2897898e+01 2.3407246e-10 1.9350592e-09 2.5692591e-08
1.2907908e+01 2.0021674e-10 1.6663824e-09 2.2411963e-08
1.2917918e+01 1.7144959e-10 1.4344619e-09 1.9537222e-08
1.2927928e+01 1.4656444e-10 1.2349908e-09 1.6997482e-08
1.2937938e+01 1.2525141e-10 1.0624774e-09 1.4802186e-08
1.2947948e+01 1.0688621e-10 9.1386693e-10 1.2887439e-08
1.2957958e+01 9.1172895e-11 7.8495309e-10 1.1216593e-08
1.2967968e+01 7.7797676e-11 6.7371342e-10 9.7562624e-09
1.2977978e+01 6.6368507e-11 5.7872084e-10 8.4721849e-09
1.2987988e+01 5.6560115e-11 4.9672436e-10 7.3599165e-09
1.2997998e+01 4.8182914e-11 4.2600137e-10 6.3911642e-09
1.3008008e+01 4.1000942e-11 3.6531831e-10 5.5371692e-09
1.3018018e+01 3.4882760e-11 3.1301620e-10 4.7992398e-09
1.3028028e+01 2.9647150e-11 2.6789672e-10 4.1552263e-09
1.3038038e+01 2.5181757e-11 2.2924248e-10 3.5965004e-09
1.3048048e+01 2.1355719e-11 1.9604587e-10 3.1113846e-09
1.3058058e+01 1.8117452e-11 1.6766621e-10 2.6878171e-09
1.3068068e+01 1.5364307e-11 1.4315058e-10 2.3232427e-09
1.3078078e+01 1.3016560e-11 1.2214135e-10 2.0067775e-09
1.3088088e+01 1.1024602e-11 1.0427305e-10 1.7331643e-09
1.3098098e+01 9.3277491e-12 8.8941391e-11 1.4947063e-09
1.3108108e+01 7.8895439e-12 7.5765753e-11 1.2877180e-09
1.3118118e+01 6.6725029e-12 6.4542120e-11 1.1092272e-09
1.3128128e+01 5.6406343e-12 5.5022257e-11 9.5555368e-10
1.3138138e+01 4.7654448e-12 4.6746923e-11 8.2222633e-10
1.3148148e+01 4.0233277e-12 3.9756260e-11 7.0739561e-10
1.3158158e+01 3.3932968e-12 3.3790275e-11 6.0785511e-10
1.3168168e+01 2.8612170e-12 2.8701496e-11 5.2205181e-10
1.3178178e+01 2.4104321e-12 2.4353234e-11 4.4816930e-10
1.3188188e+01 2.0304908e-12 2.0666741e-11 3.8430447e-10
1.3198198e+01 1.7095131e-12 1.7514360e-11 3.2940296e-10
1.3208208e+01 1.4391530e-12 1.4839187e-11 2.8242568e-10
1.3218218e+01 1.2099167e-12 1.2567522e-11 2.4222451e-10
1.3228228e+01 1.0175598e-12 1.0651280e-11 2.0742610e-10
1.3238238e+01 8.5454593e-13 9.0222241e-12 1.7766465e-10
1.3248248e+01 7.1672923e-13 7.6277254e-12 1.5197445e-10
1.3258258e+01 6.0064026e-13 6.4433218e-12 1.2996650e-10
1.3268268e+01 5.0272957e-13 5.4390455e-12 1.1092469e-10
1.3278278e+01 4.2136123e-13 4.5912305e-12 9.4792975e-11
1.3288288e+01 3.5252067e-13 3.8717208e-12 8.0968785e-11
1.3298298e+01 2.9488762e-13 3.2647341e-12 6.9047650e-11
1.3308308e+01 2.4663495e-13 2.7512643e-12 5.8898585e-11
1.3318318e+01 2.0608443e-13 2.3168192e-12 5.0182435e-11
1.3328328e+01 1.7211752e-13 1.9495437e-12 4.2712750e-11
1.3338338e+01 1.4373916e-13 1.6407879e-12 3.6329778e-11
1.3348348e+01 1.1984196e-13 1.3794911e-12 3.0915346e-11
1.3358358e+01 1.0000703e-13 1.1594433e-12 2.6257820e-11
1.3368368e+01 8.3372383e-14 9.7305564e-13 2.2294906e-11
1.3378378e+01 6.9465320e-14 8.1740580e-13 1.8932026e-11
1.3388388e+01 5.7847485e-14 6.8589160e-13 1.6048416e-11
1.3398398e+01 4.8149675e-14 5.7562711e-13 1.3595916e-11
1.3408408e+01 4.0049301e-14 4.8208378e-13 1.1518104e-11
1.3418418e+01 3.3285894e-14 4.0365401e-13 9.7607014e-12
1.3428428e+01 2.7628614e-14 3.3784478e-13 8.2575672e-12
1.3438438e+01 2.2944452e-14 2.8248131e-13 6.9830243e-12
1.3448448e+01 1.9052322e-14 2.3595423e-13 5.9095844e-12
1.3458458e+01 1.5793691e-14 1.9727500e-13 4.9969169e-12
1.3468468e+01 1.3088280e-14 1.6482525e-13 4.2180206e-12
1.3478478e+01 1.0833750e-14 1.3765124e-13 3.5592961e-12
1.3488488e+01 8.9711964e-15 1.1473614e-13 3.0014598e-12
1.3498498e+01 7.4213017e-15 9.5663414e-14 2.5295764e-12
1.3508509e+01 6.1386832e-15 7.9651735e-14 2.1329106e-12
1.3518519e+01 5.0793472e-15 6.6298647e-14 1.7959190e-12
1.3528529e+01 4.1943655e-15 5.5187671e-14 1.5121286e-12
1.3538539e+01 3.4620782e-15 4.5899693e-14 1.2720496e-12
1.3548549e+01 2.8560009e-15 3.8111067e-14 1.0685504e-12
1.3558559e+01 2.3550868e-15 3.1656192e-14 8.9845594e-13
1.3568569e+01 1.9418614e-15 2.6244659e-14 7.5485080e-13
1.3578579e+01 1.5987588e-15 2.1786063e-14 6.3370702e-13
1.3588589e+01 1.3172122e-15 1.8064227e-14 5.3122619e-13
1.3598599e+01 1.0819629e-15 1.4961103e-14 4.4557527e-13
1.3608609e+01 8.8973801e-16 1.2390345e-14 3.7337444e-13
1.3618619e+01 7.3070327e-16 1.0252770e-14 3.1243359e-13
1.3628629e+01 6.0076425e-16 8.4851987e-15 2.6124057e-13
1.3638639e+01 4.9310214e-16 7.0176443e-15 2.1858356e-13
1.3648649e+01 4.0437355e-16 5.7994225e-15 1.8281896e-13
1.3658659e+01 3.3150707e-16 4.7887803e-15 1.5277150e-13
1.3668669e+01 2.7139003e-16 3.9503524e-15 1.2769862e-13
1.3678679e+01 2.2217944e-16 3.2584116e-15 1.0655362e-13
1.3688689e+01 1.8182069e-16 2.6873530e-15 8.8859732e-14
1.3698699e+01 1.4871991e-16 2.2136623e-15 7.4080699e-14
1.3708709e+01 1.2157494e-16 1.8229401e-15 6.1744737e-14
1.3718719e+01 9.9306182e-17 1.5001556e-15 5.1374840e-14
1.3728729e+01 8.1097817e-17 1.2342544e-15 4.2724668e-14
1.3738739e+01 6.6183068e-17 1.0149103e-15 3.5555032e-14
1.3748749e+01 5.3982502e-17 8.3362232e-16 2.9527543e-14
1.3758759e+01 4.4014866e-17 6.8461068e-16 2.4506928e-14
1.3768769e+01 3.5851614e-17 5.6148986e-16 2.0356727e-14
1.3778779e+01 2.9195034e-17 4.6022266e-16 1.6912004e-14
1.3788789e+01 2.3744399e-17 3.7737681e-16 1.4042138e-14
1.3798799e+01 1.9317404e-17 3.0904553e-16 1.1630824e-14
1.3808809e+01 1.5707619e-17 2.5284818e-16 9.6308855e-15
1.3818819e+01 1.2758109e-17 2.0689095e-16 7.9662806e-15
1.3828829e+01 1.0355390e-17 1.6931537e-16 6.5952944e-15
1.3838839e+01 8.3988069e-18 1.3855408e-16 5.4518674e-15
1.3848849e+01 6.8097743e-18 1.1330364e-16 4.5067204e-15
1.3858859e+01 5.5170282e-18 9.2551221e-17 3.7230990e-15
1.3868869e+01 4.4666049e-18 7.5515565e-17 3.0763519e-15
1.3878879e+01 3.6149540e-18 6.1606246e-17 2.5388876e-15
1.3888889e+01 2.9238321e-18 5.0225079e-17 2.0929664e-15
1.3898899e+01 2.3658261e-18 4.0935433e-17 1.7240999e-15
1.3908909e+01 1.9113813e-18 3.3324791e-17 1.4209279e-15
1.3918919e+01 1.5446253e-18 2.7110662e-17 1.1708093e-15
1.3928929e+01 1.2465437e-18 2.2039026e-17 9.6258987e-16
1.3938939e+01 1.0064505e-18 1.7902558e-17 7.9200063e-16
1.3948949e+01 8.1183446e-19 1.4538606e-17 6.5156077e-16
1.3958959e+01 6.5373994e-19 1.1795226e-17 5.3567144e-16
1.3968969e+01 5.2632026e-19 9.5654465e-18 4.3982445e-16
1.3978979e+01 4.2324722e-19 7.7542192e-18 3.6085198e-16
1.3988989e+01 3.4035072e-19 6.2768398e-18 2.9618780e-16
1.3998999e+01 2.7344079e-19 5.0810797e-18 2.4261061e-16
1.4009009e+01 2.1964013e-19 4.1115435e-18 1.9869748e-16
1.4019019e+01 1.7635077e-19 3.3248400e-18 1.6253777e-16
1.4029029e+01 1.4152196e-19 2.6860525e-18 1.3300131e-16
1.4039039e+01 1.1349402e-19 2.1700280e-18 1.0875911e-16
1.4049049e+01 9.1053433e-20 1.7527312e-18 8.8869084e-17
1.4059059e+01 7.2931078e-20 1.4151638e-18 7.2597899e-17
1.4069069e+01 5.8398927e-20 1.1413987e-18 5.9283291e-17
1.4079079e+01 4.6735017e-20 9.1972782e-19 4.8353089e-17
1.4089089e+01 3.7426763e-20 7.4122986e-19 3.9387771e-17
1.4099099e+01 2.9927256e-20 5.9663911e-19 3.2116906e-17
1.4109109e+01 2.3911538e-20 4.8033054e-19 2.6165319e-17
1.4119119e+01 1.9081512e-20 3.8623309e-19 2.1287993e-17
1.4129129e+01 1.5218143e-20 3.1061574e-19 1.7314682e-17
1.4139139e+01 1.2132020e-20 2.4956564e-19 1.4075083e-17
1.4149149e+01 9.6675935e-21 2.0042537e-19 1.1427135e-17
1.4159159e+01 7.6931479e-21 1.6076289e-19 9.2820009e-18
1.4169169e+01 6.1217645e-21 1.2891228e-19 7.5368604e-18
1.4179179e+01 4.8686461e-21 1.0335094e-19 6.1189765e-18
1.4189189e+01 3.8717279e-21 8.2879734e-20 4.9620986e-18
1.4199199e+01 3.0778586e-21 6.6406896e-20 4.0214696e-18
1.4209209e+01 2.4461077e-21 5.3181463e-20 3.2580235e-18
1.4219219e+01 1.9421960e-21 4.2568906e-20 2.6376064e-18
1.4229229e+01 1.5415005e-21 3.4054884e-20 2.1348500e-18
1.4239239e+01 1.2214488e-21 2.7215658e-20 1.7234617e-18
1.4249249e+01 9.6788948e-22 2.1710527e-20 1.3918753e-18
1.4259259e+01 7.6751939e-22 1.7319783e-20 1.1242012e-18
1.4269269e+01 6.0790846e-22 1.3824229e-20 9.0661047e-19
1.4279279e+01 4.8159260e-22 1.1019536e-20 7.3041500e-19
1.4289289e+01 3.8117362e-22 8.7746182e-21 5.8820132e-19
1.4299299e+01 3.0115494e-22 6.9925414e-21 4.7418291e-19
1.4309309e+01 2.3763871e-22 5.5614501e-21 3.8184064e-19
1.4319319e+01 1.8735959e-22 4.4219607e-21 3.0736504e-19
1.4329329e+01 1.4800327e-22 3.5132643e-21 2.4708035e-19
1.4339339e+01 1.1672729e-22 2.7927703e-21 1.9840029e-19
1.4349349e+01 9.2062447e-23 2.2147920e-21 1.5939204e-19
1.4359359e+01 7.2491428e-23 1.7563664e-21 1.2806758e-19
1.4369369e+01 5.7113427e-23 1.3945897e-21 1.0280344e-19
1.4379379e+01 4.4919604e-23 1.1055142e-21 8.2455239e-20
1.4389389e+01 3.5315953e-23 8.7500700e-22 6.6089674e-20
1.4399399e+01 2.7739682e-23 6.9291585e-22 5.2911636e-20
1.4409409e+01 2.1765232e-23 5.4827736e-22 4.2331795e-20
1.4419419e+01 1.7073091e-23 4.3339469e-22 3.3837381e-20
1.4429429e+01 1.3390774e-23 3.4281621e-22 2.7059932e-20
1.4439439e+01 1.0492284e-23 2.7104218e-22 2.1638823e-20
1.4449449e+01 8.2182780e-24 2.1394856e-22 1.7276125e-20
1.4459459e+01 6.4348488e-24 1.6883411e-22 1.3791724e-20
1.4469469e+01 5.0356981e-24 1.3310381e-22 1.0998489e-20
1.4479479e+01 3.9371352e-24 1.0483224e-22 8.7687873e-21
1.4489489e+01 3.0775897e-24 8.2659355e-23 6.9871137e-21
1.4499499e+01 2.4029487e-24 6.5110346e-23 5.5688058e-21
1.4509510e+01 1.8752616e-24 5.1193534e-23 4.4352671e-21
1.4519520e+01 1.4624748e-24 4.0251421e-23 3.5256414e-21
1.4529530e+01 1.1406384e-24 3.1638270e-23 2.8013067e-21
1.4539540e+01 8.8926097e-25 2.4860551e-23 2.2245692e-21
1.4549550e+01 6.9237641e-25 1.9529343e-23 1.7674948e-21
1.4559560e+01 5.3906738e-25 1.5314949e-23 1.4007160e-21
1.4569570e+01 4.1938576e-25 1.1999730e-23 1.1115904e-21
1.4579580e+01 3.2614470e-25 9.3996338e-24 8.8192677e-22
1.4589590e+01 2.5331545e-25 7.3643387e-24 6.9930466e-22
1.4599600e+01 1.9676667e-25 5.7637827e-24 5.5395099e-22
1.4609610e+01 1.5282182e-25 4.5049540e-24 4.3873820e-22
1.4619620e+01 1.1858099e-25 3.5210781e-24 3.4720510e-22
1.4629630e+01 9.1949228e-26 2.7498480e-24 2.7448745e-22
1.4639640e+01 7.1273379e-26 2.1472209e-24 2.1687585e-22
1.4649650e+01 5.5204992e-26 1.6772250e-24 1.7118970e-22
1.4659660e+01 4.2730577e-26 1.3078048e-24 1.3512449e-22
1.4669670e+01 3.3059118e-26 1.0197972e-24 1.0656512e-22
1.4679680e+01 2.5573691e-26 7.9431967e-25 8.4003007e-23
1.4689690e+01 1.9770488e-26 6.1852270e-25 6.6114707e-23
1.4699700e+01 1.5273051e-26 4.8148490e-25 5.2017694e-23
1.4709710e+01 1.1780883e-26 3.7438804e-25 4.0951979e-23
1.4719720e+01 9.0766499e-27 2.9109874e-25 3.2223872e-23
1.4729730e+01 7.0009432e-27 2.2625726e-25 2.5312467e-23
1.4739740e+01 5.3982866e-27 1.7578013e-25 1.9873841e-23
1.4749750e+01 4.1549562e-27 1.3647466e-25 1.5594587e-23
1.4759760e+01 3.1958184e-27 1.0589767e-25 1.2216476e-23
1.4769770e+01 2.4584312e-27 8.2117935e-26 9.5710048e-24
1.4779780e+01 1.8908361e-27 6.3661158e-26 7.4962379e-24
1.4789790e+01 1.4520420e-27 4.9324081e-26 5.8736210e-24
1.4799800e+01 1.1152221e-27 3.8177451e-26 4.5970029e-24
1.4809810e+01 8.5512394e-28 2.9532930e-26 3.5977988e-24
1.4819820e+01 6.5608901e-28 2.2831583e-26 2.8142076e-24
1.4829830e+01 5.0302438e-28 1.7632828e-26 2.2009169e-24
1.4839840e+01 3.8525125e-28 1.3619429e-26 1.7202917e-24
1.4849850e+01 2.9489784e-28 1.0516025e-26 1.3427753e-24
1.4859860e+01 2.2560570e-28 8.1156859e-27 1.0477088e-24
1.4869870e+01 1.7252184e-28 6.2599550e-27 8.1732751e-25
1.4879880e+01 1.3183493e-28 4.8215355e-27 6.3657740e-25
1.4889890e+01 1.0074748e-28 3.7113766e-27 4.9599525e-25
1.4899900e+01 7.6950208e-29 2.8546242e-27 3.8634603e-25
1.4909910e+01 5.8712991e-29 2.1945702e-27 3.0060801e-25
1.4919920e+01 4.4816377e-29 1.6868253e-27 2.3376896e-25
1.4929930e+01 3.4188835e-29 1.2951510e-27 1.8157785e-25
1.4939940e+01 2.6044432e-29 9.9469131e-28 1.4108551e-25
1.4949950e+01 1.9822520e-29 7.6363295e-28 1.0957241e-25
1.4959960e+01 1.5075540e-29 5.8528167e-28 8.5044091e-26
1.4969970e+01 1.1460713e-29 4.4832778e-28 6.5810481e-26
1.4979980e+01 8.7113704e-30 3.4346112e-28 5.1013732e-26
1.4989990e+01 6.6188773e-30 2.6297687e-28 3.9509008e-26
1.5000000e+01 5.0242024e-30 2.0131677e-28 3.0598452e-26
