X KDE_INF KDE_MED KDE_SUP
-4.0000000e+00 1.2725033e-12 8.7832534e-11 8.9819210e-05
-3.9919920e+00 1.4631965e-12 9.9615364e-11 9.4985932e-05
-3.9839840e+00 1.6753507e-12 1.1296246e-10 1.0000890e-04
-3.9759760e+00 1.9183828e-12 1.2799791e-10 1.0376657e-04
-3.9679680e+00 2.1971973e-12 1.4504510e-10 1.0675880e-04
-3.9599600e+00 2.5205424e-12 1.6426571e-10 1.1002691e-04
-3.9519520e+00 2.8914918e-12 1.8610933e-10 1.1546629e-04
-3.9439439e+00 3.2950564e-12 2.1086648e-10 1.2070363e-04
-3.9359359e+00 3.7748921e-12 2.3905375e-10 1.2582563e-04
-3.9279279e+00 4.3259861e-12 2.7001877e-10 1.3483991e-04
-3.9199199e+00 4.9485665e-12 3.0514887e-10 1.4010088e-04
-3.9119119e+00 5.6431232e-12 3.4473691e-10 1.4532445e-04
-3.9039039e+00 6.4627083e-12 3.8985298e-10 1.5182775e-04
-3.8958959e+00 7.3672632e-12 4.4011307e-10 1.5594212e-04
-3.8878879e+00 8.4202612e-12 4.9749885e-10 1.6265214e-04
-3.8798799e+00 9.5804182e-12 5.6268528e-10 1.6957230e-04
-3.8718719e+00 1.0930528e-11 6.3393449e-10 1.7144812e-04
-3.8638639e+00 1.2440449e-11 7.1537930e-10 1.7893429e-04
-3.8558559e+00 1.4131427e-11 8.0613489e-10 1.8561024e-04
-3.8478478e+00 1.6173684e-11 9.0688848e-10 1.9229669e-04
-3.8398398e+00 1.8425663e-11 1.0229270e-09 1.9921045e-04
-3.8318318e+00 2.0969997e-11 1.1533116e-09 2.0934518e-04
-3.8238238e+00 2.3867478e-11 1.2955932e-09 2.2029262e-04
-3.8158158e+00 2.7216143e-11 1.4591727e-09 2.2766686e-04
-3.8078078e+00 3.0808168e-11 1.6426898e-09 2.3522205e-04
-3.7997998e+00 3.5113045e-11 1.8462802e-09 2.4765806e-04
-3.7917918e+00 3.9951548e-11 2.0769344e-09 2.5747579e-04
-3.7837838e+00 4.5408212e-11 2.3356628e-09 2.7109395e-04
-3.7757758e+00 5.1577398e-11 2.6227258e-09 2.8666986e-04
-3.7677678e+00 5.8442574e-11 2.9446120e-09 2.9851862e-04
-3.7597598e+00 6.6465517e-11 3.3034724e-09 3.0621467e-04
-3.7517518e+00 7.5607828e-11 3.7046389e-09 3.2118856e-04
-3.7437437e+00 8.5786097e-11 4.1567858e-09 3.3075695e-04
-3.7357357e+00 9.6826620e-11 4.6634850e-09 3.5369836e-04
-3.7277277e+00 1.0970354e-10 5.2233925e-09 3.6480673e-04
-3.7197197e+00 1.2438409e-10 5.8557247e-09 3.8286425e-04
-3.7117117e+00 1.4057997e-10 6.5534802e-09 4.0010830e-04
-3.7037037e+00 1.5897305e-10 7.3324448e-09 4.0835078e-04
-3.6956957e+00 1.7971464e-10 8.2118892e-09 4.1756657e-04
-3.6876877e+00 2.0355582e-10 9.1944302e-09 4.3769891e-04
-3.6796797e+00 2.3041038e-10 1.0290817e-08 4.6020328e-04
-3.6716717e+00 2.5874091e-10 1.1512410e-08 4.8177887e-04
-3.6636637e+00 2.9246689e-10 1.2871861e-08 5.0707725e-04
-3.6556557e+00 3.3073490e-10 1.4375369e-08 5.1554435e-04
-3.6476476e+00 3.7324976e-10 1.6064660e-08 5.3448440e-04
-3.6396396e+00 4.2190955e-10 1.7937120e-08 5.6675871e-04
-3.6316316e+00 4.7608058e-10 2.0004273e-08 5.9245173e-04
-3.6236236e+00 5.3528628e-10 2.2312929e-08 6.2510001e-04
-3.6156156e+00 6.0421263e-10 2.4919644e-08 6.5428360e-04
-3.6076076e+00 6.8196648e-10 2.7739594e-08 6.8717246e-04
-3.5995996e+00 7.6937168e-10 3.0898591e-08 7.1614612e-04
-3.5915916e+00 8.6790300e-10 3.4400810e-08 7.4520607e-04
-3.5835836e+00 9.7950647e-10 3.8261335e-08 7.7324243e-04
-3.5755756e+00 1.1022246e-09 4.2612646e-08 8.0336891e-04
-3.5675676e+00 1.2418472e-09 4.7410487e-08 8.3607454e-04
-3.5595596e+00 1.3910968e-09 5.2725591e-08 8.7688914e-04
-3.5515516e+00 1.5610490e-09 5.8554694e-08 9.0294248e-04
-3.5435435e+00 1.7530897e-09 6.5061814e-08 9.4394308e-04
-3.5355355e+00 1.9707215e-09 7.2317692e-08 9.8457576e-04
-3.5275275e+00 2.2102321e-09 8.0267101e-08 1.0051150e-03
-3.5195195e+00 2.4750990e-09 8.9206333e-08 1.0632292e-03
-3.5115115e+00 2.7812520e-09 9.9084557e-08 1.1003484e-03
-3.5035035e+00 3.1232372e-09 1.0983987e-07 1.1380836e-03
-3.4954955e+00 3.4941585e-09 1.2192684e-07 1.1661902e-03
-3.4874875e+00 3.9269297e-09 1.3544929e-07 1.2118252e-03
-3.4794795e+00 4.3969719e-09 1.4993590e-07 1.2600088e-03
-3.4714715e+00 4.9275588e-09 1.6617879e-07 1.3070026e-03
-3.4634635e+00 5.5283088e-09 1.8424399e-07 1.3702109e-03
-3.4554555e+00 6.1966610e-09 2.0421240e-07 1.4176621e-03
-3.4474474e+00 6.9452151e-09 2.2621142e-07 1.4607013e-03
-3.4394394e+00 7.7627529e-09 2.5039675e-07 1.5286153e-03
-3.4314314e+00 8.6948083e-09 2.7660918e-07 1.5812177e-03
-3.4234234e+00 9.6924747e-09 3.0526569e-07 1.6237815e-03
-3.4154154e+00 1.0806534e-08 3.3738437e-07 1.6927384e-03
-3.4074074e+00 1.2052596e-08 3.7228398e-07 1.7564651e-03
-3.3993994e+00 1.3428209e-08 4.1151296e-07 1.8220226e-03
-3.3913914e+00 1.4986160e-08 4.5481256e-07 1.8900490e-03
-3.3833834e+00 1.6646058e-08 5.0249069e-07 1.9452210e-03
-3.3753754e+00 1.8546873e-08 5.5420322e-07 1.9959334e-03
-3.3673674e+00 2.0666320e-08 6.1125634e-07 2.0432967e-03
-3.3593594e+00 2.3063190e-08 6.7329166e-07 2.1212508e-03
-3.3513514e+00 2.5711505e-08 7.4212043e-07 2.1776065e-03
-3.3433433e+00 2.8649020e-08 8.1747500e-07 2.1963439e-03
-3.3353353e+00 3.1835154e-08 8.9923377e-07 2.2181409e-03
-3.3273273e+00 3.5500529e-08 9.8976427e-07 2.2912379e-03
-3.3193193e+00 3.9321904e-08 1.0886268e-06 2.3921125e-03
-3.3113113e+00 4.3818448e-08 1.1982196e-06 2.4410363e-03
-3.3033033e+00 4.8816688e-08 1.3169456e-06 2.5006631e-03
-3.2952953e+00 5.4338237e-08 1.4465236e-06 2.5830585e-03
-3.2872873e+00 6.0467514e-08 1.5876098e-06 2.6265603e-03
-3.2792793e+00 6.7261128e-08 1.7448136e-06 2.7098198e-03
-3.2712713e+00 7.4198363e-08 1.9150011e-06 2.8334474e-03
-3.2632633e+00 8.2430386e-08 2.1005521e-06 2.9358803e-03
-3.2552553e+00 9.1384903e-08 2.3041333e-06 3.0256923e-03
-3.2472472e+00 1.0161150e-07 2.5262475e-06 3.1588291e-03
-3.2392392e+00 1.1175011e-07 2.7699757e-06 3.2718111e-03
-3.2312312e+00 1.2416665e-07 3.0366756e-06 3.3609544e-03
-3.2232232e+00 1.3795366e-07 3.3267862e-06 3.5006616e-03
-3.2152152e+00 1.5283222e-07 3.6438619e-06 3.6226307e-03
-3.2072072e+00 1.6940966e-07 3.9926759e-06 3.7413162e-03
-3.1991992e+00 1.8712224e-07 4.3764657e-06 3.8593495e-03
-3.1911912e+00 2.0735206e-07 4.7872130e-06 3.9973627e-03
-3.1831832e+00 2.2976827e-07 5.2405860e-06 4.1617580e-03
-3.1751752e+00 2.5286119e-07 5.7315563e-06 4.3195338e-03
-3.1671672e+00 2.8015989e-07 6.2704105e-06 4.4447635e-03
-3.1591592e+00 3.0991670e-07 6.8480754e-06 4.5180504e-03
-3.1511512e+00 3.4305252e-07 7.4880019e-06 4.6519941e-03
-3.1431431e+00 3.7898367e-07 8.1659317e-06 4.8779679e-03
-3.1351351e+00 4.1818156e-07 8.8967553e-06 4.9211352e-03
-3.1271271e+00 4.6082795e-07 9.7038185e-06 5.0921774e-03
-3.1191191e+00 5.0705836e-07 1.0581343e-05 5.1815725e-03
-3.1111111e+00 5.6055454e-07 1.1536591e-05 5.2676660e-03
-3.1031031e+00 6.1531853e-07 1.2555879e-05 5.4563478e-03
-3.0950951e+00 6.7741120e-07 1.3678037e-05 5.6108896e-03
-3.0870871e+00 7.4684257e-07 1.4900015e-05 5.7893795e-03
-3.0790791e+00 8.2402621e-07 1.6195554e-05 5.8988338e-03
-3.0710711e+00 9.0927303e-07 1.7616558e-05 6.0718828e-03
-3.0630631e+00 9.9525561e-07 1.9149185e-05 6.2557579e-03
-3.0550551e+00 1.0948219e-06 2.0825642e-05 6.4387110e-03
-3.0470470e+00 1.2058258e-06 2.2642704e-05 6.6344493e-03
-3.0390390e+00 1.3288950e-06 2.4621587e-05 6.7249923e-03
-3.0310310e+00 1.4626728e-06 2.6756190e-05 6.9192825e-03
-3.0230230e+00 1.6077533e-06 2.9057117e-05 7.1396049e-03
-3.0150150e+00 1.7627288e-06 3.1572115e-05 7.2769985e-03
-3.0070070e+00 1.9245948e-06 3.4241150e-05 7.5152130e-03
-2.9989990e+00 2.1163973e-06 3.7139275e-05 7.7396048e-03
-2.9909910e+00 2.3189572e-06 4.0293491e-05 7.9173321e-03
-2.9829830e+00 2.5429410e-06 4.3767671e-05 8.1519600e-03
-2.9749750e+00 2.7805669e-06 4.7472671e-05 8.4124503e-03
-2.9669670e+00 3.0491561e-06 5.1494416e-05 8.6834173e-03
-2.9589590e+00 3.3351838e-06 5.5751926e-05 8.9346000e-03
-2.9509510e+00 3.6499844e-06 6.0247099e-05 9.0436079e-03
-2.9429429e+00 3.9750147e-06 6.5255596e-05 9.3416708e-03
-2.9349349e+00 4.3487067e-06 7.0654787e-05 9.5873311e-03
-2.9269269e+00 4.7471543e-06 7.6339954e-05 9.9372369e-03
-2.9189189e+00 5.1811349e-06 8.2546762e-05 1.0199328e-02
-2.9109109e+00 5.6638410e-06 8.9126419e-05 1.0426600e-02
-2.9029029e+00 6.1843161e-06 9.6204997e-05 1.0734785e-02
-2.8948949e+00 6.7443046e-06 1.0382724e-04 1.1007198e-02
-2.8868869e+00 7.3601950e-06 1.1198465e-04 1.1173537e-02
-2.8788789e+00 8.0344002e-06 1.2083738e-04 1.1452068e-02
-2.8708709e+00 8.7654289e-06 1.3027612e-04 1.1840799e-02
-2.8628629e+00 9.5696384e-06 1.4061975e-04 1.2061618e-02
-2.8548549e+00 1.0437778e-05 1.5164508e-04 1.2346410e-02
-2.8468468e+00 1.1405185e-05 1.6341651e-04 1.2759195e-02
-2.8388388e+00 1.2431009e-05 1.7610270e-04 1.3126657e-02
-2.8308308e+00 1.3554103e-05 1.8970852e-04 1.3486074e-02
-2.8228228e+00 1.4738326e-05 2.0419456e-04 1.3875693e-02
-2.8148148e+00 1.6033707e-05 2.1977269e-04 1.4353120e-02
-2.8068068e+00 1.7429233e-05 2.3586235e-04 1.4731083e-02
-2.7987988e+00 1.8971332e-05 2.5340929e-04 1.5115403e-02
-2.7907908e+00 2.0629076e-05 2.7231334e-04 1.5483059e-02
-2.7827828e+00 2.2365729e-05 2.9235768e-04 1.5883895e-02
-2.7747748e+00 2.4297968e-05 3.1359594e-04 1.6199458e-02
-2.7667668e+00 2.6380038e-05 3.3662457e-04 1.6777120e-02
-2.7587588e+00 2.8606796e-05 3.6165997e-04 1.7281202e-02
-2.7507508e+00 3.1032031e-05 3.8818364e-04 1.7685224e-02
-2.7427427e+00 3.3645062e-05 4.1602561e-04 1.8305296e-02
-2.7347347e+00 3.6475193e-05 4.4575837e-04 1.8926425e-02
-2.7267267e+00 3.9595904e-05 4.7831888e-04 1.9351676e-02
-2.7187187e+00 4.2881792e-05 5.1258971e-04 1.9778511e-02
-2.7107107e+00 4.6472679e-05 5.4955790e-04 2.0172829e-02
-2.7027027e+00 5.0226618e-05 5.8837268e-04 2.0751735e-02
-2.6946947e+00 5.4227839e-05 6.2931868e-04 2.1405145e-02
-2.6866867e+00 5.8696529e-05 6.7370476e-04 2.1925053e-02
-2.6786787e+00 6.3561365e-05 7.2022022e-04 2.2245373e-02
-2.6706707e+00 6.8762566e-05 7.6960931e-04 2.2581037e-02
-2.6626627e+00 7.4320521e-05 8.2296729e-04 2.3035264e-02
-2.6546547e+00 8.0295275e-05 8.7991067e-04 2.3521852e-02
-2.6466466e+00 8.6707807e-05 9.3921512e-04 2.4125261e-02
-2.6386386e+00 9.3763212e-05 1.0018586e-03 2.4851756e-02
-2.6306306e+00 1.0120658e-04 1.0693181e-03 2.5569898e-02
-2.6226226e+00 1.0910017e-04 1.1415951e-03 2.6029047e-02
-2.6146146e+00 1.1804279e-04 1.2166713e-03 2.6657285e-02
-2.6066066e+00 1.2743041e-04 1.2970636e-03 2.7057351e-02
-2.5985986e+00 1.3782740e-04 1.3825141e-03 2.7836877e-02
-2.5905906e+00 1.4782798e-04 1.4743173e-03 2.8494493e-02
-2.5825826e+00 1.5868443e-04 1.5679253e-03 2.9205269e-02
-2.5745746e+00 1.7070137e-04 1.6688983e-03 2.9939117e-02
-2.5665666e+00 1.8361566e-04 1.7761047e-03 3.0569271e-02
-2.5585586e+00 1.9756042e-04 1.8895609e-03 3.1494153e-02
-2.5505506e+00 2.1239438e-04 2.0092588e-03 3.2330069e-02
-2.5425425e+00 2.2833380e-04 2.1361585e-03 3.3257418e-02
-2.5345345e+00 2.4596637e-04 2.2705060e-03 3.3943068e-02
-2.5265265e+00 2.6475416e-04 2.4123439e-03 3.4957733e-02
-2.5185185e+00 2.8454173e-04 2.5636455e-03 3.5795693e-02
-2.5105105e+00 3.0598611e-04 2.7198489e-03 3.6811557e-02
-2.5025025e+00 3.2822588e-04 2.8874653e-03 3.7601479e-02
-2.4944945e+00 3.5290860e-04 3.0619980e-03 3.8712245e-02
-2.4864865e+00 3.7852104e-04 3.2452381e-03 3.9391194e-02
-2.4784785e+00 4.0506753e-04 3.4414452e-03 4.0004099e-02
-2.4704705e+00 4.3197750e-04 3.6498587e-03 4.0951944e-02
-2.4624625e+00 4.6263533e-04 3.8692367e-03 4.2026412e-02
-2.4544545e+00 4.9687811e-04 4.0997053e-03 4.3232102e-02
-2.4464464e+00 5.3251761e-04 4.3380460e-03 4.4313244e-02
-2.4384384e+00 5.6959551e-04 4.5889305e-03 4.5719745e-02
-2.4304304e+00 6.0788241e-04 4.8551498e-03 4.6818213e-02
-2.4224224e+00 6.5058296e-04 5.1283925e-03 4.7934710e-02
-2.4144144e+00 6.9381421e-04 5.4259185e-03 4.9027775e-02
-2.4064064e+00 7.4110100e-04 5.7315009e-03 5.0679996e-02
-2.3983984e+00 7.9211554e-04 6.0583121e-03 5.1878544e-02
-2.3903904e+00 8.4690914e-04 6.4009830e-03 5.3118836e-02
-2.3823824e+00 9.0093904e-04 6.7550987e-03 5.4591655e-02
-2.3743744e+00 9.6307508e-04 7.1335328e-03 5.5955104e-02
-2.3663664e+00 1.0261060e-03 7.5196407e-03 5.7457743e-02
-2.3583584e+00 1.0977217e-03 7.9373123e-03 5.8984920e-02
-2.3503504e+00 1.1712256e-03 8.3629897e-03 6.0611733e-02
-2.3423423e+00 1.2470196e-03 8.8091652e-03 6.1947459e-02
-2.3343343e+00 1.3282370e-03 9.2825133e-03 6.3804480e-02
-2.3263263e+00 1.4150325e-03 9.7717502e-03 6.5569991e-02
-2.3183183e+00 1.5057291e-03 1.0285235e-02 6.7374916e-02
-2.3103103e+00 1.6028883e-03 1.0816364e-02 6.9208263e-02
-2.3023023e+00 1.7024096e-03 1.1372156e-02 7.0486140e-02
-2.2942943e+00 1.8144229e-03 1.1952211e-02 7.2290049e-02
-2.2862863e+00 1.9312605e-03 1.2553102e-02 7.4223729e-02
-2.2782783e+00 2.0501333e-03 1.3186517e-02 7.5616049e-02
-2.2702703e+00 2.1750291e-03 1.3839608e-02 7.7460391e-02
-2.2622623e+00 2.3092130e-03 1.4527610e-02 7.9596459e-02
-2.2542543e+00 2.4488732e-03 1.5259424e-02 8.1577199e-02
-2.2462462e+00 2.6059400e-03 1.6011185e-02 8.4019932e-02
-2.2382382e+00 2.7610998e-03 1.6807295e-02 8.6184749e-02
-2.2302302e+00 2.9255593e-03 1.7609746e-02 8.8512932e-02
-2.2222222e+00 3.1038930e-03 1.8467230e-02 9.0433713e-02
-2.2142142e+00 3.2892921e-03 1.9357599e-02 9.3107315e-02
-2.2062062e+00 3.4848230e-03 2.0275244e-02 9.5626526e-02
-2.1981982e+00 3.7033975e-03 2.1236697e-02 9.7996034e-02
-2.1901902e+00 3.9255776e-03 2.2252744e-02 1.0049648e-01
-2.1821822e+00 4.1540990e-03 2.3301551e-02 1.0321920e-01
-2.1741742e+00 4.4004718e-03 2.4407002e-02 1.0589764e-01
-2.1661662e+00 4.6467056e-03 2.5533286e-02 1.0873780e-01
-2.1581582e+00 4.9171223e-03 2.6670553e-02 1.1144988e-01
-2.1501502e+00 5.2016711e-03 2.7869416e-02 1.1388467e-01
-2.1421421e+00 5.4870405e-03 2.9139791e-02 1.1697292e-01
-2.1341341e+00 5.8069660e-03 3.0448708e-02 1.1989925e-01
-2.1261261e+00 6.1231414e-03 3.1837198e-02 1.2328094e-01
-2.1181181e+00 6.4383205e-03 3.3186705e-02 1.2637612e-01
-2.1101101e+00 6.8054312e-03 3.4622723e-02 1.2955278e-01
-2.1021021e+00 7.1744817e-03 3.6092096e-02 1.3306721e-01
-2.0940941e+00 7.5805844e-03 3.7621584e-02 1.3652719e-01
-2.0860861e+00 7.9737671e-03 3.9218044e-02 1.4030100e-01
-2.0780781e+00 8.3927989e-03 4.0874129e-02 1.4375970e-01
-2.0700701e+00 8.8563249e-03 4.2621860e-02 1.4752890e-01
-2.0620621e+00 9.3098586e-03 4.4356851e-02 1.5130992e-01
-2.0540541e+00 9.8202611e-03 4.6170031e-02 1.5549394e-01
-2.0460460e+00 1.0339960e-02 4.8059519e-02 1.5889467e-01
-2.0380380e+00 1.0866576e-02 5.0013793e-02 1.6267813e-01
-2.0300300e+00 1.1451374e-02 5.2009961e-02 1.6606889e-01
-2.0220220e+00 1.2053198e-02 5.3992527e-02 1.7035787e-01
-2.0140140e+00 1.2678935e-02 5.6105905e-02 1.7444391e-01
-2.0060060e+00 1.3338097e-02 5.8256003e-02 1.7861138e-01
-1.9979980e+00 1.4012192e-02 6.0495433e-02 1.8257751e-01
-1.9899900e+00 1.4681113e-02 6.2785382e-02 1.8638798e-01
-1.9819820e+00 1.5450165e-02 6.5133346e-02 1.9071488e-01
-1.9739740e+00 1.6221886e-02 6.7555582e-02 1.9493986e-01
-1.9659660e+00 1.7003680e-02 7.0013035e-02 1.9939625e-01
-1.9579580e+00 1.7837682e-02 7.2575608e-02 2.0397032e-01
-1.9499499e+00 1.8684836e-02 7.5256463e-02 2.0775601e-01
-1.9419419e+00 1.9529893e-02 7.7847713e-02 2.1159189e-01
-1.9339339e+00 2.0414020e-02 8.0647194e-02 2.1566268e-01
-1.9259259e+00 2.1409004e-02 8.3380696e-02 2.2029379e-01
-1.9179179e+00 2.2431163e-02 8.6314537e-02 2.2499037e-01
-1.9099099e+00 2.3406402e-02 8.9345487e-02 2.2957849e-01
-1.9019019e+00 2.4479681e-02 9.2450395e-02 2.3353507e-01
-1.8938939e+00 2.5577367e-02 9.5637879e-02 2.3787809e-01
-1.8858859e+00 2.6818365e-02 9.8944862e-02 2.4254919e-01
-1.8778779e+00 2.8028019e-02 1.0223412e-01 2.4706955e-01
-1.8698699e+00 2.9264193e-02 1.0557976e-01 2.5163738e-01
-1.8618619e+00 3.0439482e-02 1.0911801e-01 2.5672184e-01
-1.8538539e+00 3.1814224e-02 1.1262802e-01 2.6190260e-01
-1.8458458e+00 3.3245730e-02 1.1620809e-01 2.6745221e-01
-1.8378378e+00 3.4685633e-02 1.1985034e-01 2.7286259e-01
-1.8298298e+00 3.6169709e-02 1.2371065e-01 2.7861528e-01
-1.8218218e+00 3.7693670e-02 1.2745257e-01 2.8505593e-01
-1.8138138e+00 3.9349117e-02 1.3129216e-01 2.9098161e-01
-1.8058058e+00 4.0957653e-02 1.3546391e-01 2.9703840e-01
-1.7977978e+00 4.2657810e-02 1.3953268e-01 3.0304513e-01
-1.7897898e+00 4.4473604e-02 1.4371691e-01 3.0895016e-01
-1.7817818e+00 4.6338800e-02 1.4801892e-01 3.1515418e-01
-1.7737738e+00 4.8210943e-02 1.5240214e-01 3.2141936e-01
-1.7657658e+00 5.0254539e-02 1.5683303e-01 3.2819862e-01
-1.7577578e+00 5.2288398e-02 1.6128984e-01 3.3510915e-01
-1.7497497e+00 5.4362745e-02 1.6585834e-01 3.4189657e-01
-1.7417417e+00 5.6524785e-02 1.7052941e-01 3.4909430e-01
-1.7337337e+00 5.8817976e-02 1.7534427e-01 3.5625739e-01
-1.7257257e+00 6.1136279e-02 1.7996885e-01 3.6344068e-01
-1.7177177e+00 6.3508034e-02 1.8443039e-01 3.7086373e-01
-1.7097097e+00 6.5741567e-02 1.8929328e-01 3.7799318e-01
-1.7017017e+00 6.8181890e-02 1.9411540e-01 3.8568873e-01
-1.6936937e+00 7.0724654e-02 1.9892062e-01 3.9346367e-01
-1.6856857e+00 7.3449562e-02 2.0398345e-01 4.0103585e-01
-1.6776777e+00 7.6327331e-02 2.0918571e-01 4.0865749e-01
-1.6696697e+00 7.8997377e-02 2.1431794e-01 4.1631084e-01
-1.6616617e+00 8.1932399e-02 2.1965091e-01 4.2370162e-01
-1.6536537e+00 8.4811823e-02 2.2498197e-01 4.3172933e-01
-1.6456456e+00 8.7658959e-02 2.3033716e-01 4.3971917e-01
-1.6376376e+00 9.0670648e-02 2.3562429e-01 4.4748060e-01
-1.6296296e+00 9.3681405e-02 2.4092604e-01 4.5481153e-01
-1.6216216e+00 9.6793265e-02 2.4634291e-01 4.6296255e-01
-1.6136136e+00 1.0007914e-01 2.5190505e-01 4.7084686e-01
-1.6056056e+00 1.0350700e-01 2.5748111e-01 4.7876370e-01
-1.5975976e+00 1.0692841e-01 2.6311125e-01 4.8731027e-01
-1.5895896e+00 1.1058946e-01 2.6899924e-01 4.9562458e-01
-1.5815816e+00 1.1413007e-01 2.7504122e-01 5.0426388e-01
-1.5735736e+00 1.1770595e-01 2.8094857e-01 5.1239370e-01
-1.5655656e+00 1.2111561e-01 2.8711170e-01 5.2072609e-01
-1.5575576e+00 1.2482458e-01 2.9350419e-01 5.2954325e-01
-1.5495495e+00 1.2864825e-01 2.9991656e-01 5.3794592e-01
-1.5415415e+00 1.3266860e-01 3.0629458e-01 5.4652030e-01
-1.5335335e+00 1.3675178e-01 3.1257399e-01 5.5544718e-01
-1.5255255e+00 1.4067342e-01 3.1903375e-01 5.6465720e-01
-1.5175175e+00 1.4480216e-01 3.2573010e-01 5.7267515e-01
-1.5095095e+00 1.4899911e-01 3.3227034e-01 5.8117655e-01
-1.5015015e+00 1.5344286e-01 3.3889195e-01 5.9021898e-01
-1.4934935e+00 1.5775575e-01 3.4556582e-01 5.9950322e-01
-1.4854855e+00 1.6232417e-01 3.5239319e-01 6.0798731e-01
-1.4774775e+00 1.6674342e-01 3.5930773e-01 6.1716418e-01
-1.4694695e+00 1.7168758e-01 3.6603570e-01 6.2638655e-01
-1.4614615e+00 1.7625257e-01 3.7301535e-01 6.3577662e-01
-1.4534535e+00 1.8095017e-01 3.8023727e-01 6.4455642e-01
-1.4454454e+00 1.8548327e-01 3.8747740e-01 6.5345859e-01
-1.4374374e+00 1.9047154e-01 3.9416449e-01 6.6191624e-01
-1.4294294e+00 1.9492810e-01 4.0106961e-01 6.7137764e-01
-1.4214214e+00 1.9961320e-01 4.0794970e-01 6.7981260e-01
-1.4134134e+00 2.0429856e-01 4.1512818e-01 6.8812932e-01
-1.4054054e+00 2.0915177e-01 4.2250406e-01 6.9715036e-01
-1.3973974e+00 2.1353359e-01 4.2961248e-01 7.0586032e-01
-1.3893894e+00 2.1836679e-01 4.3705503e-01 7.1443862e-01
-1.3813814e+00 2.2335872e-01 4.4395134e-01 7.2263320e-01
-1.3733734e+00 2.2827310e-01 4.5130077e-01 7.3109246e-01
-1.3653654e+00 2.3291197e-01 4.5793926e-01 7.3989474e-01
-1.3573574e+00 2.3781684e-01 4.6486468e-01 7.4775066e-01
-1.3493493e+00 2.4212016e-01 4.7174181e-01 7.5643439e-01
-1.3413413e+00 2.4660493e-01 4.7878733e-01 7.6491500e-01
-1.3333333e+00 2.5160122e-01 4.8589428e-01 7.7287602e-01
-1.3253253e+00 2.5623903e-01 4.9265460e-01 7.8051107e-01
-1.3173173e+00 2.6124195e-01 4.9924449e-01 7.8874508e-01
-1.3093093e+00 2.6606020e-01 5.0606395e-01 7.9669014e-01
-1.3013013e+00 2.7135202e-01 5.1279634e-01 8.0526928e-01
-1.2932933e+00 2.7649557e-01 5.1973665e-01 8.1336821e-01
-1.2852853e+00 2.8159037e-01 5.2643089e-01 8.2172223e-01
-1.2772773e+00 2.8661388e-01 5.3342034e-01 8.3012926e-01
-1.2692693e+00 2.9173623e-01 5.4075707e-01 8.3836063e-01
-1.2612613e+00 2.9672291e-01 5.4758220e-01 8.4690060e-01
-1.2532533e+00 3.0190783e-01 5.5454120e-01 8.5495279e-01
-1.2452452e+00 3.0751039e-01 5.6127494e-01 8.6292224e-01
-1.2372372e+00 3.1290165e-01 5.6787257e-01 8.7043065e-01
-1.2292292e+00 3.1867936e-01 5.7519741e-01 8.7875762e-01
-1.2212212e+00 3.2437431e-01 5.8188860e-01 8.8658707e-01
-1.2132132e+00 3.2988548e-01 5.8881714e-01 8.9457635e-01
-1.2052052e+00 3.3596977e-01 5.9577701e-01 9.0213937e-01
-1.1971972e+00 3.4133373e-01 6.0304440e-01 9.0962525e-01
-1.1891892e+00 3.4680736e-01 6.1011897e-01 9.1733662e-01
-1.1811812e+00 3.5221153e-01 6.1728462e-01 9.2444955e-01
-1.1731732e+00 3.5780154e-01 6.2440346e-01 9.3170866e-01
-1.1651652e+00 3.6417896e-01 6.3121533e-01 9.3870858e-01
-1.1571572e+00 3.7042682e-01 6.3823774e-01 9.4460442e-01
-1.1491491e+00 3.7581494e-01 6.4504476e-01 9.5172308e-01
-1.1411411e+00 3.8189583e-01 6.5168445e-01 9.5767378e-01
-1.1331331e+00 3.8805333e-01 6.5786131e-01 9.6419091e-01
-1.1251251e+00 3.9376216e-01 6.6453465e-01 9.7071707e-01
-1.1171171e+00 3.9962809e-01 6.7076080e-01 9.7756848e-01
-1.1091091e+00 4.0527007e-01 6.7694808e-01 9.8388445e-01
-1.1011011e+00 4.1110891e-01 6.8308075e-01 9.9107107e-01
-1.0930931e+00 4.1713009e-01 6.8889676e-01 9.9777667e-01
-1.0850851e+00 4.2246541e-01 6.9471551e-01 1.0047175e+00
-1.0770771e+00 4.2806268e-01 7.0072849e-01 1.0113888e+00
-1.0690691e+00 4.3400961e-01 7.0662721e-01 1.0173298e+00
-1.0610611e+00 4.3937853e-01 7.1303468e-01 1.0238361e+00
-1.0530531e+00 4.4429427e-01 7.1878753e-01 1.0304156e+00
-1.0450450e+00 4.4991402e-01 7.2486108e-01 1.0362836e+00
-1.0370370e+00 4.5539698e-01 7.3046030e-01 1.0421592e+00
-1.0290290e+00 4.6017047e-01 7.3652430e-01 1.0473803e+00
-1.0210210e+00 4.6495294e-01 7.4267174e-01 1.0531509e+00
-1.0130130e+00 4.6947240e-01 7.4828120e-01 1.0586358e+00
-1.0050050e+00 4.7451914e-01 7.5409369e-01 1.0638113e+00
-9.9699700e-01 4.7887770e-01 7.5958785e-01 1.0695187e+00
-9.8898899e-01 4.8337846e-01 7.6470386e-01 1.0740300e+00
-9.8098098e-01 4.8762664e-01 7.7033241e-01 1.0790141e+00
-9.7297297e-01 4.9245763e-01 7.7555598e-01 1.0844006e+00
-9.6496496e-01 4.9751209e-01 7.8010583e-01 1.0895641e+00
-9.5695696e-01 5.0293655e-01 7.8488833e-01 1.0943819e+00
-9.4894895e-01 5.0802618e-01 7.9015233e-01 1.0991799e+00
-9.4094094e-01 5.1321729e-01 7.9544441e-01 1.1032446e+00
-9.3293293e-01 5.1793891e-01 8.0017501e-01 1.1084886e+00
-9.2492492e-01 5.2333062e-01 8.0557952e-01 1.1128971e+00
-9.1691692e-01 5.2758860e-01 8.1064968e-01 1.1178761e+00
-9.0890891e-01 5.3227054e-01 8.1488316e-01 1.1222955e+00
-9.0090090e-01 5.3739500e-01 8.1987218e-01 1.1264184e+00
-8.9289289e-01 5.4215419e-01 8.2397381e-01 1.1311932e+00
-8.8488488e-01 5.4702021e-01 8.2894853e-01 1.1354176e+00
-8.7687688e-01 5.5140257e-01 8.3389081e-01 1.1395833e+00
-8.6886887e-01 5.5543627e-01 8.3835758e-01 1.1438764e+00
-8.6086086e-01 5.5999713e-01 8.4283235e-01 1.1477166e+00
-8.5285285e-01 5.6405972e-01 8.4670418e-01 1.1518587e+00
-8.4484484e-01 5.6838816e-01 8.5077711e-01 1.1562259e+00
-8.3683684e-01 5.7253115e-01 8.5451011e-01 1.1603210e+00
-8.2882883e-01 5.7696211e-01 8.5873890e-01 1.1639529e+00
-8.2082082e-01 5.8142316e-01 8.6225961e-01 1.1676944e+00
-8.1281281e-01 5.8518327e-01 8.6615528e-01 1.1717921e+00
-8.0480480e-01 5.8846994e-01 8.6964817e-01 1.1753564e+00
-7.9679680e-01 5.9233177e-01 8.7324723e-01 1.1782269e+00
-7.8878879e-01 5.9600763e-01 8.7657178e-01 1.1813538e+00
-7.8078078e-01 5.9971791e-01 8.7948060e-01 1.1844647e+00
-7.7277277e-01 6.0349361e-01 8.8347010e-01 1.1877012e+00
-7.6476476e-01 6.0739962e-01 8.8668350e-01 1.1908284e+00
-7.5675676e-01 6.1143146e-01 8.9009605e-01 1.1939870e+00
-7.4874875e-01 6.1466883e-01 8.9295296e-01 1.1975162e+00
-7.4074074e-01 6.1812402e-01 8.9625685e-01 1.2004156e+00
-7.3273273e-01 6.2120290e-01 8.9951206e-01 1.2027987e+00
-7.2472472e-01 6.2447548e-01 9.0283160e-01 1.2054488e+00
-7.1671672e-01 6.2742247e-01 9.0562432e-01 1.2080959e+00
-7.0870871e-01 6.3025013e-01 9.0817081e-01 1.2108773e+00
-7.0070070e-01 6.3337476e-01 9.1123145e-01 1.2138373e+00
-6.9269269e-01 6.3603100e-01 9.1402020e-01 1.2158980e+00
-6.8468468e-01 6.3894071e-01 9.1719537e-01 1.2176337e+00
-6.7667668e-01 6.4148807e-01 9.1970671e-01 1.2200850e+00
-6.6866867e-01 6.4501576e-01 9.2217516e-01 1.2225355e+00
-6.6066066e-01 6.4765861e-01 9.2452553e-01 1.2236401e+00
-6.5265265e-01 6.5041907e-01 9.2706565e-01 1.2261493e+00
-6.4464464e-01 6.5277681e-01 9.2979791e-01 1.2280685e+00
-6.3663664e-01 6.5535095e-01 9.3222126e-01 1.2300469e+00
-6.2862863e-01 6.5733405e-01 9.3420609e-01 1.2318316e+00
-6.2062062e-01 6.5969967e-01 9.3651180e-01 1.2336251e+00
-6.1261261e-01 6.6249280e-01 9.3893445e-01 1.2349846e+00
-6.0460460e-01 6.6441925e-01 9.4093319e-01 1.2365445e+00
-5.9659660e-01 6.6682552e-01 9.4275392e-01 1.2382063e+00
-5.8858859e-01 6.6890456e-01 9.4505454e-01 1.2395959e+00
-5.8058058e-01 6.7101094e-01 9.4700901e-01 1.2413487e+00
-5.7257257e-01 6.7386845e-01 9.4851913e-01 1.2420806e+00
-5.6456456e-01 6.7602023e-01 9.4993014e-01 1.2436234e+00
-5.5655656e-01 6.7763008e-01 9.5136891e-01 1.2447483e+00
-5.4854855e-01 6.7917202e-01 9.5274318e-01 1.2460349e+00
-5.4054054e-01 6.8142070e-01 9.5465473e-01 1.2472893e+00
-5.3253253e-01 6.8362805e-01 9.5615832e-01 1.2483784e+00
-5.2452452e-01 6.8542135e-01 9.5760381e-01 1.2494265e+00
-5.1651652e-01 6.8744897e-01 9.5931918e-01 1.2503999e+00
-5.0850851e-01 6.8932098e-01 9.6070506e-01 1.2525582e+00
-5.0050050e-01 6.9175137e-01 9.6215764e-01 1.2537599e+00
-4.9249249e-01 6.9348846e-01 9.6450244e-01 1.2540696e+00
-4.8448448e-01 6.9486596e-01 9.6569458e-01 1.2548262e+00
-4.7647648e-01 6.9639991e-01 9.6638277e-01 1.2559403e+00
-4.6846847e-01 6.9742827e-01 9.6796931e-01 1.2563414e+00
-4.6046046e-01 6.9879373e-01 9.6981861e-01 1.2567197e+00
-4.5245245e-01 7.0124770e-01 9.7159327e-01 1.2574027e+00
-4.4444444e-01 7.0238503e-01 9.7337318e-01 1.2576393e+00
-4.3643644e-01 7.0393894e-01 9.7545539e-01 1.2582793e+00
-4.2842843e-01 7.0546127e-01 9.7658783e-01 1.2587893e+00
-4.2042042e-01 7.0769543e-01 9.7804822e-01 1.2591138e+00
-4.1241241e-01 7.0902145e-01 9.7898185e-01 1.2589956e+00
-4.0440440e-01 7.1065251e-01 9.7990579e-01 1.2596348e+00
-3.9639640e-01 7.1183026e-01 9.8108630e-01 1.2605417e+00
-3.8838839e-01 7.1407935e-01 9.8215020e-01 1.2613685e+00
-3.8038038e-01 7.1547408e-01 9.8278827e-01 1.2625500e+00
-3.7237237e-01 7.1636482e-01 9.8344281e-01 1.2626584e+00
-3.6436436e-01 7.1744132e-01 9.8471019e-01 1.2630582e+00
-3.5635636e-01 7.1889238e-01 9.8583203e-01 1.2628078e+00
-3.4834835e-01 7.1991495e-01 9.8696511e-01 1.2626148e+00
-3.4034034e-01 7.2102264e-01 9.8817530e-01 1.2627966e+00
-3.3233233e-01 7.2242560e-01 9.8864217e-01 1.2637046e+00
-3.2432432e-01 7.2382125e-01 9.8927655e-01 1.2638330e+00
-3.1631632e-01 7.2446503e-01 9.9004074e-01 1.2633297e+00
-3.0830831e-01 7.2522249e-01 9.9057508e-01 1.2636899e+00
-3.0030030e-01 7.2616035e-01 9.9124848e-01 1.2642235e+00
-2.9229229e-01 7.2744376e-01 9.9250187e-01 1.2639083e+00
-2.8428428e-01 7.2873336e-01 9.9307203e-01 1.2643965e+00
-2.7627628e-01 7.2962530e-01 9.9343434e-01 1.2640512e+00
-2.6826827e-01 7.2934336e-01 9.9401715e-01 1.2641111e+00
-2.6026026e-01 7.3023957e-01 9.9478685e-01 1.2648437e+00
-2.5225225e-01 7.3071026e-01 9.9541512e-01 1.2654333e+00
-2.4424424e-01 7.3108005e-01 9.9581167e-01 1.2658003e+00
-2.3623624e-01 7.3176204e-01 9.9692372e-01 1.2655469e+00
-2.2822823e-01 7.3261701e-01 9.9726836e-01 1.2655038e+00
-2.2022022e-01 7.3289678e-01 9.9829972e-01 1.2662285e+00
-2.1221221e-01 7.3307100e-01 9.9839347e-01 1.2666308e+00
-2.0420420e-01 7.3285443e-01 9.9846310e-01 1.2670820e+00
-1.9619620e-01 7.3352758e-01 9.9875214e-01 1.2666268e+00
-1.8818819e-01 7.3351922e-01 9.9854323e-01 1.2676389e+00
-1.8018018e-01 7.3396172e-01 9.9874848e-01 1.2676857e+00
-1.7217217e-01 7.3365497e-01 9.9939820e-01 1.2678064e+00
-1.6416416e-01 7.3349827e-01 9.9976834e-01 1.2680218e+00
-1.5615616e-01 7.3334798e-01 9.9971834e-01 1.2684635e+00
-1.4814815e-01 7.3335954e-01 9.9970810e-01 1.2686601e+00
-1.4014014e-01 7.3253347e-01 9.9995887e-01 1.2688044e+00
-1.3213213e-01 7.3112328e-01 1.0000000e+00 1.2691430e+00
-1.2412412e-01 7.2972706e-01 9.9978102e-01 1.2696157e+00
-1.1611612e-01 7.2856061e-01 9.9918015e-01 1.2697120e+00
-1.0810811e-01 7.2744997e-01 9.9901172e-01 1.2699563e+00
-1.0010010e-01 7.2707849e-01 9.9894709e-01 1.2698271e+00
-9.2092092e-02 7.2575875e-01 9.9867870e-01 1.2704434e+00
-8.4084084e-02 7.2544033e-01 9.9834412e-01 1.2702081e+00
-7.6076076e-02 7.2398944e-01 9.9800268e-01 1.2704326e+00
-6.8068068e-02 7.2334641e-01 9.9719565e-01 1.2706173e+00
-6.0060060e-02 7.2246891e-01 9.9609989e-01 1.2715167e+00
-5.2052052e-02 7.2177135e-01 9.9553678e-01 1.2722038e+00
-4.4044044e-02 7.2034202e-01 9.9479501e-01 1.2734325e+00
-3.6036036e-02 7.1829583e-01 9.9349158e-01 1.2737309e+00
-2.8028028e-02 7.1561286e-01 9.9227066e-01 1.2746025e+00
-2.0020020e-02 7.1395648e-01 9.9109647e-01 1.2747305e+00
-1.2012012e-02 7.1170453e-01 9.9006967e-01 1.2748127e+00
-4.0040040e-03 7.0931844e-01 9.8905309e-01 1.2741629e+00
4.0040040e-03 7.0745871e-01 9.8799983e-01 1.2737927e+00
1.2012012e-02 7.0521168e-01 9.8733109e-01 1.2737020e+00
2.0020020e-02 7.0333963e-01 9.8591651e-01 1.2729051e+00
2.8028028e-02 7.0138222e-01 9.8413098e-01 1.2729150e+00
3.6036036e-02 6.9880722e-01 9.8257978e-01 1.2722148e+00
4.4044044e-02 6.9762062e-01 9.8132943e-01 1.2711225e+00
5.2052052e-02 6.9518743e-01 9.7936534e-01 1.2707619e+00
6.0060060e-02 6.9286744e-01 9.7737322e-01 1.2696072e+00
6.8068068e-02 6.9009864e-01 9.7488450e-01 1.2686944e+00
7.6076076e-02 6.8786309e-01 9.7340722e-01 1.2676305e+00
8.4084084e-02 6.8494315e-01 9.7156750e-01 1.2668978e+00
9.2092092e-02 6.8209978e-01 9.6909230e-01 1.2659346e+00
1.0010010e-01 6.7856495e-01 9.6635948e-01 1.2648933e+00
1.0810811e-01 6.7544006e-01 9.6341424e-01 1.2637449e+00
1.1611612e-01 6.7268146e-01 9.6081346e-01 1.2628155e+00
1.2412412e-01 6.6881604e-01 9.5867707e-01 1.2612160e+00
1.3213213e-01 6.6553880e-01 9.5603531e-01 1.2593148e+00
1.4014014e-01 6.6230373e-01 9.5344036e-01 1.2573835e+00
1.4814815e-01 6.5893538e-01 9.5082124e-01 1.2552705e+00
1.5615616e-01 6.5575010e-01 9.4756905e-01 1.2526064e+00
1.6416416e-01 6.5191694e-01 9.4488524e-01 1.2500153e+00
1.7217217e-01 6.4828433e-01 9.4170732e-01 1.2479756e+00
1.8018018e-01 6.4466839e-01 9.3805235e-01 1.2453417e+00
1.8818819e-01 6.3989030e-01 9.3460265e-01 1.2432745e+00
1.9619620e-01 6.3599776e-01 9.3160555e-01 1.2403810e+00
2.0420420e-01 6.3240322e-01 9.2798987e-01 1.2368587e+00
2.1221221e-01 6.2803589e-01 9.2420557e-01 1.2333929e+00
2.2022022e-01 6.2383083e-01 9.2078746e-01 1.2290477e+00
2.2822823e-01 6.1931239e-01 9.1703632e-01 1.2248859e+00
2.3623624e-01 6.1547501e-01 9.1327786e-01 1.2208533e+00
2.4424424e-01 6.1141042e-01 9.0901494e-01 1.2167710e+00
2.5225225e-01 6.0720485e-01 9.0479765e-01 1.2121978e+00
2.6026026e-01 6.0261547e-01 9.0033791e-01 1.2077678e+00
2.6826827e-01 5.9848000e-01 8.9603976e-01 1.2038798e+00
2.7627628e-01 5.9402958e-01 8.9160229e-01 1.1995825e+00
2.8428428e-01 5.8898904e-01 8.8689157e-01 1.1951860e+00
2.9229229e-01 5.8357688e-01 8.8215428e-01 1.1896365e+00
3.0030030e-01 5.7869678e-01 8.7743505e-01 1.1847294e+00
3.0830831e-01 5.7407176e-01 8.7273732e-01 1.1798000e+00
3.1631632e-01 5.6922373e-01 8.6740385e-01 1.1751930e+00
3.2432432e-01 5.6395273e-01 8.6214385e-01 1.1700896e+00
3.3233233e-01 5.5819669e-01 8.5667565e-01 1.1648401e+00
3.4034034e-01 5.5338799e-01 8.5075668e-01 1.1599399e+00
3.4834835e-01 5.4778642e-01 8.4525812e-01 1.1545337e+00
3.5635636e-01 5.4289928e-01 8.3946713e-01 1.1483083e+00
3.6436436e-01 5.3716700e-01 8.3370537e-01 1.1426359e+00
3.7237237e-01 5.3142862e-01 8.2750492e-01 1.1375114e+00
3.8038038e-01 5.2564775e-01 8.2123559e-01 1.1318562e+00
3.8838839e-01 5.1970453e-01 8.1499748e-01 1.1250021e+00
3.9639640e-01 5.1396814e-01 8.0816837e-01 1.1183778e+00
4.0440440e-01 5.0856829e-01 8.0153771e-01 1.1122913e+00
4.1241241e-01 5.0366379e-01 7.9472996e-01 1.1056091e+00
4.2042042e-01 4.9855255e-01 7.8836588e-01 1.0984381e+00
4.2842843e-01 4.9332138e-01 7.8126935e-01 1.0913461e+00
4.3643644e-01 4.8773833e-01 7.7449477e-01 1.0840108e+00
4.4444444e-01 4.8215430e-01 7.6763364e-01 1.0763970e+00
4.5245245e-01 4.7701694e-01 7.6095028e-01 1.0692819e+00
4.6046046e-01 4.7137380e-01 7.5385042e-01 1.0610815e+00
4.6846847e-01 4.6595913e-01 7.4683595e-01 1.0528709e+00
4.7647648e-01 4.6047351e-01 7.3951182e-01 1.0441981e+00
4.8448448e-01 4.5510828e-01 7.3257107e-01 1.0365635e+00
4.9249249e-01 4.4961274e-01 7.2546685e-01 1.0287297e+00
5.0050050e-01 4.4401142e-01 7.1810973e-01 1.0196276e+00
5.0850851e-01 4.3841544e-01 7.1079405e-01 1.0115362e+00
5.1651652e-01 4.3232038e-01 7.0309234e-01 1.0024716e+00
5.2452452e-01 4.2626565e-01 6.9555139e-01 9.9331381e-01
5.3253253e-01 4.2001809e-01 6.8808395e-01 9.8432795e-01
5.4054054e-01 4.1417004e-01 6.8097229e-01 9.7571465e-01
5.4854855e-01 4.0789685e-01 6.7358191e-01 9.6740161e-01
5.5655656e-01 4.0176719e-01 6.6635993e-01 9.5813527e-01
5.6456456e-01 3.9540645e-01 6.5894219e-01 9.4952647e-01
5.7257257e-01 3.8972769e-01 6.5095659e-01 9.4033154e-01
5.8058058e-01 3.8328845e-01 6.4350401e-01 9.3132411e-01
5.8858859e-01 3.7699738e-01 6.3560459e-01 9.2237972e-01
5.9659660e-01 3.7041824e-01 6.2734129e-01 9.1321951e-01
6.0460460e-01 3.6409965e-01 6.1904752e-01 9.0398336e-01
6.1261261e-01 3.5748928e-01 6.1087884e-01 8.9423631e-01
6.2062062e-01 3.5112756e-01 6.0237783e-01 8.8475131e-01
6.2862863e-01 3.4476762e-01 5.9404369e-01 8.7588774e-01
6.3663664e-01 3.3788790e-01 5.8569669e-01 8.6639192e-01
6.4464464e-01 3.3135580e-01 5.7744027e-01 8.5639303e-01
6.5265265e-01 3.2491247e-01 5.6912279e-01 8.4704073e-01
6.6066066e-01 3.1815204e-01 5.6062491e-01 8.3747251e-01
6.6866867e-01 3.1205266e-01 5.5216398e-01 8.2725237e-01
6.7667668e-01 3.0556385e-01 5.4378922e-01 8.1771851e-01
6.8468468e-01 2.9939924e-01 5.3539958e-01 8.0777661e-01
6.9269269e-01 2.9319307e-01 5.2676692e-01 7.9761978e-01
7.0070070e-01 2.8687731e-01 5.1868707e-01 7.8754944e-01
7.0870871e-01 2.8067085e-01 5.1071334e-01 7.7747681e-01
7.1671672e-01 2.7460802e-01 5.0219882e-01 7.6673236e-01
7.2472472e-01 2.6894594e-01 4.9410168e-01 7.5626919e-01
7.3273273e-01 2.6295220e-01 4.8612649e-01 7.4619036e-01
7.4074074e-01 2.5700054e-01 4.7825043e-01 7.3625377e-01
7.4874875e-01 2.5158985e-01 4.7015739e-01 7.2619782e-01
7.5675676e-01 2.4609030e-01 4.6180512e-01 7.1645393e-01
7.6476476e-01 2.4071227e-01 4.5393337e-01 7.0606037e-01
7.7277277e-01 2.3566014e-01 4.4546816e-01 6.9634509e-01
7.8078078e-01 2.3026034e-01 4.3739103e-01 6.8658468e-01
7.8878879e-01 2.2474925e-01 4.2932667e-01 6.7630818e-01
7.9679680e-01 2.1943031e-01 4.2134141e-01 6.6576168e-01
8.0480480e-01 2.1365682e-01 4.1313957e-01 6.5612874e-01
8.1281281e-01 2.0821342e-01 4.0495581e-01 6.4560010e-01
8.2082082e-01 2.0268103e-01 3.9711665e-01 6.3555746e-01
8.2882883e-01 1.9726062e-01 3.8878691e-01 6.2571349e-01
8.3683684e-01 1.9202879e-01 3.8087642e-01 6.1558910e-01
8.4484484e-01 1.8641654e-01 3.7302624e-01 6.0606059e-01
8.5285285e-01 1.8134338e-01 3.6523129e-01 5.9646883e-01
8.6086086e-01 1.7605568e-01 3.5758972e-01 5.8643639e-01
8.6886887e-01 1.7082140e-01 3.4993849e-01 5.7651767e-01
8.7687688e-01 1.6561171e-01 3.4275760e-01 5.6665740e-01
8.8488488e-01 1.6059094e-01 3.3552713e-01 5.5708490e-01
8.9289289e-01 1.5560066e-01 3.2798218e-01 5.4698136e-01
9.0090090e-01 1.5071804e-01 3.2079804e-01 5.3759159e-01
9.0890891e-01 1.4586520e-01 3.1353182e-01 5.2797030e-01
9.1691692e-01 1.4119668e-01 3.0652491e-01 5.1869942e-01
9.2492492e-01 1.3651072e-01 2.9964689e-01 5.0888529e-01
9.3293293e-01 1.3197277e-01 2.9291005e-01 5.0001066e-01
9.4094094e-01 1.2751812e-01 2.8626470e-01 4.9122704e-01
9.4894895e-01 1.2315899e-01 2.7983826e-01 4.8209602e-01
9.5695696e-01 1.1901246e-01 2.7322447e-01 4.7316157e-01
9.6496496e-01 1.1490369e-01 2.6657825e-01 4.6407394e-01
9.7297297e-01 1.1088172e-01 2.6017316e-01 4.5531470e-01
9.8098098e-01 1.0692305e-01 2.5399197e-01 4.4691769e-01
9.8898899e-01 1.0303547e-01 2.4797482e-01 4.3814695e-01
9.9699700e-01 9.9342947e-02 2.4205306e-01 4.2967546e-01
1.0050050e+00 9.5865693e-02 2.3605096e-01 4.2101986e-01
1.0130130e+00 9.2356048e-02 2.3028157e-01 4.1250725e-01
1.0210210e+00 8.8892065e-02 2.2444310e-01 4.0380295e-01
1.0290290e+00 8.5459728e-02 2.1887422e-01 3.9532212e-01
1.0370370e+00 8.2256001e-02 2.1319787e-01 3.8699887e-01
1.0450450e+00 7.9207263e-02 2.0749882e-01 3.7864785e-01
1.0530531e+00 7.6150520e-02 2.0199823e-01 3.7053177e-01
1.0610611e+00 7.3249510e-02 1.9661696e-01 3.6239349e-01
1.0690691e+00 7.0414064e-02 1.9122159e-01 3.5429502e-01
1.0770771e+00 6.7699574e-02 1.8613911e-01 3.4594907e-01
1.0850851e+00 6.5089183e-02 1.8103277e-01 3.3794494e-01
1.0930931e+00 6.2492348e-02 1.7619107e-01 3.3014082e-01
1.1011011e+00 5.9964976e-02 1.7116539e-01 3.2220445e-01
1.1091091e+00 5.7487572e-02 1.6620407e-01 3.1430800e-01
1.1171171e+00 5.5124165e-02 1.6139994e-01 3.0640275e-01
1.1251251e+00 5.2799742e-02 1.5663061e-01 2.9921101e-01
1.1331331e+00 5.0610519e-02 1.5216317e-01 2.9191058e-01
1.1411411e+00 4.8484194e-02 1.4758248e-01 2.8485070e-01
1.1491491e+00 4.6485811e-02 1.4308694e-01 2.7746606e-01
1.1571572e+00 4.4459637e-02 1.3879679e-01 2.7061464e-01
1.1651652e+00 4.2551291e-02 1.3459306e-01 2.6383343e-01
1.1731732e+00 4.0700805e-02 1.3036358e-01 2.5706765e-01
1.1811812e+00 3.8920900e-02 1.2617611e-01 2.5042773e-01
1.1891892e+00 3.7199538e-02 1.2228607e-01 2.4409124e-01
1.1971972e+00 3.5537452e-02 1.1833616e-01 2.3772185e-01
1.2052052e+00 3.3954668e-02 1.1450425e-01 2.3140584e-01
1.2132132e+00 3.2400529e-02 1.1076243e-01 2.2514541e-01
1.2212212e+00 3.0915037e-02 1.0716576e-01 2.1885325e-01
1.2292292e+00 2.9483445e-02 1.0359338e-01 2.1265281e-01
1.2372372e+00 2.8140196e-02 9.9968985e-02 2.0655009e-01
1.2452452e+00 2.6863843e-02 9.6624687e-02 2.0054553e-01
1.2532533e+00 2.5584929e-02 9.3313732e-02 1.9482449e-01
1.2612613e+00 2.4365588e-02 9.0080078e-02 1.8905394e-01
1.2692693e+00 2.3200884e-02 8.6881768e-02 1.8329992e-01
1.2772773e+00 2.2074305e-02 8.3849008e-02 1.7761390e-01
1.2852853e+00 2.1026054e-02 8.0838037e-02 1.7213075e-01
1.2932933e+00 2.0008953e-02 7.7965055e-02 1.6675025e-01
1.3013013e+00 1.9020462e-02 7.5156445e-02 1.6167707e-01
1.3093093e+00 1.8073985e-02 7.2397552e-02 1.5655756e-01
1.3173173e+00 1.7184291e-02 6.9749879e-02 1.5171427e-01
1.3253253e+00 1.6325432e-02 6.7101776e-02 1.4695389e-01
1.3333333e+00 1.5505441e-02 6.4612455e-02 1.4233234e-01
1.3413413e+00 1.4720606e-02 6.2162638e-02 1.3780335e-01
1.3493493e+00 1.3987183e-02 5.9764147e-02 1.3326578e-01
1.3573574e+00 1.3254692e-02 5.7443886e-02 1.2888759e-01
1.3653654e+00 1.2571376e-02 5.5152583e-02 1.2458593e-01
1.3733734e+00 1.1917029e-02 5.3024863e-02 1.2062651e-01
1.3813814e+00 1.1295292e-02 5.0923877e-02 1.1667291e-01
1.3893894e+00 1.0710246e-02 4.8915639e-02 1.1268786e-01
1.3973974e+00 1.0139116e-02 4.6934431e-02 1.0879877e-01
1.4054054e+00 9.5991029e-03 4.5021089e-02 1.0504780e-01
1.4134134e+00 9.0934728e-03 4.3206825e-02 1.0140181e-01
1.4214214e+00 8.6080289e-03 4.1426442e-02 9.7874173e-02
1.4294294e+00 8.1369213e-03 3.9707634e-02 9.4448920e-02
1.4374374e+00 7.7030624e-03 3.8031931e-02 9.1101919e-02
1.4454454e+00 7.2825428e-03 3.6424584e-02 8.7808734e-02
1.4534535e+00 6.8777638e-03 3.4902838e-02 8.4545531e-02
1.4614615e+00 6.4942508e-03 3.3400175e-02 8.1465422e-02
1.4694695e+00 6.1383790e-03 3.1959188e-02 7.8422325e-02
1.4774775e+00 5.7962234e-03 3.0568791e-02 7.5504623e-02
1.4854855e+00 5.4635967e-03 2.9258479e-02 7.2605201e-02
1.4934935e+00 5.1523572e-03 2.7971528e-02 6.9850419e-02
1.5015015e+00 4.8546353e-03 2.6766226e-02 6.7205237e-02
1.5095095e+00 4.5775256e-03 2.5550936e-02 6.4624369e-02
1.5175175e+00 4.3091040e-03 2.4386257e-02 6.2131767e-02
1.5255255e+00 4.0554167e-03 2.3278085e-02 5.9642775e-02
1.5335335e+00 3.8200757e-03 2.2220419e-02 5.7319826e-02
1.5415415e+00 3.5974503e-03 2.1205486e-02 5.5015370e-02
1.5495495e+00 3.3853501e-03 2.0225408e-02 5.2806044e-02
1.5575576e+00 3.1816003e-03 1.9285430e-02 5.0636465e-02
1.5655656e+00 2.9886798e-03 1.8369640e-02 4.8535417e-02
1.5735736e+00 2.8090225e-03 1.7494734e-02 4.6566183e-02
1.5815816e+00 2.6375956e-03 1.6659471e-02 4.4654455e-02
1.5895896e+00 2.4764427e-03 1.5862132e-02 4.2811655e-02
1.5975976e+00 2.3252011e-03 1.5095900e-02 4.1037386e-02
1.6056056e+00 2.1788605e-03 1.4356112e-02 3.9309040e-02
1.6136136e+00 2.0440939e-03 1.3648906e-02 3.7670317e-02
1.6216216e+00 1.9165191e-03 1.2974120e-02 3.6032254e-02
1.6296296e+00 1.7966701e-03 1.2330235e-02 3.4482282e-02
1.6376376e+00 1.6837544e-03 1.1721193e-02 3.2971613e-02
1.6456456e+00 1.5783846e-03 1.1124751e-02 3.1548272e-02
1.6536537e+00 1.4770282e-03 1.0559850e-02 3.0149661e-02
1.6616617e+00 1.3830868e-03 1.0027864e-02 2.8805263e-02
1.6696697e+00 1.2933657e-03 9.5103878e-03 2.7523522e-02
1.6776777e+00 1.2088342e-03 9.0163273e-03 2.6286425e-02
1.6856857e+00 1.1311562e-03 8.5462921e-03 2.5110855e-02
1.6936937e+00 1.0574347e-03 8.0965390e-03 2.3986896e-02
1.7017017e+00 9.8714692e-04 7.6705879e-03 2.2895401e-02
1.7097097e+00 9.2212959e-04 7.2625122e-03 2.1822679e-02
1.7177177e+00 8.6152689e-04 6.8799950e-03 2.0800864e-02
1.7257257e+00 8.0388687e-04 6.5109100e-03 1.9814816e-02
1.7337337e+00 7.4937271e-04 6.1602878e-03 1.8878591e-02
1.7417417e+00 6.9910767e-04 5.8276664e-03 1.7979251e-02
1.7497497e+00 6.5175474e-04 5.5106165e-03 1.7109368e-02
1.7577578e+00 6.0693631e-04 5.2087945e-03 1.6279562e-02
1.7657658e+00 5.6638633e-04 4.9184005e-03 1.5495147e-02
1.7737738e+00 5.2699746e-04 4.6472979e-03 1.4728820e-02
1.7817818e+00 4.9072535e-04 4.3862262e-03 1.4016941e-02
1.7897898e+00 4.5647110e-04 4.1424194e-03 1.3311105e-02
1.7977978e+00 4.2445028e-04 3.9068799e-03 1.2665419e-02
1.8058058e+00 3.9470993e-04 3.6823814e-03 1.2037202e-02
1.8138138e+00 3.6711100e-04 3.4727447e-03 1.1432016e-02
1.8218218e+00 3.4130205e-04 3.2728773e-03 1.0845752e-02
1.8298298e+00 3.1702578e-04 3.0824963e-03 1.0288769e-02
1.8378378e+00 2.9440964e-04 2.9009025e-03 9.7600689e-03
1.8458458e+00 2.7342420e-04 2.7316389e-03 9.2596509e-03
1.8538539e+00 2.5376747e-04 2.5708095e-03 8.7833638e-03
1.8618619e+00 2.3551350e-04 2.4193185e-03 8.3193372e-03
1.8698699e+00 2.1832946e-04 2.2741360e-03 7.8790478e-03
1.8778779e+00 2.0228969e-04 2.1373012e-03 7.4629103e-03
1.8858859e+00 1.8761192e-04 2.0072955e-03 7.0629185e-03
1.8938939e+00 1.7396121e-04 1.8864655e-03 6.6815013e-03
1.9019019e+00 1.6122021e-04 1.7736979e-03 6.3196997e-03
1.9099099e+00 1.4933757e-04 1.6646224e-03 5.9761007e-03
1.9179179e+00 1.3813407e-04 1.5612168e-03 5.6491052e-03
1.9259259e+00 1.2780102e-04 1.4648349e-03 5.3366705e-03
1.9339339e+00 1.1811346e-04 1.3738647e-03 5.0438811e-03
1.9419419e+00 1.0907133e-04 1.2877176e-03 4.7604676e-03
1.9499499e+00 1.0079391e-04 1.2046369e-03 4.4944403e-03
1.9579580e+00 9.3033932e-05 1.1282825e-03 4.2411849e-03
1.9659660e+00 8.5847048e-05 1.0562269e-03 4.0044750e-03
1.9739740e+00 7.9273505e-05 9.8839379e-04 3.7768927e-03
1.9819820e+00 7.3166023e-05 9.2497939e-04 3.5587798e-03
1.9899900e+00 6.7383663e-05 8.6492390e-04 3.3539745e-03
1.9979980e+00 6.2117955e-05 8.0867696e-04 3.1592750e-03
2.0060060e+00 5.7251489e-05 7.5566657e-04 2.9741514e-03
2.0140140e+00 5.2748776e-05 7.0604549e-04 2.7994477e-03
2.0220220e+00 4.8595531e-05 6.5874653e-04 2.6304268e-03
2.0300300e+00 4.4716645e-05 6.1507213e-04 2.4731299e-03
2.0380380e+00 4.1158870e-05 5.7385859e-04 2.3262101e-03
2.0460460e+00 3.7858652e-05 5.3594657e-04 2.1855045e-03
2.0540541e+00 3.4817374e-05 4.9968923e-04 2.0548272e-03
2.0620621e+00 3.2001193e-05 4.6577320e-04 1.9311223e-03
2.0700701e+00 2.9431941e-05 4.3384149e-04 1.8120766e-03
2.0780781e+00 2.7021123e-05 4.0408018e-04 1.7008233e-03
2.0860861e+00 2.4808506e-05 3.7636264e-04 1.5946415e-03
2.0940941e+00 2.2779087e-05 3.5017037e-04 1.4955421e-03
2.1021021e+00 2.0896888e-05 3.2580042e-04 1.4040905e-03
2.1101101e+00 1.9187180e-05 3.0298524e-04 1.3158852e-03
2.1181181e+00 1.7575641e-05 2.8163933e-04 1.2340054e-03
2.1261261e+00 1.6101266e-05 2.6189824e-04 1.1547032e-03
2.1341341e+00 1.4751743e-05 2.4343435e-04 1.0817314e-03
2.1421421e+00 1.3511356e-05 2.2598753e-04 1.0128330e-03
2.1501502e+00 1.2371755e-05 2.0986234e-04 9.4807052e-04
2.1581582e+00 1.1326658e-05 1.9480432e-04 8.8683508e-04
2.1661662e+00 1.0362607e-05 1.8076719e-04 8.2967096e-04
2.1741742e+00 9.4761500e-06 1.6764658e-04 7.7625822e-04
2.1821822e+00 8.6658095e-06 1.5533770e-04 7.2566527e-04
2.1901902e+00 7.9166027e-06 1.4401863e-04 6.7797816e-04
2.1981982e+00 7.2316466e-06 1.3344551e-04 6.3347247e-04
2.2062062e+00 6.6018682e-06 1.2369171e-04 5.9065086e-04
2.2142142e+00 6.0291891e-06 1.1460049e-04 5.5158079e-04
2.2222222e+00 5.4990765e-06 1.0602481e-04 5.1433871e-04
2.2302302e+00 5.0171873e-06 9.8078811e-05 4.7987217e-04
2.2382382e+00 4.5750096e-06 9.0747360e-05 4.4720078e-04
2.2462462e+00 4.1704479e-06 8.3920931e-05 4.1640436e-04
2.2542543e+00 3.7993622e-06 7.7592130e-05 3.8751785e-04
2.2622623e+00 3.4648470e-06 7.1728144e-05 3.6076149e-04
2.2702703e+00 3.1553363e-06 6.6234313e-05 3.3581294e-04
2.2782783e+00 2.8728410e-06 6.1121457e-05 3.1267456e-04
2.2862863e+00 2.6121009e-06 5.6395926e-05 2.9058403e-04
2.2942943e+00 2.3745983e-06 5.2076062e-05 2.7010119e-04
2.3023023e+00 2.1572003e-06 4.8041198e-05 2.5111331e-04
2.3103103e+00 1.9591073e-06 4.4302731e-05 2.3332951e-04
2.3183183e+00 1.7819748e-06 4.0814047e-05 2.1652064e-04
2.3263263e+00 1.6193162e-06 3.7586375e-05 2.0106008e-04
2.3343343e+00 1.4708928e-06 3.4622765e-05 1.8656571e-04
2.3423423e+00 1.3356391e-06 3.1879576e-05 1.7296684e-04
2.3503504e+00 1.2113574e-06 2.9327812e-05 1.6051835e-04
2.3583584e+00 1.0996726e-06 2.6968982e-05 1.4872108e-04
2.3663664e+00 9.9613855e-07 2.4799195e-05 1.3777597e-04
2.3743744e+00 9.0330460e-07 2.2818344e-05 1.2771111e-04
2.3823824e+00 8.1800570e-07 2.0956790e-05 1.1823770e-04
2.3903904e+00 7.4119536e-07 1.9250903e-05 1.0941541e-04
2.3983984e+00 6.7148231e-07 1.7677552e-05 1.0118352e-04
2.4064064e+00 6.0733439e-07 1.6232229e-05 9.3613577e-05
2.4144144e+00 5.4907511e-07 1.4887733e-05 8.6548875e-05
2.4224224e+00 4.9664601e-07 1.3652081e-05 7.9961550e-05
2.4304304e+00 4.4891278e-07 1.2528155e-05 7.3832501e-05
2.4384384e+00 4.0545445e-07 1.1490504e-05 6.8185134e-05
2.4464464e+00 3.6607362e-07 1.0533229e-05 6.2923562e-05
2.4544545e+00 3.3040494e-07 9.6573368e-06 5.8091796e-05
2.4624625e+00 2.9814009e-07 8.8346844e-06 5.3576603e-05
2.4704705e+00 2.6889985e-07 8.0799670e-06 4.9384284e-05
2.4784785e+00 2.4244511e-07 7.3839601e-06 4.5551966e-05
2.4864865e+00 2.1840834e-07 6.7540594e-06 4.1974491e-05
2.4944945e+00 1.9679168e-07 6.1811636e-06 3.8671276e-05
2.5025025e+00 1.7714219e-07 5.6501284e-06 3.5601928e-05
2.5105105e+00 1.5954568e-07 5.1630993e-06 3.2735299e-05
2.5185185e+00 1.4359004e-07 4.7138396e-06 3.0120998e-05
2.5265265e+00 1.2914472e-07 4.3052597e-06 2.7691904e-05
2.5345345e+00 1.1610635e-07 3.9291206e-06 2.5470319e-05
2.5425425e+00 1.0445765e-07 3.5858778e-06 2.3415653e-05
2.5505506e+00 9.3970900e-08 3.2705161e-06 2.1548981e-05
2.5585586e+00 8.4496918e-08 2.9774658e-06 1.9778687e-05
2.5665666e+00 7.5934723e-08 2.7148812e-06 1.8179034e-05
2.5745746e+00 6.8165454e-08 2.4733757e-06 1.6692576e-05
2.5825826e+00 6.1165331e-08 2.2517104e-06 1.5305646e-05
2.5905906e+00 5.4916164e-08 2.0502988e-06 1.4040541e-05
2.5985986e+00 4.9269577e-08 1.8647901e-06 1.2879317e-05
2.6066066e+00 4.4145140e-08 1.6956329e-06 1.1803853e-05
2.6146146e+00 3.9522613e-08 1.5429218e-06 1.0805202e-05
2.6226226e+00 3.5387891e-08 1.4016409e-06 9.8998225e-06
2.6306306e+00 3.1707705e-08 1.2731144e-06 9.0646795e-06
2.6386386e+00 2.8413177e-08 1.1565229e-06 8.2992918e-06
2.6466466e+00 2.5434992e-08 1.0497841e-06 7.5924499e-06
2.6546547e+00 2.2734926e-08 9.5311088e-07 6.9387960e-06
2.6626627e+00 2.0331661e-08 8.6432671e-07 6.3450682e-06
2.6706707e+00 1.8189669e-08 7.8462932e-07 5.8057279e-06
2.6786787e+00 1.6274021e-08 7.1116719e-07 5.3029552e-06
2.6866867e+00 1.4554169e-08 6.4503055e-07 4.8472795e-06
2.6946947e+00 1.3004483e-08 5.8418632e-07 4.4230180e-06
2.7027027e+00 1.1596918e-08 5.2947097e-07 4.0376720e-06
2.7107107e+00 1.0371019e-08 4.7969993e-07 3.6844161e-06
2.7187187e+00 9.2543173e-09 4.3402199e-07 3.3593963e-06
2.7267267e+00 8.2611599e-09 3.9228514e-07 3.0635753e-06
2.7347347e+00 7.3643022e-09 3.5455144e-07 2.7919198e-06
2.7427427e+00 6.5605371e-09 3.2049050e-07 2.5431341e-06
2.7507508e+00 5.8439595e-09 2.8972693e-07 2.3185646e-06
2.7587588e+00 5.2047549e-09 2.6186890e-07 2.1116316e-06
2.7667668e+00 4.6314202e-09 2.3661380e-07 1.9228393e-06
2.7747748e+00 4.1216119e-09 2.1357524e-07 1.7498948e-06
2.7827828e+00 3.6673747e-09 1.9287768e-07 1.5897964e-06
2.7907908e+00 3.2626009e-09 1.7378355e-07 1.4450388e-06
2.7987988e+00 2.9011488e-09 1.5675978e-07 1.3133898e-06
2.8068068e+00 2.5787713e-09 1.4122058e-07 1.1935187e-06
2.8148148e+00 2.2923249e-09 1.2714278e-07 1.0830558e-06
2.8228228e+00 2.0346835e-09 1.1457090e-07 9.8305008e-07
2.8308308e+00 1.8052554e-09 1.0316247e-07 8.9230168e-07
2.8388388e+00 1.6010115e-09 9.2842363e-08 8.0921389e-07
2.8468468e+00 1.4201836e-09 8.3468858e-08 7.3361633e-07
2.8548549e+00 1.2596038e-09 7.5044451e-08 6.6375494e-07
2.8628629e+00 1.1177628e-09 6.7472338e-08 6.0087894e-07
2.8708709e+00 9.9105333e-10 6.0603794e-08 5.4402920e-07
2.8788789e+00 8.7797534e-10 5.4458562e-08 4.9208469e-07
2.8868869e+00 7.7714201e-10 4.8869934e-08 4.4525023e-07
2.8948949e+00 6.8825358e-10 4.3868468e-08 4.0308219e-07
2.9029029e+00 6.0837842e-10 3.9335053e-08 3.6497518e-07
2.9109109e+00 5.3803802e-10 3.5298720e-08 3.2989432e-07
2.9189189e+00 4.7624502e-10 3.1648494e-08 2.9822117e-07
2.9269269e+00 4.2088919e-10 2.8381311e-08 2.6949184e-07
2.9349349e+00 3.7172456e-10 2.5427321e-08 2.4314407e-07
2.9429429e+00 3.2820299e-10 2.2778472e-08 2.1950838e-07
2.9509510e+00 2.8996850e-10 2.0409609e-08 1.9811627e-07
2.9589590e+00 2.5618392e-10 1.8260617e-08 1.7872505e-07
2.9669670e+00 2.2613253e-10 1.6335236e-08 1.6114427e-07
2.9749750e+00 1.9923488e-10 1.4617292e-08 1.4530457e-07
2.9829830e+00 1.7553246e-10 1.3068013e-08 1.3098969e-07
2.9909910e+00 1.5491641e-10 1.1684473e-08 1.1790810e-07
2.9989990e+00 1.3640843e-10 1.0449693e-08 1.0604688e-07
3.0070070e+00 1.2003981e-10 9.3370396e-09 9.5425649e-08
3.0150150e+00 1.0560070e-10 8.3439647e-09 8.5885245e-08
3.0230230e+00 9.2862640e-11 7.4508630e-09 7.7195055e-08
3.0310310e+00 8.1726944e-11 6.6472416e-09 6.9485088e-08
3.0390390e+00 7.1952700e-11 5.9250756e-09 6.2458233e-08
3.0470470e+00 6.3314544e-11 5.2838613e-09 5.6141130e-08
3.0550551e+00 5.5568811e-11 4.7080461e-09 5.0406402e-08
3.0630631e+00 4.8781017e-11 4.1975893e-09 4.5267613e-08
3.0710711e+00 4.2793805e-11 3.7389964e-09 4.0623464e-08
3.0790791e+00 3.7557561e-11 3.3278504e-09 3.6436776e-08
3.0870871e+00 3.2973499e-11 2.9637896e-09 3.2681467e-08
3.0950951e+00 2.8915220e-11 2.6377976e-09 2.9272106e-08
3.1031031e+00 2.5357037e-11 2.3467975e-09 2.6213231e-08
3.1111111e+00 2.2202262e-11 2.0857261e-09 2.3470667e-08
3.1191191e+00 1.9432571e-11 1.8541624e-09 2.1033029e-08
3.1271271e+00 1.7021390e-11 1.6478849e-09 1.8814683e-08
3.1351351e+00 1.4895434e-11 1.4638937e-09 1.6827554e-08
3.1431431e+00 1.3030028e-11 1.2989666e-09 1.5063747e-08
3.1511512e+00 1.1401430e-11 1.1514904e-09 1.3473310e-08
3.1591592e+00 9.9656956e-12 1.0215756e-09 1.2048665e-08
3.1671672e+00 8.7185038e-12 9.0644762e-10 1.0764540e-08
3.1751752e+00 7.6153830e-12 8.0377114e-10 9.6080922e-09
3.1831832e+00 6.6399692e-12 7.1248140e-10 8.5756951e-09
3.1911912e+00 5.7985928e-12 6.3135251e-10 7.6594594e-09
3.1991992e+00 5.0585226e-12 5.5858959e-10 6.8376585e-09
3.2072072e+00 4.4141755e-12 4.9451878e-10 6.0951407e-09
3.2152152e+00 3.8497606e-12 4.3775366e-10 5.4326921e-09
3.2232232e+00 3.3571807e-12 3.8719214e-10 4.8412719e-09
3.2312312e+00 2.9261047e-12 3.4229066e-10 4.3110470e-09
3.2392392e+00 2.5530514e-12 3.0247071e-10 3.8403414e-09
3.2472472e+00 2.2206620e-12 2.6710491e-10 3.4195303e-09
3.2552553e+00 1.9344837e-12 2.3603449e-10 3.0450975e-09
3.2632633e+00 1.6832865e-12 2.0849176e-10 2.7097983e-09
3.2712713e+00 1.4658039e-12 1.8397597e-10 2.4078289e-09
3.2792793e+00 1.2757731e-12 1.6234589e-10 2.1392764e-09
3.2872873e+00 1.1096573e-12 1.4324825e-10 1.9006035e-09
3.2952953e+00 9.6303651e-13 1.2636532e-10 1.6887538e-09
3.3033033e+00 8.3514799e-13 1.1135818e-10 1.5014804e-09
3.3113113e+00 7.2503200e-13 9.8150905e-11 1.3335535e-09
3.3193193e+00 6.2935014e-13 8.6437583e-11 1.1835147e-09
3.3273273e+00 5.4619341e-13 7.6090880e-11 1.0499152e-09
3.3353353e+00 4.7413804e-13 6.6957778e-11 9.3131614e-10
3.3433433e+00 4.1177528e-13 5.8865577e-11 8.2519171e-10
3.3513514e+00 3.5712484e-13 5.1764939e-11 7.3146129e-10
3.3593594e+00 3.0924594e-13 4.5518303e-11 6.4771032e-10
3.3673674e+00 2.6782151e-13 3.9993986e-11 5.7389648e-10
3.3753754e+00 2.3177582e-13 3.5137820e-11 5.0824130e-10
3.3833834e+00 2.0055396e-13 3.0842794e-11 4.4975302e-10
3.3913914e+00 1.7363021e-13 2.7069493e-11 3.9806621e-10
3.3993994e+00 1.5003212e-13 2.3757703e-11 3.5209725e-10
3.4074074e+00 1.2956965e-13 2.0835342e-11 3.1114587e-10
3.4154154e+00 1.1200510e-13 1.8258843e-11 2.7495250e-10
3.4234234e+00 9.6778337e-14 1.6004494e-11 2.4268579e-10
3.4314314e+00 8.3621641e-14 1.4027122e-11 2.1428132e-10
3.4394394e+00 7.2199090e-14 1.2266332e-11 1.8913985e-10
3.4474474e+00 6.2269660e-14 1.0729738e-11 1.6675971e-10
3.4554555e+00 5.3726884e-14 9.3890402e-12 1.4705902e-10
3.4634635e+00 4.6335984e-14 8.2194887e-12 1.2951316e-10
3.4714715e+00 3.9946469e-14 7.1910656e-12 1.1413382e-10
3.4794795e+00 3.4410898e-14 6.2895877e-12 1.0046864e-10
3.4874875e+00 2.9629314e-14 5.4997528e-12 8.8430810e-11
3.4954955e+00 2.5509468e-14 4.8031261e-12 7.7800719e-11
3.5035035e+00 2.1949363e-14 4.1911687e-12 6.8426230e-11
3.5115115e+00 1.8892156e-14 3.6618976e-12 6.0122000e-11
3.5195195e+00 1.6243977e-14 3.1972165e-12 5.2843150e-11
3.5275275e+00 1.3970804e-14 2.7908743e-12 4.6407441e-11
3.5355355e+00 1.2008113e-14 2.4346534e-12 4.0787916e-11
3.5435435e+00 1.0314696e-14 2.1225855e-12 3.5833101e-11
3.5515516e+00 8.8586679e-15 1.8481070e-12 3.1482578e-11
3.5595596e+00 7.6025608e-15 1.6109523e-12 2.7644266e-11
3.5675676e+00 6.5250933e-15 1.4036138e-12 2.4236761e-11
3.5755756e+00 5.5973717e-15 1.2212306e-12 2.1279122e-11
3.5835836e+00 4.8016559e-15 1.0622363e-12 1.8655379e-11
3.5915916e+00 4.1142072e-15 9.2453214e-13 1.6335690e-11
3.5995996e+00 3.5275593e-15 8.0416454e-13 1.4315988e-11
3.6076076e+00 3.0202144e-15 6.9858219e-13 1.2549140e-11
3.6156156e+00 2.5876125e-15 6.0682106e-13 1.0993837e-11
3.6236236e+00 2.2165618e-15 5.2716086e-13 9.6139312e-12
3.6316316e+00 1.8973628e-15 4.5772669e-13 8.4078511e-12
3.6396396e+00 1.6237188e-15 3.9716386e-13 7.3457051e-12
3.6476476e+00 1.3887817e-15 3.4474100e-13 6.4200365e-12
3.6556557e+00 1.1868069e-15 2.9905277e-13 5.6119645e-12
3.6636637e+00 1.0130450e-15 2.5920770e-13 4.9018771e-12
3.6716717e+00 8.6513251e-16 2.2469681e-13 4.2796840e-12
3.6796797e+00 7.3857353e-16 1.9466027e-13 3.7321663e-12
3.6876877e+00 6.2980307e-16 1.6869637e-13 3.2567061e-12
3.6956957e+00 5.3749430e-16 1.4601289e-13 2.8404151e-12
3.7037037e+00 4.5841563e-16 1.2622571e-13 2.4782648e-12
3.7117117e+00 3.9104089e-16 1.0913041e-13 2.1616507e-12
3.7197197e+00 3.3333939e-16 9.4354997e-14 1.8828912e-12
3.7277277e+00 2.8379523e-16 8.1520930e-14 1.6412627e-12
3.7357357e+00 2.4161700e-16 7.0403856e-14 1.4302600e-12
3.7437437e+00 2.0566507e-16 6.0767441e-14 1.2455997e-12
3.7517518e+00 1.7511355e-16 5.2433779e-14 1.0834957e-12
3.7597598e+00 1.4910839e-16 4.5272014e-14 9.4211841e-13
3.7677678e+00 1.2678286e-16 3.9084689e-14 8.1822218e-13
3.7757758e+00 1.0783991e-16 3.3715348e-14 7.1049090e-13
3.7837838e+00 9.1630884e-17 2.9063783e-14 6.1671769e-13
3.7917918e+00 7.7857453e-17 2.5059870e-14 5.3522350e-13
3.7997998e+00 6.6208286e-17 2.1583492e-14 4.6430260e-13
3.8078078e+00 5.6166370e-17 1.8564364e-14 4.0266308e-13
3.8158158e+00 4.7711738e-17 1.5983506e-14 3.4941702e-13
3.8238238e+00 4.0501681e-17 1.3762961e-14 3.0272803e-13
3.8318318e+00 3.4326346e-17 1.1831619e-14 2.6228409e-13
3.8398398e+00 2.9086686e-17 1.0172311e-14 2.2700668e-13
3.8478478e+00 2.4621649e-17 8.7471056e-15 1.9652663e-13
3.8558559e+00 2.0841472e-17 7.5183847e-15 1.7026813e-13
3.8638639e+00 1.7639557e-17 6.4510273e-15 1.4740705e-13
3.8718719e+00 1.4925538e-17 5.5391425e-15 1.2751298e-13
3.8798799e+00 1.2638387e-17 4.7540775e-15 1.1029129e-13
3.8878879e+00 1.0683390e-17 4.0789803e-15 9.5355615e-14
3.8958959e+00 9.0310890e-18 3.4973125e-15 8.2441945e-14
3.9039039e+00 7.6353933e-18 2.9988647e-15 7.1250437e-14
3.9119119e+00 6.4513340e-18 2.5706547e-15 6.1507244e-14
3.9199199e+00 5.4437991e-18 2.2024427e-15 5.3091260e-14
3.9279279e+00 4.5987610e-18 1.8860375e-15 4.5829769e-14
3.9359359e+00 3.8830595e-18 1.6158791e-15 3.9526162e-14
3.9439439e+00 3.2765075e-18 1.3825948e-15 3.4070015e-14
3.9519520e+00 2.7636302e-18 1.1831097e-15 2.9377535e-14
3.9599600e+00 2.3303834e-18 1.0117782e-15 2.5315519e-14
3.9679680e+00 1.9636916e-18 8.6416241e-16 2.1808587e-14
3.9759760e+00 1.6529061e-18 7.3794439e-16 1.8778967e-14
3.9839840e+00 1.3906864e-18 6.3014647e-16 1.6170046e-14
3.9919920e+00 1.1707830e-18 5.3803747e-16 1.3904280e-14
4.0000000e+00 9.8534199e-19 4.5915247e-16 1.1954524e-14
