X KDE_INF KDE_MED KDE_SUP
5.0000000e+00 4.2643692e-12 3.0570795e-11 1.6233506e-10
5.0052553e+00 4.5284608e-12 3.2372745e-11 1.7149993e-10
5.0105105e+00 4.8066231e-12 3.4277570e-11 1.8123534e-10
5.0157658e+00 5.1056761e-12 3.6294954e-11 1.9154391e-10
5.0210210e+00 5.4182720e-12 3.8431559e-11 2.0239169e-10
5.0262763e+00 5.7502587e-12 4.0671516e-11 2.1388806e-10
5.0315315e+00 6.1047128e-12 4.3050567e-11 2.2597376e-10
5.0367868e+00 6.4794105e-12 4.5568431e-11 2.3878219e-10
5.0420420e+00 6.8710962e-12 4.8224921e-11 2.5224238e-10
5.0472973e+00 7.2881522e-12 5.1058061e-11 2.6649399e-10
5.0525526e+00 7.7322523e-12 5.4031794e-11 2.8153624e-10
5.0578078e+00 8.2007071e-12 5.7166471e-11 2.9737037e-10
5.0630631e+00 8.7013440e-12 6.0505774e-11 3.1394963e-10
5.0683183e+00 9.2326896e-12 6.4041490e-11 3.3127585e-10
5.0735736e+00 9.7974593e-12 6.7776029e-11 3.4962659e-10
5.0788288e+00 1.0392586e-11 7.1727582e-11 3.6909859e-10
5.0840841e+00 1.1023083e-11 7.5850892e-11 3.8978440e-10
5.0893393e+00 1.1689659e-11 8.0208891e-11 4.1142427e-10
5.0945946e+00 1.2395481e-11 8.4857003e-11 4.3414380e-10
5.0998498e+00 1.3152467e-11 8.9723462e-11 4.5815776e-10
5.1051051e+00 1.3950101e-11 9.4882904e-11 4.8344737e-10
5.1103604e+00 1.4788915e-11 1.0035180e-10 5.1000683e-10
5.1156156e+00 1.5670769e-11 1.0608042e-10 5.3793348e-10
5.1208709e+00 1.6609087e-11 1.1218739e-10 5.6758841e-10
5.1261261e+00 1.7604506e-11 1.1864476e-10 5.9889411e-10
5.1313814e+00 1.8654378e-11 1.2541691e-10 6.3179635e-10
5.1366366e+00 1.9762979e-11 1.3263737e-10 6.6628383e-10
5.1418919e+00 2.0935659e-11 1.4024954e-10 7.0290816e-10
5.1471471e+00 2.2177851e-11 1.4824875e-10 7.4129543e-10
5.1524024e+00 2.3493469e-11 1.5669273e-10 7.8195159e-10
5.1576577e+00 2.4888042e-11 1.6558815e-10 8.2478527e-10
5.1629129e+00 2.6374006e-11 1.7499490e-10 8.6977888e-10
5.1681682e+00 2.7943632e-11 1.8484598e-10 9.1646059e-10
5.1734234e+00 2.9615911e-11 1.9523143e-10 9.6570988e-10
5.1786787e+00 3.1395147e-11 2.0625917e-10 1.0178635e-09
5.1839339e+00 3.3267853e-11 2.1773076e-10 1.0733059e-09
5.1891892e+00 3.5227961e-11 2.3004054e-10 1.1307219e-09
5.1944444e+00 3.7321421e-11 2.4306969e-10 1.1918374e-09
5.1996997e+00 3.9522560e-11 2.5678048e-10 1.2554396e-09
5.2049550e+00 4.1849727e-11 2.7124738e-10 1.3228336e-09
5.2102102e+00 4.4292570e-11 2.8649037e-10 1.3937240e-09
5.2154655e+00 4.6920945e-11 3.0246093e-10 1.4695510e-09
5.2207207e+00 4.9670132e-11 3.1954208e-10 1.5483804e-09
5.2259760e+00 5.2562385e-11 3.3741516e-10 1.6308375e-09
5.2312312e+00 5.5639590e-11 3.5599379e-10 1.7184654e-09
5.2364865e+00 5.8894855e-11 3.7593400e-10 1.8105935e-09
5.2417417e+00 6.2310569e-11 3.9694042e-10 1.9068977e-09
5.2469970e+00 6.5933924e-11 4.1904614e-10 2.0081369e-09
5.2522523e+00 6.9768415e-11 4.4236829e-10 2.1135352e-09
5.2575075e+00 7.3813722e-11 4.6690890e-10 2.2250713e-09
5.2627628e+00 7.8092869e-11 4.9266780e-10 2.3444511e-09
5.2680180e+00 8.2631867e-11 5.1984964e-10 2.4695821e-09
5.2732733e+00 8.7432923e-11 5.4850246e-10 2.6001220e-09
5.2785285e+00 9.2485419e-11 5.7881461e-10 2.7370174e-09
5.2837838e+00 9.7783862e-11 6.1050218e-10 2.8824472e-09
5.2890390e+00 1.0346376e-10 6.4389514e-10 3.0354417e-09
5.2942943e+00 1.0947532e-10 6.7901403e-10 3.1950086e-09
5.2995495e+00 1.1582567e-10 7.1609050e-10 3.3625466e-09
5.3048048e+00 1.2250210e-10 7.5494771e-10 3.5388506e-09
5.3100601e+00 1.2949199e-10 7.9645111e-10 3.7237199e-09
5.3153153e+00 1.3677233e-10 8.4008383e-10 3.9183982e-09
5.3205706e+00 1.4462988e-10 8.8558033e-10 4.1240853e-09
5.3258258e+00 1.5290423e-10 9.3370863e-10 4.3409348e-09
5.3310811e+00 1.6162133e-10 9.8420861e-10 4.5669220e-09
5.3363363e+00 1.7079730e-10 1.0372590e-09 4.8047070e-09
5.3415916e+00 1.8041893e-10 1.0932238e-09 5.0555878e-09
5.3468468e+00 1.9071233e-10 1.1513448e-09 5.3177274e-09
5.3521021e+00 2.0157291e-10 1.2142671e-09 5.5955071e-09
5.3573574e+00 2.1286409e-10 1.2793588e-09 5.8880556e-09
5.3626126e+00 2.2484551e-10 1.3486134e-09 6.1920121e-09
5.3678679e+00 2.3761155e-10 1.4218089e-09 6.5109977e-09
5.3731231e+00 2.5082618e-10 1.4984880e-09 6.8459106e-09
5.3783784e+00 2.6509718e-10 1.5791214e-09 7.1977360e-09
5.3836336e+00 2.8015149e-10 1.6642993e-09 7.5631724e-09
5.3888889e+00 2.9593680e-10 1.7535636e-09 7.9475567e-09
5.3941441e+00 3.1238289e-10 1.8473414e-09 8.3552266e-09
5.3993994e+00 3.2966094e-10 1.9457689e-09 8.7820401e-09
5.4046547e+00 3.4801289e-10 2.0500270e-09 9.2326022e-09
5.4099099e+00 3.6760915e-10 2.1590461e-09 9.7028918e-09
5.4151652e+00 3.8788154e-10 2.2743111e-09 1.0189796e-08
5.4204204e+00 4.0922557e-10 2.3946505e-09 1.0709906e-08
5.4256757e+00 4.3187877e-10 2.5207337e-09 1.1253062e-08
5.4309309e+00 4.5612719e-10 2.6535431e-09 1.1817030e-08
5.4361862e+00 4.8148648e-10 2.7934460e-09 1.2411167e-08
5.4414414e+00 5.0805172e-10 2.9403538e-09 1.3038011e-08
5.4466967e+00 5.3592850e-10 3.0938953e-09 1.3687630e-08
5.4519520e+00 5.6556836e-10 3.2566699e-09 1.4377729e-08
5.4572072e+00 5.9672665e-10 3.4269641e-09 1.5103804e-08
5.4624625e+00 6.2906719e-10 3.6072600e-09 1.5865432e-08
5.4677177e+00 6.6404672e-10 3.7975094e-09 1.6659166e-08
5.4729730e+00 7.0074425e-10 3.9973310e-09 1.7494583e-08
5.4782282e+00 7.3967542e-10 4.2071688e-09 1.8373457e-08
5.4834835e+00 7.7998240e-10 4.4262323e-09 1.9297171e-08
5.4887387e+00 8.2238150e-10 4.6575994e-09 2.0268522e-08
5.4939940e+00 8.6720736e-10 4.9029359e-09 2.1275052e-08
5.4992492e+00 9.1465397e-10 5.1572571e-09 2.2346674e-08
5.5045045e+00 9.6403303e-10 5.4262248e-09 2.3448965e-08
5.5097598e+00 1.0162797e-09 5.7085924e-09 2.4621324e-08
5.5150150e+00 1.0721134e-09 6.0035412e-09 2.5837314e-08
5.5202703e+00 1.1305352e-09 6.3131263e-09 2.7095943e-08
5.5255255e+00 1.1911206e-09 6.6385864e-09 2.8437889e-08
5.5307808e+00 1.2558764e-09 6.9827902e-09 2.9850805e-08
5.5360360e+00 1.3240859e-09 7.3400569e-09 3.1318998e-08
5.5412913e+00 1.3953240e-09 7.7137689e-09 3.2848273e-08
5.5465465e+00 1.4712810e-09 8.1068341e-09 3.4449691e-08
5.5518018e+00 1.5501730e-09 8.5175755e-09 3.6151030e-08
5.5570571e+00 1.6333549e-09 8.9520916e-09 3.7906125e-08
5.5623123e+00 1.7207593e-09 9.4088251e-09 3.9738840e-08
5.5675676e+00 1.8132746e-09 9.8878611e-09 4.1669306e-08
5.5728228e+00 1.9101100e-09 1.0387362e-08 4.3701128e-08
5.5780781e+00 2.0141335e-09 1.0921184e-08 4.5826608e-08
5.5833333e+00 2.1205790e-09 1.1472031e-08 4.8052946e-08
5.5885886e+00 2.2338775e-09 1.2058294e-08 5.0365784e-08
5.5938438e+00 2.3524577e-09 1.2672247e-08 5.2800609e-08
5.5990991e+00 2.4771264e-09 1.3314849e-08 5.5343451e-08
5.6043544e+00 2.6096145e-09 1.3992909e-08 5.7988895e-08
5.6096096e+00 2.7489519e-09 1.4699749e-08 6.0792093e-08
5.6148649e+00 2.8947676e-09 1.5442989e-08 6.3728202e-08
5.6201201e+00 3.0488806e-09 1.6219173e-08 6.6787572e-08
5.6253754e+00 3.2102230e-09 1.7042102e-08 6.9978887e-08
5.6306306e+00 3.3809506e-09 1.7898691e-08 7.3342372e-08
5.6358859e+00 3.5594436e-09 1.8790562e-08 7.6833725e-08
5.6411411e+00 3.7445579e-09 1.9735504e-08 8.0498628e-08
5.6463964e+00 3.9414125e-09 2.0721536e-08 8.4359411e-08
5.6516517e+00 4.1493123e-09 2.1759383e-08 8.8395154e-08
5.6569069e+00 4.3656376e-09 2.2843804e-08 9.2566041e-08
5.6621622e+00 4.5956714e-09 2.3980586e-08 9.6992467e-08
5.6674174e+00 4.8363790e-09 2.5172643e-08 1.0157449e-07
5.6726727e+00 5.0888305e-09 2.6423266e-08 1.0636101e-07
5.6779279e+00 5.3524470e-09 2.7737238e-08 1.1131581e-07
5.6831832e+00 5.6308223e-09 2.9111143e-08 1.1654226e-07
5.6884384e+00 5.9234593e-09 3.0541390e-08 1.2198762e-07
5.6936937e+00 6.2301447e-09 3.2038888e-08 1.2773808e-07
5.6989489e+00 6.5541540e-09 3.3613443e-08 1.3369696e-07
5.7042042e+00 6.8949039e-09 3.5265951e-08 1.3997878e-07
5.7094595e+00 7.2533946e-09 3.6983375e-08 1.4652805e-07
5.7147147e+00 7.6242803e-09 3.8780795e-08 1.5342521e-07
5.7199700e+00 8.0142994e-09 4.0667238e-08 1.6056503e-07
5.7252252e+00 8.4222724e-09 4.2660942e-08 1.6798309e-07
5.7304805e+00 8.8585166e-09 4.4743990e-08 1.7580542e-07
5.7357357e+00 9.3174363e-09 4.6940553e-08 1.8399958e-07
5.7409910e+00 9.7948719e-09 4.9209561e-08 1.9252893e-07
5.7462462e+00 1.0300312e-08 5.1599371e-08 2.0136618e-07
5.7515015e+00 1.0832468e-08 5.4109357e-08 2.1073971e-07
5.7567568e+00 1.1382682e-08 5.6714983e-08 2.2034815e-07
5.7620120e+00 1.1961357e-08 5.9438955e-08 2.3044169e-07
5.7672673e+00 1.2574137e-08 6.2297472e-08 2.4101563e-07
5.7725225e+00 1.3208079e-08 6.5263609e-08 2.5208694e-07
5.7777778e+00 1.3874098e-08 6.8397434e-08 2.6362802e-07
5.7830330e+00 1.4581065e-08 7.1700244e-08 2.7570575e-07
5.7882883e+00 1.5313145e-08 7.5113259e-08 2.8835533e-07
5.7935435e+00 1.6085835e-08 7.8714825e-08 3.0152417e-07
5.7987988e+00 1.6889630e-08 8.2484883e-08 3.1514158e-07
5.8040541e+00 1.7734310e-08 8.6405231e-08 3.2948637e-07
5.8093093e+00 1.8632340e-08 9.0477053e-08 3.4449913e-07
5.8145646e+00 1.9557933e-08 9.4795253e-08 3.6004652e-07
5.8198198e+00 2.0535410e-08 9.9323991e-08 3.7641622e-07
5.8250751e+00 2.1564622e-08 1.0402773e-07 3.9309712e-07
5.8303303e+00 2.2646949e-08 1.0894267e-07 4.1104625e-07
5.8355856e+00 2.3791568e-08 1.1406326e-07 4.2967817e-07
5.8408408e+00 2.4991404e-08 1.1949698e-07 4.4885949e-07
5.8460961e+00 2.6217032e-08 1.2511903e-07 4.6892146e-07
5.8513514e+00 2.7523111e-08 1.3105857e-07 4.9008468e-07
5.8566066e+00 2.8872602e-08 1.3718568e-07 5.1191705e-07
5.8618619e+00 3.0293262e-08 1.4362336e-07 5.3472120e-07
5.8671171e+00 3.1775043e-08 1.5039040e-07 5.5810476e-07
5.8723724e+00 3.3344228e-08 1.5744505e-07 5.8302910e-07
5.8776276e+00 3.4992665e-08 1.6485002e-07 6.0944962e-07
5.8828829e+00 3.6722992e-08 1.7244517e-07 6.3627143e-07
5.8881381e+00 3.8534246e-08 1.8044028e-07 6.6438441e-07
5.8933934e+00 4.0430462e-08 1.8885705e-07 6.9411830e-07
5.8986486e+00 4.2409629e-08 1.9764730e-07 7.2500711e-07
5.9039039e+00 4.4502937e-08 2.0686021e-07 7.5712664e-07
5.9091592e+00 4.6669944e-08 2.1637270e-07 7.9048085e-07
5.9144144e+00 4.8935330e-08 2.2636161e-07 8.2538116e-07
5.9196697e+00 5.1310038e-08 2.3686484e-07 8.6165134e-07
5.9249249e+00 5.3806821e-08 2.4777911e-07 8.9947201e-07
5.9301802e+00 5.6402953e-08 2.5912604e-07 9.3881886e-07
5.9354354e+00 5.9099049e-08 2.7110778e-07 9.7983644e-07
5.9406907e+00 6.1913320e-08 2.8364552e-07 1.0226079e-06
5.9459459e+00 6.4909712e-08 2.9674715e-07 1.0672805e-06
5.9512012e+00 6.8051166e-08 3.1037583e-07 1.1136979e-06
5.9564565e+00 7.1303091e-08 3.2464836e-07 1.1622777e-06
5.9617117e+00 7.4724906e-08 3.3950774e-07 1.2126864e-06
5.9669670e+00 7.8290691e-08 3.5474789e-07 1.2652562e-06
5.9722222e+00 8.2041868e-08 3.7084862e-07 1.3199881e-06
5.9774775e+00 8.5993411e-08 3.8758933e-07 1.3769895e-06
5.9827327e+00 9.0055922e-08 4.0519346e-07 1.4355013e-06
5.9879880e+00 9.4350871e-08 4.2319991e-07 1.4976422e-06
5.9932432e+00 9.8897502e-08 4.4223397e-07 1.5611147e-06
5.9984985e+00 1.0363674e-07 4.6213573e-07 1.6286087e-06
6.0037538e+00 1.0858950e-07 4.8274854e-07 1.6985011e-06
6.0090090e+00 1.1378064e-07 5.0441938e-07 1.7712399e-06
6.0142643e+00 1.1919510e-07 5.2702687e-07 1.8463727e-06
6.0195195e+00 1.2478016e-07 5.5032987e-07 1.9255917e-06
6.0247748e+00 1.3065194e-07 5.7461583e-07 2.0068103e-06
6.0300300e+00 1.3684478e-07 6.0051203e-07 2.0909386e-06
6.0352853e+00 1.4329821e-07 6.2729058e-07 2.1787590e-06
6.0405405e+00 1.5006272e-07 6.5504630e-07 2.2701542e-06
6.0457958e+00 1.5700315e-07 6.8407693e-07 2.3654831e-06
6.0510511e+00 1.6420671e-07 7.1422442e-07 2.4648536e-06
6.0563063e+00 1.7186252e-07 7.4567143e-07 2.5687018e-06
6.0615616e+00 1.7984740e-07 7.7859445e-07 2.6766612e-06
6.0668168e+00 1.8821074e-07 8.1270597e-07 2.7875040e-06
6.0720721e+00 1.9698720e-07 8.4854434e-07 2.9034431e-06
6.0773273e+00 2.0614065e-07 8.8578387e-07 3.0254154e-06
6.0825826e+00 2.1572963e-07 9.2451563e-07 3.1503591e-06
6.0878378e+00 2.2569596e-07 9.6492455e-07 3.2819583e-06
6.0930931e+00 2.3614552e-07 1.0069385e-06 3.4176984e-06
6.0983483e+00 2.4721542e-07 1.0510917e-06 3.5600715e-06
6.1036036e+00 2.5852332e-07 1.0972515e-06 3.7078201e-06
6.1088589e+00 2.7042244e-07 1.1449761e-06 3.8586898e-06
6.1141141e+00 2.8284654e-07 1.1945960e-06 4.0197785e-06
6.1193694e+00 2.9574652e-07 1.2463374e-06 4.1811955e-06
6.1246246e+00 3.0925419e-07 1.3001199e-06 4.3536823e-06
6.1298799e+00 3.2340504e-07 1.3562637e-06 4.5318851e-06
6.1351351e+00 3.3807259e-07 1.4148985e-06 4.7178856e-06
6.1403904e+00 3.5326773e-07 1.4757402e-06 4.9076608e-06
6.1456456e+00 3.6917517e-07 1.5387772e-06 5.1054824e-06
6.1509009e+00 3.8577513e-07 1.6050059e-06 5.3130579e-06
6.1561562e+00 4.0315516e-07 1.6740726e-06 5.5273364e-06
6.1614114e+00 4.2149129e-07 1.7456622e-06 5.7534056e-06
6.1666667e+00 4.4056985e-07 1.8196178e-06 5.9852307e-06
6.1719219e+00 4.6059913e-07 1.8967367e-06 6.2275941e-06
6.1771772e+00 4.8152882e-07 1.9778721e-06 6.4787793e-06
6.1824324e+00 5.0338665e-07 2.0614988e-06 6.7398251e-06
6.1876877e+00 5.2635519e-07 2.1479885e-06 7.0110779e-06
6.1929429e+00 5.4984075e-07 2.2396337e-06 7.2927079e-06
6.1981982e+00 5.7462120e-07 2.3336361e-06 7.5868957e-06
6.2034535e+00 6.0025229e-07 2.4327630e-06 7.8894314e-06
6.2087087e+00 6.2735059e-07 2.5352249e-06 8.2052312e-06
6.2139640e+00 6.5547415e-07 2.6421361e-06 8.5342624e-06
6.2192192e+00 6.8470967e-07 2.7538718e-06 8.8758873e-06
6.2244745e+00 7.1510633e-07 2.8690894e-06 9.2295064e-06
6.2297297e+00 7.4700938e-07 2.9900961e-06 9.5922119e-06
6.2349850e+00 7.8014062e-07 3.1159262e-06 9.9720858e-06
6.2402402e+00 8.1517305e-07 3.2472446e-06 1.0365160e-05
6.2454955e+00 8.5114115e-07 3.3818225e-06 1.0773931e-05
6.2507508e+00 8.8890938e-07 3.5204113e-06 1.1198312e-05
6.2560060e+00 9.2747654e-07 3.6669703e-06 1.1636977e-05
6.2612613e+00 9.6830537e-07 3.8188519e-06 1.2090228e-05
6.2665165e+00 1.0105362e-06 3.9769542e-06 1.2561749e-05
6.2717718e+00 1.0547955e-06 4.1407358e-06 1.3045724e-05
6.2770270e+00 1.1010967e-06 4.3081792e-06 1.3555237e-05
6.2822823e+00 1.1490241e-06 4.4842240e-06 1.4079208e-05
6.2875375e+00 1.1989203e-06 4.6678962e-06 1.4627781e-05
6.2927928e+00 1.2510013e-06 4.8579117e-06 1.5201312e-05
6.2980480e+00 1.3053617e-06 5.0555682e-06 1.5795292e-05
6.3033033e+00 1.3622320e-06 5.2613794e-06 1.6400701e-05
6.3085586e+00 1.4212955e-06 5.4741353e-06 1.7027872e-05
6.3138138e+00 1.4836023e-06 5.6987632e-06 1.7686626e-05
6.3190691e+00 1.5470755e-06 5.9315489e-06 1.8366958e-05
6.3243243e+00 1.6137346e-06 6.1707734e-06 1.9068300e-05
6.3295796e+00 1.6828284e-06 6.4215856e-06 1.9799284e-05
6.3348348e+00 1.7555629e-06 6.6846630e-06 2.0556641e-05
6.3400901e+00 1.8290866e-06 6.9548158e-06 2.1345733e-05
6.3453453e+00 1.9077640e-06 7.2336805e-06 2.2152928e-05
6.3506006e+00 1.9882057e-06 7.5229057e-06 2.2998378e-05
6.3558559e+00 2.0728749e-06 7.8233702e-06 2.3865772e-05
6.3611111e+00 2.1595228e-06 8.1378700e-06 2.4756378e-05
6.3663664e+00 2.2520396e-06 8.4632475e-06 2.5696487e-05
6.3716216e+00 2.3480643e-06 8.8030896e-06 2.6675165e-05
6.3768769e+00 2.4476992e-06 9.1539062e-06 2.7656792e-05
6.3821321e+00 2.5515987e-06 9.5152208e-06 2.8698696e-05
6.3873874e+00 2.6588974e-06 9.8911525e-06 2.9761085e-05
6.3926426e+00 2.7691934e-06 1.0284247e-05 3.0888970e-05
6.3978979e+00 2.8858856e-06 1.0695222e-05 3.2029848e-05
6.4031532e+00 3.0067807e-06 1.1119000e-05 3.3220269e-05
6.4084084e+00 3.1337443e-06 1.1556552e-05 3.4440362e-05
6.4136637e+00 3.2637063e-06 1.2009296e-05 3.5730280e-05
6.4189189e+00 3.4007613e-06 1.2480007e-05 3.7045021e-05
6.4241742e+00 3.5407214e-06 1.2964302e-05 3.8423749e-05
6.4294294e+00 3.6884037e-06 1.3472798e-05 3.9843552e-05
6.4346847e+00 3.8421049e-06 1.4003845e-05 4.1320153e-05
6.4399399e+00 4.0005157e-06 1.4551180e-05 4.2841166e-05
6.4451952e+00 4.1636275e-06 1.5109491e-05 4.4406899e-05
6.4504505e+00 4.3347114e-06 1.5695411e-05 4.6016974e-05
6.4557057e+00 4.5134420e-06 1.6304492e-05 4.7678542e-05
6.4609610e+00 4.6981733e-06 1.6935723e-05 4.9423332e-05
6.4662162e+00 4.8909988e-06 1.7588787e-05 5.1211411e-05
6.4714715e+00 5.0931271e-06 1.8265792e-05 5.3075949e-05
6.4767267e+00 5.3024721e-06 1.8969487e-05 5.5008316e-05
6.4819820e+00 5.5216125e-06 1.9697819e-05 5.7028666e-05
6.4872372e+00 5.7460761e-06 2.0452716e-05 5.9079910e-05
6.4924925e+00 5.9771256e-06 2.1234854e-05 6.1186774e-05
6.4977477e+00 6.2224241e-06 2.2044958e-05 6.3361658e-05
6.5030030e+00 6.4743893e-06 2.2881618e-05 6.5611327e-05
6.5082583e+00 6.7370078e-06 2.3746605e-05 6.7963539e-05
6.5135135e+00 7.0116736e-06 2.4647527e-05 7.0430226e-05
6.5187688e+00 7.2923351e-06 2.5579983e-05 7.2979167e-05
6.5240240e+00 7.5838508e-06 2.6551235e-05 7.5578138e-05
6.5292793e+00 7.8866352e-06 2.7551374e-05 7.8221468e-05
6.5345345e+00 8.2011076e-06 2.8586616e-05 8.0978436e-05
6.5397898e+00 8.5293821e-06 2.9652279e-05 8.3857627e-05
6.5450450e+00 8.8715513e-06 3.0762934e-05 8.6823756e-05
6.5503003e+00 9.2235336e-06 3.1915399e-05 8.9824847e-05
6.5555556e+00 9.5888701e-06 3.3092177e-05 9.3018524e-05
6.5608108e+00 9.9726443e-06 3.4323112e-05 9.6302874e-05
6.5660661e+00 1.0362543e-05 3.5601677e-05 9.9690924e-05
6.5713213e+00 1.0768596e-05 3.6911356e-05 1.0320654e-04
6.5765766e+00 1.1192570e-05 3.8280152e-05 1.0685989e-04
6.5818318e+00 1.1632821e-05 3.9706722e-05 1.1059847e-04
6.5870871e+00 1.2091211e-05 4.1167190e-05 1.1444078e-04
6.5923423e+00 1.2563726e-05 4.2675407e-05 1.1838121e-04
6.5975976e+00 1.3053142e-05 4.4235888e-05 1.2244064e-04
6.6028529e+00 1.3563722e-05 4.5870466e-05 1.2664452e-04
6.6081081e+00 1.4096790e-05 4.7552797e-05 1.3099736e-04
6.6133634e+00 1.4645668e-05 4.9295950e-05 1.3547183e-04
6.6186186e+00 1.5222489e-05 5.1110573e-05 1.4016248e-04
6.6238739e+00 1.5812163e-05 5.2954532e-05 1.4487906e-04
6.6291291e+00 1.6423290e-05 5.4890007e-05 1.4985496e-04
6.6343844e+00 1.7052785e-05 5.6880771e-05 1.5500639e-04
6.6396396e+00 1.7715913e-05 5.8935950e-05 1.6038698e-04
6.6448949e+00 1.8397938e-05 6.1052311e-05 1.6580929e-04
6.6501502e+00 1.9108397e-05 6.3241640e-05 1.7141707e-04
6.6554054e+00 1.9844456e-05 6.5517248e-05 1.7721260e-04
6.6606607e+00 2.0608103e-05 6.7881785e-05 1.8309548e-04
6.6659159e+00 2.1403828e-05 7.0317464e-05 1.8936379e-04
6.6711712e+00 2.2218384e-05 7.2844435e-05 1.9564186e-04
6.6764264e+00 2.3077303e-05 7.5454764e-05 2.0223528e-04
6.6816817e+00 2.3950943e-05 7.8134636e-05 2.0903658e-04
6.6869369e+00 2.4864350e-05 8.0877639e-05 2.1596377e-04
6.6921922e+00 2.5801304e-05 8.3739104e-05 2.2313863e-04
6.6974474e+00 2.6777036e-05 8.6695261e-05 2.3062250e-04
6.7027027e+00 2.7783303e-05 8.9780593e-05 2.3828446e-04
6.7079580e+00 2.8830126e-05 9.2928825e-05 2.4617544e-04
6.7132132e+00 2.9932500e-05 9.6166982e-05 2.5432317e-04
6.7184685e+00 3.1054937e-05 9.9502837e-05 2.6269013e-04
6.7237237e+00 3.2213405e-05 1.0298290e-04 2.7132936e-04
6.7289790e+00 3.3430549e-05 1.0658767e-04 2.8034000e-04
6.7342342e+00 3.4701269e-05 1.1019691e-04 2.8953405e-04
6.7394895e+00 3.6010509e-05 1.1403907e-04 2.9910447e-04
6.7447447e+00 3.7351128e-05 1.1798888e-04 3.0883024e-04
6.7500000e+00 3.8751684e-05 1.2205918e-04 3.1894345e-04
6.7552553e+00 4.0189153e-05 1.2630931e-04 3.2933258e-04
6.7605105e+00 4.1672500e-05 1.3070408e-04 3.3981662e-04
6.7657658e+00 4.3203165e-05 1.3518182e-04 3.5075614e-04
6.7710210e+00 4.4783922e-05 1.3980745e-04 3.6219744e-04
6.7762763e+00 4.6450006e-05 1.4448007e-04 3.7386733e-04
6.7815315e+00 4.8167231e-05 1.4938358e-04 3.8578820e-04
6.7867868e+00 4.9949824e-05 1.5449453e-04 3.9827851e-04
6.7920420e+00 5.1782373e-05 1.5980136e-04 4.1085091e-04
6.7972973e+00 5.3661043e-05 1.6516168e-04 4.2388183e-04
6.8025526e+00 5.5601330e-05 1.7075766e-04 4.3753282e-04
6.8078078e+00 5.7617834e-05 1.7648448e-04 4.5130171e-04
6.8130631e+00 5.9729578e-05 1.8243948e-04 4.6577041e-04
6.8183183e+00 6.1895808e-05 1.8861696e-04 4.8055568e-04
6.8235736e+00 6.4141992e-05 1.9498688e-04 4.9574796e-04
6.8288288e+00 6.6462410e-05 2.0151370e-04 5.1142742e-04
6.8340841e+00 6.8857180e-05 2.0826602e-04 5.2761845e-04
6.8393393e+00 7.1293310e-05 2.1518549e-04 5.4416434e-04
6.8445946e+00 7.3772921e-05 2.2228103e-04 5.6121297e-04
6.8498498e+00 7.6474010e-05 2.2964174e-04 5.7878376e-04
6.8551051e+00 7.9222568e-05 2.3730506e-04 5.9675110e-04
6.8603604e+00 8.2032446e-05 2.4511817e-04 6.1530654e-04
6.8656156e+00 8.4974629e-05 2.5317193e-04 6.3426046e-04
6.8708709e+00 8.7991029e-05 2.6144193e-04 6.5392518e-04
6.8761261e+00 9.1137484e-05 2.7015706e-04 6.7406440e-04
6.8813814e+00 9.4366489e-05 2.7914292e-04 6.9493230e-04
6.8866366e+00 9.7673061e-05 2.8834412e-04 7.1609662e-04
6.8918919e+00 1.0114918e-04 2.9795666e-04 7.3833725e-04
6.8971471e+00 1.0472892e-04 3.0777827e-04 7.6109650e-04
6.9024024e+00 1.0838625e-04 3.1787910e-04 7.8439883e-04
6.9076577e+00 1.1216106e-04 3.2805047e-04 8.0848395e-04
6.9129129e+00 1.1615699e-04 3.3864225e-04 8.3284902e-04
6.9181682e+00 1.2021438e-04 3.4957662e-04 8.5760578e-04
6.9234234e+00 1.2439939e-04 3.6084034e-04 8.8376788e-04
6.9286787e+00 1.2873971e-04 3.7242512e-04 9.1085797e-04
6.9339339e+00 1.3321521e-04 3.8440532e-04 9.3874541e-04
6.9391892e+00 1.3783276e-04 3.9667665e-04 9.6693636e-04
6.9444444e+00 1.4259094e-04 4.0926071e-04 9.9555599e-04
6.9496997e+00 1.4747868e-04 4.2227925e-04 1.0250473e-03
6.9549550e+00 1.5253810e-04 4.3576498e-04 1.0560765e-03
6.9602102e+00 1.5773237e-04 4.4981645e-04 1.0875326e-03
6.9654655e+00 1.6317030e-04 4.6399287e-04 1.1195721e-03
6.9707207e+00 1.6876968e-04 4.7866304e-04 1.1526399e-03
6.9759760e+00 1.7453598e-04 4.9383563e-04 1.1868249e-03
6.9812312e+00 1.8052710e-04 5.0952714e-04 1.2217741e-03
6.9864865e+00 1.8671975e-04 5.2570764e-04 1.2570438e-03
6.9917417e+00 1.9308913e-04 5.4225593e-04 1.2932600e-03
6.9969970e+00 1.9957204e-04 5.5912161e-04 1.3310727e-03
7.0022523e+00 2.0632577e-04 5.7644784e-04 1.3698084e-03
7.0075075e+00 2.1328663e-04 5.9438145e-04 1.4099542e-03
7.0127628e+00 2.2036572e-04 6.1285921e-04 1.4506124e-03
7.0180180e+00 2.2783810e-04 6.3182725e-04 1.4926119e-03
7.0232733e+00 2.3549915e-04 6.5110038e-04 1.5360828e-03
7.0285285e+00 2.4333544e-04 6.7116553e-04 1.5811363e-03
7.0337838e+00 2.5152364e-04 6.9165334e-04 1.6265135e-03
7.0390390e+00 2.5982224e-04 7.1276411e-04 1.6734096e-03
7.0442943e+00 2.6850829e-04 7.3434080e-04 1.7214082e-03
7.0495495e+00 2.7738881e-04 7.5679359e-04 1.7710075e-03
7.0548048e+00 2.8674422e-04 7.7995958e-04 1.8212585e-03
7.0600601e+00 2.9629290e-04 8.0357446e-04 1.8725738e-03
7.0653153e+00 3.0615782e-04 8.2787577e-04 1.9255308e-03
7.0705706e+00 3.1620152e-04 8.5294347e-04 1.9790958e-03
7.0758258e+00 3.2646441e-04 8.7912153e-04 2.0358977e-03
7.0810811e+00 3.3716490e-04 9.0562306e-04 2.0934050e-03
7.0863363e+00 3.4827772e-04 9.3280772e-04 2.1525249e-03
7.0915916e+00 3.5961330e-04 9.6036510e-04 2.2129636e-03
7.0968468e+00 3.7129972e-04 9.8876900e-04 2.2750606e-03
7.1021021e+00 3.8330897e-04 1.0188360e-03 2.3390748e-03
7.1073574e+00 3.9556960e-04 1.0494932e-03 2.4032402e-03
7.1126126e+00 4.0846230e-04 1.0810457e-03 2.4693360e-03
7.1178679e+00 4.2168726e-04 1.1128402e-03 2.5384567e-03
7.1231231e+00 4.3532315e-04 1.1458141e-03 2.6101437e-03
7.1283784e+00 4.4888666e-04 1.1799296e-03 2.6826385e-03
7.1336336e+00 4.6356811e-04 1.2149140e-03 2.7562975e-03
7.1388889e+00 4.7829161e-04 1.2507920e-03 2.8306573e-03
7.1441441e+00 4.9367404e-04 1.2875235e-03 2.9070662e-03
7.1493994e+00 5.0953343e-04 1.3250007e-03 2.9857408e-03
7.1546547e+00 5.2567709e-04 1.3636329e-03 3.0663744e-03
7.1599099e+00 5.4213126e-04 1.4032314e-03 3.1491881e-03
7.1651652e+00 5.5939103e-04 1.4441985e-03 3.2314915e-03
7.1704204e+00 5.7730018e-04 1.4861495e-03 3.3193070e-03
7.1756757e+00 5.9543424e-04 1.5295635e-03 3.4057127e-03
7.1809309e+00 6.1397958e-04 1.5732757e-03 3.4972815e-03
7.1861862e+00 6.3321434e-04 1.6182629e-03 3.5902379e-03
7.1914414e+00 6.5289666e-04 1.6651012e-03 3.6856345e-03
7.1966967e+00 6.7327970e-04 1.7127103e-03 3.7849329e-03
7.2019520e+00 6.9406917e-04 1.7616962e-03 3.8835637e-03
7.2072072e+00 7.1579681e-04 1.8126310e-03 3.9884760e-03
7.2124625e+00 7.3781874e-04 1.8650480e-03 4.0932861e-03
7.2177177e+00 7.6090367e-04 1.9179118e-03 4.2004388e-03
7.2229730e+00 7.8386715e-04 1.9726527e-03 4.3118680e-03
7.2282282e+00 8.0790053e-04 2.0272831e-03 4.4268306e-03
7.2334835e+00 8.3314306e-04 2.0850892e-03 4.5441929e-03
7.2387387e+00 8.5849107e-04 2.1437750e-03 4.6642991e-03
7.2439940e+00 8.8455390e-04 2.2040155e-03 4.7863506e-03
7.2492492e+00 9.1202041e-04 2.2660074e-03 4.9107628e-03
7.2545045e+00 9.4002328e-04 2.3286243e-03 5.0353998e-03
7.2597598e+00 9.6855979e-04 2.3931946e-03 5.1634803e-03
7.2650150e+00 9.9802294e-04 2.4595849e-03 5.2962884e-03
7.2702703e+00 1.0279997e-03 2.5290005e-03 5.4335888e-03
7.2755255e+00 1.0585545e-03 2.5998161e-03 5.5732866e-03
7.2807808e+00 1.0904257e-03 2.6715063e-03 5.7142653e-03
7.2860360e+00 1.1228777e-03 2.7461763e-03 5.8584101e-03
7.2912913e+00 1.1569075e-03 2.8210454e-03 6.0066699e-03
7.2965465e+00 1.1916077e-03 2.8984802e-03 6.1571292e-03
7.3018018e+00 1.2271703e-03 2.9773002e-03 6.3121359e-03
7.3070571e+00 1.2639106e-03 3.0586484e-03 6.4731885e-03
7.3123123e+00 1.3010173e-03 3.1429170e-03 6.6379146e-03
7.3175676e+00 1.3392516e-03 3.2287517e-03 6.8012512e-03
7.3228228e+00 1.3784603e-03 3.3160362e-03 6.9728926e-03
7.3280781e+00 1.4188330e-03 3.4046632e-03 7.1458680e-03
7.3333333e+00 1.4607397e-03 3.4951878e-03 7.3240468e-03
7.3385886e+00 1.5035207e-03 3.5901215e-03 7.5088538e-03
7.3438438e+00 1.5476375e-03 3.6871715e-03 7.6932063e-03
7.3490991e+00 1.5927246e-03 3.7849295e-03 7.8860909e-03
7.3543544e+00 1.6388127e-03 3.8863633e-03 8.0810502e-03
7.3596096e+00 1.6859976e-03 3.9886430e-03 8.2800457e-03
7.3648649e+00 1.7341440e-03 4.0929844e-03 8.4832746e-03
7.3701201e+00 1.7828917e-03 4.2014552e-03 8.6903684e-03
7.3753754e+00 1.8344893e-03 4.3122054e-03 8.8964874e-03
7.3806306e+00 1.8863372e-03 4.4260020e-03 9.1162655e-03
7.3858859e+00 1.9412414e-03 4.5416857e-03 9.3336080e-03
7.3911411e+00 1.9970816e-03 4.6594103e-03 9.5577730e-03
7.3963964e+00 2.0531718e-03 4.7813124e-03 9.7863545e-03
7.4016517e+00 2.1113141e-03 4.9050995e-03 1.0020794e-02
7.4069069e+00 2.1707005e-03 5.0331514e-03 1.0260548e-02
7.4121622e+00 2.2317600e-03 5.1641781e-03 1.0504071e-02
7.4174174e+00 2.2947915e-03 5.2987662e-03 1.0749685e-02
7.4226727e+00 2.3593627e-03 5.4349074e-03 1.1001008e-02
7.4279279e+00 2.4242271e-03 5.5750432e-03 1.1255887e-02
7.4331832e+00 2.4913802e-03 5.7187925e-03 1.1521085e-02
7.4384384e+00 2.5603676e-03 5.8647467e-03 1.1793333e-02
7.4436937e+00 2.6311490e-03 6.0133998e-03 1.2069403e-02
7.4489489e+00 2.7038761e-03 6.1655953e-03 1.2351762e-02
7.4542042e+00 2.7791261e-03 6.3217512e-03 1.2637641e-02
7.4594595e+00 2.8559008e-03 6.4780713e-03 1.2934108e-02
7.4647147e+00 2.9348965e-03 6.6385356e-03 1.3232655e-02
7.4699700e+00 3.0162061e-03 6.8086475e-03 1.3533420e-02
7.4752252e+00 3.0991469e-03 6.9752882e-03 1.3842464e-02
7.4804805e+00 3.1837900e-03 7.1465330e-03 1.4159102e-02
7.4857357e+00 3.2705994e-03 7.3255568e-03 1.4479886e-02
7.4909910e+00 3.3607332e-03 7.5073638e-03 1.4813820e-02
7.4962462e+00 3.4501813e-03 7.6939289e-03 1.5151079e-02
7.5015015e+00 3.5429151e-03 7.8816476e-03 1.5497706e-02
7.5067568e+00 3.6393763e-03 8.0732190e-03 1.5849421e-02
7.5120120e+00 3.7353495e-03 8.2706669e-03 1.6207168e-02
7.5172673e+00 3.8362452e-03 8.4722663e-03 1.6566756e-02
7.5225225e+00 3.9395960e-03 8.6819011e-03 1.6940320e-02
7.5277778e+00 4.0454515e-03 8.8970566e-03 1.7322712e-02
7.5330330e+00 4.1542731e-03 9.1122234e-03 1.7716185e-02
7.5382883e+00 4.2670544e-03 9.3327815e-03 1.8114954e-02
7.5435435e+00 4.3797206e-03 9.5539502e-03 1.8515413e-02
7.5487988e+00 4.4946004e-03 9.7863500e-03 1.8920312e-02
7.5540541e+00 4.6137324e-03 1.0022867e-02 1.9334520e-02
7.5593093e+00 4.7336925e-03 1.0264460e-02 1.9754441e-02
7.5645646e+00 4.8559572e-03 1.0509410e-02 2.0185728e-02
7.5698198e+00 4.9824831e-03 1.0760289e-02 2.0622832e-02
7.5750751e+00 5.1125999e-03 1.1014292e-02 2.1074634e-02
7.5803303e+00 5.2485563e-03 1.1272470e-02 2.1524334e-02
7.5855856e+00 5.3840980e-03 1.1542879e-02 2.1981624e-02
7.5908408e+00 5.5225646e-03 1.1815615e-02 2.2448395e-02
7.5960961e+00 5.6645959e-03 1.2090329e-02 2.2931176e-02
7.6013514e+00 5.8118943e-03 1.2374196e-02 2.3426264e-02
7.6066066e+00 5.9598466e-03 1.2661279e-02 2.3922087e-02
7.6118619e+00 6.1125008e-03 1.2956047e-02 2.4435038e-02
7.6171171e+00 6.2695411e-03 1.3256686e-02 2.4946194e-02
7.6223724e+00 6.4327458e-03 1.3558574e-02 2.5472040e-02
7.6276276e+00 6.5957919e-03 1.3875199e-02 2.6012263e-02
7.6328829e+00 6.7630582e-03 1.4193250e-02 2.6555874e-02
7.6381381e+00 6.9360131e-03 1.4515743e-02 2.7111821e-02
7.6433934e+00 7.1146074e-03 1.4850666e-02 2.7679587e-02
7.6486486e+00 7.2962034e-03 1.5186387e-02 2.8270608e-02
7.6539039e+00 7.4768613e-03 1.5536795e-02 2.8861021e-02
7.6591592e+00 7.6634744e-03 1.5890710e-02 2.9453119e-02
7.6644144e+00 7.8586691e-03 1.6247355e-02 3.0047074e-02
7.6696697e+00 8.0578548e-03 1.6619686e-02 3.0658455e-02
7.6749249e+00 8.2603193e-03 1.6990803e-02 3.1293396e-02
7.6801802e+00 8.4637072e-03 1.7363775e-02 3.1925683e-02
7.6854354e+00 8.6720571e-03 1.7747228e-02 3.2586579e-02
7.6906907e+00 8.8857014e-03 1.8142738e-02 3.3255232e-02
7.6959459e+00 9.1005728e-03 1.8543323e-02 3.3932190e-02
7.7012012e+00 9.3252890e-03 1.8952036e-02 3.4631010e-02
7.7064565e+00 9.5512219e-03 1.9373047e-02 3.5330913e-02
7.7117117e+00 9.7854694e-03 1.9798886e-02 3.6023302e-02
7.7169670e+00 1.0023186e-02 2.0228812e-02 3.6759980e-02
7.7222222e+00 1.0263314e-02 2.0670392e-02 3.7482689e-02
7.7274775e+00 1.0507770e-02 2.1121393e-02 3.8222523e-02
7.7327327e+00 1.0760013e-02 2.1580694e-02 3.8992614e-02
7.7379880e+00 1.1015666e-02 2.2054028e-02 3.9775059e-02
7.7432432e+00 1.1282112e-02 2.2532019e-02 4.0553524e-02
7.7484985e+00 1.1547859e-02 2.3018971e-02 4.1344303e-02
7.7537538e+00 1.1826198e-02 2.3511399e-02 4.2151675e-02
7.7590090e+00 1.2111222e-02 2.4018171e-02 4.2984605e-02
7.7642643e+00 1.2397170e-02 2.4528274e-02 4.3784955e-02
7.7695195e+00 1.2689617e-02 2.5047685e-02 4.4642443e-02
7.7747748e+00 1.2984008e-02 2.5577549e-02 4.5511824e-02
7.7800300e+00 1.3296936e-02 2.6114915e-02 4.6393794e-02
7.7852853e+00 1.3611900e-02 2.6670910e-02 4.7270469e-02
7.7905405e+00 1.3933142e-02 2.7228283e-02 4.8164181e-02
7.7957958e+00 1.4258440e-02 2.7801973e-02 4.9085544e-02
7.8010511e+00 1.4579065e-02 2.8387133e-02 5.0003729e-02
7.8063063e+00 1.4918494e-02 2.8982063e-02 5.0942068e-02
7.8115616e+00 1.5264516e-02 2.9583304e-02 5.1899819e-02
7.8168168e+00 1.5611787e-02 3.0182118e-02 5.2888256e-02
7.8220721e+00 1.5962909e-02 3.0810535e-02 5.3867234e-02
7.8273273e+00 1.6323955e-02 3.1446419e-02 5.4871297e-02
7.8325826e+00 1.6685113e-02 3.2090774e-02 5.5886114e-02
7.8378378e+00 1.7061889e-02 3.2754209e-02 5.6926536e-02
7.8430931e+00 1.7451177e-02 3.3418143e-02 5.7967435e-02
7.8483483e+00 1.7834039e-02 3.4106908e-02 5.9061437e-02
7.8536036e+00 1.8223710e-02 3.4784916e-02 6.0161779e-02
7.8588589e+00 1.8640995e-02 3.5493440e-02 6.1277545e-02
7.8641141e+00 1.9062954e-02 3.6212120e-02 6.2404964e-02
7.8693694e+00 1.9497210e-02 3.6937037e-02 6.3541438e-02
7.8746246e+00 1.9937921e-02 3.7678570e-02 6.4673245e-02
7.8798799e+00 2.0373088e-02 3.8423042e-02 6.5828241e-02
7.8851351e+00 2.0823768e-02 3.9186727e-02 6.6994438e-02
7.8903904e+00 2.1276996e-02 3.9961604e-02 6.8194058e-02
7.8956456e+00 2.1745023e-02 4.0755139e-02 6.9407398e-02
7.9009009e+00 2.2214596e-02 4.1544128e-02 7.0664457e-02
7.9061562e+00 2.2694061e-02 4.2350788e-02 7.1903085e-02
7.9114114e+00 2.3184903e-02 4.3165760e-02 7.3143020e-02
7.9166667e+00 2.3681524e-02 4.4008020e-02 7.4432443e-02
7.9219219e+00 2.4197178e-02 4.4848003e-02 7.5725707e-02
7.9271772e+00 2.4717463e-02 4.5697108e-02 7.7054099e-02
7.9324324e+00 2.5257223e-02 4.6589111e-02 7.8404777e-02
7.9376877e+00 2.5799768e-02 4.7483724e-02 7.9783936e-02
7.9429429e+00 2.6340194e-02 4.8383336e-02 8.1163575e-02
7.9481982e+00 2.6898639e-02 4.9300842e-02 8.2557165e-02
7.9534535e+00 2.7469965e-02 5.0242699e-02 8.3992317e-02
7.9587087e+00 2.8053334e-02 5.1187545e-02 8.5438623e-02
7.9639640e+00 2.8663223e-02 5.2146447e-02 8.6869325e-02
7.9692192e+00 2.9274257e-02 5.3133088e-02 8.8328920e-02
7.9744745e+00 2.9874850e-02 5.4127535e-02 8.9849986e-02
7.9797297e+00 3.0497629e-02 5.5128722e-02 9.1364111e-02
7.9849850e+00 3.1122360e-02 5.6155291e-02 9.2927754e-02
7.9902402e+00 3.1771486e-02 5.7193256e-02 9.4466957e-02
7.9954955e+00 3.2441679e-02 5.8242976e-02 9.6040666e-02
8.0007508e+00 3.3112392e-02 5.9328739e-02 9.7635184e-02
8.0060060e+00 3.3791032e-02 6.0419268e-02 9.9241075e-02
8.0112613e+00 3.4485372e-02 6.1511531e-02 1.0093064e-01
8.0165165e+00 3.5193800e-02 6.2616951e-02 1.0260435e-01
8.0217718e+00 3.5901080e-02 6.3762215e-02 1.0428895e-01
8.0270270e+00 3.6626621e-02 6.4921581e-02 1.0597572e-01
8.0322823e+00 3.7366240e-02 6.6098152e-02 1.0769314e-01
8.0375375e+00 3.8125730e-02 6.7279123e-02 1.0943951e-01
8.0427928e+00 3.8888316e-02 6.8487940e-02 1.1122505e-01
8.0480480e+00 3.9659988e-02 6.9692737e-02 1.1304646e-01
8.0533033e+00 4.0446292e-02 7.0935029e-02 1.1485477e-01
8.0585586e+00 4.1238993e-02 7.2181242e-02 1.1671315e-01
8.0638138e+00 4.2046965e-02 7.3460641e-02 1.1861305e-01
8.0690691e+00 4.2878836e-02 7.4736148e-02 1.2046961e-01
8.0743243e+00 4.3706302e-02 7.6077226e-02 1.2232869e-01
8.0795796e+00 4.4561303e-02 7.7408347e-02 1.2426882e-01
8.0848348e+00 4.5418548e-02 7.8747509e-02 1.2622824e-01
8.0900901e+00 4.6317871e-02 8.0130745e-02 1.2819071e-01
8.0953453e+00 4.7222177e-02 8.1506505e-02 1.3020342e-01
8.1006006e+00 4.8165474e-02 8.2914300e-02 1.3223847e-01
8.1058559e+00 4.9101040e-02 8.4344794e-02 1.3428211e-01
8.1111111e+00 5.0027398e-02 8.5762567e-02 1.3632136e-01
8.1163664e+00 5.0995829e-02 8.7233485e-02 1.3844612e-01
8.1216216e+00 5.1964977e-02 8.8750865e-02 1.4054204e-01
8.1268769e+00 5.2966433e-02 9.0229592e-02 1.4265973e-01
8.1321321e+00 5.3977889e-02 9.1740494e-02 1.4479864e-01
8.1373874e+00 5.4979336e-02 9.3277577e-02 1.4695700e-01
8.1426426e+00 5.5987224e-02 9.4815810e-02 1.4912801e-01
8.1478979e+00 5.7051241e-02 9.6399722e-02 1.5135592e-01
8.1531532e+00 5.8118118e-02 9.7980571e-02 1.5363120e-01
8.1584084e+00 5.9206421e-02 9.9593287e-02 1.5596836e-01
8.1636637e+00 6.0282098e-02 1.0122648e-01 1.5826333e-01
8.1689189e+00 6.1382769e-02 1.0292490e-01 1.6050311e-01
8.1741742e+00 6.2475644e-02 1.0458395e-01 1.6286521e-01
8.1794294e+00 6.3631695e-02 1.0626692e-01 1.6526645e-01
8.1846847e+00 6.4817596e-02 1.0800370e-01 1.6768275e-01
8.1899399e+00 6.6025413e-02 1.0974045e-01 1.7012253e-01
8.1951952e+00 6.7216680e-02 1.1149507e-01 1.7257289e-01
8.2004505e+00 6.8451217e-02 1.1327775e-01 1.7503863e-01
8.2057057e+00 6.9683093e-02 1.1504652e-01 1.7752407e-01
8.2109610e+00 7.0937001e-02 1.1686651e-01 1.8005524e-01
8.2162162e+00 7.2231847e-02 1.1872139e-01 1.8259343e-01
8.2214715e+00 7.3512459e-02 1.2061503e-01 1.8513156e-01
8.2267267e+00 7.4828970e-02 1.2252179e-01 1.8768174e-01
8.2319820e+00 7.6132548e-02 1.2447420e-01 1.9029694e-01
8.2372372e+00 7.7505091e-02 1.2641736e-01 1.9290316e-01
8.2424925e+00 7.8843079e-02 1.2841114e-01 1.9556371e-01
8.2477477e+00 8.0195845e-02 1.3043080e-01 1.9824889e-01
8.2530030e+00 8.1586116e-02 1.3238777e-01 2.0089165e-01
8.2582583e+00 8.3003537e-02 1.3441153e-01 2.0364948e-01
8.2635135e+00 8.4491250e-02 1.3645498e-01 2.0647917e-01
8.2687688e+00 8.5952658e-02 1.3854398e-01 2.0932351e-01
8.2740240e+00 8.7436320e-02 1.4063343e-01 2.1204841e-01
8.2792793e+00 8.8916266e-02 1.4275159e-01 2.1483180e-01
8.2845345e+00 9.0439590e-02 1.4490537e-01 2.1763106e-01
8.2897898e+00 9.1978015e-02 1.4707455e-01 2.2051255e-01
8.2950450e+00 9.3565890e-02 1.4926605e-01 2.2342394e-01
8.3003003e+00 9.5181139e-02 1.5148836e-01 2.2633643e-01
8.3055556e+00 9.6809074e-02 1.5372446e-01 2.2926855e-01
8.3108108e+00 9.8445289e-02 1.5597921e-01 2.3225433e-01
8.3160661e+00 1.0001190e-01 1.5825072e-01 2.3522261e-01
8.3213213e+00 1.0166805e-01 1.6057529e-01 2.3831173e-01
8.3265766e+00 1.0340325e-01 1.6291147e-01 2.4138637e-01
8.3318318e+00 1.0512531e-01 1.6522548e-01 2.4440362e-01
8.3370871e+00 1.0683513e-01 1.6760977e-01 2.4748298e-01
8.3423423e+00 1.0857782e-01 1.7002140e-01 2.5062041e-01
8.3475976e+00 1.1035503e-01 1.7247992e-01 2.5376693e-01
8.3528529e+00 1.1215514e-01 1.7495960e-01 2.5695994e-01
8.3581081e+00 1.1397056e-01 1.7745125e-01 2.6014386e-01
8.3633634e+00 1.1582951e-01 1.7992264e-01 2.6336252e-01
8.3686186e+00 1.1769719e-01 1.8245352e-01 2.6663098e-01
8.3738739e+00 1.1956032e-01 1.8496944e-01 2.6980667e-01
8.3791291e+00 1.2149711e-01 1.8754237e-01 2.7309319e-01
8.3843844e+00 1.2345256e-01 1.9014315e-01 2.7641161e-01
8.3896396e+00 1.2539582e-01 1.9278257e-01 2.7973685e-01
8.3948949e+00 1.2732018e-01 1.9544363e-01 2.8316122e-01
8.4001502e+00 1.2929983e-01 1.9811187e-01 2.8647657e-01
8.4054054e+00 1.3132386e-01 2.0083018e-01 2.8986724e-01
8.4106607e+00 1.3335319e-01 2.0355056e-01 2.9330406e-01
8.4159159e+00 1.3545489e-01 2.0631450e-01 2.9672718e-01
8.4211712e+00 1.3755861e-01 2.0905915e-01 3.0020353e-01
8.4264264e+00 1.3974151e-01 2.1186424e-01 3.0378250e-01
8.4316817e+00 1.4183960e-01 2.1472221e-01 3.0731664e-01
8.4369369e+00 1.4399884e-01 2.1749263e-01 3.1075576e-01
8.4421922e+00 1.4620687e-01 2.2037230e-01 3.1433438e-01
8.4474474e+00 1.4842725e-01 2.2317293e-01 3.1786483e-01
8.4527027e+00 1.5060657e-01 2.2615259e-01 3.2145731e-01
8.4579580e+00 1.5289960e-01 2.2914247e-01 3.2513438e-01
8.4632132e+00 1.5520560e-01 2.3216177e-01 3.2867186e-01
8.4684685e+00 1.5750055e-01 2.3519179e-01 3.3239324e-01
8.4737237e+00 1.5985167e-01 2.3823561e-01 3.3609962e-01
8.4789790e+00 1.6221262e-01 2.4124631e-01 3.3981742e-01
8.4842342e+00 1.6455957e-01 2.4424047e-01 3.4357430e-01
8.4894895e+00 1.6701827e-01 2.4735848e-01 3.4730342e-01
8.4947447e+00 1.6942335e-01 2.5043044e-01 3.5109851e-01
8.5000000e+00 1.7193092e-01 2.5362413e-01 3.5479293e-01
8.5052553e+00 1.7439869e-01 2.5684090e-01 3.5860725e-01
8.5105105e+00 1.7692461e-01 2.6007295e-01 3.6237324e-01
8.5157658e+00 1.7945906e-01 2.6330519e-01 3.6624205e-01
8.5210210e+00 1.8199913e-01 2.6652986e-01 3.7009741e-01
8.5262763e+00 1.8456832e-01 2.6982184e-01 3.7404206e-01
8.5315315e+00 1.8719848e-01 2.7316475e-01 3.7796137e-01
8.5367868e+00 1.8978021e-01 2.7655746e-01 3.8205202e-01
8.5420420e+00 1.9248219e-01 2.7988899e-01 3.8604922e-01
8.5472973e+00 1.9512558e-01 2.8324638e-01 3.9005553e-01
8.5525526e+00 1.9782491e-01 2.8665786e-01 3.9402879e-01
8.5578078e+00 2.0054631e-01 2.9011289e-01 3.9806034e-01
8.5630631e+00 2.0335255e-01 2.9364522e-01 4.0212466e-01
8.5683183e+00 2.0615656e-01 2.9712350e-01 4.0617432e-01
8.5735736e+00 2.0894739e-01 3.0057404e-01 4.1023131e-01
8.5788288e+00 2.1171345e-01 3.0399736e-01 4.1432861e-01
8.5840841e+00 2.1449369e-01 3.0748521e-01 4.1842932e-01
8.5893393e+00 2.1732086e-01 3.1105026e-01 4.2254649e-01
8.5945946e+00 2.2020083e-01 3.1465798e-01 4.2667506e-01
8.5998498e+00 2.2315697e-01 3.1833648e-01 4.3080578e-01
8.6051051e+00 2.2610467e-01 3.2191859e-01 4.3497536e-01
8.6103604e+00 2.2903537e-01 3.2556818e-01 4.3917900e-01
8.6156156e+00 2.3197160e-01 3.2916386e-01 4.4345154e-01
8.6208709e+00 2.3503249e-01 3.3287524e-01 4.4770948e-01
8.6261261e+00 2.3809931e-01 3.3660048e-01 4.5188968e-01
8.6313814e+00 2.4127260e-01 3.4034900e-01 4.5604906e-01
8.6366366e+00 2.4435628e-01 3.4408185e-01 4.6031201e-01
8.6418919e+00 2.4750292e-01 3.4786565e-01 4.6457879e-01
8.6471471e+00 2.5075289e-01 3.5163627e-01 4.6884375e-01
8.6524024e+00 2.5403365e-01 3.5544282e-01 4.7320210e-01
8.6576577e+00 2.5725943e-01 3.5927122e-01 4.7751312e-01
8.6629129e+00 2.6057951e-01 3.6311851e-01 4.8189881e-01
8.6681682e+00 2.6380644e-01 3.6701885e-01 4.8614472e-01
8.6734234e+00 2.6713094e-01 3.7085109e-01 4.9040905e-01
8.6786787e+00 2.7052065e-01 3.7488386e-01 4.9475926e-01
8.6839339e+00 2.7387942e-01 3.7881207e-01 4.9920497e-01
8.6891892e+00 2.7722188e-01 3.8270082e-01 5.0350714e-01
8.6944444e+00 2.8062651e-01 3.8665501e-01 5.0799076e-01
8.6996997e+00 2.8398508e-01 3.9066663e-01 5.1240157e-01
8.7049550e+00 2.8751022e-01 3.9467005e-01 5.1677141e-01
8.7102102e+00 2.9091676e-01 3.9871440e-01 5.2124306e-01
8.7154655e+00 2.9441823e-01 4.0269066e-01 5.2569977e-01
8.7207207e+00 2.9798474e-01 4.0679038e-01 5.3007441e-01
8.7259760e+00 3.0157658e-01 4.1090304e-01 5.3460559e-01
8.7312312e+00 3.0511748e-01 4.1505154e-01 5.3909898e-01
8.7364865e+00 3.0861833e-01 4.1916698e-01 5.4350472e-01
8.7417417e+00 3.1230343e-01 4.2326408e-01 5.4787588e-01
8.7469970e+00 3.1596924e-01 4.2747466e-01 5.5245029e-01
8.7522523e+00 3.1961723e-01 4.3169540e-01 5.5688422e-01
8.7575075e+00 3.2331649e-01 4.3586935e-01 5.6131992e-01
8.7627628e+00 3.2695281e-01 4.4021080e-01 5.6559319e-01
8.7680180e+00 3.3066448e-01 4.4433188e-01 5.6998669e-01
8.7732733e+00 3.3444994e-01 4.4861629e-01 5.7450547e-01
8.7785285e+00 3.3824739e-01 4.5279876e-01 5.7910496e-01
8.7837838e+00 3.4206932e-01 4.5708105e-01 5.8361338e-01
8.7890390e+00 3.4587534e-01 4.6136299e-01 5.8833190e-01
8.7942943e+00 3.4976719e-01 4.6558367e-01 5.9286054e-01
8.7995495e+00 3.5366426e-01 4.6982039e-01 5.9748539e-01
8.8048048e+00 3.5762009e-01 4.7410244e-01 6.0206256e-01
8.8100601e+00 3.6158050e-01 4.7836634e-01 6.0653645e-01
8.8153153e+00 3.6548778e-01 4.8265890e-01 6.1101566e-01
8.8205706e+00 3.6949536e-01 4.8707787e-01 6.1557192e-01
8.8258258e+00 3.7354330e-01 4.9148270e-01 6.2012370e-01
8.8310811e+00 3.7759058e-01 4.9583889e-01 6.2458509e-01
8.8363363e+00 3.8171282e-01 5.0019932e-01 6.2884289e-01
8.8415916e+00 3.8575449e-01 5.0456575e-01 6.3316202e-01
8.8468468e+00 3.8986763e-01 5.0902005e-01 6.3777264e-01
8.8521021e+00 3.9406905e-01 5.1349842e-01 6.4245215e-01
8.8573574e+00 3.9814740e-01 5.1781004e-01 6.4703036e-01
8.8626126e+00 4.0227366e-01 5.2216200e-01 6.5152692e-01
8.8678679e+00 4.0629402e-01 5.2650434e-01 6.5594921e-01
8.8731231e+00 4.1045879e-01 5.3093697e-01 6.6059197e-01
8.8783784e+00 4.1466349e-01 5.3533683e-01 6.6507828e-01
8.8836336e+00 4.1894215e-01 5.3982116e-01 6.6957341e-01
8.8888889e+00 4.2323733e-01 5.4434125e-01 6.7416363e-01
8.8941441e+00 4.2739900e-01 5.4875361e-01 6.7873572e-01
8.8993994e+00 4.3163484e-01 5.5312386e-01 6.8330985e-01
8.9046547e+00 4.3571379e-01 5.5770427e-01 6.8767819e-01
8.9099099e+00 4.3996696e-01 5.6217215e-01 6.9210069e-01
8.9151652e+00 4.4427728e-01 5.6666576e-01 6.9619997e-01
8.9204204e+00 4.4866739e-01 5.7106901e-01 7.0059853e-01
8.9256757e+00 4.5295193e-01 5.7555508e-01 7.0497330e-01
8.9309309e+00 4.5724825e-01 5.7999261e-01 7.0946760e-01
8.9361862e+00 4.6157555e-01 5.8453383e-01 7.1377418e-01
8.9414414e+00 4.6600988e-01 5.8913231e-01 7.1806592e-01
8.9466967e+00 4.7029109e-01 5.9374879e-01 7.2257325e-01
8.9519520e+00 4.7465677e-01 5.9823787e-01 7.2697082e-01
8.9572072e+00 4.7882159e-01 6.0285778e-01 7.3138847e-01
8.9624625e+00 4.8322182e-01 6.0733954e-01 7.3587331e-01
8.9677177e+00 4.8764718e-01 6.1184168e-01 7.4017279e-01
8.9729730e+00 4.9203940e-01 6.1625823e-01 7.4448582e-01
8.9782282e+00 4.9640357e-01 6.2068657e-01 7.4889327e-01
8.9834835e+00 5.0085025e-01 6.2514388e-01 7.5327209e-01
8.9887387e+00 5.0538377e-01 6.2958933e-01 7.5761062e-01
8.9939940e+00 5.0987881e-01 6.3407278e-01 7.6188820e-01
8.9992492e+00 5.1427095e-01 6.3853267e-01 7.6612571e-01
9.0045045e+00 5.1886813e-01 6.4305906e-01 7.7024514e-01
9.0097598e+00 5.2351558e-01 6.4759744e-01 7.7446995e-01
9.0150150e+00 5.2814061e-01 6.5209544e-01 7.7875603e-01
9.0202703e+00 5.3265103e-01 6.5656906e-01 7.8283267e-01
9.0255255e+00 5.3710723e-01 6.6099506e-01 7.8707367e-01
9.0307808e+00 5.4158664e-01 6.6546634e-01 7.9123133e-01
9.0360360e+00 5.4609734e-01 6.6976773e-01 7.9526188e-01
9.0412913e+00 5.5073014e-01 6.7426472e-01 7.9942726e-01
9.0465465e+00 5.5523685e-01 6.7878337e-01 8.0350105e-01
9.0518018e+00 5.5981662e-01 6.8310057e-01 8.0752486e-01
9.0570571e+00 5.6423083e-01 6.8734818e-01 8.1153868e-01
9.0623123e+00 5.6888839e-01 6.9170385e-01 8.1554127e-01
9.0675676e+00 5.7341245e-01 6.9615552e-01 8.1954003e-01
9.0728228e+00 5.7792389e-01 7.0070475e-01 8.2354474e-01
9.0780781e+00 5.8243021e-01 7.0484378e-01 8.2740443e-01
9.0833333e+00 5.8711546e-01 7.0922436e-01 8.3139997e-01
9.0885886e+00 5.9168878e-01 7.1360814e-01 8.3518650e-01
9.0938438e+00 5.9624914e-01 7.1781187e-01 8.3908307e-01
9.0990991e+00 6.0074302e-01 7.2218983e-01 8.4291922e-01
9.1043544e+00 6.0522190e-01 7.2669234e-01 8.4667558e-01
9.1096096e+00 6.0997427e-01 7.3110380e-01 8.5041128e-01
9.1148649e+00 6.1457356e-01 7.3539020e-01 8.5419860e-01
9.1201201e+00 6.1917109e-01 7.3955499e-01 8.5800316e-01
9.1253754e+00 6.2372307e-01 7.4364348e-01 8.6145989e-01
9.1306306e+00 6.2824104e-01 7.4781676e-01 8.6511881e-01
9.1358859e+00 6.3294087e-01 7.5202345e-01 8.6860716e-01
9.1411411e+00 6.3755336e-01 7.5610214e-01 8.7217679e-01
9.1463964e+00 6.4204311e-01 7.6024414e-01 8.7581033e-01
9.1516517e+00 6.4653488e-01 7.6440377e-01 8.7916075e-01
9.1569069e+00 6.5108981e-01 7.6849821e-01 8.8263768e-01
9.1621622e+00 6.5550837e-01 7.7265112e-01 8.8618087e-01
9.1674174e+00 6.6013252e-01 7.7687721e-01 8.8956496e-01
9.1726727e+00 6.6470000e-01 7.8099669e-01 8.9309021e-01
9.1779279e+00 6.6910029e-01 7.8512819e-01 8.9640345e-01
9.1831832e+00 6.7347083e-01 7.8926282e-01 8.9968764e-01
9.1884384e+00 6.7794777e-01 7.9319267e-01 9.0298876e-01
9.1936937e+00 6.8237874e-01 7.9717562e-01 9.0610835e-01
9.1989489e+00 6.8683391e-01 8.0114471e-01 9.0925539e-01
9.2042042e+00 6.9131833e-01 8.0503837e-01 9.1232983e-01
9.2094595e+00 6.9567682e-01 8.0887827e-01 9.1553612e-01
9.2147147e+00 7.0013628e-01 8.1282143e-01 9.1852728e-01
9.2199700e+00 7.0465262e-01 8.1661443e-01 9.2163812e-01
9.2252252e+00 7.0901354e-01 8.2029934e-01 9.2470389e-01
9.2304805e+00 7.1340122e-01 8.2417354e-01 9.2757809e-01
9.2357357e+00 7.1769402e-01 8.2793602e-01 9.3068767e-01
9.2409910e+00 7.2204142e-01 8.3160660e-01 9.3363241e-01
9.2462462e+00 7.2635331e-01 8.3518269e-01 9.3639095e-01
9.2515015e+00 7.3075272e-01 8.3872072e-01 9.3932583e-01
9.2567568e+00 7.3517272e-01 8.4227719e-01 9.4208478e-01
9.2620120e+00 7.3936328e-01 8.4585327e-01 9.4475545e-01
9.2672673e+00 7.4350060e-01 8.4939864e-01 9.4748265e-01
9.2725225e+00 7.4769819e-01 8.5294291e-01 9.5021210e-01
9.2777778e+00 7.5186229e-01 8.5625951e-01 9.5296588e-01
9.2830330e+00 7.5604112e-01 8.5984514e-01 9.5551538e-01
9.2882883e+00 7.6025560e-01 8.6316418e-01 9.5810565e-01
9.2935435e+00 7.6423917e-01 8.6645022e-01 9.6065445e-01
9.2987988e+00 7.6834704e-01 8.6988503e-01 9.6314898e-01
9.3040541e+00 7.7257273e-01 8.7324984e-01 9.6546754e-01
9.3093093e+00 7.7655996e-01 8.7644420e-01 9.6796351e-01
9.3145646e+00 7.8068103e-01 8.7978217e-01 9.7043349e-01
9.3198198e+00 7.8462170e-01 8.8297304e-01 9.7271277e-01
9.3250751e+00 7.8850656e-01 8.8622454e-01 9.7497159e-01
9.3303303e+00 7.9236389e-01 8.8947439e-01 9.7722057e-01
9.3355856e+00 7.9631678e-01 8.9248019e-01 9.7952419e-01
9.3408408e+00 8.0048324e-01 8.9552425e-01 9.8166033e-01
9.3460961e+00 8.0430574e-01 8.9851849e-01 9.8391241e-01
9.3513514e+00 8.0823915e-01 9.0154676e-01 9.8594691e-01
9.3566066e+00 8.1199206e-01 9.0454016e-01 9.8811396e-01
9.3618619e+00 8.1587444e-01 9.0740014e-01 9.8997737e-01
9.3671171e+00 8.1963521e-01 9.1040042e-01 9.9205388e-01
9.3723724e+00 8.2341235e-01 9.1322677e-01 9.9407592e-01
9.3776276e+00 8.2713250e-01 9.1605314e-01 9.9600979e-01
9.3828829e+00 8.3062262e-01 9.1887209e-01 9.9787861e-01
9.3881381e+00 8.3417824e-01 9.2156717e-01 9.9966560e-01
9.3933934e+00 8.3759723e-01 9.2420029e-01 1.0013888e+00
9.3986486e+00 8.4109105e-01 9.2672637e-01 1.0030591e+00
9.4039039e+00 8.4455655e-01 9.2926350e-01 1.0049255e+00
9.4091592e+00 8.4796012e-01 9.3179394e-01 1.0066303e+00
9.4144144e+00 8.5131032e-01 9.3430428e-01 1.0083954e+00
9.4196697e+00 8.5460991e-01 9.3681205e-01 1.0100449e+00
9.4249249e+00 8.5768330e-01 9.3920233e-01 1.0116183e+00
9.4301802e+00 8.6076285e-01 9.4156262e-01 1.0130213e+00
9.4354354e+00 8.6402312e-01 9.4384785e-01 1.0145493e+00
9.4406907e+00 8.6700035e-01 9.4598976e-01 1.0159268e+00
9.4459459e+00 8.7007513e-01 9.4820916e-01 1.0173992e+00
9.4512012e+00 8.7302370e-01 9.5031076e-01 1.0188016e+00
9.4564565e+00 8.7592531e-01 9.5235754e-01 1.0200471e+00
9.4617117e+00 8.7876268e-01 9.5441689e-01 1.0214871e+00
9.4669670e+00 8.8151662e-01 9.5660961e-01 1.0227931e+00
9.4722222e+00 8.8439684e-01 9.5857530e-01 1.0240138e+00
9.4774775e+00 8.8715540e-01 9.6062124e-01 1.0251304e+00
9.4827327e+00 8.8984621e-01 9.6251716e-01 1.0263005e+00
9.4879880e+00 8.9253782e-01 9.6432782e-01 1.0275874e+00
9.4932432e+00 8.9503478e-01 9.6617599e-01 1.0287816e+00
9.4984985e+00 8.9754760e-01 9.6790383e-01 1.0297654e+00
9.5037538e+00 8.9992958e-01 9.6972201e-01 1.0308623e+00
9.5090090e+00 9.0222326e-01 9.7140478e-01 1.0318739e+00
9.5142643e+00 9.0464488e-01 9.7298056e-01 1.0328553e+00
9.5195195e+00 9.0688317e-01 9.7464971e-01 1.0337258e+00
9.5247748e+00 9.0911351e-01 9.7617887e-01 1.0345163e+00
9.5300300e+00 9.1125971e-01 9.7746090e-01 1.0353752e+00
9.5352853e+00 9.1325852e-01 9.7892285e-01 1.0360330e+00
9.5405405e+00 9.1515225e-01 9.8023529e-01 1.0369554e+00
9.5457958e+00 9.1701249e-01 9.8155477e-01 1.0377103e+00
9.5510511e+00 9.1866313e-01 9.8278170e-01 1.0385637e+00
9.5563063e+00 9.2042348e-01 9.8399342e-01 1.0392278e+00
9.5615616e+00 9.2207854e-01 9.8528592e-01 1.0399312e+00
9.5668168e+00 9.2363662e-01 9.8648440e-01 1.0407264e+00
9.5720721e+00 9.2514961e-01 9.8753159e-01 1.0412488e+00
9.5773273e+00 9.2648025e-01 9.8846701e-01 1.0419554e+00
9.5825826e+00 9.2786342e-01 9.8946323e-01 1.0426446e+00
9.5878378e+00 9.2898042e-01 9.9039050e-01 1.0432547e+00
9.5930931e+00 9.2982565e-01 9.9133433e-01 1.0437933e+00
9.5983483e+00 9.3096374e-01 9.9223860e-01 1.0444118e+00
9.6036036e+00 9.3187672e-01 9.9292675e-01 1.0450347e+00
9.6088589e+00 9.3269873e-01 9.9365004e-01 1.0455862e+00
9.6141141e+00 9.3354668e-01 9.9434612e-01 1.0461119e+00
9.6193694e+00 9.3428668e-01 9.9496620e-01 1.0466656e+00
9.6246246e+00 9.3515300e-01 9.9564754e-01 1.0471163e+00
9.6298799e+00 9.3577162e-01 9.9620556e-01 1.0474749e+00
9.6351351e+00 9.3606274e-01 9.9678349e-01 1.0479313e+00
9.6403904e+00 9.3634995e-01 9.9739878e-01 1.0485612e+00
9.6456456e+00 9.3669964e-01 9.9771105e-01 1.0489402e+00
9.6509009e+00 9.3683152e-01 9.9816754e-01 1.0493701e+00
9.6561562e+00 9.3671193e-01 9.9838870e-01 1.0496853e+00
9.6614114e+00 9.3675761e-01 9.9882937e-01 1.0499677e+00
9.6666667e+00 9.3647430e-01 9.9917877e-01 1.0501153e+00
9.6719219e+00 9.3633823e-01 9.9929566e-01 1.0505649e+00
9.6771772e+00 9.3615029e-01 9.9948625e-01 1.0507956e+00
9.6824324e+00 9.3589991e-01 9.9970421e-01 1.0510648e+00
9.6876877e+00 9.3552471e-01 9.9977645e-01 1.0512605e+00
9.6929429e+00 9.3487884e-01 9.9981974e-01 1.0514459e+00
9.6981982e+00 9.3414509e-01 1.0000000e+00 1.0518355e+00
9.7034535e+00 9.3352334e-01 9.9989787e-01 1.0520038e+00
9.7087087e+00 9.3271688e-01 9.9978737e-01 1.0521730e+00
9.7139640e+00 9.3188926e-01 9.9961526e-01 1.0522002e+00
9.7192192e+00 9.3107247e-01 9.9950494e-01 1.0523286e+00
9.7244745e+00 9.3035576e-01 9.9919755e-01 1.0524277e+00
9.7297297e+00 9.2918698e-01 9.9891635e-01 1.0523658e+00
9.7349850e+00 9.2781245e-01 9.9840230e-01 1.0523683e+00
9.7402402e+00 9.2652358e-01 9.9790834e-01 1.0523192e+00
9.7454955e+00 9.2512405e-01 9.9748218e-01 1.0523860e+00
9.7507508e+00 9.2370133e-01 9.9682584e-01 1.0524058e+00
9.7560060e+00 9.2205719e-01 9.9623956e-01 1.0524107e+00
9.7612613e+00 9.2047744e-01 9.9545587e-01 1.0522066e+00
9.7665165e+00 9.1877353e-01 9.9464321e-01 1.0519993e+00
9.7717718e+00 9.1691947e-01 9.9381978e-01 1.0518627e+00
9.7770270e+00 9.1508691e-01 9.9279910e-01 1.0516743e+00
9.7822823e+00 9.1325669e-01 9.9178254e-01 1.0514070e+00
9.7875375e+00 9.1107088e-01 9.9077919e-01 1.0511680e+00
9.7927928e+00 9.0889181e-01 9.8975343e-01 1.0508396e+00
9.7980480e+00 9.0678598e-01 9.8858541e-01 1.0504818e+00
9.8033033e+00 9.0464947e-01 9.8736506e-01 1.0499720e+00
9.8085586e+00 9.0233436e-01 9.8605966e-01 1.0493482e+00
9.8138138e+00 8.9998472e-01 9.8467569e-01 1.0488820e+00
9.8190691e+00 8.9761848e-01 9.8318081e-01 1.0483549e+00
9.8243243e+00 8.9517620e-01 9.8188223e-01 1.0479436e+00
9.8295796e+00 8.9271442e-01 9.8037045e-01 1.0471954e+00
9.8348348e+00 8.9022340e-01 9.7863033e-01 1.0465330e+00
9.8400901e+00 8.8774628e-01 9.7702797e-01 1.0457452e+00
9.8453453e+00 8.8529133e-01 9.7533391e-01 1.0449817e+00
9.8506006e+00 8.8276181e-01 9.7364479e-01 1.0441879e+00
9.8558559e+00 8.8001262e-01 9.7176855e-01 1.0432292e+00
9.8611111e+00 8.7716398e-01 9.6984998e-01 1.0424018e+00
9.8663664e+00 8.7435837e-01 9.6791018e-01 1.0414664e+00
9.8716216e+00 8.7153144e-01 9.6608581e-01 1.0404494e+00
9.8768769e+00 8.6862871e-01 9.6421946e-01 1.0394453e+00
9.8821321e+00 8.6561774e-01 9.6218277e-01 1.0383536e+00
9.8873874e+00 8.6266971e-01 9.6008480e-01 1.0373156e+00
9.8926426e+00 8.5972419e-01 9.5788686e-01 1.0361282e+00
9.8978979e+00 8.5646421e-01 9.5572673e-01 1.0350022e+00
9.9031532e+00 8.5327052e-01 9.5344247e-01 1.0336114e+00
9.9084084e+00 8.5018887e-01 9.5127383e-01 1.0322283e+00
9.9136637e+00 8.4692276e-01 9.4906027e-01 1.0307307e+00
9.9189189e+00 8.4362671e-01 9.4654557e-01 1.0292859e+00
9.9241742e+00 8.4028315e-01 9.4418080e-01 1.0278259e+00
9.9294294e+00 8.3694362e-01 9.4165189e-01 1.0261834e+00
9.9346847e+00 8.3352497e-01 9.3901424e-01 1.0244668e+00
9.9399399e+00 8.3017663e-01 9.3635751e-01 1.0227835e+00
9.9451952e+00 8.2677936e-01 9.3378537e-01 1.0210501e+00
9.9504505e+00 8.2336075e-01 9.3106578e-01 1.0192377e+00
9.9557057e+00 8.1994588e-01 9.2838263e-01 1.0173565e+00
9.9609610e+00 8.1619693e-01 9.2563299e-01 1.0154037e+00
9.9662162e+00 8.1268710e-01 9.2280238e-01 1.0132572e+00
9.9714715e+00 8.0904713e-01 9.1981170e-01 1.0113787e+00
9.9767267e+00 8.0548767e-01 9.1677623e-01 1.0093234e+00
9.9819820e+00 8.0170703e-01 9.1363670e-01 1.0072805e+00
9.9872372e+00 7.9796635e-01 9.1058469e-01 1.0052253e+00
9.9924925e+00 7.9429923e-01 9.0744670e-01 1.0030694e+00
9.9977477e+00 7.9054406e-01 9.0434607e-01 1.0008567e+00
1.0003003e+01 7.8670654e-01 9.0130903e-01 9.9848200e-01
1.0008258e+01 7.8291570e-01 8.9803193e-01 9.9599373e-01
1.0013514e+01 7.7916899e-01 8.9478826e-01 9.9348411e-01
1.0018769e+01 7.7536703e-01 8.9150739e-01 9.9114305e-01
1.0024024e+01 7.7162081e-01 8.8823017e-01 9.8863302e-01
1.0029279e+01 7.6741749e-01 8.8498222e-01 9.8614283e-01
1.0034535e+01 7.6326341e-01 8.8158582e-01 9.8363681e-01
1.0039790e+01 7.5947434e-01 8.7816798e-01 9.8096709e-01
1.0045045e+01 7.5542756e-01 8.7464374e-01 9.7811682e-01
1.0050300e+01 7.5135268e-01 8.7127656e-01 9.7529196e-01
1.0055556e+01 7.4741701e-01 8.6774986e-01 9.7263987e-01
1.0060811e+01 7.4328750e-01 8.6417784e-01 9.6993147e-01
1.0066066e+01 7.3906344e-01 8.6063790e-01 9.6705361e-01
1.0071321e+01 7.3489232e-01 8.5692573e-01 9.6422488e-01
1.0076577e+01 7.3088531e-01 8.5339702e-01 9.6143663e-01
1.0081832e+01 7.2672896e-01 8.4960695e-01 9.5844956e-01
1.0087087e+01 7.2269218e-01 8.4584161e-01 9.5529182e-01
1.0092342e+01 7.1864426e-01 8.4216381e-01 9.5224916e-01
1.0097598e+01 7.1442287e-01 8.3833327e-01 9.4928656e-01
1.0102853e+01 7.1020819e-01 8.3448012e-01 9.4611236e-01
1.0108108e+01 7.0597244e-01 8.3062788e-01 9.4306809e-01
1.0113363e+01 7.0183005e-01 8.2667830e-01 9.3991971e-01
1.0118619e+01 6.9760587e-01 8.2259624e-01 9.3645161e-01
1.0123874e+01 6.9314191e-01 8.1861507e-01 9.3298228e-01
1.0129129e+01 6.8874447e-01 8.1467290e-01 9.2960201e-01
1.0134384e+01 6.8434261e-01 8.1065220e-01 9.2617294e-01
1.0139640e+01 6.8003650e-01 8.0662751e-01 9.2259101e-01
1.0144895e+01 6.7567274e-01 8.0249383e-01 9.1904082e-01
1.0150150e+01 6.7129077e-01 7.9833626e-01 9.1555635e-01
1.0155405e+01 6.6692574e-01 7.9430810e-01 9.1181909e-01
1.0160661e+01 6.6267120e-01 7.9022362e-01 9.0815939e-01
1.0165916e+01 6.5809284e-01 7.8606525e-01 9.0455068e-01
1.0171171e+01 6.5365336e-01 7.8192110e-01 9.0077217e-01
1.0176426e+01 6.4929631e-01 7.7785665e-01 8.9713238e-01
1.0181682e+01 6.4478874e-01 7.7363706e-01 8.9328497e-01
1.0186937e+01 6.4025800e-01 7.6933353e-01 8.8939396e-01
1.0192192e+01 6.3573170e-01 7.6507249e-01 8.8547416e-01
1.0197447e+01 6.3121836e-01 7.6080001e-01 8.8165400e-01
1.0202703e+01 6.2669583e-01 7.5651525e-01 8.7761424e-01
1.0207958e+01 6.2228475e-01 7.5214122e-01 8.7356398e-01
1.0213213e+01 6.1773285e-01 7.4783627e-01 8.6950345e-01
1.0218468e+01 6.1313224e-01 7.4340059e-01 8.6556623e-01
1.0223724e+01 6.0859090e-01 7.3906902e-01 8.6149285e-01
1.0228979e+01 6.0406208e-01 7.3475993e-01 8.5736636e-01
1.0234234e+01 5.9970019e-01 7.3029766e-01 8.5328002e-01
1.0239489e+01 5.9518561e-01 7.2594818e-01 8.4908619e-01
1.0244745e+01 5.9074744e-01 7.2151281e-01 8.4508742e-01
1.0250000e+01 5.8648318e-01 7.1700720e-01 8.4082252e-01
