X KDE_INF KDE_MED KDE_SUP
5.0000000e+00 1.1318445e-03 2.0055414e-03 8.9760743e-03
5.0052553e+00 1.1489055e-03 2.0336550e-03 9.0540587e-03
5.0105105e+00 1.1663162e-03 2.0621579e-03 9.1305359e-03
5.0157658e+00 1.1839568e-03 2.0911248e-03 9.2069691e-03
5.0210210e+00 1.2018364e-03 2.1191061e-03 9.2865139e-03
5.0262763e+00 1.2199955e-03 2.1482928e-03 9.3604316e-03
5.0315315e+00 1.2383312e-03 2.1771438e-03 9.4395704e-03
5.0367868e+00 1.2569596e-03 2.2068330e-03 9.5180657e-03
5.0420420e+00 1.2757217e-03 2.2366003e-03 9.6007278e-03
5.0472973e+00 1.2949037e-03 2.2666191e-03 9.6781612e-03
5.0525526e+00 1.3142957e-03 2.2973158e-03 9.7611526e-03
5.0578078e+00 1.3338445e-03 2.3287035e-03 9.8393371e-03
5.0630631e+00 1.3535997e-03 2.3613089e-03 9.9144519e-03
5.0683183e+00 1.3738169e-03 2.3940478e-03 9.9902790e-03
5.0735736e+00 1.3942716e-03 2.4271711e-03 1.0070806e-02
5.0788288e+00 1.4150137e-03 2.4597947e-03 1.0155018e-02
5.0840841e+00 1.4359648e-03 2.4940788e-03 1.0236774e-02
5.0893393e+00 1.4574260e-03 2.5286826e-03 1.0310975e-02
5.0945946e+00 1.4791334e-03 2.5638179e-03 1.0394042e-02
5.0998498e+00 1.5012387e-03 2.5982040e-03 1.0484995e-02
5.1051051e+00 1.5231658e-03 2.6339606e-03 1.0568830e-02
5.1103604e+00 1.5458890e-03 2.6694412e-03 1.0650617e-02
5.1156156e+00 1.5686818e-03 2.7050377e-03 1.0738427e-02
5.1208709e+00 1.5918108e-03 2.7416923e-03 1.0829459e-02
5.1261261e+00 1.6152498e-03 2.7790058e-03 1.0914767e-02
5.1313814e+00 1.6388638e-03 2.8164409e-03 1.1006657e-02
5.1366366e+00 1.6627782e-03 2.8538979e-03 1.1087448e-02
5.1418919e+00 1.6871528e-03 2.8925801e-03 1.1172154e-02
5.1471471e+00 1.7119834e-03 2.9309361e-03 1.1263443e-02
5.1524024e+00 1.7369382e-03 2.9697225e-03 1.1348974e-02
5.1576577e+00 1.7623446e-03 3.0094097e-03 1.1440719e-02
5.1629129e+00 1.7882902e-03 3.0490698e-03 1.1533422e-02
5.1681682e+00 1.8145407e-03 3.0905011e-03 1.1624096e-02
5.1734234e+00 1.8408943e-03 3.1313087e-03 1.1714473e-02
5.1786787e+00 1.8678651e-03 3.1726051e-03 1.1806307e-02
5.1839339e+00 1.8950955e-03 3.2140014e-03 1.1895135e-02
5.1891892e+00 1.9225223e-03 3.2570038e-03 1.1987073e-02
5.1944444e+00 1.9504150e-03 3.2996076e-03 1.2084675e-02
5.1996997e+00 1.9786457e-03 3.3424896e-03 1.2186614e-02
5.2049550e+00 2.0068974e-03 3.3873847e-03 1.2280583e-02
5.2102102e+00 2.0357714e-03 3.4316576e-03 1.2381330e-02
5.2154655e+00 2.0652273e-03 3.4772866e-03 1.2469571e-02
5.2207207e+00 2.0952643e-03 3.5221158e-03 1.2560927e-02
5.2259760e+00 2.1257257e-03 3.5675564e-03 1.2657679e-02
5.2312312e+00 2.1562375e-03 3.6151215e-03 1.2756500e-02
5.2364865e+00 2.1874149e-03 3.6632955e-03 1.2857018e-02
5.2417417e+00 2.2189691e-03 3.7119813e-03 1.2959254e-02
5.2469970e+00 2.2508864e-03 3.7613656e-03 1.3052043e-02
5.2522523e+00 2.2832682e-03 3.8102304e-03 1.3152719e-02
5.2575075e+00 2.3159217e-03 3.8593131e-03 1.3249967e-02
5.2627628e+00 2.3491157e-03 3.9093984e-03 1.3352574e-02
5.2680180e+00 2.3826949e-03 3.9611690e-03 1.3453696e-02
5.2732733e+00 2.4168751e-03 4.0130667e-03 1.3556137e-02
5.2785285e+00 2.4513132e-03 4.0644625e-03 1.3655224e-02
5.2837838e+00 2.4862680e-03 4.1172554e-03 1.3755904e-02
5.2890390e+00 2.5215923e-03 4.1698419e-03 1.3865014e-02
5.2942943e+00 2.5571445e-03 4.2251395e-03 1.3971175e-02
5.2995495e+00 2.5931044e-03 4.2806728e-03 1.4074912e-02
5.3048048e+00 2.6297725e-03 4.3363628e-03 1.4175662e-02
5.3100601e+00 2.6665593e-03 4.3923400e-03 1.4289533e-02
5.3153153e+00 2.7043541e-03 4.4504788e-03 1.4395605e-02
5.3205706e+00 2.7425770e-03 4.5080384e-03 1.4502633e-02
5.3258258e+00 2.7810026e-03 4.5647243e-03 1.4606623e-02
5.3310811e+00 2.8203498e-03 4.6244033e-03 1.4714696e-02
5.3363363e+00 2.8603690e-03 4.6817814e-03 1.4822329e-02
5.3415916e+00 2.9006654e-03 4.7398261e-03 1.4928566e-02
5.3468468e+00 2.9410706e-03 4.7999103e-03 1.5038487e-02
5.3521021e+00 2.9825837e-03 4.8612048e-03 1.5145286e-02
5.3573574e+00 3.0242262e-03 4.9242133e-03 1.5263411e-02
5.3626126e+00 3.0661938e-03 4.9860791e-03 1.5383276e-02
5.3678679e+00 3.1089895e-03 5.0494884e-03 1.5495932e-02
5.3731231e+00 3.1525633e-03 5.1148144e-03 1.5615142e-02
5.3783784e+00 3.1967035e-03 5.1788723e-03 1.5725452e-02
5.3836336e+00 3.2410175e-03 5.2444978e-03 1.5839557e-02
5.3888889e+00 3.2863036e-03 5.3109710e-03 1.5963153e-02
5.3941441e+00 3.3315689e-03 5.3768253e-03 1.6079806e-02
5.3993994e+00 3.3778596e-03 5.4434828e-03 1.6209749e-02
5.4046547e+00 3.4245138e-03 5.5109468e-03 1.6331765e-02
5.4099099e+00 3.4719874e-03 5.5800488e-03 1.6445932e-02
5.4151652e+00 3.5200062e-03 5.6508755e-03 1.6570816e-02
5.4204204e+00 3.5684721e-03 5.7221824e-03 1.6686144e-02
5.4256757e+00 3.6173556e-03 5.7934176e-03 1.6813198e-02
5.4309309e+00 3.6668111e-03 5.8658329e-03 1.6939479e-02
5.4361862e+00 3.7168761e-03 5.9399370e-03 1.7073264e-02
5.4414414e+00 3.7677386e-03 6.0147858e-03 1.7199738e-02
5.4466967e+00 3.8191321e-03 6.0903082e-03 1.7330368e-02
5.4519520e+00 3.8713532e-03 6.1677369e-03 1.7467075e-02
5.4572072e+00 3.9247511e-03 6.2448740e-03 1.7594240e-02
5.4624625e+00 3.9785618e-03 6.3220312e-03 1.7725677e-02
5.4677177e+00 4.0331260e-03 6.3997266e-03 1.7859378e-02
5.4729730e+00 4.0882500e-03 6.4773249e-03 1.7991878e-02
5.4782282e+00 4.1428855e-03 6.5575111e-03 1.8123460e-02
5.4834835e+00 4.1993141e-03 6.6390231e-03 1.8254982e-02
5.4887387e+00 4.2565083e-03 6.7219025e-03 1.8388213e-02
5.4939940e+00 4.3140736e-03 6.8058679e-03 1.8522505e-02
5.4992492e+00 4.3726596e-03 6.8890320e-03 1.8657030e-02
5.5045045e+00 4.4319078e-03 6.9757713e-03 1.8797582e-02
5.5097598e+00 4.4917120e-03 7.0606176e-03 1.8930943e-02
5.5150150e+00 4.5524580e-03 7.1480685e-03 1.9071112e-02
5.5202703e+00 4.6135713e-03 7.2356617e-03 1.9204164e-02
5.5255255e+00 4.6754185e-03 7.3243474e-03 1.9345261e-02
5.5307808e+00 4.7383171e-03 7.4122769e-03 1.9488013e-02
5.5360360e+00 4.8020712e-03 7.5037414e-03 1.9630982e-02
5.5412913e+00 4.8666509e-03 7.5951354e-03 1.9773055e-02
5.5465465e+00 4.9318448e-03 7.6863634e-03 1.9897844e-02
5.5518018e+00 4.9981448e-03 7.7794092e-03 2.0048370e-02
5.5570571e+00 5.0648409e-03 7.8755167e-03 2.0194409e-02
5.5623123e+00 5.1320318e-03 7.9728126e-03 2.0338446e-02
5.5675676e+00 5.2009197e-03 8.0680671e-03 2.0481934e-02
5.5728228e+00 5.2699732e-03 8.1668983e-03 2.0620081e-02
5.5780781e+00 5.3398995e-03 8.2633629e-03 2.0773168e-02
5.5833333e+00 5.4102509e-03 8.3628607e-03 2.0915274e-02
5.5885886e+00 5.4821953e-03 8.4627607e-03 2.1066832e-02
5.5938438e+00 5.5549649e-03 8.5669445e-03 2.1221949e-02
5.5990991e+00 5.6287808e-03 8.6687185e-03 2.1381052e-02
5.6043544e+00 5.7036151e-03 8.7717885e-03 2.1537723e-02
5.6096096e+00 5.7795397e-03 8.8779892e-03 2.1695060e-02
5.6148649e+00 5.8559086e-03 8.9846236e-03 2.1848837e-02
5.6201201e+00 5.9333210e-03 9.0886245e-03 2.2000021e-02
5.6253754e+00 6.0117055e-03 9.1989828e-03 2.2162944e-02
5.6306306e+00 6.0911504e-03 9.3104185e-03 2.2326664e-02
5.6358859e+00 6.1708829e-03 9.4233403e-03 2.2473331e-02
5.6411411e+00 6.2519686e-03 9.5359016e-03 2.2634486e-02
5.6463964e+00 6.3338150e-03 9.6521262e-03 2.2791453e-02
5.6516517e+00 6.4162329e-03 9.7658107e-03 2.2952952e-02
5.6569069e+00 6.4993602e-03 9.8835451e-03 2.3112444e-02
5.6621622e+00 6.5834773e-03 1.0002807e-02 2.3281600e-02
5.6674174e+00 6.6691496e-03 1.0122924e-02 2.3447412e-02
5.6726727e+00 6.7557625e-03 1.0241778e-02 2.3618778e-02
5.6779279e+00 6.8430051e-03 1.0363987e-02 2.3778713e-02
5.6831832e+00 6.9320205e-03 1.0486883e-02 2.3947732e-02
5.6884384e+00 7.0217953e-03 1.0607750e-02 2.4117767e-02
5.6936937e+00 7.1124358e-03 1.0734887e-02 2.4293184e-02
5.6989489e+00 7.2039223e-03 1.0860589e-02 2.4461506e-02
5.7042042e+00 7.2964834e-03 1.0987136e-02 2.4636357e-02
5.7094595e+00 7.3898328e-03 1.1115238e-02 2.4806735e-02
5.7147147e+00 7.4845323e-03 1.1246287e-02 2.4989211e-02
5.7199700e+00 7.5809813e-03 1.1376345e-02 2.5172840e-02
5.7252252e+00 7.6782104e-03 1.1509348e-02 2.5331111e-02
5.7304805e+00 7.7768952e-03 1.1642442e-02 2.5515341e-02
5.7357357e+00 7.8762849e-03 1.1778374e-02 2.5704356e-02
5.7409910e+00 7.9772497e-03 1.1914972e-02 2.5887400e-02
5.7462462e+00 8.0790631e-03 1.2053491e-02 2.6077310e-02
5.7515015e+00 8.1823353e-03 1.2193585e-02 2.6260123e-02
5.7567568e+00 8.2861339e-03 1.2335761e-02 2.6438376e-02
5.7620120e+00 8.3914596e-03 1.2477370e-02 2.6619260e-02
5.7672673e+00 8.4978159e-03 1.2621769e-02 2.6809260e-02
5.7725225e+00 8.6046714e-03 1.2765061e-02 2.6989027e-02
5.7777778e+00 8.7126655e-03 1.2909307e-02 2.7179590e-02
5.7830330e+00 8.8223968e-03 1.3057077e-02 2.7368510e-02
5.7882883e+00 8.9338967e-03 1.3206220e-02 2.7562332e-02
5.7935435e+00 9.0459322e-03 1.3355351e-02 2.7757960e-02
5.7987988e+00 9.1592077e-03 1.3507230e-02 2.7962439e-02
5.8040541e+00 9.2737658e-03 1.3661670e-02 2.8166938e-02
5.8093093e+00 9.3898990e-03 1.3818075e-02 2.8359199e-02
5.8145646e+00 9.5065950e-03 1.3976559e-02 2.8546890e-02
5.8198198e+00 9.6255622e-03 1.4132291e-02 2.8743385e-02
5.8250751e+00 9.7464499e-03 1.4293796e-02 2.8951440e-02
5.8303303e+00 9.8672862e-03 1.4453779e-02 2.9161144e-02
5.8355856e+00 9.9897158e-03 1.4616725e-02 2.9381590e-02
5.8408408e+00 1.0113467e-02 1.4782348e-02 2.9584147e-02
5.8460961e+00 1.0238372e-02 1.4952193e-02 2.9793958e-02
5.8513514e+00 1.0364715e-02 1.5121166e-02 3.0007613e-02
5.8566066e+00 1.0493350e-02 1.5290667e-02 3.0208176e-02
5.8618619e+00 1.0623121e-02 1.5461633e-02 3.0416380e-02
5.8671171e+00 1.0753666e-02 1.5634600e-02 3.0613524e-02
5.8723724e+00 1.0884454e-02 1.5812150e-02 3.0834389e-02
5.8776276e+00 1.1018461e-02 1.5983621e-02 3.1036575e-02
5.8828829e+00 1.1154560e-02 1.6163075e-02 3.1249068e-02
5.8881381e+00 1.1291578e-02 1.6341422e-02 3.1465554e-02
5.8933934e+00 1.1429600e-02 1.6522727e-02 3.1678630e-02
5.8986486e+00 1.1570172e-02 1.6703965e-02 3.1893687e-02
5.9039039e+00 1.1711962e-02 1.6891195e-02 3.2118674e-02
5.9091592e+00 1.1854792e-02 1.7077436e-02 3.2354444e-02
5.9144144e+00 1.1999342e-02 1.7268182e-02 3.2572104e-02
5.9196697e+00 1.2146004e-02 1.7459241e-02 3.2801434e-02
5.9249249e+00 1.2292498e-02 1.7656199e-02 3.3025683e-02
5.9301802e+00 1.2441449e-02 1.7852848e-02 3.3249101e-02
5.9354354e+00 1.2593622e-02 1.8049307e-02 3.3483915e-02
5.9406907e+00 1.2746136e-02 1.8244110e-02 3.3723657e-02
5.9459459e+00 1.2900315e-02 1.8443078e-02 3.3957614e-02
5.9512012e+00 1.3057414e-02 1.8645608e-02 3.4195783e-02
5.9564565e+00 1.3214703e-02 1.8849419e-02 3.4438403e-02
5.9617117e+00 1.3372933e-02 1.9056351e-02 3.4691176e-02
5.9669670e+00 1.3533883e-02 1.9265010e-02 3.4933597e-02
5.9722222e+00 1.3696588e-02 1.9478964e-02 3.5175236e-02
5.9774775e+00 1.3860879e-02 1.9691812e-02 3.5405385e-02
5.9827327e+00 1.4028183e-02 1.9906685e-02 3.5648785e-02
5.9879880e+00 1.4195937e-02 2.0123214e-02 3.5895518e-02
5.9932432e+00 1.4365170e-02 2.0344478e-02 3.6133553e-02
5.9984985e+00 1.4535417e-02 2.0565004e-02 3.6383865e-02
6.0037538e+00 1.4707922e-02 2.0790898e-02 3.6635987e-02
6.0090090e+00 1.4880732e-02 2.1020648e-02 3.6884704e-02
6.0142643e+00 1.5059424e-02 2.1250124e-02 3.7147253e-02
6.0195195e+00 1.5236661e-02 2.1479623e-02 3.7394216e-02
6.0247748e+00 1.5415764e-02 2.1712464e-02 3.7667801e-02
6.0300300e+00 1.5597336e-02 2.1946592e-02 3.7915214e-02
6.0352853e+00 1.5782000e-02 2.2179485e-02 3.8171399e-02
6.0405405e+00 1.5970377e-02 2.2417130e-02 3.8455207e-02
6.0457958e+00 1.6159094e-02 2.2651510e-02 3.8741093e-02
6.0510511e+00 1.6349806e-02 2.2898268e-02 3.9012162e-02
6.0563063e+00 1.6542251e-02 2.3143170e-02 3.9286599e-02
6.0615616e+00 1.6737580e-02 2.3393441e-02 3.9573107e-02
6.0668168e+00 1.6933588e-02 2.3639373e-02 3.9846036e-02
6.0720721e+00 1.7131858e-02 2.3889466e-02 4.0129424e-02
6.0773273e+00 1.7330886e-02 2.4139885e-02 4.0411750e-02
6.0825826e+00 1.7534945e-02 2.4390228e-02 4.0699210e-02
6.0878378e+00 1.7737725e-02 2.4652837e-02 4.0983570e-02
6.0930931e+00 1.7944965e-02 2.4918649e-02 4.1280332e-02
6.0983483e+00 1.8153321e-02 2.5184033e-02 4.1570876e-02
6.1036036e+00 1.8363358e-02 2.5453804e-02 4.1853695e-02
6.1088589e+00 1.8577138e-02 2.5720457e-02 4.2163238e-02
6.1141141e+00 1.8792156e-02 2.5983688e-02 4.2469862e-02
6.1193694e+00 1.9010816e-02 2.6256642e-02 4.2779520e-02
6.1246246e+00 1.9230918e-02 2.6526900e-02 4.3103915e-02
6.1298799e+00 1.9452442e-02 2.6803252e-02 4.3417665e-02
6.1351351e+00 1.9674875e-02 2.7084968e-02 4.3736063e-02
6.1403904e+00 1.9900303e-02 2.7369107e-02 4.4051625e-02
6.1456456e+00 2.0127185e-02 2.7650967e-02 4.4375137e-02
6.1509009e+00 2.0355872e-02 2.7942614e-02 4.4696904e-02
6.1561562e+00 2.0589026e-02 2.8241617e-02 4.5024223e-02
6.1614114e+00 2.0825147e-02 2.8535004e-02 4.5361243e-02
6.1666667e+00 2.1062421e-02 2.8831942e-02 4.5708928e-02
6.1719219e+00 2.1302959e-02 2.9130491e-02 4.6041018e-02
6.1771772e+00 2.1546910e-02 2.9433885e-02 4.6380757e-02
6.1824324e+00 2.1792331e-02 2.9736937e-02 4.6727937e-02
6.1876877e+00 2.2039035e-02 3.0038357e-02 4.7054500e-02
6.1929429e+00 2.2289011e-02 3.0347098e-02 4.7397773e-02
6.1981982e+00 2.2540242e-02 3.0662921e-02 4.7753983e-02
6.2034535e+00 2.2797531e-02 3.0974307e-02 4.8094138e-02
6.2087087e+00 2.3051886e-02 3.1295108e-02 4.8436108e-02
6.2139640e+00 2.3310758e-02 3.1617161e-02 4.8799837e-02
6.2192192e+00 2.3573203e-02 3.1942493e-02 4.9149229e-02
6.2244745e+00 2.3837572e-02 3.2266260e-02 4.9525458e-02
6.2297297e+00 2.4104664e-02 3.2598257e-02 4.9923808e-02
6.2349850e+00 2.4374429e-02 3.2925056e-02 5.0295356e-02
6.2402402e+00 2.4645254e-02 3.3253904e-02 5.0653787e-02
6.2454955e+00 2.4920419e-02 3.3594181e-02 5.1033653e-02
6.2507508e+00 2.5198180e-02 3.3938574e-02 5.1409617e-02
6.2560060e+00 2.5477169e-02 3.4280752e-02 5.1794241e-02
6.2612613e+00 2.5758784e-02 3.4623894e-02 5.2190436e-02
6.2665165e+00 2.6045515e-02 3.4972315e-02 5.2579026e-02
6.2717718e+00 2.6331580e-02 3.5327929e-02 5.2978287e-02
6.2770270e+00 2.6622913e-02 3.5676031e-02 5.3377034e-02
6.2822823e+00 2.6915073e-02 3.6034044e-02 5.3774697e-02
6.2875375e+00 2.7211492e-02 3.6388935e-02 5.4188365e-02
6.2927928e+00 2.7510267e-02 3.6750868e-02 5.4587000e-02
6.2980480e+00 2.7812801e-02 3.7114117e-02 5.4999522e-02
6.3033033e+00 2.8118988e-02 3.7479773e-02 5.5424981e-02
6.3085586e+00 2.8428094e-02 3.7854578e-02 5.5844635e-02
6.3138138e+00 2.8737221e-02 3.8231275e-02 5.6259466e-02
6.3190691e+00 2.9050098e-02 3.8602105e-02 5.6665592e-02
6.3243243e+00 2.9369265e-02 3.8986236e-02 5.7078293e-02
6.3295796e+00 2.9690415e-02 3.9365511e-02 5.7515092e-02
6.3348348e+00 3.0012992e-02 3.9747745e-02 5.7950887e-02
6.3400901e+00 3.0336558e-02 4.0139395e-02 5.8394184e-02
6.3453453e+00 3.0664591e-02 4.0538262e-02 5.8834870e-02
6.3506006e+00 3.0994624e-02 4.0938687e-02 5.9289774e-02
6.3558559e+00 3.1327929e-02 4.1338052e-02 5.9726993e-02
6.3611111e+00 3.1665564e-02 4.1739094e-02 6.0165511e-02
6.3663664e+00 3.2007819e-02 4.2141021e-02 6.0612750e-02
6.3716216e+00 3.2351359e-02 4.2553663e-02 6.1053786e-02
6.3768769e+00 3.2696447e-02 4.2959209e-02 6.1502237e-02
6.3821321e+00 3.3044667e-02 4.3370080e-02 6.1975480e-02
6.3873874e+00 3.3393911e-02 4.3784140e-02 6.2436205e-02
6.3926426e+00 3.3753494e-02 4.4214614e-02 6.2937071e-02
6.3978979e+00 3.4110614e-02 4.4642910e-02 6.3425282e-02
6.4031532e+00 3.4474800e-02 4.5063426e-02 6.3892241e-02
6.4084084e+00 3.4842668e-02 4.5488064e-02 6.4372632e-02
6.4136637e+00 3.5211728e-02 4.5920339e-02 6.4848580e-02
6.4189189e+00 3.5585284e-02 4.6349949e-02 6.5307587e-02
6.4241742e+00 3.5959845e-02 4.6803923e-02 6.5783446e-02
6.4294294e+00 3.6339780e-02 4.7249468e-02 6.6285597e-02
6.4346847e+00 3.6721288e-02 4.7689313e-02 6.6778292e-02
6.4399399e+00 3.7108551e-02 4.8144611e-02 6.7291471e-02
6.4451952e+00 3.7496681e-02 4.8600080e-02 6.7786538e-02
6.4504505e+00 3.7893132e-02 4.9060084e-02 6.8305090e-02
6.4557057e+00 3.8293984e-02 4.9519802e-02 6.8815857e-02
6.4609610e+00 3.8697060e-02 4.9983402e-02 6.9331046e-02
6.4662162e+00 3.9101487e-02 5.0452394e-02 6.9854008e-02
6.4714715e+00 3.9509774e-02 5.0929713e-02 7.0393123e-02
6.4767267e+00 3.9924519e-02 5.1404143e-02 7.0921150e-02
6.4819820e+00 4.0339272e-02 5.1889710e-02 7.1437327e-02
6.4872372e+00 4.0760988e-02 5.2380377e-02 7.1982063e-02
6.4924925e+00 4.1182056e-02 5.2858253e-02 7.2538686e-02
6.4977477e+00 4.1604880e-02 5.3345293e-02 7.3050087e-02
6.5030030e+00 4.2028181e-02 5.3849950e-02 7.3589358e-02
6.5082583e+00 4.2458405e-02 5.4356101e-02 7.4135112e-02
6.5135135e+00 4.2895040e-02 5.4846432e-02 7.4678280e-02
6.5187688e+00 4.3334185e-02 5.5353354e-02 7.5235902e-02
6.5240240e+00 4.3778853e-02 5.5875786e-02 7.5794343e-02
6.5292793e+00 4.4226066e-02 5.6386832e-02 7.6369442e-02
6.5345345e+00 4.4677232e-02 5.6894029e-02 7.6924659e-02
6.5397898e+00 4.5132945e-02 5.7420556e-02 7.7483577e-02
6.5450450e+00 4.5595030e-02 5.7941931e-02 7.8035385e-02
6.5503003e+00 4.6057622e-02 5.8473456e-02 7.8621158e-02
6.5555556e+00 4.6528620e-02 5.9005398e-02 7.9201189e-02
6.5608108e+00 4.7002164e-02 5.9549996e-02 7.9784198e-02
6.5660661e+00 4.7476452e-02 6.0097698e-02 8.0370931e-02
6.5713213e+00 4.7959312e-02 6.0643073e-02 8.0963059e-02
6.5765766e+00 4.8446629e-02 6.1183645e-02 8.1568841e-02
6.5818318e+00 4.8935409e-02 6.1721795e-02 8.2158662e-02
6.5870871e+00 4.9428714e-02 6.2284138e-02 8.2784396e-02
6.5923423e+00 4.9923241e-02 6.2829245e-02 8.3369829e-02
6.5975976e+00 5.0423857e-02 6.3383365e-02 8.3970310e-02
6.6028529e+00 5.0926004e-02 6.3957663e-02 8.4587348e-02
6.6081081e+00 5.1436446e-02 6.4514775e-02 8.5210227e-02
6.6133634e+00 5.1950904e-02 6.5102847e-02 8.5836924e-02
6.6186186e+00 5.2466581e-02 6.5685003e-02 8.6444643e-02
6.6238739e+00 5.2979892e-02 6.6260155e-02 8.7071616e-02
6.6291291e+00 5.3499429e-02 6.6853334e-02 8.7720924e-02
6.6343844e+00 5.4031972e-02 6.7444212e-02 8.8338966e-02
6.6396396e+00 5.4566058e-02 6.8047971e-02 8.8989329e-02
6.6448949e+00 5.5109810e-02 6.8651983e-02 8.9633289e-02
6.6501502e+00 5.5655706e-02 6.9262236e-02 9.0266269e-02
6.6554054e+00 5.6203456e-02 6.9879603e-02 9.0929032e-02
6.6606607e+00 5.6758958e-02 7.0486440e-02 9.1596267e-02
6.6659159e+00 5.7314586e-02 7.1119055e-02 9.2214484e-02
6.6711712e+00 5.7876019e-02 7.1736578e-02 9.2882009e-02
6.6764264e+00 5.8436810e-02 7.2352808e-02 9.3527787e-02
6.6816817e+00 5.9008696e-02 7.2996809e-02 9.4175361e-02
6.6869369e+00 5.9583190e-02 7.3627215e-02 9.4848651e-02
6.6921922e+00 6.0166076e-02 7.4280985e-02 9.5540474e-02
6.6974474e+00 6.0743639e-02 7.4935997e-02 9.6211452e-02
6.7027027e+00 6.1329791e-02 7.5581769e-02 9.6899182e-02
6.7079580e+00 6.1917187e-02 7.6228730e-02 9.7591744e-02
6.7132132e+00 6.2514999e-02 7.6881334e-02 9.8285177e-02
6.7184685e+00 6.3117882e-02 7.7558732e-02 9.8950633e-02
6.7237237e+00 6.3718134e-02 7.8239200e-02 9.9632219e-02
6.7289790e+00 6.4330117e-02 7.8897953e-02 1.0034909e-01
6.7342342e+00 6.4949920e-02 7.9585680e-02 1.0106005e-01
6.7394895e+00 6.5568449e-02 8.0284778e-02 1.0177781e-01
6.7447447e+00 6.6185869e-02 8.0983362e-02 1.0249865e-01
6.7500000e+00 6.6816599e-02 8.1684520e-02 1.0321980e-01
6.7552553e+00 6.7452524e-02 8.2391863e-02 1.0394653e-01
6.7605105e+00 6.8092753e-02 8.3100085e-02 1.0469250e-01
6.7657658e+00 6.8740305e-02 8.3809940e-02 1.0541973e-01
6.7710210e+00 6.9392900e-02 8.4527827e-02 1.0613953e-01
6.7762763e+00 7.0046091e-02 8.5251418e-02 1.0688660e-01
6.7815315e+00 7.0709604e-02 8.5972968e-02 1.0766068e-01
6.7867868e+00 7.1375165e-02 8.6705359e-02 1.0841895e-01
6.7920420e+00 7.2050592e-02 8.7441847e-02 1.0917302e-01
6.7972973e+00 7.2725208e-02 8.8174027e-02 1.0992682e-01
6.8025526e+00 7.3402084e-02 8.8901257e-02 1.1073452e-01
6.8078078e+00 7.4090277e-02 8.9654471e-02 1.1152645e-01
6.8130631e+00 7.4775584e-02 9.0393865e-02 1.1233430e-01
6.8183183e+00 7.5472209e-02 9.1158198e-02 1.1314756e-01
6.8235736e+00 7.6175594e-02 9.1926655e-02 1.1396851e-01
6.8288288e+00 7.6879396e-02 9.2696259e-02 1.1476710e-01
6.8340841e+00 7.7588846e-02 9.3461380e-02 1.1559374e-01
6.8393393e+00 7.8304700e-02 9.4232389e-02 1.1640953e-01
6.8445946e+00 7.9029160e-02 9.5017244e-02 1.1719954e-01
6.8498498e+00 7.9754941e-02 9.5800872e-02 1.1801560e-01
6.8551051e+00 8.0481487e-02 9.6593330e-02 1.1882716e-01
6.8603604e+00 8.1221772e-02 9.7384171e-02 1.1969179e-01
6.8656156e+00 8.1965530e-02 9.8183914e-02 1.2052632e-01
6.8708709e+00 8.2707619e-02 9.8990773e-02 1.2136679e-01
6.8761261e+00 8.3465817e-02 9.9810316e-02 1.2221186e-01
6.8813814e+00 8.4220688e-02 1.0064529e-01 1.2307369e-01
6.8866366e+00 8.4982894e-02 1.0147017e-01 1.2393756e-01
6.8918919e+00 8.5754572e-02 1.0229324e-01 1.2483353e-01
6.8971471e+00 8.6525525e-02 1.0313519e-01 1.2569225e-01
6.9024024e+00 8.7304546e-02 1.0397941e-01 1.2658979e-01
6.9076577e+00 8.8090829e-02 1.0482877e-01 1.2749436e-01
6.9129129e+00 8.8883540e-02 1.0567991e-01 1.2839234e-01
6.9181682e+00 8.9676411e-02 1.0652547e-01 1.2926576e-01
6.9234234e+00 9.0468633e-02 1.0739554e-01 1.3016348e-01
6.9286787e+00 9.1278071e-02 1.0828724e-01 1.3108402e-01
6.9339339e+00 9.2089260e-02 1.0915659e-01 1.3196665e-01
6.9391892e+00 9.2903949e-02 1.1002692e-01 1.3286959e-01
6.9444444e+00 9.3722838e-02 1.1090006e-01 1.3381345e-01
6.9496997e+00 9.4549217e-02 1.1180755e-01 1.3477986e-01
6.9549550e+00 9.5386079e-02 1.1270323e-01 1.3570800e-01
6.9602102e+00 9.6222628e-02 1.1359673e-01 1.3666564e-01
6.9654655e+00 9.7060235e-02 1.1449963e-01 1.3758137e-01
6.9707207e+00 9.7911232e-02 1.1540395e-01 1.3852742e-01
6.9759760e+00 9.8774180e-02 1.1632016e-01 1.3946698e-01
6.9812312e+00 9.9640351e-02 1.1726405e-01 1.4043825e-01
6.9864865e+00 1.0051331e-01 1.1820414e-01 1.4140810e-01
6.9917417e+00 1.0138794e-01 1.1914748e-01 1.4238875e-01
6.9969970e+00 1.0226569e-01 1.2011317e-01 1.4338592e-01
7.0022523e+00 1.0314562e-01 1.2105445e-01 1.4435150e-01
7.0075075e+00 1.0402925e-01 1.2202173e-01 1.4533770e-01
7.0127628e+00 1.0493287e-01 1.2297526e-01 1.4633199e-01
7.0180180e+00 1.0583756e-01 1.2395041e-01 1.4732010e-01
7.0232733e+00 1.0674603e-01 1.2493073e-01 1.4833276e-01
7.0285285e+00 1.0767156e-01 1.2591806e-01 1.4935371e-01
7.0337838e+00 1.0859047e-01 1.2690100e-01 1.5038443e-01
7.0390390e+00 1.0951617e-01 1.2789397e-01 1.5139210e-01
7.0442943e+00 1.1044207e-01 1.2888617e-01 1.5243967e-01
7.0495495e+00 1.1138082e-01 1.2988221e-01 1.5350280e-01
7.0548048e+00 1.1233092e-01 1.3089972e-01 1.5455346e-01
7.0600601e+00 1.1327534e-01 1.3190053e-01 1.5562036e-01
7.0653153e+00 1.1422823e-01 1.3293823e-01 1.5671641e-01
7.0705706e+00 1.1519150e-01 1.3396584e-01 1.5781406e-01
7.0758258e+00 1.1615953e-01 1.3501529e-01 1.5888901e-01
7.0810811e+00 1.1714558e-01 1.3606377e-01 1.5998291e-01
7.0863363e+00 1.1813772e-01 1.3711404e-01 1.6108948e-01
7.0915916e+00 1.1912301e-01 1.3816917e-01 1.6217397e-01
7.0968468e+00 1.2012197e-01 1.3923894e-01 1.6326565e-01
7.1021021e+00 1.2109812e-01 1.4032346e-01 1.6436219e-01
7.1073574e+00 1.2211344e-01 1.4139897e-01 1.6546058e-01
7.1126126e+00 1.2312586e-01 1.4247280e-01 1.6659208e-01
7.1178679e+00 1.2414057e-01 1.4356552e-01 1.6771760e-01
7.1231231e+00 1.2515723e-01 1.4465210e-01 1.6887120e-01
7.1283784e+00 1.2619119e-01 1.4574346e-01 1.6999340e-01
7.1336336e+00 1.2723396e-01 1.4683996e-01 1.7115218e-01
7.1388889e+00 1.2828796e-01 1.4794463e-01 1.7231012e-01
7.1441441e+00 1.2934523e-01 1.4905937e-01 1.7343455e-01
7.1493994e+00 1.3040531e-01 1.5017150e-01 1.7461850e-01
7.1546547e+00 1.3146996e-01 1.5129688e-01 1.7580596e-01
7.1599099e+00 1.3254403e-01 1.5243651e-01 1.7694605e-01
7.1651652e+00 1.3362380e-01 1.5358426e-01 1.7814421e-01
7.1704204e+00 1.3471270e-01 1.5475056e-01 1.7933388e-01
7.1756757e+00 1.3581398e-01 1.5589522e-01 1.8052300e-01
7.1809309e+00 1.3690933e-01 1.5707204e-01 1.8175574e-01
7.1861862e+00 1.3801425e-01 1.5824079e-01 1.8297635e-01
7.1914414e+00 1.3912908e-01 1.5940708e-01 1.8419409e-01
7.1966967e+00 1.4025650e-01 1.6058575e-01 1.8540865e-01
7.2019520e+00 1.4138079e-01 1.6176898e-01 1.8664490e-01
7.2072072e+00 1.4251646e-01 1.6296922e-01 1.8787299e-01
7.2124625e+00 1.4364532e-01 1.6417264e-01 1.8912952e-01
7.2177177e+00 1.4479913e-01 1.6536265e-01 1.9038238e-01
7.2229730e+00 1.4594501e-01 1.6657381e-01 1.9163865e-01
7.2282282e+00 1.4710258e-01 1.6780103e-01 1.9290844e-01
7.2334835e+00 1.4824776e-01 1.6901804e-01 1.9416991e-01
7.2387387e+00 1.4941043e-01 1.7025644e-01 1.9545032e-01
7.2439940e+00 1.5059443e-01 1.7150719e-01 1.9673621e-01
7.2492492e+00 1.5174973e-01 1.7275468e-01 1.9802123e-01
7.2545045e+00 1.5294991e-01 1.7401267e-01 1.9931043e-01
7.2597598e+00 1.5416087e-01 1.7527023e-01 2.0061325e-01
7.2650150e+00 1.5535629e-01 1.7652045e-01 2.0194218e-01
7.2702703e+00 1.5654929e-01 1.7778335e-01 2.0324981e-01
7.2755255e+00 1.5777406e-01 1.7906054e-01 2.0456364e-01
7.2807808e+00 1.5898840e-01 1.8033584e-01 2.0588622e-01
7.2860360e+00 1.6023591e-01 1.8162221e-01 2.0722198e-01
7.2912913e+00 1.6144902e-01 1.8291437e-01 2.0854491e-01
7.2965465e+00 1.6269842e-01 1.8422231e-01 2.0989200e-01
7.3018018e+00 1.6394095e-01 1.8552991e-01 2.1124331e-01
7.3070571e+00 1.6520004e-01 1.8685582e-01 2.1260213e-01
7.3123123e+00 1.6647477e-01 1.8818784e-01 2.1397867e-01
7.3175676e+00 1.6775608e-01 1.8951401e-01 2.1537639e-01
7.3228228e+00 1.6904360e-01 1.9087110e-01 2.1676281e-01
7.3280781e+00 1.7032558e-01 1.9220197e-01 2.1812084e-01
7.3333333e+00 1.7162859e-01 1.9353503e-01 2.1955855e-01
7.3385886e+00 1.7292196e-01 1.9489467e-01 2.2095886e-01
7.3438438e+00 1.7423220e-01 1.9627333e-01 2.2238533e-01
7.3490991e+00 1.7555141e-01 1.9763008e-01 2.2379763e-01
7.3543544e+00 1.7687854e-01 1.9902712e-01 2.2522208e-01
7.3596096e+00 1.7820809e-01 2.0041644e-01 2.2663432e-01
7.3648649e+00 1.7953684e-01 2.0182761e-01 2.2807095e-01
7.3701201e+00 1.8087342e-01 2.0322863e-01 2.2952272e-01
7.3753754e+00 1.8223130e-01 2.0464495e-01 2.3096617e-01
7.3806306e+00 1.8359587e-01 2.0605466e-01 2.3244246e-01
7.3858859e+00 1.8494935e-01 2.0750517e-01 2.3392466e-01
7.3911411e+00 1.8632258e-01 2.0894750e-01 2.3536775e-01
7.3963964e+00 1.8768427e-01 2.1038481e-01 2.3686338e-01
7.4016517e+00 1.8907152e-01 2.1184648e-01 2.3836485e-01
7.4069069e+00 1.9045053e-01 2.1332150e-01 2.3984505e-01
7.4121622e+00 1.9185324e-01 2.1479205e-01 2.4134873e-01
7.4174174e+00 1.9326705e-01 2.1624993e-01 2.4288088e-01
7.4226727e+00 1.9468223e-01 2.1771575e-01 2.4441466e-01
7.4279279e+00 1.9610292e-01 2.1923213e-01 2.4593155e-01
7.4331832e+00 1.9751662e-01 2.2072069e-01 2.4742836e-01
7.4384384e+00 1.9893887e-01 2.2222598e-01 2.4896336e-01
7.4436937e+00 2.0039030e-01 2.2372375e-01 2.5051654e-01
7.4489489e+00 2.0184546e-01 2.2524917e-01 2.5204104e-01
7.4542042e+00 2.0329676e-01 2.2678887e-01 2.5358169e-01
7.4594595e+00 2.0476545e-01 2.2832772e-01 2.5514928e-01
7.4647147e+00 2.0624299e-01 2.2985670e-01 2.5671195e-01
7.4699700e+00 2.0772081e-01 2.3139937e-01 2.5832820e-01
7.4752252e+00 2.0920129e-01 2.3293584e-01 2.5990849e-01
7.4804805e+00 2.1069047e-01 2.3449154e-01 2.6155085e-01
7.4857357e+00 2.1219903e-01 2.3605368e-01 2.6313664e-01
7.4909910e+00 2.1369556e-01 2.3759541e-01 2.6472950e-01
7.4962462e+00 2.1517442e-01 2.3915736e-01 2.6635269e-01
7.5015015e+00 2.1669441e-01 2.4074468e-01 2.6798081e-01
7.5067568e+00 2.1821455e-01 2.4232545e-01 2.6958213e-01
7.5120120e+00 2.1973222e-01 2.4392744e-01 2.7124257e-01
7.5172673e+00 2.2125786e-01 2.4552905e-01 2.7289720e-01
7.5225225e+00 2.2278760e-01 2.4712213e-01 2.7454219e-01
7.5277778e+00 2.2433209e-01 2.4871471e-01 2.7624906e-01
7.5330330e+00 2.2589195e-01 2.5034213e-01 2.7789627e-01
7.5382883e+00 2.2746712e-01 2.5198814e-01 2.7957481e-01
7.5435435e+00 2.2904158e-01 2.5360904e-01 2.8126427e-01
7.5487988e+00 2.3062563e-01 2.5524479e-01 2.8294996e-01
7.5540541e+00 2.3220970e-01 2.5688206e-01 2.8466349e-01
7.5593093e+00 2.3379522e-01 2.5853768e-01 2.8636032e-01
7.5645646e+00 2.3538811e-01 2.6021080e-01 2.8809004e-01
7.5698198e+00 2.3700852e-01 2.6188921e-01 2.8979299e-01
7.5750751e+00 2.3861380e-01 2.6355752e-01 2.9151656e-01
7.5803303e+00 2.4025993e-01 2.6524793e-01 2.9325390e-01
7.5855856e+00 2.4191279e-01 2.6694913e-01 2.9500617e-01
7.5908408e+00 2.4354748e-01 2.6865748e-01 2.9673547e-01
7.5960961e+00 2.4519273e-01 2.7037006e-01 2.9850733e-01
7.6013514e+00 2.4686258e-01 2.7207185e-01 3.0025404e-01
7.6066066e+00 2.4853464e-01 2.7380265e-01 3.0200344e-01
7.6118619e+00 2.5020286e-01 2.7551105e-01 3.0376873e-01
7.6171171e+00 2.5189935e-01 2.7723109e-01 3.0555506e-01
7.6223724e+00 2.5358556e-01 2.7898573e-01 3.0732051e-01
7.6276276e+00 2.5528540e-01 2.8071631e-01 3.0913620e-01
7.6328829e+00 2.5699039e-01 2.8245747e-01 3.1098155e-01
7.6381381e+00 2.5868527e-01 2.8420869e-01 3.1280929e-01
7.6433934e+00 2.6038395e-01 2.8598112e-01 3.1463115e-01
7.6486486e+00 2.6207125e-01 2.8772625e-01 3.1645331e-01
7.6539039e+00 2.6378134e-01 2.8953887e-01 3.1827880e-01
7.6591592e+00 2.6552639e-01 2.9133322e-01 3.2012062e-01
7.6644144e+00 2.6726125e-01 2.9312192e-01 3.2196952e-01
7.6696697e+00 2.6901103e-01 2.9493650e-01 3.2381047e-01
7.6749249e+00 2.7075929e-01 2.9675040e-01 3.2564551e-01
7.6801802e+00 2.7253474e-01 2.9858681e-01 3.2749753e-01
7.6854354e+00 2.7431980e-01 3.0041052e-01 3.2938130e-01
7.6906907e+00 2.7609715e-01 3.0224829e-01 3.3125535e-01
7.6959459e+00 2.7786550e-01 3.0406109e-01 3.3315148e-01
7.7012012e+00 2.7966844e-01 3.0590710e-01 3.3503764e-01
7.7064565e+00 2.8147677e-01 3.0776632e-01 3.3691332e-01
7.7117117e+00 2.8328239e-01 3.0961909e-01 3.3882323e-01
7.7169670e+00 2.8507272e-01 3.1147664e-01 3.4071305e-01
7.7222222e+00 2.8687706e-01 3.1333984e-01 3.4260410e-01
7.7274775e+00 2.8868203e-01 3.1524658e-01 3.4456383e-01
7.7327327e+00 2.9047525e-01 3.1713916e-01 3.4646855e-01
7.7379880e+00 2.9231611e-01 3.1904259e-01 3.4839463e-01
7.7432432e+00 2.9416472e-01 3.2094775e-01 3.5032102e-01
7.7484985e+00 2.9603677e-01 3.2285203e-01 3.5229208e-01
7.7537538e+00 2.9789916e-01 3.2476036e-01 3.5425756e-01
7.7590090e+00 2.9975550e-01 3.2667142e-01 3.5623786e-01
7.7642643e+00 3.0162772e-01 3.2858114e-01 3.5820184e-01
7.7695195e+00 3.0352406e-01 3.3051125e-01 3.6017007e-01
7.7747748e+00 3.0540573e-01 3.3243597e-01 3.6216386e-01
7.7800300e+00 3.0728900e-01 3.3439067e-01 3.6416074e-01
7.7852853e+00 3.0921234e-01 3.3631432e-01 3.6614965e-01
7.7905405e+00 3.1111995e-01 3.3826025e-01 3.6816196e-01
7.7957958e+00 3.1303968e-01 3.4022766e-01 3.7015189e-01
7.8010511e+00 3.1496617e-01 3.4217335e-01 3.7218673e-01
7.8063063e+00 3.1689839e-01 3.4413121e-01 3.7419004e-01
7.8115616e+00 3.1881904e-01 3.4611130e-01 3.7619475e-01
7.8168168e+00 3.2075436e-01 3.4809668e-01 3.7822843e-01
7.8220721e+00 3.2268587e-01 3.5008454e-01 3.8029419e-01
7.8273273e+00 3.2462471e-01 3.5208489e-01 3.8235130e-01
7.8325826e+00 3.2657308e-01 3.5406645e-01 3.8441550e-01
7.8378378e+00 3.2855714e-01 3.5612334e-01 3.8646168e-01
7.8430931e+00 3.3052024e-01 3.5811098e-01 3.8851254e-01
7.8483483e+00 3.3251138e-01 3.6014467e-01 3.9056518e-01
7.8536036e+00 3.3450200e-01 3.6218423e-01 3.9261854e-01
7.8588589e+00 3.3648932e-01 3.6422768e-01 3.9469731e-01
7.8641141e+00 3.3848574e-01 3.6627693e-01 3.9676422e-01
7.8693694e+00 3.4049770e-01 3.6832878e-01 3.9884847e-01
7.8746246e+00 3.4248523e-01 3.7039089e-01 4.0089483e-01
7.8798799e+00 3.4451590e-01 3.7243754e-01 4.0301298e-01
7.8851351e+00 3.4655769e-01 3.7450949e-01 4.0511977e-01
7.8903904e+00 3.4857251e-01 3.7660808e-01 4.0719736e-01
7.8956456e+00 3.5061805e-01 3.7870960e-01 4.0929013e-01
7.9009009e+00 3.5264769e-01 3.8080505e-01 4.1140356e-01
7.9061562e+00 3.5469872e-01 3.8289605e-01 4.1349991e-01
7.9114114e+00 3.5675761e-01 3.8500336e-01 4.1563769e-01
7.9166667e+00 3.5883465e-01 3.8710289e-01 4.1777993e-01
7.9219219e+00 3.6091787e-01 3.8919992e-01 4.1990503e-01
7.9271772e+00 3.6298652e-01 3.9130488e-01 4.2202469e-01
7.9324324e+00 3.6507046e-01 3.9341453e-01 4.2414019e-01
7.9376877e+00 3.6716176e-01 3.9555457e-01 4.2630276e-01
7.9429429e+00 3.6921992e-01 3.9766817e-01 4.2848303e-01
7.9481982e+00 3.7130493e-01 3.9980053e-01 4.3063502e-01
7.9534535e+00 3.7342353e-01 4.0193906e-01 4.3281096e-01
7.9587087e+00 3.7553353e-01 4.0409159e-01 4.3499973e-01
7.9639640e+00 3.7765264e-01 4.0622758e-01 4.3720375e-01
7.9692192e+00 3.7976568e-01 4.0838370e-01 4.3936403e-01
7.9744745e+00 3.8186073e-01 4.1055756e-01 4.4154794e-01
7.9797297e+00 3.8398051e-01 4.1270375e-01 4.4376753e-01
7.9849850e+00 3.8612334e-01 4.1488478e-01 4.4594943e-01
7.9902402e+00 3.8825312e-01 4.1704920e-01 4.4815297e-01
7.9954955e+00 3.9041001e-01 4.1922514e-01 4.5037225e-01
8.0007508e+00 3.9255254e-01 4.2139633e-01 4.5259539e-01
8.0060060e+00 3.9471920e-01 4.2357933e-01 4.5482010e-01
8.0112613e+00 3.9690492e-01 4.2578544e-01 4.5707417e-01
8.0165165e+00 3.9909061e-01 4.2798509e-01 4.5928769e-01
8.0217718e+00 4.0129705e-01 4.3019311e-01 4.6150751e-01
8.0270270e+00 4.0349057e-01 4.3241746e-01 4.6372392e-01
8.0322823e+00 4.0571407e-01 4.3463670e-01 4.6599134e-01
8.0375375e+00 4.0791630e-01 4.3686940e-01 4.6823034e-01
8.0427928e+00 4.1007727e-01 4.3908416e-01 4.7050168e-01
8.0480480e+00 4.1228643e-01 4.4134505e-01 4.7276234e-01
8.0533033e+00 4.1449981e-01 4.4358109e-01 4.7502497e-01
8.0585586e+00 4.1670260e-01 4.4581261e-01 4.7730431e-01
8.0638138e+00 4.1893164e-01 4.4807945e-01 4.7958616e-01
8.0690691e+00 4.2116008e-01 4.5032167e-01 4.8185511e-01
8.0743243e+00 4.2336238e-01 4.5260473e-01 4.8416920e-01
8.0795796e+00 4.2559562e-01 4.5488000e-01 4.8643803e-01
8.0848348e+00 4.2782633e-01 4.5715014e-01 4.8869966e-01
8.0900901e+00 4.3007832e-01 4.5942016e-01 4.9100578e-01
8.0953453e+00 4.3235198e-01 4.6171771e-01 4.9330780e-01
8.1006006e+00 4.3462647e-01 4.6398820e-01 4.9560334e-01
8.1058559e+00 4.3690071e-01 4.6627259e-01 4.9786356e-01
8.1111111e+00 4.3916911e-01 4.6855863e-01 5.0016108e-01
8.1163664e+00 4.4144640e-01 4.7087378e-01 5.0250275e-01
8.1216216e+00 4.4371265e-01 4.7317637e-01 5.0484690e-01
8.1268769e+00 4.4598499e-01 4.7546805e-01 5.0712074e-01
8.1321321e+00 4.4826118e-01 4.7779860e-01 5.0944628e-01
8.1373874e+00 4.5055065e-01 4.8013240e-01 5.1176459e-01
8.1426426e+00 4.5286523e-01 4.8246895e-01 5.1407235e-01
8.1478979e+00 4.5520140e-01 4.8476860e-01 5.1641479e-01
8.1531532e+00 4.5749137e-01 4.8707471e-01 5.1874922e-01
8.1584084e+00 4.5978557e-01 4.8940693e-01 5.2108993e-01
8.1636637e+00 4.6208533e-01 4.9173602e-01 5.2342601e-01
8.1689189e+00 4.6440184e-01 4.9406481e-01 5.2572578e-01
8.1741742e+00 4.6671689e-01 4.9640479e-01 5.2810459e-01
8.1794294e+00 4.6903893e-01 4.9874939e-01 5.3047438e-01
8.1846847e+00 4.7135079e-01 5.0110166e-01 5.3284497e-01
8.1899399e+00 4.7368569e-01 5.0344072e-01 5.3521938e-01
8.1951952e+00 4.7603851e-01 5.0582172e-01 5.3756755e-01
8.2004505e+00 4.7838236e-01 5.0814742e-01 5.3992193e-01
8.2057057e+00 4.8071536e-01 5.1051659e-01 5.4229922e-01
8.2109610e+00 4.8305822e-01 5.1287006e-01 5.4461859e-01
8.2162162e+00 4.8541603e-01 5.1525822e-01 5.4695697e-01
8.2214715e+00 4.8777364e-01 5.1762134e-01 5.4932654e-01
8.2267267e+00 4.9011749e-01 5.1998370e-01 5.5166588e-01
8.2319820e+00 4.9249079e-01 5.2233640e-01 5.5402726e-01
8.2372372e+00 4.9487679e-01 5.2468786e-01 5.5641185e-01
8.2424925e+00 4.9724257e-01 5.2707315e-01 5.5879297e-01
8.2477477e+00 4.9960540e-01 5.2945897e-01 5.6114457e-01
8.2530030e+00 5.0197918e-01 5.3182876e-01 5.6353374e-01
8.2582583e+00 5.0434297e-01 5.3421926e-01 5.6591879e-01
8.2635135e+00 5.0672052e-01 5.3656976e-01 5.6828991e-01
8.2687688e+00 5.0910221e-01 5.3897640e-01 5.7071618e-01
8.2740240e+00 5.1146868e-01 5.4137013e-01 5.7312232e-01
8.2792793e+00 5.1383042e-01 5.4375433e-01 5.7551664e-01
8.2845345e+00 5.1624510e-01 5.4616690e-01 5.7789664e-01
8.2897898e+00 5.1865502e-01 5.4855796e-01 5.8027311e-01
8.2950450e+00 5.2105225e-01 5.5096742e-01 5.8268117e-01
8.3003003e+00 5.2344835e-01 5.5336065e-01 5.8508293e-01
8.3055556e+00 5.2584676e-01 5.5576071e-01 5.8750126e-01
8.3108108e+00 5.2826426e-01 5.5815368e-01 5.8989056e-01
8.3160661e+00 5.3066935e-01 5.6056190e-01 5.9230632e-01
8.3213213e+00 5.3307494e-01 5.6297146e-01 5.9467988e-01
8.3265766e+00 5.3549342e-01 5.6536553e-01 5.9709732e-01
8.3318318e+00 5.3788703e-01 5.6780478e-01 5.9949330e-01
8.3370871e+00 5.4028028e-01 5.7025391e-01 6.0188535e-01
8.3423423e+00 5.4271201e-01 5.7266376e-01 6.0428703e-01
8.3475976e+00 5.4510462e-01 5.7511016e-01 6.0668139e-01
8.3528529e+00 5.4750572e-01 5.7753354e-01 6.0908684e-01
8.3581081e+00 5.4996709e-01 5.7996958e-01 6.1150623e-01
8.3633634e+00 5.5241548e-01 5.8240171e-01 6.1388634e-01
8.3686186e+00 5.5483853e-01 5.8483405e-01 6.1626450e-01
8.3738739e+00 5.5727561e-01 5.8722162e-01 6.1865325e-01
8.3791291e+00 5.5969723e-01 5.8964782e-01 6.2104632e-01
8.3843844e+00 5.6212706e-01 5.9206344e-01 6.2346730e-01
8.3896396e+00 5.6454925e-01 5.9448476e-01 6.2589348e-01
8.3948949e+00 5.6700461e-01 5.9690629e-01 6.2827310e-01
8.4001502e+00 5.6947333e-01 5.9931710e-01 6.3066920e-01
8.4054054e+00 5.7190047e-01 6.0173269e-01 6.3308358e-01
8.4106607e+00 5.7436374e-01 6.0416219e-01 6.3549159e-01
8.4159159e+00 5.7680352e-01 6.0660379e-01 6.3791391e-01
8.4211712e+00 5.7926029e-01 6.0904706e-01 6.4029991e-01
8.4264264e+00 5.8173709e-01 6.1147563e-01 6.4267342e-01
8.4316817e+00 5.8417381e-01 6.1392013e-01 6.4505674e-01
8.4369369e+00 5.8659018e-01 6.1635610e-01 6.4744449e-01
8.4421922e+00 5.8899202e-01 6.1879372e-01 6.4984644e-01
8.4474474e+00 5.9145238e-01 6.2122798e-01 6.5222940e-01
8.4527027e+00 5.9388806e-01 6.2367851e-01 6.5463820e-01
8.4579580e+00 5.9630891e-01 6.2610540e-01 6.5704303e-01
8.4632132e+00 5.9875326e-01 6.2855823e-01 6.5944591e-01
8.4684685e+00 6.0118875e-01 6.3100794e-01 6.6185057e-01
8.4737237e+00 6.0362456e-01 6.3347141e-01 6.6427674e-01
8.4789790e+00 6.0608044e-01 6.3589834e-01 6.6666198e-01
8.4842342e+00 6.0854619e-01 6.3832543e-01 6.6904391e-01
8.4894895e+00 6.1101463e-01 6.4078407e-01 6.7142994e-01
8.4947447e+00 6.1345049e-01 6.4322801e-01 6.7381576e-01
8.5000000e+00 6.1588783e-01 6.4566900e-01 6.7620325e-01
8.5052553e+00 6.1834076e-01 6.4806560e-01 6.7856174e-01
8.5105105e+00 6.2077589e-01 6.5048643e-01 6.8091586e-01
8.5157658e+00 6.2319748e-01 6.5289362e-01 6.8327873e-01
8.5210210e+00 6.2564055e-01 6.5532946e-01 6.8563104e-01
8.5262763e+00 6.2809393e-01 6.5774393e-01 6.8802015e-01
8.5315315e+00 6.3054188e-01 6.6016885e-01 6.9037822e-01
8.5367868e+00 6.3300091e-01 6.6255169e-01 6.9274154e-01
8.5420420e+00 6.3541095e-01 6.6496841e-01 6.9510631e-01
8.5472973e+00 6.3784507e-01 6.6738510e-01 6.9744111e-01
8.5525526e+00 6.4028063e-01 6.6982123e-01 6.9982662e-01
8.5578078e+00 6.4272833e-01 6.7223815e-01 7.0217224e-01
8.5630631e+00 6.4515731e-01 6.7464545e-01 7.0454516e-01
8.5683183e+00 6.4760353e-01 6.7704581e-01 7.0686392e-01
8.5735736e+00 6.4999383e-01 6.7943948e-01 7.0919701e-01
8.5788288e+00 6.5243665e-01 6.8184098e-01 7.1154735e-01
8.5840841e+00 6.5487863e-01 6.8421759e-01 7.1390519e-01
8.5893393e+00 6.5730729e-01 6.8660962e-01 7.1625198e-01
8.5945946e+00 6.5973481e-01 6.8899801e-01 7.1860688e-01
8.5998498e+00 6.6215550e-01 6.9137919e-01 7.2091800e-01
8.6051051e+00 6.6453490e-01 6.9376969e-01 7.2324776e-01
8.6103604e+00 6.6697714e-01 6.9614330e-01 7.2559933e-01
8.6156156e+00 6.6937691e-01 6.9850959e-01 7.2791125e-01
8.6208709e+00 6.7177809e-01 7.0087267e-01 7.3022298e-01
8.6261261e+00 6.7421430e-01 7.0323327e-01 7.3251714e-01
8.6313814e+00 6.7662825e-01 7.0561089e-01 7.3481999e-01
8.6366366e+00 6.7905063e-01 7.0797390e-01 7.3714059e-01
8.6418919e+00 6.8146659e-01 7.1035247e-01 7.3943549e-01
8.6471471e+00 6.8382347e-01 7.1270199e-01 7.4171527e-01
8.6524024e+00 6.8622633e-01 7.1507666e-01 7.4402855e-01
8.6576577e+00 6.8862150e-01 7.1741176e-01 7.4631176e-01
8.6629129e+00 6.9100488e-01 7.1974527e-01 7.4861635e-01
8.6681682e+00 6.9338774e-01 7.2210089e-01 7.5089598e-01
8.6734234e+00 6.9577832e-01 7.2445378e-01 7.5317793e-01
8.6786787e+00 6.9816743e-01 7.2676447e-01 7.5541271e-01
8.6839339e+00 7.0055878e-01 7.2910306e-01 7.5768464e-01
8.6891892e+00 7.0295875e-01 7.3141943e-01 7.5996165e-01
8.6944444e+00 7.0534857e-01 7.3373757e-01 7.6221650e-01
8.6996997e+00 7.0775264e-01 7.3605048e-01 7.6446673e-01
8.7049550e+00 7.1013236e-01 7.3836660e-01 7.6672394e-01
8.7102102e+00 7.1251113e-01 7.4068695e-01 7.6894747e-01
8.7154655e+00 7.1488183e-01 7.4299032e-01 7.7116805e-01
8.7207207e+00 7.1720986e-01 7.4528074e-01 7.7339545e-01
8.7259760e+00 7.1958130e-01 7.4756421e-01 7.7560926e-01
8.7312312e+00 7.2196568e-01 7.4987041e-01 7.7785702e-01
8.7364865e+00 7.2432686e-01 7.5217222e-01 7.8008407e-01
8.7417417e+00 7.2667465e-01 7.5444420e-01 7.8229218e-01
8.7469970e+00 7.2899360e-01 7.5673054e-01 7.8449140e-01
8.7522523e+00 7.3131799e-01 7.5899394e-01 7.8667793e-01
8.7575075e+00 7.3361925e-01 7.6125756e-01 7.8884322e-01
8.7627628e+00 7.3594788e-01 7.6353443e-01 7.9103053e-01
8.7680180e+00 7.3824122e-01 7.6578777e-01 7.9322213e-01
8.7732733e+00 7.4052308e-01 7.6803763e-01 7.9543192e-01
8.7785285e+00 7.4283300e-01 7.7028579e-01 7.9759035e-01
8.7837838e+00 7.4514793e-01 7.7254336e-01 7.9973428e-01
8.7890390e+00 7.4743865e-01 7.7477169e-01 8.0185637e-01
8.7942943e+00 7.4974501e-01 7.7699554e-01 8.0399244e-01
8.7995495e+00 7.5204822e-01 7.7919814e-01 8.0613071e-01
8.8048048e+00 7.5434614e-01 7.8142034e-01 8.0827152e-01
8.8100601e+00 7.5663096e-01 7.8361921e-01 8.1039063e-01
8.8153153e+00 7.5889919e-01 7.8581154e-01 8.1251461e-01
8.8205706e+00 7.6116375e-01 7.8799776e-01 8.1458260e-01
8.8258258e+00 7.6344389e-01 7.9021556e-01 8.1667769e-01
8.8310811e+00 7.6569345e-01 7.9241935e-01 8.1874289e-01
8.8363363e+00 7.6792264e-01 7.9458566e-01 8.2083231e-01
8.8415916e+00 7.7013858e-01 7.9675965e-01 8.2291497e-01
8.8468468e+00 7.7235854e-01 7.9893304e-01 8.2499690e-01
8.8521021e+00 7.7459405e-01 8.0110940e-01 8.2707338e-01
8.8573574e+00 7.7685252e-01 8.0326955e-01 8.2913272e-01
8.8626126e+00 7.7904367e-01 8.0540131e-01 8.3117455e-01
8.8678679e+00 7.8126051e-01 8.0751185e-01 8.3321803e-01
8.8731231e+00 7.8342818e-01 8.0962006e-01 8.3526087e-01
8.8783784e+00 7.8562710e-01 8.1175598e-01 8.3729218e-01
8.8836336e+00 7.8779510e-01 8.1386741e-01 8.3928149e-01
8.8888889e+00 7.8996331e-01 8.1597974e-01 8.4130360e-01
8.8941441e+00 7.9212297e-01 8.1807669e-01 8.4330140e-01
8.8993994e+00 7.9427007e-01 8.2018292e-01 8.4530637e-01
8.9046547e+00 7.9640890e-01 8.2226966e-01 8.4726478e-01
8.9099099e+00 7.9855432e-01 8.2432008e-01 8.4922235e-01
8.9151652e+00 8.0067890e-01 8.2641406e-01 8.5121036e-01
8.9204204e+00 8.0281258e-01 8.2847394e-01 8.5318103e-01
8.9256757e+00 8.0495533e-01 8.3053496e-01 8.5514237e-01
8.9309309e+00 8.0707182e-01 8.3258875e-01 8.5708081e-01
8.9361862e+00 8.0920477e-01 8.3460319e-01 8.5899595e-01
8.9414414e+00 8.1126908e-01 8.3662329e-01 8.6090296e-01
8.9466967e+00 8.1332768e-01 8.3861568e-01 8.6281977e-01
8.9519520e+00 8.1540707e-01 8.4060786e-01 8.6468992e-01
8.9572072e+00 8.1749738e-01 8.4259995e-01 8.6658050e-01
8.9624625e+00 8.1955942e-01 8.4458006e-01 8.6843488e-01
8.9677177e+00 8.2163106e-01 8.4657002e-01 8.7028345e-01
8.9729730e+00 8.2371231e-01 8.4852475e-01 8.7214688e-01
8.9782282e+00 8.2575934e-01 8.5049327e-01 8.7397876e-01
8.9834835e+00 8.2780249e-01 8.5241616e-01 8.7580119e-01
8.9887387e+00 8.2986499e-01 8.5433419e-01 8.7764004e-01
8.9939940e+00 8.3188405e-01 8.5624762e-01 8.7946615e-01
8.9992492e+00 8.3388763e-01 8.5817145e-01 8.8125204e-01
9.0045045e+00 8.3589386e-01 8.6010612e-01 8.8309243e-01
9.0097598e+00 8.3785466e-01 8.6198010e-01 8.8490938e-01
9.0150150e+00 8.3980618e-01 8.6390006e-01 8.8670361e-01
9.0202703e+00 8.4178226e-01 8.6575206e-01 8.8845347e-01
9.0255255e+00 8.4373869e-01 8.6761545e-01 8.9023045e-01
9.0307808e+00 8.4569177e-01 8.6949786e-01 8.9197105e-01
9.0360360e+00 8.4763768e-01 8.7135801e-01 8.9371928e-01
9.0412913e+00 8.4958136e-01 8.7322150e-01 8.9544826e-01
9.0465465e+00 8.5150178e-01 8.7507847e-01 8.9717941e-01
9.0518018e+00 8.5343373e-01 8.7688482e-01 8.9888489e-01
9.0570571e+00 8.5533432e-01 8.7869393e-01 9.0059855e-01
9.0623123e+00 8.5722808e-01 8.8049756e-01 9.0229404e-01
9.0675676e+00 8.5907546e-01 8.8229193e-01 9.0398808e-01
9.0728228e+00 8.6095086e-01 8.8406506e-01 9.0567565e-01
9.0780781e+00 8.6282911e-01 8.8583447e-01 9.0734860e-01
9.0833333e+00 8.6468462e-01 8.8761350e-01 9.0899974e-01
9.0885886e+00 8.6648602e-01 8.8936624e-01 9.1060328e-01
9.0938438e+00 8.6827523e-01 8.9110851e-01 9.1225118e-01
9.0990991e+00 8.7007874e-01 8.9284745e-01 9.1383712e-01
9.1043544e+00 8.7189088e-01 8.9454074e-01 9.1545156e-01
9.1096096e+00 8.7365623e-01 8.9626711e-01 9.1703978e-01
9.1148649e+00 8.7542916e-01 8.9797055e-01 9.1863908e-01
9.1201201e+00 8.7716575e-01 8.9966992e-01 9.2022730e-01
9.1253754e+00 8.7893957e-01 9.0134550e-01 9.2179881e-01
9.1306306e+00 8.8069310e-01 9.0301436e-01 9.2333952e-01
9.1358859e+00 8.8245100e-01 9.0468135e-01 9.2485425e-01
9.1411411e+00 8.8420582e-01 9.0631614e-01 9.2638484e-01
9.1463964e+00 8.8590783e-01 9.0793051e-01 9.2789663e-01
9.1516517e+00 8.8763990e-01 9.0953599e-01 9.2938897e-01
9.1569069e+00 8.8932691e-01 9.1114784e-01 9.3088597e-01
9.1621622e+00 8.9102149e-01 9.1275131e-01 9.3236888e-01
9.1674174e+00 8.9266289e-01 9.1432959e-01 9.3383738e-01
9.1726727e+00 8.9431038e-01 9.1589554e-01 9.3526974e-01
9.1779279e+00 8.9596077e-01 9.1744829e-01 9.3672961e-01
9.1831832e+00 8.9761088e-01 9.1897584e-01 9.3816434e-01
9.1884384e+00 8.9920512e-01 9.2048836e-01 9.3959479e-01
9.1936937e+00 9.0075548e-01 9.2200433e-01 9.4102138e-01
9.1989489e+00 9.0235209e-01 9.2352036e-01 9.4239403e-01
9.2042042e+00 9.0393686e-01 9.2501684e-01 9.4375903e-01
9.2094595e+00 9.0552668e-01 9.2648999e-01 9.4509020e-01
9.2147147e+00 9.0706376e-01 9.2792964e-01 9.4645026e-01
9.2199700e+00 9.0857254e-01 9.2939167e-01 9.4780741e-01
9.2252252e+00 9.1005276e-01 9.3083763e-01 9.4914872e-01
9.2304805e+00 9.1152682e-01 9.3227919e-01 9.5042859e-01
9.2357357e+00 9.1299262e-01 9.3370237e-01 9.5174624e-01
9.2409910e+00 9.1444282e-01 9.3511919e-01 9.5300397e-01
9.2462462e+00 9.1589588e-01 9.3651708e-01 9.5425337e-01
9.2515015e+00 9.1733458e-01 9.3791345e-01 9.5551371e-01
9.2567568e+00 9.1875068e-01 9.3927459e-01 9.5675280e-01
9.2620120e+00 9.2014003e-01 9.4064047e-01 9.5799983e-01
9.2672673e+00 9.2154013e-01 9.4197634e-01 9.5920968e-01
9.2725225e+00 9.2291225e-01 9.4328108e-01 9.6040636e-01
9.2777778e+00 9.2428514e-01 9.4459396e-01 9.6160742e-01
9.2830330e+00 9.2561683e-01 9.4590603e-01 9.6279179e-01
9.2882883e+00 9.2694504e-01 9.4720382e-01 9.6396462e-01
9.2935435e+00 9.2828428e-01 9.4848114e-01 9.6514724e-01
9.2987988e+00 9.2958742e-01 9.4974812e-01 9.6631819e-01
9.3040541e+00 9.3084926e-01 9.5098104e-01 9.6746906e-01
9.3093093e+00 9.3211534e-01 9.5221591e-01 9.6861732e-01
9.3145646e+00 9.3333881e-01 9.5342132e-01 9.6973535e-01
9.3198198e+00 9.3458868e-01 9.5464322e-01 9.7084189e-01
9.3250751e+00 9.3580173e-01 9.5583078e-01 9.7190895e-01
9.3303303e+00 9.3697737e-01 9.5699465e-01 9.7296709e-01
9.3355856e+00 9.3814238e-01 9.5816775e-01 9.7401696e-01
9.3408408e+00 9.3931636e-01 9.5930803e-01 9.7507106e-01
9.3460961e+00 9.4048299e-01 9.6043620e-01 9.7612637e-01
9.3513514e+00 9.4162713e-01 9.6155406e-01 9.7715030e-01
9.3566066e+00 9.4278363e-01 9.6266404e-01 9.7814742e-01
9.3618619e+00 9.4389906e-01 9.6376492e-01 9.7913544e-01
9.3671171e+00 9.4498818e-01 9.6484945e-01 9.8012605e-01
9.3723724e+00 9.4610159e-01 9.6590077e-01 9.8112105e-01
9.3776276e+00 9.4710813e-01 9.6695877e-01 9.8209549e-01
9.3828829e+00 9.4815057e-01 9.6796777e-01 9.8301734e-01
9.3881381e+00 9.4919243e-01 9.6897637e-01 9.8397751e-01
9.3933934e+00 9.5024519e-01 9.6999881e-01 9.8489203e-01
9.3986486e+00 9.5121297e-01 9.7099628e-01 9.8580892e-01
9.4039039e+00 9.5222619e-01 9.7196583e-01 9.8668554e-01
9.4091592e+00 9.5319591e-01 9.7289903e-01 9.8756251e-01
9.4144144e+00 9.5414964e-01 9.7380537e-01 9.8839150e-01
9.4196697e+00 9.5505180e-01 9.7475158e-01 9.8923113e-01
9.4249249e+00 9.5595680e-01 9.7566051e-01 9.9003585e-01
9.4301802e+00 9.5683813e-01 9.7654471e-01 9.9084699e-01
9.4354354e+00 9.5772866e-01 9.7742901e-01 9.9164882e-01
9.4406907e+00 9.5855539e-01 9.7829945e-01 9.9243767e-01
9.4459459e+00 9.5939483e-01 9.7911931e-01 9.9322158e-01
9.4512012e+00 9.6020113e-01 9.7995384e-01 9.9397708e-01
9.4564565e+00 9.6097210e-01 9.8077294e-01 9.9472628e-01
9.4617117e+00 9.6177258e-01 9.8157693e-01 9.9548059e-01
9.4669670e+00 9.6254052e-01 9.8236361e-01 9.9621645e-01
9.4722222e+00 9.6334964e-01 9.8309661e-01 9.9693064e-01
9.4774775e+00 9.6413743e-01 9.8384237e-01 9.9762101e-01
9.4827327e+00 9.6487896e-01 9.8456779e-01 9.9830248e-01
9.4879880e+00 9.6557780e-01 9.8527928e-01 9.9897220e-01
9.4932432e+00 9.6624511e-01 9.8597212e-01 9.9960620e-01
9.4984985e+00 9.6691872e-01 9.8663311e-01 1.0002632e+00
9.5037538e+00 9.6753421e-01 9.8730681e-01 1.0008899e+00
9.5090090e+00 9.6818087e-01 9.8796108e-01 1.0014992e+00
9.5142643e+00 9.6880421e-01 9.8862020e-01 1.0021019e+00
9.5195195e+00 9.6941511e-01 9.8921221e-01 1.0027055e+00
9.5247748e+00 9.7000119e-01 9.8982215e-01 1.0032755e+00
9.5300300e+00 9.7052592e-01 9.9041234e-01 1.0038555e+00
9.5352853e+00 9.7105263e-01 9.9098650e-01 1.0044024e+00
9.5405405e+00 9.7156465e-01 9.9151863e-01 1.0049304e+00
9.5457958e+00 9.7208522e-01 9.9204383e-01 1.0054362e+00
9.5510511e+00 9.7248890e-01 9.9257421e-01 1.0059528e+00
9.5563063e+00 9.7294833e-01 9.9306803e-01 1.0064449e+00
9.5615616e+00 9.7338827e-01 9.9355030e-01 1.0069176e+00
9.5668168e+00 9.7381050e-01 9.9400013e-01 1.0073908e+00
9.5720721e+00 9.7419865e-01 9.9443128e-01 1.0078287e+00
9.5773273e+00 9.7453347e-01 9.9484826e-01 1.0082925e+00
9.5825826e+00 9.7488028e-01 9.9528072e-01 1.0087310e+00
9.5878378e+00 9.7524476e-01 9.9567741e-01 1.0091626e+00
9.5930931e+00 9.7556060e-01 9.9605330e-01 1.0095749e+00
9.5983483e+00 9.7587373e-01 9.9640770e-01 1.0099900e+00
9.6036036e+00 9.7617917e-01 9.9673915e-01 1.0103828e+00
9.6088589e+00 9.7650306e-01 9.9706396e-01 1.0107397e+00
9.6141141e+00 9.7676177e-01 9.9734778e-01 1.0110970e+00
9.6193694e+00 9.7702081e-01 9.9765913e-01 1.0114233e+00
9.6246246e+00 9.7725806e-01 9.9794354e-01 1.0117306e+00
9.6298799e+00 9.7748595e-01 9.9818678e-01 1.0120359e+00
9.6351351e+00 9.7767848e-01 9.9846320e-01 1.0123158e+00
9.6403904e+00 9.7782001e-01 9.9867519e-01 1.0126013e+00
9.6456456e+00 9.7792619e-01 9.9888279e-01 1.0128453e+00
9.6509009e+00 9.7807047e-01 9.9905932e-01 1.0130907e+00
9.6561562e+00 9.7816017e-01 9.9922023e-01 1.0133368e+00
9.6614114e+00 9.7824480e-01 9.9938169e-01 1.0135377e+00
9.6666667e+00 9.7833182e-01 9.9951195e-01 1.0137168e+00
9.6719219e+00 9.7835850e-01 9.9961586e-01 1.0139037e+00
9.6771772e+00 9.7837788e-01 9.9969169e-01 1.0141020e+00
9.6824324e+00 9.7841482e-01 9.9978475e-01 1.0142550e+00
9.6876877e+00 9.7841592e-01 9.9986299e-01 1.0143969e+00
9.6929429e+00 9.7845435e-01 9.9993016e-01 1.0145263e+00
9.6981982e+00 9.7843340e-01 9.9996975e-01 1.0146672e+00
9.7034535e+00 9.7839574e-01 9.9999837e-01 1.0147758e+00
9.7087087e+00 9.7833650e-01 1.0000000e+00 1.0148315e+00
9.7139640e+00 9.7823936e-01 9.9996315e-01 1.0149146e+00
9.7192192e+00 9.7816990e-01 9.9993378e-01 1.0149687e+00
9.7244745e+00 9.7800350e-01 9.9990229e-01 1.0149899e+00
9.7297297e+00 9.7786155e-01 9.9983417e-01 1.0149865e+00
9.7349850e+00 9.7767932e-01 9.9976167e-01 1.0149790e+00
9.7402402e+00 9.7754853e-01 9.9969780e-01 1.0149636e+00
9.7454955e+00 9.7737397e-01 9.9957255e-01 1.0149434e+00
9.7507508e+00 9.7714017e-01 9.9941599e-01 1.0149023e+00
9.7560060e+00 9.7693814e-01 9.9925782e-01 1.0148563e+00
9.7612613e+00 9.7670415e-01 9.9909574e-01 1.0147847e+00
9.7665165e+00 9.7647287e-01 9.9890266e-01 1.0147128e+00
9.7717718e+00 9.7614842e-01 9.9868563e-01 1.0145991e+00
9.7770270e+00 9.7590062e-01 9.9847174e-01 1.0144989e+00
9.7822823e+00 9.7555687e-01 9.9825011e-01 1.0143715e+00
9.7875375e+00 9.7520560e-01 9.9799030e-01 1.0142182e+00
9.7927928e+00 9.7484224e-01 9.9770693e-01 1.0140572e+00
9.7980480e+00 9.7449504e-01 9.9741627e-01 1.0138876e+00
9.8033033e+00 9.7412304e-01 9.9711108e-01 1.0136680e+00
9.8085586e+00 9.7373729e-01 9.9679260e-01 1.0134537e+00
9.8138138e+00 9.7333968e-01 9.9643231e-01 1.0132108e+00
9.8190691e+00 9.7295412e-01 9.9606038e-01 1.0129764e+00
9.8243243e+00 9.7248365e-01 9.9568969e-01 1.0126905e+00
9.8295796e+00 9.7197031e-01 9.9530169e-01 1.0124137e+00
9.8348348e+00 9.7149034e-01 9.9488806e-01 1.0121369e+00
9.8400901e+00 9.7100069e-01 9.9443985e-01 1.0117887e+00
9.8453453e+00 9.7046528e-01 9.9397002e-01 1.0114502e+00
9.8506006e+00 9.6989121e-01 9.9352750e-01 1.0111187e+00
9.8558559e+00 9.6930387e-01 9.9305219e-01 1.0107673e+00
9.8611111e+00 9.6874402e-01 9.9256016e-01 1.0103893e+00
9.8663664e+00 9.6814684e-01 9.9206771e-01 1.0100127e+00
9.8716216e+00 9.6752356e-01 9.9153851e-01 1.0096223e+00
9.8768769e+00 9.6693479e-01 9.9099069e-01 1.0091827e+00
9.8821321e+00 9.6635668e-01 9.9043280e-01 1.0087461e+00
9.8873874e+00 9.6570889e-01 9.8985633e-01 1.0083102e+00
9.8926426e+00 9.6505377e-01 9.8926233e-01 1.0078375e+00
9.8978979e+00 9.6441339e-01 9.8867733e-01 1.0073463e+00
9.9031532e+00 9.6371578e-01 9.8805548e-01 1.0068413e+00
9.9084084e+00 9.6301061e-01 9.8742570e-01 1.0063303e+00
9.9136637e+00 9.6227136e-01 9.8680520e-01 1.0057890e+00
9.9189189e+00 9.6150309e-01 9.8613580e-01 1.0052451e+00
9.9241742e+00 9.6072624e-01 9.8541947e-01 1.0046738e+00
9.9294294e+00 9.5994296e-01 9.8472438e-01 1.0041038e+00
9.9346847e+00 9.5914425e-01 9.8402197e-01 1.0035139e+00
9.9399399e+00 9.5835284e-01 9.8329722e-01 1.0029011e+00
9.9451952e+00 9.5749269e-01 9.8254449e-01 1.0022715e+00
9.9504505e+00 9.5658695e-01 9.8177692e-01 1.0016330e+00
9.9557057e+00 9.5573472e-01 9.8100350e-01 1.0009778e+00
9.9609610e+00 9.5485906e-01 9.8020762e-01 1.0002951e+00
9.9662162e+00 9.5397707e-01 9.7939348e-01 9.9961187e-01
9.9714715e+00 9.5307532e-01 9.7856532e-01 9.9890931e-01
9.9767267e+00 9.5216452e-01 9.7774883e-01 9.9819089e-01
9.9819820e+00 9.5124928e-01 9.7686775e-01 9.9745263e-01
9.9872372e+00 9.5027084e-01 9.7596748e-01 9.9670247e-01
9.9924925e+00 9.4923117e-01 9.7508064e-01 9.9592010e-01
9.9977477e+00 9.4824714e-01 9.7415506e-01 9.9510389e-01
1.0003003e+01 9.4725100e-01 9.7321823e-01 9.9430562e-01
1.0008258e+01 9.4622043e-01 9.7229876e-01 9.9350264e-01
1.0013514e+01 9.4521421e-01 9.7133275e-01 9.9265334e-01
1.0018769e+01 9.4415231e-01 9.7036841e-01 9.9183217e-01
1.0024024e+01 9.4312233e-01 9.6938164e-01 9.9096507e-01
1.0029279e+01 9.4202679e-01 9.6837376e-01 9.9007336e-01
1.0034535e+01 9.4091727e-01 9.6734014e-01 9.8919418e-01
1.0039790e+01 9.3978573e-01 9.6632821e-01 9.8826402e-01
1.0045045e+01 9.3863944e-01 9.6532976e-01 9.8733425e-01
1.0050300e+01 9.3746018e-01 9.6425164e-01 9.8640740e-01
1.0055556e+01 9.3630391e-01 9.6321196e-01 9.8547280e-01
1.0060811e+01 9.3516669e-01 9.6212253e-01 9.8451595e-01
1.0066066e+01 9.3397308e-01 9.6099742e-01 9.8352992e-01
1.0071321e+01 9.3278626e-01 9.5990129e-01 9.8256375e-01
1.0076577e+01 9.3157251e-01 9.5876814e-01 9.8154714e-01
1.0081832e+01 9.3033450e-01 9.5762204e-01 9.8051790e-01
1.0087087e+01 9.2909042e-01 9.5646248e-01 9.7948064e-01
1.0092342e+01 9.2784018e-01 9.5528457e-01 9.7842891e-01
1.0097598e+01 9.2658151e-01 9.5410591e-01 9.7736261e-01
1.0102853e+01 9.2529988e-01 9.5290826e-01 9.7627210e-01
1.0108108e+01 9.2398545e-01 9.5166913e-01 9.7516718e-01
1.0113363e+01 9.2267659e-01 9.5043392e-01 9.7406632e-01
1.0118619e+01 9.2134159e-01 9.4918395e-01 9.7295102e-01
1.0123874e+01 9.1997232e-01 9.4792966e-01 9.7178237e-01
1.0129129e+01 9.1861899e-01 9.4663794e-01 9.7063951e-01
1.0134384e+01 9.1722724e-01 9.4536731e-01 9.6946185e-01
1.0139640e+01 9.1583092e-01 9.4408568e-01 9.6829170e-01
1.0144895e+01 9.1439808e-01 9.4277268e-01 9.6708608e-01
1.0150150e+01 9.1298005e-01 9.4144362e-01 9.6585960e-01
1.0155405e+01 9.1154399e-01 9.4011094e-01 9.6460897e-01
1.0160661e+01 9.1012208e-01 9.3873579e-01 9.6334255e-01
1.0165916e+01 9.0862762e-01 9.3737412e-01 9.6205315e-01
1.0171171e+01 9.0715798e-01 9.3599348e-01 9.6076872e-01
1.0176426e+01 9.0565669e-01 9.3456055e-01 9.5947570e-01
1.0181682e+01 9.0413388e-01 9.3314845e-01 9.5817775e-01
1.0186937e+01 9.0263239e-01 9.3171910e-01 9.5685584e-01
1.0192192e+01 9.0110087e-01 9.3028237e-01 9.5552739e-01
1.0197447e+01 8.9955644e-01 9.2880189e-01 9.5418517e-01
1.0202703e+01 8.9800341e-01 9.2733781e-01 9.5282565e-01
1.0207958e+01 8.9645877e-01 9.2586364e-01 9.5145881e-01
1.0213213e+01 8.9488617e-01 9.2438428e-01 9.5007703e-01
1.0218468e+01 8.9329426e-01 9.2287936e-01 9.4865935e-01
1.0223724e+01 8.9172439e-01 9.2136628e-01 9.4723254e-01
1.0228979e+01 8.9007798e-01 9.1982338e-01 9.4579364e-01
1.0234234e+01 8.8847010e-01 9.1830211e-01 9.4435097e-01
1.0239489e+01 8.8681525e-01 9.1673848e-01 9.4289484e-01
1.0244745e+01 8.8519057e-01 9.1516850e-01 9.4143809e-01
1.0250000e+01 8.8356507e-01 9.1358899e-01 9.3992807e-01
