X KDE_INF KDE_MED KDE_SUP
5.0000000e+00 8.1471107e-05 1.4126296e-02 4.0667940e-02
5.0100100e+00 8.8739244e-05 1.4562372e-02 4.1284398e-02
5.0200200e+00 9.6467971e-05 1.4988947e-02 4.1944286e-02
5.0300300e+00 1.0482922e-04 1.5442233e-02 4.2567501e-02
5.0400400e+00 1.1390354e-04 1.5889341e-02 4.3161831e-02
5.0500501e+00 1.2374624e-04 1.6308897e-02 4.3667661e-02
5.0600601e+00 1.3414805e-04 1.6761040e-02 4.4192296e-02
5.0700701e+00 1.4566550e-04 1.7212678e-02 4.4628725e-02
5.0800801e+00 1.5781467e-04 1.7614676e-02 4.5017904e-02
5.0900901e+00 1.7107968e-04 1.8029618e-02 4.5343252e-02
5.1001001e+00 1.8521951e-04 1.8460191e-02 4.5629800e-02
5.1101101e+00 1.9998074e-04 1.8865720e-02 4.5900148e-02
5.1201201e+00 2.1642284e-04 1.9253794e-02 4.6098512e-02
5.1301301e+00 2.3410298e-04 1.9623042e-02 4.6265369e-02
5.1401401e+00 2.5236249e-04 1.9967099e-02 4.6451498e-02
5.1501502e+00 2.7201500e-04 2.0267938e-02 4.6621258e-02
5.1601602e+00 2.9347361e-04 2.0582608e-02 4.6805808e-02
5.1701702e+00 3.1664193e-04 2.0846000e-02 4.6929432e-02
5.1801802e+00 3.4116356e-04 2.1036656e-02 4.7037346e-02
5.1901902e+00 3.6761550e-04 2.1249122e-02 4.7159763e-02
5.2002002e+00 3.9541126e-04 2.1450310e-02 4.7311739e-02
5.2102102e+00 4.2449820e-04 2.1620429e-02 4.7383045e-02
5.2202202e+00 4.5651332e-04 2.1754813e-02 4.7467838e-02
5.2302302e+00 4.9195801e-04 2.1881455e-02 4.7555496e-02
5.2402402e+00 5.2919997e-04 2.1997457e-02 4.7618055e-02
5.2502503e+00 5.6744665e-04 2.2123089e-02 4.7652284e-02
5.2602603e+00 6.0870386e-04 2.2221495e-02 4.7736181e-02
5.2702703e+00 6.5312539e-04 2.2294261e-02 4.7848714e-02
5.2802803e+00 7.0119664e-04 2.2382906e-02 4.7978256e-02
5.2902903e+00 7.5044426e-04 2.2484089e-02 4.8129675e-02
5.3003003e+00 8.0440913e-04 2.2559150e-02 4.8288066e-02
5.3103103e+00 8.6102699e-04 2.2654095e-02 4.8511846e-02
5.3203203e+00 9.2204268e-04 2.2728786e-02 4.8681536e-02
5.3303303e+00 9.8761502e-04 2.2801172e-02 4.8920272e-02
5.3403403e+00 1.0533964e-03 2.2904583e-02 4.9129453e-02
5.3503504e+00 1.1276732e-03 2.2974486e-02 4.9418915e-02
5.3603604e+00 1.2030069e-03 2.3058687e-02 4.9739337e-02
5.3703704e+00 1.2826911e-03 2.3132517e-02 4.9967584e-02
5.3803804e+00 1.3627338e-03 2.3213235e-02 5.0262831e-02
5.3903904e+00 1.4542716e-03 2.3284675e-02 5.0535056e-02
5.4004004e+00 1.5484543e-03 2.3370679e-02 5.0748997e-02
5.4104104e+00 1.6514357e-03 2.3439458e-02 5.1061036e-02
5.4204204e+00 1.7501567e-03 2.3507078e-02 5.1276899e-02
5.4304304e+00 1.8589244e-03 2.3586410e-02 5.1514507e-02
5.4404404e+00 1.9720911e-03 2.3644198e-02 5.1811403e-02
5.4504505e+00 2.0961200e-03 2.3709213e-02 5.2052402e-02
5.4604605e+00 2.2297746e-03 2.3747899e-02 5.2165118e-02
5.4704705e+00 2.3716382e-03 2.3793774e-02 5.2410160e-02
5.4804805e+00 2.5098025e-03 2.3840817e-02 5.2662925e-02
5.4904905e+00 2.6606573e-03 2.3889916e-02 5.2908968e-02
5.5005005e+00 2.8157309e-03 2.3963431e-02 5.3250636e-02
5.5105105e+00 2.9790242e-03 2.4015536e-02 5.3524050e-02
5.5205205e+00 3.1540734e-03 2.4087067e-02 5.3732872e-02
5.5305305e+00 3.3222559e-03 2.4152568e-02 5.4034882e-02
5.5405405e+00 3.5050525e-03 2.4251134e-02 5.4279746e-02
5.5505506e+00 3.6947318e-03 2.4352890e-02 5.4427406e-02
5.5605606e+00 3.8914378e-03 2.4438829e-02 5.4589735e-02
5.5705706e+00 4.0847650e-03 2.4535362e-02 5.4729378e-02
5.5805806e+00 4.3057007e-03 2.4622808e-02 5.5022597e-02
5.5905906e+00 4.5152159e-03 2.4727222e-02 5.5229109e-02
5.6006006e+00 4.7326699e-03 2.4843292e-02 5.5397680e-02
5.6106106e+00 4.9514091e-03 2.4916539e-02 5.5589399e-02
5.6206206e+00 5.1716535e-03 2.5036496e-02 5.5821640e-02
5.6306306e+00 5.3906805e-03 2.5184068e-02 5.5984821e-02
5.6406406e+00 5.6100004e-03 2.5296136e-02 5.6243849e-02
5.6506507e+00 5.7983137e-03 2.5452812e-02 5.6476712e-02
5.6606607e+00 6.0170499e-03 2.5584842e-02 5.6631993e-02
5.6706707e+00 6.1933256e-03 2.5692495e-02 5.6922715e-02
5.6806807e+00 6.3676039e-03 2.5845947e-02 5.7174037e-02
5.6906907e+00 6.5730579e-03 2.5983937e-02 5.7407728e-02
5.7007007e+00 6.7297067e-03 2.6111972e-02 5.7606248e-02
5.7107107e+00 6.8744405e-03 2.6261199e-02 5.7798125e-02
5.7207207e+00 7.0223070e-03 2.6436918e-02 5.8001562e-02
5.7307307e+00 7.1463554e-03 2.6547244e-02 5.8210250e-02
5.7407407e+00 7.2796399e-03 2.6700483e-02 5.8531988e-02
5.7507508e+00 7.3877294e-03 2.6857966e-02 5.8731156e-02
5.7607608e+00 7.5167608e-03 2.7030437e-02 5.8937697e-02
5.7707708e+00 7.6564156e-03 2.7181244e-02 5.9186020e-02
5.7807808e+00 7.7812250e-03 2.7373734e-02 5.9364025e-02
5.7907908e+00 7.8927200e-03 2.7535049e-02 5.9682696e-02
5.8008008e+00 8.0170557e-03 2.7737169e-02 5.9852047e-02
5.8108108e+00 8.0734285e-03 2.7874495e-02 6.0125642e-02
5.8208208e+00 8.1779203e-03 2.8055332e-02 6.0377877e-02
5.8308308e+00 8.2933979e-03 2.8230682e-02 6.0745407e-02
5.8408408e+00 8.4086927e-03 2.8484214e-02 6.0983933e-02
5.8508509e+00 8.5459063e-03 2.8662464e-02 6.1366259e-02
5.8608609e+00 8.6605268e-03 2.8865048e-02 6.1674282e-02
5.8708709e+00 8.7527954e-03 2.9044606e-02 6.2137100e-02
5.8808809e+00 8.8238132e-03 2.9261054e-02 6.2537635e-02
5.8908909e+00 8.9187654e-03 2.9507348e-02 6.2941561e-02
5.9009009e+00 9.0488961e-03 2.9731205e-02 6.3308792e-02
5.9109109e+00 9.1512606e-03 2.9958588e-02 6.3704341e-02
5.9209209e+00 9.2921755e-03 3.0187312e-02 6.4303503e-02
5.9309309e+00 9.4016548e-03 3.0429276e-02 6.4711386e-02
5.9409409e+00 9.5323201e-03 3.0721634e-02 6.5112392e-02
5.9509510e+00 9.6697678e-03 3.0983793e-02 6.5450311e-02
5.9609610e+00 9.7617498e-03 3.1287995e-02 6.5894311e-02
5.9709710e+00 9.8873681e-03 3.1543060e-02 6.6369048e-02
5.9809810e+00 1.0077010e-02 3.1822321e-02 6.6855470e-02
5.9909910e+00 1.0237031e-02 3.2179990e-02 6.7340613e-02
6.0010010e+00 1.0348319e-02 3.2452198e-02 6.7818189e-02
6.0110110e+00 1.0548277e-02 3.2757324e-02 6.8309029e-02
6.0210210e+00 1.0700179e-02 3.3084462e-02 6.8693827e-02
6.0310310e+00 1.0858960e-02 3.3384367e-02 6.9192169e-02
6.0410410e+00 1.1060736e-02 3.3662487e-02 6.9596138e-02
6.0510511e+00 1.1258899e-02 3.4015182e-02 7.0054992e-02
6.0610611e+00 1.1451456e-02 3.4386145e-02 7.0525184e-02
6.0710711e+00 1.1598660e-02 3.4771949e-02 7.1061464e-02
6.0810811e+00 1.1776195e-02 3.5140326e-02 7.1464926e-02
6.0910911e+00 1.1962775e-02 3.5539917e-02 7.1943677e-02
6.1011011e+00 1.2188125e-02 3.5941688e-02 7.2498382e-02
6.1111111e+00 1.2417442e-02 3.6308824e-02 7.3125964e-02
6.1211211e+00 1.2658950e-02 3.6741751e-02 7.3621242e-02
6.1311311e+00 1.2918711e-02 3.7179059e-02 7.4278668e-02
6.1411411e+00 1.3181803e-02 3.7669113e-02 7.4814426e-02
6.1511512e+00 1.3457914e-02 3.8133922e-02 7.5368331e-02
6.1611612e+00 1.3728907e-02 3.8611310e-02 7.5930975e-02
6.1711712e+00 1.4059581e-02 3.9067624e-02 7.6473112e-02
6.1811812e+00 1.4339648e-02 3.9537094e-02 7.7063135e-02
6.1911912e+00 1.4661963e-02 4.0034969e-02 7.7773668e-02
6.2012012e+00 1.4953076e-02 4.0531806e-02 7.8518516e-02
6.2112112e+00 1.5244953e-02 4.1021893e-02 7.9185243e-02
6.2212212e+00 1.5528222e-02 4.1507594e-02 7.9821738e-02
6.2312312e+00 1.5891736e-02 4.2021691e-02 8.0472830e-02
6.2412412e+00 1.6243103e-02 4.2575226e-02 8.1209710e-02
6.2512513e+00 1.6596544e-02 4.3072357e-02 8.1940688e-02
6.2612613e+00 1.6926178e-02 4.3612095e-02 8.2612767e-02
6.2712713e+00 1.7283804e-02 4.4147560e-02 8.3310905e-02
6.2812813e+00 1.7658040e-02 4.4681559e-02 8.3965191e-02
6.2912913e+00 1.8069820e-02 4.5179345e-02 8.4630254e-02
6.3013013e+00 1.8461661e-02 4.5728874e-02 8.5357664e-02
6.3113113e+00 1.8878875e-02 4.6379480e-02 8.6073807e-02
6.3213213e+00 1.9315271e-02 4.6980165e-02 8.6817306e-02
6.3313313e+00 1.9700724e-02 4.7478650e-02 8.7637064e-02
6.3413413e+00 2.0117838e-02 4.8040147e-02 8.8482700e-02
6.3513514e+00 2.0593804e-02 4.8626270e-02 8.9240281e-02
6.3613614e+00 2.1080983e-02 4.9131644e-02 9.0015369e-02
6.3713714e+00 2.1437091e-02 4.9732196e-02 9.0790376e-02
6.3813814e+00 2.1891201e-02 5.0326080e-02 9.1506931e-02
6.3913914e+00 2.2366300e-02 5.0879861e-02 9.2286207e-02
6.4014014e+00 2.2832781e-02 5.1452242e-02 9.3056487e-02
6.4114114e+00 2.3244144e-02 5.2068246e-02 9.3850624e-02
6.4214214e+00 2.3660254e-02 5.2615472e-02 9.4710721e-02
6.4314314e+00 2.4095573e-02 5.3242273e-02 9.5370882e-02
6.4414414e+00 2.4533655e-02 5.3878567e-02 9.6135320e-02
6.4514515e+00 2.5000307e-02 5.4566884e-02 9.6990148e-02
6.4614615e+00 2.5423504e-02 5.5232161e-02 9.7750471e-02
6.4714715e+00 2.5849918e-02 5.5909966e-02 9.8550241e-02
6.4814815e+00 2.6341852e-02 5.6595286e-02 9.9287316e-02
6.4914915e+00 2.6850223e-02 5.7273874e-02 1.0011316e-01
6.5015015e+00 2.7270039e-02 5.8008625e-02 1.0087032e-01
6.5115115e+00 2.7742653e-02 5.8789498e-02 1.0168001e-01
6.5215215e+00 2.8294395e-02 5.9585900e-02 1.0258510e-01
6.5315315e+00 2.8801751e-02 6.0262602e-02 1.0341915e-01
6.5415415e+00 2.9328109e-02 6.1009118e-02 1.0427203e-01
6.5515516e+00 2.9837856e-02 6.1800512e-02 1.0513127e-01
6.5615616e+00 3.0403795e-02 6.2527584e-02 1.0592703e-01
6.5715716e+00 3.0964031e-02 6.3303277e-02 1.0686523e-01
6.5815816e+00 3.1529970e-02 6.4134835e-02 1.0785164e-01
6.5915916e+00 3.2136811e-02 6.4838209e-02 1.0877537e-01
6.6016016e+00 3.2738249e-02 6.5630246e-02 1.0975667e-01
6.6116116e+00 3.3306918e-02 6.6430424e-02 1.1080835e-01
6.6216216e+00 3.3912403e-02 6.7120901e-02 1.1158336e-01
6.6316316e+00 3.4477567e-02 6.7877249e-02 1.1259016e-01
6.6416416e+00 3.5115958e-02 6.8625943e-02 1.1355595e-01
6.6516517e+00 3.5839084e-02 6.9441043e-02 1.1464273e-01
6.6616617e+00 3.6434880e-02 7.0269425e-02 1.1571633e-01
6.6716717e+00 3.7098549e-02 7.1185249e-02 1.1675173e-01
6.6816817e+00 3.7776935e-02 7.2024314e-02 1.1769642e-01
6.6916917e+00 3.8449117e-02 7.2882147e-02 1.1864325e-01
6.7017017e+00 3.9124311e-02 7.3653217e-02 1.1967904e-01
6.7117117e+00 3.9801287e-02 7.4555994e-02 1.2075180e-01
6.7217217e+00 4.0525934e-02 7.5459300e-02 1.2176088e-01
6.7317317e+00 4.1182537e-02 7.6366595e-02 1.2292086e-01
6.7417417e+00 4.1932530e-02 7.7318996e-02 1.2399238e-01
6.7517518e+00 4.2632694e-02 7.8260511e-02 1.2501545e-01
6.7617618e+00 4.3390695e-02 7.9255883e-02 1.2610250e-01
6.7717718e+00 4.4175284e-02 8.0146620e-02 1.2716374e-01
6.7817818e+00 4.4950544e-02 8.1112309e-02 1.2830636e-01
6.7917918e+00 4.5664873e-02 8.2084074e-02 1.2943132e-01
6.8018018e+00 4.6448601e-02 8.3129013e-02 1.3062692e-01
6.8118118e+00 4.7279349e-02 8.4163102e-02 1.3191898e-01
6.8218218e+00 4.8125609e-02 8.5139975e-02 1.3309220e-01
6.8318318e+00 4.8949928e-02 8.6145645e-02 1.3435162e-01
6.8418418e+00 4.9738735e-02 8.7203723e-02 1.3554273e-01
6.8518519e+00 5.0606343e-02 8.8307809e-02 1.3692009e-01
6.8618619e+00 5.1401777e-02 8.9351955e-02 1.3825528e-01
6.8718719e+00 5.2270274e-02 9.0579143e-02 1.3966904e-01
6.8818819e+00 5.3162570e-02 9.1721378e-02 1.4081615e-01
6.8918919e+00 5.4058815e-02 9.2875335e-02 1.4219942e-01
6.9019019e+00 5.5017994e-02 9.3977368e-02 1.4344634e-01
6.9119119e+00 5.5997959e-02 9.5157023e-02 1.4475639e-01
6.9219219e+00 5.6881644e-02 9.6360540e-02 1.4606243e-01
6.9319319e+00 5.7921134e-02 9.7486048e-02 1.4745980e-01
6.9419419e+00 5.8942542e-02 9.8719529e-02 1.4879686e-01
6.9519520e+00 5.9956929e-02 9.9987058e-02 1.5022876e-01
6.9619620e+00 6.0982012e-02 1.0122208e-01 1.5168457e-01
6.9719720e+00 6.2057587e-02 1.0244535e-01 1.5321439e-01
6.9819820e+00 6.3141497e-02 1.0367570e-01 1.5460311e-01
6.9919920e+00 6.4188617e-02 1.0501557e-01 1.5620653e-01
7.0020020e+00 6.5370674e-02 1.0632659e-01 1.5783327e-01
7.0120120e+00 6.6484902e-02 1.0767648e-01 1.5923277e-01
7.0220220e+00 6.7616592e-02 1.0905610e-01 1.6088173e-01
7.0320320e+00 6.8833053e-02 1.1045610e-01 1.6248698e-01
7.0420420e+00 6.9976749e-02 1.1181249e-01 1.6415431e-01
7.0520521e+00 7.1062489e-02 1.1331949e-01 1.6589533e-01
7.0620621e+00 7.2233987e-02 1.1484106e-01 1.6752661e-01
7.0720721e+00 7.3396698e-02 1.1633085e-01 1.6942773e-01
7.0820821e+00 7.4627690e-02 1.1781099e-01 1.7116408e-01
7.0920921e+00 7.5947690e-02 1.1939536e-01 1.7298199e-01
7.1021021e+00 7.7135732e-02 1.2086204e-01 1.7493168e-01
7.1121121e+00 7.8486931e-02 1.2234550e-01 1.7671220e-01
7.1221221e+00 7.9845798e-02 1.2404343e-01 1.7845522e-01
7.1321321e+00 8.1283718e-02 1.2582563e-01 1.8020494e-01
7.1421421e+00 8.2658016e-02 1.2749331e-01 1.8209414e-01
7.1521522e+00 8.4075767e-02 1.2930241e-01 1.8414021e-01
7.1621622e+00 8.5600368e-02 1.3107618e-01 1.8611180e-01
7.1721722e+00 8.7035302e-02 1.3267956e-01 1.8815456e-01
7.1821822e+00 8.8575608e-02 1.3444409e-01 1.9008880e-01
7.1921922e+00 9.0166827e-02 1.3638899e-01 1.9205680e-01
7.2022022e+00 9.1663251e-02 1.3832931e-01 1.9422802e-01
7.2122122e+00 9.3202620e-02 1.4031974e-01 1.9641704e-01
7.2222222e+00 9.4842341e-02 1.4229524e-01 1.9861180e-01
7.2322322e+00 9.6679642e-02 1.4425848e-01 2.0074694e-01
7.2422422e+00 9.8318228e-02 1.4628786e-01 2.0295591e-01
7.2522523e+00 1.0014786e-01 1.4841139e-01 2.0512532e-01
7.2622623e+00 1.0202540e-01 1.5053073e-01 2.0751741e-01
7.2722723e+00 1.0392710e-01 1.5267132e-01 2.0984572e-01
7.2822823e+00 1.0586908e-01 1.5474139e-01 2.1224524e-01
7.2922923e+00 1.0770764e-01 1.5695647e-01 2.1474847e-01
7.3023023e+00 1.0967880e-01 1.5925877e-01 2.1737620e-01
7.3123123e+00 1.1170253e-01 1.6159217e-01 2.1994625e-01
7.3223223e+00 1.1375641e-01 1.6389954e-01 2.2254894e-01
7.3323323e+00 1.1578587e-01 1.6630088e-01 2.2523572e-01
7.3423423e+00 1.1785610e-01 1.6854204e-01 2.2797173e-01
7.3523524e+00 1.1998784e-01 1.7085523e-01 2.3065145e-01
7.3623624e+00 1.2216250e-01 1.7323393e-01 2.3337262e-01
7.3723724e+00 1.2430112e-01 1.7566172e-01 2.3624768e-01
7.3823824e+00 1.2649913e-01 1.7818263e-01 2.3919699e-01
7.3923924e+00 1.2866282e-01 1.8086196e-01 2.4222702e-01
7.4024024e+00 1.3089821e-01 1.8343344e-01 2.4517895e-01
7.4124124e+00 1.3317384e-01 1.8611706e-01 2.4799228e-01
7.4224224e+00 1.3549669e-01 1.8882132e-01 2.5096304e-01
7.4324324e+00 1.3786234e-01 1.9148078e-01 2.5400641e-01
7.4424424e+00 1.4023817e-01 1.9425695e-01 2.5708624e-01
7.4524525e+00 1.4264016e-01 1.9704090e-01 2.6019674e-01
7.4624625e+00 1.4501915e-01 1.9992721e-01 2.6342939e-01
7.4724725e+00 1.4753558e-01 2.0279954e-01 2.6667385e-01
7.4824825e+00 1.5021327e-01 2.0583372e-01 2.7001668e-01
7.4924925e+00 1.5279442e-01 2.0871114e-01 2.7335046e-01
7.5025025e+00 1.5552112e-01 2.1164442e-01 2.7668146e-01
7.5125125e+00 1.5820256e-01 2.1484108e-01 2.8025973e-01
7.5225225e+00 1.6086632e-01 2.1786526e-01 2.8362937e-01
7.5325325e+00 1.6361018e-01 2.2084056e-01 2.8718649e-01
7.5425425e+00 1.6641037e-01 2.2416445e-01 2.9067775e-01
7.5525526e+00 1.6923894e-01 2.2730710e-01 2.9422626e-01
7.5625626e+00 1.7207194e-01 2.3061959e-01 2.9788675e-01
7.5725726e+00 1.7494966e-01 2.3388439e-01 3.0150697e-01
7.5825826e+00 1.7782168e-01 2.3714169e-01 3.0523499e-01
7.5925926e+00 1.8079365e-01 2.4053492e-01 3.0882658e-01
7.6026026e+00 1.8379083e-01 2.4398705e-01 3.1247679e-01
7.6126126e+00 1.8684516e-01 2.4750818e-01 3.1620136e-01
7.6226226e+00 1.8995936e-01 2.5094686e-01 3.2010603e-01
7.6326326e+00 1.9298432e-01 2.5441352e-01 3.2382263e-01
7.6426426e+00 1.9601625e-01 2.5788505e-01 3.2783677e-01
7.6526527e+00 1.9912978e-01 2.6152000e-01 3.3190394e-01
7.6626627e+00 2.0242904e-01 2.6517185e-01 3.3598638e-01
7.6726727e+00 2.0554701e-01 2.6881624e-01 3.3992879e-01
7.6826827e+00 2.0876794e-01 2.7241425e-01 3.4390202e-01
7.6926927e+00 2.1194968e-01 2.7609979e-01 3.4805215e-01
7.7027027e+00 2.1520339e-01 2.7987255e-01 3.5212441e-01
7.7127127e+00 2.1848512e-01 2.8354817e-01 3.5613493e-01
7.7227227e+00 2.2169395e-01 2.8734920e-01 3.6028875e-01
7.7327327e+00 2.2501274e-01 2.9115954e-01 3.6438756e-01
7.7427427e+00 2.2824794e-01 2.9496448e-01 3.6843522e-01
7.7527528e+00 2.3163302e-01 2.9867658e-01 3.7262390e-01
7.7627628e+00 2.3505918e-01 3.0261528e-01 3.7675500e-01
7.7727728e+00 2.3849407e-01 3.0656624e-01 3.8103100e-01
7.7827828e+00 2.4197988e-01 3.1036630e-01 3.8523676e-01
7.7927928e+00 2.4541211e-01 3.1428487e-01 3.8941001e-01
7.8028028e+00 2.4893260e-01 3.1817638e-01 3.9372197e-01
7.8128128e+00 2.5242457e-01 3.2206806e-01 3.9821538e-01
7.8228228e+00 2.5588158e-01 3.2600510e-01 4.0257886e-01
7.8328328e+00 2.5945114e-01 3.2983704e-01 4.0674101e-01
7.8428428e+00 2.6315595e-01 3.3394587e-01 4.1113082e-01
7.8528529e+00 2.6671521e-01 3.3787504e-01 4.1558570e-01
7.8628629e+00 2.7004461e-01 3.4184839e-01 4.1993794e-01
7.8728729e+00 2.7353288e-01 3.4570630e-01 4.2410979e-01
7.8828829e+00 2.7705175e-01 3.4965606e-01 4.2837513e-01
7.8928929e+00 2.8061987e-01 3.5355868e-01 4.3258381e-01
7.9029029e+00 2.8413420e-01 3.5747532e-01 4.3690811e-01
7.9129129e+00 2.8744742e-01 3.6148728e-01 4.4110483e-01
7.9229229e+00 2.9086037e-01 3.6540508e-01 4.4529105e-01
7.9329329e+00 2.9448131e-01 3.6933879e-01 4.4964347e-01
7.9429429e+00 2.9799690e-01 3.7323602e-01 4.5401123e-01
7.9529530e+00 3.0135765e-01 3.7714173e-01 4.5821005e-01
7.9629630e+00 3.0478037e-01 3.8083915e-01 4.6241402e-01
7.9729730e+00 3.0820995e-01 3.8480102e-01 4.6653784e-01
7.9829830e+00 3.1179414e-01 3.8865772e-01 4.7050956e-01
7.9929930e+00 3.1518877e-01 3.9239273e-01 4.7465721e-01
8.0030030e+00 3.1851128e-01 3.9626349e-01 4.7883707e-01
8.0130130e+00 3.2202069e-01 4.0005940e-01 4.8301803e-01
8.0230230e+00 3.2540048e-01 4.0394877e-01 4.8692236e-01
8.0330330e+00 3.2855758e-01 4.0755075e-01 4.9093728e-01
8.0430430e+00 3.3184979e-01 4.1131077e-01 4.9508012e-01
8.0530531e+00 3.3517766e-01 4.1498732e-01 4.9880925e-01
8.0630631e+00 3.3868358e-01 4.1861706e-01 5.0256891e-01
8.0730731e+00 3.4203807e-01 4.2227843e-01 5.0647816e-01
8.0830831e+00 3.4528957e-01 4.2584094e-01 5.1043536e-01
8.0930931e+00 3.4840932e-01 4.2943446e-01 5.1440060e-01
8.1031031e+00 3.5143715e-01 4.3302839e-01 5.1815980e-01
8.1131131e+00 3.5464039e-01 4.3646024e-01 5.2181069e-01
8.1231231e+00 3.5766134e-01 4.4000358e-01 5.2550537e-01
8.1331331e+00 3.6081659e-01 4.4344006e-01 5.2904018e-01
8.1431431e+00 3.6394688e-01 4.4660943e-01 5.3238087e-01
8.1531532e+00 3.6713912e-01 4.4989539e-01 5.3593195e-01
8.1631632e+00 3.7005155e-01 4.5312462e-01 5.3942092e-01
8.1731732e+00 3.7309518e-01 4.5643361e-01 5.4270946e-01
8.1831832e+00 3.7592841e-01 4.5967885e-01 5.4617305e-01
8.1931932e+00 3.7888912e-01 4.6281154e-01 5.4958605e-01
8.2032032e+00 3.8177741e-01 4.6580113e-01 5.5280848e-01
8.2132132e+00 3.8475412e-01 4.6887184e-01 5.5606348e-01
8.2232232e+00 3.8760636e-01 4.7165819e-01 5.5916535e-01
8.2332332e+00 3.9027844e-01 4.7445860e-01 5.6218739e-01
8.2432432e+00 3.9297392e-01 4.7738671e-01 5.6534026e-01
8.2532533e+00 3.9588857e-01 4.8015807e-01 5.6852787e-01
8.2632633e+00 3.9854679e-01 4.8268253e-01 5.7159413e-01
8.2732733e+00 4.0133325e-01 4.8526086e-01 5.7437440e-01
8.2832833e+00 4.0402103e-01 4.8779412e-01 5.7722971e-01
8.2932933e+00 4.0651669e-01 4.9057788e-01 5.8011041e-01
8.3033033e+00 4.0904021e-01 4.9350826e-01 5.8282742e-01
8.3133133e+00 4.1168092e-01 4.9614652e-01 5.8553499e-01
8.3233233e+00 4.1424256e-01 4.9878883e-01 5.8839991e-01
8.3333333e+00 4.1636603e-01 5.0122138e-01 5.9102336e-01
8.3433433e+00 4.1872690e-01 5.0372252e-01 5.9368386e-01
8.3533534e+00 4.2113630e-01 5.0605476e-01 5.9601004e-01
8.3633634e+00 4.2348412e-01 5.0847542e-01 5.9863036e-01
8.3733734e+00 4.2596784e-01 5.1082204e-01 6.0085758e-01
8.3833834e+00 4.2820265e-01 5.1294064e-01 6.0311058e-01
8.3933934e+00 4.3057759e-01 5.1540408e-01 6.0547939e-01
8.4034034e+00 4.3296387e-01 5.1753369e-01 6.0793003e-01
8.4134134e+00 4.3531347e-01 5.1975551e-01 6.1010228e-01
8.4234234e+00 4.3767079e-01 5.2206357e-01 6.1225055e-01
8.4334334e+00 4.4004630e-01 5.2423804e-01 6.1472550e-01
8.4434434e+00 4.4228737e-01 5.2648460e-01 6.1702902e-01
8.4534535e+00 4.4461782e-01 5.2860204e-01 6.1916452e-01
8.4634635e+00 4.4693495e-01 5.3092901e-01 6.2148296e-01
8.4734735e+00 4.4919212e-01 5.3313814e-01 6.2369956e-01
8.4834835e+00 4.5146508e-01 5.3551089e-01 6.2570758e-01
8.4934935e+00 4.5381811e-01 5.3792097e-01 6.2801805e-01
8.5035035e+00 4.5596806e-01 5.4000111e-01 6.3031959e-01
8.5135135e+00 4.5844289e-01 5.4218881e-01 6.3246225e-01
8.5235235e+00 4.6084742e-01 5.4429182e-01 6.3448982e-01
8.5335335e+00 4.6322239e-01 5.4664643e-01 6.3662565e-01
8.5435435e+00 4.6542640e-01 5.4897512e-01 6.3865649e-01
8.5535536e+00 4.6762996e-01 5.5109823e-01 6.4065558e-01
8.5635636e+00 4.7003272e-01 5.5325289e-01 6.4272914e-01
8.5735736e+00 4.7221817e-01 5.5541295e-01 6.4481689e-01
8.5835836e+00 4.7464066e-01 5.5768542e-01 6.4685252e-01
8.5935936e+00 4.7712254e-01 5.5988462e-01 6.4910165e-01
8.6036036e+00 4.7943979e-01 5.6223545e-01 6.5132120e-01
8.6136136e+00 4.8169203e-01 5.6460334e-01 6.5355698e-01
8.6236236e+00 4.8385984e-01 5.6709427e-01 6.5563309e-01
8.6336336e+00 4.8626652e-01 5.6942237e-01 6.5788806e-01
8.6436436e+00 4.8865424e-01 5.7172081e-01 6.6019946e-01
8.6536537e+00 4.9110342e-01 5.7431951e-01 6.6250128e-01
8.6636637e+00 4.9334391e-01 5.7677251e-01 6.6475870e-01
8.6736737e+00 4.9588057e-01 5.7929245e-01 6.6713393e-01
8.6836837e+00 4.9816232e-01 5.8162648e-01 6.6957710e-01
8.6936937e+00 5.0064619e-01 5.8414271e-01 6.7181490e-01
8.7037037e+00 5.0332514e-01 5.8688897e-01 6.7437207e-01
8.7137137e+00 5.0603037e-01 5.8944347e-01 6.7702556e-01
8.7237237e+00 5.0880089e-01 5.9189848e-01 6.7931701e-01
8.7337337e+00 5.1156366e-01 5.9463078e-01 6.8201400e-01
8.7437437e+00 5.1430076e-01 5.9741109e-01 6.8484757e-01
8.7537538e+00 5.1690475e-01 6.0013000e-01 6.8740860e-01
8.7637638e+00 5.1957949e-01 6.0291259e-01 6.9006918e-01
8.7737738e+00 5.2225625e-01 6.0576945e-01 6.9262830e-01
8.7837838e+00 5.2510790e-01 6.0865412e-01 6.9521875e-01
8.7937938e+00 5.2802252e-01 6.1160432e-01 6.9836259e-01
8.8038038e+00 5.3100675e-01 6.1465037e-01 7.0146561e-01
8.8138138e+00 5.3394939e-01 6.1753794e-01 7.0439256e-01
8.8238238e+00 5.3715648e-01 6.2056043e-01 7.0756879e-01
8.8338338e+00 5.4015000e-01 6.2362878e-01 7.1076109e-01
8.8438438e+00 5.4326542e-01 6.2680681e-01 7.1397385e-01
8.8538539e+00 5.4630956e-01 6.2997235e-01 7.1728419e-01
8.8638639e+00 5.4944666e-01 6.3316743e-01 7.2059011e-01
8.8738739e+00 5.5283452e-01 6.3635393e-01 7.2408956e-01
8.8838839e+00 5.5601079e-01 6.3973756e-01 7.2748369e-01
8.8938939e+00 5.5907337e-01 6.4306257e-01 7.3099997e-01
8.9039039e+00 5.6204032e-01 6.4648127e-01 7.3468447e-01
8.9139139e+00 5.6529906e-01 6.4977677e-01 7.3828664e-01
8.9239239e+00 5.6835806e-01 6.5331942e-01 7.4197757e-01
8.9339339e+00 5.7167427e-01 6.5690250e-01 7.4571656e-01
8.9439439e+00 5.7466237e-01 6.6045156e-01 7.4962420e-01
8.9539540e+00 5.7791636e-01 6.6401085e-01 7.5361863e-01
8.9639640e+00 5.8134125e-01 6.6765372e-01 7.5741447e-01
8.9739740e+00 5.8476079e-01 6.7147044e-01 7.6130764e-01
8.9839840e+00 5.8828538e-01 6.7507376e-01 7.6506659e-01
8.9939940e+00 5.9190153e-01 6.7883005e-01 7.6887553e-01
9.0040040e+00 5.9554497e-01 6.8259599e-01 7.7260037e-01
9.0140140e+00 5.9892159e-01 6.8636955e-01 7.7669681e-01
9.0240240e+00 6.0270635e-01 6.9025100e-01 7.8084175e-01
9.0340340e+00 6.0640747e-01 6.9406090e-01 7.8477695e-01
9.0440440e+00 6.0992745e-01 6.9811620e-01 7.8872117e-01
9.0540541e+00 6.1367732e-01 7.0195126e-01 7.9274709e-01
9.0640641e+00 6.1745412e-01 7.0578781e-01 7.9666347e-01
9.0740741e+00 6.2111648e-01 7.0972241e-01 8.0061385e-01
9.0840841e+00 6.2479459e-01 7.1358009e-01 8.0475075e-01
9.0940941e+00 6.2852166e-01 7.1748672e-01 8.0882090e-01
9.1041041e+00 6.3263296e-01 7.2135150e-01 8.1308684e-01
9.1141141e+00 6.3645738e-01 7.2523805e-01 8.1735121e-01
9.1241241e+00 6.4003476e-01 7.2934527e-01 8.2142475e-01
9.1341341e+00 6.4386194e-01 7.3321855e-01 8.2576647e-01
9.1441441e+00 6.4779761e-01 7.3718210e-01 8.2998115e-01
9.1541542e+00 6.5180244e-01 7.4126644e-01 8.3410478e-01
9.1641642e+00 6.5571363e-01 7.4563401e-01 8.3806947e-01
9.1741742e+00 6.5950727e-01 7.4973795e-01 8.4216884e-01
9.1841842e+00 6.6352616e-01 7.5379808e-01 8.4662554e-01
9.1941942e+00 6.6739683e-01 7.5802280e-01 8.5086029e-01
9.2042042e+00 6.7126323e-01 7.6216547e-01 8.5508608e-01
9.2142142e+00 6.7519203e-01 7.6618361e-01 8.5921119e-01
9.2242242e+00 6.7913536e-01 7.7016891e-01 8.6343767e-01
9.2342342e+00 6.8313149e-01 7.7429386e-01 8.6757798e-01
9.2442442e+00 6.8695575e-01 7.7844158e-01 8.7169473e-01
9.2542543e+00 6.9094008e-01 7.8257148e-01 8.7575941e-01
9.2642643e+00 6.9476442e-01 7.8675690e-01 8.7982605e-01
9.2742743e+00 6.9871739e-01 7.9062944e-01 8.8413622e-01
9.2842843e+00 7.0272178e-01 7.9475608e-01 8.8818172e-01
9.2942943e+00 7.0666898e-01 7.9861157e-01 8.9223699e-01
9.3043043e+00 7.1078805e-01 8.0252722e-01 8.9623293e-01
9.3143143e+00 7.1494413e-01 8.0651239e-01 9.0026034e-01
9.3243243e+00 7.1886320e-01 8.1037563e-01 9.0411672e-01
9.3343343e+00 7.2278445e-01 8.1426006e-01 9.0833325e-01
9.3443443e+00 7.2696375e-01 8.1835259e-01 9.1247676e-01
9.3543544e+00 7.3095356e-01 8.2238036e-01 9.1625488e-01
9.3643644e+00 7.3495330e-01 8.2618557e-01 9.2037233e-01
9.3743744e+00 7.3893672e-01 8.3017126e-01 9.2421014e-01
9.3843844e+00 7.4288218e-01 8.3398723e-01 9.2820517e-01
9.3943944e+00 7.4663940e-01 8.3800244e-01 9.3206969e-01
9.4044044e+00 7.5050248e-01 8.4171848e-01 9.3589384e-01
9.4144144e+00 7.5457350e-01 8.4552092e-01 9.3930868e-01
9.4244244e+00 7.5841334e-01 8.4923127e-01 9.4330857e-01
9.4344344e+00 7.6210518e-01 8.5297019e-01 9.4717330e-01
9.4444444e+00 7.6583147e-01 8.5687997e-01 9.5082377e-01
9.4544545e+00 7.6958856e-01 8.6061524e-01 9.5443632e-01
9.4644645e+00 7.7303168e-01 8.6450980e-01 9.5806671e-01
9.4744745e+00 7.7690458e-01 8.6803972e-01 9.6169075e-01
9.4844845e+00 7.8033371e-01 8.7142017e-01 9.6539595e-01
9.4944945e+00 7.8426647e-01 8.7513972e-01 9.6894032e-01
9.5045045e+00 7.8782777e-01 8.7873425e-01 9.7228834e-01
9.5145145e+00 7.9137742e-01 8.8232522e-01 9.7584911e-01
9.5245245e+00 7.9482920e-01 8.8569118e-01 9.7948337e-01
9.5345345e+00 7.9823867e-01 8.8922402e-01 9.8319338e-01
9.5445445e+00 8.0179761e-01 8.9273228e-01 9.8670195e-01
9.5545546e+00 8.0531909e-01 8.9631891e-01 9.9042722e-01
9.5645646e+00 8.0889397e-01 8.9970329e-01 9.9367415e-01
9.5745746e+00 8.1216087e-01 9.0321756e-01 9.9657233e-01
9.5845846e+00 8.1528110e-01 9.0631190e-01 9.9976774e-01
9.5945946e+00 8.1837572e-01 9.0964484e-01 1.0032675e+00
9.6046046e+00 8.2154418e-01 9.1281657e-01 1.0064024e+00
9.6146146e+00 8.2487441e-01 9.1588832e-01 1.0097661e+00
9.6246246e+00 8.2800564e-01 9.1913843e-01 1.0128535e+00
9.6346346e+00 8.3097338e-01 9.2239867e-01 1.0162284e+00
9.6446446e+00 8.3397898e-01 9.2560614e-01 1.0193216e+00
9.6546547e+00 8.3719915e-01 9.2876697e-01 1.0223312e+00
9.6646647e+00 8.4049406e-01 9.3169761e-01 1.0251689e+00
9.6746747e+00 8.4327231e-01 9.3473956e-01 1.0282885e+00
9.6846847e+00 8.4615166e-01 9.3772523e-01 1.0316272e+00
9.6946947e+00 8.4896794e-01 9.4041500e-01 1.0345914e+00
9.7047047e+00 8.5201379e-01 9.4318110e-01 1.0375166e+00
9.7147147e+00 8.5471138e-01 9.4599874e-01 1.0401457e+00
9.7247247e+00 8.5746732e-01 9.4867907e-01 1.0433402e+00
9.7347347e+00 8.6019684e-01 9.5124917e-01 1.0459875e+00
9.7447447e+00 8.6285638e-01 9.5403239e-01 1.0485985e+00
9.7547548e+00 8.6526342e-01 9.5642613e-01 1.0510607e+00
9.7647648e+00 8.6747770e-01 9.5893114e-01 1.0539736e+00
9.7747748e+00 8.6990065e-01 9.6150021e-01 1.0565958e+00
9.7847848e+00 8.7217231e-01 9.6409202e-01 1.0591466e+00
9.7947948e+00 8.7422322e-01 9.6636192e-01 1.0616212e+00
9.8048048e+00 8.7633814e-01 9.6884479e-01 1.0642443e+00
9.8148148e+00 8.7845390e-01 9.7124777e-01 1.0664523e+00
9.8248248e+00 8.8006915e-01 9.7318075e-01 1.0687812e+00
9.8348348e+00 8.8231787e-01 9.7531081e-01 1.0710249e+00
9.8448448e+00 8.8422304e-01 9.7728360e-01 1.0732048e+00
9.8548549e+00 8.8615709e-01 9.7924519e-01 1.0752844e+00
9.8648649e+00 8.8806763e-01 9.8115812e-01 1.0775037e+00
9.8748749e+00 8.8969065e-01 9.8308358e-01 1.0793612e+00
9.8848849e+00 8.9136856e-01 9.8497852e-01 1.0811558e+00
9.8948949e+00 8.9300416e-01 9.8673832e-01 1.0829822e+00
9.9049049e+00 8.9471735e-01 9.8821376e-01 1.0847441e+00
9.9149149e+00 8.9614045e-01 9.8981335e-01 1.0861937e+00
9.9249249e+00 8.9741344e-01 9.9107642e-01 1.0875823e+00
9.9349349e+00 8.9865263e-01 9.9233532e-01 1.0891578e+00
9.9449449e+00 8.9974245e-01 9.9360473e-01 1.0905384e+00
9.9549550e+00 9.0072442e-01 9.9479389e-01 1.0919157e+00
9.9649650e+00 9.0167552e-01 9.9558429e-01 1.0930386e+00
9.9749750e+00 9.0244009e-01 9.9649668e-01 1.0943636e+00
9.9849850e+00 9.0314584e-01 9.9735073e-01 1.0954125e+00
9.9949950e+00 9.0380923e-01 9.9798921e-01 1.0964362e+00
1.0005005e+01 9.0448870e-01 9.9848603e-01 1.0972907e+00
1.0015015e+01 9.0471330e-01 9.9895561e-01 1.0979115e+00
1.0025025e+01 9.0518134e-01 9.9947935e-01 1.0985600e+00
1.0035035e+01 9.0551662e-01 9.9973660e-01 1.0989907e+00
1.0045045e+01 9.0560414e-01 9.9987950e-01 1.0990867e+00
1.0055055e+01 9.0565331e-01 9.9997702e-01 1.0994136e+00
1.0065065e+01 9.0566930e-01 1.0000000e+00 1.0995306e+00
1.0075075e+01 9.0540606e-01 9.9989523e-01 1.0995322e+00
1.0085085e+01 9.0522832e-01 9.9958597e-01 1.0992669e+00
1.0095095e+01 9.0461557e-01 9.9944529e-01 1.0989178e+00
1.0105105e+01 9.0421839e-01 9.9907088e-01 1.0986235e+00
1.0115115e+01 9.0342815e-01 9.9849913e-01 1.0984386e+00
1.0125125e+01 9.0283795e-01 9.9782328e-01 1.0977362e+00
1.0135135e+01 9.0205835e-01 9.9685333e-01 1.0969013e+00
1.0145145e+01 9.0093122e-01 9.9591289e-01 1.0959821e+00
1.0155155e+01 8.9977790e-01 9.9482720e-01 1.0947853e+00
1.0165165e+01 8.9846064e-01 9.9387526e-01 1.0936738e+00
1.0175175e+01 8.9707622e-01 9.9240992e-01 1.0923525e+00
1.0185185e+01 8.9566641e-01 9.9086118e-01 1.0906984e+00
1.0195195e+01 8.9410560e-01 9.8915631e-01 1.0887225e+00
1.0205205e+01 8.9246149e-01 9.8767587e-01 1.0869597e+00
1.0215215e+01 8.9057690e-01 9.8564495e-01 1.0849643e+00
1.0225225e+01 8.8839251e-01 9.8371056e-01 1.0828107e+00
1.0235235e+01 8.8608202e-01 9.8160966e-01 1.0807141e+00
1.0245245e+01 8.8386407e-01 9.7943935e-01 1.0785973e+00
1.0255255e+01 8.8137458e-01 9.7710355e-01 1.0762462e+00
1.0265265e+01 8.7903313e-01 9.7461470e-01 1.0737106e+00
1.0275275e+01 8.7630672e-01 9.7202825e-01 1.0711877e+00
1.0285285e+01 8.7330974e-01 9.6945881e-01 1.0684799e+00
1.0295295e+01 8.7051616e-01 9.6660896e-01 1.0654675e+00
1.0305305e+01 8.6746584e-01 9.6347093e-01 1.0621949e+00
1.0315315e+01 8.6421020e-01 9.6030191e-01 1.0590183e+00
1.0325325e+01 8.6071703e-01 9.5695885e-01 1.0554709e+00
1.0335335e+01 8.5691314e-01 9.5347906e-01 1.0521234e+00
1.0345345e+01 8.5333050e-01 9.4982049e-01 1.0487475e+00
1.0355355e+01 8.4984983e-01 9.4600701e-01 1.0447054e+00
1.0365365e+01 8.4582804e-01 9.4229146e-01 1.0408774e+00
1.0375375e+01 8.4179389e-01 9.3833000e-01 1.0368579e+00
1.0385385e+01 8.3755339e-01 9.3422664e-01 1.0328365e+00
1.0395395e+01 8.3328665e-01 9.2997906e-01 1.0284404e+00
1.0405405e+01 8.2898292e-01 9.2546369e-01 1.0238156e+00
1.0415415e+01 8.2444959e-01 9.2107880e-01 1.0190218e+00
1.0425425e+01 8.1993981e-01 9.1632446e-01 1.0140225e+00
1.0435435e+01 8.1548730e-01 9.1158843e-01 1.0093099e+00
1.0445445e+01 8.1066461e-01 9.0656478e-01 1.0041478e+00
1.0455455e+01 8.0573130e-01 9.0150584e-01 9.9903320e-01
1.0465465e+01 8.0047732e-01 8.9633019e-01 9.9353080e-01
1.0475475e+01 7.9530575e-01 8.9116017e-01 9.8807383e-01
1.0485485e+01 7.9014268e-01 8.8582608e-01 9.8249216e-01
1.0495495e+01 7.8469282e-01 8.8043440e-01 9.7691056e-01
1.0505506e+01 7.7913839e-01 8.7468812e-01 9.7118355e-01
1.0515516e+01 7.7355398e-01 8.6892166e-01 9.6542217e-01
1.0525526e+01 7.6790246e-01 8.6289899e-01 9.5921878e-01
1.0535536e+01 7.6207800e-01 8.5681316e-01 9.5336869e-01
1.0545546e+01 7.5619388e-01 8.5069994e-01 9.4710727e-01
1.0555556e+01 7.5023328e-01 8.4440672e-01 9.4091542e-01
1.0565566e+01 7.4400120e-01 8.3796948e-01 9.3435050e-01
1.0575576e+01 7.3772647e-01 8.3156343e-01 9.2786097e-01
1.0585586e+01 7.3143230e-01 8.2491204e-01 9.2131856e-01
1.0595596e+01 7.2513353e-01 8.1829099e-01 9.1442110e-01
1.0605606e+01 7.1870976e-01 8.1155645e-01 9.0766233e-01
1.0615616e+01 7.1182365e-01 8.0474574e-01 9.0060658e-01
1.0625626e+01 7.0505533e-01 7.9807936e-01 8.9338300e-01
1.0635636e+01 6.9824230e-01 7.9107198e-01 8.8604262e-01
1.0645646e+01 6.9121134e-01 7.8395861e-01 8.7873297e-01
1.0655656e+01 6.8423183e-01 7.7696552e-01 8.7132086e-01
1.0665666e+01 6.7749596e-01 7.6970469e-01 8.6376213e-01
1.0675676e+01 6.7041804e-01 7.6209698e-01 8.5597774e-01
1.0685686e+01 6.6341490e-01 7.5459435e-01 8.4823062e-01
1.0695696e+01 6.5636734e-01 7.4705699e-01 8.4079378e-01
1.0705706e+01 6.4893634e-01 7.3959491e-01 8.3308421e-01
1.0715716e+01 6.4163399e-01 7.3183187e-01 8.2533636e-01
1.0725726e+01 6.3410591e-01 7.2427114e-01 8.1726624e-01
1.0735736e+01 6.2681643e-01 7.1634968e-01 8.0907132e-01
1.0745746e+01 6.1940090e-01 7.0845315e-01 8.0080154e-01
1.0755756e+01 6.1171695e-01 7.0046884e-01 7.9269651e-01
1.0765766e+01 6.0415900e-01 6.9262289e-01 7.8430382e-01
1.0775776e+01 5.9654245e-01 6.8467643e-01 7.7607312e-01
1.0785786e+01 5.8892043e-01 6.7673478e-01 7.6767793e-01
1.0795796e+01 5.8121093e-01 6.6860770e-01 7.5933101e-01
1.0805806e+01 5.7373656e-01 6.6054631e-01 7.5098689e-01
1.0815816e+01 5.6602473e-01 6.5220040e-01 7.4246661e-01
1.0825826e+01 5.5825851e-01 6.4389217e-01 7.3378492e-01
1.0835836e+01 5.5046422e-01 6.3568597e-01 7.2512501e-01
1.0845846e+01 5.4249170e-01 6.2729763e-01 7.1648363e-01
1.0855856e+01 5.3456651e-01 6.1890300e-01 7.0783823e-01
1.0865866e+01 5.2662347e-01 6.1075283e-01 6.9886317e-01
1.0875876e+01 5.1899269e-01 6.0237852e-01 6.8988817e-01
1.0885886e+01 5.1086513e-01 5.9390701e-01 6.8085292e-01
1.0895896e+01 5.0292534e-01 5.8560923e-01 6.7197341e-01
1.0905906e+01 4.9495837e-01 5.7712095e-01 6.6310775e-01
1.0915916e+01 4.8688350e-01 5.6867018e-01 6.5422538e-01
1.0925926e+01 4.7909655e-01 5.6009393e-01 6.4515355e-01
1.0935936e+01 4.7130653e-01 5.5159498e-01 6.3628102e-01
1.0945946e+01 4.6343484e-01 5.4299520e-01 6.2735372e-01
1.0955956e+01 4.5555336e-01 5.3441194e-01 6.1848460e-01
1.0965966e+01 4.4772092e-01 5.2582887e-01 6.0945507e-01
1.0975976e+01 4.3990775e-01 5.1740049e-01 6.0036578e-01
1.0985986e+01 4.3209130e-01 5.0878990e-01 5.9130011e-01
1.0995996e+01 4.2413580e-01 5.0051091e-01 5.8219369e-01
1.1006006e+01 4.1625356e-01 4.9215639e-01 5.7339254e-01
1.1016016e+01 4.0848355e-01 4.8368909e-01 5.6440829e-01
1.1026026e+01 4.0080110e-01 4.7535170e-01 5.5541735e-01
1.1036036e+01 3.9324103e-01 4.6695498e-01 5.4653618e-01
1.1046046e+01 3.8557015e-01 4.5875950e-01 5.3765011e-01
1.1056056e+01 3.7790030e-01 4.5057525e-01 5.2870997e-01
1.1066066e+01 3.7024532e-01 4.4236055e-01 5.1995597e-01
1.1076076e+01 3.6277044e-01 4.3424312e-01 5.1108453e-01
1.1086086e+01 3.5523665e-01 4.2614424e-01 5.0202885e-01
1.1096096e+01 3.4794105e-01 4.1800409e-01 4.9342766e-01
1.1106106e+01 3.4069613e-01 4.0996165e-01 4.8455139e-01
1.1116116e+01 3.3333026e-01 4.0204426e-01 4.7585825e-01
1.1126126e+01 3.2613248e-01 3.9403268e-01 4.6711630e-01
1.1136136e+01 3.1887103e-01 3.8603965e-01 4.5847338e-01
1.1146146e+01 3.1167908e-01 3.7826802e-01 4.4992642e-01
1.1156156e+01 3.0474145e-01 3.7042538e-01 4.4139198e-01
1.1166166e+01 2.9787227e-01 3.6266407e-01 4.3276491e-01
1.1176176e+01 2.9088097e-01 3.5507554e-01 4.2425452e-01
1.1186186e+01 2.8408684e-01 3.4752512e-01 4.1587579e-01
1.1196196e+01 2.7729864e-01 3.3997577e-01 4.0742918e-01
1.1206206e+01 2.7066960e-01 3.3237662e-01 3.9926117e-01
1.1216216e+01 2.6400456e-01 3.2493544e-01 3.9096987e-01
1.1226226e+01 2.5733659e-01 3.1764353e-01 3.8270681e-01
1.1236236e+01 2.5079511e-01 3.1042948e-01 3.7463678e-01
1.1246246e+01 2.4436666e-01 3.0310898e-01 3.6664828e-01
1.1256256e+01 2.3790744e-01 2.9594891e-01 3.5876266e-01
1.1266266e+01 2.3175270e-01 2.8894158e-01 3.5086340e-01
1.1276276e+01 2.2559167e-01 2.8196672e-01 3.4305489e-01
1.1286286e+01 2.1952772e-01 2.7504002e-01 3.3531891e-01
1.1296296e+01 2.1354294e-01 2.6822907e-01 3.2767298e-01
1.1306306e+01 2.0761984e-01 2.6147419e-01 3.2022365e-01
1.1316316e+01 2.0189789e-01 2.5483815e-01 3.1266000e-01
1.1326326e+01 1.9616138e-01 2.4828714e-01 3.0525546e-01
1.1336336e+01 1.9059433e-01 2.4188233e-01 2.9792953e-01
1.1346346e+01 1.8513885e-01 2.3553464e-01 2.9080334e-01
1.1356356e+01 1.7975614e-01 2.2919634e-01 2.8364118e-01
1.1366366e+01 1.7441248e-01 2.2300420e-01 2.7673186e-01
1.1376376e+01 1.6917742e-01 2.1691380e-01 2.6980219e-01
1.1386386e+01 1.6399941e-01 2.1088416e-01 2.6299950e-01
1.1396396e+01 1.5897382e-01 2.0506748e-01 2.5637681e-01
1.1406406e+01 1.5403329e-01 1.9923947e-01 2.4968451e-01
1.1416416e+01 1.4914020e-01 1.9357160e-01 2.4317176e-01
1.1426426e+01 1.4442994e-01 1.8798317e-01 2.3679925e-01
1.1436436e+01 1.3975494e-01 1.8250111e-01 2.3048253e-01
1.1446446e+01 1.3521288e-01 1.7704963e-01 2.2422940e-01
1.1456456e+01 1.3071922e-01 1.7176042e-01 2.1801113e-01
1.1466466e+01 1.2638740e-01 1.6656917e-01 2.1197063e-01
1.1476476e+01 1.2215084e-01 1.6149863e-01 2.0600561e-01
1.1486486e+01 1.1799112e-01 1.5650775e-01 2.0014525e-01
1.1496496e+01 1.1391346e-01 1.5162656e-01 1.9440035e-01
1.1506507e+01 1.0996556e-01 1.4685584e-01 1.8877900e-01
1.1516517e+01 1.0601678e-01 1.4213651e-01 1.8326518e-01
1.1526527e+01 1.0231197e-01 1.3753326e-01 1.7783466e-01
1.1536537e+01 9.8643691e-02 1.3303757e-01 1.7251786e-01
1.1546547e+01 9.5074911e-02 1.2861291e-01 1.6733085e-01
1.1556557e+01 9.1569330e-02 1.2433344e-01 1.6216221e-01
1.1566567e+01 8.8171715e-02 1.2014679e-01 1.5714374e-01
1.1576577e+01 8.4881123e-02 1.1605729e-01 1.5224525e-01
1.1586587e+01 8.1639562e-02 1.1200720e-01 1.4747234e-01
1.1596597e+01 7.8533267e-02 1.0807214e-01 1.4269819e-01
1.1606607e+01 7.5580125e-02 1.0429517e-01 1.3804926e-01
1.1616617e+01 7.2657608e-02 1.0062037e-01 1.3345924e-01
1.1626627e+01 6.9777166e-02 9.6992478e-02 1.2905271e-01
1.1636637e+01 6.7030602e-02 9.3443789e-02 1.2472678e-01
1.1646647e+01 6.4363479e-02 9.0029201e-02 1.2049348e-01
1.1656657e+01 6.1806971e-02 8.6702899e-02 1.1632011e-01
1.1666667e+01 5.9235867e-02 8.3499005e-02 1.1228490e-01
1.1676677e+01 5.6775231e-02 8.0309007e-02 1.0835676e-01
1.1686687e+01 5.4427106e-02 7.7233002e-02 1.0453174e-01
1.1696697e+01 5.2128643e-02 7.4242523e-02 1.0080270e-01
1.1706707e+01 4.9901051e-02 7.1344027e-02 9.7181462e-02
1.1716717e+01 4.7721266e-02 6.8526734e-02 9.3612073e-02
1.1726727e+01 4.5630359e-02 6.5797649e-02 9.0164911e-02
1.1736737e+01 4.3623196e-02 6.3138698e-02 8.6823465e-02
1.1746747e+01 4.1679941e-02 6.0571746e-02 8.3531917e-02
1.1756757e+01 3.9808725e-02 5.8095145e-02 8.0369947e-02
1.1766767e+01 3.8017628e-02 5.5715205e-02 7.7303986e-02
1.1776777e+01 3.6280974e-02 5.3389283e-02 7.4311567e-02
1.1786787e+01 3.4616657e-02 5.1108330e-02 7.1369749e-02
1.1796797e+01 3.3005651e-02 4.8916798e-02 6.8500457e-02
1.1806807e+01 3.1472581e-02 4.6812732e-02 6.5776461e-02
1.1816817e+01 2.9992753e-02 4.4770173e-02 6.3160010e-02
1.1826827e+01 2.8555730e-02 4.2789888e-02 6.0575727e-02
1.1836837e+01 2.7174432e-02 4.0885102e-02 5.8071083e-02
1.1846847e+01 2.5870300e-02 3.9057835e-02 5.5648723e-02
1.1856857e+01 2.4607114e-02 3.7280420e-02 5.3318175e-02
1.1866867e+01 2.3387523e-02 3.5575529e-02 5.1071083e-02
1.1876877e+01 2.2222959e-02 3.3919789e-02 4.8887736e-02
1.1886887e+01 2.1112253e-02 3.2357528e-02 4.6749883e-02
1.1896897e+01 2.0043179e-02 3.0831325e-02 4.4715604e-02
1.1906907e+01 1.9018381e-02 2.9380269e-02 4.2765130e-02
1.1916917e+01 1.8037870e-02 2.7983855e-02 4.0854523e-02
1.1926927e+01 1.7108603e-02 2.6628508e-02 3.9040176e-02
1.1936937e+01 1.6216523e-02 2.5340701e-02 3.7268750e-02
1.1946947e+01 1.5359006e-02 2.4097948e-02 3.5552337e-02
1.1956957e+01 1.4536791e-02 2.2901493e-02 3.3907735e-02
1.1966967e+01 1.3750220e-02 2.1761232e-02 3.2327276e-02
1.1976977e+01 1.3004954e-02 2.0667349e-02 3.0803519e-02
1.1986987e+01 1.2300431e-02 1.9615825e-02 2.9341609e-02
1.1996997e+01 1.1623196e-02 1.8621933e-02 2.7937056e-02
1.2007007e+01 1.0975166e-02 1.7660718e-02 2.6587266e-02
1.2017017e+01 1.0359895e-02 1.6730141e-02 2.5298377e-02
1.2027027e+01 9.7695781e-03 1.5854823e-02 2.4074784e-02
1.2037037e+01 9.2029084e-03 1.5018895e-02 2.2900485e-02
1.2047047e+01 8.6754319e-03 1.4208646e-02 2.1753627e-02
1.2057057e+01 8.1699016e-03 1.3447888e-02 2.0658139e-02
1.2067067e+01 7.6936368e-03 1.2714913e-02 1.9600179e-02
1.2077077e+01 7.2460387e-03 1.2014461e-02 1.8595672e-02
1.2087087e+01 6.8139574e-03 1.1357414e-02 1.7627621e-02
1.2097097e+01 6.4068742e-03 1.0729319e-02 1.6712007e-02
1.2107107e+01 6.0213552e-03 1.0128653e-02 1.5841535e-02
1.2117117e+01 5.6609275e-03 9.5560970e-03 1.4993965e-02
1.2127127e+01 5.3131325e-03 9.0133886e-03 1.4188093e-02
1.2137137e+01 4.9847214e-03 8.4989070e-03 1.3432135e-02
1.2147147e+01 4.6736065e-03 8.0056239e-03 1.2688929e-02
1.2157157e+01 4.3831376e-03 7.5397549e-03 1.1995029e-02
1.2167167e+01 4.1056503e-03 7.0929716e-03 1.1343201e-02
1.2177177e+01 3.8439412e-03 6.6723898e-03 1.0711607e-02
1.2187187e+01 3.5990814e-03 6.2722453e-03 1.0103262e-02
1.2197197e+01 3.3644971e-03 5.8937619e-03 9.5291670e-03
1.2207207e+01 3.1459449e-03 5.5384864e-03 8.9862416e-03
1.2217217e+01 2.9403394e-03 5.2034900e-03 8.4716581e-03
1.2227227e+01 2.7480424e-03 4.8813870e-03 7.9796859e-03
1.2237237e+01 2.5659486e-03 4.5787006e-03 7.5170501e-03
1.2247247e+01 2.3941194e-03 4.2907674e-03 7.0703328e-03
1.2257257e+01 2.2313487e-03 4.0227808e-03 6.6501786e-03
1.2267267e+01 2.0805235e-03 3.7668382e-03 6.2532471e-03
1.2277277e+01 1.9390736e-03 3.5262888e-03 5.8782375e-03
1.2287287e+01 1.8054590e-03 3.2986148e-03 5.5221511e-03
1.2297297e+01 1.6824684e-03 3.0856301e-03 5.1834032e-03
1.2307307e+01 1.5655942e-03 2.8844052e-03 4.8624491e-03
1.2317317e+01 1.4569756e-03 2.6942972e-03 4.5622523e-03
1.2327327e+01 1.3539455e-03 2.5165686e-03 4.2777343e-03
1.2337337e+01 1.2578738e-03 2.3483892e-03 4.0067047e-03
1.2347347e+01 1.1668661e-03 2.1914964e-03 3.7510746e-03
1.2357357e+01 1.0818231e-03 2.0420191e-03 3.5104926e-03
1.2367367e+01 1.0033843e-03 1.9023791e-03 3.2818289e-03
1.2377377e+01 9.2984218e-04 1.7713176e-03 3.0686231e-03
1.2387387e+01 8.6139563e-04 1.6489887e-03 2.8656908e-03
1.2397397e+01 7.9796951e-04 1.5345042e-03 2.6770747e-03
1.2407407e+01 7.3772382e-04 1.4266686e-03 2.4996754e-03
1.2417417e+01 6.8178356e-04 1.3258427e-03 2.3321947e-03
1.2427427e+01 6.3060986e-04 1.2316674e-03 2.1757621e-03
1.2437437e+01 5.8294649e-04 1.1438559e-03 2.0280185e-03
1.2447447e+01 5.3803657e-04 1.0617787e-03 1.8891785e-03
1.2457457e+01 4.9655311e-04 9.8452313e-04 1.7595530e-03
1.2467467e+01 4.5823091e-04 9.1260765e-04 1.6382024e-03
1.2477477e+01 4.2286088e-04 8.4531602e-04 1.5240006e-03
1.2487487e+01 3.8980764e-04 7.8265509e-04 1.4179941e-03
1.2497497e+01 3.5903824e-04 7.2437130e-04 1.3180047e-03
1.2507508e+01 3.3056876e-04 6.7054653e-04 1.2240665e-03
1.2517518e+01 3.0386362e-04 6.2014071e-04 1.1365772e-03
1.2527528e+01 2.7911469e-04 5.7287084e-04 1.0544711e-03
1.2537538e+01 2.5636486e-04 5.2902137e-04 9.7809362e-04
1.2547548e+01 2.3529514e-04 4.8863544e-04 9.0675225e-04
1.2557558e+01 2.1610563e-04 4.5105706e-04 8.4035205e-04
1.2567568e+01 1.9810617e-04 4.1571047e-04 7.7823052e-04
1.2577578e+01 1.8158130e-04 3.8305782e-04 7.2029703e-04
1.2587588e+01 1.6639730e-04 3.5284596e-04 6.6652982e-04
1.2597598e+01 1.5251063e-04 3.2482047e-04 6.1617039e-04
1.2607608e+01 1.3958500e-04 2.9886964e-04 5.6930205e-04
1.2617618e+01 1.2765455e-04 2.7486413e-04 5.2581534e-04
1.2627628e+01 1.1679569e-04 2.5262861e-04 4.8552364e-04
1.2637638e+01 1.0683427e-04 2.3212746e-04 4.4809943e-04
1.2647648e+01 9.7599352e-05 2.1313167e-04 4.1352642e-04
1.2657658e+01 8.9032424e-05 1.9557373e-04 3.8118557e-04
1.2667668e+01 8.1199076e-05 1.7948946e-04 3.5086478e-04
1.2677678e+01 7.4101500e-05 1.6459146e-04 3.2306547e-04
1.2687688e+01 6.7548159e-05 1.5081602e-04 2.9733993e-04
1.2697698e+01 6.1483021e-05 1.3825215e-04 2.7325689e-04
1.2707708e+01 5.5959938e-05 1.2652763e-04 2.5113888e-04
1.2717718e+01 5.0930969e-05 1.1577016e-04 2.3059998e-04
1.2727728e+01 4.6289318e-05 1.0583357e-04 2.1193620e-04
1.2737738e+01 4.2096091e-05 9.6761383e-05 1.9447672e-04
1.2747748e+01 3.8224370e-05 8.8387812e-05 1.7853415e-04
1.2757758e+01 3.4669460e-05 8.0696923e-05 1.6367408e-04
1.2767768e+01 3.1451356e-05 7.3655476e-05 1.5000314e-04
1.2777778e+01 2.8519638e-05 6.7157936e-05 1.3746957e-04
1.2787788e+01 2.5867209e-05 6.1190348e-05 1.2585801e-04
1.2797798e+01 2.3446630e-05 5.5710518e-05 1.1522471e-04
1.2807808e+01 2.1247627e-05 5.0729566e-05 1.0530852e-04
1.2817818e+01 1.9229320e-05 4.6175346e-05 9.6183737e-05
1.2827828e+01 1.7394621e-05 4.2006079e-05 8.7883724e-05
1.2837838e+01 1.5736792e-05 3.8204337e-05 8.0207576e-05
1.2847848e+01 1.4225854e-05 3.4706712e-05 7.3158602e-05
1.2857858e+01 1.2849936e-05 3.1491129e-05 6.6714427e-05
1.2867868e+01 1.1593720e-05 2.8579377e-05 6.0794135e-05
1.2877878e+01 1.0455797e-05 2.5923931e-05 5.5378616e-05
1.2887888e+01 9.4223832e-06 2.3511248e-05 5.0386145e-05
1.2897898e+01 8.4942303e-06 2.1314426e-05 4.5839403e-05
1.2907908e+01 7.6487409e-06 1.9302951e-05 4.1687947e-05
1.2917918e+01 6.8896890e-06 1.7466880e-05 3.7916403e-05
1.2927928e+01 6.1989159e-06 1.5791928e-05 3.4437717e-05
1.2937938e+01 5.5731064e-06 1.4279535e-05 3.1279428e-05
1.2947948e+01 5.0113299e-06 1.2900843e-05 2.8400657e-05
1.2957958e+01 4.5000770e-06 1.1649026e-05 2.5766724e-05
1.2967968e+01 4.0392119e-06 1.0512708e-05 2.3362720e-05
1.2977978e+01 3.6267860e-06 9.4793001e-06 2.1157339e-05
1.2987988e+01 3.2541114e-06 8.5444127e-06 1.9165051e-05
1.2997998e+01 2.9155510e-06 7.7065593e-06 1.7342033e-05
1.3008008e+01 2.6110412e-06 6.9446669e-06 1.5696718e-05
1.3018018e+01 2.3352986e-06 6.2495966e-06 1.4188101e-05
1.3028028e+01 2.0895810e-06 5.6236849e-06 1.2831673e-05
1.3038038e+01 1.8665390e-06 5.0548458e-06 1.1584854e-05
1.3048048e+01 1.6667093e-06 4.5455129e-06 1.0457963e-05
1.3058058e+01 1.4905951e-06 4.0811326e-06 9.4308416e-06
1.3068068e+01 1.3316406e-06 3.6623701e-06 8.5000859e-06
1.3078078e+01 1.1882361e-06 3.2872294e-06 7.6645743e-06
1.3088088e+01 1.0593512e-06 2.9486348e-06 6.9015746e-06
1.3098098e+01 9.4405145e-07 2.6412507e-06 6.2166208e-06
1.3108108e+01 8.4102716e-07 2.3664750e-06 5.5922340e-06
1.3118118e+01 7.4912440e-07 2.1188597e-06 5.0267039e-06
1.3128128e+01 6.6633846e-07 1.8950649e-06 4.5201963e-06
1.3138138e+01 5.9231896e-07 1.6942506e-06 4.0591109e-06
1.3148148e+01 5.2700585e-07 1.5143619e-06 3.6454559e-06
1.3158158e+01 4.6813813e-07 1.3525845e-06 3.2708207e-06
1.3168168e+01 4.1569421e-07 1.2071912e-06 2.9349274e-06
1.3178178e+01 3.6886727e-07 1.0774736e-06 2.6327145e-06
1.3188188e+01 3.2712867e-07 9.6103174e-07 2.3575766e-06
1.3198198e+01 2.8993872e-07 8.5627937e-07 2.1114151e-06
1.3208208e+01 2.5680964e-07 7.6320610e-07 1.8893839e-06
1.3218218e+01 2.2722775e-07 6.7960761e-07 1.6894647e-06
1.3228228e+01 2.0107311e-07 6.0472558e-07 1.5097376e-06
1.3238238e+01 1.7789533e-07 5.3805859e-07 1.3486001e-06
1.3248248e+01 1.5724542e-07 4.7809447e-07 1.2042647e-06
1.3258258e+01 1.3896708e-07 4.2511064e-07 1.0740137e-06
1.3268268e+01 1.2265140e-07 3.7740785e-07 9.5725065e-07
1.3278278e+01 1.0814666e-07 3.3497679e-07 8.5303530e-07
1.3288288e+01 9.5268204e-08 2.9709666e-07 7.5976095e-07
1.3298298e+01 8.3945748e-08 2.6321989e-07 6.7602468e-07
1.3308308e+01 7.3981679e-08 2.3326884e-07 6.0175615e-07
1.3318318e+01 6.5120801e-08 2.0659420e-07 5.3544220e-07
1.3328328e+01 5.7302212e-08 1.8267665e-07 4.7593465e-07
1.3338338e+01 5.0345731e-08 1.6162139e-07 4.2304752e-07
1.3348348e+01 4.4229110e-08 1.4280096e-07 3.7609566e-07
1.3358358e+01 3.8854744e-08 1.2610391e-07 3.3344903e-07
1.3368368e+01 3.4098789e-08 1.1137796e-07 2.9573939e-07
1.3378378e+01 2.9915799e-08 9.8264174e-08 2.6210094e-07
1.3388388e+01 2.6232837e-08 8.6626471e-08 2.3209120e-07
1.3398398e+01 2.2993406e-08 7.6355196e-08 2.0549903e-07
1.3408408e+01 2.0161104e-08 6.7307757e-08 1.8197489e-07
1.3418418e+01 1.7657647e-08 5.9240017e-08 1.6104250e-07
1.3428428e+01 1.5462741e-08 5.2151684e-08 1.4231038e-07
1.3438438e+01 1.3513651e-08 4.5876548e-08 1.2567821e-07
1.3448448e+01 1.1808548e-08 4.0310823e-08 1.1100426e-07
1.3458458e+01 1.0311755e-08 3.5424723e-08 9.7929612e-08
1.3468468e+01 9.0022424e-09 3.1112593e-08 8.6337557e-08
1.3478478e+01 7.8565660e-09 2.7299654e-08 7.6104425e-08
1.3488488e+01 6.8487541e-09 2.3928683e-08 6.7131977e-08
1.3498498e+01 5.9640639e-09 2.0967121e-08 5.9133112e-08
1.3508509e+01 5.1955495e-09 1.8367303e-08 5.2082947e-08
1.3518519e+01 4.5220351e-09 1.6080235e-08 4.5834947e-08
1.3528529e+01 3.9300147e-09 1.4068991e-08 4.0329702e-08
1.3538539e+01 3.4199185e-09 1.2303527e-08 3.5433452e-08
1.3548549e+01 2.9741213e-09 1.0753539e-08 3.1149711e-08
1.3558559e+01 2.5849273e-09 9.3915419e-09 2.7345731e-08
1.3568569e+01 2.2451750e-09 8.1979276e-09 2.3975975e-08
1.3578579e+01 1.9470136e-09 7.1530312e-09 2.0990082e-08
1.3588589e+01 1.6883760e-09 6.2427578e-09 1.8385001e-08
1.3598599e+01 1.4627820e-09 5.4358549e-09 1.6103832e-08
1.3608609e+01 1.2663577e-09 4.7338037e-09 1.4087540e-08
1.3618619e+01 1.0956641e-09 4.1192969e-09 1.2323709e-08
1.3628629e+01 9.4730515e-10 3.5824695e-09 1.0778087e-08
1.3638639e+01 8.1913791e-10 3.1158764e-09 9.4225753e-09
1.3648649e+01 7.0763093e-10 2.7069212e-09 8.2318503e-09
1.3658659e+01 6.1104030e-10 2.3532302e-09 7.1855860e-09
1.3668669e+01 5.2747416e-10 2.0428010e-09 6.2739707e-09
1.3678679e+01 4.5477415e-10 1.7726873e-09 5.4705629e-09
1.3688689e+01 3.9205939e-10 1.5373382e-09 4.7677617e-09
1.3698699e+01 3.3775326e-10 1.3325010e-09 4.1491937e-09
1.3708709e+01 2.9083595e-10 1.1539766e-09 3.6152733e-09
1.3718719e+01 2.5012091e-10 9.9884221e-10 3.1449919e-09
1.3728729e+01 2.1522256e-10 8.6443892e-10 2.7362102e-09
1.3738739e+01 1.8501182e-10 7.4775899e-10 2.3758055e-09
1.3748749e+01 1.5896652e-10 6.4589698e-10 2.0618311e-09
1.3758759e+01 1.3645338e-10 5.5795846e-10 1.7892264e-09
1.3768769e+01 1.1704932e-10 4.8183706e-10 1.5525160e-09
1.3778779e+01 1.0037810e-10 4.1578983e-10 1.3460460e-09
1.3788789e+01 8.6022789e-11 3.5860747e-10 1.1665846e-09
1.3798799e+01 7.3778100e-11 3.0932747e-10 1.0104274e-09
1.3808809e+01 6.3156646e-11 2.6661690e-10 8.7514156e-10
1.3818819e+01 5.4060356e-11 2.2964113e-10 7.5744265e-10
1.3828829e+01 4.6264807e-11 1.9753206e-10 6.5488893e-10
1.3838839e+01 3.9552017e-11 1.6985475e-10 5.6590850e-10
1.3848849e+01 3.3777715e-11 1.4596861e-10 4.8897329e-10
1.3858859e+01 2.8853848e-11 1.2537800e-10 4.2200103e-10
1.3868869e+01 2.4645904e-11 1.0757475e-10 3.6401319e-10
1.3878879e+01 2.1007459e-11 9.2348341e-11 3.1401153e-10
1.3888889e+01 1.7915564e-11 7.9187471e-11 2.7055137e-10
1.3898899e+01 1.5265724e-11 6.7891532e-11 2.3299846e-10
1.3908909e+01 1.2992801e-11 5.8137273e-11 2.0054555e-10
1.3918919e+01 1.1049420e-11 4.9765510e-11 1.7270750e-10
1.3928929e+01 9.4071042e-12 4.2587448e-11 1.4848790e-10
1.3938939e+01 7.9935652e-12 3.6421712e-11 1.2772994e-10
1.3948949e+01 6.7969826e-12 3.1133894e-11 1.0965661e-10
1.3958959e+01 5.7673051e-12 2.6585007e-11 9.4157440e-11
1.3968969e+01 4.8969164e-12 2.2685937e-11 8.0782128e-11
1.3978979e+01 4.1554165e-12 1.9352737e-11 6.9276156e-11
1.3988989e+01 3.5208567e-12 1.6501051e-11 5.9385829e-11
1.3998999e+01 2.9799156e-12 1.4059292e-11 5.0847898e-11
1.4009009e+01 2.5229095e-12 1.1977629e-11 4.3527889e-11
1.4019019e+01 2.1356192e-12 1.0203263e-11 3.7233543e-11
1.4029029e+01 1.8049134e-12 8.6784828e-12 3.1836079e-11
1.4039039e+01 1.5253848e-12 7.3810396e-12 2.7200842e-11
1.4049049e+01 1.2897350e-12 6.2729349e-12 2.3215412e-11
1.4059059e+01 1.0891610e-12 5.3304133e-12 1.9810526e-11
1.4069069e+01 9.1846713e-13 4.5267167e-12 1.6893065e-11
1.4079079e+01 7.7475158e-13 3.8402714e-12 1.4387229e-11
1.4089089e+01 6.5308896e-13 3.2567775e-12 1.2266496e-11
1.4099099e+01 5.5002580e-13 2.7566706e-12 1.0449902e-11
1.4109109e+01 4.6284179e-13 2.3352200e-12 8.8836188e-12
1.4119119e+01 3.8934978e-13 1.9758486e-12 7.5514852e-12
1.4129129e+01 3.2747122e-13 1.6730120e-12 6.4155347e-12
1.4139139e+01 2.7504407e-13 1.4148541e-12 5.4509906e-12
1.4149149e+01 2.3105619e-13 1.1958289e-12 4.6270985e-12
1.4159159e+01 1.9395136e-13 1.0101569e-12 3.9275179e-12
1.4169169e+01 1.6266306e-13 8.5220166e-13 3.3313176e-12
1.4179179e+01 1.3637187e-13 7.1861179e-13 2.8210565e-12
1.4189189e+01 1.1428980e-13 6.0612614e-13 2.3903943e-12
1.4199199e+01 9.5730443e-14 5.1022113e-13 2.0249190e-12
1.4209209e+01 8.0166366e-14 4.3019204e-13 1.7134091e-12
1.4219219e+01 6.7111162e-14 3.6175181e-13 1.4490367e-12
1.4229229e+01 5.6171429e-14 3.0438339e-13 1.2246049e-12
1.4239239e+01 4.6907904e-14 2.5562347e-13 1.0340865e-12
1.4249249e+01 3.9150835e-14 2.1467796e-13 8.7301851e-13
1.4259259e+01 3.2693943e-14 1.8014107e-13 7.3663626e-13
1.4269269e+01 2.7277355e-14 1.5122680e-13 6.2161397e-13
1.4279279e+01 2.2757299e-14 1.2692499e-13 5.2374690e-13
1.4289289e+01 1.8971375e-14 1.0638057e-13 4.4154138e-13
1.4299299e+01 1.5795759e-14 8.9104810e-14 3.7193233e-13
1.4309309e+01 1.3158497e-14 7.4602923e-14 3.1317346e-13
1.4319319e+01 1.0947412e-14 6.2445371e-14 2.6325727e-13
1.4329329e+01 9.0942014e-15 5.2234970e-14 2.2131376e-13
1.4339339e+01 7.5667553e-15 4.3670240e-14 1.8586880e-13
1.4349349e+01 6.2846545e-15 3.6473911e-14 1.5600562e-13
1.4359359e+01 5.2173578e-15 3.0454447e-14 1.3090501e-13
1.4369369e+01 4.3309977e-15 2.5420140e-14 1.0981010e-13
1.4379379e+01 3.5891880e-15 2.1204961e-14 9.2119440e-14
1.4389389e+01 2.9749448e-15 1.7693127e-14 7.7148799e-14
1.4399399e+01 2.4632157e-15 1.4752532e-14 6.4516612e-14
1.4409409e+01 2.0405046e-15 1.2286519e-14 5.3961741e-14
1.4419419e+01 1.6883539e-15 1.0237166e-14 4.5088329e-14
1.4429429e+01 1.3968572e-15 8.5189176e-15 3.7697609e-14
1.4439439e+01 1.1539561e-15 7.0856806e-15 3.1484408e-14
1.4449449e+01 9.5238818e-16 5.8859592e-15 2.6284608e-14
1.4459459e+01 7.8643207e-16 4.8898175e-15 2.1947872e-14
1.4469469e+01 6.4897287e-16 4.0574121e-15 1.8304998e-14
1.4479479e+01 5.3512564e-16 3.3622715e-15 1.5267053e-14
1.4489489e+01 4.4093793e-16 2.7852763e-15 1.2709333e-14
1.4499499e+01 3.6305035e-16 2.3065043e-15 1.0581143e-14
1.4509510e+01 2.9884567e-16 1.9102431e-15 8.8042079e-15
1.4519520e+01 2.4576202e-16 1.5799051e-15 7.3255838e-15
1.4529530e+01 2.0196692e-16 1.3053415e-15 6.0913998e-15
1.4539540e+01 1.6590724e-16 1.0777247e-15 5.0614961e-15
1.4549550e+01 1.3621920e-16 8.8950973e-16 4.2035302e-15
1.4559560e+01 1.1181414e-16 7.3401112e-16 3.4879474e-15
1.4569570e+01 9.1665418e-17 6.0588428e-16 2.8918924e-15
1.4579580e+01 7.5179142e-17 5.0026334e-16 2.3954275e-15
1.4589590e+01 6.1624543e-17 4.1220443e-16 1.9840217e-15
1.4599600e+01 5.0455705e-17 3.3948827e-16 1.6425098e-15
1.4609610e+01 4.1293537e-17 2.7947936e-16 1.3582801e-15
1.4619620e+01 3.3786790e-17 2.2996927e-16 1.1237383e-15
1.4629630e+01 2.7643141e-17 1.8912474e-16 9.2860138e-16
1.4639640e+01 2.2575322e-17 1.5536560e-16 7.6759862e-16
1.4649650e+01 1.8417654e-17 1.2750098e-16 6.3370976e-16
1.4659660e+01 1.5015617e-17 1.0459191e-16 5.2305820e-16
1.4669670e+01 1.2232797e-17 8.5811486e-17 4.3129170e-16
1.4679680e+01 9.9675030e-18 7.0380123e-17 3.5547224e-16
1.4689690e+01 8.1163893e-18 5.7668497e-17 2.9263139e-16
1.4699700e+01 6.6092873e-18 4.7243911e-17 2.4088493e-16
1.4709710e+01 5.3803823e-18 3.8650128e-17 1.9803987e-16
1.4719720e+01 4.3720456e-18 3.1615495e-17 1.6283723e-16
1.4729730e+01 3.5516443e-18 2.5858486e-17 1.3367825e-16
1.4739740e+01 2.8828827e-18 2.1134231e-17 1.0975645e-16
1.4749750e+01 2.3412043e-18 1.7260529e-17 9.0125889e-17
1.4759760e+01 1.8996137e-18 1.4079677e-17 7.3906496e-17
1.4769770e+01 1.5395493e-18 1.1482031e-17 6.0568992e-17
1.4779780e+01 1.2474298e-18 9.3554226e-18 4.9593274e-17
1.4789790e+01 1.0114306e-18 7.6271971e-18 4.0608666e-17
1.4799800e+01 8.1907922e-19 6.2089896e-18 3.3242998e-17
1.4809810e+01 6.6193396e-19 5.0528347e-18 2.7200299e-17
1.4819820e+01 5.3520946e-19 4.1096430e-18 2.2246928e-17
1.4829830e+01 4.3296208e-19 3.3419331e-18 1.8168254e-17
1.4839840e+01 3.4968831e-19 2.7146632e-18 1.4834561e-17
1.4849850e+01 2.8229913e-19 2.2044909e-18 1.2097888e-17
1.4859860e+01 2.2796075e-19 1.7880170e-18 9.8755654e-18
1.4869870e+01 1.8397531e-19 1.4497942e-18 8.0514139e-18
1.4879880e+01 1.4814064e-19 1.1753551e-18 6.5602345e-18
1.4889890e+01 1.1925871e-19 9.5237552e-19 5.3424642e-18
1.4899900e+01 9.6083295e-20 7.7070133e-19 4.3499115e-18
1.4909910e+01 7.7258240e-20 6.2355282e-19 3.5363951e-18
1.4919920e+01 6.2164585e-20 5.0458133e-19 2.8747215e-18
1.4929930e+01 4.9959508e-20 4.0798293e-19 2.3359819e-18
1.4939940e+01 4.0110348e-20 3.2971034e-19 1.8959493e-18
1.4949950e+01 3.2212645e-20 2.6613881e-19 1.5383954e-18
1.4959960e+01 2.5860564e-20 2.1479530e-19 1.2477407e-18
1.4969970e+01 2.0729870e-20 1.7325570e-19 1.0116717e-18
1.4979980e+01 1.6605354e-20 1.3965943e-19 8.1934271e-19
1.4989990e+01 1.3298069e-20 1.1256897e-19 6.6415427e-19
1.5000000e+01 1.0644734e-20 9.0569001e-20 5.3702770e-19
