X KDE_INF KDE_MED KDE_SUP
5.0000000e+00 2.1353228e-12 1.1611232e-04 2.4947837e-04
5.0240240e+00 2.4298409e-12 1.2431681e-04 2.6702766e-04
5.0480480e+00 2.7653636e-12 1.3305794e-04 2.8570605e-04
5.0720721e+00 3.1452936e-12 1.4236758e-04 3.0559201e-04
5.0960961e+00 3.5765276e-12 1.5227926e-04 3.2675626e-04
5.1201201e+00 4.0634252e-12 1.6282825e-04 3.4929831e-04
5.1441441e+00 4.6173922e-12 1.7405164e-04 3.7324754e-04
5.1681682e+00 5.2455222e-12 1.8598840e-04 3.9875424e-04
5.1921922e+00 5.9593585e-12 1.9867945e-04 4.2582503e-04
5.2162162e+00 6.7603444e-12 2.1216776e-04 4.5460533e-04
5.2402402e+00 7.6723763e-12 2.2649843e-04 4.8516801e-04
5.2642643e+00 8.7070908e-12 2.4171876e-04 5.1776428e-04
5.2882883e+00 9.8754763e-12 2.5787835e-04 5.5218868e-04
5.3123123e+00 1.1194305e-11 2.7502917e-04 5.8871116e-04
5.3363363e+00 1.2687250e-11 2.9322568e-04 6.2744607e-04
5.3603604e+00 1.4373042e-11 3.1252488e-04 6.6852601e-04
5.3843844e+00 1.6281222e-11 3.3298645e-04 7.1209429e-04
5.4084084e+00 1.8435267e-11 3.5467279e-04 7.5823879e-04
5.4324324e+00 2.0870533e-11 3.7764918e-04 8.0711716e-04
5.4564565e+00 2.3615606e-11 4.0198383e-04 8.5882987e-04
5.4804805e+00 2.6715599e-11 4.2774798e-04 9.1355997e-04
5.5045045e+00 3.0203269e-11 4.5501606e-04 9.7146317e-04
5.5285285e+00 3.4138756e-11 4.8386569e-04 1.0327019e-03
5.5525526e+00 3.8583102e-11 5.1437789e-04 1.0974455e-03
5.5765766e+00 4.3568350e-11 5.4663712e-04 1.1658705e-03
5.6006006e+00 4.9172781e-11 5.8073140e-04 1.2381608e-03
5.6246246e+00 5.5510538e-11 6.1675240e-04 1.3145076e-03
5.6486486e+00 6.2622464e-11 6.5479560e-04 1.3952642e-03
5.6726727e+00 7.0642738e-11 6.9496033e-04 1.4803383e-03
5.6966967e+00 7.9666732e-11 7.3734991e-04 1.5700912e-03
5.7207207e+00 8.9816764e-11 7.8207177e-04 1.6647465e-03
5.7447447e+00 1.0129233e-10 8.2923753e-04 1.7645368e-03
5.7687688e+00 1.1418960e-10 8.7896310e-04 1.8698586e-03
5.7927928e+00 1.2867613e-10 9.3136883e-04 1.9806598e-03
5.8168168e+00 1.4492416e-10 9.8657956e-04 2.0973473e-03
5.8408408e+00 1.6310428e-10 1.0447248e-03 2.2203172e-03
5.8648649e+00 1.8348922e-10 1.1059386e-03 2.3496008e-03
5.8888889e+00 2.0635651e-10 1.1703601e-03 2.4858999e-03
5.9129129e+00 2.3198603e-10 1.2381332e-03 2.6289426e-03
5.9369369e+00 2.6078398e-10 1.3094067e-03 2.7793161e-03
5.9609610e+00 2.9294990e-10 1.3843348e-03 2.9373394e-03
5.9849850e+00 3.2909178e-10 1.4630766e-03 3.1033423e-03
6.0090090e+00 3.6964165e-10 1.5457966e-03 3.2776652e-03
6.0330330e+00 4.1501340e-10 1.6326646e-03 3.4608369e-03
6.0570571e+00 4.6561395e-10 1.7238560e-03 3.6528735e-03
6.0810811e+00 5.2218429e-10 1.8195515e-03 3.8543175e-03
6.1051051e+00 5.8558395e-10 1.9199374e-03 4.0655536e-03
6.1291291e+00 6.5660355e-10 2.0252057e-03 4.2869781e-03
6.1531532e+00 7.3616539e-10 2.1355541e-03 4.5201149e-03
6.1771772e+00 8.2515780e-10 2.2511860e-03 4.7632031e-03
6.2012012e+00 9.2437656e-10 2.3723105e-03 5.0177392e-03
6.2252252e+00 1.0351604e-09 2.4991427e-03 5.2841657e-03
6.2492492e+00 1.1591524e-09 2.6319033e-03 5.5629368e-03
6.2732733e+00 1.2971626e-09 2.7708190e-03 5.8550859e-03
6.2972973e+00 1.4507148e-09 2.9161224e-03 6.1599817e-03
6.3213213e+00 1.6230285e-09 3.0680520e-03 6.4786562e-03
6.3453453e+00 1.8155638e-09 3.2268518e-03 6.8122392e-03
6.3693694e+00 2.0293798e-09 3.3927721e-03 7.1600139e-03
6.3933934e+00 2.2673308e-09 3.5660689e-03 7.5231062e-03
6.4174174e+00 2.5326344e-09 3.7470037e-03 7.9025459e-03
6.4414414e+00 2.8291199e-09 3.9358439e-03 8.2984160e-03
6.4654655e+00 3.1597029e-09 4.1328627e-03 8.7107640e-03
6.4894895e+00 3.5268687e-09 4.3383386e-03 9.1406410e-03
6.5135135e+00 3.9336853e-09 4.5525558e-03 9.5886267e-03
6.5375375e+00 4.3886223e-09 4.7758037e-03 1.0055312e-02
6.5615616e+00 4.8915882e-09 5.0083771e-03 1.0541296e-02
6.5855856e+00 5.4522943e-09 5.2505758e-03 1.1047191e-02
6.6096096e+00 6.0747367e-09 5.5027047e-03 1.1573615e-02
6.6336336e+00 6.7674993e-09 5.7650733e-03 1.2121200e-02
6.6576577e+00 7.5371220e-09 6.0379961e-03 1.2690581e-02
6.6816817e+00 8.3906214e-09 6.3217917e-03 1.3282407e-02
6.7057057e+00 9.3356256e-09 6.6167830e-03 1.3897332e-02
6.7297297e+00 1.0380016e-08 6.9232971e-03 1.4536017e-02
6.7537538e+00 1.1547082e-08 7.2416645e-03 1.5199131e-02
6.7777778e+00 1.2836535e-08 7.5722196e-03 1.5887350e-02
6.8018018e+00 1.4266533e-08 7.9152996e-03 1.6601355e-02
6.8258258e+00 1.5856492e-08 8.2712448e-03 1.7341832e-02
6.8498498e+00 1.7619806e-08 8.6403982e-03 1.8109470e-02
6.8738739e+00 1.9562100e-08 9.0231048e-03 1.8904966e-02
6.8978979e+00 2.1711243e-08 9.4197116e-03 1.9729015e-02
6.9219219e+00 2.4091274e-08 9.8305671e-03 2.0582317e-02
6.9459459e+00 2.6725614e-08 1.0256021e-02 2.1465573e-02
6.9699700e+00 2.9635905e-08 1.0696424e-02 2.2379484e-02
6.9939940e+00 3.2860292e-08 1.1152126e-02 2.3324751e-02
7.0180180e+00 3.6419797e-08 1.1623477e-02 2.4302072e-02
7.0420420e+00 4.0347347e-08 1.2110829e-02 2.5312146e-02
7.0660661e+00 4.4676084e-08 1.2614528e-02 2.6355665e-02
7.0900901e+00 4.9460293e-08 1.3134923e-02 2.7433320e-02
7.1141141e+00 5.4750177e-08 1.3672357e-02 2.8545792e-02
7.1381381e+00 6.0586914e-08 1.4227174e-02 2.9693760e-02
7.1621622e+00 6.7036984e-08 1.4799711e-02 3.0877893e-02
7.1861862e+00 7.4139100e-08 1.5390305e-02 3.2098850e-02
7.2102102e+00 8.1957596e-08 1.5999284e-02 3.3357282e-02
7.2342342e+00 9.0561630e-08 1.6626976e-02 3.4653826e-02
7.2582583e+00 1.0005803e-07 1.7273699e-02 3.5989108e-02
7.2822823e+00 1.1048925e-07 1.7939766e-02 3.7363740e-02
7.3063063e+00 1.2195758e-07 1.8625485e-02 3.8778317e-02
7.3303303e+00 1.3458099e-07 1.9331154e-02 4.0233418e-02
7.3543544e+00 1.4844955e-07 2.0057062e-02 4.1729605e-02
7.3783784e+00 1.6362253e-07 2.0803494e-02 4.3267417e-02
7.4024024e+00 1.8048816e-07 2.1570718e-02 4.4847375e-02
7.4264264e+00 1.9893717e-07 2.2358996e-02 4.6469976e-02
7.4504505e+00 2.1918403e-07 2.3168578e-02 4.8135693e-02
7.4744745e+00 2.4139340e-07 2.3999701e-02 4.9844973e-02
7.4984985e+00 2.6578971e-07 2.4852590e-02 5.1598238e-02
7.5225225e+00 2.9259714e-07 2.5727457e-02 5.3395878e-02
7.5465465e+00 3.2194026e-07 2.6624499e-02 5.5238256e-02
7.5705706e+00 3.5423108e-07 2.7543898e-02 5.7125701e-02
7.5945946e+00 3.8956963e-07 2.8485822e-02 5.9058511e-02
7.6186186e+00 4.2842663e-07 2.9450419e-02 6.1036948e-02
7.6426426e+00 4.7116610e-07 3.0437824e-02 6.3061236e-02
7.6666667e+00 5.1749503e-07 3.1448150e-02 6.5131565e-02
7.6906907e+00 5.6801534e-07 3.2481494e-02 6.7248084e-02
7.7147147e+00 6.2402510e-07 3.3537932e-02 6.9410901e-02
7.7387387e+00 6.8457112e-07 3.4617520e-02 7.1620081e-02
7.7627628e+00 7.5124582e-07 3.5720293e-02 7.3875647e-02
7.7867868e+00 8.2436348e-07 3.6846266e-02 7.6177576e-02
7.8108108e+00 9.0367572e-07 3.7995428e-02 7.8525800e-02
7.8348348e+00 9.9063592e-07 3.9167748e-02 8.0920202e-02
7.8588589e+00 1.0852829e-06 4.0363171e-02 8.3360614e-02
7.8828829e+00 1.1888480e-06 4.1581615e-02 8.5846822e-02
7.9069069e+00 1.3024565e-06 4.2822975e-02 8.8378557e-02
7.9309309e+00 1.4250773e-06 4.4087121e-02 9.0955498e-02
7.9549550e+00 1.5602581e-06 4.5373894e-02 9.3577270e-02
7.9789790e+00 1.7073097e-06 4.6683136e-02 9.6243445e-02
8.0030030e+00 1.8675953e-06 4.8014598e-02 9.8953535e-02
8.0270270e+00 2.0407101e-06 4.9368015e-02 1.0170700e-01
8.0510511e+00 2.2308049e-06 5.0743124e-02 1.0450323e-01
8.0750751e+00 2.4384795e-06 5.2139656e-02 1.0734158e-01
8.0990991e+00 2.6641564e-06 5.3557282e-02 1.1022133e-01
8.1231231e+00 2.9108425e-06 5.4995569e-02 1.1314169e-01
8.1471471e+00 3.1785183e-06 5.6454166e-02 1.1610182e-01
8.1711712e+00 3.4684844e-06 5.7932752e-02 1.1910083e-01
8.1951952e+00 3.7831613e-06 5.9430965e-02 1.2213775e-01
8.2192192e+00 4.1238577e-06 6.0948198e-02 1.2521177e-01
8.2432432e+00 4.4947240e-06 6.2484032e-02 1.2832170e-01
8.2672673e+00 4.8974270e-06 6.4037938e-02 1.3146632e-01
8.2912913e+00 5.3345894e-06 6.5609162e-02 1.3464441e-01
8.3153153e+00 5.8091164e-06 6.7197017e-02 1.3785471e-01
8.3393393e+00 6.3244031e-06 6.8801036e-02 1.4109580e-01
8.3633634e+00 6.8844591e-06 7.0420534e-02 1.4436616e-01
8.3873874e+00 7.4851093e-06 7.2054719e-02 1.4766452e-01
8.4114114e+00 8.1390444e-06 7.3702778e-02 1.5098935e-01
8.4354354e+00 8.8501763e-06 7.5364132e-02 1.5433908e-01
8.4594595e+00 9.6157826e-06 7.7037991e-02 1.5771207e-01
8.4834835e+00 1.0442582e-05 7.8723538e-02 1.6110662e-01
8.5075075e+00 1.1342999e-05 8.0419927e-02 1.6452098e-01
8.5315315e+00 1.2317947e-05 8.2126491e-02 1.6795330e-01
8.5555556e+00 1.3373056e-05 8.3842276e-02 1.7140171e-01
8.5795796e+00 1.4514074e-05 8.5566270e-02 1.7486431e-01
8.6036036e+00 1.5747238e-05 8.7297699e-02 1.7833915e-01
8.6276276e+00 1.7081347e-05 8.9035376e-02 1.8182418e-01
8.6516517e+00 1.8527699e-05 9.0778725e-02 1.8531780e-01
8.6756757e+00 2.0082121e-05 9.2526415e-02 1.8881766e-01
8.6996997e+00 2.1766165e-05 9.4277309e-02 1.9232124e-01
8.7237237e+00 2.3573394e-05 9.6030405e-02 1.9582640e-01
8.7477477e+00 2.5538083e-05 9.7784391e-02 1.9933097e-01
8.7717718e+00 2.7641718e-05 9.9538365e-02 2.0283121e-01
8.7957958e+00 2.9929190e-05 1.0129112e-01 2.0632587e-01
8.8198198e+00 3.2378930e-05 1.0304212e-01 2.0981281e-01
8.8438438e+00 3.5016761e-05 1.0479002e-01 2.1329045e-01
8.8678679e+00 3.7862641e-05 1.0653282e-01 2.1675636e-01
8.8918919e+00 4.0898394e-05 1.0827012e-01 2.2020990e-01
8.9159159e+00 4.4196974e-05 1.0999852e-01 2.2364486e-01
8.9399399e+00 4.7742088e-05 1.1171967e-01 2.2706108e-01
8.9639640e+00 5.1539809e-05 1.1343027e-01 2.3045732e-01
8.9879880e+00 5.5629321e-05 1.1513034e-01 2.3382394e-01
9.0120120e+00 6.0012105e-05 1.1681691e-01 2.3716216e-01
9.0360360e+00 6.4728968e-05 1.1849220e-01 2.4046987e-01
9.0600601e+00 6.9783088e-05 1.2015356e-01 2.4374921e-01
9.0840841e+00 7.5258554e-05 1.2179790e-01 2.4699998e-01
9.1081081e+00 8.1074525e-05 1.2342417e-01 2.5020255e-01
9.1321321e+00 8.7360433e-05 1.2503328e-01 2.5336451e-01
9.1561562e+00 9.4105238e-05 1.2662156e-01 2.5648304e-01
9.1801802e+00 1.0130501e-04 1.2818841e-01 2.5956061e-01
9.2042042e+00 1.0903485e-04 1.2973312e-01 2.6259589e-01
9.2282282e+00 1.1735507e-04 1.3125391e-01 2.6557435e-01
9.2522523e+00 1.2625459e-04 1.3275156e-01 2.6850214e-01
9.2762763e+00 1.3579817e-04 1.3422003e-01 2.7137074e-01
9.3003003e+00 1.4596116e-04 1.3566477e-01 2.7417990e-01
9.3243243e+00 1.5683760e-04 1.3707923e-01 2.7693783e-01
9.3483483e+00 1.6850825e-04 1.3846402e-01 2.7962386e-01
9.3723724e+00 1.8087218e-04 1.3981914e-01 2.8224753e-01
9.3963964e+00 1.9416364e-04 1.4114007e-01 2.8480382e-01
9.4204204e+00 2.0830727e-04 1.4242991e-01 2.8729067e-01
9.4444444e+00 2.2356612e-04 1.4368591e-01 2.8970180e-01
9.4684685e+00 2.3977565e-04 1.4490927e-01 2.9205232e-01
9.4924925e+00 2.5711425e-04 1.4609652e-01 2.9431927e-01
9.5165165e+00 2.7564611e-04 1.4724168e-01 2.9651051e-01
9.5405405e+00 2.9551612e-04 1.4835219e-01 2.9862148e-01
9.5645646e+00 3.1650050e-04 1.4942856e-01 3.0064809e-01
9.5885886e+00 3.3896983e-04 1.5045841e-01 3.0259387e-01
9.6126126e+00 3.6256287e-04 1.5144987e-01 3.0444564e-01
9.6366366e+00 3.8800752e-04 1.5239647e-01 3.0622784e-01
9.6606607e+00 4.1526919e-04 1.5330400e-01 3.0793053e-01
9.6846847e+00 4.4419118e-04 1.5416737e-01 3.0954300e-01
9.7087087e+00 4.7483306e-04 1.5498160e-01 3.1105037e-01
9.7327327e+00 5.0751543e-04 1.5575651e-01 3.1247272e-01
9.7567568e+00 5.4247335e-04 1.5648267e-01 3.1379002e-01
9.7807808e+00 5.7945771e-04 1.5716110e-01 3.1501855e-01
9.8048048e+00 6.1875130e-04 1.5780280e-01 3.1615603e-01
9.8288288e+00 6.6060338e-04 1.5839271e-01 3.1719967e-01
9.8528529e+00 7.0526051e-04 1.5893453e-01 3.1813299e-01
9.8768769e+00 7.5207259e-04 1.5942682e-01 3.1897177e-01
9.9009009e+00 8.0171673e-04 1.5986314e-01 3.1968391e-01
9.9249249e+00 8.5501314e-04 1.6024237e-01 3.2031669e-01
9.9489489e+00 9.1136419e-04 1.6056106e-01 3.2084237e-01
9.9729730e+00 9.7119044e-04 1.6081842e-01 3.2122814e-01
9.9969970e+00 1.0344468e-03 1.6101337e-01 3.2149096e-01
1.0021021e+01 1.1017713e-03 1.6116436e-01 3.2169813e-01
1.0045045e+01 1.1725339e-03 1.6127496e-01 3.2183548e-01
1.0069069e+01 1.2481984e-03 1.6133504e-01 3.2190713e-01
1.0093093e+01 1.3284989e-03 1.6135138e-01 3.2191368e-01
1.0117117e+01 1.4127777e-03 1.6132670e-01 3.2185248e-01
1.0141141e+01 1.5019500e-03 1.6125409e-01 3.2171217e-01
1.0165165e+01 1.5965629e-03 1.6113049e-01 3.2147397e-01
1.0189189e+01 1.6967155e-03 1.6096127e-01 3.2111833e-01
1.0213213e+01 1.8026979e-03 1.6073897e-01 3.2065755e-01
1.0237237e+01 1.9144697e-03 1.6047535e-01 3.2010675e-01
1.0261261e+01 2.0341776e-03 1.6015698e-01 3.1945912e-01
1.0285285e+01 2.1597992e-03 1.5979469e-01 3.1870751e-01
1.0309309e+01 2.2916029e-03 1.5938869e-01 3.1784129e-01
1.0333333e+01 2.4302248e-03 1.5893183e-01 3.1688266e-01
1.0357357e+01 2.5774086e-03 1.5843979e-01 3.1584482e-01
1.0381381e+01 2.7307132e-03 1.5790492e-01 3.1472097e-01
1.0405405e+01 2.8926085e-03 1.5732933e-01 3.1350180e-01
1.0429429e+01 3.0644004e-03 1.5671121e-01 3.1219754e-01
1.0453453e+01 3.2438047e-03 1.5605600e-01 3.1081066e-01
1.0477477e+01 3.4332498e-03 1.5536141e-01 3.0934003e-01
1.0501502e+01 3.6322256e-03 1.5462852e-01 3.0778438e-01
1.0525526e+01 3.8419824e-03 1.5386482e-01 3.0615052e-01
1.0549550e+01 4.0614183e-03 1.5307213e-01 3.0443712e-01
1.0573574e+01 4.2950456e-03 1.5224331e-01 3.0265179e-01
1.0597598e+01 4.5363132e-03 1.5138307e-01 3.0080161e-01
1.0621622e+01 4.7921000e-03 1.5048727e-01 2.9889280e-01
1.0645646e+01 5.0596310e-03 1.4955915e-01 2.9689916e-01
1.0669670e+01 5.3449179e-03 1.4860396e-01 2.9486376e-01
1.0693694e+01 5.6416542e-03 1.4764229e-01 2.9273226e-01
1.0717718e+01 5.9544364e-03 1.4666148e-01 2.9054724e-01
1.0741742e+01 6.2782872e-03 1.4565893e-01 2.8830971e-01
1.0765766e+01 6.6186634e-03 1.4463383e-01 2.8604052e-01
1.0789790e+01 6.9814840e-03 1.4358018e-01 2.8371047e-01
1.0813814e+01 7.3614300e-03 1.4251158e-01 2.8130186e-01
1.0837838e+01 7.7576766e-03 1.4141762e-01 2.7887719e-01
1.0861862e+01 8.1697148e-03 1.4032495e-01 2.7641001e-01
1.0885886e+01 8.6031509e-03 1.3920235e-01 2.7387722e-01
1.0909910e+01 9.0560784e-03 1.3807728e-01 2.7130030e-01
1.0933934e+01 9.5298189e-03 1.3695578e-01 2.6872307e-01
1.0957958e+01 1.0024550e-02 1.3582625e-01 2.6611392e-01
1.0981982e+01 1.0541299e-02 1.3468830e-01 2.6349703e-01
1.1006006e+01 1.1082157e-02 1.3354651e-01 2.6089206e-01
1.1030030e+01 1.1645290e-02 1.3240762e-01 2.5821627e-01
1.1054054e+01 1.2241794e-02 1.3129164e-01 2.5549810e-01
1.1078078e+01 1.2863524e-02 1.3016846e-01 2.5283174e-01
1.1102102e+01 1.3511713e-02 1.2902637e-01 2.5018699e-01
1.1126126e+01 1.4188567e-02 1.2792275e-01 2.4746833e-01
1.1150150e+01 1.4893523e-02 1.2681147e-01 2.4481988e-01
1.1174174e+01 1.5629239e-02 1.2569859e-01 2.4215110e-01
1.1198198e+01 1.6386453e-02 1.2463770e-01 2.3950257e-01
1.1222222e+01 1.7184509e-02 1.2356509e-01 2.3674580e-01
1.1246246e+01 1.8019669e-02 1.2252191e-01 2.3408033e-01
1.1270270e+01 1.8883168e-02 1.2150724e-01 2.3139371e-01
1.1294294e+01 1.9776660e-02 1.2049422e-01 2.2868559e-01
1.1318318e+01 2.0699916e-02 1.1950745e-01 2.2606286e-01
1.1342342e+01 2.1672912e-02 1.1858249e-01 2.2342760e-01
1.1366366e+01 2.2691773e-02 1.1766634e-01 2.2083604e-01
1.1390390e+01 2.3740206e-02 1.1678298e-01 2.1837693e-01
1.1414414e+01 2.4823174e-02 1.1596216e-01 2.1584292e-01
1.1438438e+01 2.5947323e-02 1.1512925e-01 2.1340356e-01
1.1462462e+01 2.7113614e-02 1.1432505e-01 2.1093784e-01
1.1486486e+01 2.8332132e-02 1.1355511e-01 2.0855385e-01
1.1510511e+01 2.9596061e-02 1.1284087e-01 2.0634680e-01
1.1534535e+01 3.0893903e-02 1.1216220e-01 2.0412920e-01
1.1558559e+01 3.2256782e-02 1.1155925e-01 2.0195961e-01
1.1582583e+01 3.3654920e-02 1.1096953e-01 1.9986625e-01
1.1606607e+01 3.5109047e-02 1.1046284e-01 1.9783915e-01
1.1630631e+01 3.6607350e-02 1.1000499e-01 1.9592580e-01
1.1654655e+01 3.8163591e-02 1.0962736e-01 1.9407638e-01
1.1678679e+01 3.9790481e-02 1.0931370e-01 1.9214348e-01
1.1702703e+01 4.1482718e-02 1.0906514e-01 1.9028044e-01
1.1726727e+01 4.3236775e-02 1.0899107e-01 1.8856344e-01
1.1750751e+01 4.5046336e-02 1.0903232e-01 1.8698976e-01
1.1774775e+01 4.6904762e-02 1.0917834e-01 1.8570401e-01
1.1798799e+01 4.8811885e-02 1.0948747e-01 1.8447516e-01
1.1822823e+01 5.0801493e-02 1.0982778e-01 1.8330224e-01
1.1846847e+01 5.2846636e-02 1.1044303e-01 1.8239326e-01
1.1870871e+01 5.4946343e-02 1.1118633e-01 1.8168709e-01
1.1894895e+01 5.7111616e-02 1.1206450e-01 1.8127610e-01
1.1918919e+01 5.9242913e-02 1.1309733e-01 1.8080337e-01
1.1942943e+01 6.1239850e-02 1.1408125e-01 1.8058865e-01
1.1966967e+01 6.2883337e-02 1.1523039e-01 1.8070047e-01
1.1990991e+01 6.4443513e-02 1.1652700e-01 1.8097822e-01
1.2015015e+01 6.6301297e-02 1.1792689e-01 1.8159276e-01
1.2039039e+01 6.8284841e-02 1.1936081e-01 1.8196510e-01
1.2063063e+01 7.0264204e-02 1.2107144e-01 1.8274685e-01
1.2087087e+01 7.1988828e-02 1.2266371e-01 1.8342424e-01
1.2111111e+01 7.3811854e-02 1.2445380e-01 1.8448254e-01
1.2135135e+01 7.5464567e-02 1.2611669e-01 1.8575299e-01
1.2159159e+01 7.7141834e-02 1.2800096e-01 1.8713663e-01
1.2183183e+01 7.8810157e-02 1.2978434e-01 1.8859303e-01
1.2207207e+01 8.0383465e-02 1.3184189e-01 1.9038543e-01
1.2231231e+01 8.2121329e-02 1.3385632e-01 1.9267023e-01
1.2255255e+01 8.3442250e-02 1.3603050e-01 1.9498944e-01
1.2279279e+01 8.5087312e-02 1.3839991e-01 1.9734802e-01
1.2303303e+01 8.6446701e-02 1.4082934e-01 2.0006071e-01
1.2327327e+01 8.8102700e-02 1.4336812e-01 2.0287392e-01
1.2351351e+01 8.9750320e-02 1.4585562e-01 2.0578033e-01
1.2375375e+01 9.1458707e-02 1.4852835e-01 2.0889077e-01
1.2399399e+01 9.3453717e-02 1.5097105e-01 2.1242293e-01
1.2423423e+01 9.5330891e-02 1.5371514e-01 2.1649743e-01
1.2447447e+01 9.7195547e-02 1.5657569e-01 2.2055378e-01
1.2471471e+01 9.9105532e-02 1.5956164e-01 2.2456048e-01
1.2495495e+01 1.0112907e-01 1.6278223e-01 2.2884718e-01
1.2519520e+01 1.0295066e-01 1.6595815e-01 2.3357506e-01
1.2543544e+01 1.0498597e-01 1.6920162e-01 2.3823150e-01
1.2567568e+01 1.0691026e-01 1.7250091e-01 2.4318970e-01
1.2591592e+01 1.0894631e-01 1.7589822e-01 2.4833443e-01
1.2615616e+01 1.1101228e-01 1.7942774e-01 2.5366554e-01
1.2639640e+01 1.1328015e-01 1.8307838e-01 2.5925931e-01
1.2663664e+01 1.1565861e-01 1.8692129e-01 2.6497349e-01
1.2687688e+01 1.1784543e-01 1.9084538e-01 2.7079297e-01
1.2711712e+01 1.2014308e-01 1.9494629e-01 2.7673956e-01
1.2735736e+01 1.2247337e-01 1.9903308e-01 2.8273626e-01
1.2759760e+01 1.2464637e-01 2.0334340e-01 2.8890914e-01
1.2783784e+01 1.2718180e-01 2.0759207e-01 2.9549198e-01
1.2807808e+01 1.2968285e-01 2.1218730e-01 3.0209906e-01
1.2831832e+01 1.3237626e-01 2.1682112e-01 3.0876291e-01
1.2855856e+01 1.3497100e-01 2.2159219e-01 3.1566833e-01
1.2879880e+01 1.3772444e-01 2.2645631e-01 3.2277141e-01
1.2903904e+01 1.4045005e-01 2.3143589e-01 3.3004000e-01
1.2927928e+01 1.4314105e-01 2.3652905e-01 3.3732202e-01
1.2951952e+01 1.4602405e-01 2.4174305e-01 3.4480801e-01
1.2975976e+01 1.4921137e-01 2.4713806e-01 3.5236063e-01
1.3000000e+01 1.5236736e-01 2.5271170e-01 3.6017921e-01
1.3024024e+01 1.5575021e-01 2.5816502e-01 3.6804922e-01
1.3048048e+01 1.5941421e-01 2.6382995e-01 3.7609148e-01
1.3072072e+01 1.6297041e-01 2.6957854e-01 3.8428461e-01
1.3096096e+01 1.6664730e-01 2.7538922e-01 3.9262147e-01
1.3120120e+01 1.7037298e-01 2.8137658e-01 4.0107682e-01
1.3144144e+01 1.7421488e-01 2.8760003e-01 4.0947886e-01
1.3168168e+01 1.7817557e-01 2.9374793e-01 4.1818940e-01
1.3192192e+01 1.8205466e-01 3.0002816e-01 4.2668710e-01
1.3216216e+01 1.8623686e-01 3.0648542e-01 4.3553878e-01
1.3240240e+01 1.9053281e-01 3.1285413e-01 4.4462423e-01
1.3264264e+01 1.9464612e-01 3.1937089e-01 4.5364681e-01
1.3288288e+01 1.9928308e-01 3.2591710e-01 4.6297953e-01
1.3312312e+01 2.0388517e-01 3.3264086e-01 4.7228519e-01
1.3336336e+01 2.0830131e-01 3.3944671e-01 4.8136902e-01
1.3360360e+01 2.1294360e-01 3.4628554e-01 4.9070746e-01
1.3384384e+01 2.1767394e-01 3.5331972e-01 5.0011825e-01
1.3408408e+01 2.2253225e-01 3.6051930e-01 5.0978035e-01
1.3432432e+01 2.2752094e-01 3.6765216e-01 5.1934623e-01
1.3456456e+01 2.3241881e-01 3.7480508e-01 5.2895559e-01
1.3480480e+01 2.3762467e-01 3.8182975e-01 5.3848723e-01
1.3504505e+01 2.4270558e-01 3.8918786e-01 5.4832660e-01
1.3528529e+01 2.4798101e-01 3.9670725e-01 5.5800693e-01
1.3552553e+01 2.5332343e-01 4.0421466e-01 5.6798316e-01
1.3576577e+01 2.5852721e-01 4.1180823e-01 5.7779996e-01
1.3600601e+01 2.6394168e-01 4.1934779e-01 5.8787708e-01
1.3624625e+01 2.6960610e-01 4.2712278e-01 5.9772807e-01
1.3648649e+01 2.7545324e-01 4.3481188e-01 6.0752728e-01
1.3672673e+01 2.8099525e-01 4.4271186e-01 6.1735438e-01
1.3696697e+01 2.8666425e-01 4.5062573e-01 6.2737071e-01
1.3720721e+01 2.9236444e-01 4.5853286e-01 6.3731577e-01
1.3744745e+01 2.9852036e-01 4.6647699e-01 6.4742326e-01
1.3768769e+01 3.0456123e-01 4.7444026e-01 6.5735116e-01
1.3792793e+01 3.1044473e-01 4.8235580e-01 6.6735581e-01
1.3816817e+01 3.1670567e-01 4.9030970e-01 6.7734236e-01
1.3840841e+01 3.2256924e-01 4.9824002e-01 6.8748500e-01
1.3864865e+01 3.2908299e-01 5.0642631e-01 6.9735497e-01
1.3888889e+01 3.3503711e-01 5.1459055e-01 7.0723207e-01
1.3912913e+01 3.4157880e-01 5.2274234e-01 7.1699240e-01
1.3936937e+01 3.4748883e-01 5.3065526e-01 7.2691027e-01
1.3960961e+01 3.5371434e-01 5.3876741e-01 7.3683054e-01
1.3984985e+01 3.6013198e-01 5.4697831e-01 7.4670719e-01
1.4009009e+01 3.6669316e-01 5.5519346e-01 7.5618447e-01
1.4033033e+01 3.7334302e-01 5.6366308e-01 7.6597724e-01
1.4057057e+01 3.7991485e-01 5.7183690e-01 7.7594114e-01
1.4081081e+01 3.8677741e-01 5.8023281e-01 7.8535460e-01
1.4105105e+01 3.9357193e-01 5.8856390e-01 7.9512637e-01
1.4129129e+01 4.0018025e-01 5.9694562e-01 8.0475130e-01
1.4153153e+01 4.0718851e-01 6.0512524e-01 8.1414351e-01
1.4177177e+01 4.1404426e-01 6.1342561e-01 8.2363379e-01
1.4201201e+01 4.2096332e-01 6.2140398e-01 8.3299040e-01
1.4225225e+01 4.2787807e-01 6.2937692e-01 8.4230221e-01
1.4249249e+01 4.3487692e-01 6.3773706e-01 8.5145375e-01
1.4273273e+01 4.4151189e-01 6.4595809e-01 8.6051775e-01
1.4297297e+01 4.4820490e-01 6.5441021e-01 8.6988175e-01
1.4321321e+01 4.5516573e-01 6.6291050e-01 8.7875693e-01
1.4345345e+01 4.6235970e-01 6.7091650e-01 8.8752850e-01
1.4369369e+01 4.6939416e-01 6.7896685e-01 8.9645116e-01
1.4393393e+01 4.7662139e-01 6.8706382e-01 9.0517590e-01
1.4417417e+01 4.8399845e-01 6.9523215e-01 9.1410390e-01
1.4441441e+01 4.9092494e-01 7.0303711e-01 9.2270787e-01
1.4465465e+01 4.9799935e-01 7.1110293e-01 9.3066609e-01
1.4489489e+01 5.0491660e-01 7.1890230e-01 9.3903614e-01
1.4513514e+01 5.1209795e-01 7.2681033e-01 9.4694342e-01
1.4537538e+01 5.1931305e-01 7.3458597e-01 9.5459014e-01
1.4561562e+01 5.2628478e-01 7.4204890e-01 9.6276681e-01
1.4585586e+01 5.3284312e-01 7.4935759e-01 9.7069721e-01
1.4609610e+01 5.3930380e-01 7.5661672e-01 9.7835741e-01
1.4633634e+01 5.4618258e-01 7.6410203e-01 9.8588304e-01
1.4657658e+01 5.5261338e-01 7.7102069e-01 9.9337857e-01
1.4681682e+01 5.5940043e-01 7.7836542e-01 1.0006506e+00
1.4705706e+01 5.6589348e-01 7.8541960e-01 1.0081299e+00
1.4729730e+01 5.7282658e-01 7.9249227e-01 1.0156094e+00
1.4753754e+01 5.7897849e-01 7.9940739e-01 1.0223094e+00
1.4777778e+01 5.8588135e-01 8.0624345e-01 1.0290459e+00
1.4801802e+01 5.9261070e-01 8.1262375e-01 1.0358498e+00
1.4825826e+01 5.9942869e-01 8.1937853e-01 1.0424919e+00
1.4849850e+01 6.0641203e-01 8.2613363e-01 1.0494729e+00
1.4873874e+01 6.1251271e-01 8.3250023e-01 1.0560257e+00
1.4897898e+01 6.1914933e-01 8.3906849e-01 1.0621982e+00
1.4921922e+01 6.2554154e-01 8.4506292e-01 1.0680803e+00
1.4945946e+01 6.3137097e-01 8.5158954e-01 1.0740232e+00
1.4969970e+01 6.3737884e-01 8.5788183e-01 1.0798955e+00
1.4993994e+01 6.4355308e-01 8.6374292e-01 1.0855705e+00
1.5018018e+01 6.4911896e-01 8.6930886e-01 1.0911582e+00
1.5042042e+01 6.5479681e-01 8.7487030e-01 1.0964109e+00
1.5066066e+01 6.6053910e-01 8.8097718e-01 1.1015515e+00
1.5090090e+01 6.6640155e-01 8.8693163e-01 1.1067295e+00
1.5114114e+01 6.7219244e-01 8.9254987e-01 1.1116201e+00
1.5138138e+01 6.7743727e-01 8.9778826e-01 1.1162413e+00
1.5162162e+01 6.8275959e-01 9.0255750e-01 1.1205054e+00
1.5186186e+01 6.8777961e-01 9.0761148e-01 1.1253959e+00
1.5210210e+01 6.9250734e-01 9.1259036e-01 1.1295253e+00
1.5234234e+01 6.9744710e-01 9.1775245e-01 1.1340794e+00
1.5258258e+01 7.0230382e-01 9.2251402e-01 1.1385588e+00
1.5282282e+01 7.0669498e-01 9.2703121e-01 1.1426369e+00
1.5306306e+01 7.1102756e-01 9.3153692e-01 1.1461408e+00
1.5330330e+01 7.1581684e-01 9.3597774e-01 1.1495802e+00
1.5354354e+01 7.2009538e-01 9.4059513e-01 1.1531146e+00
1.5378378e+01 7.2368067e-01 9.4458046e-01 1.1569178e+00
1.5402402e+01 7.2806878e-01 9.4859191e-01 1.1602704e+00
1.5426426e+01 7.3178069e-01 9.5230452e-01 1.1637572e+00
1.5450450e+01 7.3552006e-01 9.5589243e-01 1.1668783e+00
1.5474474e+01 7.3947845e-01 9.5944344e-01 1.1699966e+00
1.5498498e+01 7.4310067e-01 9.6291517e-01 1.1728297e+00
1.5522523e+01 7.4644367e-01 9.6610924e-01 1.1755901e+00
1.5546547e+01 7.4972629e-01 9.6889120e-01 1.1780837e+00
1.5570571e+01 7.5328793e-01 9.7148152e-01 1.1805270e+00
1.5594595e+01 7.5683850e-01 9.7413788e-01 1.1828353e+00
1.5618619e+01 7.5996274e-01 9.7691691e-01 1.1853456e+00
1.5642643e+01 7.6333436e-01 9.7928675e-01 1.1872786e+00
1.5666667e+01 7.6621970e-01 9.8157390e-01 1.1892658e+00
1.5690691e+01 7.6837580e-01 9.8386154e-01 1.1911524e+00
1.5714715e+01 7.7154887e-01 9.8606404e-01 1.1929506e+00
1.5738739e+01 7.7422954e-01 9.8801949e-01 1.1949323e+00
1.5762763e+01 7.7619619e-01 9.8980781e-01 1.1965675e+00
1.5786787e+01 7.7787650e-01 9.9145871e-01 1.1980812e+00
1.5810811e+01 7.7951682e-01 9.9298524e-01 1.1995163e+00
1.5834835e+01 7.8146774e-01 9.9420079e-01 1.2004759e+00
1.5858859e+01 7.8315583e-01 9.9525137e-01 1.2014557e+00
1.5882883e+01 7.8473294e-01 9.9619677e-01 1.2023608e+00
1.5906907e+01 7.8600448e-01 9.9683880e-01 1.2030918e+00
1.5930931e+01 7.8743773e-01 9.9780859e-01 1.2043056e+00
1.5954955e+01 7.8822922e-01 9.9804609e-01 1.2047870e+00
1.5978979e+01 7.8913870e-01 9.9868222e-01 1.2051588e+00
1.6003003e+01 7.9028836e-01 9.9933560e-01 1.2056202e+00
1.6027027e+01 7.9076651e-01 9.9976222e-01 1.2052747e+00
1.6051051e+01 7.9114302e-01 9.9996518e-01 1.2059692e+00
1.6075075e+01 7.9153303e-01 1.0000000e+00 1.2061971e+00
1.6099099e+01 7.9236802e-01 9.9977211e-01 1.2056123e+00
1.6123123e+01 7.9331716e-01 9.9969303e-01 1.2053287e+00
1.6147147e+01 7.9364879e-01 9.9964211e-01 1.2052042e+00
1.6171171e+01 7.9325599e-01 9.9904894e-01 1.2045644e+00
1.6195195e+01 7.9369372e-01 9.9888519e-01 1.2042026e+00
1.6219219e+01 7.9341276e-01 9.9835159e-01 1.2035878e+00
1.6243243e+01 7.9398432e-01 9.9784274e-01 1.2032448e+00
1.6267267e+01 7.9359840e-01 9.9691241e-01 1.2024691e+00
1.6291291e+01 7.9262556e-01 9.9610449e-01 1.2015503e+00
1.6315315e+01 7.9212786e-01 9.9508718e-01 1.2004909e+00
1.6339339e+01 7.9162274e-01 9.9437775e-01 1.1996889e+00
1.6363363e+01 7.9129017e-01 9.9301955e-01 1.1979394e+00
1.6387387e+01 7.9086088e-01 9.9238433e-01 1.1963120e+00
1.6411411e+01 7.9023476e-01 9.9141159e-01 1.1947385e+00
1.6435435e+01 7.8961047e-01 9.8938222e-01 1.1928462e+00
1.6459459e+01 7.8878737e-01 9.8809232e-01 1.1915090e+00
1.6483483e+01 7.8741687e-01 9.8667376e-01 1.1893923e+00
1.6507508e+01 7.8641750e-01 9.8515813e-01 1.1870908e+00
1.6531532e+01 7.8496055e-01 9.8348866e-01 1.1850813e+00
1.6555556e+01 7.8369921e-01 9.8181909e-01 1.1832721e+00
1.6579580e+01 7.8262927e-01 9.8061990e-01 1.1808625e+00
1.6603604e+01 7.8167678e-01 9.7909149e-01 1.1784081e+00
1.6627628e+01 7.8001735e-01 9.7713312e-01 1.1756832e+00
1.6651652e+01 7.7865207e-01 9.7513446e-01 1.1733029e+00
1.6675676e+01 7.7696590e-01 9.7315486e-01 1.1704590e+00
1.6699700e+01 7.7538641e-01 9.7080815e-01 1.1680038e+00
1.6723724e+01 7.7414819e-01 9.6872199e-01 1.1657045e+00
1.6747748e+01 7.7241007e-01 9.6657777e-01 1.1629931e+00
1.6771772e+01 7.7088175e-01 9.6414128e-01 1.1608039e+00
1.6795796e+01 7.6897266e-01 9.6151906e-01 1.1576234e+00
1.6819820e+01 7.6752300e-01 9.5901058e-01 1.1548866e+00
1.6843844e+01 7.6607739e-01 9.5716229e-01 1.1514779e+00
1.6867868e+01 7.6430888e-01 9.5466425e-01 1.1485181e+00
1.6891892e+01 7.6287732e-01 9.5178995e-01 1.1451180e+00
1.6915916e+01 7.6148259e-01 9.4909307e-01 1.1416135e+00
1.6939940e+01 7.5960669e-01 9.4621677e-01 1.1378394e+00
1.6963964e+01 7.5810692e-01 9.4372006e-01 1.1344246e+00
1.6987988e+01 7.5610453e-01 9.4082640e-01 1.1307273e+00
1.7012012e+01 7.5385457e-01 9.3833570e-01 1.1272377e+00
1.7036036e+01 7.5176640e-01 9.3571629e-01 1.1237898e+00
1.7060060e+01 7.4983142e-01 9.3311640e-01 1.1200891e+00
1.7084084e+01 7.4786226e-01 9.3061550e-01 1.1170144e+00
1.7108108e+01 7.4549170e-01 9.2789305e-01 1.1134753e+00
1.7132132e+01 7.4378184e-01 9.2538914e-01 1.1107993e+00
1.7156156e+01 7.4153948e-01 9.2271668e-01 1.1072921e+00
1.7180180e+01 7.3959435e-01 9.1978167e-01 1.1036809e+00
1.7204204e+01 7.3691526e-01 9.1705383e-01 1.1003491e+00
1.7228228e+01 7.3449816e-01 9.1430191e-01 1.0974457e+00
1.7252252e+01 7.3210378e-01 9.1135664e-01 1.0937189e+00
1.7276276e+01 7.2937690e-01 9.0860245e-01 1.0898369e+00
1.7300300e+01 7.2679106e-01 9.0573398e-01 1.0862114e+00
1.7324324e+01 7.2403961e-01 9.0259436e-01 1.0828251e+00
1.7348348e+01 7.2150856e-01 8.9960402e-01 1.0791282e+00
1.7372372e+01 7.1882161e-01 8.9637626e-01 1.0755617e+00
1.7396396e+01 7.1607048e-01 8.9350583e-01 1.0723158e+00
1.7420420e+01 7.1340668e-01 8.9050788e-01 1.0693329e+00
1.7444444e+01 7.1066890e-01 8.8757754e-01 1.0660109e+00
1.7468468e+01 7.0770576e-01 8.8464218e-01 1.0627811e+00
1.7492492e+01 7.0459216e-01 8.8165770e-01 1.0593224e+00
1.7516517e+01 7.0207158e-01 8.7857448e-01 1.0559470e+00
1.7540541e+01 6.9905842e-01 8.7537347e-01 1.0528300e+00
1.7564565e+01 6.9608703e-01 8.7210536e-01 1.0503037e+00
1.7588589e+01 6.9306641e-01 8.6927217e-01 1.0470384e+00
1.7612613e+01 6.8937185e-01 8.6598238e-01 1.0431946e+00
1.7636637e+01 6.8608577e-01 8.6290273e-01 1.0395515e+00
1.7660661e+01 6.8300844e-01 8.5993835e-01 1.0364133e+00
1.7684685e+01 6.7970129e-01 8.5687777e-01 1.0333010e+00
1.7708709e+01 6.7620191e-01 8.5406194e-01 1.0309366e+00
1.7732733e+01 6.7280786e-01 8.5049053e-01 1.0282560e+00
1.7756757e+01 6.6963030e-01 8.4737709e-01 1.0256726e+00
1.7780781e+01 6.6600667e-01 8.4407546e-01 1.0227893e+00
1.7804805e+01 6.6293158e-01 8.4080153e-01 1.0197583e+00
1.7828829e+01 6.5907247e-01 8.3794888e-01 1.0166817e+00
1.7852853e+01 6.5544279e-01 8.3460609e-01 1.0139072e+00
1.7876877e+01 6.5183874e-01 8.3137706e-01 1.0112054e+00
1.7900901e+01 6.4817118e-01 8.2826234e-01 1.0089778e+00
1.7924925e+01 6.4451820e-01 8.2498272e-01 1.0064910e+00
1.7948949e+01 6.4054330e-01 8.2211564e-01 1.0048050e+00
1.7972973e+01 6.3697808e-01 8.1925149e-01 1.0025479e+00
1.7996997e+01 6.3350436e-01 8.1598809e-01 1.0003798e+00
1.8021021e+01 6.2958423e-01 8.1298722e-01 9.9789741e-01
1.8045045e+01 6.2563648e-01 8.0975697e-01 9.9517982e-01
1.8069069e+01 6.2176614e-01 8.0659919e-01 9.9261920e-01
1.8093093e+01 6.1773504e-01 8.0340501e-01 9.9032509e-01
1.8117117e+01 6.1383217e-01 7.9996915e-01 9.8829893e-01
1.8141141e+01 6.1008787e-01 7.9661961e-01 9.8620399e-01
1.8165165e+01 6.0582682e-01 7.9289654e-01 9.8419787e-01
1.8189189e+01 6.0170243e-01 7.8931265e-01 9.8222388e-01
1.8213213e+01 5.9806138e-01 7.8618864e-01 9.8085198e-01
1.8237237e+01 5.9378635e-01 7.8275624e-01 9.7842043e-01
1.8261261e+01 5.8977191e-01 7.7941500e-01 9.7716475e-01
1.8285285e+01 5.8532310e-01 7.7570757e-01 9.7524362e-01
1.8309309e+01 5.8119016e-01 7.7253573e-01 9.7328431e-01
1.8333333e+01 5.7714120e-01 7.6884513e-01 9.7077168e-01
1.8357357e+01 5.7261952e-01 7.6533880e-01 9.6863416e-01
1.8381381e+01 5.6820705e-01 7.6150669e-01 9.6633031e-01
1.8405405e+01 5.6386851e-01 7.5792521e-01 9.6398581e-01
1.8429429e+01 5.5920542e-01 7.5459882e-01 9.6135374e-01
1.8453453e+01 5.5461439e-01 7.5133247e-01 9.5907337e-01
1.8477477e+01 5.5069113e-01 7.4812930e-01 9.5648593e-01
1.8501502e+01 5.4630803e-01 7.4450726e-01 9.5409022e-01
1.8525526e+01 5.4151364e-01 7.4092787e-01 9.5147537e-01
1.8549550e+01 5.3751832e-01 7.3736302e-01 9.4862761e-01
1.8573574e+01 5.3291339e-01 7.3307633e-01 9.4579088e-01
1.8597598e+01 5.2866301e-01 7.2965412e-01 9.4303200e-01
1.8621622e+01 5.2395859e-01 7.2608895e-01 9.4060337e-01
1.8645646e+01 5.1933650e-01 7.2258197e-01 9.3739792e-01
1.8669670e+01 5.1486734e-01 7.1887753e-01 9.3462540e-01
1.8693694e+01 5.1027656e-01 7.1520885e-01 9.3202366e-01
1.8717718e+01 5.0584825e-01 7.1112415e-01 9.2898084e-01
1.8741742e+01 5.0081865e-01 7.0745722e-01 9.2601960e-01
1.8765766e+01 4.9653759e-01 7.0403977e-01 9.2265324e-01
1.8789790e+01 4.9178973e-01 7.0022463e-01 9.1936443e-01
1.8813814e+01 4.8675428e-01 6.9634453e-01 9.1663010e-01
1.8837838e+01 4.8246988e-01 6.9216842e-01 9.1332475e-01
1.8861862e+01 4.7761021e-01 6.8788003e-01 9.1051425e-01
1.8885886e+01 4.7303064e-01 6.8378947e-01 9.0710942e-01
1.8909910e+01 4.6834121e-01 6.7994827e-01 9.0404080e-01
1.8933934e+01 4.6317333e-01 6.7565986e-01 8.9987258e-01
1.8957958e+01 4.5804421e-01 6.7184471e-01 8.9598634e-01
1.8981982e+01 4.5312278e-01 6.6758048e-01 8.9217999e-01
1.9006006e+01 4.4805838e-01 6.6325537e-01 8.8803357e-01
1.9030030e+01 4.4295716e-01 6.5910361e-01 8.8377875e-01
1.9054054e+01 4.3795939e-01 6.5485054e-01 8.7907417e-01
1.9078078e+01 4.3308069e-01 6.5072310e-01 8.7463432e-01
1.9102102e+01 4.2796170e-01 6.4637897e-01 8.6994746e-01
1.9126126e+01 4.2288140e-01 6.4197418e-01 8.6491455e-01
1.9150150e+01 4.1835490e-01 6.3731285e-01 8.6015492e-01
1.9174174e+01 4.1390764e-01 6.3273286e-01 8.5522768e-01
1.9198198e+01 4.0907607e-01 6.2786053e-01 8.5042710e-01
1.9222222e+01 4.0450544e-01 6.2266481e-01 8.4557738e-01
1.9246246e+01 4.0015007e-01 6.1799816e-01 8.4070543e-01
1.9270270e+01 3.9571569e-01 6.1316479e-01 8.3611910e-01
1.9294294e+01 3.9093533e-01 6.0806308e-01 8.3082134e-01
1.9318318e+01 3.8627044e-01 6.0248799e-01 8.2623131e-01
1.9342342e+01 3.8175471e-01 5.9713422e-01 8.2102065e-01
1.9366366e+01 3.7731745e-01 5.9207122e-01 8.1594095e-01
1.9390390e+01 3.7297078e-01 5.8651770e-01 8.1087405e-01
1.9414414e+01 3.6861848e-01 5.8111548e-01 8.0577103e-01
1.9438438e+01 3.6452567e-01 5.7568376e-01 8.0053225e-01
1.9462462e+01 3.6024379e-01 5.6987426e-01 7.9503639e-01
1.9486486e+01 3.5621371e-01 5.6414410e-01 7.8923884e-01
1.9510511e+01 3.5156838e-01 5.5840197e-01 7.8358058e-01
1.9534535e+01 3.4742257e-01 5.5264694e-01 7.7739572e-01
1.9558559e+01 3.4313371e-01 5.4654349e-01 7.7145659e-01
1.9582583e+01 3.3862926e-01 5.4057514e-01 7.6502767e-01
1.9606607e+01 3.3422409e-01 5.3475425e-01 7.5820554e-01
1.9630631e+01 3.2965188e-01 5.2902895e-01 7.5126269e-01
1.9654655e+01 3.2533701e-01 5.2351862e-01 7.4454173e-01
1.9678679e+01 3.2089094e-01 5.1777036e-01 7.3750524e-01
1.9702703e+01 3.1600419e-01 5.1230664e-01 7.3059000e-01
1.9726727e+01 3.1128191e-01 5.0677657e-01 7.2374044e-01
1.9750751e+01 3.0661129e-01 5.0124367e-01 7.1675797e-01
1.9774775e+01 3.0193445e-01 4.9546359e-01 7.0979487e-01
1.9798799e+01 2.9717486e-01 4.8972572e-01 7.0248673e-01
1.9822823e+01 2.9252778e-01 4.8425375e-01 6.9517257e-01
1.9846847e+01 2.8775848e-01 4.7823734e-01 6.8786248e-01
1.9870871e+01 2.8322375e-01 4.7213260e-01 6.8069585e-01
1.9894895e+01 2.7833895e-01 4.6627959e-01 6.7321998e-01
1.9918919e+01 2.7370767e-01 4.6036639e-01 6.6572067e-01
1.9942943e+01 2.6883502e-01 4.5388763e-01 6.5786241e-01
1.9966967e+01 2.6395140e-01 4.4766946e-01 6.5019736e-01
1.9990991e+01 2.5926405e-01 4.4154740e-01 6.4267677e-01
2.0015015e+01 2.5432841e-01 4.3531791e-01 6.3506277e-01
2.0039039e+01 2.4977516e-01 4.2911577e-01 6.2750112e-01
2.0063063e+01 2.4490993e-01 4.2308251e-01 6.1952970e-01
2.0087087e+01 2.4030814e-01 4.1683366e-01 6.1185293e-01
2.0111111e+01 2.3569388e-01 4.1065113e-01 6.0417306e-01
2.0135135e+01 2.3105014e-01 4.0453009e-01 5.9640738e-01
2.0159159e+01 2.2634690e-01 3.9864019e-01 5.8830782e-01
2.0183183e+01 2.2168467e-01 3.9271388e-01 5.8042367e-01
2.0207207e+01 2.1697299e-01 3.8683338e-01 5.7241624e-01
2.0231231e+01 2.1267231e-01 3.8095828e-01 5.6464104e-01
2.0255255e+01 2.0814005e-01 3.7510114e-01 5.5656940e-01
2.0279279e+01 2.0378626e-01 3.6910774e-01 5.4842805e-01
2.0303303e+01 1.9949362e-01 3.6294514e-01 5.4054920e-01
2.0327327e+01 1.9532558e-01 3.5689368e-01 5.3245557e-01
2.0351351e+01 1.9118228e-01 3.5065941e-01 5.2434696e-01
2.0375375e+01 1.8720048e-01 3.4438698e-01 5.1634469e-01
2.0399399e+01 1.8320157e-01 3.3828777e-01 5.0814307e-01
2.0423423e+01 1.7947417e-01 3.3205537e-01 5.0011966e-01
2.0447447e+01 1.7562459e-01 3.2586774e-01 4.9201298e-01
2.0471471e+01 1.7175920e-01 3.1967180e-01 4.8384246e-01
2.0495495e+01 1.6826816e-01 3.1384540e-01 4.7569492e-01
2.0519520e+01 1.6474940e-01 3.0780287e-01 4.6779111e-01
2.0543544e+01 1.6118114e-01 3.0176207e-01 4.5990094e-01
2.0567568e+01 1.5779877e-01 2.9587611e-01 4.5192799e-01
2.0591592e+01 1.5436390e-01 2.9005893e-01 4.4415830e-01
2.0615616e+01 1.5092789e-01 2.8423343e-01 4.3615069e-01
2.0639640e+01 1.4758577e-01 2.7865361e-01 4.2814718e-01
2.0663664e+01 1.4440111e-01 2.7303248e-01 4.2038442e-01
2.0687688e+01 1.4101304e-01 2.6749047e-01 4.1250060e-01
2.0711712e+01 1.3786512e-01 2.6187194e-01 4.0470137e-01
2.0735736e+01 1.3466953e-01 2.5646819e-01 3.9711129e-01
2.0759760e+01 1.3133140e-01 2.5110961e-01 3.8946814e-01
2.0783784e+01 1.2822257e-01 2.4588438e-01 3.8175802e-01
2.0807808e+01 1.2510684e-01 2.4062252e-01 3.7416532e-01
2.0831832e+01 1.2221068e-01 2.3540824e-01 3.6660786e-01
2.0855856e+01 1.1919977e-01 2.3017156e-01 3.5902872e-01
2.0879880e+01 1.1628525e-01 2.2512621e-01 3.5160974e-01
2.0903904e+01 1.1343793e-01 2.2002329e-01 3.4426217e-01
2.0927928e+01 1.1060665e-01 2.1496016e-01 3.3701265e-01
2.0951952e+01 1.0790581e-01 2.1001240e-01 3.2965542e-01
2.0975976e+01 1.0520198e-01 2.0519858e-01 3.2254883e-01
2.1000000e+01 1.0258573e-01 2.0038673e-01 3.1525131e-01
2.1024024e+01 9.9978881e-02 1.9567472e-01 3.0814083e-01
2.1048048e+01 9.7277654e-02 1.9100812e-01 3.0111407e-01
2.1072072e+01 9.4786208e-02 1.8629763e-01 2.9421634e-01
2.1096096e+01 9.2194758e-02 1.8166067e-01 2.8748346e-01
2.1120120e+01 8.9596180e-02 1.7713082e-01 2.8079719e-01
2.1144144e+01 8.7068056e-02 1.7255307e-01 2.7406583e-01
2.1168168e+01 8.4493160e-02 1.6811719e-01 2.6753389e-01
2.1192192e+01 8.1989943e-02 1.6376212e-01 2.6117856e-01
2.1216216e+01 7.9575892e-02 1.5949629e-01 2.5492405e-01
2.1240240e+01 7.7126912e-02 1.5532755e-01 2.4870481e-01
2.1264264e+01 7.4751592e-02 1.5108976e-01 2.4272289e-01
2.1288288e+01 7.2425840e-02 1.4704647e-01 2.3683639e-01
2.1312312e+01 7.0133703e-02 1.4302222e-01 2.3079436e-01
2.1336336e+01 6.7902090e-02 1.3905149e-01 2.2487662e-01
2.1360360e+01 6.5676203e-02 1.3512057e-01 2.1902773e-01
2.1384384e+01 6.3533565e-02 1.3124643e-01 2.1334970e-01
2.1408408e+01 6.1366989e-02 1.2754083e-01 2.0762884e-01
2.1432432e+01 5.9258290e-02 1.2388849e-01 2.0210673e-01
2.1456456e+01 5.7215105e-02 1.2028284e-01 1.9661084e-01
2.1480480e+01 5.5257039e-02 1.1672020e-01 1.9118184e-01
2.1504505e+01 5.3323907e-02 1.1326434e-01 1.8588513e-01
2.1528529e+01 5.1482794e-02 1.0988264e-01 1.8064177e-01
2.1552553e+01 4.9659817e-02 1.0654314e-01 1.7556805e-01
2.1576577e+01 4.7899209e-02 1.0331734e-01 1.7052392e-01
2.1600601e+01 4.6215265e-02 1.0015839e-01 1.6560044e-01
2.1624625e+01 4.4558461e-02 9.7076670e-02 1.6071573e-01
2.1648649e+01 4.2895643e-02 9.4033666e-02 1.5597554e-01
2.1672673e+01 4.1325261e-02 9.1104190e-02 1.5134734e-01
2.1696697e+01 3.9806793e-02 8.8217318e-02 1.4683257e-01
2.1720721e+01 3.8308975e-02 8.5444073e-02 1.4243558e-01
2.1744745e+01 3.6858477e-02 8.2702019e-02 1.3810108e-01
2.1768769e+01 3.5470743e-02 8.0015889e-02 1.3383289e-01
2.1792793e+01 3.4138082e-02 7.7387352e-02 1.2970586e-01
2.1816817e+01 3.2826841e-02 7.4859225e-02 1.2565385e-01
2.1840841e+01 3.1550201e-02 7.2362004e-02 1.2166692e-01
2.1864865e+01 3.0328011e-02 6.9941446e-02 1.1775147e-01
2.1888889e+01 2.9130068e-02 6.7577908e-02 1.1394297e-01
2.1912913e+01 2.7984626e-02 6.5281199e-02 1.1023091e-01
2.1936937e+01 2.6873758e-02 6.3052445e-02 1.0663833e-01
2.1960961e+01 2.5796168e-02 6.0897460e-02 1.0311021e-01
2.1984985e+01 2.4742630e-02 5.8787797e-02 9.9725719e-02
2.2009009e+01 2.3758488e-02 5.6726952e-02 9.6380659e-02
2.2033033e+01 2.2787646e-02 5.4736499e-02 9.3128527e-02
2.2057057e+01 2.1864122e-02 5.2791474e-02 8.9985015e-02
2.2081081e+01 2.0938247e-02 5.0905551e-02 8.6916728e-02
2.2105105e+01 2.0080086e-02 4.9076352e-02 8.3903788e-02
2.2129129e+01 1.9238572e-02 4.7279690e-02 8.0938683e-02
2.2153153e+01 1.8433780e-02 4.5547299e-02 7.8089710e-02
2.2177177e+01 1.7652442e-02 4.3857579e-02 7.5324195e-02
2.2201201e+01 1.6902497e-02 4.2237911e-02 7.2621458e-02
2.2225225e+01 1.6172540e-02 4.0644777e-02 6.9972905e-02
2.2249249e+01 1.5486065e-02 3.9094678e-02 6.7385822e-02
2.2273273e+01 1.4814889e-02 3.7617700e-02 6.4901522e-02
2.2297297e+01 1.4165897e-02 3.6170788e-02 6.2494215e-02
2.2321321e+01 1.3539153e-02 3.4780343e-02 6.0167782e-02
2.2345345e+01 1.2942805e-02 3.3421328e-02 5.7921068e-02
2.2369369e+01 1.2360397e-02 3.2105955e-02 5.5740241e-02
2.2393393e+01 1.1801275e-02 3.0838411e-02 5.3628355e-02
2.2417417e+01 1.1262089e-02 2.9614421e-02 5.1566405e-02
2.2441441e+01 1.0758731e-02 2.8436106e-02 4.9599269e-02
2.2465465e+01 1.0268559e-02 2.7294252e-02 4.7625832e-02
2.2489489e+01 9.7962054e-03 2.6192181e-02 4.5776081e-02
2.2513514e+01 9.3437078e-03 2.5113917e-02 4.3975098e-02
2.2537538e+01 8.9062149e-03 2.4081219e-02 4.2240865e-02
2.2561562e+01 8.4944230e-03 2.3082893e-02 4.0565082e-02
2.2585586e+01 8.0972560e-03 2.2119778e-02 3.8927854e-02
2.2609610e+01 7.7160958e-03 2.1201844e-02 3.7352180e-02
2.2633634e+01 7.3496726e-03 2.0307085e-02 3.5816899e-02
2.2657658e+01 6.9966585e-03 1.9441723e-02 3.4336179e-02
2.2681682e+01 6.6594858e-03 1.8611395e-02 3.2925547e-02
2.2705706e+01 6.3386623e-03 1.7807438e-02 3.1536066e-02
2.2729730e+01 6.0304192e-03 1.7030886e-02 3.0200045e-02
2.2753754e+01 5.7327150e-03 1.6293633e-02 2.8930528e-02
2.2777778e+01 5.4526850e-03 1.5573789e-02 2.7692943e-02
2.2801802e+01 5.1851210e-03 1.4886304e-02 2.6502160e-02
2.2825826e+01 4.9255558e-03 1.4220337e-02 2.5365619e-02
2.2849850e+01 4.6824302e-03 1.3586646e-02 2.4267514e-02
2.2873874e+01 4.4495817e-03 1.2969865e-02 2.3210217e-02
2.2897898e+01 4.2216911e-03 1.2382308e-02 2.2188914e-02
2.2921922e+01 4.0045587e-03 1.1813736e-02 2.1200838e-02
2.2945946e+01 3.7975354e-03 1.1272267e-02 2.0253960e-02
2.2969970e+01 3.6026561e-03 1.0748920e-02 1.9342594e-02
2.2993994e+01 3.4142081e-03 1.0244851e-02 1.8465814e-02
2.3018018e+01 3.2356440e-03 9.7662576e-03 1.7622027e-02
2.3042042e+01 3.0687202e-03 9.3098481e-03 1.6813861e-02
2.3066066e+01 2.9065785e-03 8.8671695e-03 1.6047724e-02
2.3090090e+01 2.7533065e-03 8.4447279e-03 1.5307534e-02
2.3114114e+01 2.6067067e-03 8.0375785e-03 1.4600662e-02
2.3138138e+01 2.4668733e-03 7.6532747e-03 1.3916419e-02
2.3162162e+01 2.3345424e-03 7.2801813e-03 1.3260328e-02
2.3186186e+01 2.2075017e-03 6.9261149e-03 1.2626531e-02
2.3210210e+01 2.0884807e-03 6.5861505e-03 1.2024096e-02
2.3234234e+01 1.9744827e-03 6.2614597e-03 1.1448611e-02
2.3258258e+01 1.8666524e-03 5.9522079e-03 1.0892554e-02
2.3282282e+01 1.7638358e-03 5.6560751e-03 1.0362578e-02
2.3306306e+01 1.6671640e-03 5.3727479e-03 9.8509106e-03
2.3330330e+01 1.5750813e-03 5.1016049e-03 9.3702423e-03
2.3354354e+01 1.4858277e-03 4.8441379e-03 8.9079245e-03
2.3378378e+01 1.4023392e-03 4.5982284e-03 8.4655891e-03
2.3402402e+01 1.3227531e-03 4.3611471e-03 8.0413374e-03
2.3426426e+01 1.2479139e-03 4.1370397e-03 7.6387141e-03
2.3450450e+01 1.1763450e-03 3.9227005e-03 7.2519297e-03
2.3474474e+01 1.1089027e-03 3.7180509e-03 6.8818220e-03
2.3498498e+01 1.0448159e-03 3.5216059e-03 6.5306928e-03
2.3522523e+01 9.8369562e-04 3.3365116e-03 6.1946910e-03
2.3546547e+01 9.2617308e-04 3.1598201e-03 5.8765234e-03
2.3570571e+01 8.7140781e-04 2.9926183e-03 5.5710356e-03
2.3594595e+01 8.2023226e-04 2.8313618e-03 5.2799534e-03
2.3618619e+01 7.7138684e-04 2.6795491e-03 4.9993684e-03
2.3642643e+01 7.2503860e-04 2.5333506e-03 4.7363493e-03
2.3666667e+01 6.8154945e-04 2.3968166e-03 4.4838715e-03
2.3690691e+01 6.4076897e-04 2.2661726e-03 4.2450409e-03
2.3714715e+01 6.0202817e-04 2.1423705e-03 4.0149793e-03
2.3738739e+01 5.6531222e-04 2.0238846e-03 3.7975554e-03
2.3762763e+01 5.3051332e-04 1.9117167e-03 3.5907546e-03
2.3786787e+01 4.9762654e-04 1.8054391e-03 3.3936783e-03
2.3810811e+01 4.6697579e-04 1.7043195e-03 3.2049917e-03
2.3834835e+01 4.3794123e-04 1.6083854e-03 3.0274889e-03
2.3858859e+01 4.1081519e-04 1.5175805e-03 2.8588004e-03
2.3882883e+01 3.8530650e-04 1.4302999e-03 2.6985961e-03
2.3906907e+01 3.6103933e-04 1.3490270e-03 2.5466598e-03
2.3930931e+01 3.3844889e-04 1.2714167e-03 2.4025604e-03
2.3954955e+01 3.1698431e-04 1.1979727e-03 2.2659383e-03
2.3978979e+01 2.9674823e-04 1.1282516e-03 2.1358756e-03
2.4003003e+01 2.7775735e-04 1.0625789e-03 2.0137900e-03
2.4027027e+01 2.5978116e-04 1.0003880e-03 1.8976589e-03
2.4051051e+01 2.4301684e-04 9.4173597e-04 1.7871683e-03
2.4075075e+01 2.2746493e-04 8.8604695e-04 1.6829363e-03
2.4099099e+01 2.1270119e-04 8.3347837e-04 1.5845746e-03
2.4123123e+01 1.9877271e-04 7.8373341e-04 1.4907166e-03
2.4147147e+01 1.8580576e-04 7.3675604e-04 1.4020555e-03
2.4171171e+01 1.7348378e-04 6.9252165e-04 1.3183729e-03
2.4195195e+01 1.6198208e-04 6.5065094e-04 1.2400233e-03
2.4219219e+01 1.5123333e-04 6.1082055e-04 1.1655859e-03
2.4243243e+01 1.4113842e-04 5.7363219e-04 1.0952736e-03
2.4267267e+01 1.3161760e-04 5.3866626e-04 1.0284896e-03
2.4291291e+01 1.2268487e-04 5.0556087e-04 9.6572376e-04
2.4315315e+01 1.1428972e-04 4.7393616e-04 9.0624589e-04
2.4339339e+01 1.0650781e-04 4.4456721e-04 8.5010642e-04
2.4363363e+01 9.9233816e-05 4.1673557e-04 7.9776917e-04
2.4387387e+01 9.2430501e-05 3.9058882e-04 7.4814668e-04
2.4411411e+01 8.6015517e-05 3.6591089e-04 7.0147585e-04
2.4435435e+01 7.9999947e-05 3.4255486e-04 6.5746294e-04
2.4459459e+01 7.4440489e-05 3.2055211e-04 6.1600897e-04
2.4483483e+01 6.9256404e-05 2.9993777e-04 5.7699916e-04
2.4507508e+01 6.4395178e-05 2.8058130e-04 5.4036030e-04
2.4531532e+01 5.9852472e-05 2.6239171e-04 5.0575047e-04
2.4555556e+01 5.5630198e-05 2.4537606e-04 4.7335442e-04
2.4579580e+01 5.1676391e-05 2.2935686e-04 4.4261076e-04
2.4603604e+01 4.7995508e-05 2.1431279e-04 4.1387112e-04
2.4627628e+01 4.4535264e-05 2.0022782e-04 3.8686662e-04
2.4651652e+01 4.1361538e-05 1.8694375e-04 3.6158725e-04
2.4675676e+01 3.8349177e-05 1.7449062e-04 3.3773769e-04
2.4699700e+01 3.5552738e-05 1.6283166e-04 3.1545120e-04
2.4723724e+01 3.2946954e-05 1.5197270e-04 2.9464484e-04
2.4747748e+01 3.0526322e-05 1.4173104e-04 2.7495547e-04
2.4771772e+01 2.8289487e-05 1.3220060e-04 2.5659455e-04
2.4795796e+01 2.6192191e-05 1.2321167e-04 2.3940249e-04
2.4819820e+01 2.4240151e-05 1.1484236e-04 2.2321882e-04
2.4843844e+01 2.2419600e-05 1.0698612e-04 2.0815639e-04
2.4867868e+01 2.0734733e-05 9.9625992e-05 1.9399037e-04
2.4891892e+01 1.9179265e-05 9.2729469e-05 1.8076973e-04
2.4915916e+01 1.7749595e-05 8.6281299e-05 1.6832571e-04
2.4939940e+01 1.6418238e-05 8.0307385e-05 1.5670021e-04
2.4963964e+01 1.5177368e-05 7.4668541e-05 1.4582266e-04
2.4987988e+01 1.4024694e-05 6.9419549e-05 1.3563631e-04
2.5012012e+01 1.2953371e-05 6.4535975e-05 1.2614310e-04
2.5036036e+01 1.1969250e-05 5.9944847e-05 1.1731152e-04
2.5060060e+01 1.1048892e-05 5.5668834e-05 1.0911828e-04
2.5084084e+01 1.0193364e-05 5.1702944e-05 1.0140023e-04
2.5108108e+01 9.4057537e-06 4.7991270e-05 9.4234408e-05
2.5132132e+01 8.6678880e-06 4.4538364e-05 8.7478204e-05
2.5156156e+01 7.9911799e-06 4.1334549e-05 8.1220464e-05
2.5180180e+01 7.3631107e-06 3.8344778e-05 7.5343716e-05
2.5204204e+01 6.7824081e-06 3.5570333e-05 6.9877197e-05
2.5228228e+01 6.2489083e-06 3.2969893e-05 6.4833935e-05
2.5252252e+01 5.7554702e-06 3.0540033e-05 6.0100320e-05
2.5276276e+01 5.2985518e-06 2.8284783e-05 5.5710420e-05
2.5300300e+01 4.8776831e-06 2.6188251e-05 5.1618519e-05
2.5324324e+01 4.4885526e-06 2.4248367e-05 4.7819391e-05
2.5348348e+01 4.1245842e-06 2.2445476e-05 4.4265809e-05
2.5372372e+01 3.7925934e-06 2.0768503e-05 4.0965653e-05
2.5396396e+01 3.4852715e-06 1.9212437e-05 3.7902450e-05
2.5420420e+01 3.2004498e-06 1.7763274e-05 3.5081164e-05
2.5444444e+01 2.9387492e-06 1.6421484e-05 3.2449916e-05
2.5468468e+01 2.7008139e-06 1.5173595e-05 3.0000547e-05
2.5492492e+01 2.4785703e-06 1.4015887e-05 2.7736935e-05
2.5516517e+01 2.2722382e-06 1.2941225e-05 2.5632747e-05
2.5540541e+01 2.0845803e-06 1.1940607e-05 2.3679391e-05
2.5564565e+01 1.9109947e-06 1.1014019e-05 2.1863077e-05
2.5588589e+01 1.7513360e-06 1.0159597e-05 2.0179058e-05
2.5612613e+01 1.6043706e-06 9.3680190e-06 1.8624088e-05
2.5636637e+01 1.4693860e-06 8.6370840e-06 1.7181544e-05
2.5660661e+01 1.3459289e-06 7.9588448e-06 1.5846220e-05
2.5684685e+01 1.2315355e-06 7.3346091e-06 1.4610847e-05
2.5708709e+01 1.1265434e-06 6.7568193e-06 1.3468033e-05
2.5732733e+01 1.0307027e-06 6.2214423e-06 1.2406482e-05
2.5756757e+01 9.4257762e-07 5.7255036e-06 1.1427602e-05
2.5780781e+01 8.6185176e-07 5.2683790e-06 1.0528134e-05
2.5804805e+01 7.8753358e-07 4.8455287e-06 9.6893701e-06
2.5828829e+01 7.1981967e-07 4.4542679e-06 8.9155275e-06
2.5852853e+01 6.5737043e-07 4.0948495e-06 8.1984321e-06
2.5876877e+01 6.0011233e-07 3.7635348e-06 7.5401939e-06
2.5900901e+01 5.4768193e-07 3.4569843e-06 6.9316999e-06
2.5924925e+01 4.9969078e-07 3.1747201e-06 6.3712234e-06
2.5948949e+01 4.5570223e-07 2.9148222e-06 5.8526365e-06
2.5972973e+01 4.1552326e-07 2.6749063e-06 5.3746801e-06
2.5996997e+01 3.7859866e-07 2.4545195e-06 4.9341320e-06
2.6021021e+01 3.4497208e-07 2.2509551e-06 4.5280414e-06
2.6045045e+01 3.1407663e-07 2.0632873e-06 4.1533551e-06
2.6069069e+01 2.8615053e-07 1.8913313e-06 3.8091751e-06
2.6093093e+01 2.6035138e-07 1.7326587e-06 3.4927997e-06
2.6117117e+01 2.3688926e-07 1.5870232e-06 3.2011975e-06
2.6141141e+01 2.1557483e-07 1.4536845e-06 2.9324658e-06
2.6165165e+01 1.9597212e-07 1.3304916e-06 2.6862896e-06
2.6189189e+01 1.7807487e-07 1.2176092e-06 2.4597710e-06
2.6213213e+01 1.6180046e-07 1.1133892e-06 2.2527259e-06
2.6237237e+01 1.4709764e-07 1.0180196e-06 2.0603305e-06
2.6261261e+01 1.3358444e-07 9.3056511e-07 1.8843403e-06
2.6285285e+01 1.2137986e-07 8.5092327e-07 1.7232875e-06
2.6309309e+01 1.1015806e-07 7.7759248e-07 1.5764244e-06
2.6333333e+01 9.9944144e-08 7.1049514e-07 1.4409519e-06
2.6357357e+01 9.0688372e-08 6.4871876e-07 1.3168863e-06
2.6381381e+01 8.2226316e-08 5.9205896e-07 1.2028590e-06
2.6405405e+01 7.4528523e-08 5.4043340e-07 1.0982335e-06
2.6429429e+01 6.7569555e-08 4.9319274e-07 1.0025157e-06
2.6453453e+01 6.1229928e-08 4.4974296e-07 9.1484502e-07
2.6477477e+01 5.5462658e-08 4.1003849e-07 8.3477316e-07
2.6501502e+01 5.0206869e-08 3.7366351e-07 7.6103072e-07
2.6525526e+01 4.5430862e-08 3.4041840e-07 6.9379602e-07
2.6549550e+01 4.1108169e-08 3.1011568e-07 6.3239453e-07
2.6573574e+01 3.7165673e-08 2.8241158e-07 5.7612895e-07
2.6597598e+01 3.3589260e-08 2.5704755e-07 5.2468857e-07
2.6621622e+01 3.0360864e-08 2.3392502e-07 4.7791959e-07
2.6645646e+01 2.7422911e-08 2.1280430e-07 4.3506132e-07
2.6669670e+01 2.4762937e-08 1.9347565e-07 3.9583861e-07
2.6693694e+01 2.2373672e-08 1.7588572e-07 3.6000011e-07
2.6717718e+01 2.0189489e-08 1.5984710e-07 3.2735969e-07
2.6741742e+01 1.8225767e-08 1.4518530e-07 2.9740965e-07
2.6765766e+01 1.6450387e-08 1.3190777e-07 2.7033842e-07
2.6789790e+01 1.4838535e-08 1.1975229e-07 2.4561631e-07
2.6813814e+01 1.3380197e-08 1.0868452e-07 2.2310474e-07
2.6837838e+01 1.2062988e-08 9.8617885e-08 2.0258421e-07
2.6861862e+01 1.0871235e-08 8.9441311e-08 1.8384690e-07
2.6885886e+01 9.7902415e-09 8.1082298e-08 1.6675528e-07
2.6909910e+01 8.8181577e-09 7.3505256e-08 1.5118172e-07
2.6933934e+01 7.9362586e-09 6.6612861e-08 1.3709172e-07
2.6957958e+01 7.1413464e-09 6.0339874e-08 1.2424307e-07
2.6981982e+01 6.4246640e-09 5.4627975e-08 1.1255885e-07
2.7006006e+01 5.7768620e-09 4.9454356e-08 1.0195424e-07
2.7030030e+01 5.1909588e-09 4.4762877e-08 9.2329086e-08
2.7054054e+01 4.6647454e-09 4.0486334e-08 8.3563264e-08
2.7078078e+01 4.1895820e-09 3.6614333e-08 7.5604245e-08
2.7102102e+01 3.7629690e-09 3.3101439e-08 6.8407438e-08
2.7126126e+01 3.3780447e-09 2.9917231e-08 6.1862984e-08
2.7150150e+01 3.0313879e-09 2.7027340e-08 5.5919246e-08
2.7174174e+01 2.7185821e-09 2.4407144e-08 5.0531888e-08
2.7198198e+01 2.4392805e-09 2.2045547e-08 4.5658004e-08
2.7222222e+01 2.1878633e-09 1.9902533e-08 4.1241994e-08
2.7246246e+01 1.9615329e-09 1.7961106e-08 3.7235396e-08
2.7270270e+01 1.7567568e-09 1.6200863e-08 3.3603848e-08
2.7294294e+01 1.5733125e-09 1.4605831e-08 3.0328350e-08
2.7318318e+01 1.4089080e-09 1.3165541e-08 2.7359008e-08
2.7342342e+01 1.2614192e-09 1.1867140e-08 2.4660287e-08
2.7366366e+01 1.1292558e-09 1.0687473e-08 2.2232808e-08
2.7390390e+01 1.0105939e-09 9.6287540e-09 2.0033097e-08
2.7414414e+01 9.0399875e-10 8.6695240e-09 1.8046706e-08
2.7438438e+01 8.0845395e-10 7.8045274e-09 1.6255555e-08
2.7462462e+01 7.2241633e-10 7.0230600e-09 1.4629908e-08
2.7486486e+01 6.4560312e-10 6.3170471e-09 1.3166814e-08
2.7510511e+01 5.7698242e-10 5.6813604e-09 1.1849513e-08
2.7534535e+01 5.1518268e-10 5.1070630e-09 1.0652328e-08
2.7558559e+01 4.5993426e-10 4.5901853e-09 9.5754515e-09
2.7582583e+01 4.1048465e-10 4.1243660e-09 8.6049334e-09
2.7606607e+01 3.6629736e-10 3.7036327e-09 7.7311834e-09
2.7630631e+01 3.2673591e-10 3.3241042e-09 6.9451664e-09
2.7654655e+01 2.9134311e-10 2.9831722e-09 6.2355707e-09
2.7678679e+01 2.5957226e-10 2.6758883e-09 5.5980107e-09
2.7702703e+01 2.3136472e-10 2.3994472e-09 5.0230682e-09
2.7726727e+01 2.0608688e-10 2.1506493e-09 4.5057444e-09
2.7750751e+01 1.8360282e-10 1.9278492e-09 4.0394432e-09
2.7774775e+01 1.6345397e-10 1.7267567e-09 3.6220004e-09
2.7798799e+01 1.4548788e-10 1.5468252e-09 3.2465296e-09
2.7822823e+01 1.2945923e-10 1.3854923e-09 2.9096790e-09
2.7846847e+01 1.1515195e-10 1.2403027e-09 2.6061385e-09
2.7870871e+01 1.0235589e-10 1.1098731e-09 2.3334936e-09
2.7894895e+01 9.0973369e-11 9.9270198e-10 2.0882140e-09
2.7918919e+01 8.0809976e-11 8.8771496e-10 1.8691425e-09
2.7942943e+01 7.1762859e-11 7.9355315e-10 1.6721414e-09
2.7966967e+01 6.3682960e-11 7.0926318e-10 1.4955817e-09
2.7990991e+01 5.6525434e-11 6.3361423e-10 1.3371014e-09
2.8015015e+01 5.0169856e-11 5.6577234e-10 1.1952254e-09
2.8039039e+01 4.4490660e-11 5.0509187e-10 1.0677939e-09
2.8063063e+01 3.9442695e-11 4.5071806e-10 9.5399816e-10
2.8087087e+01 3.4978113e-11 4.0205176e-10 8.5146383e-10
2.8111111e+01 3.0999852e-11 3.5853770e-10 7.6001682e-10
2.8135135e+01 2.7456390e-11 3.1964760e-10 6.7824266e-10
2.8159159e+01 2.4297875e-11 2.8491071e-10 6.0505232e-10
2.8183183e+01 2.1519752e-11 2.5390706e-10 5.3961392e-10
2.8207207e+01 1.9040924e-11 2.2621646e-10 4.8092718e-10
2.8231231e+01 1.6847779e-11 2.0141155e-10 4.2847299e-10
2.8255255e+01 1.4895627e-11 1.7920751e-10 3.8168616e-10
2.8279279e+01 1.3177035e-11 1.5946648e-10 3.3993929e-10
2.8303303e+01 1.1644936e-11 1.4183213e-10 3.0264801e-10
2.8327327e+01 1.0288482e-11 1.2610317e-10 2.6933076e-10
2.8351351e+01 9.0835816e-12 1.1210116e-10 2.3967609e-10
2.8375375e+01 8.0214214e-12 9.9624860e-11 2.1324545e-10
2.8399399e+01 7.0802030e-12 8.8532151e-11 1.8954082e-10
2.8423423e+01 6.2496415e-12 7.8652133e-11 1.6844849e-10
2.8447447e+01 5.5108839e-12 6.9834769e-11 1.4969417e-10
2.8471471e+01 4.8592799e-12 6.2017727e-11 1.3294572e-10
2.8495495e+01 4.2863063e-12 5.5019049e-11 1.1807813e-10
2.8519520e+01 3.7796657e-12 4.8805643e-11 1.0481807e-10
2.8543544e+01 3.3290626e-12 4.3279204e-11 9.3018039e-11
2.8567568e+01 2.9318096e-12 3.8365598e-11 8.2520839e-11
2.8591592e+01 2.5806867e-12 3.4003176e-11 7.3180764e-11
2.8615616e+01 2.2713538e-12 3.0123632e-11 6.4870048e-11
2.8639640e+01 1.9981599e-12 2.6686892e-11 5.7482662e-11
2.8663664e+01 1.7572056e-12 2.3634037e-11 5.0908895e-11
2.8687688e+01 1.5458317e-12 2.0919413e-11 4.5094020e-11
2.8711712e+01 1.3593264e-12 1.8512210e-11 3.9933587e-11
2.8735736e+01 1.1944078e-12 1.6375101e-11 3.5342576e-11
2.8759760e+01 1.0488617e-12 1.4481635e-11 3.1286498e-11
2.8783784e+01 9.2086115e-13 1.2799763e-11 2.7664730e-11
2.8807808e+01 8.0847947e-13 1.1311251e-11 2.4481267e-11
2.8831832e+01 7.0910016e-13 9.9896396e-12 2.1641875e-11
2.8855856e+01 6.2201173e-13 8.8204058e-12 1.9116829e-11
2.8879880e+01 5.4539674e-13 7.7871662e-12 1.6892286e-11
2.8903904e+01 4.7797811e-13 6.8708097e-12 1.4914239e-11
2.8927928e+01 4.1874818e-13 6.0633540e-12 1.3162132e-11
2.8951952e+01 3.6677188e-13 5.3477300e-12 1.1618370e-11
2.8975976e+01 3.2118810e-13 4.7154221e-12 1.0250247e-11
2.9000000e+01 2.8124261e-13 4.1561294e-12 9.0384872e-12
