X KDE_INF KDE_MED KDE_SUP
-4.0000000e+00 5.4186754e-38 9.6955241e-30 1.9391048e-29
-3.9949950e+00 7.3412099e-38 1.2649744e-29 2.5299487e-29
-3.9899900e+00 9.9404467e-38 1.6495087e-29 3.2990173e-29
-3.9849850e+00 1.3452652e-37 2.1497597e-29 4.2995194e-29
-3.9799800e+00 1.8195906e-37 2.8001912e-29 5.6003823e-29
-3.9749750e+00 2.4598194e-37 3.6454227e-29 7.2908454e-29
-3.9699700e+00 3.3235065e-37 4.7431903e-29 9.4863805e-29
-3.9649650e+00 4.4880079e-37 6.1681602e-29 1.2336320e-28
-3.9599600e+00 6.0572357e-37 8.0168394e-29 1.6033679e-28
-3.9549550e+00 8.1706972e-37 1.0413894e-28 2.0827789e-28
-3.9499499e+00 1.1015694e-36 1.3520277e-28 2.7040555e-28
-3.9449449e+00 1.4843084e-36 1.7543671e-28 3.5087342e-28
-3.9399399e+00 1.9989423e-36 2.2751906e-28 4.5503813e-28
-3.9349349e+00 2.6905446e-36 2.9490189e-28 5.8980378e-28
-3.9299299e+00 3.6194611e-36 3.8203202e-28 7.6406403e-28
-3.9249249e+00 4.8664410e-36 4.9463451e-28 9.8926901e-28
-3.9199199e+00 6.5394743e-36 6.4007594e-28 1.2801519e-27
-3.9149149e+00 8.7829019e-36 8.2782978e-28 1.6556595e-27
-3.9099099e+00 1.1789545e-35 1.0700721e-27 2.1401441e-27
-3.9049049e+00 1.5816847e-35 1.3824437e-27 2.7648874e-27
-3.8998999e+00 2.1208338e-35 1.7850251e-27 3.5700502e-27
-3.8948949e+00 2.8422167e-35 2.3035818e-27 4.6071636e-27
-3.8898899e+00 3.8069011e-35 2.9711556e-27 5.9423112e-27
-3.8848849e+00 5.0962398e-35 3.8300955e-27 7.6601910e-27
-3.8798799e+00 6.8185493e-35 4.9346488e-27 9.8692976e-27
-3.8748749e+00 9.1179663e-35 6.3542653e-27 1.2708530e-26
-3.8698699e+00 1.2186187e-34 8.1778074e-27 1.6355615e-26
-3.8648649e+00 1.6278242e-34 1.0518913e-26 2.1037826e-26
-3.8598599e+00 2.1732278e-34 1.3522820e-26 2.7045641e-26
-3.8548549e+00 2.8997923e-34 1.7375053e-26 3.4750107e-26
-3.8498498e+00 3.8671626e-34 2.2312460e-26 4.4624920e-26
-3.8448448e+00 5.1544446e-34 2.8637244e-26 5.7274487e-26
-3.8398398e+00 6.8664969e-34 3.6734778e-26 7.3469555e-26
-3.8348348e+00 9.1422374e-34 4.7096221e-26 9.4192442e-26
-3.8298298e+00 1.2165604e-33 6.0347204e-26 1.2069441e-25
-3.8248248e+00 1.6180010e-33 7.7284194e-26 1.5456839e-25
-3.8198198e+00 2.1507396e-33 9.8920582e-26 1.9784116e-25
-3.8148148e+00 2.8573327e-33 1.2654503e-25 2.5309005e-25
-3.8098098e+00 3.7940035e-33 1.6179532e-25 3.2359063e-25
-3.8048048e+00 5.0349898e-33 2.0675178e-25 4.1350356e-25
-3.7997998e+00 6.6782614e-33 2.6405537e-25 5.2811074e-25
-3.7947948e+00 8.8530353e-33 3.3705689e-25 6.7411377e-25
-3.7897898e+00 1.1729647e-32 4.3000534e-25 8.6001067e-25
-3.7847848e+00 1.5532510e-32 5.4828572e-25 1.0965714e-24
-3.7797798e+00 2.0557123e-32 6.9871886e-25 1.3974377e-24
-3.7747748e+00 2.7192367e-32 8.8993941e-25 1.7798788e-24
-3.7697698e+00 3.5949734e-32 1.1328720e-24 2.2657440e-24
-3.7647648e+00 4.7501610e-32 1.4413310e-24 2.8826619e-24
-3.7597598e+00 6.2731400e-32 1.8327745e-24 3.6655489e-24
-3.7547548e+00 8.2799104e-32 2.3292536e-24 4.6585071e-24
-3.7497497e+00 1.0922708e-31 2.9586049e-24 5.9172097e-24
-3.7447447e+00 1.4401210e-31 3.7559483e-24 7.5118966e-24
-3.7397397e+00 1.8977181e-31 4.7655682e-24 9.5311363e-24
-3.7347347e+00 2.4993578e-31 6.0432731e-24 1.2086546e-23
-3.7297297e+00 3.2899493e-31 7.6593549e-24 1.5318709e-23
-3.7247247e+00 4.3282667e-31 9.7022979e-24 1.9404596e-23
-3.7197197e+00 5.6911872e-31 1.2283425e-23 2.4566849e-23
-3.7147147e+00 7.4792109e-31 1.5542711e-23 3.1085421e-23
-3.7097097e+00 9.8236470e-31 1.9656062e-23 3.9312124e-23
-3.7047047e+00 1.2895963e-30 2.4844411e-23 4.9688821e-23
-3.6996997e+00 1.6919943e-30 3.1385088e-23 6.2770174e-23
-3.6946947e+00 2.2187484e-30 3.9626017e-23 7.9252033e-23
-3.6896897e+00 2.9079124e-30 5.0003448e-23 1.0000689e-22
-3.6846847e+00 3.8090676e-30 6.3064059e-23 1.2612811e-22
-3.6796797e+00 4.9867790e-30 7.9492532e-23 1.5898506e-22
-3.6746747e+00 6.5250774e-30 1.0014590e-22 2.0029180e-22
-3.6696697e+00 8.5332668e-30 1.2609634e-22 2.5219268e-22
-3.6646647e+00 1.1153447e-29 1.5868440e-22 3.1736879e-22
-3.6596597e+00 1.4570249e-29 1.9958524e-22 3.9917047e-22
-3.6546547e+00 1.9023437e-29 2.5089099e-22 5.0178196e-22
-3.6496496e+00 2.4824193e-29 3.1521301e-22 6.3042600e-22
-3.6446446e+00 3.2376166e-29 3.9580899e-22 7.9161796e-22
-3.6396396e+00 4.2202662e-29 4.9674056e-22 9.9348109e-22
-3.6346346e+00 5.4981734e-29 6.2306884e-22 1.2461376e-21
-3.6296296e+00 7.1591451e-29 7.8109685e-22 1.5621936e-21
-3.6246246e+00 9.3168278e-29 9.7866979e-22 1.9573395e-21
-3.6196196e+00 1.2118229e-28 1.2255469e-21 2.4510937e-21
-3.6146146e+00 1.5753403e-28 1.5338614e-21 3.0677226e-21
-3.6096096e+00 2.0467925e-28 1.9186897e-21 3.8373792e-21
-3.6046046e+00 2.6578927e-28 2.3987546e-21 4.7975090e-21
-3.5995996e+00 3.4495724e-28 2.9972940e-21 5.9945877e-21
-3.5945946e+00 4.4746317e-28 3.7431334e-21 7.4862664e-21
-3.5895896e+00 5.8011423e-28 4.6720094e-21 9.3440184e-21
-3.5845846e+00 7.5168169e-28 5.8282015e-21 1.1656402e-20
-3.5795796e+00 9.7346119e-28 7.2665432e-21 1.4533086e-20
-3.5745746e+00 1.2599913e-27 9.0548987e-21 1.8109796e-20
-3.5695696e+00 1.6299740e-27 1.1277213e-20 2.2554425e-20
-3.5645646e+00 2.1074538e-27 1.4037262e-20 2.8074523e-20
-3.5595596e+00 2.7233263e-27 1.7463267e-20 3.4926531e-20
-3.5545546e+00 3.5172689e-27 2.1713558e-20 4.3427114e-20
-3.5495495e+00 4.5402077e-27 2.6983542e-20 5.3967081e-20
-3.5445445e+00 5.8574709e-27 3.3514239e-20 6.7028474e-20
-3.5395395e+00 7.5528147e-27 4.1602767e-20 8.3205528e-20
-3.5345345e+00 9.7335622e-27 5.1615187e-20 1.0323037e-19
-3.5295295e+00 1.2537157e-26 6.4002251e-20 1.2800449e-19
-3.5245245e+00 1.6139521e-26 7.9318671e-20 1.5863733e-19
-3.5195195e+00 2.0765697e-26 9.8246719e-20 1.9649342e-19
-3.5145145e+00 2.6703425e-26 1.2162508e-19 2.4325013e-19
-3.5095095e+00 3.4320332e-26 1.5048411e-19 3.0096819e-19
-3.5045045e+00 4.4085961e-26 1.8608896e-19 3.7217788e-19
-3.4994995e+00 5.6599614e-26 2.2999214e-19 4.5998424e-19
-3.4944945e+00 7.2625807e-26 2.8409779e-19 5.6819552e-19
-3.4894895e+00 9.3139268e-26 3.5073987e-19 7.0147968e-19
-3.4844845e+00 1.1938205e-25 4.3277770e-19 8.6555531e-19
-3.4794795e+00 1.5293595e-25 5.3371211e-19 1.0674241e-18
-3.4744745e+00 1.9581435e-25 6.5782698e-19 1.3156538e-18
-3.4694695e+00 2.5057851e-25 8.1036141e-19 1.6207226e-18
-3.4644645e+00 3.2048485e-25 9.9771905e-19 1.9954378e-18
-3.4594595e+00 4.0967169e-25 1.2277225e-18 2.4554447e-18
-3.4544545e+00 5.2339364e-25 1.5099224e-18 3.0198444e-18
-3.4494494e+00 6.6832133e-25 1.8559722e-18 3.7119439e-18
-3.4444444e+00 8.5291671e-25 2.2800835e-18 4.5601664e-18
-3.4394394e+00 1.0879084e-24 2.7995775e-18 5.5991541e-18
-3.4344344e+00 1.3868915e-24 3.4355532e-18 6.8711052e-18
-3.4294294e+00 1.7670834e-24 4.2136969e-18 8.4273925e-18
-3.4244244e+00 2.2502775e-24 5.1652621e-18 1.0330522e-17
-3.4194194e+00 2.8640430e-24 6.3282536e-18 1.2656505e-17
-3.4144144e+00 3.6432373e-24 7.7488603e-18 1.5497718e-17
-3.4094094e+00 4.6319072e-24 9.4831852e-18 1.8966367e-17
-3.4044044e+00 5.8856808e-24 1.1599335e-17 2.3198665e-17
-3.3993994e+00 7.4747736e-24 1.4179939e-17 2.8359872e-17
-3.3943944e+00 9.4877638e-24 1.7325194e-17 3.4650380e-17
-3.3893894e+00 1.2036333e-23 2.1156522e-17 4.2313035e-17
-3.3843844e+00 1.5261211e-23 2.5820991e-17 5.1641969e-17
-3.3793794e+00 1.9339637e-23 3.1496621e-17 6.2993227e-17
-3.3743744e+00 2.4495566e-23 3.8398785e-17 7.6797550e-17
-3.3693694e+00 3.1009331e-23 4.6787887e-17 9.3575750e-17
-3.3643644e+00 3.9232492e-23 5.6978608e-17 1.1395719e-16
-3.3593594e+00 4.9609397e-23 6.9350992e-17 1.3870195e-16
-3.3543544e+00 6.2696970e-23 8.4363768e-17 1.6872749e-16
-3.3493493e+00 7.9194264e-23 1.0257032e-16 2.0514057e-16
-3.3443443e+00 9.9979770e-23 1.2463783e-16 2.4927558e-16
-3.3393393e+00 1.2615039e-22 1.5137024e-16 3.0274038e-16
-3.3343343e+00 1.5908515e-22 1.8373571e-16 3.6747130e-16
-3.3293293e+00 2.0050966e-22 2.2289949e-16 4.4579883e-16
-3.3243243e+00 2.5258384e-22 2.7026328e-16 5.4052636e-16
-3.3193193e+00 3.1800976e-22 3.2751217e-16 6.5502409e-16
-3.3143143e+00 4.0016579e-22 3.9667085e-16 7.9334139e-16
-3.3093093e+00 5.0327355e-22 4.8017061e-16 9.6034083e-16
-3.3043043e+00 6.3260541e-22 5.8092934e-16 1.1618582e-15
-3.2992993e+00 7.9474233e-22 7.0244688e-16 1.4048932e-15
-3.2942943e+00 9.9789409e-22 8.4891872e-16 1.6978367e-15
-3.2892893e+00 1.2522967e-21 1.0253714e-15 2.0507418e-15
-3.2842843e+00 1.5707382e-21 1.2378234e-15 2.4756456e-15
-3.2792793e+00 1.9698547e-21 1.4934774e-15 2.9869533e-15
-3.2742743e+00 2.4690540e-21 1.8009475e-15 3.6018932e-15
-3.2692693e+00 3.0930933e-21 2.1705306e-15 4.3410588e-15
-3.2642643e+00 3.8727682e-21 2.6145274e-15 5.2290519e-15
-3.2592593e+00 4.8463641e-21 3.1476246e-15 6.2952456e-15
-3.2542543e+00 6.0614495e-21 3.7873472e-15 7.5746898e-15
-3.2492492e+00 7.5771029e-21 4.5545948e-15 9.1091839e-15
-3.2442442e+00 9.4666425e-21 5.4742776e-15 1.0948548e-14
-3.2392392e+00 1.1821018e-20 6.5760686e-15 1.3152128e-14
-3.2342342e+00 1.4752986e-20 7.8952938e-15 1.5790577e-14
-3.2292292e+00 1.8402257e-20 9.4739853e-15 1.8947957e-14
-3.2242242e+00 2.2941849e-20 1.1362125e-14 2.2724233e-14
-3.2192192e+00 2.8585902e-20 1.3619114e-14 2.7238207e-14
-3.2142142e+00 3.5599309e-20 1.6315508e-14 3.2630989e-14
-3.2092092e+00 4.4309559e-20 1.9535062e-14 3.9070090e-14
-3.2042042e+00 5.5121332e-20 2.3377142e-14 4.6754244e-14
-3.1991992e+00 6.8534301e-20 2.7959571e-14 5.5919091e-14
-3.1941942e+00 8.5165267e-20 3.3421968e-14 6.6843874e-14
-3.1891892e+00 1.0577506e-19 3.9929695e-14 7.9859312e-14
-3.1841842e+00 1.3130169e-19 4.7678481e-14 9.5356865e-14
-3.1791792e+00 1.6284126e-19 5.6899870e-14 1.1379962e-13
-3.1741742e+00 2.0184158e-19 6.7867613e-14 1.3573508e-13
-3.1691692e+00 2.5004732e-19 8.0905180e-14 1.6181018e-13
-3.1641642e+00 3.0959838e-19 9.6394561e-14 1.9278889e-13
-3.1591592e+00 3.8312484e-19 1.1478660e-13 2.2957291e-13
-3.1541542e+00 4.7385679e-19 1.3661307e-13 2.7322580e-13
-3.1491491e+00 5.8575914e-19 1.6250091e-13 3.2500139e-13
-3.1441441e+00 7.2369610e-19 1.9318873e-13 3.8637692e-13
-3.1391391e+00 8.9363175e-19 2.2954625e-13 4.5909184e-13
-3.1341341e+00 1.1028746e-18 2.7259701e-13 5.4519319e-13
-3.1291291e+00 1.3603759e-18 3.2354478e-13 6.4708856e-13
-3.1241241e+00 1.6770923e-18 3.8380459e-13 7.6760794e-13
-3.1191191e+00 2.0664277e-18 4.5503875e-13 9.1007596e-13
-3.1141141e+00 2.5447711e-18 5.3919895e-13 1.0783960e-12
-3.1091091e+00 3.1321496e-18 6.3857535e-13 1.2771484e-12
-3.1041041e+00 3.8530226e-18 7.5585363e-13 1.5117044e-12
-3.0990991e+00 4.7372455e-18 8.9418155e-13 1.7883596e-12
-3.0940941e+00 5.8212403e-18 1.0572462e-12 2.1144881e-12
-3.0890891e+00 7.1494145e-18 1.2493642e-12 2.4987230e-12
-3.0840841e+00 8.7758813e-18 1.4755855e-12 2.9511645e-12
-3.0790791e+00 1.0766544e-17 1.7418156e-12 3.4836231e-12
-3.0740741e+00 1.3201622e-17 2.0549554e-12 4.1099010e-12
-3.0690691e+00 1.6178698e-17 2.4230651e-12 4.8461182e-12
-3.0640641e+00 1.9816422e-17 2.8555529e-12 5.7110911e-12
-3.0590591e+00 2.4259089e-17 3.3633944e-12 6.7267706e-12
-3.0540541e+00 2.9681577e-17 3.9593858e-12 7.9187494e-12
-3.0490490e+00 3.6296778e-17 4.6584377e-12 9.3168483e-12
-3.0440440e+00 4.4367691e-17 5.4779140e-12 1.0955795e-11
-3.0390390e+00 5.4205369e-17 6.4380238e-12 1.2876007e-11
-3.0340340e+00 6.6178776e-17 7.5622738e-12 1.5124498e-11
-3.0290290e+00 8.0753367e-17 8.8779902e-12 1.7755920e-11
-3.0240240e+00 9.8484538e-17 1.0416921e-11 2.0833769e-11
-3.0190190e+00 1.2004489e-16 1.2215930e-11 2.4431771e-11
-3.0140140e+00 1.4624446e-16 1.4317796e-11 2.8635482e-11
-3.0090090e+00 1.7803600e-16 1.6772130e-11 3.3544128e-11
-3.0040040e+00 2.1669703e-16 1.9636439e-11 3.9272717e-11
-2.9989990e+00 2.6356520e-16 2.2977337e-11 4.5954478e-11
-2.9939940e+00 3.2039723e-16 2.6871945e-11 5.3743653e-11
-2.9889890e+00 3.8927367e-16 3.1409496e-11 6.2818703e-11
-2.9839840e+00 4.7270142e-16 3.6693174e-11 7.3385998e-11
-2.9789790e+00 5.7369941e-16 4.2842227e-11 8.5684030e-11
-2.9739740e+00 6.9590110e-16 4.9994388e-11 9.9988261e-11
-2.9689690e+00 8.4367715e-16 5.8308641e-11 1.1661666e-10
-2.9639640e+00 1.0222820e-15 6.7968398e-11 1.3593604e-10
-2.9589590e+00 1.2380289e-15 7.9185125e-11 1.5836934e-10
-2.9539540e+00 1.4984994e-15 9.2202485e-11 1.8440386e-10
-2.9489489e+00 1.8127922e-15 1.0730108e-10 2.1460083e-10
-2.9439439e+00 2.1918409e-15 1.2480386e-10 2.4960611e-10
-2.9389389e+00 2.6486999e-15 1.4508229e-10 2.9016263e-10
-2.9339339e+00 3.1990535e-15 1.6856338e-10 3.3712441e-10
-2.9289289e+00 3.8616774e-15 1.9573772e-10 3.9147260e-10
-2.9239239e+00 4.6590380e-15 2.2716858e-10 4.5433373e-10
-2.9189189e+00 5.6180071e-15 2.6350233e-10 5.2700053e-10
-2.9139139e+00 6.7707084e-15 3.0548024e-10 6.1095549e-10
-2.9089089e+00 8.1555216e-15 3.5395188e-10 7.0789776e-10
-2.9039039e+00 9.8182751e-15 4.0989044e-10 8.1977365e-10
-2.8988989e+00 1.1813660e-14 4.7440997e-10 9.4881124e-10
-2.8938939e+00 1.4206910e-14 5.4878508e-10 1.0975597e-09
-2.8888889e+00 1.7075783e-14 6.3447312e-10 1.2689336e-09
-2.8838839e+00 2.0512920e-14 7.3313949e-10 1.4662639e-09
-2.8788789e+00 2.4628630e-14 8.4668615e-10 1.6933542e-09
-2.8738739e+00 2.9554181e-14 9.7728395e-10 1.9545462e-09
-2.8688689e+00 3.5445696e-14 1.1274091e-09 2.2547922e-09
-2.8638639e+00 4.2488757e-14 1.2998845e-09 2.5997378e-09
-2.8588589e+00 5.0903035e-14 1.4979264e-09 2.9958153e-09
-2.8538539e+00 6.0951717e-14 1.7251968e-09 3.4503486e-09
-2.8488488e+00 7.2935666e-14 1.9858631e-09 3.9716719e-09
-2.8438438e+00 8.7245099e-14 2.2846643e-09 4.5692637e-09
-2.8388388e+00 1.0430584e-13 2.6269873e-09 5.2538966e-09
-2.8338338e+00 1.2462999e-13 3.0189506e-09 6.0378077e-09
-2.8288288e+00 1.4883156e-13 3.4675001e-09 6.9348886e-09
-2.8238238e+00 1.7764034e-13 3.9805165e-09 7.9608998e-09
-2.8188188e+00 2.1190752e-13 4.5669353e-09 9.1337113e-09
-2.8138138e+00 2.5264879e-13 5.2368813e-09 1.0473573e-08
-2.8088088e+00 3.0106077e-13 6.0018217e-09 1.2003417e-08
-2.8038038e+00 3.5855621e-13 6.8747340e-09 1.3749199e-08
-2.7987988e+00 4.2680200e-13 7.8702980e-09 1.5740276e-08
-2.7937938e+00 5.0783394e-13 9.0051081e-09 1.8009836e-08
-2.7887888e+00 6.0410931e-13 1.0297911e-08 2.0595372e-08
-2.7837838e+00 7.1793909e-13 1.1769875e-08 2.3539217e-08
-2.7787788e+00 8.5275825e-13 1.3444883e-08 2.6889134e-08
-2.7737738e+00 1.0124675e-12 1.5349870e-08 3.0698990e-08
-2.7687688e+00 1.2013039e-12 1.7515189e-08 3.5029489e-08
-2.7637638e+00 1.4245937e-12 1.9975029e-08 3.9949008e-08
-2.7587588e+00 1.6884783e-12 2.2767876e-08 4.5534508e-08
-2.7537538e+00 2.0001673e-12 2.5937022e-08 5.1872574e-08
-2.7487487e+00 2.3681191e-12 2.9531136e-08 5.9060540e-08
-2.7437437e+00 2.8022518e-12 3.3604907e-08 6.7207768e-08
-2.7387387e+00 3.3141884e-12 3.8219740e-08 7.6437064e-08
-2.7337337e+00 3.9175420e-12 4.3444551e-08 8.6886238e-08
-2.7287287e+00 4.6282477e-12 4.9356619e-08 9.8709842e-08
-2.7237237e+00 5.4651085e-12 5.6042562e-08 1.1208110e-07
-2.7187187e+00 6.4496326e-12 6.3599404e-08 1.2719405e-07
-2.7137137e+00 7.6106453e-12 7.2135760e-08 1.4426589e-07
-2.7087087e+00 8.9762264e-12 8.1773142e-08 1.6353964e-07
-2.7037037e+00 1.0582893e-11 9.2647406e-08 1.8528696e-07
-2.6986987e+00 1.2477514e-11 1.0491035e-07 2.0981143e-07
-2.6936937e+00 1.4680461e-11 1.1873149e-07 2.3745205e-07
-2.6886887e+00 1.7263446e-11 1.3429999e-07 2.6858712e-07
-2.6836837e+00 2.0306878e-11 1.5182683e-07 3.0363855e-07
-2.6786787e+00 2.3853150e-11 1.7154719e-07 3.4307662e-07
-2.6736737e+00 2.8026852e-11 1.9372301e-07 3.8742516e-07
-2.6686687e+00 3.2889243e-11 2.1864589e-07 4.3726731e-07
-2.6636637e+00 3.8569615e-11 2.4664025e-07 4.9325180e-07
-2.6586587e+00 4.5208457e-11 2.7806679e-07 5.5609993e-07
-2.6536537e+00 5.2961163e-11 3.1332628e-07 6.2661317e-07
-2.6486486e+00 6.2034755e-11 3.5286375e-07 7.0568138e-07
-2.6436436e+00 7.2623898e-11 3.9717311e-07 7.9429219e-07
-2.6386386e+00 8.5035200e-11 4.4680210e-07 8.9354087e-07
-2.6336336e+00 9.9594130e-11 5.0235766e-07 1.0046413e-06
-2.6286286e+00 1.1660180e-10 5.6451229e-07 1.1289382e-06
-2.6236236e+00 1.3638408e-10 6.3401034e-07 1.2679198e-06
-2.6186186e+00 1.5942408e-10 7.1167523e-07 1.4232328e-06
-2.6136136e+00 1.8599962e-10 7.9841728e-07 1.5966972e-06
-2.6086086e+00 2.1706117e-10 8.9524232e-07 1.7903244e-06
-2.6036036e+00 2.5290381e-10 1.0032610e-06 2.0063350e-06
-2.5985986e+00 2.9447842e-10 1.1236983e-06 2.2471794e-06
-2.5935936e+00 3.4270195e-10 1.2579058e-06 2.5155592e-06
-2.5885886e+00 3.9862493e-10 1.4073726e-06 2.8144515e-06
-2.5835836e+00 4.6340622e-10 1.5737394e-06 3.1471361e-06
-2.5785786e+00 5.3844979e-10 1.7588104e-06 3.5172221e-06
-2.5735736e+00 6.2605374e-10 1.9645714e-06 3.9286795e-06
-2.5685686e+00 7.2678149e-10 2.1932050e-06 4.3858719e-06
-2.5635636e+00 8.4342509e-10 2.4471086e-06 4.8935928e-06
-2.5585586e+00 9.7882398e-10 2.7289137e-06 5.4571043e-06
-2.5535536e+00 1.1344566e-09 3.0415100e-06 6.0821793e-06
-2.5485485e+00 1.3147136e-09 3.3880600e-06 6.7751472e-06
-2.5435435e+00 1.5245156e-09 3.7720338e-06 7.5429427e-06
-2.5385385e+00 1.7660982e-09 4.1972306e-06 8.3931587e-06
-2.5335335e+00 2.0429902e-09 4.6678061e-06 9.3341038e-06
-2.5285285e+00 2.3619177e-09 5.1883024e-06 1.0374863e-05
-2.5235235e+00 2.7293571e-09 5.7636876e-06 1.1525366e-05
-2.5185185e+00 3.1563365e-09 6.3993871e-06 1.2796454e-05
-2.5135135e+00 3.6447791e-09 7.1013209e-06 1.4199966e-05
-2.5085085e+00 4.2050951e-09 7.8759417e-06 1.5748798e-05
-2.5035035e+00 4.8486914e-09 8.7302939e-06 1.7457020e-05
-2.4984985e+00 5.5877136e-09 9.6720387e-06 1.9339952e-05
-2.4934935e+00 6.4363590e-09 1.0709520e-05 2.1414271e-05
-2.4884885e+00 7.4094012e-09 1.1851812e-05 2.3698115e-05
-2.4834835e+00 8.5375061e-09 1.3108773e-05 2.6211202e-05
-2.4784785e+00 9.8214133e-09 1.4491127e-05 2.8974950e-05
-2.4734735e+00 1.1288309e-08 1.6010519e-05 3.2012611e-05
-2.4684685e+00 1.2968524e-08 1.7679544e-05 3.5349408e-05
-2.4634635e+00 1.4889478e-08 1.9511898e-05 3.9012685e-05
-2.4584585e+00 1.7084137e-08 2.1522436e-05 4.3032066e-05
-2.4534535e+00 1.9593603e-08 2.3727158e-05 4.7439624e-05
-2.4484484e+00 2.2459610e-08 2.6143447e-05 5.2270053e-05
-2.4434434e+00 2.5731005e-08 2.8790093e-05 5.7560869e-05
-2.4384384e+00 2.9463069e-08 3.1687343e-05 6.3352598e-05
-2.4334334e+00 3.3712649e-08 3.4857134e-05 6.9689000e-05
-2.4284284e+00 3.8548459e-08 3.8323093e-05 7.6617284e-05
-2.4234234e+00 4.4071337e-08 4.2110729e-05 8.4188352e-05
-2.4184184e+00 5.0382548e-08 4.6247435e-05 9.2457043e-05
-2.4134134e+00 5.7542319e-08 5.0762876e-05 1.0148242e-04
-2.4084084e+00 6.5676699e-08 5.5688768e-05 1.1132799e-04
-2.4034034e+00 7.4911518e-08 6.1059294e-05 1.2206205e-04
-2.3983984e+00 8.5409289e-08 6.6911320e-05 1.3375800e-04
-2.3933934e+00 9.7313380e-08 7.3284277e-05 1.4649461e-04
-2.3883884e+00 1.1083109e-07 8.0220384e-05 1.6035649e-04
-2.3833834e+00 1.2615880e-07 8.7764987e-05 1.7543416e-04
-2.3783784e+00 1.4352926e-07 9.5966830e-05 1.9182480e-04
-2.3733734e+00 1.6320355e-07 1.0487800e-04 2.0963240e-04
-2.3683684e+00 1.8547375e-07 1.1455448e-04 2.2896779e-04
-2.3633634e+00 2.1067392e-07 1.2505526e-04 2.4995008e-04
-2.3583584e+00 2.3916716e-07 1.3644420e-04 2.7270627e-04
-2.3533534e+00 2.7136844e-07 1.4878926e-04 2.9737184e-04
-2.3483483e+00 3.0774018e-07 1.6216288e-04 3.2409157e-04
-2.3433433e+00 3.4885560e-07 1.7664233e-04 3.5301947e-04
-2.3383383e+00 3.9519028e-07 1.9230995e-04 3.8431964e-04
-2.3333333e+00 4.4751398e-07 2.0925322e-04 4.1816680e-04
-2.3283283e+00 5.0641096e-07 2.2756535e-04 4.5474672e-04
-2.3233233e+00 5.7346956e-07 2.4734585e-04 4.9425674e-04
-2.3183183e+00 6.4836162e-07 2.6870002e-04 5.3690668e-04
-2.3133133e+00 7.3224276e-07 2.9173846e-04 5.8291875e-04
-2.3083083e+00 8.2685173e-07 3.1657962e-04 6.3252936e-04
-2.3033033e+00 9.3297147e-07 3.4334906e-04 6.8598782e-04
-2.2982983e+00 1.0519934e-06 3.7217972e-04 7.4355886e-04
-2.2932933e+00 1.1856472e-06 4.0321340e-04 8.0552228e-04
-2.2882883e+00 1.3361844e-06 4.3659845e-04 8.7217383e-04
-2.2832833e+00 1.5059187e-06 4.7248995e-04 9.4382588e-04
-2.2782783e+00 1.6964142e-06 5.1105308e-04 1.0208084e-03
-2.2732733e+00 1.9084512e-06 5.5246676e-04 1.1034682e-03
-2.2682683e+00 2.1455807e-06 5.9691344e-04 1.1921719e-03
-2.2632633e+00 2.4114150e-06 6.4458653e-04 1.2873056e-03
-2.2582583e+00 2.7087309e-06 6.9569014e-04 1.3892727e-03
-2.2532533e+00 3.0455385e-06 7.5043888e-04 1.4985012e-03
-2.2482482e+00 3.4200311e-06 8.0905648e-04 1.6154382e-03
-2.2432432e+00 3.8349323e-06 8.7177808e-04 1.7405531e-03
-2.2382382e+00 4.2980862e-06 9.3885426e-04 1.8743380e-03
-2.2332332e+00 4.8169190e-06 1.0105481e-03 2.0173085e-03
-2.2282282e+00 5.3946495e-06 1.0871261e-03 2.1700046e-03
-2.2232232e+00 6.0366120e-06 1.1688717e-03 2.3329913e-03
-2.2182182e+00 6.7508913e-06 1.2560928e-03 2.5068570e-03
-2.2132132e+00 7.5506217e-06 1.3490823e-03 2.6922168e-03
-2.2082082e+00 8.4313951e-06 1.4481702e-03 2.8897123e-03
-2.2032032e+00 9.4126292e-06 1.5536998e-03 3.1000126e-03
-2.1981982e+00 1.0507131e-05 1.6660208e-03 3.3238113e-03
-2.1931932e+00 1.1701015e-05 1.7855115e-03 3.5618307e-03
-2.1881882e+00 1.3029405e-05 1.9125461e-03 3.8148212e-03
-2.1831832e+00 1.4521425e-05 2.0475164e-03 4.0835655e-03
-2.1781782e+00 1.6175708e-05 2.1908158e-03 4.3688897e-03
-2.1731732e+00 1.8008882e-05 2.3428986e-03 4.6716230e-03
-2.1681682e+00 2.0054722e-05 2.5042070e-03 4.9926137e-03
-2.1631632e+00 2.2320945e-05 2.6751659e-03 5.3327894e-03
-2.1581582e+00 2.4818411e-05 2.8562837e-03 5.6930602e-03
-2.1531532e+00 2.7605506e-05 3.0480321e-03 6.0743534e-03
-2.1481481e+00 3.0641886e-05 3.2509622e-03 6.4776800e-03
-2.1431431e+00 3.3949261e-05 3.4655209e-03 6.9040747e-03
-2.1381381e+00 3.7689264e-05 3.6922558e-03 7.3545854e-03
-2.1331331e+00 4.1838739e-05 3.9316839e-03 7.8302834e-03
-2.1281281e+00 4.6379206e-05 4.1844067e-03 8.3322091e-03
-2.1231231e+00 5.1322051e-05 4.4509932e-03 8.8614690e-03
-2.1181181e+00 5.6765175e-05 4.7320708e-03 9.4192917e-03
-2.1131131e+00 6.2826158e-05 5.0282679e-03 1.0006842e-02
-2.1081081e+00 6.9444515e-05 5.3402147e-03 1.0625306e-02
-2.1031031e+00 7.6726134e-05 5.6684698e-03 1.1275929e-02
-2.0980981e+00 8.4737189e-05 6.0137774e-03 1.1959921e-02
-2.0930931e+00 9.3534928e-05 6.3766901e-03 1.2678606e-02
-2.0880881e+00 1.0310486e-04 6.7579301e-03 1.3433313e-02
-2.0830831e+00 1.1360432e-04 7.1582970e-03 1.4225246e-02
-2.0780781e+00 1.2519262e-04 7.5783110e-03 1.5055797e-02
-2.0730731e+00 1.3790564e-04 8.0187440e-03 1.5926364e-02
-2.0680681e+00 1.5183311e-04 8.4804533e-03 1.6838254e-02
-2.0630631e+00 1.6706869e-04 8.9639951e-03 1.7792781e-02
-2.0580581e+00 1.8368322e-04 9.4701091e-03 1.8791631e-02
-2.0530531e+00 2.0157822e-04 9.9996860e-03 1.9835396e-02
-2.0480480e+00 2.2154725e-04 1.0553206e-02 2.0926569e-02
-2.0430430e+00 2.4349659e-04 1.1131754e-02 2.2066014e-02
-2.0380380e+00 2.6711234e-04 1.1735939e-02 2.3254854e-02
-2.0330330e+00 2.9288911e-04 1.2366546e-02 2.4494687e-02
-2.0280280e+00 3.2089682e-04 1.3024113e-02 2.5786845e-02
-2.0230230e+00 3.5158025e-04 1.3709620e-02 2.7132768e-02
-2.0180180e+00 3.8498974e-04 1.4424316e-02 2.8534053e-02
-2.0130130e+00 4.2124153e-04 1.5167786e-02 2.9991676e-02
-2.0080080e+00 4.6116970e-04 1.5942107e-02 3.1507395e-02
-2.0030030e+00 5.0467218e-04 1.6747399e-02 3.3082287e-02
-1.9979980e+00 5.5161400e-04 1.7583934e-02 3.4717717e-02
-1.9929930e+00 6.0253537e-04 1.8452542e-02 3.6415052e-02
-1.9879880e+00 6.5783173e-04 1.9354943e-02 3.8175176e-02
-1.9829830e+00 7.1814035e-04 2.0291675e-02 3.9999400e-02
-1.9779780e+00 7.8400456e-04 2.1262796e-02 4.1888890e-02
-1.9729730e+00 8.5430409e-04 2.2269750e-02 4.3844795e-02
-1.9679680e+00 9.3058512e-04 2.3311955e-02 4.5868180e-02
-1.9629630e+00 1.0132701e-03 2.4390664e-02 4.7960054e-02
-1.9579580e+00 1.1021339e-03 2.5507437e-02 5.0120649e-02
-1.9529530e+00 1.1975810e-03 2.6661742e-02 5.2351553e-02
-1.9479479e+00 1.3018348e-03 2.7855992e-02 5.4654328e-02
-1.9429429e+00 1.4146251e-03 2.9088999e-02 5.7028113e-02
-1.9379379e+00 1.5365678e-03 3.0361963e-02 5.9476293e-02
-1.9329329e+00 1.6677223e-03 3.1675560e-02 6.1994551e-02
-1.9279279e+00 1.8085426e-03 3.3031476e-02 6.4587186e-02
-1.9229229e+00 1.9602401e-03 3.4428343e-02 6.7254497e-02
-1.9179179e+00 2.1255554e-03 3.5868235e-02 6.9996473e-02
-1.9129129e+00 2.3019071e-03 3.7349325e-02 7.2813574e-02
-1.9079079e+00 2.4929847e-03 3.8873578e-02 7.5708571e-02
-1.9029029e+00 2.6954681e-03 4.0441698e-02 7.8679302e-02
-1.8978979e+00 2.9141180e-03 4.2052895e-02 8.1723303e-02
-1.8928929e+00 3.1494710e-03 4.3707639e-02 8.4843264e-02
-1.8878879e+00 3.4022982e-03 4.5406902e-02 8.8043541e-02
-1.8828829e+00 3.6722030e-03 4.7155674e-02 9.1315963e-02
-1.8778779e+00 3.9628303e-03 4.8947200e-02 9.4662452e-02
-1.8728729e+00 4.2745804e-03 5.0785008e-02 9.8082586e-02
-1.8678679e+00 4.6049074e-03 5.2670050e-02 1.0157720e-01
-1.8628629e+00 4.9568135e-03 5.4603275e-02 1.0514847e-01
-1.8578579e+00 5.3351837e-03 5.6580426e-02 1.0878467e-01
-1.8528529e+00 5.7395657e-03 5.8604151e-02 1.1250321e-01
-1.8478478e+00 6.1671912e-03 6.0674486e-02 1.1628903e-01
-1.8428428e+00 6.6231641e-03 6.2789755e-02 1.2014856e-01
-1.8378378e+00 7.1161126e-03 6.4957717e-02 1.2407177e-01
-1.8328328e+00 7.6399695e-03 6.7172034e-02 1.2805997e-01
-1.8278278e+00 8.2001966e-03 6.9433224e-02 1.3211586e-01
-1.8228228e+00 8.8026698e-03 7.1749253e-02 1.3623833e-01
-1.8178178e+00 9.4403806e-03 7.4112004e-02 1.4041871e-01
-1.8128128e+00 1.0119845e-02 7.6518958e-02 1.4467377e-01
-1.8078078e+00 1.0837845e-02 7.8982675e-02 1.4897710e-01
-1.8028028e+00 1.1596332e-02 8.1490321e-02 1.5334352e-01
-1.7977978e+00 1.2409886e-02 8.4043150e-02 1.5776973e-01
-1.7927928e+00 1.3264696e-02 8.6644443e-02 1.6224816e-01
-1.7877878e+00 1.4168166e-02 8.9289707e-02 1.6677610e-01
-1.7827828e+00 1.5141834e-02 9.1989741e-02 1.7136350e-01
-1.7777778e+00 1.6175969e-02 9.4741816e-02 1.7600802e-01
-1.7727728e+00 1.7250365e-02 9.7548399e-02 1.8070224e-01
-1.7677678e+00 1.8391975e-02 1.0039728e-01 1.8544408e-01
-1.7627628e+00 1.9601377e-02 1.0329970e-01 1.9022838e-01
-1.7577578e+00 2.0863236e-02 1.0625358e-01 1.9504587e-01
-1.7527528e+00 2.2220327e-02 1.0926428e-01 1.9992361e-01
-1.7477477e+00 2.3653401e-02 1.1232407e-01 2.0481373e-01
-1.7427427e+00 2.5165828e-02 1.1543678e-01 2.0976109e-01
-1.7377377e+00 2.6761068e-02 1.1860883e-01 2.1474646e-01
-1.7327327e+00 2.8442669e-02 1.2182344e-01 2.1976636e-01
-1.7277277e+00 3.0213856e-02 1.2509877e-01 2.2481906e-01
-1.7227227e+00 3.2061711e-02 1.2842980e-01 2.2990284e-01
-1.7177177e+00 3.4035162e-02 1.3181373e-01 2.3502278e-01
-1.7127127e+00 3.6094986e-02 1.3524387e-01 2.4018614e-01
-1.7077077e+00 3.8256017e-02 1.3872949e-01 2.4535918e-01
-1.7027027e+00 4.0519403e-02 1.4227369e-01 2.5053816e-01
-1.6976977e+00 4.2887508e-02 1.4589757e-01 2.5575988e-01
-1.6926927e+00 4.5370671e-02 1.4955731e-01 2.6097083e-01
-1.6876877e+00 4.7974766e-02 1.5329217e-01 2.6623010e-01
-1.6826827e+00 5.0717681e-02 1.5710985e-01 2.7149716e-01
-1.6776777e+00 5.3578713e-02 1.6099119e-01 2.7677210e-01
-1.6726727e+00 5.6558950e-02 1.6496913e-01 2.8204735e-01
-1.6676677e+00 5.9688779e-02 1.6898705e-01 2.8733995e-01
-1.6626627e+00 6.2999250e-02 1.7309789e-01 2.9273150e-01
-1.6576577e+00 6.6371679e-02 1.7726814e-01 2.9810062e-01
-1.6526527e+00 6.9933955e-02 1.8146787e-01 3.0349784e-01
-1.6476476e+00 7.3658596e-02 1.8580808e-01 3.0886974e-01
-1.6426426e+00 7.7589833e-02 1.9020739e-01 3.1419964e-01
-1.6376376e+00 8.1643676e-02 1.9467878e-01 3.1965087e-01
-1.6326326e+00 8.5816816e-02 1.9915266e-01 3.2506424e-01
-1.6276276e+00 9.0180915e-02 2.0382915e-01 3.3046184e-01
-1.6226226e+00 9.4714524e-02 2.0858317e-01 3.3592725e-01
-1.6176176e+00 9.9454358e-02 2.1343177e-01 3.4132845e-01
-1.6126126e+00 1.0435333e-01 2.1833840e-01 3.4684711e-01
-1.6076076e+00 1.0950165e-01 2.2332818e-01 3.5232996e-01
-1.6026026e+00 1.1477351e-01 2.2842418e-01 3.5785467e-01
-1.5975976e+00 1.2022406e-01 2.3362398e-01 3.6334586e-01
-1.5925926e+00 1.2594705e-01 2.3882812e-01 3.6888103e-01
-1.5875876e+00 1.3182390e-01 2.4424337e-01 3.7450781e-01
-1.5825826e+00 1.3792385e-01 2.4963877e-01 3.8001881e-01
-1.5775776e+00 1.4418949e-01 2.5533752e-01 3.8563303e-01
-1.5725726e+00 1.5067900e-01 2.6098401e-01 3.9132945e-01
-1.5675676e+00 1.5736560e-01 2.6693676e-01 3.9711826e-01
-1.5625626e+00 1.6433099e-01 2.7293824e-01 4.0267489e-01
-1.5575576e+00 1.7151270e-01 2.7907276e-01 4.0852681e-01
-1.5525526e+00 1.7889172e-01 2.8548983e-01 4.1437131e-01
-1.5475475e+00 1.8646565e-01 2.9197035e-01 4.2017262e-01
-1.5425425e+00 1.9418139e-01 2.9849443e-01 4.2613502e-01
-1.5375375e+00 2.0212374e-01 3.0541894e-01 4.3210998e-01
-1.5325325e+00 2.1030934e-01 3.1263821e-01 4.3830316e-01
-1.5275275e+00 2.1871081e-01 3.2012324e-01 4.4457741e-01
-1.5225225e+00 2.2743123e-01 3.2770625e-01 4.5101620e-01
-1.5175175e+00 2.3610704e-01 3.3518686e-01 4.5743223e-01
-1.5125125e+00 2.4470512e-01 3.4267786e-01 4.6390524e-01
-1.5075075e+00 2.5381576e-01 3.5058889e-01 4.7049254e-01
-1.5025025e+00 2.6240079e-01 3.5911701e-01 4.7710477e-01
-1.4974975e+00 2.7154613e-01 3.6789970e-01 4.8407987e-01
-1.4924925e+00 2.8074489e-01 3.7645229e-01 4.9129854e-01
-1.4874875e+00 2.9026569e-01 3.8548956e-01 4.9873212e-01
-1.4824825e+00 2.9967287e-01 3.9447522e-01 5.0599454e-01
-1.4774775e+00 3.0944317e-01 4.0371982e-01 5.1363727e-01
-1.4724725e+00 3.1884108e-01 4.1326923e-01 5.2133326e-01
-1.4674675e+00 3.2853223e-01 4.2288127e-01 5.2907595e-01
-1.4624625e+00 3.3843382e-01 4.3270295e-01 5.3727455e-01
-1.4574575e+00 3.4866436e-01 4.4258462e-01 5.4543152e-01
-1.4524525e+00 3.5865288e-01 4.5258175e-01 5.5381220e-01
-1.4474474e+00 3.6873683e-01 4.6268419e-01 5.6208825e-01
-1.4424424e+00 3.7923145e-01 4.7290124e-01 5.7023698e-01
-1.4374374e+00 3.8971333e-01 4.8295550e-01 5.7887356e-01
-1.4324324e+00 4.0002615e-01 4.9333113e-01 5.8810234e-01
-1.4274274e+00 4.1045680e-01 5.0384235e-01 5.9738521e-01
-1.4224224e+00 4.2072852e-01 5.1413048e-01 6.0624640e-01
-1.4174174e+00 4.3104140e-01 5.2456905e-01 6.1591162e-01
-1.4124124e+00 4.4160902e-01 5.3499785e-01 6.2541086e-01
-1.4074074e+00 4.5207205e-01 5.4542049e-01 6.3541363e-01
-1.4024024e+00 4.6232609e-01 5.5618281e-01 6.4506951e-01
-1.3973974e+00 4.7309570e-01 5.6678744e-01 6.5523387e-01
-1.3923924e+00 4.8374455e-01 5.7762083e-01 6.6550168e-01
-1.3873874e+00 4.9444664e-01 5.8862095e-01 6.7600533e-01
-1.3823824e+00 5.0527811e-01 5.9910647e-01 6.8684506e-01
-1.3773774e+00 5.1597507e-01 6.1021206e-01 6.9738591e-01
-1.3723724e+00 5.2688109e-01 6.2103462e-01 7.0845285e-01
-1.3673674e+00 5.3765713e-01 6.3184877e-01 7.1932417e-01
-1.3623624e+00 5.4821712e-01 6.4251643e-01 7.3078696e-01
-1.3573574e+00 5.5873240e-01 6.5332023e-01 7.4168611e-01
-1.3523524e+00 5.6926602e-01 6.6396053e-01 7.5281113e-01
-1.3473473e+00 5.8011621e-01 6.7485987e-01 7.6458350e-01
-1.3423423e+00 5.9040887e-01 6.8562571e-01 7.7547130e-01
-1.3373373e+00 6.0110877e-01 6.9631898e-01 7.8669936e-01
-1.3323323e+00 6.1119947e-01 7.0650698e-01 7.9846464e-01
-1.3273273e+00 6.2165298e-01 7.1768092e-01 8.0958747e-01
-1.3223223e+00 6.3183416e-01 7.2814492e-01 8.2126632e-01
-1.3173173e+00 6.4189597e-01 7.3906371e-01 8.3268563e-01
-1.3123123e+00 6.5193496e-01 7.4948628e-01 8.4399201e-01
-1.3073073e+00 6.6163482e-01 7.6011720e-01 8.5492268e-01
-1.3023023e+00 6.7134757e-01 7.7063505e-01 8.6614089e-01
-1.2972973e+00 6.8081923e-01 7.8054783e-01 8.7665954e-01
-1.2922923e+00 6.9063187e-01 7.9071141e-01 8.8732367e-01
-1.2872873e+00 7.0029576e-01 8.0050311e-01 8.9803603e-01
-1.2822823e+00 7.0982279e-01 8.1055056e-01 9.0818515e-01
-1.2772773e+00 7.1895591e-01 8.2037093e-01 9.1878205e-01
-1.2722723e+00 7.2822693e-01 8.2984699e-01 9.2877595e-01
-1.2672673e+00 7.3708418e-01 8.3896609e-01 9.3882616e-01
-1.2622623e+00 7.4576837e-01 8.4858862e-01 9.4876470e-01
-1.2572573e+00 7.5431780e-01 8.5780470e-01 9.5870327e-01
-1.2522523e+00 7.6251096e-01 8.6687721e-01 9.6791833e-01
-1.2472472e+00 7.7070187e-01 8.7570666e-01 9.7707901e-01
-1.2422422e+00 7.7872426e-01 8.8456055e-01 9.8591762e-01
-1.2372372e+00 7.8597554e-01 8.9282317e-01 9.9382617e-01
-1.2322322e+00 7.9385893e-01 9.0129280e-01 1.0018633e+00
-1.2272272e+00 8.0122186e-01 9.0930666e-01 1.0097063e+00
-1.2222222e+00 8.0899319e-01 9.1673930e-01 1.0169666e+00
-1.2172172e+00 8.1643298e-01 9.2414994e-01 1.0236927e+00
-1.2122122e+00 8.2316750e-01 9.3116154e-01 1.0297761e+00
-1.2072072e+00 8.2859518e-01 9.3808563e-01 1.0364378e+00
-1.2022022e+00 8.3396231e-01 9.4463308e-01 1.0429874e+00
-1.1971972e+00 8.3980257e-01 9.5140288e-01 1.0496700e+00
-1.1921922e+00 8.4570129e-01 9.5644251e-01 1.0560736e+00
-1.1871872e+00 8.5119083e-01 9.6083169e-01 1.0615364e+00
-1.1821822e+00 8.5583776e-01 9.6640989e-01 1.0667937e+00
-1.1771772e+00 8.6037104e-01 9.7304079e-01 1.0721237e+00
-1.1721722e+00 8.6432912e-01 9.7798855e-01 1.0771300e+00
-1.1671672e+00 8.6782548e-01 9.8201046e-01 1.0812993e+00
-1.1621622e+00 8.7100899e-01 9.8589668e-01 1.0842545e+00
-1.1571572e+00 8.7412363e-01 9.8980771e-01 1.0869336e+00
-1.1521522e+00 8.7690954e-01 9.9271600e-01 1.0900955e+00
-1.1471471e+00 8.7913366e-01 9.9519974e-01 1.0929364e+00
-1.1421421e+00 8.8085240e-01 9.9746456e-01 1.0955298e+00
-1.1371371e+00 8.8165716e-01 9.9882436e-01 1.0972094e+00
-1.1321321e+00 8.8222860e-01 9.9973710e-01 1.0986421e+00
-1.1271271e+00 8.8242869e-01 1.0000000e+00 1.0995384e+00
-1.1221221e+00 8.8222388e-01 9.9971433e-01 1.1001995e+00
-1.1171171e+00 8.8120894e-01 9.9904166e-01 1.1001797e+00
-1.1121121e+00 8.8008184e-01 9.9758353e-01 1.0996878e+00
-1.1071071e+00 8.7839880e-01 9.9584516e-01 1.0989298e+00
-1.1021021e+00 8.7622429e-01 9.9356404e-01 1.0979000e+00
-1.0970971e+00 8.7417963e-01 9.9118359e-01 1.0962672e+00
-1.0920921e+00 8.7138217e-01 9.8851938e-01 1.0941073e+00
-1.0870871e+00 8.6824614e-01 9.8565155e-01 1.0917408e+00
-1.0820821e+00 8.6506577e-01 9.8269268e-01 1.0889292e+00
-1.0770771e+00 8.6152062e-01 9.7972344e-01 1.0859878e+00
-1.0720721e+00 8.5795965e-01 9.7637723e-01 1.0823269e+00
-1.0670671e+00 8.5315534e-01 9.7293081e-01 1.0785699e+00
-1.0620621e+00 8.4881673e-01 9.6922327e-01 1.0743200e+00
-1.0570571e+00 8.4358028e-01 9.6501862e-01 1.0694001e+00
-1.0520521e+00 8.3870096e-01 9.6054263e-01 1.0643803e+00
-1.0470470e+00 8.3224366e-01 9.5511388e-01 1.0582531e+00
-1.0420420e+00 8.2602055e-01 9.4971916e-01 1.0519676e+00
-1.0370370e+00 8.1948724e-01 9.4349303e-01 1.0455760e+00
-1.0320320e+00 8.1257718e-01 9.3695178e-01 1.0385297e+00
-1.0270270e+00 8.0507610e-01 9.3019525e-01 1.0315064e+00
-1.0220220e+00 7.9753199e-01 9.2240584e-01 1.0237370e+00
-1.0170170e+00 7.8908523e-01 9.1431056e-01 1.0160458e+00
-1.0120120e+00 7.8086885e-01 9.0588750e-01 1.0082643e+00
-1.0070070e+00 7.7227830e-01 8.9733352e-01 1.0000191e+00
-1.0020020e+00 7.6284786e-01 8.8809033e-01 9.9182110e-01
-9.9699700e-01 7.5383839e-01 8.7867446e-01 9.8285713e-01
-9.9199199e-01 7.4373515e-01 8.6930718e-01 9.7408722e-01
-9.8698699e-01 7.3373964e-01 8.5925556e-01 9.6488129e-01
-9.8198198e-01 7.2371335e-01 8.4901411e-01 9.5569436e-01
-9.7697698e-01 7.1294756e-01 8.3853271e-01 9.4592157e-01
-9.7197197e-01 7.0241078e-01 8.2757955e-01 9.3648573e-01
-9.6696697e-01 6.9186230e-01 8.1646184e-01 9.2664489e-01
-9.6196196e-01 6.8075888e-01 8.0507123e-01 9.1599841e-01
-9.5695696e-01 6.6927933e-01 7.9340831e-01 9.0591032e-01
-9.5195195e-01 6.5795862e-01 7.8196905e-01 8.9495571e-01
-9.4694695e-01 6.4691601e-01 7.7018151e-01 8.8358651e-01
-9.4194194e-01 6.3551620e-01 7.5796941e-01 8.7229970e-01
-9.3693694e-01 6.2376385e-01 7.4604525e-01 8.6127409e-01
-9.3193193e-01 6.1207592e-01 7.3396955e-01 8.5009802e-01
-9.2692693e-01 6.0058585e-01 7.2173218e-01 8.3856612e-01
-9.2192192e-01 5.8898016e-01 7.0953019e-01 8.2644858e-01
-9.1691692e-01 5.7707046e-01 6.9742882e-01 8.1459969e-01
-9.1191191e-01 5.6551728e-01 6.8495982e-01 8.0264513e-01
-9.0690691e-01 5.5364604e-01 6.7241288e-01 7.9024007e-01
-9.0190190e-01 5.4153557e-01 6.6013877e-01 7.7763068e-01
-8.9689690e-01 5.2953692e-01 6.4756393e-01 7.6516266e-01
-8.9189189e-01 5.1773214e-01 6.3480958e-01 7.5240652e-01
-8.8688689e-01 5.0557475e-01 6.2199253e-01 7.3986869e-01
-8.8188188e-01 4.9335328e-01 6.0933347e-01 7.2692441e-01
-8.7687688e-01 4.8159373e-01 5.9666248e-01 7.1409881e-01
-8.7187187e-01 4.6995449e-01 5.8399075e-01 7.0103788e-01
-8.6686687e-01 4.5807786e-01 5.7142948e-01 6.8779447e-01
-8.6186186e-01 4.4658165e-01 5.5868928e-01 6.7481440e-01
-8.5685686e-01 4.3548514e-01 5.4608894e-01 6.6160670e-01
-8.5185185e-01 4.2401855e-01 5.3351301e-01 6.4885367e-01
-8.4684685e-01 4.1268110e-01 5.2122154e-01 6.3589224e-01
-8.4184184e-01 4.0152267e-01 5.0904151e-01 6.2219206e-01
-8.3683684e-01 3.9056871e-01 4.9661702e-01 6.0944175e-01
-8.3183183e-01 3.7934203e-01 4.8454259e-01 5.9623759e-01
-8.2682683e-01 3.6848806e-01 4.7229856e-01 5.8304254e-01
-8.2182182e-01 3.5771990e-01 4.6041587e-01 5.7031900e-01
-8.1681682e-01 3.4715298e-01 4.4856982e-01 5.5685520e-01
-8.1181181e-01 3.3673367e-01 4.3653648e-01 5.4383640e-01
-8.0680681e-01 3.2634582e-01 4.2504404e-01 5.3111591e-01
-8.0180180e-01 3.1632650e-01 4.1354602e-01 5.1809926e-01
-7.9679680e-01 3.0652542e-01 4.0234461e-01 5.0543489e-01
-7.9179179e-01 2.9683374e-01 3.9115109e-01 4.9294049e-01
-7.8678679e-01 2.8723749e-01 3.8008587e-01 4.8039683e-01
-7.8178178e-01 2.7801302e-01 3.6927816e-01 4.6768746e-01
-7.7677678e-01 2.6914017e-01 3.5833162e-01 4.5546347e-01
-7.7177177e-01 2.6007669e-01 3.4743074e-01 4.4343900e-01
-7.6676677e-01 2.5112201e-01 3.3686568e-01 4.3132997e-01
-7.6176176e-01 2.4257532e-01 3.2659928e-01 4.1928123e-01
-7.5675676e-01 2.3403049e-01 3.1658342e-01 4.0733819e-01
-7.5175175e-01 2.2577719e-01 3.0685977e-01 3.9597477e-01
-7.4674675e-01 2.1778075e-01 2.9713010e-01 3.8464255e-01
-7.4174174e-01 2.0994759e-01 2.8746195e-01 3.7341806e-01
-7.3673674e-01 2.0202409e-01 2.7788091e-01 3.6219603e-01
-7.3173173e-01 1.9446700e-01 2.6875414e-01 3.5126429e-01
-7.2672673e-01 1.8718658e-01 2.5985221e-01 3.4038878e-01
-7.2172172e-01 1.7991810e-01 2.5110190e-01 3.2962257e-01
-7.1671672e-01 1.7299252e-01 2.4248903e-01 3.1911321e-01
-7.1171171e-01 1.6636988e-01 2.3399356e-01 3.0872870e-01
-7.0670671e-01 1.5984761e-01 2.2574994e-01 2.9851081e-01
-7.0170170e-01 1.5345406e-01 2.1775413e-01 2.8882476e-01
-6.9669670e-01 1.4712658e-01 2.0995640e-01 2.7919576e-01
-6.9169169e-01 1.4128171e-01 2.0221233e-01 2.6955760e-01
-6.8668669e-01 1.3537294e-01 1.9462543e-01 2.6026984e-01
-6.8168168e-01 1.2969133e-01 1.8733323e-01 2.5123354e-01
-6.7667668e-01 1.2430100e-01 1.8018167e-01 2.4228399e-01
-6.7167167e-01 1.1908414e-01 1.7325527e-01 2.3369680e-01
-6.6666667e-01 1.1397306e-01 1.6650604e-01 2.2531807e-01
-6.6166166e-01 1.0900702e-01 1.5999969e-01 2.1709816e-01
-6.5665666e-01 1.0425278e-01 1.5366966e-01 2.0894048e-01
-6.5165165e-01 9.9611880e-02 1.4747673e-01 2.0112235e-01
-6.4664665e-01 9.5224515e-02 1.4148697e-01 1.9327141e-01
-6.4164164e-01 9.0879348e-02 1.3568717e-01 1.8574464e-01
-6.3663664e-01 8.6829222e-02 1.3006238e-01 1.7848759e-01
-6.3163163e-01 8.2843308e-02 1.2460628e-01 1.7152873e-01
-6.2662663e-01 7.8996307e-02 1.1935350e-01 1.6468031e-01
-6.2162162e-01 7.5282001e-02 1.1423758e-01 1.5799388e-01
-6.1661662e-01 7.1664543e-02 1.0927503e-01 1.5150285e-01
-6.1161161e-01 6.8275658e-02 1.0451657e-01 1.4524416e-01
-6.0660661e-01 6.4999444e-02 9.9895026e-02 1.3918463e-01
-6.0160160e-01 6.1899540e-02 9.5389624e-02 1.3321558e-01
-5.9659660e-01 5.8875029e-02 9.1073903e-02 1.2746111e-01
-5.9159159e-01 5.5957096e-02 8.6870807e-02 1.2195438e-01
-5.8658659e-01 5.3178590e-02 8.2892361e-02 1.1659253e-01
-5.8158158e-01 5.0519624e-02 7.9043830e-02 1.1136427e-01
-5.7657658e-01 4.7949279e-02 7.5320792e-02 1.0642321e-01
-5.7157157e-01 4.5466855e-02 7.1726980e-02 1.0158417e-01
-5.6656657e-01 4.3117158e-02 6.8265690e-02 9.6919968e-02
-5.6156156e-01 4.0901991e-02 6.4968522e-02 9.2422773e-02
-5.5655656e-01 3.8768560e-02 6.1819879e-02 8.8094813e-02
-5.5155155e-01 3.6714617e-02 5.8766206e-02 8.3924489e-02
-5.4654655e-01 3.4760972e-02 5.5843154e-02 7.9917930e-02
-5.4154154e-01 3.2918334e-02 5.3040279e-02 7.6060781e-02
-5.3653654e-01 3.1159372e-02 5.0354922e-02 7.2367508e-02
-5.3153153e-01 2.9447566e-02 4.7764284e-02 6.8800551e-02
-5.2652653e-01 2.7853732e-02 4.5296276e-02 6.5381084e-02
-5.2152152e-01 2.6330733e-02 4.2944315e-02 6.2082672e-02
-5.1651652e-01 2.4865309e-02 4.0700470e-02 5.8927589e-02
-5.1151151e-01 2.3455266e-02 3.8544649e-02 5.5895078e-02
-5.0650651e-01 2.2117357e-02 3.6490649e-02 5.3012911e-02
-5.0150150e-01 2.0856343e-02 3.4526776e-02 5.0233947e-02
-4.9649650e-01 1.9669147e-02 3.2654638e-02 4.7577638e-02
-4.9149149e-01 1.8530545e-02 3.0852438e-02 4.5050328e-02
-4.8648649e-01 1.7450352e-02 2.9165155e-02 4.2634372e-02
-4.8148148e-01 1.6423277e-02 2.7546233e-02 4.0348470e-02
-4.7647648e-01 1.5449429e-02 2.5991772e-02 3.8136435e-02
-4.7147147e-01 1.4536303e-02 2.4530692e-02 3.6026123e-02
-4.6646647e-01 1.3649005e-02 2.3130070e-02 3.4026275e-02
-4.6146146e-01 1.2828435e-02 2.1798431e-02 3.2131198e-02
-4.5645646e-01 1.2046195e-02 2.0537242e-02 3.0297408e-02
-4.5145145e-01 1.1308178e-02 1.9347224e-02 2.8575201e-02
-4.4644645e-01 1.0607549e-02 1.8211753e-02 2.6926975e-02
-4.4144144e-01 9.9477273e-03 1.7127072e-02 2.5358037e-02
-4.3643644e-01 9.3295908e-03 1.6093737e-02 2.3878051e-02
-4.3143143e-01 8.7368279e-03 1.5125771e-02 2.2480750e-02
-4.2642643e-01 8.1790313e-03 1.4216767e-02 2.1140274e-02
-4.2142142e-01 7.6598793e-03 1.3348254e-02 1.9872671e-02
-4.1641642e-01 7.1744133e-03 1.2517993e-02 1.8671733e-02
-4.1141141e-01 6.7049275e-03 1.1741575e-02 1.7538262e-02
-4.0640641e-01 6.2678119e-03 1.1010257e-02 1.6467216e-02
-4.0140140e-01 5.8655480e-03 1.0317439e-02 1.5445563e-02
-3.9639640e-01 5.4748703e-03 9.6551349e-03 1.4488533e-02
-3.9139139e-01 5.1113160e-03 9.0418852e-03 1.3576933e-02
-3.8638639e-01 4.7710195e-03 8.4585706e-03 1.2718357e-02
-3.8138138e-01 4.4542301e-03 7.9107730e-03 1.1907486e-02
-3.7637638e-01 4.1534202e-03 7.3971395e-03 1.1143197e-02
-3.7137137e-01 3.8715344e-03 6.9117441e-03 1.0420855e-02
-3.6636637e-01 3.6090799e-03 6.4543583e-03 9.7401461e-03
-3.6136136e-01 3.3627875e-03 6.0257580e-03 9.0951805e-03
-3.5635636e-01 3.1323494e-03 5.6188448e-03 8.4969363e-03
-3.5135135e-01 2.9159811e-03 5.2408993e-03 7.9314983e-03
-3.4634635e-01 2.7098127e-03 4.8853676e-03 7.3952330e-03
-3.4134134e-01 2.5210137e-03 4.5504866e-03 6.8918668e-03
-3.3633634e-01 2.3439387e-03 4.2379345e-03 6.4206626e-03
-3.3133133e-01 2.1786685e-03 3.9447814e-03 5.9829906e-03
-3.2632633e-01 2.0237692e-03 3.6678346e-03 5.5691482e-03
-3.2132132e-01 1.8789926e-03 3.4112102e-03 5.1830358e-03
-3.1631632e-01 1.7437746e-03 3.1702829e-03 4.8181430e-03
-3.1131131e-01 1.6174123e-03 2.9455280e-03 4.4766963e-03
-3.0630631e-01 1.5003364e-03 2.7345705e-03 4.1570647e-03
-3.0130130e-01 1.3907458e-03 2.5387288e-03 3.8600040e-03
-2.9629630e-01 1.2874838e-03 2.3548630e-03 3.5814892e-03
-2.9129129e-01 1.1915948e-03 2.1835128e-03 3.3213559e-03
-2.8628629e-01 1.1025491e-03 2.0236120e-03 3.0773882e-03
-2.8128128e-01 1.0199465e-03 1.8744371e-03 2.8508750e-03
-2.7627628e-01 9.4336902e-04 1.7353530e-03 2.6393333e-03
-2.7127127e-01 8.7092264e-04 1.6059778e-03 2.4418149e-03
-2.6626627e-01 8.0394174e-04 1.4850494e-03 2.2580076e-03
-2.6126126e-01 7.4196989e-04 1.3727035e-03 2.0862466e-03
-2.5625626e-01 6.8482672e-04 1.2691056e-03 1.9265385e-03
-2.5125125e-01 6.3105266e-04 1.1719675e-03 1.7791569e-03
-2.4624625e-01 5.8149721e-04 1.0818161e-03 1.6419350e-03
-2.4124124e-01 5.3562110e-04 9.9829644e-04 1.5138764e-03
-2.3623624e-01 4.9301408e-04 9.2036125e-04 1.3950698e-03
-2.3123123e-01 4.5377386e-04 8.4823827e-04 1.2854716e-03
-2.2622623e-01 4.1731847e-04 7.8138776e-04 1.1833645e-03
-2.2122122e-01 3.8349260e-04 7.1941540e-04 1.0887919e-03
-2.1621622e-01 3.5219870e-04 6.6205688e-04 1.0012972e-03
-2.1121121e-01 3.2348455e-04 6.0880138e-04 9.2089247e-04
-2.0620621e-01 2.9684346e-04 5.5978590e-04 8.4625441e-04
-2.0120120e-01 2.7229836e-04 5.1434851e-04 7.7701636e-04
-1.9619620e-01 2.4961540e-04 4.7248084e-04 7.1324295e-04
-1.9119119e-01 2.2876068e-04 4.3367128e-04 6.5437242e-04
-1.8618619e-01 2.0940632e-04 3.9798162e-04 6.0029483e-04
-1.8118118e-01 1.9187144e-04 3.6485908e-04 5.5004456e-04
-1.7617618e-01 1.7554963e-04 3.3427643e-04 5.0402762e-04
-1.7117117e-01 1.6057845e-04 3.0611168e-04 4.6160356e-04
-1.6616617e-01 1.4675752e-04 2.8018607e-04 4.2228530e-04
-1.6116116e-01 1.3414904e-04 2.5640404e-04 3.8626483e-04
-1.5615616e-01 1.2245834e-04 2.3441385e-04 3.5320230e-04
-1.5115115e-01 1.1175377e-04 2.1420689e-04 3.2271726e-04
-1.4614615e-01 1.0193822e-04 1.9565866e-04 2.9486889e-04
-1.4114114e-01 9.2949126e-05 1.7858762e-04 2.6920067e-04
-1.3613614e-01 8.4634382e-05 1.6288283e-04 2.4568504e-04
-1.3113113e-01 7.7098497e-05 1.4847669e-04 2.2412548e-04
-1.2612613e-01 7.0158693e-05 1.3526059e-04 2.0434386e-04
-1.2112112e-01 6.3772138e-05 1.2319190e-04 1.8619596e-04
-1.1611612e-01 5.7999335e-05 1.1212755e-04 1.6961156e-04
-1.1111111e-01 5.2668707e-05 1.0195825e-04 1.5440959e-04
-1.0610611e-01 4.7832779e-05 9.2683637e-05 1.4052087e-04
-1.0110110e-01 4.3405333e-05 8.4190871e-05 1.2775578e-04
-9.6096096e-02 3.9375133e-05 7.6449039e-05 1.1611545e-04
-9.1091091e-02 3.5699423e-05 6.9362326e-05 1.0548482e-04
-8.6086086e-02 3.2335951e-05 6.2907786e-05 9.5796799e-05
-8.1081081e-02 2.9275448e-05 5.7027468e-05 8.6949349e-05
-7.6076076e-02 2.6475836e-05 5.1664385e-05 7.8883344e-05
-7.1071071e-02 2.3941364e-05 4.6793078e-05 7.1515617e-05
-6.6066066e-02 2.1635463e-05 4.2343360e-05 6.4814090e-05
-6.1061061e-02 1.9537926e-05 3.8304211e-05 5.8710393e-05
-5.6056056e-02 1.7633551e-05 3.4622908e-05 5.3168554e-05
-5.1051051e-02 1.5908247e-05 3.1290238e-05 4.8104940e-05
-4.6046046e-02 1.4343461e-05 2.8258455e-05 4.3516409e-05
-4.1041041e-02 1.2925851e-05 2.5510148e-05 3.9340075e-05
-3.6036036e-02 1.1642273e-05 2.3014349e-05 3.5528940e-05
-3.1031031e-02 1.0480685e-05 2.0752156e-05 3.2093001e-05
-2.6026026e-02 9.4300645e-06 1.8708029e-05 2.8969999e-05
-2.1021021e-02 8.4801989e-06 1.6852201e-05 2.6140743e-05
-1.6016016e-02 7.6217589e-06 1.5176899e-05 2.3574450e-05
-1.1011011e-02 6.8466445e-06 1.3657619e-05 2.1246376e-05
-6.0060060e-03 6.1471473e-06 1.2287969e-05 1.9140507e-05
-1.0010010e-03 5.5162326e-06 1.1049911e-05 1.7232263e-05
4.0040040e-03 4.9476744e-06 9.9312564e-06 1.5503803e-05
9.0090090e-03 4.4355340e-06 8.9188430e-06 1.3936683e-05
1.4014014e-02 3.9743156e-06 8.0067349e-06 1.2519518e-05
1.9019019e-02 3.5591831e-06 7.1845816e-06 1.1242974e-05
2.4024024e-02 3.1857356e-06 6.4433852e-06 1.0093942e-05
2.9029029e-02 2.8499709e-06 5.7755484e-06 9.0548686e-06
3.4034034e-02 2.5482518e-06 5.1741478e-06 8.1175302e-06
3.9039039e-02 2.2772742e-06 4.6328779e-06 7.2749245e-06
4.4044044e-02 2.0340391e-06 4.1459994e-06 6.5154051e-06
4.9049049e-02 1.8158257e-06 3.7082921e-06 5.8311770e-06
5.4054054e-02 1.6201670e-06 3.3150105e-06 5.2157453e-06
5.9059059e-02 1.4448278e-06 2.9618434e-06 4.6632396e-06
6.4064064e-02 1.2877839e-06 2.6448768e-06 4.1651588e-06
6.9069069e-02 1.1472032e-06 2.3605594e-06 3.7181522e-06
7.4074074e-02 1.0214287e-06 2.1056709e-06 3.3163357e-06
7.9079079e-02 9.0896273e-07 1.8772931e-06 2.9561747e-06
8.4084084e-02 8.0845206e-07 1.6727832e-06 2.6336936e-06
8.9089089e-02 7.1867504e-07 1.4897599e-06 2.3451138e-06
9.4094094e-02 6.3849194e-07 1.3260571e-06 2.0870175e-06
9.9099099e-02 5.6695375e-07 1.1796964e-06 1.8563153e-06
1.0410410e-01 5.0316516e-07 1.0489223e-06 1.6502162e-06
1.0910911e-01 4.4631770e-07 9.3214201e-07 1.4662005e-06
1.1411411e-01 3.9568370e-07 8.2791642e-07 1.3019950e-06
1.1911912e-01 3.5060862e-07 7.3494785e-07 1.1555498e-06
1.2412412e-01 3.1050409e-07 6.5206725e-07 1.0250177e-06
1.2912913e-01 2.7484349e-07 5.7822268e-07 9.0873530e-07
1.3413413e-01 2.4314935e-07 5.1229177e-07 8.0520558e-07
1.3913914e-01 2.1499611e-07 4.5370977e-07 7.1308198e-07
1.4414414e-01 1.9000277e-07 4.0141289e-07 6.3115414e-07
1.4914915e-01 1.6782676e-07 3.5493196e-07 5.5833478e-07
1.5415415e-01 1.4816632e-07 3.1348625e-07 4.9364777e-07
1.5915916e-01 1.3074084e-07 2.7657404e-07 4.3621733e-07
1.6416416e-01 1.1530089e-07 2.4387743e-07 3.8525818e-07
1.6916917e-01 1.0163022e-07 2.1493100e-07 3.4006664e-07
1.7417417e-01 8.9532720e-08 1.8931879e-07 3.0001251e-07
1.7917918e-01 7.8833230e-08 1.6666928e-07 2.6453179e-07
1.8418418e-01 6.9374231e-08 1.4665070e-07 2.3312000e-07
1.8918919e-01 6.1017293e-08 1.2896560e-07 2.0532618e-07
1.9419419e-01 5.3638472e-08 1.1335246e-07 1.8074748e-07
1.9919920e-01 4.7126754e-08 9.9576139e-08 1.5902422e-07
2.0420420e-01 4.1383420e-08 8.7427262e-08 1.3983549e-07
2.0920921e-01 3.6320600e-08 7.6719487e-08 1.2289511e-07
2.1421421e-01 3.1860358e-08 6.7287080e-08 1.0796061e-07
2.1921922e-01 2.7932848e-08 5.8982723e-08 9.4789957e-08
2.2422422e-01 2.4477154e-08 5.1675545e-08 8.3202730e-08
2.2922923e-01 2.1436708e-08 4.5249354e-08 7.2978264e-08
2.3423423e-01 1.8764210e-08 3.9601055e-08 6.3961699e-08
2.3923924e-01 1.6416434e-08 3.4639222e-08 5.6029838e-08
2.4424424e-01 1.4354729e-08 3.0282831e-08 4.9079217e-08
2.4924925e-01 1.2545235e-08 2.6464118e-08 4.2950764e-08
2.5425425e-01 1.0957971e-08 2.3117718e-08 3.7569092e-08
2.5925926e-01 9.5664094e-09 2.0184981e-08 3.2846977e-08
2.6426426e-01 8.3470925e-09 1.7619761e-08 2.8703579e-08
2.6926927e-01 7.2792874e-09 1.5369485e-08 2.5069738e-08
2.7427427e-01 6.3446815e-09 1.3405187e-08 2.1880514e-08
2.7927928e-01 5.5271094e-09 1.1692647e-08 1.9095321e-08
2.8428428e-01 4.8123090e-09 1.0196342e-08 1.6649295e-08
2.8928929e-01 4.1877054e-09 8.8865628e-09 1.4514018e-08
2.9429429e-01 3.6422172e-09 7.7421658e-09 1.2646060e-08
2.9929930e-01 3.1660848e-09 6.7414909e-09 1.1012167e-08
3.0430430e-01 2.7507055e-09 5.8671453e-09 9.5829419e-09
3.0930931e-01 2.3885409e-09 5.1034352e-09 8.3359974e-09
3.1431431e-01 2.0729339e-09 4.4367318e-09 7.2474660e-09
3.1931932e-01 1.7980495e-09 3.8550369e-09 6.2976634e-09
3.2432432e-01 1.5587882e-09 3.3477934e-09 5.4693703e-09
3.2932933e-01 1.3506397e-09 2.9057180e-09 4.7474435e-09
3.3433433e-01 1.1696587e-09 2.5206523e-09 4.1185737e-09
3.3933934e-01 1.0123758e-09 2.1854308e-09 3.5710705e-09
3.4434434e-01 8.7577410e-10 1.8937636e-09 3.0946713e-09
3.4934935e-01 7.5719741e-10 1.6401329e-09 2.6803723e-09
3.5435435e-01 6.5432328e-10 1.4197008e-09 2.3202789e-09
3.5935936e-01 5.6512361e-10 1.2282284e-09 2.0074729e-09
3.6436436e-01 4.8782570e-10 1.0620033e-09 1.7358957e-09
3.6936937e-01 4.2087062e-10 9.1777677e-10 1.5002442e-09
3.7437437e-01 3.6291026e-10 7.9270689e-10 1.2958796e-09
3.7937938e-01 3.1276405e-10 6.8430950e-10 1.1187465e-09
3.8438438e-01 2.6940215e-10 5.9041426e-10 9.6530172e-10
3.8938939e-01 2.3192792e-10 5.0912615e-10 8.3245117e-10
3.9439439e-01 1.9956127e-10 4.3879154e-10 7.1749478e-10
3.9939940e-01 1.7161943e-10 3.7791667e-10 6.1807758e-10
4.0440440e-01 1.4751065e-10 3.2532868e-10 5.3214683e-10
4.0940941e-01 1.2672035e-10 2.7991923e-10 4.5791429e-10
4.1441441e-01 1.0880161e-10 2.4071321e-10 3.9382303e-10
4.1941942e-01 9.3365273e-11 2.0689829e-10 3.3851835e-10
4.2442442e-01 8.0075591e-11 1.7773702e-10 2.9082215e-10
4.2942943e-01 6.8641123e-11 1.5260294e-10 2.4971055e-10
4.3443443e-01 5.8807880e-11 1.3095192e-10 2.1429420e-10
4.3943944e-01 5.0356111e-11 1.1231165e-10 1.8380108e-10
4.4444444e-01 4.3095803e-11 9.6272366e-11 1.5756139e-10
4.4944945e-01 3.6862415e-11 8.2478814e-11 1.3499435e-10
4.5445445e-01 3.1513705e-11 7.0623145e-11 1.1558899e-10
4.5945946e-01 2.6926559e-11 6.0438762e-11 9.8908367e-11
4.6446446e-01 2.2994632e-11 5.1694925e-11 8.4593038e-11
4.6946947e-01 1.9626104e-11 4.4192043e-11 7.2313472e-11
4.7447447e-01 1.6742007e-11 3.7757570e-11 6.1786790e-11
4.7947948e-01 1.4274029e-11 3.2242431e-11 5.2765449e-11
4.8448448e-01 1.2163271e-11 2.7517900e-11 4.5036799e-11
4.8948949e-01 1.0359155e-11 2.3472887e-11 3.8419281e-11
4.9449449e-01 8.8179022e-12 2.0011584e-11 3.2756297e-11
4.9949950e-01 7.5019068e-12 1.7051403e-11 2.7912850e-11
5.0450450e-01 6.3788659e-12 1.4521198e-11 2.3772638e-11
5.0950951e-01 5.4210159e-12 1.2359715e-11 2.0235520e-11
5.1451451e-01 4.6045082e-12 1.0514245e-11 1.7215322e-11
5.1951952e-01 3.9088695e-12 8.9394614e-12 1.4637930e-11
5.2452452e-01 3.3165335e-12 7.5964070e-12 1.2439645e-11
5.2952953e-01 2.8124191e-12 6.4516187e-12 1.0565742e-11
5.3453453e-01 2.3836310e-12 5.4763693e-12 8.9692425e-12
5.3953954e-01 2.0191260e-12 4.6460119e-12 7.6098350e-12
5.4454454e-01 1.7094373e-12 3.9394125e-12 6.4529517e-12
5.4954955e-01 1.4464661e-12 3.3384595e-12 5.4689667e-12
5.5455455e-01 1.2232878e-12 2.8276411e-12 4.6325042e-12
5.5955956e-01 1.0339964e-12 2.3936792e-12 3.9218320e-12
5.6456456e-01 8.7352325e-13 2.0252148e-12 3.3183778e-12
5.6956957e-01 7.3755599e-13 1.7125360e-12 2.8062500e-12
5.7457457e-01 6.2241571e-13 1.4473440e-12 2.3718335e-12
5.7957958e-01 5.2496593e-13 1.2225518e-12 2.0035217e-12
5.8458458e-01 4.4253403e-13 1.0321104e-12 1.6915561e-12
5.8958959e-01 3.7284403e-13 8.7086030e-13 1.4273913e-12
5.9459459e-01 3.1395880e-13 7.3440261e-13 1.2038247e-12
5.9959960e-01 2.6423056e-13 6.1898953e-13 1.0147218e-12
6.0460460e-01 2.2225847e-13 5.2142970e-13 8.5485858e-13
6.0960961e-01 1.8685231e-13 4.3900714e-13 7.1978883e-13
6.1461461e-01 1.5700138e-13 3.6941178e-13 6.0573052e-13
6.1961962e-01 1.3184793e-13 3.1067995e-13 5.0946848e-13
6.2462462e-01 1.1066440e-13 2.6114339e-13 4.2827102e-13
6.2962963e-01 9.2834066e-14 2.1938561e-13 3.5981856e-13
6.3463463e-01 7.7834350e-14 1.8420463e-13 3.0214256e-13
6.3963964e-01 6.5222625e-14 1.5458104e-13 2.5357342e-13
6.4464464e-01 5.4624592e-14 1.2965079e-13 2.1269585e-13
6.4964965e-01 4.5723896e-14 1.0868194e-13 1.7831085e-13
6.5465465e-01 3.8252811e-14 9.1054802e-14 1.4940322e-13
6.5965966e-01 3.1985104e-14 7.6245032e-14 1.2511207e-13
6.6466466e-01 2.6729885e-14 6.3809226e-14 1.0471393e-13
6.6966967e-01 2.2326172e-14 5.3372631e-14 8.7594565e-14
6.7467467e-01 1.8637858e-14 4.4618705e-14 7.3234085e-14
6.7967968e-01 1.5550408e-14 3.7280223e-14 6.1194552e-14
6.8468468e-01 1.2967394e-14 3.1131728e-14 5.1106442e-14
6.8968969e-01 1.0807575e-14 2.5983110e-14 4.2658140e-14
6.9469469e-01 9.0026083e-15 2.1674157e-14 3.5587014e-14
6.9969970e-01 7.4950118e-15 1.8069927e-14 2.9671845e-14
7.0470470e-01 6.2364863e-15 1.5056825e-14 2.4726398e-14
7.0970971e-01 5.1864932e-15 1.2539308e-14 2.0593987e-14
7.1471471e-01 4.3109412e-15 1.0437029e-14 1.7142863e-14
7.1971972e-01 3.5812514e-15 8.6824712e-15 1.4262301e-14
7.2472472e-01 2.9734589e-15 7.2189316e-15 1.1859303e-14
7.2972973e-01 2.4674790e-15 5.9988172e-15 9.8558011e-15
7.3473473e-01 2.0464888e-15 4.9822032e-15 8.1862975e-15
7.3973974e-01 1.6964053e-15 4.1356173e-15 6.7958917e-15
7.4474474e-01 1.4054456e-15 3.4310129e-15 5.6385663e-15
7.4974975e-01 1.1637575e-15 2.8449028e-15 4.6757819e-15
7.5475475e-01 9.6310820e-16 2.3576297e-15 3.8752802e-15
7.5975976e-01 7.9662215e-16 1.9527508e-15 3.2100800e-15
7.6476476e-01 6.5855802e-16 1.6165202e-15 2.6576145e-15
7.6976977e-01 5.4412664e-16 1.3374528e-15 2.1990311e-15
7.7477477e-01 4.4933494e-16 1.1059586e-15 1.8185867e-15
7.7977978e-01 3.7085543e-16 9.1403388e-16 1.5031416e-15
7.8478478e-01 3.0591601e-16 7.5500313e-16 1.2417352e-15
7.8978979e-01 2.5221041e-16 6.2330160e-16 1.0252300e-15
7.9479479e-01 2.0782035e-16 5.1429315e-16 8.4601270e-16
7.9979980e-01 1.7115081e-16 4.2411756e-16 6.9774327e-16
8.0480480e-01 1.4087507e-16 3.4956245e-16 5.7514538e-16
8.0980981e-01 1.1589208e-16 2.8795610e-16 4.7383029e-16
8.1481481e-01 9.5287875e-17 2.3707775e-16 3.9014963e-16
8.1981982e-01 7.8304190e-17 1.9508248e-16 3.2107224e-16
8.2482482e-01 6.4312464e-17 1.6043856e-16 2.6408122e-16
8.2982983e-01 5.2792147e-17 1.3187491e-16 2.1708781e-16
8.3483483e-01 4.3311918e-17 1.0833744e-16 1.7835962e-16
8.3983984e-01 3.5514833e-17 8.8952457e-17 1.4646060e-16
8.4484484e-01 2.9105700e-17 7.2996202e-17 1.2020104e-16
8.4984985e-01 2.3840198e-17 5.9869486e-17 9.8595891e-17
8.5485485e-01 1.9516624e-17 4.9076518e-17 8.0829994e-17
8.5985986e-01 1.5968530e-17 4.0207298e-17 6.6229186e-17
8.6486486e-01 1.3058394e-17 3.2922967e-17 5.4236221e-17
8.6986987e-01 1.0672805e-17 2.6943621e-17 4.4390759e-17
8.7487487e-01 8.7182909e-18 2.2038188e-17 3.6312724e-17
8.7987988e-01 7.1178378e-18 1.8016015e-17 2.9688498e-17
8.8488488e-01 5.8080288e-18 1.4719887e-17 2.4259437e-17
8.8988989e-01 4.7366726e-18 1.2020240e-17 1.9812366e-17
8.9489489e-01 3.8608408e-18 9.8103547e-18 1.6171677e-17
8.9989990e-01 3.1452439e-18 8.0023799e-18 1.3192797e-17
9.0490490e-01 2.5608876e-18 6.5240385e-18 1.0756767e-17
9.0990991e-01 2.0839637e-18 5.3158994e-18 8.7657642e-18
9.1491491e-01 1.6949326e-18 4.3291225e-18 7.1393861e-18
9.1991992e-01 1.3777772e-18 3.5235941e-18 5.8115909e-18
9.2492492e-01 1.1193620e-18 2.8663865e-18 4.7281612e-18
9.2992993e-01 9.0892127e-19 2.3304860e-18 3.8446126e-18
9.3493493e-01 7.3764229e-19 1.8937433e-18 3.1244671e-18
9.3993994e-01 5.9831400e-19 1.5380079e-18 2.5378292e-18
9.4494494e-01 4.8503863e-19 1.2484148e-18 2.0602119e-18
9.4994995e-01 3.9299430e-19 1.0127963e-18 1.6715695e-18
9.5495495e-01 3.1824417e-19 8.2119845e-19 1.3555016e-18
9.5995996e-01 2.5757210e-19 6.6548305e-19 1.0985976e-18
9.6496496e-01 2.0835357e-19 5.3899995e-19 8.8989818e-19
9.6996997e-01 1.6844846e-19 4.3631815e-19 7.2045195e-19
9.7497497e-01 1.3611182e-19 3.5300486e-19 5.8295194e-19
9.7997998e-01 1.0992294e-19 2.8544399e-19 4.7143683e-19
9.8498498e-01 8.8724720e-20 2.3068745e-19 3.8104589e-19
9.8998999e-01 7.1575482e-20 1.8633303e-19 3.0781804e-19
9.9499499e-01 5.7709561e-20 1.5042449e-19 2.4852717e-19
1.0000000e+00 4.6504502e-20 1.2136964e-19 2.0054723e-19
