X KDE_INF KDE_MED KDE_SUP
-4.0000000e+00 1.2114877e-16 1.8769801e-14 3.7418453e-14
-3.9949950e+00 1.4722186e-16 2.2479445e-14 4.4811669e-14
-3.9899900e+00 1.7880846e-16 2.6907575e-14 5.3636343e-14
-3.9849850e+00 2.1705324e-16 3.2190417e-14 6.4163781e-14
-3.9799800e+00 2.6333399e-16 3.8489451e-14 7.6715568e-14
-3.9749750e+00 3.1930815e-16 4.5995983e-14 9.1672657e-14
-3.9699700e+00 3.8696843e-16 5.4936524e-14 1.0948608e-13
-3.9649650e+00 4.6870925e-16 6.5579115e-14 1.3068952e-13
-3.9599600e+00 5.6740603e-16 7.8240754e-14 1.5591410e-13
-3.9549550e+00 6.8650992e-16 9.3296129e-14 1.8590575e-13
-3.9499499e+00 8.3016063e-16 1.1118785e-13 2.2154555e-13
-3.9449449e+00 1.0033210e-15 1.3243849e-13 2.6387365e-13
-3.9399399e+00 1.2119372e-15 1.5766461e-13 3.1411728e-13
-3.9349349e+00 1.4631295e-15 1.8759332e-13 3.7372352e-13
-3.9299299e+00 1.7654192e-15 2.2308157e-13 4.4439773e-13
-3.9249249e+00 2.1289987e-15 2.6513875e-13 5.2814851e-13
-3.9199199e+00 2.5660516e-15 3.1495311e-13 6.2734017e-13
-3.9149149e+00 3.0911339e-15 3.7392267e-13 7.4475421e-13
-3.9099099e+00 3.7216257e-15 4.4369128e-13 8.8366095e-13
-3.9049049e+00 4.4782674e-15 5.2619076e-13 1.0479033e-12
-3.8998999e+00 5.3857947e-15 6.2368999e-13 1.2419942e-12
-3.8948949e+00 6.4736917e-15 7.3885221e-13 1.4712307e-12
-3.8898899e+00 7.7770819e-15 8.7480172e-13 1.7418264e-12
-3.8848849e+00 9.3377831e-15 1.0352016e-12 2.0610655e-12
-3.8798799e+00 1.1205554e-14 1.2243443e-12 2.4374830e-12
-3.8748749e+00 1.3439569e-14 1.4472563e-12 2.8810730e-12
-3.8698699e+00 1.6110157e-14 1.7098210e-12 3.4035318e-12
-3.8648649e+00 1.9300861e-14 2.0189202e-12 4.0185396e-12
-3.8598599e+00 2.3110855e-14 2.3825992e-12 4.7420876e-12
-3.8548549e+00 2.7657811e-14 2.8102579e-12 5.5928580e-12
-3.8498498e+00 3.3081259e-14 3.3128724e-12 6.5926636e-12
-3.8448448e+00 3.9546560e-14 3.9032521e-12 7.7669579e-12
-3.8398398e+00 4.7249567e-14 4.5963373e-12 9.1454252e-12
-3.8348348e+00 5.6422120e-14 5.4095429e-12 1.0762664e-11
-3.8298298e+00 6.7338497e-14 6.3631572e-12 1.2658976e-11
-3.8248248e+00 8.0322993e-14 7.4808020e-12 1.4881281e-11
-3.8198198e+00 9.5758822e-14 8.7899642e-12 1.7484170e-11
-3.8148148e+00 1.1409856e-13 1.0322610e-11 2.0531121e-11
-3.8098098e+00 1.3587638e-13 1.2115891e-11 2.4095906e-11
-3.8048048e+00 1.6172241e-13 1.4212965e-11 2.8264209e-11
-3.7997998e+00 1.9237955e-13 1.6663934e-11 3.3135489e-11
-3.7947948e+00 2.2872312e-13 1.9526926e-11 3.8825130e-11
-3.7897898e+00 2.7178385e-13 2.2869346e-11 4.5466910e-11
-3.7847848e+00 3.2277486e-13 2.6769309e-11 5.3215845e-11
-3.7797798e+00 3.8312297e-13 3.1317286e-11 6.2251452e-11
-3.7747748e+00 4.5450548e-13 3.6618003e-11 7.2781505e-11
-3.7697698e+00 5.3889296e-13 4.2792611e-11 8.5046334e-11
-3.7647648e+00 6.3859916e-13 4.9981182e-11 9.9323770e-11
-3.7597598e+00 7.5633923e-13 5.8345569e-11 1.1593480e-10
-3.7547548e+00 8.9529747e-13 6.8072684e-11 1.3525008e-10
-3.7497497e+00 1.0592063e-12 7.9378251e-11 1.5769730e-10
-3.7447447e+00 1.2524378e-12 9.2511101e-11 1.8376978e-10
-3.7397397e+00 1.4801108e-12 1.0775809e-10 2.1403607e-10
-3.7347347e+00 1.7482147e-12 1.2544969e-10 2.4915118e-10
-3.7297297e+00 2.0637531e-12 1.4596645e-10 2.8986917e-10
-3.7247247e+00 2.4349114e-12 1.6974627e-10 3.3705766e-10
-3.7197197e+00 2.8712502e-12 1.9729279e-10 3.9171436e-10
-3.7147147e+00 3.3839299e-12 2.2918488e-10 4.5498586e-10
-3.7097097e+00 3.9859710e-12 2.6608752e-10 5.2818912e-10
-3.7047047e+00 4.6925549e-12 3.0876416e-10 6.1283581e-10
-3.6996997e+00 5.5213723e-12 3.5809074e-10 7.1066018e-10
-3.6946947e+00 6.4930263e-12 4.1507174e-10 8.2365054e-10
-3.6896897e+00 7.6314969e-12 4.8085831e-10 9.5408523e-10
-3.6846847e+00 8.9646794e-12 5.5676893e-10 1.1045733e-09
-3.6796797e+00 1.0525003e-11 6.4431282e-10 1.2781008e-09
-3.6746747e+00 1.2350148e-11 7.4521657e-10 1.4780832e-09
-3.6696697e+00 1.4483868e-11 8.6145421e-10 1.7084248e-09
-3.6646647e+00 1.6976939e-11 9.9528139e-10 1.9735861e-09
-3.6596597e+00 1.9888255e-11 1.1492740e-09 2.2786601e-09
-3.6546547e+00 2.3286081e-11 1.3263719e-09 2.6294581e-09
-3.6496496e+00 2.7249504e-11 1.5299283e-09 3.0326076e-09
-3.6446446e+00 3.1870087e-11 1.7637659e-09 3.4956623e-09
-3.6396396e+00 3.7253780e-11 2.0322396e-09 4.0272261e-09
-3.6346346e+00 4.3523108e-11 2.3403079e-09 4.6370935e-09
-3.6296296e+00 5.0819677e-11 2.6936132e-09 5.3364077e-09
-3.6246246e+00 5.9307056e-11 3.0985723e-09 6.1378388e-09
-3.6196196e+00 6.9174062e-11 3.5624784e-09 7.0557842e-09
-3.6146146e+00 8.0638539e-11 4.0936157e-09 8.1065946e-09
-3.6096096e+00 9.3951665e-11 4.7013885e-09 9.3088275e-09
-3.6046046e+00 1.0940288e-10 5.3964665e-09 1.0683533e-08
-3.5995996e+00 1.2732553e-10 6.1909477e-09 1.2254573e-08
-3.5945946e+00 1.4810329e-10 7.0985412e-09 1.4048983e-08
-3.5895896e+00 1.7217748e-10 8.1347729e-09 1.6097373e-08
-3.5845846e+00 2.0005549e-10 9.3172154e-09 1.8434381e-08
-3.5795796e+00 2.3232023e-10 1.0665746e-08 2.1099179e-08
-3.5745746e+00 2.6964109e-10 1.2202836e-08 2.4136040e-08
-3.5695696e+00 3.1278618e-10 1.3953874e-08 2.7594971e-08
-3.5645646e+00 3.6263649e-10 1.5947525e-08 3.1532425e-08
-3.5595596e+00 4.2020181e-10 1.8216138e-08 3.6012088e-08
-3.5545546e+00 4.8663886e-10 2.0796195e-08 4.1105767e-08
-3.5495495e+00 5.6327194e-10 2.3728813e-08 4.6894375e-08
-3.5445445e+00 6.5161626e-10 2.7060310e-08 5.3469028e-08
-3.5395395e+00 7.5340444e-10 3.0842826e-08 6.0932276e-08
-3.5345345e+00 8.7061650e-10 3.5135021e-08 6.9399461e-08
-3.5295295e+00 1.0055139e-09 4.0002854e-08 7.9000237e-08
-3.5245245e+00 1.1606779e-09 4.5520443e-08 8.9880257e-08
-3.5195195e+00 1.3390532e-09 5.1771022e-08 1.0220305e-07
-3.5145145e+00 1.5439969e-09 5.8848011e-08 1.1615210e-07
-3.5095095e+00 1.7793340e-09 6.6856198e-08 1.3193315e-07
-3.5045045e+00 2.0494201e-09 7.5913048e-08 1.4977678e-07
-3.4994995e+00 2.3592121e-09 8.6150158e-08 1.6994122e-07
-3.4944945e+00 2.7143475e-09 9.7714869e-08 1.9271553e-07
-3.4894895e+00 3.1212343e-09 1.1077205e-07 2.1842304e-07
-3.4844845e+00 3.5871519e-09 1.2550607e-07 2.4742520e-07
-3.4794795e+00 4.1203645e-09 1.4212299e-07 2.8012585e-07
-3.4744745e+00 4.7302488e-09 1.6085293e-07 3.1697591e-07
-3.4694695e+00 5.4274372e-09 1.8195280e-07 3.5847851e-07
-3.4644645e+00 6.2239788e-09 2.0570918e-07 4.0519478e-07
-3.4594595e+00 7.1335199e-09 2.3244155e-07 4.5775006e-07
-3.4544545e+00 8.1715064e-09 2.6250591e-07 5.1684088e-07
-3.4494494e+00 9.3554106e-09 2.9629865e-07 5.8324255e-07
-3.4444444e+00 1.0704985e-08 3.3426088e-07 6.5781756e-07
-3.4394394e+00 1.2242546e-08 3.7688319e-07 7.4152478e-07
-3.4344344e+00 1.3993293e-08 4.2471086e-07 8.3542954e-07
-3.4294294e+00 1.5985661e-08 4.7834957e-07 9.4071479e-07
-3.4244244e+00 1.8251717e-08 5.3847168e-07 1.0586932e-06
-3.4194194e+00 2.0827606e-08 6.0582313e-07 1.1908205e-06
-3.4144144e+00 2.3754040e-08 6.8123095e-07 1.3387100e-06
-3.4094094e+00 2.7076847e-08 7.6561157e-07 1.5041489e-06
-3.4044044e+00 3.0847587e-08 8.5997976e-07 1.6891150e-06
-3.3993994e+00 3.5124228e-08 9.6545858e-07 1.8957965e-06
-3.3943944e+00 3.9971908e-08 1.0832901e-06 2.1266125e-06
-3.3893894e+00 4.5463772e-08 1.2148473e-06 2.3842357e-06
-3.3843844e+00 5.1681909e-08 1.3616465e-06 2.6716170e-06
-3.3793794e+00 5.8718389e-08 1.5253621e-06 2.9920126e-06
-3.3743744e+00 6.6676412e-08 1.7078409e-06 3.3490134e-06
-3.3693694e+00 7.5671582e-08 1.9111194e-06 3.7465766e-06
-3.3643644e+00 8.5833321e-08 2.1374414e-06 4.1890606e-06
-3.3593594e+00 9.7306427e-08 2.3892779e-06 4.6812624e-06
-3.3543544e+00 1.1025280e-07 2.6693481e-06 5.2284586e-06
-3.3493493e+00 1.2485337e-07 2.9806425e-06 5.8364495e-06
-3.3443443e+00 1.4131017e-07 3.3264482e-06 6.5116072e-06
-3.3393393e+00 1.5984870e-07 3.7103757e-06 7.2609272e-06
-3.3343343e+00 1.8072044e-07 4.1363882e-06 8.0920847e-06
-3.3293293e+00 2.0420577e-07 4.6088338e-06 9.0134955e-06
-3.3243243e+00 2.3061696e-07 5.1324793e-06 1.0034381e-05
-3.3193193e+00 2.6030170e-07 5.7125473e-06 1.1164839e-05
-3.3143143e+00 2.9364683e-07 6.3547566e-06 1.2415920e-05
-3.3093093e+00 3.3108244e-07 7.0653648e-06 1.3799710e-05
-3.3043043e+00 3.7308649e-07 7.8512151e-06 1.5329417e-05
-3.2992993e+00 4.2018974e-07 8.7197861e-06 1.7019468e-05
-3.2942943e+00 4.7298123e-07 9.6792458e-06 1.8885610e-05
-3.2892893e+00 5.3211429e-07 1.0738509e-05 2.0945019e-05
-3.2842843e+00 5.9831306e-07 1.1907300e-05 2.3216422e-05
-3.2792793e+00 6.7237972e-07 1.3196219e-05 2.5720214e-05
-3.2742743e+00 7.5520227e-07 1.4616812e-05 2.8478605e-05
-3.2692693e+00 8.4776315e-07 1.6181652e-05 3.1515753e-05
-3.2642643e+00 9.5114855e-07 1.7904415e-05 3.4857927e-05
-3.2592593e+00 1.0665586e-06 1.9799970e-05 3.8533668e-05
-3.2542543e+00 1.1953187e-06 2.1884476e-05 4.2573965e-05
-3.2492492e+00 1.3388911e-06 2.4175476e-05 4.7012445e-05
-3.2442442e+00 1.4988887e-06 2.6692008e-05 5.1885572e-05
-3.2392392e+00 1.6770890e-06 2.9454716e-05 5.7232859e-05
-3.2342342e+00 1.8754498e-06 3.2485974e-05 6.3097096e-05
-3.2292292e+00 2.0961259e-06 3.5810013e-05 6.9524591e-05
-3.2242242e+00 2.3414878e-06 3.9453056e-05 7.6565424e-05
-3.2192192e+00 2.6141412e-06 4.3443467e-05 8.4273717e-05
-3.2142142e+00 2.9169489e-06 4.7811903e-05 9.2707924e-05
-3.2092092e+00 3.2530535e-06 5.2591477e-05 1.0193113e-04
-3.2042042e+00 3.6259034e-06 5.7817935e-05 1.1201139e-04
-3.1991992e+00 4.0392794e-06 6.3529833e-05 1.2302203e-04
-3.1941942e+00 4.4973243e-06 6.9768736e-05 1.3504204e-04
-3.1891892e+00 5.0045747e-06 7.6579419e-05 1.4815644e-04
-3.1841842e+00 5.5659948e-06 8.4010086e-05 1.6245669e-04
-3.1791792e+00 6.1870138e-06 9.2112594e-05 1.7804106e-04
-3.1741742e+00 6.8735651e-06 1.0094269e-04 1.9501515e-04
-3.1691692e+00 7.6321289e-06 1.1056028e-04 2.1349225e-04
-3.1641642e+00 8.4697782e-06 1.2102966e-04 2.3359394e-04
-3.1591592e+00 9.3942276e-06 1.3241983e-04 2.5545048e-04
-3.1541542e+00 1.0413886e-05 1.4480476e-04 2.7920142e-04
-3.1491491e+00 1.1537914e-05 1.5826370e-04 3.0499612e-04
-3.1441441e+00 1.2776282e-05 1.7288151e-04 3.3299435e-04
-3.1391391e+00 1.4139838e-05 1.8874897e-04 3.6336684e-04
-3.1341341e+00 1.5640373e-05 2.0596317e-04 3.9629598e-04
-3.1291291e+00 1.7290699e-05 2.2462782e-04 4.3197640e-04
-3.1241241e+00 1.9104724e-05 2.4485366e-04 4.7061569e-04
-3.1191191e+00 2.1097537e-05 2.6675883e-04 5.1243510e-04
-3.1141141e+00 2.3285498e-05 2.9046931e-04 5.5767024e-04
-3.1091091e+00 2.5686334e-05 3.1611931e-04 6.0657185e-04
-3.1041041e+00 2.8319236e-05 3.4385173e-04 6.5940656e-04
-3.0990991e+00 3.1204970e-05 3.7381859e-04 7.1645770e-04
-3.0940941e+00 3.4365989e-05 4.0618153e-04 7.7802613e-04
-3.0890891e+00 3.7826555e-05 4.4111224e-04 8.4443106e-04
-3.0840841e+00 4.1612863e-05 4.7879302e-04 9.1601093e-04
-3.0790791e+00 4.5753182e-05 5.1941725e-04 9.9312429e-04
-3.0740741e+00 5.0277989e-05 5.6318990e-04 1.0761507e-03
-3.0690691e+00 5.5220130e-05 6.1032813e-04 1.1654918e-03
-3.0640641e+00 6.0614968e-05 6.6106175e-04 1.2615718e-03
-3.0590591e+00 6.6500558e-05 7.1563388e-04 1.3648391e-03
-3.0540541e+00 7.2917819e-05 7.7430144e-04 1.4757667e-03
-3.0490490e+00 7.9910720e-05 8.3733577e-04 1.5948534e-03
-3.0440440e+00 8.7526471e-05 9.0502321e-04 1.7226250e-03
-3.0390390e+00 9.5815732e-05 9.7766572e-04 1.8596348e-03
-3.0340340e+00 1.0483282e-04 1.0555814e-03 2.0064651e-03
-3.0290290e+00 1.1463594e-04 1.1391054e-03 2.1637277e-03
-3.0240240e+00 1.2528740e-04 1.2285899e-03 2.3320654e-03
-3.0190190e+00 1.3685389e-04 1.3244055e-03 2.5121528e-03
-3.0140140e+00 1.4940667e-04 1.4269412e-03 2.7046971e-03
-3.0090090e+00 1.6302192e-04 1.5366055e-03 2.9104392e-03
-3.0040040e+00 1.7778095e-04 1.6538266e-03 3.1301548e-03
-2.9989990e+00 1.9377049e-04 1.7790533e-03 3.3646551e-03
-2.9939940e+00 2.1108302e-04 1.9127554e-03 3.6147878e-03
-2.9889890e+00 2.2981704e-04 2.0554244e-03 3.8814378e-03
-2.9839840e+00 2.5007740e-04 2.2075742e-03 4.1655285e-03
-2.9789790e+00 2.7197562e-04 2.3697411e-03 4.4680221e-03
-2.9739740e+00 2.9563025e-04 2.5424851e-03 4.7899204e-03
-2.9689690e+00 3.2116718e-04 2.7263899e-03 5.1322657e-03
-2.9639640e+00 3.4872000e-04 2.9220634e-03 5.4961415e-03
-2.9589590e+00 3.7843040e-04 3.1301385e-03 5.8826725e-03
-2.9539540e+00 4.1044849e-04 3.3512732e-03 6.2930257e-03
-2.9489489e+00 4.4493321e-04 3.5861509e-03 6.7284106e-03
-2.9439439e+00 4.8205274e-04 3.8354814e-03 7.1900793e-03
-2.9389389e+00 5.2198484e-04 4.1000002e-03 7.6793272e-03
-2.9339339e+00 5.6491728e-04 4.3804696e-03 8.1974926e-03
-2.9289289e+00 6.1104826e-04 4.6776787e-03 8.7459570e-03
-2.9239239e+00 6.6058681e-04 4.9924432e-03 9.3261450e-03
-2.9189189e+00 7.1375317e-04 5.3256057e-03 9.9395241e-03
-2.9139139e+00 7.7077925e-04 5.6780362e-03 1.0587604e-02
-2.9089089e+00 8.3190905e-04 6.0506311e-03 1.1271937e-02
-2.9039039e+00 8.9739903e-04 6.4443139e-03 1.1994117e-02
-2.8988989e+00 9.6751857e-04 6.8600347e-03 1.2755776e-02
-2.8938939e+00 1.0425504e-03 7.2987697e-03 1.3558590e-02
-2.8888889e+00 1.1227908e-03 7.7615215e-03 1.4404270e-02
-2.8838839e+00 1.2085504e-03 8.2493178e-03 1.5294566e-02
-2.8788789e+00 1.3001543e-03 8.7632115e-03 1.6231263e-02
-2.8738739e+00 1.3979423e-03 9.3042798e-03 1.7216181e-02
-2.8688689e+00 1.5022698e-03 9.8736236e-03 1.8251172e-02
-2.8638639e+00 1.6135075e-03 1.0472366e-02 1.9338118e-02
-2.8588589e+00 1.7320423e-03 1.1101653e-02 2.0478931e-02
-2.8538539e+00 1.8582772e-03 1.1762651e-02 2.1675547e-02
-2.8488488e+00 1.9926319e-03 1.2456544e-02 2.2929925e-02
-2.8438438e+00 2.1355430e-03 1.3184537e-02 2.4244046e-02
-2.8388388e+00 2.2874642e-03 1.3947850e-02 2.5619906e-02
-2.8338338e+00 2.4488664e-03 1.4747719e-02 2.7059518e-02
-2.8288288e+00 2.6202383e-03 1.5585393e-02 2.8564903e-02
-2.8238238e+00 2.8020860e-03 1.6462134e-02 3.0138089e-02
-2.8188188e+00 2.9949336e-03 1.7379212e-02 3.1781108e-02
-2.8138138e+00 3.1993230e-03 1.8337906e-02 3.3495991e-02
-2.8088088e+00 3.4158142e-03 1.9339500e-02 3.5284762e-02
-2.8038038e+00 3.6449849e-03 2.0385282e-02 3.7149437e-02
-2.7987988e+00 3.8874309e-03 2.1476538e-02 3.9092014e-02
-2.7937938e+00 4.1437657e-03 2.2614556e-02 4.1114473e-02
-2.7887888e+00 4.4146203e-03 2.3800616e-02 4.3218769e-02
-2.7837838e+00 4.7006432e-03 2.5035993e-02 4.5406827e-02
-2.7787788e+00 5.0025001e-03 2.6321950e-02 4.7680534e-02
-2.7737738e+00 5.3208735e-03 2.7659736e-02 5.0041737e-02
-2.7687688e+00 5.6564622e-03 2.9050585e-02 5.2492234e-02
-2.7637638e+00 6.0099810e-03 3.0495709e-02 5.5033771e-02
-2.7587588e+00 6.3821601e-03 3.1996298e-02 5.7668032e-02
-2.7537538e+00 6.7737446e-03 3.3553513e-02 6.0400213e-02
-2.7487487e+00 7.1854934e-03 3.5168485e-02 6.3225113e-02
-2.7437437e+00 7.6181792e-03 3.6842310e-02 6.6147413e-02
-2.7387387e+00 8.0725869e-03 3.8576046e-02 6.9168498e-02
-2.7337337e+00 8.5495132e-03 4.0370707e-02 7.2289659e-02
-2.7287287e+00 9.0497653e-03 4.2227263e-02 7.5512091e-02
-2.7237237e+00 9.5741600e-03 4.4146632e-02 7.8836881e-02
-2.7187187e+00 1.0123523e-02 4.6129675e-02 8.2265006e-02
-2.7137137e+00 1.0698685e-02 4.8177199e-02 8.5797319e-02
-2.7087087e+00 1.1300487e-02 5.0289943e-02 8.9434553e-02
-2.7037037e+00 1.1929769e-02 5.2468582e-02 9.3177304e-02
-2.6986987e+00 1.2587378e-02 5.4713719e-02 9.7026029e-02
-2.6936937e+00 1.3274160e-02 5.7025878e-02 1.0098104e-01
-2.6886887e+00 1.3990963e-02 5.9405508e-02 1.0504250e-01
-2.6836837e+00 1.4738631e-02 6.1852970e-02 1.0921041e-01
-2.6786787e+00 1.5518005e-02 6.4368537e-02 1.1348461e-01
-2.6736737e+00 1.6329919e-02 6.6952391e-02 1.1786476e-01
-2.6686687e+00 1.7175202e-02 6.9604617e-02 1.2235036e-01
-2.6636637e+00 1.8054672e-02 7.2325199e-02 1.2694071e-01
-2.6586587e+00 1.8969134e-02 7.5114020e-02 1.3163500e-01
-2.6536537e+00 1.9919381e-02 7.7998776e-02 1.3667384e-01
-2.6486486e+00 2.0906189e-02 8.0926116e-02 1.4159179e-01
-2.6436436e+00 2.1930316e-02 8.3920940e-02 1.4661120e-01
-2.6386386e+00 2.2992498e-02 8.6982701e-02 1.5173049e-01
-2.6336336e+00 2.4093450e-02 9.0110729e-02 1.5694788e-01
-2.6286286e+00 2.5233860e-02 9.3304233e-02 1.6226138e-01
-2.6236236e+00 2.6414390e-02 9.6562299e-02 1.6766880e-01
-2.6186186e+00 2.7635670e-02 9.9883883e-02 1.7316772e-01
-2.6136136e+00 2.8898297e-02 1.0326781e-01 1.7875554e-01
-2.6086086e+00 3.0202835e-02 1.0671279e-01 1.8442942e-01
-2.6036036e+00 3.1549809e-02 1.1021737e-01 1.9018634e-01
-2.5985986e+00 3.2939704e-02 1.1377999e-01 1.9602305e-01
-2.5935936e+00 3.4372962e-02 1.1739895e-01 2.0193611e-01
-2.5885886e+00 3.5849982e-02 1.2107240e-01 2.0792182e-01
-2.5835836e+00 3.7371114e-02 1.2479837e-01 2.1397633e-01
-2.5785786e+00 3.8936660e-02 1.2857476e-01 2.2009557e-01
-2.5735736e+00 4.0546868e-02 1.3239931e-01 2.2627527e-01
-2.5685686e+00 4.2201934e-02 1.3626964e-01 2.3251096e-01
-2.5635636e+00 4.3901997e-02 1.4018325e-01 2.3879798e-01
-2.5585586e+00 4.5647139e-02 1.4413749e-01 2.4513149e-01
-2.5535536e+00 4.7437381e-02 1.4812958e-01 2.5150647e-01
-2.5485485e+00 4.9272682e-02 1.5215663e-01 2.5791771e-01
-2.5435435e+00 5.1152937e-02 1.5621560e-01 2.6435987e-01
-2.5385385e+00 5.3077978e-02 1.6030338e-01 2.7082741e-01
-2.5335335e+00 5.5047567e-02 1.6441670e-01 2.7731469e-01
-2.5285285e+00 5.7061401e-02 1.6855258e-01 2.8381595e-01
-2.5235235e+00 5.9119107e-02 1.7270758e-01 2.9032581e-01
-2.5185185e+00 6.1220239e-02 1.7687752e-01 2.9684451e-01
-2.5135135e+00 6.3364284e-02 1.8140137e-01 3.0368787e-01
-2.5085085e+00 6.5550656e-02 1.8561884e-01 3.1058689e-01
-2.5035035e+00 6.7778697e-02 1.8984229e-01 3.1753588e-01
-2.4984985e+00 7.0047674e-02 1.9406790e-01 3.2409405e-01
-2.4934935e+00 7.2356786e-02 1.9829180e-01 3.3063015e-01
-2.4884885e+00 7.4705156e-02 2.0251007e-01 3.3713817e-01
-2.4834835e+00 7.7091834e-02 2.0671871e-01 3.4361205e-01
-2.4784785e+00 7.9515802e-02 2.1091370e-01 3.5004577e-01
-2.4734735e+00 8.1975967e-02 2.1509098e-01 3.5643330e-01
-2.4684685e+00 8.4471169e-02 2.1924645e-01 3.6276868e-01
-2.4634635e+00 8.7000176e-02 2.2337601e-01 3.6904598e-01
-2.4584585e+00 8.9561692e-02 2.2747554e-01 3.7525934e-01
-2.4534535e+00 9.2154350e-02 2.3154091e-01 3.8140298e-01
-2.4484484e+00 9.4776723e-02 2.3556802e-01 3.8747122e-01
-2.4434434e+00 9.7427320e-02 2.3955278e-01 3.9345851e-01
-2.4384384e+00 1.0010459e-01 2.4349112e-01 3.9935967e-01
-2.4334334e+00 1.0280692e-01 2.4737902e-01 4.0516896e-01
-2.4284284e+00 1.0553265e-01 2.5121251e-01 4.1088167e-01
-2.4234234e+00 1.0828006e-01 2.5498767e-01 4.1690095e-01
-2.4184184e+00 1.1104739e-01 2.5870067e-01 4.2609674e-01
-2.4134134e+00 1.1383281e-01 2.6234773e-01 4.3165775e-01
-2.4084084e+00 1.1663448e-01 2.6592518e-01 4.3711008e-01
-2.4034034e+00 1.1945050e-01 2.6942945e-01 4.4244159e-01
-2.3983984e+00 1.2227894e-01 2.7285710e-01 4.4765449e-01
-2.3933934e+00 1.2511783e-01 2.7620480e-01 4.5274667e-01
-2.3883884e+00 1.2796517e-01 2.7947167e-01 4.5769909e-01
-2.3833834e+00 1.3081895e-01 2.8265027e-01 4.6251783e-01
-2.3783784e+00 1.3367714e-01 2.8573980e-01 4.6719952e-01
-2.3733734e+00 1.3653767e-01 2.8874925e-01 4.7174184e-01
-2.3683684e+00 1.3939897e-01 2.9166634e-01 4.7614125e-01
-2.3633634e+00 1.4225801e-01 2.9447841e-01 4.8039407e-01
-2.3583584e+00 1.4511317e-01 2.9719729e-01 4.8450118e-01
-2.3533534e+00 1.4796237e-01 3.0306179e-01 4.8840936e-01
-2.3483483e+00 1.5080354e-01 3.0609585e-01 4.8911337e-01
-2.3433433e+00 1.5363461e-01 3.1129619e-01 4.9180617e-01
-2.3383383e+00 1.5645354e-01 3.1718218e-01 4.9416517e-01
-2.3333333e+00 1.5925832e-01 3.2057391e-01 5.0049534e-01
-2.3283283e+00 1.6117336e-01 3.2303482e-01 5.0491710e-01
-2.3233233e+00 1.6080850e-01 3.2541043e-01 5.0480757e-01
-2.3183183e+00 1.6042621e-01 3.2602002e-01 5.0463932e-01
-2.3133133e+00 1.6307166e-01 3.2727130e-01 5.0975092e-01
-2.3083083e+00 1.6530556e-01 3.3054023e-01 5.1104660e-01
-2.3033033e+00 1.6496249e-01 3.3058088e-01 5.1544205e-01
-2.2982983e+00 1.6455653e-01 3.3504821e-01 5.2020995e-01
-2.2932933e+00 1.6422790e-01 3.3739778e-01 5.2194225e-01
-2.2882883e+00 1.6371630e-01 3.3900377e-01 5.2558059e-01
-2.2832833e+00 1.6315240e-01 3.4050633e-01 5.2736037e-01
-2.2782783e+00 1.6380407e-01 3.4186076e-01 5.3021970e-01
-2.2732733e+00 1.6539518e-01 3.4312290e-01 5.3394984e-01
-2.2682683e+00 1.6693447e-01 3.4428458e-01 5.3616335e-01
-2.2632633e+00 1.6842343e-01 3.4538522e-01 5.3571736e-01
-2.2582583e+00 1.6989028e-01 3.4633098e-01 5.3815543e-01
-2.2532533e+00 1.7099466e-01 3.4650659e-01 5.4229624e-01
-2.2482482e+00 1.7230262e-01 3.4568762e-01 5.4693786e-01
-2.2432432e+00 1.7359346e-01 3.4673831e-01 5.4934939e-01
-2.2382382e+00 1.7481277e-01 3.4887231e-01 5.5064988e-01
-2.2332332e+00 1.7595898e-01 3.4933304e-01 5.5179366e-01
-2.2282282e+00 1.7711730e-01 3.4967499e-01 5.5283487e-01
-2.2232232e+00 1.7816269e-01 3.4988445e-01 5.5373624e-01
-2.2182182e+00 1.7915445e-01 3.5006866e-01 5.5525282e-01
-2.2132132e+00 1.8035074e-01 3.5013654e-01 5.5622401e-01
-2.2082082e+00 1.8126226e-01 3.5020446e-01 5.5619390e-01
-2.2032032e+00 1.8212555e-01 3.5006078e-01 5.5686419e-01
-2.1981982e+00 1.8379668e-01 3.5000652e-01 5.5750124e-01
-2.1931932e+00 1.8787739e-01 3.5065803e-01 5.5720043e-01
-2.1881882e+00 1.8782372e-01 3.5155099e-01 5.5534957e-01
-2.1831832e+00 1.8777189e-01 3.5221557e-01 5.5610280e-01
-2.1781782e+00 1.8837267e-01 3.5295591e-01 5.5616854e-01
-2.1731732e+00 1.8845574e-01 3.5500516e-01 5.5728929e-01
-2.1681682e+00 1.8850085e-01 3.5961258e-01 5.5724171e-01
-2.1631632e+00 1.8870830e-01 3.6275906e-01 5.5802575e-01
-2.1581582e+00 1.8890604e-01 3.5764225e-01 5.5909253e-01
-2.1531532e+00 1.9114118e-01 3.5912259e-01 5.5630860e-01
-2.1481481e+00 1.9169236e-01 3.6375826e-01 5.5142908e-01
-2.1431431e+00 1.9222029e-01 3.5916617e-01 5.4640713e-01
-2.1381381e+00 1.9475466e-01 3.6246048e-01 5.4839537e-01
-2.1331331e+00 1.9771321e-01 3.6718599e-01 5.5108752e-01
-2.1281281e+00 1.9346665e-01 3.7175867e-01 5.4625233e-01
-2.1231231e+00 1.9220479e-01 3.7470733e-01 5.4776422e-01
-2.1181181e+00 1.9481444e-01 3.7116344e-01 5.5224640e-01
-2.1131131e+00 1.9948501e-01 3.7166770e-01 5.5097618e-01
-2.1081081e+00 2.0429283e-01 3.7456776e-01 5.4807548e-01
-2.1031031e+00 2.0911095e-01 3.7012623e-01 5.4413628e-01
-2.0980981e+00 2.1294181e-01 3.6772034e-01 5.4243713e-01
-2.0930931e+00 2.1232226e-01 3.7041224e-01 5.4407965e-01
-2.0880881e+00 2.1520895e-01 3.7207007e-01 5.4304761e-01
-2.0830831e+00 2.1349823e-01 3.7252931e-01 5.4390637e-01
-2.0780781e+00 2.0996953e-01 3.7431364e-01 5.4600264e-01
-2.0730731e+00 2.0671117e-01 3.7556134e-01 5.4931002e-01
-2.0680681e+00 2.0371699e-01 3.7664506e-01 5.5377125e-01
-2.0630631e+00 2.0136120e-01 3.7796986e-01 5.5774476e-01
-2.0580581e+00 2.0015624e-01 3.7924506e-01 5.6157269e-01
-2.0530531e+00 2.0112161e-01 3.7964603e-01 5.6123375e-01
-2.0480480e+00 2.0411623e-01 3.7901574e-01 5.5756811e-01
-2.0430430e+00 2.0764872e-01 3.7854390e-01 5.5395612e-01
-2.0380380e+00 2.1160178e-01 3.7786993e-01 5.5061077e-01
-2.0330330e+00 2.1584762e-01 3.7735756e-01 5.4941179e-01
-2.0280280e+00 2.1978500e-01 3.7726629e-01 5.4901537e-01
-2.0230230e+00 2.2101229e-01 3.7784029e-01 5.4913175e-01
-2.0180180e+00 2.2076846e-01 3.7771458e-01 5.5139475e-01
-2.0130130e+00 2.2005052e-01 3.7844562e-01 5.5364330e-01
-2.0080080e+00 2.1862399e-01 3.8029861e-01 5.5470504e-01
-2.0030030e+00 2.1746694e-01 3.8146727e-01 5.5725207e-01
-1.9979980e+00 2.1684485e-01 3.8185111e-01 5.6099147e-01
-1.9929930e+00 2.1660373e-01 3.8278271e-01 5.6320451e-01
-1.9879880e+00 2.1725089e-01 3.8341954e-01 5.6463670e-01
-1.9829830e+00 2.1835226e-01 3.8316436e-01 5.6532783e-01
-1.9779780e+00 2.1936438e-01 3.8252939e-01 5.6603280e-01
-1.9729730e+00 2.2075842e-01 3.8270917e-01 5.6766982e-01
-1.9679680e+00 2.2171809e-01 3.8382281e-01 5.6918143e-01
-1.9629630e+00 2.2235594e-01 3.8486157e-01 5.7119188e-01
-1.9579580e+00 2.2284205e-01 3.8602899e-01 5.7272321e-01
-1.9529530e+00 2.2328211e-01 3.8660704e-01 5.7487002e-01
-1.9479479e+00 2.2350626e-01 3.8731847e-01 5.7706813e-01
-1.9429429e+00 2.2378926e-01 3.8843382e-01 5.7886451e-01
-1.9379379e+00 2.2405753e-01 3.8950283e-01 5.8149161e-01
-1.9329329e+00 2.2480257e-01 3.9067244e-01 5.8348958e-01
-1.9279279e+00 2.2580626e-01 3.9194667e-01 5.8531523e-01
-1.9229229e+00 2.2705486e-01 3.9328474e-01 5.8737050e-01
-1.9179179e+00 2.2838097e-01 3.9465840e-01 5.8884832e-01
-1.9129129e+00 2.2952170e-01 3.9606389e-01 5.9059085e-01
-1.9079079e+00 2.3112155e-01 3.9764904e-01 5.9301978e-01
-1.9029029e+00 2.3262929e-01 3.9929459e-01 5.9475418e-01
-1.8978979e+00 2.3447834e-01 4.0104176e-01 5.9665904e-01
-1.8928929e+00 2.3629400e-01 4.0307998e-01 5.9835202e-01
-1.8878879e+00 2.3827237e-01 4.0494163e-01 6.0001139e-01
-1.8828829e+00 2.4032314e-01 4.0688663e-01 6.0144672e-01
-1.8778779e+00 2.4223191e-01 4.0925879e-01 6.0288003e-01
-1.8728729e+00 2.4429085e-01 4.1191399e-01 6.0486805e-01
-1.8678679e+00 2.4648963e-01 4.1411801e-01 6.0644670e-01
-1.8628629e+00 2.4927597e-01 4.1652035e-01 6.0771122e-01
-1.8578579e+00 2.5179594e-01 4.1913338e-01 6.0936284e-01
-1.8528529e+00 2.5461658e-01 4.2161469e-01 6.1114178e-01
-1.8478478e+00 2.5700472e-01 4.2407058e-01 6.1331100e-01
-1.8428428e+00 2.5983807e-01 4.2654793e-01 6.1501167e-01
-1.8378378e+00 2.6227931e-01 4.2894937e-01 6.1745674e-01
-1.8328328e+00 2.6481813e-01 4.3121849e-01 6.2010970e-01
-1.8278278e+00 2.6719461e-01 4.3360129e-01 6.2273044e-01
-1.8228228e+00 2.6984122e-01 4.3613831e-01 6.2556597e-01
-1.8178178e+00 2.7238553e-01 4.3881284e-01 6.2871356e-01
-1.8128128e+00 2.7506182e-01 4.4149320e-01 6.3205074e-01
-1.8078078e+00 2.7786073e-01 4.4401412e-01 6.3590536e-01
-1.8028028e+00 2.8063475e-01 4.4643097e-01 6.3976624e-01
-1.7977978e+00 2.8364047e-01 4.4922977e-01 6.4384740e-01
-1.7927928e+00 2.8683084e-01 4.5235640e-01 6.4743069e-01
-1.7877878e+00 2.9035685e-01 4.5531353e-01 6.5085321e-01
-1.7827828e+00 2.9376544e-01 4.5853733e-01 6.5354806e-01
-1.7777778e+00 2.9721947e-01 4.6198692e-01 6.5716939e-01
-1.7727728e+00 3.0064744e-01 4.6567583e-01 6.5996169e-01
-1.7677678e+00 3.0476138e-01 4.6928766e-01 6.6290599e-01
-1.7627628e+00 3.0927172e-01 4.7301868e-01 6.6540077e-01
-1.7577578e+00 3.1369809e-01 4.7707377e-01 6.6813508e-01
-1.7527528e+00 3.1831262e-01 4.8107597e-01 6.7087822e-01
-1.7477477e+00 3.2328285e-01 4.8544931e-01 6.7328108e-01
-1.7427427e+00 3.2863602e-01 4.8982905e-01 6.7660768e-01
-1.7377377e+00 3.3368930e-01 4.9427116e-01 6.7997523e-01
-1.7327327e+00 3.3901183e-01 4.9887094e-01 6.8338502e-01
-1.7277277e+00 3.4458244e-01 5.0360454e-01 6.8682775e-01
-1.7227227e+00 3.5046262e-01 5.0874169e-01 6.9033913e-01
-1.7177177e+00 3.5615282e-01 5.1389635e-01 6.9406934e-01
-1.7127127e+00 3.6184261e-01 5.1961108e-01 6.9804255e-01
-1.7077077e+00 3.6807626e-01 5.2487535e-01 7.0179906e-01
-1.7027027e+00 3.7424413e-01 5.3059335e-01 7.0577137e-01
-1.6976977e+00 3.8020361e-01 5.3620168e-01 7.1011820e-01
-1.6926927e+00 3.8571544e-01 5.4222957e-01 7.1456801e-01
-1.6876877e+00 3.9106366e-01 5.4843068e-01 7.1856608e-01
-1.6826827e+00 3.9748944e-01 5.5463252e-01 7.2409695e-01
-1.6776777e+00 4.0354007e-01 5.6081430e-01 7.2940083e-01
-1.6726727e+00 4.1006227e-01 5.6675733e-01 7.3442148e-01
-1.6676677e+00 4.1584972e-01 5.7304586e-01 7.4006059e-01
-1.6626627e+00 4.2229760e-01 5.7989452e-01 7.4630843e-01
-1.6576577e+00 4.2882986e-01 5.8638200e-01 7.5243553e-01
-1.6526527e+00 4.3534788e-01 5.9332133e-01 7.5874796e-01
-1.6476476e+00 4.4196743e-01 6.0011928e-01 7.6477820e-01
-1.6426426e+00 4.4866994e-01 6.0705145e-01 7.7148771e-01
-1.6376376e+00 4.5442764e-01 6.1391728e-01 7.7896743e-01
-1.6326326e+00 4.6096739e-01 6.2064485e-01 7.8572381e-01
-1.6276276e+00 4.6765735e-01 6.2827244e-01 7.9307603e-01
-1.6226226e+00 4.7415788e-01 6.3575397e-01 8.0103820e-01
-1.6176176e+00 4.8092385e-01 6.4340478e-01 8.0928500e-01
-1.6126126e+00 4.8756288e-01 6.5094874e-01 8.1704614e-01
-1.6076076e+00 4.9353575e-01 6.5864745e-01 8.2495412e-01
-1.6026026e+00 4.9970163e-01 6.6615679e-01 8.3344664e-01
-1.5975976e+00 5.0605835e-01 6.7388414e-01 8.4223159e-01
-1.5925926e+00 5.1223923e-01 6.8128226e-01 8.5186457e-01
-1.5875876e+00 5.1894138e-01 6.8859446e-01 8.6067747e-01
-1.5825826e+00 5.2506068e-01 6.9660440e-01 8.7001715e-01
-1.5775776e+00 5.3157847e-01 7.0415652e-01 8.7936931e-01
-1.5725726e+00 5.3757975e-01 7.1225517e-01 8.8895378e-01
-1.5675676e+00 5.4432335e-01 7.2019376e-01 8.9810762e-01
-1.5625626e+00 5.5032215e-01 7.2796596e-01 9.0777470e-01
-1.5575576e+00 5.5670963e-01 7.3602069e-01 9.1752044e-01
-1.5525526e+00 5.6267141e-01 7.4407423e-01 9.2712284e-01
-1.5475475e+00 5.6876448e-01 7.5233830e-01 9.3678442e-01
-1.5425425e+00 5.7454272e-01 7.6001244e-01 9.4711327e-01
-1.5375375e+00 5.8089337e-01 7.6794687e-01 9.5699159e-01
-1.5325325e+00 5.8698487e-01 7.7606228e-01 9.6742557e-01
-1.5275275e+00 5.9255368e-01 7.8386442e-01 9.7753449e-01
-1.5225225e+00 5.9887424e-01 7.9181469e-01 9.8779213e-01
-1.5175175e+00 6.0527666e-01 7.9977250e-01 9.9753007e-01
-1.5125125e+00 6.1171330e-01 8.0744612e-01 1.0076979e+00
-1.5075075e+00 6.1733281e-01 8.1519198e-01 1.0176169e+00
-1.5025025e+00 6.2313070e-01 8.2291176e-01 1.0279269e+00
-1.4974975e+00 6.2901638e-01 8.3092708e-01 1.0373183e+00
-1.4924925e+00 6.3455785e-01 8.3908018e-01 1.0467759e+00
-1.4874875e+00 6.4016062e-01 8.4633881e-01 1.0562022e+00
-1.4824825e+00 6.4576669e-01 8.5414728e-01 1.0652019e+00
-1.4774775e+00 6.5148453e-01 8.6166246e-01 1.0742077e+00
-1.4724725e+00 6.5700632e-01 8.6922660e-01 1.0830437e+00
-1.4674675e+00 6.6233942e-01 8.7582786e-01 1.0918454e+00
-1.4624625e+00 6.6758638e-01 8.8283669e-01 1.1003601e+00
-1.4574575e+00 6.7311925e-01 8.8980130e-01 1.1088881e+00
-1.4524525e+00 6.7808423e-01 8.9636576e-01 1.1171972e+00
-1.4474474e+00 6.8289767e-01 9.0346437e-01 1.1251512e+00
-1.4424424e+00 6.8803743e-01 9.1011148e-01 1.1324321e+00
-1.4374374e+00 6.9303608e-01 9.1685486e-01 1.1402010e+00
-1.4324324e+00 6.9760740e-01 9.2305684e-01 1.1473578e+00
-1.4274274e+00 7.0242802e-01 9.2889839e-01 1.1543677e+00
-1.4224224e+00 7.0673819e-01 9.3478971e-01 1.1615655e+00
-1.4174174e+00 7.1119835e-01 9.4032088e-01 1.1678870e+00
-1.4124124e+00 7.1540094e-01 9.4589733e-01 1.1739719e+00
-1.4074074e+00 7.1952746e-01 9.5121707e-01 1.1792075e+00
-1.4024024e+00 7.2320548e-01 9.5614882e-01 1.1848545e+00
-1.3973974e+00 7.2715706e-01 9.6089320e-01 1.1904775e+00
-1.3923924e+00 7.3088633e-01 9.6566859e-01 1.1951999e+00
-1.3873874e+00 7.3429866e-01 9.7024316e-01 1.2002461e+00
-1.3823824e+00 7.3825064e-01 9.7361711e-01 1.2051269e+00
-1.3773774e+00 7.4069859e-01 9.7734176e-01 1.2097251e+00
-1.3723724e+00 7.4329138e-01 9.8063477e-01 1.2138677e+00
-1.3673674e+00 7.4546356e-01 9.8360525e-01 1.2173647e+00
-1.3623624e+00 7.4832937e-01 9.8629967e-01 1.2204722e+00
-1.3573574e+00 7.5153696e-01 9.8867473e-01 1.2232976e+00
-1.3523524e+00 7.5386623e-01 9.9100798e-01 1.2259321e+00
-1.3473473e+00 7.5692651e-01 9.9284858e-01 1.2279317e+00
-1.3423423e+00 7.5946311e-01 9.9427439e-01 1.2293039e+00
-1.3373373e+00 7.6174433e-01 9.9531194e-01 1.2299979e+00
-1.3323323e+00 7.6327917e-01 9.9678892e-01 1.2306809e+00
-1.3273273e+00 7.6520374e-01 9.9795739e-01 1.2313947e+00
-1.3223223e+00 7.6626072e-01 9.9866349e-01 1.2316850e+00
-1.3173173e+00 7.6700209e-01 9.9938090e-01 1.2315281e+00
-1.3123123e+00 7.6760834e-01 9.9984774e-01 1.2307650e+00
-1.3073073e+00 7.6839184e-01 9.9993826e-01 1.2291098e+00
-1.3023023e+00 7.6861004e-01 1.0000000e+00 1.2271791e+00
-1.2972973e+00 7.6847327e-01 9.9999500e-01 1.2252879e+00
-1.2922923e+00 7.6821230e-01 9.9961854e-01 1.2230446e+00
-1.2872873e+00 7.6795338e-01 9.9867007e-01 1.2204946e+00
-1.2822823e+00 7.6731782e-01 9.9683740e-01 1.2182203e+00
-1.2772773e+00 7.6710314e-01 9.9517335e-01 1.2152341e+00
-1.2722723e+00 7.6567993e-01 9.9332050e-01 1.2118212e+00
-1.2672673e+00 7.6421675e-01 9.9080389e-01 1.2082537e+00
-1.2622623e+00 7.6296457e-01 9.8817455e-01 1.2048608e+00
-1.2572573e+00 7.6136634e-01 9.8544585e-01 1.2008764e+00
-1.2522523e+00 7.5941137e-01 9.8269879e-01 1.1972540e+00
-1.2472472e+00 7.5744043e-01 9.7941447e-01 1.1924673e+00
-1.2422422e+00 7.5485721e-01 9.7565169e-01 1.1882389e+00
-1.2372372e+00 7.5203485e-01 9.7227465e-01 1.1834367e+00
-1.2322322e+00 7.4953986e-01 9.6828054e-01 1.1780017e+00
-1.2272272e+00 7.4650695e-01 9.6433608e-01 1.1726387e+00
-1.2222222e+00 7.4340339e-01 9.5979814e-01 1.1667523e+00
-1.2172172e+00 7.3894716e-01 9.5480182e-01 1.1606119e+00
-1.2122122e+00 7.3582975e-01 9.4983510e-01 1.1543398e+00
-1.2072072e+00 7.3137394e-01 9.4429084e-01 1.1486712e+00
-1.2022022e+00 7.2705586e-01 9.3898811e-01 1.1421457e+00
-1.1971972e+00 7.2253510e-01 9.3341510e-01 1.1354576e+00
-1.1921922e+00 7.1738774e-01 9.2803789e-01 1.1289806e+00
-1.1871872e+00 7.1313217e-01 9.2223512e-01 1.1220996e+00
-1.1821822e+00 7.0759363e-01 9.1621673e-01 1.1148939e+00
-1.1771772e+00 7.0208269e-01 9.0975090e-01 1.1082091e+00
-1.1721722e+00 6.9698215e-01 9.0372944e-01 1.1009917e+00
-1.1671672e+00 6.9156344e-01 8.9676630e-01 1.0942349e+00
-1.1621622e+00 6.8584182e-01 8.9026249e-01 1.0872251e+00
-1.1571572e+00 6.7982184e-01 8.8345277e-01 1.0801390e+00
-1.1521522e+00 6.7410191e-01 8.7625997e-01 1.0729530e+00
-1.1471471e+00 6.6748613e-01 8.6855936e-01 1.0660092e+00
-1.1421421e+00 6.6021287e-01 8.6123527e-01 1.0582762e+00
-1.1371371e+00 6.5255181e-01 8.5389602e-01 1.0514544e+00
-1.1321321e+00 6.4586660e-01 8.4614739e-01 1.0441566e+00
-1.1271271e+00 6.3877659e-01 8.3847391e-01 1.0358705e+00
-1.1221221e+00 6.3189041e-01 8.3067034e-01 1.0283190e+00
-1.1171171e+00 6.2438184e-01 8.2300911e-01 1.0206003e+00
-1.1121121e+00 6.1654425e-01 8.1551127e-01 1.0130836e+00
-1.1071071e+00 6.0871753e-01 8.0754651e-01 1.0057066e+00
-1.1021021e+00 6.0061530e-01 7.9890509e-01 9.9766564e-01
-1.0970971e+00 5.9238286e-01 7.9078235e-01 9.8976244e-01
-1.0920921e+00 5.8437815e-01 7.8235660e-01 9.8148143e-01
-1.0870871e+00 5.7647701e-01 7.7459619e-01 9.7394587e-01
-1.0820821e+00 5.6793922e-01 7.6546687e-01 9.6600574e-01
-1.0770771e+00 5.5925079e-01 7.5716302e-01 9.5709919e-01
-1.0720721e+00 5.5070125e-01 7.4833250e-01 9.4934998e-01
-1.0670671e+00 5.4255643e-01 7.3952640e-01 9.4148931e-01
-1.0620621e+00 5.3302476e-01 7.3067783e-01 9.3246431e-01
-1.0570571e+00 5.2467110e-01 7.2196163e-01 9.2423810e-01
-1.0520521e+00 5.1641278e-01 7.1280606e-01 9.1543761e-01
-1.0470470e+00 5.0769422e-01 7.0351320e-01 9.0675588e-01
-1.0420420e+00 4.9887384e-01 6.9474683e-01 8.9855687e-01
-1.0370370e+00 4.9022714e-01 6.8532978e-01 8.8952436e-01
-1.0320320e+00 4.8130825e-01 6.7625205e-01 8.8122836e-01
-1.0270270e+00 4.7211342e-01 6.6683616e-01 8.7241050e-01
-1.0220220e+00 4.6317313e-01 6.5769380e-01 8.6306549e-01
-1.0170170e+00 4.5410708e-01 6.4884266e-01 8.5436477e-01
-1.0120120e+00 4.4584998e-01 6.3961889e-01 8.4587194e-01
-1.0070070e+00 4.3723838e-01 6.3020121e-01 8.3702259e-01
-1.0020020e+00 4.2822339e-01 6.2096714e-01 8.2827185e-01
-9.9699700e-01 4.1977146e-01 6.1205749e-01 8.1906352e-01
-9.9199199e-01 4.1158353e-01 6.0306946e-01 8.1013886e-01
-9.8698699e-01 4.0277969e-01 5.9379344e-01 8.0129515e-01
-9.8198198e-01 3.9400203e-01 5.8438354e-01 7.9187042e-01
-9.7697698e-01 3.8519990e-01 5.7525004e-01 7.8251084e-01
-9.7197197e-01 3.7702712e-01 5.6636556e-01 7.7316237e-01
-9.6696697e-01 3.6824661e-01 5.5730984e-01 7.6344942e-01
-9.6196196e-01 3.5981583e-01 5.4829190e-01 7.5398533e-01
-9.5695696e-01 3.5134539e-01 5.3880168e-01 7.4484108e-01
-9.5195195e-01 3.4279482e-01 5.2976046e-01 7.3515858e-01
-9.4694695e-01 3.3515102e-01 5.2064155e-01 7.2589721e-01
-9.4194194e-01 3.2677681e-01 5.1172507e-01 7.1686923e-01
-9.3693694e-01 3.1918339e-01 5.0269421e-01 7.0742031e-01
-9.3193193e-01 3.1101891e-01 4.9381517e-01 6.9776896e-01
-9.2692693e-01 3.0342746e-01 4.8476433e-01 6.8869563e-01
-9.2192192e-01 2.9530910e-01 4.7593029e-01 6.7895345e-01
-9.1691692e-01 2.8798246e-01 4.6659771e-01 6.6933705e-01
-9.1191191e-01 2.8106421e-01 4.5759923e-01 6.5940484e-01
-9.0690691e-01 2.7399654e-01 4.4909146e-01 6.4985215e-01
-9.0190190e-01 2.6691334e-01 4.4029474e-01 6.4005982e-01
-8.9689690e-01 2.5983700e-01 4.3185936e-01 6.2982911e-01
-8.9189189e-01 2.5295033e-01 4.2341041e-01 6.1991410e-01
-8.8688689e-01 2.4593105e-01 4.1455437e-01 6.0968492e-01
-8.8188188e-01 2.3929028e-01 4.0640404e-01 5.9991857e-01
-8.7687688e-01 2.3270177e-01 3.9786923e-01 5.9026780e-01
-8.7187187e-01 2.2664139e-01 3.8992354e-01 5.8001504e-01
-8.6686687e-01 2.2020968e-01 3.8127665e-01 5.7033473e-01
-8.6186186e-01 2.1392144e-01 3.7339437e-01 5.6062870e-01
-8.5685686e-01 2.0771487e-01 3.6512116e-01 5.5030672e-01
-8.5185185e-01 2.0177271e-01 3.5720272e-01 5.4034539e-01
-8.4684685e-01 1.9576548e-01 3.4926850e-01 5.3029974e-01
-8.4184184e-01 1.8987926e-01 3.4124778e-01 5.2027835e-01
-8.3683684e-01 1.8507020e-01 3.3369252e-01 5.1025967e-01
-8.3183183e-01 1.8000587e-01 3.2565138e-01 5.0024128e-01
-8.2682683e-01 1.7436495e-01 3.1818854e-01 4.9012076e-01
-8.2182182e-01 1.6914180e-01 3.1095092e-01 4.8013608e-01
-8.1681682e-01 1.6426670e-01 3.0383483e-01 4.7026148e-01
-8.1181181e-01 1.5932908e-01 2.9676909e-01 4.6053783e-01
-8.0680681e-01 1.5425267e-01 2.8964502e-01 4.5091643e-01
-8.0180180e-01 1.4927403e-01 2.8249805e-01 4.4135680e-01
-7.9679680e-01 1.4458672e-01 2.7491411e-01 4.3153312e-01
-7.9179179e-01 1.3964936e-01 2.6795597e-01 4.2226863e-01
-7.8678679e-01 1.3480484e-01 2.6068243e-01 4.1287665e-01
-7.8178178e-01 1.2998719e-01 2.5385238e-01 4.0338278e-01
-7.7677678e-01 1.2534832e-01 2.4707312e-01 3.9398272e-01
-7.7177177e-01 1.2074675e-01 2.4034736e-01 3.8478355e-01
-7.6676677e-01 1.1630123e-01 2.3388415e-01 3.7549727e-01
-7.6176176e-01 1.1183576e-01 2.2741915e-01 3.6619425e-01
-7.5675676e-01 1.0757317e-01 2.2113002e-01 3.5684231e-01
-7.5175175e-01 1.0349629e-01 2.1475593e-01 3.4751864e-01
-7.4674675e-01 9.9497706e-02 2.0880566e-01 3.3818543e-01
-7.4174174e-01 9.5713913e-02 2.0278848e-01 3.2911586e-01
-7.3673674e-01 9.1912441e-02 1.9692784e-01 3.2017545e-01
-7.3173173e-01 8.8352567e-02 1.9116334e-01 3.1139904e-01
-7.2672673e-01 8.4926672e-02 1.8552205e-01 3.0262601e-01
-7.2172172e-01 8.1521167e-02 1.7992850e-01 2.9408838e-01
-7.1671672e-01 7.8215624e-02 1.7445698e-01 2.8537403e-01
-7.1171171e-01 7.4971693e-02 1.6907304e-01 2.7692446e-01
-7.0670671e-01 7.1901074e-02 1.6380501e-01 2.6870558e-01
-7.0170170e-01 6.8935170e-02 1.5851581e-01 2.6064695e-01
-6.9669670e-01 6.6054767e-02 1.5347363e-01 2.5276971e-01
-6.9169169e-01 6.3230545e-02 1.4842674e-01 2.4498029e-01
-6.8668669e-01 6.0592453e-02 1.4340316e-01 2.3734601e-01
-6.8168168e-01 5.8009140e-02 1.3852821e-01 2.2978142e-01
-6.7667668e-01 5.5539580e-02 1.3378996e-01 2.2244015e-01
-6.7167167e-01 5.3118743e-02 1.2917395e-01 2.1536274e-01
-6.6666667e-01 5.0784745e-02 1.2465741e-01 2.0827688e-01
-6.6166166e-01 4.8527385e-02 1.2036840e-01 2.0136121e-01
-6.5665666e-01 4.6379654e-02 1.1608211e-01 1.9450080e-01
-6.5165165e-01 4.4310404e-02 1.1184494e-01 1.8784172e-01
-6.4664665e-01 4.2298021e-02 1.0775063e-01 1.8146419e-01
-6.4164164e-01 4.0361873e-02 1.0378763e-01 1.7517788e-01
-6.3663664e-01 3.8509971e-02 9.9901676e-02 1.6907002e-01
-6.3163163e-01 3.6703814e-02 9.6157020e-02 1.6306673e-01
-6.2662663e-01 3.4984292e-02 9.2527132e-02 1.5718362e-01
-6.2162162e-01 3.3330447e-02 8.8951524e-02 1.5146357e-01
-6.1661662e-01 3.1732445e-02 8.5535155e-02 1.4594323e-01
-6.1161161e-01 3.0192819e-02 8.2238312e-02 1.4054007e-01
-6.0660661e-01 2.8717863e-02 7.9015141e-02 1.3530685e-01
-6.0160160e-01 2.7309063e-02 7.5873901e-02 1.3019604e-01
-5.9659660e-01 2.5957492e-02 7.2821749e-02 1.2523848e-01
-5.9159159e-01 2.4662642e-02 6.9893568e-02 1.2040133e-01
-5.8658659e-01 2.3419253e-02 6.6994971e-02 1.1570833e-01
-5.8158158e-01 2.2234254e-02 6.4272845e-02 1.1110277e-01
-5.7657658e-01 2.1099106e-02 6.1599406e-02 1.0666503e-01
-5.7157157e-01 2.0009678e-02 5.9008815e-02 1.0235286e-01
-5.6656657e-01 1.8967204e-02 5.6514490e-02 9.8165664e-02
-5.6156156e-01 1.7966319e-02 5.4097868e-02 9.4102533e-02
-5.5655656e-01 1.7010189e-02 5.1755364e-02 9.0163001e-02
-5.5155155e-01 1.6102432e-02 4.9506882e-02 8.6346048e-02
-5.4654655e-01 1.5236332e-02 4.7332626e-02 8.2647435e-02
-5.4154154e-01 1.4408213e-02 4.5231934e-02 7.9066005e-02
-5.3653654e-01 1.3617544e-02 4.3203403e-02 7.5594313e-02
-5.3153153e-01 1.2858229e-02 4.1245506e-02 7.2247825e-02
-5.2652653e-01 1.2141863e-02 3.9356529e-02 6.9013543e-02
-5.2152152e-01 1.1460091e-02 3.7535018e-02 6.5891261e-02
-5.1651652e-01 1.0805121e-02 3.5780094e-02 6.2878067e-02
-5.1151151e-01 1.0188817e-02 3.4090132e-02 5.9972047e-02
-5.0650651e-01 9.6031244e-03 3.2463684e-02 5.7170947e-02
-5.0150150e-01 9.0458518e-03 3.0899282e-02 5.4458188e-02
-4.9649650e-01 8.5145376e-03 2.9395443e-02 5.1849998e-02
-4.9149149e-01 8.0135948e-03 2.7950672e-02 4.9346938e-02
-4.8648649e-01 7.5383125e-03 2.6562573e-02 4.6941327e-02
-4.8148148e-01 7.0864032e-03 2.5218196e-02 4.4624952e-02
-4.7647648e-01 6.6594445e-03 2.3930191e-02 4.2398480e-02
-4.7147147e-01 6.2550469e-03 2.2707882e-02 4.0271465e-02
-4.6646647e-01 5.8715709e-03 2.1527677e-02 3.8232486e-02
-4.6146146e-01 5.5089299e-03 2.0399047e-02 3.6273420e-02
-4.5645646e-01 5.1664915e-03 1.9327611e-02 3.4395846e-02
-4.5145145e-01 4.8428826e-03 1.8304058e-02 3.2600037e-02
-4.4644645e-01 4.5372331e-03 1.7324851e-02 3.0881813e-02
-4.4144144e-01 4.2487074e-03 1.6390749e-02 2.9240651e-02
-4.3643644e-01 3.9762494e-03 1.5497998e-02 2.7672642e-02
-4.3143143e-01 3.7196791e-03 1.4646931e-02 2.6175195e-02
-4.2642643e-01 3.4778773e-03 1.3835952e-02 2.4745978e-02
-4.2142142e-01 3.2501169e-03 1.3063095e-02 2.3382693e-02
-4.1641642e-01 3.0356573e-03 1.2327005e-02 2.2083112e-02
-4.1141141e-01 2.8338913e-03 1.1626350e-02 2.0844933e-02
-4.0640641e-01 2.6441739e-03 1.0959818e-02 1.9665949e-02
-4.0140140e-01 2.4658857e-03 1.0326121e-02 1.8543995e-02
-3.9639640e-01 2.2984322e-03 9.7239625e-03 1.7476940e-02
-3.9139139e-01 2.1412433e-03 9.1521502e-03 1.6462696e-02
-3.8638639e-01 1.9937726e-03 8.6094742e-03 1.5499217e-02
-3.8138138e-01 1.8554956e-03 8.0947530e-03 1.4584502e-02
-3.7637638e-01 1.7259160e-03 7.6068335e-03 1.3716593e-02
-3.7137137e-01 1.6045417e-03 7.1445914e-03 1.2893579e-02
-3.6636637e-01 1.4907423e-03 6.7069325e-03 1.2113597e-02
-3.6136136e-01 1.3844670e-03 6.2927919e-03 1.1374830e-02
-3.5635636e-01 1.2850318e-03 5.9011354e-03 1.0674401e-02
-3.5135135e-01 1.1922056e-03 5.5309587e-03 1.0012702e-02
-3.4634635e-01 1.1054615e-03 5.1812031e-03 9.3859573e-03
-3.4134134e-01 1.0244557e-03 4.8510259e-03 8.7951240e-03
-3.3633634e-01 9.4892277e-04 4.5395494e-03 8.2371398e-03
-3.3133133e-01 8.7854088e-04 4.2458354e-03 7.7104872e-03
-3.2632633e-01 8.1295241e-04 3.9690889e-03 7.2136980e-03
-3.2132132e-01 7.5186550e-04 3.7084066e-03 6.7453532e-03
-3.1631632e-01 6.9500332e-04 3.4630519e-03 6.3040825e-03
-3.1131131e-01 6.4209732e-04 3.2322299e-03 5.8885638e-03
-3.0630631e-01 5.9287640e-04 3.0152058e-03 5.4975228e-03
-3.0130130e-01 5.4716988e-04 2.8112732e-03 5.1297325e-03
-2.9629630e-01 5.0472116e-04 2.6197536e-03 4.7840123e-03
-2.9129129e-01 4.6532028e-04 2.4399954e-03 4.4592273e-03
-2.8628629e-01 4.2876905e-04 2.2713742e-03 4.1542876e-03
-2.8128128e-01 3.9488142e-04 2.1132914e-03 3.8681474e-03
-2.7627628e-01 3.6348227e-04 1.9651740e-03 3.5998039e-03
-2.7127127e-01 3.3440286e-04 1.8264738e-03 3.3482967e-03
-2.6626627e-01 3.0748705e-04 1.6966672e-03 3.1127065e-03
-2.6126126e-01 2.8258794e-04 1.5752538e-03 2.8921542e-03
-2.5625626e-01 2.5956746e-04 1.4617564e-03 2.6857997e-03
-2.5125125e-01 2.3829590e-04 1.3557199e-03 2.4928412e-03
-2.4624625e-01 2.1865150e-04 1.2567084e-03 2.3125137e-03
-2.4124124e-01 2.0052005e-04 1.1643087e-03 2.1440881e-03
-2.3623624e-01 1.8379448e-04 1.0781369e-03 1.9868698e-03
-2.3123123e-01 1.6837450e-04 9.9781501e-04 1.8401983e-03
-2.2622623e-01 1.5416624e-04 9.2298880e-04 1.7034450e-03
-2.2122122e-01 1.4108156e-04 8.5332187e-04 1.5760132e-03
-2.1621622e-01 1.2903661e-04 7.8849563e-04 1.4573360e-03
-2.1121121e-01 1.1795760e-04 7.2820826e-04 1.3468758e-03
-2.0620621e-01 1.0777394e-04 6.7217404e-04 1.2441232e-03
-2.0120120e-01 9.8416999e-05 6.2012279e-04 1.1485953e-03
-1.9619620e-01 8.9824530e-05 5.7179902e-04 1.0598356e-03
-1.9119119e-01 8.1938509e-05 5.2696130e-04 9.7741191e-04
-1.8618619e-01 7.4704939e-05 4.8538190e-04 9.0091615e-04
-1.8118118e-01 6.8073602e-05 4.4684603e-04 8.2996285e-04
-1.7617618e-01 6.1997790e-05 4.1115127e-04 7.6418831e-04
-1.7117117e-01 5.6434107e-05 3.7810699e-04 7.0324712e-04
-1.6616617e-01 5.1342258e-05 3.4753370e-04 6.4682153e-04
-1.6116116e-01 4.6684859e-05 3.1926273e-04 5.9460452e-04
-1.5615616e-01 4.2427243e-05 2.9313570e-04 5.4630994e-04
-1.5115115e-01 3.8537298e-05 2.6900373e-04 5.0166880e-04
-1.4614615e-01 3.4985276e-05 2.4672716e-04 4.6042841e-04
-1.4114114e-01 3.1743641e-05 2.2617500e-04 4.2235155e-04
-1.3613614e-01 2.8786939e-05 2.0722453e-04 3.8721570e-04
-1.3113113e-01 2.6091644e-05 1.8976091e-04 3.5481230e-04
-1.2612613e-01 2.3636030e-05 1.7367655e-04 3.2494595e-04
-1.2112112e-01 2.1400045e-05 1.5887091e-04 2.9743379e-04
-1.1611612e-01 1.9365192e-05 1.4525003e-04 2.7210476e-04
-1.1111111e-01 1.7514423e-05 1.3272621e-04 2.4879896e-04
-1.0610611e-01 1.5831945e-05 1.2121761e-04 2.2736704e-04
-1.0110110e-01 1.4303496e-05 1.1064792e-04 2.0766961e-04
-9.6096096e-02 1.2915665e-05 1.0094603e-04 1.8957663e-04
-9.1091091e-02 1.1656226e-05 9.2045729e-05 1.7296691e-04
-8.6086086e-02 1.0513943e-05 8.3885398e-05 1.5772755e-04
-8.1081081e-02 9.4784990e-06 7.6407745e-05 1.4375347e-04
-7.6076076e-02 8.5404319e-06 6.9559529e-05 1.3094694e-04
-7.1071071e-02 7.6910637e-06 6.3291307e-05 1.1921709e-04
-6.6066066e-02 6.9224406e-06 5.7557196e-05 1.0847954e-04
-6.1061061e-02 6.2272779e-06 5.2314644e-05 9.8655923e-05
-5.6056056e-02 5.5989085e-06 4.7524214e-05 8.9673584e-05
-5.1051051e-02 5.0312345e-06 4.3149383e-05 8.1465150e-05
-4.6046046e-02 4.5186815e-06 3.9156347e-05 7.3968212e-05
-4.1041041e-02 4.0561578e-06 3.5513838e-05 6.7124993e-05
-3.6036036e-02 3.6390148e-06 3.2192959e-05 6.0882044e-05
-3.1031031e-02 3.2630107e-06 2.9167013e-05 5.5189948e-05
-2.6026026e-02 2.9242792e-06 2.6411358e-05 5.0003050e-05
-2.1021021e-02 2.6192978e-06 2.3903264e-05 4.5279197e-05
-1.6016016e-02 2.3448579e-06 2.1621773e-05 4.0979494e-05
-1.1011011e-02 2.0980400e-06 1.9547580e-05 3.7068081e-05
-6.0060060e-03 1.8761889e-06 1.7662909e-05 3.3511911e-05
-1.0010010e-03 1.6768910e-06 1.5951404e-05 3.0280555e-05
4.0040040e-03 1.4979544e-06 1.4398030e-05 2.7346010e-05
9.0090090e-03 1.3373889e-06 1.2988967e-05 2.4682525e-05
1.4014014e-02 1.1933897e-06 1.1711527e-05 2.2266431e-05
1.9019019e-02 1.0643205e-06 1.0554064e-05 2.0075994e-05
2.4024024e-02 9.4869750e-07 9.5058992e-06 1.8091261e-05
2.9029029e-02 8.4517817e-07 8.5572438e-06 1.6293934e-05
3.4034034e-02 7.5254753e-07 7.6991323e-06 1.4667239e-05
3.9039039e-02 6.6970676e-07 6.9233579e-06 1.3195809e-05
4.4044044e-02 5.9566254e-07 6.2224139e-06 1.1865578e-05
4.9049049e-02 5.2951806e-07 5.5894369e-06 1.0663676e-05
5.4054054e-02 4.7046385e-07 5.0181566e-06 9.5783381e-06
5.9059059e-02 4.1776944e-07 4.5028485e-06 8.5988128e-06
6.4064064e-02 3.7077629e-07 4.0382888e-06 7.7152839e-06
6.9069069e-02 3.2889116e-07 3.6197143e-06 6.9187937e-06
7.4074074e-02 2.9157973e-07 3.2427842e-06 6.2011735e-06
7.9079079e-02 2.5836115e-07 2.9035452e-06 5.5549784e-06
8.4084084e-02 2.2880304e-07 2.5983994e-06 4.9734279e-06
8.9089089e-02 2.0251681e-07 2.3240739e-06 4.4503505e-06
9.4094094e-02 1.7915328e-07 2.0775937e-06 3.9801323e-06
9.9099099e-02 1.5839922e-07 1.8562564e-06 3.5576702e-06
1.0410410e-01 1.3997352e-07 1.6576082e-06 3.1783279e-06
1.0910911e-01 1.2362414e-07 1.4794230e-06 2.8378964e-06
1.1411411e-01 1.0912523e-07 1.3196822e-06 2.5325566e-06
1.1911912e-01 9.6274551e-08 1.1765567e-06 2.2588457e-06
1.2412412e-01 8.4891122e-08 1.0483898e-06 2.0136255e-06
1.2912913e-01 7.4813064e-08 9.3368227e-07 1.7940541e-06
1.3413413e-01 6.5895695e-08 8.3107804e-07 1.5975596e-06
1.3913914e-01 5.8009748e-08 7.3935129e-07 1.4218155e-06
1.4414414e-01 5.1039828e-08 6.5739463e-07 1.2647191e-06
1.4914915e-01 4.4882981e-08 5.8420830e-07 1.1243706e-06
1.5415415e-01 3.9447402e-08 5.1889026e-07 9.9905524e-07
1.5915916e-01 3.4651283e-08 4.6062711e-07 8.8722561e-07
1.6416416e-01 3.0421765e-08 4.0868586e-07 7.8748660e-07
1.6916917e-01 2.6693998e-08 3.6240639e-07 6.9858103e-07
1.7417417e-01 2.3410299e-08 3.2119455e-07 6.1937674e-07
1.7917918e-01 2.0519387e-08 2.8451588e-07 5.4885479e-07
1.8418418e-01 1.7975702e-08 2.5188997e-07 4.8609871e-07
1.8918919e-01 1.5738790e-08 2.2288519e-07 4.3028469e-07
1.9419419e-01 1.3772756e-08 1.9711401e-07 3.8067268e-07
1.9919920e-01 1.2045764e-08 1.7422869e-07 3.3659829e-07
2.0420420e-01 1.0529597e-08 1.5391741e-07 2.9746540e-07
2.0920921e-01 9.1992648e-09 1.3590068e-07 2.6273948e-07
2.1421421e-01 8.0326413e-09 1.1992821e-07 2.3194154e-07
2.1921922e-01 7.0101531e-09 1.0577592e-07 2.0464258e-07
2.2422422e-01 6.1144934e-09 9.3243385e-08 1.8045867e-07
2.2922923e-01 5.3303691e-09 8.2151398e-08 1.5904636e-07
2.3423423e-01 4.6442746e-09 7.2339844e-08 1.4009866e-07
2.3923924e-01 4.0442899e-09 6.3665744e-08 1.2334126e-07
2.4424424e-01 3.5199008e-09 5.6001504e-08 1.0852930e-07
2.4924925e-01 3.0618387e-09 4.9233322e-08 9.5444256e-08
2.5425425e-01 2.6619378e-09 4.3259765e-08 8.3891263e-08
2.5925926e-01 2.3130084e-09 3.7990472e-08 7.3696658e-08
2.6426426e-01 2.0087235e-09 3.3344999e-08 6.4705764e-08
2.6926927e-01 1.7435194e-09 2.9251773e-08 5.6780896e-08
2.7427427e-01 1.5125057e-09 2.5647151e-08 4.9799569e-08
2.7927928e-01 1.3113870e-09 2.2474573e-08 4.3652888e-08
2.8428428e-01 1.1363924e-09 1.9683810e-08 3.8244098e-08
2.8928929e-01 9.8421356e-10 1.7230275e-08 3.3487281e-08
2.9429429e-01 8.5194962e-10 1.5074419e-08 2.9306189e-08
2.9929930e-01 7.3705860e-10 1.3181178e-08 2.5633198e-08
3.0430430e-01 6.3731427e-10 1.1519488e-08 2.2408367e-08
3.0930931e-01 5.5076808e-10 1.0061838e-08 1.9578598e-08
3.1431431e-01 4.7571556e-10 8.7838856e-09 1.7096881e-08
3.1931932e-01 4.1066664e-10 7.6641008e-09 1.4921625e-08
3.2432432e-01 3.5431940e-10 6.6834530e-09 1.3016051e-08
3.2932933e-01 3.0553704e-10 5.8251312e-09 1.1347659e-08
3.3433433e-01 2.6332749e-10 5.0742940e-09 9.8877427e-09
3.3933934e-01 2.2682554e-10 4.4178464e-09 8.6109665e-09
3.4434434e-01 1.9527699e-10 3.8442413e-09 7.4949801e-09
3.4934935e-01 1.6802487e-10 3.3433026e-09 6.5200795e-09
3.5435435e-01 1.4449719e-10 2.9060677e-09 5.6689041e-09
3.5935936e-01 1.2419627e-10 2.5246474e-09 4.9261669e-09
3.6436436e-01 1.0668934e-10 2.1921017e-09 4.2784151e-09
3.6936937e-01 9.1600279e-11 1.9023287e-09 3.7138168e-09
3.7437437e-01 7.8602411e-11 1.6499673e-09 3.2219722e-09
3.7937938e-01 6.7412155e-11 1.4303093e-09 2.7937454e-09
3.8438438e-01 5.7783497e-11 1.2392229e-09 2.4211160e-09
3.8938939e-01 4.9503132e-11 1.0730841e-09 2.0970466e-09
3.9439439e-01 4.2386228e-11 9.2871580e-10 1.8153662e-09
3.9939940e-01 3.6272716e-11 8.0333502e-10 1.5706669e-09
4.0440440e-01 3.1024058e-11 6.9450491e-10 1.3582122e-09
4.0940941e-01 2.6520415e-11 6.0009314e-10 1.1738559e-09
4.1441441e-01 2.2658190e-11 5.1823495e-10 1.0139712e-09
4.1941942e-01 1.9347875e-11 4.4730054e-10 8.7538689e-10
4.2442442e-01 1.6512184e-11 3.8586626e-10 7.5533237e-10
4.2942943e-01 1.4084417e-11 3.3268929e-10 6.5138800e-10
4.3443443e-01 1.2007052e-11 2.8668532e-10 5.6144213e-10
4.3943944e-01 1.0230504e-11 2.4690886e-10 4.8365293e-10
4.4444444e-01 8.7120580e-12 2.1253598e-10 4.1641485e-10
4.4944945e-01 7.4149393e-12 1.8284908e-10 3.5832916e-10
4.5445445e-01 6.3075039e-12 1.5722357e-10 3.0817800e-10
4.5945946e-01 5.3625399e-12 1.3511607e-10 2.6490164e-10
4.6446446e-01 4.5566599e-12 1.1605420e-10 2.2757847e-10
4.6946947e-01 3.8697753e-12 9.9627485e-11 1.9540749e-10
4.7447447e-01 3.2846411e-12 8.5479490e-11 1.6769292e-10
4.7947948e-01 2.7864621e-12 7.3300864e-11 1.4383074e-10
4.8448448e-01 2.3625520e-12 6.2823289e-11 1.2329691e-10
4.8948949e-01 2.0020395e-12 5.3814167e-11 1.0563702e-10
4.9449449e-01 1.6956136e-12 4.6071987e-11 9.0457280e-11
4.9949950e-01 1.4353049e-12 3.9422267e-11 7.7416645e-11
5.0450450e-01 1.2142956e-12 3.3714023e-11 6.6219911e-11
5.0950951e-01 1.0267569e-12 2.8816674e-11 5.6611708e-11
5.1451451e-01 8.6770848e-13 2.4617357e-11 4.8371252e-11
5.1951952e-01 7.3289710e-13 2.1018575e-11 4.1307774e-11
5.2452452e-01 6.1869287e-13 1.7936155e-11 3.5256536e-11
5.2952953e-01 5.2199960e-13 1.5297471e-11 3.0075362e-11
5.3453453e-01 4.4017783e-13 1.3039897e-11 2.5641620e-11
5.3953954e-01 3.7097879e-13 1.1109458e-11 2.1849595e-11
5.4454454e-01 3.1248770e-13 9.4596646e-12 1.8608214e-11
5.4954955e-01 2.6307506e-13 8.0504985e-12 1.5839056e-11
5.5455455e-01 2.2135500e-13 6.8475300e-12 1.3474642e-11
5.5955956e-01 1.8614950e-13 5.8211559e-12 1.1456937e-11
5.6456456e-01 1.5645783e-13 4.9459375e-12 9.7360562e-12
5.6956957e-01 1.3143034e-13 4.2000272e-12 8.2691513e-12
5.7457457e-01 1.1034606e-13 3.5646726e-12 7.0194339e-12
5.7957958e-01 9.2593581e-14 3.0237873e-12 5.9553394e-12
5.8458458e-01 7.7654709e-14 2.5635800e-12 5.0498004e-12
5.8958959e-01 6.5090494e-14 2.1722336e-12 4.2796196e-12
5.9459459e-01 5.4529332e-14 1.8396287e-12 3.6249279e-12
5.9959960e-01 4.5656817e-14 1.5571047e-12 3.0687169e-12
6.0460460e-01 3.8207086e-14 1.3172536e-12 2.5964353e-12
6.0960961e-01 3.1955456e-14 1.1137429e-12 2.1956414e-12
6.1461461e-01 2.6712157e-14 9.4116217e-13 1.8557033e-12
6.1961962e-01 2.2316994e-14 7.9489155e-13 1.5675409e-12
6.2462462e-01 1.8634822e-14 6.7098870e-13 1.3234039e-12
6.2962963e-01 1.5551690e-14 5.6609122e-13 1.1166810e-12
6.3463463e-01 1.2971575e-14 4.7733306e-13 9.4173573e-13
6.3963964e-01 1.0813609e-14 4.0227261e-13 7.9376534e-13
6.4464464e-01 9.0097215e-15 3.3883110e-13 6.6868008e-13
6.4964965e-01 7.5026529e-15 2.8523965e-13 5.6299923e-13
6.5465465e-01 6.2442620e-15 2.3999398e-13 4.7376215e-13
6.5965966e-01 5.1940980e-15 2.0181554e-13 3.9845205e-13
6.6466466e-01 4.3181918e-15 1.6961827e-13 3.3493067e-13
6.6966967e-01 3.5880333e-15 1.4248018e-13 2.8138237e-13
6.7467467e-01 2.9797084e-15 1.1961896e-13 2.3626641e-13
6.7967968e-01 2.4731690e-15 1.0037125e-13 1.9827602e-13
6.8468468e-01 2.0516183e-15 8.4174859e-14 1.6630355e-13
6.8968969e-01 1.7009913e-15 7.0553598e-14 1.3941064e-13
6.9469469e-01 1.4095170e-15 5.9104377e-14 1.1680285e-13
6.9969970e-01 1.1673505e-15 4.9486167e-14 9.7807921e-14
7.0470470e-01 9.6626216e-16 4.1410614e-14 8.1857354e-14
7.0970971e-01 7.9937649e-16 3.4634042e-14 6.8470649e-14
7.1471471e-01 6.6095286e-16 2.8950652e-14 5.7241928e-14
7.1971972e-01 5.4620077e-16 2.4186730e-14 4.7828540e-14
7.2472472e-01 4.5112493e-16 2.0195732e-14 3.9941378e-14
7.2972973e-01 3.7239517e-16 1.6854104e-14 3.3336654e-14
7.3473473e-01 3.0723731e-16 1.4057734e-14 2.7808913e-14
7.3973974e-01 2.5334163e-16 1.1718946e-14 2.3185104e-14
7.4474474e-01 2.0878623e-16 9.7639465e-15 1.9319554e-14
7.4974975e-01 1.7197282e-16 8.1306597e-15 1.6089709e-14
7.5475475e-01 1.4157301e-16 6.7668996e-15 1.3392519e-14
7.5975976e-01 1.1648333e-16 5.6288182e-15 1.1141390e-14
7.6476476e-01 9.5787706e-17 4.6795947e-15 9.2635929e-15
7.6976977e-01 7.8726043e-17 3.8883270e-15 7.6980824e-15
7.7477477e-01 6.4668047e-17 3.2290951e-15 6.3936467e-15
7.7977978e-01 5.3091344e-17 2.6801703e-15 5.3073496e-15
7.8478478e-01 4.3563257e-17 2.2233479e-15 4.4032135e-15
7.8978979e-01 3.5725608e-17 1.8433845e-15 3.6511086e-15
7.9479479e-01 2.9282055e-17 1.5275235e-15 3.0258175e-15
7.9979980e-01 2.3987563e-17 1.2650955e-15 2.5062458e-15
8.0480480e-01 1.9639632e-17 1.0471821e-15 2.0747585e-15
8.0980981e-01 1.6071011e-17 8.6633227e-16 1.7166209e-15
8.1481481e-01 1.3143641e-17 7.1632517e-16 1.4195287e-15
8.1981982e-01 1.0743624e-17 5.9196952e-16 1.1732130e-15
8.2482482e-01 8.7770494e-18 4.8893584e-16 9.6910879e-16
8.2982983e-01 7.1665298e-18 4.0361546e-16 8.0007575e-16
8.3483483e-01 5.8483305e-18 3.3300220e-16 6.6016517e-16
8.3983984e-01 4.7699905e-18 2.7459320e-16 5.4442369e-16
8.4484484e-01 3.8883535e-18 2.2630586e-16 4.4872921e-16
8.4984985e-01 3.1679374e-18 1.8640827e-16 3.6965329e-16
8.5485485e-01 2.5795861e-18 1.5346096e-16 3.0434607e-16
8.5985986e-01 2.0993560e-18 1.2626819e-16 2.5044002e-16
8.6486486e-01 1.7075945e-18 1.0383729e-16 2.0596937e-16
8.6986987e-01 1.3881808e-18 8.5344596e-17 1.6930292e-16
8.7487487e-01 1.1278981e-18 7.0107103e-17 1.3908783e-16
8.7987988e-01 9.1591748e-19 5.7558744e-17 1.1420279e-16
8.8488488e-01 7.4337063e-19 4.7230645e-17 9.3718889e-17
8.8988989e-01 6.0299963e-19 3.8734658e-17 7.6867088e-17
8.9489489e-01 4.8886763e-19 3.1749642e-17 6.3011032e-17
8.9989990e-01 3.9612122e-19 2.6010051e-17 5.1624471e-17
9.0490490e-01 3.2079494e-19 2.1296431e-17 4.2272457e-17
9.0990991e-01 2.5965070e-19 1.7427524e-17 3.4595707e-17
9.1491491e-01 2.1004583e-19 1.4253705e-17 2.8297611e-17
9.1991992e-01 1.6982484e-19 1.1651534e-17 2.3133438e-17
9.2492492e-01 1.3723059e-19 9.5192257e-18 1.8901376e-17
9.2992993e-01 1.1083151e-19 7.7729050e-18 1.5435102e-17
9.3493493e-01 8.9461896e-20 6.3434906e-18 1.2597617e-17
9.3993994e-01 7.2173129e-20 5.1741192e-18 1.0276143e-17
9.4494494e-01 5.8193641e-20 4.2180113e-18 8.3778903e-18
9.4994995e-01 4.6896248e-20 3.4367047e-18 6.8265618e-18
9.5495495e-01 3.7771413e-20 2.7985938e-18 5.5594547e-18
9.5995996e-01 3.0405414e-20 2.2777218e-18 4.5250687e-18
9.6496496e-01 2.4462518e-20 1.8527834e-18 3.6811283e-18
9.6996997e-01 1.9670435e-20 1.5063010e-18 2.9929505e-18
9.7497497e-01 1.5808451e-20 1.2239453e-18 2.4320971e-18
9.7997998e-01 1.2697764e-20 9.9397477e-19 1.9752636e-18
9.8498498e-01 1.0193603e-20 8.0677393e-19 1.6033636e-18
9.8998999e-01 8.1788211e-21 6.5447258e-19 1.3007737e-18
9.9499499e-01 6.5586774e-21 5.3063290e-19 1.0547129e-18
1.0000000e+00 5.2565933e-21 4.2999161e-19 8.5473120e-19
