X KDE_INF KDE_MED KDE_SUP
5.0000000e+00 9.5294418e-13 2.7957149e-10 3.1885878e-08
5.0100100e+00 1.1271965e-12 3.2470638e-10 3.6302987e-08
5.0200200e+00 1.3325484e-12 3.7665526e-10 4.1324148e-08
5.0300300e+00 1.5778296e-12 4.3683316e-10 4.7001710e-08
5.0400400e+00 1.8691764e-12 5.0619366e-10 5.3452688e-08
5.0500501e+00 2.2134652e-12 5.8637844e-10 6.0746463e-08
5.0600601e+00 2.6109061e-12 6.7829719e-10 6.9025444e-08
5.0700701e+00 3.0851548e-12 7.8660920e-10 7.8395735e-08
5.0800801e+00 3.6374578e-12 9.0892674e-10 8.8951344e-08
5.0900901e+00 4.2960183e-12 1.0495127e-09 1.0082717e-07
5.1001001e+00 5.0707806e-12 1.2119892e-09 1.1396887e-07
5.1101101e+00 5.9726077e-12 1.3971920e-09 1.2886967e-07
5.1201201e+00 7.0395578e-12 1.6119281e-09 1.4593057e-07
5.1301301e+00 8.2722492e-12 1.8582921e-09 1.6494811e-07
5.1401401e+00 9.7196925e-12 2.1423172e-09 1.8652945e-07
5.1501502e+00 1.1432282e-11 2.4681526e-09 2.1084281e-07
5.1601602e+00 1.3460046e-11 2.8376592e-09 2.3813860e-07
5.1701702e+00 1.5789040e-11 3.2643048e-09 2.6861844e-07
5.1801802e+00 1.8499010e-11 3.7558022e-09 3.0308058e-07
5.1901902e+00 2.1706302e-11 4.3188935e-09 3.4190064e-07
5.2002002e+00 2.5453025e-11 4.9633567e-09 3.8518081e-07
5.2102102e+00 2.9779151e-11 5.6883000e-09 4.3369144e-07
5.2202202e+00 3.4819918e-11 6.5188480e-09 4.8774715e-07
5.2302302e+00 4.0735077e-11 7.4830020e-09 5.4789955e-07
5.2402402e+00 4.7666856e-11 8.5826102e-09 6.1625263e-07
5.2502503e+00 5.5739778e-11 9.8221031e-09 6.9233916e-07
5.2602603e+00 6.5091304e-11 1.1231453e-08 7.7718340e-07
5.2702703e+00 7.6087942e-11 1.2848006e-08 8.7144746e-07
5.2802803e+00 8.8821771e-11 1.4667933e-08 9.7873086e-07
5.2902903e+00 1.0362719e-10 1.6764287e-08 1.0965761e-06
5.3003003e+00 1.2083129e-10 1.9139786e-08 1.2273478e-06
5.3103103e+00 1.4065472e-10 2.1847583e-08 1.3721465e-06
5.3203203e+00 1.6378681e-10 2.4915981e-08 1.5351900e-06
5.3303303e+00 1.9062443e-10 2.8403682e-08 1.7158191e-06
5.3403403e+00 2.2178441e-10 3.2375489e-08 1.9161003e-06
5.3503504e+00 2.5776182e-10 3.6842433e-08 2.1370427e-06
5.3603604e+00 2.9958800e-10 4.1973216e-08 2.3850103e-06
5.3703704e+00 3.4801401e-10 4.7707243e-08 2.6617535e-06
5.3803804e+00 4.0342400e-10 5.4179002e-08 2.9664083e-06
5.3903904e+00 4.6693485e-10 6.1545442e-08 3.3059608e-06
5.4004004e+00 5.3994435e-10 6.9881070e-08 3.6737568e-06
5.4104104e+00 6.2560821e-10 7.9220603e-08 4.0850510e-06
5.4204204e+00 7.2333962e-10 8.9857640e-08 4.5329694e-06
5.4304304e+00 8.3615983e-10 1.0187516e-07 5.0349066e-06
5.4404404e+00 9.6689701e-10 1.1530062e-07 5.5927538e-06
5.4504505e+00 1.1173044e-09 1.3058962e-07 6.1970297e-06
5.4604605e+00 1.2904723e-09 1.4767752e-07 6.8903996e-06
5.4704705e+00 1.4880034e-09 1.6673843e-07 7.6463642e-06
5.4804805e+00 1.7162780e-09 1.8846945e-07 8.4617379e-06
5.4904905e+00 1.9775332e-09 2.1294810e-07 9.3758430e-06
5.5005005e+00 2.2826825e-09 2.4047519e-07 1.0384167e-05
5.5105105e+00 2.6294729e-09 2.7083803e-07 1.1483754e-05
5.5205205e+00 3.0250029e-09 3.0516036e-07 1.2702194e-05
5.5305305e+00 3.4827461e-09 3.4411088e-07 1.4030809e-05
5.5405405e+00 3.9973777e-09 3.8772388e-07 1.5492482e-05
5.5505506e+00 4.5937261e-09 4.3626741e-07 1.7101221e-05
5.5605606e+00 5.2770471e-09 4.9093309e-07 1.8851584e-05
5.5705706e+00 6.0588359e-09 5.5221907e-07 2.0760131e-05
5.5805806e+00 6.9559993e-09 6.2053536e-07 2.2871489e-05
5.5905906e+00 7.9769108e-09 6.9630828e-07 2.5185858e-05
5.6006006e+00 9.1458347e-09 7.8263305e-07 2.7730656e-05
5.6106106e+00 1.0476585e-08 8.7816454e-07 3.0484413e-05
5.6206206e+00 1.1994465e-08 9.8474732e-07 3.3546765e-05
5.6306306e+00 1.3717515e-08 1.1022896e-06 3.6851606e-05
5.6406406e+00 1.5687580e-08 1.2360191e-06 4.0418919e-05
5.6506507e+00 1.7925659e-08 1.3832905e-06 4.4263991e-05
5.6606607e+00 2.0461431e-08 1.5456937e-06 4.8575732e-05
5.6706707e+00 2.3343803e-08 1.7284716e-06 5.3316354e-05
5.6806807e+00 2.6629872e-08 1.9313848e-06 5.8397304e-05
5.6906907e+00 3.0337531e-08 2.1572439e-06 6.3848014e-05
5.7007007e+00 3.4558864e-08 2.4111808e-06 6.9800133e-05
5.7107107e+00 3.9352278e-08 2.6906131e-06 7.6311007e-05
5.7207207e+00 4.4827287e-08 2.9979721e-06 8.3632010e-05
5.7307307e+00 5.0911455e-08 3.3408776e-06 9.1435750e-05
5.7407407e+00 5.7894653e-08 3.7189353e-06 9.9897228e-05
5.7507508e+00 6.5735406e-08 4.1336262e-06 1.0881109e-04
5.7607608e+00 7.4665644e-08 4.5941147e-06 1.1865636e-04
5.7707708e+00 8.4700072e-08 5.1152608e-06 1.2914571e-04
5.7807808e+00 9.6041839e-08 5.6787958e-06 1.4059766e-04
5.7907908e+00 1.0886758e-07 6.3061628e-06 1.5320148e-04
5.8008008e+00 1.2321902e-07 7.0012701e-06 1.6673864e-04
5.8108108e+00 1.3939591e-07 7.7631499e-06 1.8132299e-04
5.8208208e+00 1.5778875e-07 8.5969822e-06 1.9704000e-04
5.8308308e+00 1.7848876e-07 9.5237972e-06 2.1401962e-04
5.8408408e+00 2.0142739e-07 1.0544707e-05 2.3211326e-04
5.8508509e+00 2.2688527e-07 1.1671555e-05 2.5179408e-04
5.8608609e+00 2.5669646e-07 1.2900802e-05 2.7264306e-04
5.8708709e+00 2.8971297e-07 1.4256933e-05 2.9552198e-04
5.8808809e+00 3.2662226e-07 1.5755007e-05 3.2035048e-04
5.8908909e+00 3.6827914e-07 1.7364592e-05 3.4626578e-04
5.9009009e+00 4.1521509e-07 1.9146948e-05 3.7457851e-04
5.9109109e+00 4.6738686e-07 2.1119895e-05 4.0482745e-04
5.9209209e+00 5.2605742e-07 2.3293577e-05 4.3688464e-04
5.9309309e+00 5.9153710e-07 2.5663608e-05 4.7153121e-04
5.9409409e+00 6.6474520e-07 2.8218354e-05 5.0878826e-04
5.9509510e+00 7.4702954e-07 3.1042957e-05 5.4873160e-04
5.9609610e+00 8.3797660e-07 3.4055489e-05 5.9102899e-04
5.9709710e+00 9.3767372e-07 3.7413374e-05 6.3737393e-04
5.9809810e+00 1.0527412e-06 4.1031805e-05 6.8635383e-04
5.9909910e+00 1.1793384e-06 4.4995697e-05 7.3868593e-04
6.0010010e+00 1.3197894e-06 4.9361462e-05 7.9428047e-04
6.0110110e+00 1.4753615e-06 5.4134267e-05 8.5310942e-04
6.0210210e+00 1.6494003e-06 5.9227184e-05 9.1570038e-04
6.0310310e+00 1.8441774e-06 6.4904355e-05 9.8167171e-04
6.0410410e+00 2.0597825e-06 7.1082245e-05 1.0535181e-03
6.0510511e+00 2.2989397e-06 7.7741685e-05 1.1306725e-03
6.0610611e+00 2.5611000e-06 8.5140255e-05 1.2121496e-03
6.0710711e+00 2.8592196e-06 9.3073907e-05 1.2994999e-03
6.0810811e+00 3.1861220e-06 1.0162407e-04 1.3906843e-03
6.0910911e+00 3.5447118e-06 1.1100666e-04 1.4889794e-03
6.1011011e+00 3.9515284e-06 1.2123199e-04 1.5923636e-03
6.1111111e+00 4.4040919e-06 1.3202396e-04 1.7026457e-03
6.1211211e+00 4.8916482e-06 1.4370289e-04 1.8151793e-03
6.1311311e+00 5.4352118e-06 1.5666934e-04 1.9380432e-03
6.1411411e+00 6.0408170e-06 1.7038804e-04 2.0634471e-03
6.1511512e+00 6.7129961e-06 1.8501305e-04 2.2026316e-03
6.1611612e+00 7.4579395e-06 2.0107478e-04 2.3469070e-03
6.1711712e+00 8.2743405e-06 2.1840665e-04 2.4960491e-03
6.1811812e+00 9.1689434e-06 2.3703890e-04 2.6518247e-03
6.1911912e+00 1.0178732e-05 2.5694772e-04 2.8203731e-03
6.2012012e+00 1.1300771e-05 2.7824074e-04 2.9987428e-03
6.2112112e+00 1.2508678e-05 3.0191297e-04 3.1912998e-03
6.2212212e+00 1.3816112e-05 3.2716214e-04 3.3915094e-03
6.2312312e+00 1.5277339e-05 3.5408770e-04 3.6020964e-03
6.2412412e+00 1.6863139e-05 3.8294301e-04 3.8202561e-03
6.2512513e+00 1.8618178e-05 4.1425657e-04 4.0469559e-03
6.2612613e+00 2.0558632e-05 4.4844914e-04 4.2813840e-03
6.2712713e+00 2.2697837e-05 4.8495132e-04 4.5375045e-03
6.2812813e+00 2.5023697e-05 5.2334955e-04 4.8056244e-03
6.2912913e+00 2.7622253e-05 5.6501794e-04 5.0908404e-03
6.3013013e+00 3.0432507e-05 6.0898591e-04 5.3917917e-03
6.3113113e+00 3.3450481e-05 6.5708697e-04 5.6970432e-03
6.3213213e+00 3.6748458e-05 7.0850228e-04 6.0176080e-03
6.3313313e+00 4.0374932e-05 7.6240626e-04 6.3498878e-03
6.3413413e+00 4.4305973e-05 8.2182738e-04 6.6994493e-03
6.3513514e+00 4.8585148e-05 8.8353097e-04 7.0710230e-03
6.3613614e+00 5.3332933e-05 9.5029607e-04 7.4547760e-03
6.3713714e+00 5.8460267e-05 1.0191377e-03 7.8443777e-03
6.3813814e+00 6.4119877e-05 1.0943851e-03 8.2522406e-03
6.3913914e+00 7.0363777e-05 1.1718654e-03 8.6914067e-03
6.4014014e+00 7.7166347e-05 1.2571010e-03 9.1334582e-03
6.4114114e+00 8.4541400e-05 1.3488215e-03 9.6045745e-03
6.4214214e+00 9.2449456e-05 1.4455767e-03 1.0076395e-02
6.4314314e+00 1.0116234e-04 1.5476465e-03 1.0573408e-02
6.4414414e+00 1.1044812e-04 1.6581717e-03 1.1098637e-02
6.4514515e+00 1.2060484e-04 1.7754611e-03 1.1651884e-02
6.4614615e+00 1.3160357e-04 1.8978339e-03 1.2215145e-02
6.4714715e+00 1.4345595e-04 2.0266948e-03 1.2788773e-02
6.4814815e+00 1.5633557e-04 2.1635339e-03 1.3397297e-02
6.4914915e+00 1.7037446e-04 2.3106667e-03 1.4039840e-02
6.5015015e+00 1.8547981e-04 2.4652779e-03 1.4691000e-02
6.5115115e+00 2.0149445e-04 2.6298077e-03 1.5343879e-02
6.5215215e+00 2.1858941e-04 2.8053142e-03 1.5989835e-02
6.5315315e+00 2.3718694e-04 2.9890765e-03 1.6666598e-02
6.5415415e+00 2.5792206e-04 3.1802851e-03 1.7388108e-02
6.5515516e+00 2.8017588e-04 3.3796245e-03 1.8149503e-02
6.5615616e+00 3.0389664e-04 3.5937324e-03 1.8900055e-02
6.5715716e+00 3.2894947e-04 3.8212150e-03 1.9713680e-02
6.5815816e+00 3.5667308e-04 4.0568798e-03 2.0497021e-02
6.5915916e+00 3.8588869e-04 4.3022961e-03 2.1327287e-02
6.6016016e+00 4.1783384e-04 4.5630453e-03 2.2181879e-02
6.6116116e+00 4.5175206e-04 4.8376330e-03 2.3038825e-02
6.6216216e+00 4.8709776e-04 5.1266815e-03 2.3926711e-02
6.6316316e+00 5.2629344e-04 5.4281772e-03 2.4849726e-02
6.6416416e+00 5.6749454e-04 5.7464969e-03 2.5808973e-02
6.6516517e+00 6.1236414e-04 6.0802193e-03 2.6774142e-02
6.6616617e+00 6.6117055e-04 6.4246563e-03 2.7807921e-02
6.6716717e+00 7.1196226e-04 6.7930381e-03 2.8780671e-02
6.6816817e+00 7.6623928e-04 7.1640826e-03 2.9785307e-02
6.6916917e+00 8.2446462e-04 7.5601819e-03 3.0810619e-02
6.7017017e+00 8.8599210e-04 7.9653143e-03 3.1890956e-02
6.7117117e+00 9.5135185e-04 8.4087358e-03 3.2940199e-02
6.7217217e+00 1.0221789e-03 8.8709287e-03 3.4020695e-02
6.7317317e+00 1.0968672e-03 9.3311095e-03 3.5191500e-02
6.7417417e+00 1.1763642e-03 9.8277286e-03 3.6307960e-02
6.7517518e+00 1.2608613e-03 1.0347261e-02 3.7486071e-02
6.7617618e+00 1.3509491e-03 1.0874196e-02 3.8707607e-02
6.7717718e+00 1.4458600e-03 1.1429024e-02 3.9775646e-02
6.7817818e+00 1.5498534e-03 1.2007095e-02 4.0945981e-02
6.7917918e+00 1.6575768e-03 1.2621986e-02 4.2089091e-02
6.8018018e+00 1.7741442e-03 1.3240837e-02 4.3284530e-02
6.8118118e+00 1.8982676e-03 1.3876132e-02 4.4440424e-02
6.8218218e+00 2.0301223e-03 1.4534710e-02 4.5685768e-02
6.8318318e+00 2.1711230e-03 1.5229237e-02 4.6765226e-02
6.8418418e+00 2.3222605e-03 1.5929135e-02 4.7950445e-02
6.8518519e+00 2.4809126e-03 1.6638029e-02 4.9245971e-02
6.8618619e+00 2.6416640e-03 1.7395296e-02 5.0545034e-02
6.8718719e+00 2.8129191e-03 1.8190379e-02 5.1897874e-02
6.8818819e+00 3.0087091e-03 1.8996910e-02 5.3260124e-02
6.8918919e+00 3.2006027e-03 1.9823666e-02 5.4728412e-02
6.9019019e+00 3.3991348e-03 2.0664880e-02 5.6167245e-02
6.9119119e+00 3.6150256e-03 2.1515217e-02 5.7728313e-02
6.9219219e+00 3.8389980e-03 2.2395882e-02 5.9215858e-02
6.9319319e+00 4.0734540e-03 2.3363297e-02 6.0860345e-02
6.9419419e+00 4.3247436e-03 2.4329418e-02 6.2509229e-02
6.9519520e+00 4.5931490e-03 2.5292533e-02 6.4122785e-02
6.9619620e+00 4.8632013e-03 2.6276855e-02 6.5802264e-02
6.9719720e+00 5.1568765e-03 2.7308352e-02 6.7480446e-02
6.9819820e+00 5.4642861e-03 2.8325205e-02 6.9182748e-02
6.9919920e+00 5.7898008e-03 2.9390001e-02 7.0925876e-02
7.0020020e+00 6.1224160e-03 3.0474708e-02 7.2658778e-02
7.0120120e+00 6.4899217e-03 3.1579482e-02 7.4562370e-02
7.0220220e+00 6.8509413e-03 3.2744451e-02 7.6286400e-02
7.0320320e+00 7.2462333e-03 3.3912045e-02 7.8159588e-02
7.0420420e+00 7.6727156e-03 3.5070445e-02 8.0003992e-02
7.0520521e+00 8.0906999e-03 3.6252372e-02 8.1715704e-02
7.0620621e+00 8.5156079e-03 3.7387202e-02 8.3631145e-02
7.0720721e+00 8.9819035e-03 3.8562151e-02 8.5321431e-02
7.0820821e+00 9.4619673e-03 3.9801681e-02 8.7029949e-02
7.0920921e+00 9.9433368e-03 4.1060125e-02 8.8725091e-02
7.1021021e+00 1.0474027e-02 4.2178476e-02 9.0360380e-02
7.1121121e+00 1.1020580e-02 4.3397457e-02 9.1920927e-02
7.1221221e+00 1.1581941e-02 4.4558722e-02 9.3227561e-02
7.1321321e+00 1.2167386e-02 4.5609929e-02 9.4539167e-02
7.1421421e+00 1.2785973e-02 4.6596491e-02 9.6023789e-02
7.1521522e+00 1.3388221e-02 4.7511699e-02 9.7488532e-02
7.1621622e+00 1.4057362e-02 4.8500725e-02 9.9158182e-02
7.1721722e+00 1.4743622e-02 4.9592728e-02 1.0093394e-01
7.1821822e+00 1.5442097e-02 5.0715279e-02 1.0272009e-01
7.1921922e+00 1.6165980e-02 5.1830171e-02 1.0451722e-01
7.2022022e+00 1.6910854e-02 5.3018239e-02 1.0632486e-01
7.2122122e+00 1.7666523e-02 5.4254311e-02 1.0835438e-01
7.2222222e+00 1.8442046e-02 5.5590057e-02 1.1023039e-01
7.2322322e+00 1.9268661e-02 5.6837023e-02 1.1217568e-01
7.2422422e+00 2.0101190e-02 5.8163361e-02 1.1405784e-01
7.2522523e+00 2.1019785e-02 5.9515686e-02 1.1606236e-01
7.2622623e+00 2.1901475e-02 6.1019505e-02 1.1808899e-01
7.2722723e+00 2.2827440e-02 6.2544605e-02 1.1992236e-01
7.2822823e+00 2.3784130e-02 6.4055376e-02 1.2185852e-01
7.2922923e+00 2.4739269e-02 6.5650580e-02 1.2364770e-01
7.3023023e+00 2.5678395e-02 6.7194452e-02 1.2535918e-01
7.3123123e+00 2.6651143e-02 6.8777284e-02 1.2718239e-01
7.3223223e+00 2.7630516e-02 7.0363058e-02 1.2919725e-01
7.3323323e+00 2.8662058e-02 7.1987353e-02 1.3100334e-01
7.3423423e+00 2.9726710e-02 7.3511498e-02 1.3277497e-01
7.3523524e+00 3.0736631e-02 7.5131932e-02 1.3464961e-01
7.3623624e+00 3.1875392e-02 7.6746051e-02 1.3639304e-01
7.3723724e+00 3.3006918e-02 7.8318016e-02 1.3812972e-01
7.3823824e+00 3.4018721e-02 7.9969761e-02 1.3971410e-01
7.3923924e+00 3.5154190e-02 8.1433876e-02 1.4120730e-01
7.4024024e+00 3.6301436e-02 8.2902698e-02 1.4296985e-01
7.4124124e+00 3.7329150e-02 8.4470447e-02 1.4455528e-01
7.4224224e+00 3.8419082e-02 8.5935324e-02 1.4634507e-01
7.4324324e+00 3.9434755e-02 8.7456776e-02 1.4814529e-01
7.4424424e+00 4.0513776e-02 8.8974113e-02 1.5003710e-01
7.4524525e+00 4.1552030e-02 9.0279103e-02 1.5188985e-01
7.4624625e+00 4.2591259e-02 9.1539425e-02 1.5375177e-01
7.4724725e+00 4.3619140e-02 9.2834045e-02 1.5547663e-01
7.4824825e+00 4.4584744e-02 9.4291184e-02 1.5736553e-01
7.4924925e+00 4.5595864e-02 9.5570058e-02 1.5909260e-01
7.5025025e+00 4.6617219e-02 9.6952805e-02 1.6087304e-01
7.5125125e+00 4.7551553e-02 9.8423583e-02 1.6254522e-01
7.5225225e+00 4.8438738e-02 9.9809562e-02 1.6453117e-01
7.5325325e+00 4.9341738e-02 1.0136981e-01 1.6656113e-01
7.5425425e+00 5.0298086e-02 1.0276733e-01 1.6848064e-01
7.5525526e+00 5.1202063e-02 1.0416402e-01 1.7043836e-01
7.5625626e+00 5.2249790e-02 1.0564387e-01 1.7238416e-01
7.5725726e+00 5.3259941e-02 1.0728710e-01 1.7432261e-01
7.5825826e+00 5.4284496e-02 1.0879814e-01 1.7617374e-01
7.5925926e+00 5.5382932e-02 1.1030585e-01 1.7797856e-01
7.6026026e+00 5.6488863e-02 1.1185096e-01 1.7979600e-01
7.6126126e+00 5.7704812e-02 1.1348329e-01 1.8181245e-01
7.6226226e+00 5.8851119e-02 1.1500740e-01 1.8366374e-01
7.6326326e+00 6.0025165e-02 1.1650463e-01 1.8553150e-01
7.6426426e+00 6.1309957e-02 1.1809175e-01 1.8740389e-01
7.6526527e+00 6.2470544e-02 1.1971329e-01 1.8928962e-01
7.6626627e+00 6.3697390e-02 1.2122800e-01 1.9139221e-01
7.6726727e+00 6.4955025e-02 1.2274782e-01 1.9308816e-01
7.6826827e+00 6.6257316e-02 1.2437204e-01 1.9477769e-01
7.6926927e+00 6.7493816e-02 1.2597985e-01 1.9678181e-01
7.7027027e+00 6.8744798e-02 1.2758580e-01 1.9871285e-01
7.7127127e+00 6.9998252e-02 1.2913313e-01 2.0070748e-01
7.7227227e+00 7.1187713e-02 1.3078062e-01 2.0266941e-01
7.7327327e+00 7.2483982e-02 1.3237417e-01 2.0445873e-01
7.7427427e+00 7.3978417e-02 1.3395901e-01 2.0655865e-01
7.7527528e+00 7.5414975e-02 1.3556316e-01 2.0850302e-01
7.7627628e+00 7.6854323e-02 1.3717854e-01 2.1024543e-01
7.7727728e+00 7.8362621e-02 1.3892591e-01 2.1236330e-01
7.7827828e+00 7.9787558e-02 1.4064197e-01 2.1437165e-01
7.7927928e+00 8.1232520e-02 1.4228179e-01 2.1644832e-01
7.8028028e+00 8.2669437e-02 1.4399521e-01 2.1858410e-01
7.8128128e+00 8.4153744e-02 1.4570858e-01 2.2075150e-01
7.8228228e+00 8.5587411e-02 1.4737020e-01 2.2294946e-01
7.8328328e+00 8.7008936e-02 1.4918552e-01 2.2507018e-01
7.8428428e+00 8.8517157e-02 1.5089035e-01 2.2712436e-01
7.8528529e+00 8.9928459e-02 1.5268539e-01 2.2923954e-01
7.8628629e+00 9.1481369e-02 1.5455623e-01 2.3151843e-01
7.8728729e+00 9.3107822e-02 1.5624806e-01 2.3378528e-01
7.8828829e+00 9.4702865e-02 1.5811105e-01 2.3576481e-01
7.8928929e+00 9.6126671e-02 1.5996575e-01 2.3788893e-01
7.9029029e+00 9.7589268e-02 1.6189115e-01 2.4015037e-01
7.9129129e+00 9.9211302e-02 1.6368517e-01 2.4208794e-01
7.9229229e+00 1.0095733e-01 1.6557464e-01 2.4435663e-01
7.9329329e+00 1.0257223e-01 1.6761961e-01 2.4658849e-01
7.9429429e+00 1.0418842e-01 1.6962187e-01 2.4886993e-01
7.9529530e+00 1.0595261e-01 1.7159303e-01 2.5140434e-01
7.9629630e+00 1.0767316e-01 1.7355198e-01 2.5358665e-01
7.9729730e+00 1.0949027e-01 1.7568528e-01 2.5572512e-01
7.9829830e+00 1.1131755e-01 1.7767360e-01 2.5812958e-01
7.9929930e+00 1.1301882e-01 1.7974944e-01 2.6047276e-01
8.0030030e+00 1.1492371e-01 1.8189395e-01 2.6299154e-01
8.0130130e+00 1.1683500e-01 1.8398440e-01 2.6542495e-01
8.0230230e+00 1.1874346e-01 1.8616806e-01 2.6766947e-01
8.0330330e+00 1.2055260e-01 1.8837199e-01 2.7008804e-01
8.0430430e+00 1.2239937e-01 1.9077506e-01 2.7255561e-01
8.0530531e+00 1.2437767e-01 1.9319079e-01 2.7526782e-01
8.0630631e+00 1.2615002e-01 1.9544583e-01 2.7785169e-01
8.0730731e+00 1.2825627e-01 1.9774538e-01 2.8046733e-01
8.0830831e+00 1.3022607e-01 2.0016822e-01 2.8300441e-01
8.0930931e+00 1.3218304e-01 2.0259578e-01 2.8583212e-01
8.1031031e+00 1.3434762e-01 2.0512645e-01 2.8841125e-01
8.1131131e+00 1.3661336e-01 2.0762988e-01 2.9105000e-01
8.1231231e+00 1.3872941e-01 2.1002611e-01 2.9393067e-01
8.1331331e+00 1.4074908e-01 2.1245483e-01 2.9671976e-01
8.1431431e+00 1.4300501e-01 2.1498935e-01 3.0001024e-01
8.1531532e+00 1.4501093e-01 2.1755972e-01 3.0278317e-01
8.1631632e+00 1.4718248e-01 2.2032272e-01 3.0579411e-01
8.1731732e+00 1.4963736e-01 2.2286124e-01 3.0882241e-01
8.1831832e+00 1.5192277e-01 2.2556983e-01 3.1178487e-01
8.1931932e+00 1.5430697e-01 2.2833899e-01 3.1487931e-01
8.2032032e+00 1.5659972e-01 2.3106062e-01 3.1807105e-01
8.2132132e+00 1.5899169e-01 2.3357800e-01 3.2114374e-01
8.2232232e+00 1.6145694e-01 2.3633137e-01 3.2413578e-01
8.2332332e+00 1.6381016e-01 2.3906703e-01 3.2726896e-01
8.2432432e+00 1.6612280e-01 2.4201993e-01 3.3055666e-01
8.2532533e+00 1.6859292e-01 2.4485314e-01 3.3399060e-01
8.2632633e+00 1.7110198e-01 2.4785235e-01 3.3737752e-01
8.2732733e+00 1.7339842e-01 2.5082964e-01 3.4066055e-01
8.2832833e+00 1.7570262e-01 2.5387852e-01 3.4407589e-01
8.2932933e+00 1.7828427e-01 2.5686454e-01 3.4745408e-01
8.3033033e+00 1.8082532e-01 2.5997786e-01 3.5087766e-01
8.3133133e+00 1.8350623e-01 2.6303871e-01 3.5426218e-01
8.3233233e+00 1.8622630e-01 2.6629177e-01 3.5786781e-01
8.3333333e+00 1.8856173e-01 2.6952409e-01 3.6130860e-01
8.3433433e+00 1.9123844e-01 2.7267669e-01 3.6511041e-01
8.3533534e+00 1.9384814e-01 2.7589898e-01 3.6872317e-01
8.3633634e+00 1.9663234e-01 2.7912083e-01 3.7242821e-01
8.3733734e+00 1.9934944e-01 2.8249321e-01 3.7597177e-01
8.3833834e+00 2.0213640e-01 2.8583712e-01 3.7968721e-01
8.3933934e+00 2.0512736e-01 2.8902754e-01 3.8329335e-01
8.4034034e+00 2.0786985e-01 2.9239684e-01 3.8700706e-01
8.4134134e+00 2.1061752e-01 2.9587454e-01 3.9077566e-01
8.4234234e+00 2.1327757e-01 2.9896840e-01 3.9472996e-01
8.4334334e+00 2.1594730e-01 3.0246029e-01 3.9858537e-01
8.4434434e+00 2.1894509e-01 3.0586822e-01 4.0236442e-01
8.4534535e+00 2.2166769e-01 3.0948375e-01 4.0610689e-01
8.4634635e+00 2.2446862e-01 3.1307290e-01 4.0977971e-01
8.4734735e+00 2.2753912e-01 3.1637077e-01 4.1355462e-01
8.4834835e+00 2.3060049e-01 3.1995239e-01 4.1743253e-01
8.4934935e+00 2.3375979e-01 3.2339871e-01 4.2133771e-01
8.5035035e+00 2.3695626e-01 3.2687595e-01 4.2531221e-01
8.5135135e+00 2.4000710e-01 3.3041005e-01 4.2918351e-01
8.5235235e+00 2.4338094e-01 3.3391085e-01 4.3332029e-01
8.5335335e+00 2.4664910e-01 3.3755148e-01 4.3736709e-01
8.5435435e+00 2.4995677e-01 3.4104165e-01 4.4139228e-01
8.5535536e+00 2.5327261e-01 3.4479018e-01 4.4550821e-01
8.5635636e+00 2.5673959e-01 3.4840592e-01 4.4948827e-01
8.5735736e+00 2.5998207e-01 3.5212433e-01 4.5356253e-01
8.5835836e+00 2.6321052e-01 3.5570800e-01 4.5760033e-01
8.5935936e+00 2.6651917e-01 3.5940777e-01 4.6166913e-01
8.6036036e+00 2.6983058e-01 3.6307743e-01 4.6544042e-01
8.6136136e+00 2.7333301e-01 3.6687562e-01 4.6933243e-01
8.6236236e+00 2.7678957e-01 3.7056060e-01 4.7354790e-01
8.6336336e+00 2.8038288e-01 3.7417500e-01 4.7749504e-01
8.6436436e+00 2.8362664e-01 3.7787550e-01 4.8147417e-01
8.6536537e+00 2.8700065e-01 3.8163096e-01 4.8553742e-01
8.6636637e+00 2.9042886e-01 3.8528428e-01 4.8967355e-01
8.6736737e+00 2.9386549e-01 3.8901012e-01 4.9377477e-01
8.6836837e+00 2.9727980e-01 3.9293177e-01 4.9798819e-01
8.6936937e+00 3.0079046e-01 3.9667785e-01 5.0191898e-01
8.7037037e+00 3.0440659e-01 4.0039409e-01 5.0592990e-01
8.7137137e+00 3.0785834e-01 4.0414088e-01 5.1026932e-01
8.7237237e+00 3.1148246e-01 4.0799439e-01 5.1424405e-01
8.7337337e+00 3.1499546e-01 4.1194960e-01 5.1850058e-01
8.7437437e+00 3.1851140e-01 4.1570347e-01 5.2298234e-01
8.7537538e+00 3.2222944e-01 4.1962881e-01 5.2692179e-01
8.7637638e+00 3.2579484e-01 4.2362007e-01 5.3128712e-01
8.7737738e+00 3.2934060e-01 4.2753352e-01 5.3543161e-01
8.7837838e+00 3.3283842e-01 4.3153187e-01 5.3968098e-01
8.7937938e+00 3.3661443e-01 4.3548532e-01 5.4375611e-01
8.8038038e+00 3.4030641e-01 4.3928617e-01 5.4794184e-01
8.8138138e+00 3.4411676e-01 4.4304288e-01 5.5220587e-01
8.8238238e+00 3.4800443e-01 4.4709255e-01 5.5614725e-01
8.8338338e+00 3.5193290e-01 4.5116179e-01 5.6023399e-01
8.8438438e+00 3.5572317e-01 4.5511866e-01 5.6427531e-01
8.8538539e+00 3.5923994e-01 4.5903682e-01 5.6833850e-01
8.8638639e+00 3.6286434e-01 4.6298467e-01 5.7239606e-01
8.8738739e+00 3.6661676e-01 4.6697481e-01 5.7652203e-01
8.8838839e+00 3.7054294e-01 4.7098177e-01 5.8075482e-01
8.8938939e+00 3.7416299e-01 4.7484505e-01 5.8520325e-01
8.9039039e+00 3.7779982e-01 4.7883801e-01 5.8938591e-01
8.9139139e+00 3.8155085e-01 4.8288912e-01 5.9367874e-01
8.9239239e+00 3.8566079e-01 4.8683561e-01 5.9775983e-01
8.9339339e+00 3.8948760e-01 4.9089599e-01 6.0168257e-01
8.9439439e+00 3.9336728e-01 4.9493779e-01 6.0602257e-01
8.9539540e+00 3.9717729e-01 4.9901850e-01 6.1002492e-01
8.9639640e+00 4.0103442e-01 5.0309620e-01 6.1409841e-01
8.9739740e+00 4.0503124e-01 5.0723828e-01 6.1828452e-01
8.9839840e+00 4.0898148e-01 5.1132795e-01 6.2252854e-01
8.9939940e+00 4.1277969e-01 5.1561618e-01 6.2697984e-01
9.0040040e+00 4.1669537e-01 5.1970932e-01 6.3160923e-01
9.0140140e+00 4.2057265e-01 5.2392175e-01 6.3582910e-01
9.0240240e+00 4.2422686e-01 5.2823834e-01 6.4002907e-01
9.0340340e+00 4.2801982e-01 5.3244897e-01 6.4422811e-01
9.0440440e+00 4.3181148e-01 5.3670011e-01 6.4832688e-01
9.0540541e+00 4.3572881e-01 5.4091921e-01 6.5249453e-01
9.0640641e+00 4.3982247e-01 5.4507065e-01 6.5659633e-01
9.0740741e+00 4.4370158e-01 5.4920553e-01 6.6104207e-01
9.0840841e+00 4.4766801e-01 5.5323959e-01 6.6553743e-01
9.0940941e+00 4.5139791e-01 5.5713730e-01 6.7000563e-01
9.1041041e+00 4.5555320e-01 5.6146771e-01 6.7425817e-01
9.1141141e+00 4.5959861e-01 5.6525784e-01 6.7831557e-01
9.1241241e+00 4.6378106e-01 5.6958634e-01 6.8265457e-01
9.1341341e+00 4.6776107e-01 5.7370710e-01 6.8689058e-01
9.1441441e+00 4.7176409e-01 5.7786191e-01 6.9117004e-01
9.1541542e+00 4.7592938e-01 5.8206348e-01 6.9529091e-01
9.1641642e+00 4.8004127e-01 5.8600729e-01 6.9987139e-01
9.1741742e+00 4.8422993e-01 5.9012643e-01 7.0406008e-01
9.1841842e+00 4.8820631e-01 5.9418583e-01 7.0832411e-01
9.1941942e+00 4.9225142e-01 5.9835230e-01 7.1249617e-01
9.2042042e+00 4.9642689e-01 6.0278518e-01 7.1679053e-01
9.2142142e+00 5.0030170e-01 6.0703077e-01 7.2099584e-01
9.2242242e+00 5.0428898e-01 6.1160696e-01 7.2493490e-01
9.2342342e+00 5.0834398e-01 6.1596699e-01 7.2912015e-01
9.2442442e+00 5.1248899e-01 6.2020189e-01 7.3347030e-01
9.2542543e+00 5.1628213e-01 6.2455951e-01 7.3824263e-01
9.2642643e+00 5.2034298e-01 6.2878640e-01 7.4289368e-01
9.2742743e+00 5.2425145e-01 6.3322442e-01 7.4725037e-01
9.2842843e+00 5.2852124e-01 6.3756691e-01 7.5161495e-01
9.2942943e+00 5.3304490e-01 6.4186803e-01 7.5608873e-01
9.3043043e+00 5.3707904e-01 6.4626276e-01 7.6023748e-01
9.3143143e+00 5.4118557e-01 6.5069726e-01 7.6466287e-01
9.3243243e+00 5.4537562e-01 6.5520403e-01 7.6950993e-01
9.3343343e+00 5.4961811e-01 6.5963292e-01 7.7404527e-01
9.3443443e+00 5.5374992e-01 6.6405600e-01 7.7826457e-01
9.3543544e+00 5.5826329e-01 6.6847269e-01 7.8274246e-01
9.3643644e+00 5.6231498e-01 6.7306320e-01 7.8725327e-01
9.3743744e+00 5.6654403e-01 6.7720439e-01 7.9181045e-01
9.3843844e+00 5.7098861e-01 6.8160932e-01 7.9627565e-01
9.3943944e+00 5.7549220e-01 6.8595948e-01 8.0072522e-01
9.4044044e+00 5.7984617e-01 6.9031294e-01 8.0568182e-01
9.4144144e+00 5.8432863e-01 6.9498080e-01 8.1020094e-01
9.4244244e+00 5.8860644e-01 6.9944255e-01 8.1445727e-01
9.4344344e+00 5.9269582e-01 7.0402687e-01 8.1919439e-01
9.4444444e+00 5.9747885e-01 7.0833354e-01 8.2369953e-01
9.4544545e+00 6.0191834e-01 7.1281232e-01 8.2803385e-01
9.4644645e+00 6.0650541e-01 7.1723597e-01 8.3240050e-01
9.4744745e+00 6.1107470e-01 7.2181924e-01 8.3676409e-01
9.4844845e+00 6.1544480e-01 7.2643577e-01 8.4131693e-01
9.4944945e+00 6.1959782e-01 7.3092700e-01 8.4567660e-01
9.5045045e+00 6.2404717e-01 7.3544018e-01 8.5057653e-01
9.5145145e+00 6.2867156e-01 7.4003657e-01 8.5490983e-01
9.5245245e+00 6.3356862e-01 7.4454899e-01 8.5941344e-01
9.5345345e+00 6.3836799e-01 7.4891840e-01 8.6409845e-01
9.5445445e+00 6.4275986e-01 7.5371096e-01 8.6887080e-01
9.5545546e+00 6.4711754e-01 7.5865794e-01 8.7344391e-01
9.5645646e+00 6.5184829e-01 7.6307451e-01 8.7820609e-01
9.5745746e+00 6.5639172e-01 7.6758317e-01 8.8292847e-01
9.5845846e+00 6.6111337e-01 7.7217617e-01 8.8761803e-01
9.5945946e+00 6.6579238e-01 7.7679461e-01 8.9207276e-01
9.6046046e+00 6.7050663e-01 7.8159365e-01 8.9685710e-01
9.6146146e+00 6.7502624e-01 7.8587268e-01 9.0160367e-01
9.6246246e+00 6.7962713e-01 7.9061418e-01 9.0618808e-01
9.6346346e+00 6.8432002e-01 7.9509633e-01 9.1046065e-01
9.6446446e+00 6.8884269e-01 7.9975642e-01 9.1514210e-01
9.6546547e+00 6.9367388e-01 8.0443604e-01 9.1947031e-01
9.6646647e+00 6.9824870e-01 8.0903107e-01 9.2427763e-01
9.6746747e+00 7.0280664e-01 8.1364147e-01 9.2913306e-01
9.6846847e+00 7.0685012e-01 8.1830972e-01 9.3396005e-01
9.6946947e+00 7.1178164e-01 8.2275019e-01 9.3861084e-01
9.7047047e+00 7.1621230e-01 8.2723091e-01 9.4335518e-01
9.7147147e+00 7.2094472e-01 8.3193329e-01 9.4808639e-01
9.7247247e+00 7.2557970e-01 8.3679116e-01 9.5284203e-01
9.7347347e+00 7.3018058e-01 8.4134992e-01 9.5746313e-01
9.7447447e+00 7.3485059e-01 8.4578381e-01 9.6186755e-01
9.7547548e+00 7.3914433e-01 8.5023763e-01 9.6630673e-01
9.7647648e+00 7.4316502e-01 8.5494079e-01 9.7117222e-01
9.7747748e+00 7.4766282e-01 8.5948246e-01 9.7613875e-01
9.7847848e+00 7.5261249e-01 8.6401992e-01 9.8082358e-01
9.7947948e+00 7.5717853e-01 8.6827294e-01 9.8568014e-01
9.8048048e+00 7.6136645e-01 8.7290373e-01 9.9057216e-01
9.8148148e+00 7.6570758e-01 8.7725377e-01 9.9497256e-01
9.8248248e+00 7.6985197e-01 8.8162572e-01 9.9952654e-01
9.8348348e+00 7.7394459e-01 8.8594257e-01 1.0041864e+00
9.8448448e+00 7.7825693e-01 8.9058938e-01 1.0081311e+00
9.8548549e+00 7.8233627e-01 8.9497966e-01 1.0126428e+00
9.8648649e+00 7.8639174e-01 8.9885811e-01 1.0166090e+00
9.8748749e+00 7.9037732e-01 9.0304669e-01 1.0211950e+00
9.8848849e+00 7.9460418e-01 9.0720605e-01 1.0253029e+00
9.8948949e+00 7.9834503e-01 9.1152537e-01 1.0291387e+00
9.9049049e+00 8.0224077e-01 9.1568670e-01 1.0333276e+00
9.9149149e+00 8.0619214e-01 9.1969255e-01 1.0372382e+00
9.9249249e+00 8.1027654e-01 9.2383525e-01 1.0413110e+00
9.9349349e+00 8.1388317e-01 9.2805001e-01 1.0450373e+00
9.9449449e+00 8.1738526e-01 9.3204204e-01 1.0488733e+00
9.9549550e+00 8.2103115e-01 9.3576258e-01 1.0527457e+00
9.9649650e+00 8.2445655e-01 9.3931752e-01 1.0566790e+00
9.9749750e+00 8.2784830e-01 9.4255029e-01 1.0606312e+00
9.9849850e+00 8.3104392e-01 9.4597666e-01 1.0644293e+00
9.9949950e+00 8.3427820e-01 9.4936596e-01 1.0677975e+00
1.0005005e+01 8.3756226e-01 9.5280699e-01 1.0715059e+00
1.0015015e+01 8.4044434e-01 9.5586021e-01 1.0749292e+00
1.0025025e+01 8.4359726e-01 9.5911100e-01 1.0783759e+00
1.0035035e+01 8.4643618e-01 9.6243648e-01 1.0816065e+00
1.0045045e+01 8.4938822e-01 9.6550973e-01 1.0846303e+00
1.0055055e+01 8.5207350e-01 9.6846262e-01 1.0874746e+00
1.0065065e+01 8.5462212e-01 9.7145132e-01 1.0901047e+00
1.0075075e+01 8.5695290e-01 9.7416192e-01 1.0928969e+00
1.0085085e+01 8.5919516e-01 9.7689011e-01 1.0958324e+00
1.0095095e+01 8.6144166e-01 9.7922638e-01 1.0984324e+00
1.0105105e+01 8.6358195e-01 9.8160887e-01 1.1009400e+00
1.0115115e+01 8.6578549e-01 9.8380587e-01 1.1035565e+00
1.0125125e+01 8.6772152e-01 9.8571370e-01 1.1058115e+00
1.0135135e+01 8.6950273e-01 9.8778460e-01 1.1079870e+00
1.0145145e+01 8.7123979e-01 9.8941549e-01 1.1098685e+00
1.0155155e+01 8.7262710e-01 9.9115011e-01 1.1117893e+00
1.0165165e+01 8.7418780e-01 9.9292160e-01 1.1134141e+00
1.0175175e+01 8.7552954e-01 9.9456733e-01 1.1147621e+00
1.0185185e+01 8.7609570e-01 9.9581034e-01 1.1161694e+00
1.0195195e+01 8.7688132e-01 9.9679195e-01 1.1175965e+00
1.0205205e+01 8.7742696e-01 9.9781924e-01 1.1185301e+00
1.0215215e+01 8.7799252e-01 9.9860698e-01 1.1197998e+00
1.0225225e+01 8.7834486e-01 9.9916863e-01 1.1204827e+00
1.0235235e+01 8.7832097e-01 9.9973702e-01 1.1212013e+00
1.0245245e+01 8.7843087e-01 9.9980518e-01 1.1217241e+00
1.0255255e+01 8.7889791e-01 1.0000000e+00 1.1217389e+00
1.0265265e+01 8.7876713e-01 9.9960380e-01 1.1217779e+00
1.0275275e+01 8.7844601e-01 9.9921353e-01 1.1214856e+00
1.0285285e+01 8.7774993e-01 9.9900095e-01 1.1213814e+00
1.0295295e+01 8.7678454e-01 9.9851143e-01 1.1212610e+00
1.0305305e+01 8.7567448e-01 9.9766372e-01 1.1210859e+00
1.0315315e+01 8.7472279e-01 9.9698448e-01 1.1204570e+00
1.0325325e+01 8.7349580e-01 9.9594053e-01 1.1193920e+00
1.0335335e+01 8.7219629e-01 9.9432321e-01 1.1183976e+00
1.0345345e+01 8.7052941e-01 9.9299892e-01 1.1168139e+00
1.0355355e+01 8.6887285e-01 9.9104967e-01 1.1153460e+00
1.0365365e+01 8.6705422e-01 9.8920573e-01 1.1137896e+00
1.0375375e+01 8.6478311e-01 9.8711956e-01 1.1119113e+00
1.0385385e+01 8.6206758e-01 9.8487898e-01 1.1098416e+00
1.0395395e+01 8.5944932e-01 9.8241141e-01 1.1079774e+00
1.0405405e+01 8.5668260e-01 9.7988799e-01 1.1053091e+00
1.0415415e+01 8.5378601e-01 9.7716233e-01 1.1026957e+00
1.0425425e+01 8.5033507e-01 9.7409524e-01 1.0998418e+00
1.0435435e+01 8.4708730e-01 9.7095194e-01 1.0965325e+00
1.0445445e+01 8.4364063e-01 9.6755700e-01 1.0929075e+00
1.0455455e+01 8.3994513e-01 9.6393866e-01 1.0893222e+00
1.0465465e+01 8.3587407e-01 9.6007842e-01 1.0855730e+00
1.0475475e+01 8.3163039e-01 9.5617122e-01 1.0813617e+00
1.0485485e+01 8.2747625e-01 9.5205502e-01 1.0773540e+00
1.0495495e+01 8.2276952e-01 9.4771203e-01 1.0731170e+00
1.0505506e+01 8.1802538e-01 9.4299595e-01 1.0683615e+00
1.0515516e+01 8.1330175e-01 9.3834876e-01 1.0637799e+00
1.0525526e+01 8.0807457e-01 9.3346243e-01 1.0588778e+00
1.0535536e+01 8.0277504e-01 9.2807082e-01 1.0540039e+00
1.0545546e+01 7.9725537e-01 9.2254886e-01 1.0489267e+00
1.0555556e+01 7.9143424e-01 9.1717084e-01 1.0435048e+00
1.0565566e+01 7.8535751e-01 9.1142836e-01 1.0376077e+00
1.0575576e+01 7.7951618e-01 9.0549826e-01 1.0318558e+00
1.0585586e+01 7.7326587e-01 8.9967550e-01 1.0256199e+00
1.0595596e+01 7.6667127e-01 8.9331428e-01 1.0192732e+00
1.0605606e+01 7.6002609e-01 8.8684801e-01 1.0128797e+00
1.0615616e+01 7.5377062e-01 8.7996116e-01 1.0062829e+00
1.0625626e+01 7.4704280e-01 8.7323071e-01 9.9941383e-01
1.0635636e+01 7.4014334e-01 8.6623023e-01 9.9242349e-01
1.0645646e+01 7.3313065e-01 8.5905728e-01 9.8526880e-01
1.0655656e+01 7.2609056e-01 8.5176991e-01 9.7788474e-01
1.0665666e+01 7.1887440e-01 8.4441896e-01 9.7056911e-01
1.0675676e+01 7.1132653e-01 8.3673675e-01 9.6254074e-01
1.0685686e+01 7.0386094e-01 8.2894866e-01 9.5481894e-01
1.0695696e+01 6.9631841e-01 8.2115602e-01 9.4676373e-01
1.0705706e+01 6.8824586e-01 8.1308728e-01 9.3857219e-01
1.0715716e+01 6.8031009e-01 8.0469601e-01 9.3001634e-01
1.0725726e+01 6.7211340e-01 7.9627862e-01 9.2142276e-01
1.0735736e+01 6.6376760e-01 7.8778700e-01 9.1270265e-01
1.0745746e+01 6.5522927e-01 7.7908482e-01 9.0399854e-01
1.0755756e+01 6.4660629e-01 7.7000187e-01 8.9494487e-01
1.0765766e+01 6.3807928e-01 7.6116558e-01 8.8539613e-01
1.0775776e+01 6.2932271e-01 7.5202354e-01 8.7620312e-01
1.0785786e+01 6.2087311e-01 7.4285253e-01 8.6669602e-01
1.0795796e+01 6.1228933e-01 7.3352830e-01 8.5723961e-01
1.0805806e+01 6.0340757e-01 7.2424570e-01 8.4741514e-01
1.0815816e+01 5.9467354e-01 7.1493131e-01 8.3763992e-01
1.0825826e+01 5.8551821e-01 7.0558914e-01 8.2783692e-01
1.0835836e+01 5.7646726e-01 6.9597387e-01 8.1747992e-01
1.0845846e+01 5.6750510e-01 6.8611607e-01 8.0728940e-01
1.0855856e+01 5.5849571e-01 6.7617930e-01 7.9713088e-01
1.0865866e+01 5.4951724e-01 6.6661559e-01 7.8677348e-01
1.0875876e+01 5.4048786e-01 6.5664902e-01 7.7624612e-01
1.0885886e+01 5.3121534e-01 6.4684912e-01 7.6553606e-01
1.0895896e+01 5.2175537e-01 6.3663359e-01 7.5499097e-01
1.0905906e+01 5.1268253e-01 6.2633036e-01 7.4429543e-01
1.0915916e+01 5.0343644e-01 6.1610239e-01 7.3347277e-01
1.0925926e+01 4.9425031e-01 6.0579416e-01 7.2232006e-01
1.0935936e+01 4.8511177e-01 5.9553248e-01 7.1146597e-01
1.0945946e+01 4.7587868e-01 5.8501137e-01 7.0038296e-01
1.0955956e+01 4.6644335e-01 5.7494284e-01 6.8914285e-01
1.0965966e+01 4.5718184e-01 5.6456471e-01 6.7794076e-01
1.0975976e+01 4.4801450e-01 5.5423238e-01 6.6666822e-01
1.0985986e+01 4.3865209e-01 5.4402814e-01 6.5536236e-01
1.0995996e+01 4.2918643e-01 5.3380608e-01 6.4415090e-01
1.1006006e+01 4.2003680e-01 5.2355048e-01 6.3278722e-01
1.1016016e+01 4.1096603e-01 5.1335049e-01 6.2149243e-01
1.1026026e+01 4.0169535e-01 5.0321634e-01 6.1017911e-01
1.1036036e+01 3.9264942e-01 4.9284757e-01 5.9874723e-01
1.1046046e+01 3.8360874e-01 4.8271559e-01 5.8772572e-01
1.1056056e+01 3.7467410e-01 4.7260522e-01 5.7658669e-01
1.1066066e+01 3.6572999e-01 4.6240158e-01 5.6536282e-01
1.1076076e+01 3.5697196e-01 4.5228032e-01 5.5403156e-01
1.1086086e+01 3.4812999e-01 4.4245123e-01 5.4296400e-01
1.1096096e+01 3.3936857e-01 4.3254921e-01 5.3181503e-01
1.1106106e+01 3.3097758e-01 4.2259117e-01 5.2080860e-01
1.1116116e+01 3.2257462e-01 4.1279210e-01 5.1001384e-01
1.1126126e+01 3.1426620e-01 4.0323839e-01 4.9912163e-01
1.1136136e+01 3.0597901e-01 3.9354190e-01 4.8833894e-01
1.1146146e+01 2.9770801e-01 3.8386636e-01 4.7770243e-01
1.1156156e+01 2.8958299e-01 3.7443398e-01 4.6695722e-01
1.1166166e+01 2.8150236e-01 3.6515206e-01 4.5644074e-01
1.1176176e+01 2.7367217e-01 3.5590906e-01 4.4586433e-01
1.1186186e+01 2.6587956e-01 3.4656122e-01 4.3522786e-01
1.1196196e+01 2.5834294e-01 3.3737726e-01 4.2477793e-01
1.1206206e+01 2.5073775e-01 3.2856128e-01 4.1438016e-01
1.1216216e+01 2.4329850e-01 3.1987970e-01 4.0410464e-01
1.1226226e+01 2.3595623e-01 3.1112067e-01 3.9390442e-01
1.1236236e+01 2.2870401e-01 3.0263402e-01 3.8382469e-01
1.1246246e+01 2.2166982e-01 2.9408411e-01 3.7390336e-01
1.1256256e+01 2.1482429e-01 2.8565094e-01 3.6426346e-01
1.1266266e+01 2.0802714e-01 2.7742448e-01 3.5472348e-01
1.1276276e+01 2.0146953e-01 2.6936727e-01 3.4518871e-01
1.1286286e+01 1.9489302e-01 2.6143177e-01 3.3584164e-01
1.1296296e+01 1.8860053e-01 2.5357774e-01 3.2670597e-01
1.1306306e+01 1.8231996e-01 2.4578519e-01 3.1756539e-01
1.1316316e+01 1.7595587e-01 2.3813545e-01 3.0859117e-01
1.1326326e+01 1.6989815e-01 2.3073424e-01 2.9978942e-01
1.1336336e+01 1.6390679e-01 2.2343139e-01 2.9086589e-01
1.1346346e+01 1.5826031e-01 2.1621857e-01 2.8214666e-01
1.1356356e+01 1.5268048e-01 2.0915678e-01 2.7361479e-01
1.1366366e+01 1.4721078e-01 2.0226283e-01 2.6534124e-01
1.1376376e+01 1.4182057e-01 1.9542321e-01 2.5734390e-01
1.1386386e+01 1.3662830e-01 1.8882879e-01 2.4940125e-01
1.1396396e+01 1.3157233e-01 1.8238969e-01 2.4143655e-01
1.1406406e+01 1.2665247e-01 1.7613450e-01 2.3378751e-01
1.1416416e+01 1.2177092e-01 1.6995582e-01 2.2618623e-01
1.1426426e+01 1.1702093e-01 1.6399605e-01 2.1883292e-01
1.1436436e+01 1.1249880e-01 1.5816359e-01 2.1160729e-01
1.1446446e+01 1.0815795e-01 1.5240907e-01 2.0451569e-01
1.1456456e+01 1.0382534e-01 1.4679846e-01 1.9757736e-01
1.1466466e+01 9.9667008e-02 1.4126006e-01 1.9086998e-01
1.1476476e+01 9.5634540e-02 1.3591797e-01 1.8425497e-01
1.1486486e+01 9.1642282e-02 1.3075478e-01 1.7779806e-01
1.1496496e+01 8.7933822e-02 1.2578129e-01 1.7149046e-01
1.1506507e+01 8.4295268e-02 1.2090792e-01 1.6529082e-01
1.1516517e+01 8.0724512e-02 1.1612471e-01 1.5930082e-01
1.1526527e+01 7.7252922e-02 1.1150338e-01 1.5348764e-01
1.1536537e+01 7.3894875e-02 1.0701123e-01 1.4780200e-01
1.1546547e+01 7.0646452e-02 1.0264137e-01 1.4217280e-01
1.1556557e+01 6.7526368e-02 9.8414126e-02 1.3675852e-01
1.1566567e+01 6.4487116e-02 9.4334403e-02 1.3154055e-01
1.1576577e+01 6.1549570e-02 9.0375177e-02 1.2639638e-01
1.1586587e+01 5.8705893e-02 8.6546805e-02 1.2143088e-01
1.1596597e+01 5.5970918e-02 8.2852207e-02 1.1664421e-01
1.1606607e+01 5.3356387e-02 7.9262829e-02 1.1199932e-01
1.1616617e+01 5.0844714e-02 7.5784847e-02 1.0746803e-01
1.1626627e+01 4.8421542e-02 7.2410157e-02 1.0308827e-01
1.1636637e+01 4.6102925e-02 6.9154157e-02 9.8884792e-02
1.1646647e+01 4.3829564e-02 6.6044409e-02 9.4729896e-02
1.1656657e+01 4.1652698e-02 6.3032440e-02 9.0709155e-02
1.1666667e+01 3.9570598e-02 6.0137114e-02 8.6852365e-02
1.1676677e+01 3.7593375e-02 5.7347401e-02 8.3113048e-02
1.1686687e+01 3.5699989e-02 5.4661033e-02 7.9511210e-02
1.1696697e+01 3.3897938e-02 5.2050003e-02 7.6016001e-02
1.1706707e+01 3.2161367e-02 4.9555164e-02 7.2707458e-02
1.1716717e+01 3.0481827e-02 4.7161311e-02 6.9440646e-02
1.1726727e+01 2.8882478e-02 4.4891815e-02 6.6282830e-02
1.1736737e+01 2.7344992e-02 4.2657614e-02 6.3252048e-02
1.1746747e+01 2.5887069e-02 4.0550772e-02 6.0378461e-02
1.1756757e+01 2.4508657e-02 3.8508771e-02 5.7562059e-02
1.1766767e+01 2.3168208e-02 3.6550244e-02 5.4883219e-02
1.1776777e+01 2.1900307e-02 3.4695686e-02 5.2287578e-02
1.1786787e+01 2.0678335e-02 3.2896583e-02 4.9772283e-02
1.1796797e+01 1.9536679e-02 3.1189438e-02 4.7357579e-02
1.1806807e+01 1.8445097e-02 2.9549348e-02 4.5060597e-02
1.1816817e+01 1.7400402e-02 2.7989646e-02 4.2822865e-02
1.1826827e+01 1.6400486e-02 2.6490442e-02 4.0739667e-02
1.1836837e+01 1.5451147e-02 2.5070559e-02 3.8706000e-02
1.1846847e+01 1.4549715e-02 2.3718241e-02 3.6758110e-02
1.1856857e+01 1.3687141e-02 2.2434167e-02 3.4868851e-02
1.1866867e+01 1.2875307e-02 2.1188011e-02 3.3056360e-02
1.1876877e+01 1.2101208e-02 2.0005766e-02 3.1352032e-02
1.1886887e+01 1.1370973e-02 1.8876612e-02 2.9723225e-02
1.1896897e+01 1.0684973e-02 1.7819845e-02 2.8141468e-02
1.1906907e+01 1.0032131e-02 1.6807672e-02 2.6642496e-02
1.1916917e+01 9.4099214e-03 1.5838170e-02 2.5232606e-02
1.1926927e+01 8.8223642e-03 1.4919317e-02 2.3869835e-02
1.1936937e+01 8.2723392e-03 1.4050479e-02 2.2573771e-02
1.1946947e+01 7.7500143e-03 1.3222941e-02 2.1338136e-02
1.1956957e+01 7.2545196e-03 1.2435300e-02 2.0163597e-02
1.1966967e+01 6.7859589e-03 1.1699458e-02 1.9030552e-02
1.1976977e+01 6.3447414e-03 1.1000506e-02 1.7958587e-02
1.1986987e+01 5.9342481e-03 1.0330706e-02 1.6933910e-02
1.1996997e+01 5.5465461e-03 9.6974101e-03 1.5958197e-02
1.2007007e+01 5.1789912e-03 9.0993908e-03 1.5046213e-02
1.2017017e+01 4.8344087e-03 8.5303435e-03 1.4171955e-02
1.2027027e+01 4.5125509e-03 7.9974355e-03 1.3339716e-02
1.2037037e+01 4.2115680e-03 7.4892833e-03 1.2547844e-02
1.2047047e+01 3.9265050e-03 7.0155910e-03 1.1802612e-02
1.2057057e+01 3.6579188e-03 6.5635618e-03 1.1096108e-02
1.2067067e+01 3.4062174e-03 6.1371367e-03 1.0431125e-02
1.2077077e+01 3.1698190e-03 5.7352615e-03 9.7967763e-03
1.2087087e+01 2.9478881e-03 5.3580001e-03 9.1943228e-03
1.2097097e+01 2.7415311e-03 5.0030391e-03 8.6276361e-03
1.2107107e+01 2.5484229e-03 4.6706573e-03 8.0881084e-03
1.2117117e+01 2.3659203e-03 4.3575129e-03 7.5870822e-03
1.2127127e+01 2.1949103e-03 4.0625634e-03 7.1047386e-03
1.2137137e+01 2.0353376e-03 3.7857054e-03 6.6563652e-03
1.2147147e+01 1.8861229e-03 3.5246329e-03 6.2319134e-03
1.2157157e+01 1.7483254e-03 3.2830915e-03 5.8323828e-03
1.2167167e+01 1.6182599e-03 3.0561963e-03 5.4521182e-03
1.2177177e+01 1.4969111e-03 2.8421129e-03 5.0988887e-03
1.2187187e+01 1.3846288e-03 2.6410800e-03 4.7639493e-03
1.2197197e+01 1.2800386e-03 2.4532737e-03 4.4522179e-03
1.2207207e+01 1.1827479e-03 2.2778704e-03 4.1543044e-03
1.2217217e+01 1.0916368e-03 2.1126849e-03 3.8764328e-03
1.2227227e+01 1.0081891e-03 1.9597176e-03 3.6162339e-03
1.2237237e+01 9.3034830e-04 1.8167403e-03 3.3716320e-03
1.2247247e+01 8.5779423e-04 1.6840271e-03 3.1389707e-03
1.2257257e+01 7.9119737e-04 1.5592427e-03 2.9225885e-03
1.2267267e+01 7.2922943e-04 1.4421023e-03 2.7186426e-03
1.2277277e+01 6.7151467e-04 1.3344267e-03 2.5274108e-03
1.2287287e+01 6.1806642e-04 1.2339360e-03 2.3486813e-03
1.2297297e+01 5.6892507e-04 1.1400208e-03 2.1818324e-03
1.2307307e+01 5.2232788e-04 1.0528010e-03 2.0249341e-03
1.2317317e+01 4.7979497e-04 9.7187843e-04 1.8786220e-03
1.2327327e+01 4.4071509e-04 8.9646790e-04 1.7422998e-03
1.2337337e+01 4.0405632e-04 8.2688349e-04 1.6147518e-03
1.2347347e+01 3.7076247e-04 7.6201156e-04 1.4950268e-03
1.2357357e+01 3.3960457e-04 7.0221195e-04 1.3849507e-03
1.2367367e+01 3.1107023e-04 6.4639940e-04 1.2816330e-03
1.2377377e+01 2.8490398e-04 5.9477830e-04 1.1860651e-03
1.2387387e+01 2.6077564e-04 5.4693385e-04 1.0965021e-03
1.2397397e+01 2.3865603e-04 5.0254943e-04 1.0139309e-03
1.2407407e+01 2.1825961e-04 4.6159347e-04 9.3689049e-04
1.2417417e+01 1.9950803e-04 4.2355103e-04 8.6486402e-04
1.2427427e+01 1.8208165e-04 3.8865919e-04 7.9819979e-04
1.2437437e+01 1.6615265e-04 3.5641564e-04 7.3614829e-04
1.2447447e+01 1.5167513e-04 3.2673485e-04 6.7844952e-04
1.2457457e+01 1.3833345e-04 2.9934497e-04 6.2538399e-04
1.2467467e+01 1.2603107e-04 2.7419557e-04 5.7584969e-04
1.2477477e+01 1.1476290e-04 2.5091954e-04 5.3013318e-04
1.2487487e+01 1.0456597e-04 2.2958031e-04 4.8776851e-04
1.2497497e+01 9.5130555e-05 2.0994249e-04 4.4851407e-04
1.2507508e+01 8.6459085e-05 1.9173909e-04 4.1220176e-04
1.2517518e+01 7.8580888e-05 1.7507780e-04 3.7880021e-04
1.2527528e+01 7.1391700e-05 1.5974665e-04 3.4772166e-04
1.2537538e+01 6.4845239e-05 1.4563939e-04 3.1910260e-04
1.2547548e+01 5.8849540e-05 1.3275542e-04 2.9270793e-04
1.2557558e+01 5.3415957e-05 1.2092030e-04 2.6821861e-04
1.2567568e+01 4.8407933e-05 1.1007398e-04 2.4586692e-04
1.2577578e+01 4.3836325e-05 1.0017441e-04 2.2513064e-04
1.2587588e+01 3.9659162e-05 9.1096699e-05 2.0606253e-04
1.2597598e+01 3.5889633e-05 8.2907843e-05 1.8860584e-04
1.2607608e+01 3.2464073e-05 7.5315074e-05 1.7222512e-04
1.2617618e+01 2.9338040e-05 6.8427730e-05 1.5724103e-04
1.2627628e+01 2.6462765e-05 6.2099523e-05 1.4362502e-04
1.2637638e+01 2.3875985e-05 5.6366787e-05 1.3105093e-04
1.2647648e+01 2.1525112e-05 5.1138359e-05 1.1959592e-04
1.2657658e+01 1.9397490e-05 4.6354148e-05 1.0904767e-04
1.2667668e+01 1.7462297e-05 4.2002402e-05 9.9361712e-05
1.2677678e+01 1.5723807e-05 3.8043381e-05 9.0441532e-05
1.2687688e+01 1.4164285e-05 3.4410506e-05 8.2371170e-05
1.2697698e+01 1.2745791e-05 3.1133645e-05 7.4927019e-05
1.2707708e+01 1.1450867e-05 2.8152195e-05 6.8067055e-05
1.2717718e+01 1.0287396e-05 2.5452337e-05 6.1853224e-05
1.2727728e+01 9.2267321e-06 2.2993722e-05 5.6162676e-05
1.2737738e+01 8.2766869e-06 2.0762309e-05 5.0942223e-05
1.2747748e+01 7.4243260e-06 1.8719894e-05 4.6205284e-05
1.2757758e+01 6.6532720e-06 1.6866830e-05 4.1875678e-05
1.2767768e+01 5.9584588e-06 1.5183315e-05 3.7952453e-05
1.2777778e+01 5.3368489e-06 1.3676439e-05 3.4339742e-05
1.2787788e+01 4.7787574e-06 1.2312434e-05 3.1069989e-05
1.2797798e+01 4.2765154e-06 1.1079978e-05 2.8100566e-05
1.2807808e+01 3.8252821e-06 9.9649585e-06 2.5417733e-05
1.2817818e+01 3.4172957e-06 8.9586681e-06 2.2971135e-05
1.2827828e+01 3.0515239e-06 8.0441867e-06 2.0763165e-05
1.2837838e+01 2.7210906e-06 7.2209377e-06 1.8756491e-05
1.2847848e+01 2.4271685e-06 6.4763620e-06 1.6939380e-05
1.2857858e+01 2.1646262e-06 5.8037521e-06 1.5283327e-05
1.2867868e+01 1.9287376e-06 5.2014713e-06 1.3774887e-05
1.2877878e+01 1.7186628e-06 4.6581490e-06 1.2401011e-05
1.2887888e+01 1.5314854e-06 4.1714142e-06 1.1159478e-05
1.2897898e+01 1.3622989e-06 3.7336639e-06 1.0043110e-05
1.2907908e+01 1.2109831e-06 3.3382842e-06 9.0308132e-06
1.2917918e+01 1.0765318e-06 2.9833866e-06 8.1179118e-06
1.2927928e+01 9.5593452e-07 2.6646202e-06 7.2896137e-06
1.2937938e+01 8.4864931e-07 2.3789296e-06 6.5488921e-06
1.2947948e+01 7.5382074e-07 2.1220238e-06 5.8763940e-06
1.2957958e+01 6.6813512e-07 1.8922162e-06 5.2640133e-06
1.2967968e+01 5.9171534e-07 1.6861488e-06 4.7193114e-06
1.2977978e+01 5.2401428e-07 1.5011044e-06 4.2275458e-06
1.2987988e+01 4.6400508e-07 1.3359442e-06 3.7835167e-06
1.2997998e+01 4.1071823e-07 1.1883400e-06 3.3879648e-06
1.3008008e+01 3.6287177e-07 1.0563534e-06 3.0336698e-06
1.3018018e+01 3.2055645e-07 9.3901477e-07 2.7121086e-06
1.3028028e+01 2.8306012e-07 8.3340469e-07 2.4228210e-06
1.3038038e+01 2.4981336e-07 7.3968164e-07 2.1616294e-06
1.3048048e+01 2.2038860e-07 6.5595736e-07 1.9293972e-06
1.3058058e+01 1.9411823e-07 5.8149906e-07 1.7200974e-06
1.3068068e+01 1.7097669e-07 5.1550675e-07 1.5331360e-06
1.3078078e+01 1.5051334e-07 4.5667950e-07 1.3649414e-06
1.3088088e+01 1.3259473e-07 4.0409287e-07 1.2151054e-06
1.3098098e+01 1.1665451e-07 3.5722879e-07 1.0807108e-06
1.3108108e+01 1.0254986e-07 3.1563480e-07 9.6177893e-07
1.3118118e+01 9.0113024e-08 2.7896062e-07 8.5531786e-07
1.3128128e+01 7.9188287e-08 2.4644650e-07 7.6006389e-07
1.3138138e+01 6.9580214e-08 2.1767523e-07 6.7449797e-07
1.3148148e+01 6.1037809e-08 1.9208103e-07 5.9841643e-07
1.3158158e+01 5.3462589e-08 1.6943119e-07 5.3041524e-07
1.3168168e+01 4.6826441e-08 1.4926265e-07 4.7018667e-07
1.3178178e+01 4.1014690e-08 1.3139035e-07 4.1663029e-07
1.3188188e+01 3.5900582e-08 1.1563341e-07 3.6874153e-07
1.3198198e+01 3.1379474e-08 1.0171553e-07 3.2634788e-07
1.3208208e+01 2.7431203e-08 8.9421951e-08 2.8872093e-07
1.3218218e+01 2.3963343e-08 7.8535314e-08 2.5523495e-07
1.3228228e+01 2.0922941e-08 6.9016980e-08 2.2562959e-07
1.3238238e+01 1.8268281e-08 6.0560773e-08 1.9923264e-07
1.3248248e+01 1.5920603e-08 5.3147906e-08 1.7584552e-07
1.3258258e+01 1.3880180e-08 4.6578163e-08 1.5516349e-07
1.3268268e+01 1.2098027e-08 4.0792027e-08 1.3679647e-07
1.3278278e+01 1.0541182e-08 3.5741768e-08 1.2059235e-07
1.3288288e+01 9.1723644e-09 3.1294470e-08 1.0626592e-07
1.3298298e+01 7.9795260e-09 2.7391104e-08 9.3568827e-08
1.3308308e+01 6.9381750e-09 2.3956533e-08 8.2323454e-08
1.3318318e+01 6.0330958e-09 2.0931164e-08 7.2397211e-08
1.3328328e+01 5.2384286e-09 1.8285067e-08 6.3666997e-08
1.3338338e+01 4.5468921e-09 1.5946261e-08 5.5928157e-08
1.3348348e+01 3.9445111e-09 1.3913393e-08 4.9060113e-08
1.3358358e+01 3.4228449e-09 1.2131138e-08 4.3060280e-08
1.3368368e+01 2.9649935e-09 1.0565188e-08 3.7750915e-08
1.3378378e+01 2.5656820e-09 9.1954745e-09 3.3105508e-08
1.3388388e+01 2.2207088e-09 8.0021010e-09 2.8992309e-08
1.3398398e+01 1.9205508e-09 6.9571044e-09 2.5376419e-08
1.3408408e+01 1.6599812e-09 6.0461512e-09 2.2207057e-08
1.3418418e+01 1.4334438e-09 5.2540934e-09 1.9437749e-08
1.3428428e+01 1.2373674e-09 4.5619539e-09 1.6987282e-08
1.3438438e+01 1.0674885e-09 3.9618167e-09 1.4835977e-08
1.3448448e+01 9.2070161e-10 3.4382131e-09 1.2948558e-08
1.3458458e+01 7.9346738e-10 2.9812821e-09 1.1287204e-08
1.3468468e+01 6.8358245e-10 2.5847505e-09 9.8371147e-09
1.3478478e+01 5.8872790e-10 2.2378684e-09 8.5714982e-09
1.3488488e+01 5.0672419e-10 1.9377976e-09 7.4635964e-09
1.3498498e+01 4.3579476e-10 1.6751521e-09 6.4976593e-09
1.3508509e+01 3.7447645e-10 1.4475046e-09 5.6489003e-09
1.3518519e+01 3.2178428e-10 1.2513325e-09 4.9143233e-09
1.3528529e+01 2.7629904e-10 1.0808770e-09 4.2688901e-09
1.3538539e+01 2.3698636e-10 9.3325413e-10 3.7021403e-09
1.3548549e+01 2.0320507e-10 8.0513162e-10 3.2172046e-09
1.3558559e+01 1.7416661e-10 6.9411915e-10 2.7911543e-09
1.3568569e+01 1.4924708e-10 5.9792523e-10 2.4207144e-09
1.3578579e+01 1.2783334e-10 5.1478823e-10 2.0985070e-09
1.3588589e+01 1.0944757e-10 4.4292952e-10 1.8167051e-09
1.3598599e+01 9.3621693e-11 3.8059823e-10 1.5724043e-09
1.3608609e+01 8.0027098e-11 3.2706527e-10 1.3600698e-09
1.3618619e+01 6.8423013e-11 2.8116240e-10 1.1756645e-09
1.3628629e+01 5.8433025e-11 2.4157365e-10 1.0160496e-09
1.3638639e+01 4.9828378e-11 2.0726504e-10 8.7760506e-10
1.3648649e+01 4.2506145e-11 1.7773942e-10 7.5722918e-10
1.3658659e+01 3.6261198e-11 1.5237287e-10 6.5309591e-10
1.3668669e+01 3.0882793e-11 1.3058163e-10 5.6272201e-10
1.3678679e+01 2.6291844e-11 1.1181432e-10 4.8495193e-10
1.3688689e+01 2.2391161e-11 9.5672101e-11 4.1777873e-10
1.3698699e+01 1.9040761e-11 8.1820266e-11 3.5938770e-10
1.3708709e+01 1.6196027e-11 7.0007739e-11 3.0910998e-10
1.3718719e+01 1.3751743e-11 5.9816806e-11 2.6594766e-10
1.3728729e+01 1.1675302e-11 5.1054106e-11 2.2810195e-10
1.3738739e+01 9.9006706e-12 4.3565799e-11 1.9593884e-10
1.3748749e+01 8.3995365e-12 3.7153348e-11 1.6804938e-10
1.3758759e+01 7.1212889e-12 3.1648934e-11 1.4414773e-10
1.3768769e+01 6.0295450e-12 2.6968996e-11 1.2367524e-10
1.3778779e+01 5.1006063e-12 2.2965375e-11 1.0594034e-10
1.3788789e+01 4.3153116e-12 1.9548850e-11 9.0753331e-11
1.3798799e+01 3.6538865e-12 1.6616620e-11 7.7661831e-11
1.3808809e+01 3.0869175e-12 1.4118073e-11 6.6418876e-11
1.3818819e+01 2.6071347e-12 1.2002160e-11 5.6758205e-11
1.3828829e+01 2.2015218e-12 1.0188228e-11 4.8532809e-11
1.3838839e+01 1.8592411e-12 8.6430570e-12 4.1458868e-11
1.3848849e+01 1.5681672e-12 7.3317952e-12 3.5392368e-11
1.3858859e+01 1.3202595e-12 6.2112411e-12 3.0166203e-11
1.3868869e+01 1.1114644e-12 5.2642922e-12 2.5728337e-11
1.3878879e+01 9.3550873e-13 4.4549865e-12 2.1922913e-11
1.3888889e+01 7.8704365e-13 3.7695393e-12 1.8655621e-11
1.3898899e+01 6.6145071e-13 3.1874804e-12 1.5879129e-11
1.3908909e+01 5.5554375e-13 2.6930273e-12 1.3486356e-11
1.3918919e+01 4.6627422e-13 2.2736098e-12 1.1476389e-11
1.3928929e+01 3.9128563e-13 1.9190313e-12 9.7408181e-12
1.3938939e+01 3.2820641e-13 1.6199015e-12 8.2752150e-12
1.3948949e+01 2.7527967e-13 1.3661167e-12 7.0218615e-12
1.3958959e+01 2.3073800e-13 1.1515396e-12 5.9535718e-12
1.3968969e+01 1.9319305e-13 9.7086466e-13 5.0433946e-12
1.3978979e+01 1.6172027e-13 8.1695685e-13 4.2720472e-12
1.3988989e+01 1.3525982e-13 6.8735974e-13 3.6177419e-12
1.3998999e+01 1.1299395e-13 5.7814898e-13 3.0630878e-12
1.4009009e+01 9.4420309e-14 4.8593356e-13 2.5916851e-12
1.4019019e+01 7.8882208e-14 4.0811143e-13 2.1899986e-12
1.4029029e+01 6.5891234e-14 3.4265432e-13 1.8502325e-12
1.4039039e+01 5.4950159e-14 2.8753492e-13 1.5621863e-12
1.4049049e+01 4.5806383e-14 2.4110103e-13 1.3181524e-12
1.4059059e+01 3.8154642e-14 2.0201425e-13 1.1120126e-12
1.4069069e+01 3.1768389e-14 1.6931693e-13 9.3680289e-13
1.4079079e+01 2.6438437e-14 1.4184574e-13 7.8888412e-13
1.4089089e+01 2.1976693e-14 1.1863889e-13 6.6397888e-13
1.4099099e+01 1.8275862e-14 9.9168662e-14 5.5871106e-13
1.4109109e+01 1.5208262e-14 8.2863379e-14 4.7006905e-13
1.4119119e+01 1.2633315e-14 6.9267609e-14 3.9491846e-13
1.4129129e+01 1.0492088e-14 5.7827382e-14 3.3143309e-13
1.4139139e+01 8.6959650e-15 4.8248948e-14 2.7816831e-13
1.4149149e+01 7.2119466e-15 4.0230603e-14 2.3346931e-13
1.4159159e+01 5.9729761e-15 3.3551785e-14 1.9588058e-13
1.4169169e+01 4.9524094e-15 2.7967079e-14 1.6420724e-13
1.4179179e+01 4.0997072e-15 2.3284236e-14 1.3752530e-13
1.4189189e+01 3.3883444e-15 1.9380541e-14 1.1516807e-13
1.4199199e+01 2.7997491e-15 1.6106493e-14 9.6392409e-14
1.4209209e+01 2.3132496e-15 1.3378366e-14 8.0624255e-14
1.4219219e+01 1.9109405e-15 1.1108397e-14 6.7362296e-14
1.4229229e+01 1.5785371e-15 9.2219047e-15 5.6283758e-14
1.4239239e+01 1.3018161e-15 7.6536121e-15 4.6995727e-14
1.4249249e+01 1.0728453e-15 6.3484959e-15 3.9215134e-14
1.4259259e+01 8.8418828e-16 5.2594565e-15 3.2693129e-14
1.4269269e+01 7.2806865e-16 4.3555382e-15 2.7229977e-14
1.4279279e+01 5.9895432e-16 3.6048384e-15 2.2674894e-14
1.4289289e+01 4.9261086e-16 2.9826367e-15 1.8864395e-14
1.4299299e+01 4.0443720e-16 2.4662815e-15 1.5688032e-14
1.4309309e+01 3.3249406e-16 2.0374349e-15 1.3042458e-14
1.4319319e+01 2.7291044e-16 1.6820755e-15 1.0825475e-14
1.4329329e+01 2.2370361e-16 1.3885063e-15 8.9851322e-15
1.4339339e+01 1.8341621e-16 1.1455542e-15 7.4552532e-15
1.4349349e+01 1.5029692e-16 9.4452287e-16 6.1861076e-15
1.4359359e+01 1.2301652e-16 7.7810726e-16 5.1291439e-15
1.4369369e+01 1.0061494e-16 6.4080785e-16 4.2492533e-15
1.4379379e+01 8.2225726e-17 5.2739987e-16 3.5164430e-15
1.4389389e+01 6.7271518e-17 4.3357177e-16 2.9089769e-15
1.4399399e+01 5.4978182e-17 3.5650276e-16 2.4063201e-15
1.4409409e+01 4.4909867e-17 2.9312376e-16 1.9896157e-15
1.4419419e+01 3.6667338e-17 2.4069801e-16 1.6442742e-15
1.4429429e+01 2.9923628e-17 1.9746776e-16 1.3582003e-15
1.4439439e+01 2.4389749e-17 1.6198931e-16 1.1211237e-15
1.4449449e+01 1.9870484e-17 1.3282847e-16 9.2565752e-16
1.4459459e+01 1.6192126e-17 1.0888821e-16 7.6307894e-16
1.4469469e+01 1.3171035e-17 8.9160926e-17 6.2896952e-16
1.4479479e+01 1.0701144e-17 7.2928549e-17 5.1760497e-16
1.4489489e+01 8.7015794e-18 5.9656436e-17 4.2605518e-16
1.4499499e+01 7.0782514e-18 4.8763449e-17 3.5071586e-16
1.4509510e+01 5.7524154e-18 3.9821418e-17 2.8852603e-16
1.4519520e+01 4.6708289e-18 3.2523507e-17 2.3738580e-16
1.4529530e+01 3.7852674e-18 2.6536779e-17 1.9520796e-16
1.4539540e+01 3.0695327e-18 2.1645485e-17 1.6031727e-16
1.4549550e+01 2.4859588e-18 1.7651657e-17 1.3149120e-16
1.4559560e+01 2.0115027e-18 1.4370628e-17 1.0776263e-16
1.4569570e+01 1.6281456e-18 1.1700791e-17 8.8286051e-17
1.4579580e+01 1.3178229e-18 9.5195946e-18 7.2359546e-17
1.4589590e+01 1.0656933e-18 7.7444223e-18 5.9232872e-17
1.4599600e+01 8.6173584e-19 6.2951222e-18 4.8416498e-17
1.4609610e+01 6.9540982e-19 5.1146809e-18 3.9597171e-17
1.4619620e+01 5.6144944e-19 4.1539606e-18 3.2320532e-17
1.4629630e+01 4.5299875e-19 3.3699618e-18 2.6386846e-17
1.4639640e+01 3.6513351e-19 2.7338585e-18 2.1527727e-17
1.4649650e+01 2.9408736e-19 2.2158934e-18 1.7555298e-17
1.4659660e+01 2.3694777e-19 1.7951655e-18 1.4310324e-17
1.4669670e+01 1.9067124e-19 1.4540435e-18 1.1669458e-17
1.4679680e+01 1.5334194e-19 1.1763465e-18 9.5060117e-18
1.4689690e+01 1.2332019e-19 9.5094455e-19 7.7394868e-18
1.4699700e+01 9.9161014e-20 7.6799702e-19 6.2951572e-18
1.4709710e+01 7.9595564e-20 6.2013438e-19 5.1111205e-18
1.4719720e+01 6.3775579e-20 5.0039508e-19 4.1498911e-18
1.4729730e+01 5.1143334e-20 4.0351274e-19 3.3695668e-18
1.4739740e+01 4.0985600e-20 3.2514379e-19 2.7355753e-18
1.4749750e+01 3.2821683e-20 2.6206571e-19 2.2207530e-18
1.4759760e+01 2.6292639e-20 2.1109817e-19 1.8000759e-18
1.4769770e+01 2.1046716e-20 1.6980975e-19 1.4581506e-18
1.4779780e+01 1.6840967e-20 1.3659104e-19 1.1797433e-18
1.4789790e+01 1.3465470e-20 1.0984956e-19 9.5413942e-19
1.4799800e+01 1.0743338e-20 8.8310338e-20 7.7155370e-19
1.4809810e+01 8.5760051e-21 7.0910262e-20 6.2304411e-19
1.4819820e+01 6.8440584e-21 5.6916528e-20 5.0326436e-19
1.4829830e+01 5.4571366e-21 4.5647456e-20 4.0655937e-19
1.4839840e+01 4.3524523e-21 3.6614099e-20 3.2788181e-19
1.4849850e+01 3.4646510e-21 2.9348260e-20 2.6445544e-19
1.4859860e+01 2.7582419e-21 2.3499909e-20 2.1301010e-19
1.4869870e+01 2.1948567e-21 1.8808843e-20 1.7141047e-19
1.4879880e+01 1.7448528e-21 1.5046400e-20 1.3806385e-19
1.4889890e+01 1.3867499e-21 1.2037804e-20 1.1101507e-19
1.4899900e+01 1.1020610e-21 9.6225196e-21 8.9339701e-20
1.4909910e+01 8.7540714e-22 7.6843484e-21 7.1756063e-20
1.4919920e+01 6.9463232e-22 6.1340873e-21 5.7570181e-20
1.4929930e+01 5.5102597e-22 4.8934713e-21 4.6161621e-20
1.4939940e+01 4.3725969e-22 3.8997660e-21 3.7076580e-20
1.4949950e+01 3.4662275e-22 3.1075593e-21 2.9717082e-20
1.4959960e+01 2.7442585e-22 2.4741076e-21 2.3783283e-20
1.4969970e+01 2.1724535e-22 1.9705449e-21 1.9055624e-20
1.4979980e+01 1.7180948e-22 1.5677858e-21 1.5245884e-20
1.4989990e+01 1.3579034e-22 1.2462268e-21 1.2205606e-20
1.5000000e+01 1.0723453e-22 9.9031267e-22 9.7565349e-21
