X KDE_INF KDE_MED KDE_SUP
-4.0000000e+00 2.0079490e-21 2.1753435e-19 4.3703272e-19
-3.9949950e+00 2.5000976e-21 2.6761701e-19 5.3767862e-19
-3.9899900e+00 3.1111678e-21 3.2904992e-19 6.6114093e-19
-3.9849850e+00 3.8694753e-21 4.0436361e-19 8.1250828e-19
-3.9799800e+00 4.8099759e-21 4.9664327e-19 9.9798500e-19
-3.9749750e+00 5.9757979e-21 6.0964815e-19 1.2251315e-18
-3.9699700e+00 7.4201227e-21 7.4795621e-19 1.5031554e-18
-3.9649650e+00 9.2084906e-21 9.1713929e-19 1.8432640e-18
-3.9599600e+00 1.1421628e-20 1.1239750e-18 2.2590909e-18
-3.9549550e+00 1.4158907e-20 1.3767028e-18 2.7672114e-18
-3.9499499e+00 1.7542586e-20 1.6853339e-18 3.3877665e-18
-3.9449449e+00 2.1722995e-20 2.0620251e-18 4.1452155e-18
-3.9399399e+00 2.6884872e-20 2.5215301e-18 5.0692447e-18
-3.9349349e+00 3.3255112e-20 3.0817441e-18 6.1958643e-18
-3.9299299e+00 4.1112231e-20 3.7643606e-18 7.5687308e-18
-3.9249249e+00 5.0797912e-20 4.5956621e-18 9.2407397e-18
-3.9199199e+00 6.2731092e-20 5.6074729e-18 1.1275945e-17
-3.9149149e+00 7.7425143e-20 6.8383055e-18 1.3751867e-17
-3.9099099e+00 9.5508795e-20 8.3347396e-18 1.6762273e-17
-3.9049049e+00 1.1775162e-19 1.0153080e-17 2.0420515e-17
-3.8998999e+00 1.4509506e-19 1.2361347e-17 2.4863542e-17
-3.8948949e+00 1.7869012e-19 1.5041669e-17 3.0256721e-17
-3.8898899e+00 2.1994325e-19 1.8293150e-17 3.6799614e-17
-3.8848849e+00 2.7057204e-19 2.2235310e-17 4.4732918e-17
-3.8798799e+00 3.3267287e-19 2.7012210e-17 5.4346770e-17
-3.8748749e+00 4.0880295e-19 3.2797390e-17 6.5990712e-17
-3.8698699e+00 5.0207992e-19 3.9799782e-17 8.0085603e-17
-3.8648649e+00 6.1630242e-19 4.8270782e-17 9.7137889e-17
-3.8598599e+00 7.5609625e-19 5.8512712e-17 1.1775665e-16
-3.8548549e+00 9.2709128e-19 7.0888920e-17 1.4267399e-16
-3.8498498e+00 1.1361354e-18 8.5835855e-17 1.7276937e-16
-3.8448448e+00 1.3915535e-18 1.0387747e-16 2.0909868e-16
-3.8398398e+00 1.7034598e-18 1.2564241e-16 2.5292888e-16
-3.8348348e+00 2.0841359e-18 1.5188447e-16 3.0577935e-16
-3.8298298e+00 2.5484867e-18 1.8350705e-16 3.6947111e-16
-3.8248248e+00 3.1145903e-18 2.2159217e-16 4.4618548e-16
-3.8198198e+00 3.8043604e-18 2.6743504e-16 5.3853383e-16
-3.8148148e+00 4.6443459e-18 3.2258523e-16 6.4964063e-16
-3.8098098e+00 5.6666924e-18 3.8889549e-16 7.8324203e-16
-3.8048048e+00 6.9103002e-18 4.6857984e-16 9.4380316e-16
-3.7997998e+00 8.4222162e-18 5.6428248e-16 1.1366572e-15
-3.7947948e+00 1.0259308e-17 6.7915953e-16 1.3681705e-15
-3.7897898e+00 1.2490272e-17 8.1697602e-16 1.6459385e-15
-3.7847848e+00 1.5198053e-17 9.8222074e-16 1.9790175e-15
-3.7797798e+00 1.8482735e-17 1.1802423e-15 2.3781997e-15
-3.7747748e+00 2.2465014e-17 1.4174101e-15 2.8563385e-15
-3.7697698e+00 2.7290367e-17 1.7013049e-15 3.4287332e-15
-3.7647648e+00 3.3134028e-17 2.0409440e-15 4.1135843e-15
-3.7597598e+00 4.0206965e-17 2.4470469e-15 4.9325307e-15
-3.7547548e+00 4.8763012e-17 2.9323500e-15 5.9112847e-15
-3.7497497e+00 5.9107415e-17 3.5119767e-15 7.0803815e-15
-3.7447447e+00 7.1607020e-17 4.2038745e-15 8.4760624e-15
-3.7397397e+00 8.6702467e-17 5.0293303e-15 1.0141317e-14
-3.7347347e+00 1.0492271e-16 6.0135772e-15 1.2127108e-14
-3.7297297e+00 1.2690237e-16 7.1865083e-15 1.4493821e-14
-3.7247247e+00 1.5340240e-16 8.5835174e-15 1.7312957e-14
-3.7197197e+00 1.8533474e-16 1.0246487e-14 2.0669138e-14
-3.7147147e+00 2.2379156e-16 1.2224947e-14 2.4662450e-14
-3.7097097e+00 2.7008020e-16 1.4577442e-14 2.9411206e-14
-3.7047047e+00 3.2576470e-16 1.7373126e-14 3.5055179e-14
-3.6996997e+00 3.9271501e-16 2.0693645e-14 4.1759406e-14
-3.6946947e+00 4.7316562e-16 2.4635327e-14 4.9718638e-14
-3.6896897e+00 5.6978512e-16 2.9311769e-14 5.9162553e-14
-3.6846847e+00 6.8575859e-16 3.4856845e-14 7.0361870e-14
-3.6796797e+00 8.2488541e-16 4.1428239e-14 8.3635497e-14
-3.6746747e+00 9.9169506e-16 4.9211571e-14 9.9358886e-14
-3.6696697e+00 1.1915847e-15 5.8425220e-14 1.1797381e-13
-3.6646647e+00 1.4309811e-15 6.9325955e-14 1.3999976e-13
-3.6596597e+00 1.7175331e-15 8.2215506e-14 1.6604730e-13
-3.6546547e+00 2.0603384e-15 9.7448238e-14 1.9683358e-13
-3.6496496e+00 2.4702119e-15 1.1544008e-13 2.3320046e-13
-3.6446446e+00 2.9600024e-15 1.3667896e-13 2.7613564e-13
-3.6396396e+00 3.5449665e-15 1.6173690e-13 3.2679724e-13
-3.6346346e+00 4.2432091e-15 1.9128414e-13 3.8654243e-13
-3.6296296e+00 5.0762028e-15 2.2610555e-13 4.5696069e-13
-3.6246246e+00 6.0693996e-15 2.6711969e-13 5.3991251e-13
-3.6196196e+00 7.2529505e-15 3.1540095e-13 6.3757435e-13
-3.6146146e+00 8.6625531e-15 3.7220528e-13 7.5249079e-13
-3.6096096e+00 1.0340448e-14 4.3899998e-13 8.8763507e-13
-3.6046046e+00 1.2336586e-14 5.1749830e-13 1.0464793e-12
-3.5995996e+00 1.4710007e-14 6.0969944e-13 1.2330757e-12
-3.5945946e+00 1.7530448e-14 7.1793501e-13 1.4521511e-12
-3.5895896e+00 2.0880235e-14 8.4492262e-13 1.7092155e-12
-3.5845846e+00 2.4856502e-14 9.9382798e-13 2.0106885e-12
-3.5795796e+00 2.9573785e-14 1.1683366e-12 2.3640449e-12
-3.5745746e+00 3.5167064e-14 1.3727367e-12 2.7779834e-12
-3.5695696e+00 4.1795315e-14 1.6120148e-12 3.2626204e-12
-3.5645646e+00 4.9645668e-14 1.8919658e-12 3.8297150e-12
-3.5595596e+00 5.8938256e-14 2.2193208e-12 4.4929271e-12
-3.5545546e+00 6.9931915e-14 2.6018929e-12 5.2681157e-12
-3.5495495e+00 8.2930801e-14 3.0487463e-12 6.1736822e-12
-3.5445445e+00 9.8292086e-14 3.5703904e-12 7.2309654e-12
-3.5395395e+00 1.1643498e-13 4.1790030e-12 8.4646956e-12
-3.5345345e+00 1.3785126e-13 4.8886869e-12 9.9035174e-12
-3.5295295e+00 1.6311737e-13 5.7157649e-12 1.1580590e-11
-3.5245245e+00 1.9290878e-13 6.6791174e-12 1.3534274e-11
-3.5195195e+00 2.2801638e-13 7.8005712e-12 1.5808925e-11
-3.5145145e+00 2.6936576e-13 9.1053438e-12 1.8455798e-11
-3.5095095e+00 3.1803949e-13 1.0622553e-11 2.1534086e-11
-3.5045045e+00 3.7530299e-13 1.2385802e-11 2.5112109e-11
-3.4994995e+00 4.4263460e-13 1.4433843e-11 2.9268676e-11
-3.4944945e+00 5.2176015e-13 1.6811347e-11 3.4094640e-11
-3.4894895e+00 6.1469367e-13 1.9569770e-11 3.9694682e-11
-3.4844845e+00 7.2378393e-13 2.2768353e-11 4.6189336e-11
-3.4794795e+00 8.5176825e-13 2.6475260e-11 5.3717316e-11
-3.4744745e+00 1.0018352e-12 3.0768870e-11 6.2438160e-11
-3.4694695e+00 1.1776966e-12 3.5739265e-11 7.2535249e-11
-3.4644645e+00 1.3836712e-12 4.1489904e-11 8.4219247e-11
-3.4594595e+00 1.6247803e-12 4.8139548e-11 9.7732014e-11
-3.4544545e+00 1.9068595e-12 5.5824440e-11 1.1335106e-10
-3.4494494e+00 2.2366868e-12 6.4700783e-11 1.3139463e-10
-3.4444444e+00 2.6221284e-12 7.4947563e-11 1.5222744e-10
-3.4394394e+00 3.0723102e-12 8.6769747e-11 1.7626722e-10
-3.4344344e+00 3.5978129e-12 1.0040191e-10 2.0399216e-10
-3.4294294e+00 4.2108954e-12 1.1611238e-10 2.3594933e-10
-3.4244244e+00 4.9257524e-12 1.3420786e-10 2.7276419e-10
-3.4194194e+00 5.7588132e-12 1.5503876e-10 3.1515145e-10
-3.4144144e+00 6.7290819e-12 1.7900516e-10 3.6392731e-10
-3.4094094e+00 7.8585276e-12 2.0656358e-10 4.2002329e-10
-3.4044044e+00 9.1725214e-12 2.3823466e-10 4.8450194e-10
-3.3993994e+00 1.0700368e-11 2.7461175e-10 5.5857446e-10
-3.3943944e+00 1.2475877e-11 3.1637073e-10 6.4362080e-10
-3.3893894e+00 1.4538033e-11 3.6428100e-10 7.4121212e-10
-3.3843844e+00 1.6931779e-11 4.1921788e-10 8.5313631e-10
-3.3793794e+00 1.9708880e-11 4.8217664e-10 9.8142660e-10
-3.3743744e+00 2.2928930e-11 5.5428821e-10 1.1283939e-09
-3.3693694e+00 2.6660479e-11 6.3683694e-10 1.2966631e-09
-3.3643644e+00 3.0982375e-11 7.3128053e-10 1.4892140e-09
-3.3593594e+00 3.5985212e-11 8.3927245e-10 1.7094272e-09
-3.3543544e+00 4.1773028e-11 9.6268706e-10 1.9611360e-09
-3.3493493e+00 4.8465236e-11 1.1036479e-09 2.2486837e-09
-3.3443443e+00 5.6198808e-11 1.2645594e-09 2.5769895e-09
-3.3393393e+00 6.5130768e-11 1.4481422e-09 2.9516208e-09
-3.3343343e+00 7.5441137e-11 1.6574732e-09 3.3788749e-09
-3.3293293e+00 8.7335860e-11 1.8960300e-09 3.8658707e-09
-3.3243243e+00 1.0105068e-10 2.1677404e-09 4.4206509e-09
-3.3193193e+00 1.1685531e-10 2.4770385e-09 5.0522964e-09
-3.3143143e+00 1.3505795e-10 2.8289269e-09 5.7710541e-09
-3.3093093e+00 1.5601072e-10 3.2290456e-09 6.5884797e-09
-3.3043043e+00 1.8011556e-10 3.6837502e-09 7.5175971e-09
-3.2992993e+00 2.0783124e-10 4.2001977e-09 8.5730757e-09
-3.2942943e+00 2.3968054e-10 4.7864431e-09 9.7714289e-09
-3.2892893e+00 2.7625961e-10 5.4515465e-09 1.1131234e-08
-3.2842843e+00 3.1824725e-10 6.2056920e-09 1.2673379e-08
-3.2792793e+00 3.6641612e-10 7.0603210e-09 1.4421333e-08
-3.2742743e+00 4.2164505e-10 8.0282788e-09 1.6401450e-08
-3.2692693e+00 4.8493336e-10 9.1239786e-09 1.8643310e-08
-3.2642643e+00 5.5741615e-10 1.0363583e-08 2.1180087e-08
-3.2592593e+00 6.4038281e-10 1.1765205e-08 2.4048964e-08
-3.2542543e+00 7.3529658e-10 1.3349132e-08 2.7291602e-08
-3.2492492e+00 8.4381679e-10 1.5138071e-08 3.0954634e-08
-3.2442442e+00 9.6782480e-10 1.7157424e-08 3.5090243e-08
-3.2392392e+00 1.1094518e-09 1.9435591e-08 3.9756772e-08
-3.2342342e+00 1.2711075e-09 2.2004300e-08 4.5019425e-08
-3.2292292e+00 1.4555242e-09 2.4898981e-08 5.0951019e-08
-3.2242242e+00 1.6657872e-09 2.8159170e-08 5.7632829e-08
-3.2192192e+00 1.9053818e-09 3.1828959e-08 6.5155512e-08
-3.2142142e+00 2.1782472e-09 3.5957493e-08 7.3620129e-08
-3.2092092e+00 2.4888298e-09 4.0599510e-08 8.3139267e-08
-3.2042042e+00 2.8421439e-09 4.5815948e-08 9.3838277e-08
-3.1991992e+00 3.2438418e-09 5.1674600e-08 1.0585664e-07
-3.1941942e+00 3.7002968e-09 5.8250839e-08 1.1934948e-07
-3.1891892e+00 4.2186781e-09 6.5628417e-08 1.3448915e-07
-3.1841842e+00 4.8070498e-09 7.3900339e-08 1.5146711e-07
-3.1791792e+00 5.4744914e-09 8.3169820e-08 1.7049585e-07
-3.1741742e+00 6.2312032e-09 9.3551334e-08 1.9181108e-07
-3.1691692e+00 7.0886428e-09 1.0517177e-07 2.1567410e-07
-3.1641642e+00 8.0596742e-09 1.1817168e-07 2.4237441e-07
-3.1591592e+00 9.1587236e-09 1.3270668e-07 2.7223255e-07
-3.1541542e+00 1.0401971e-08 1.4894891e-07 3.0560318e-07
-3.1491491e+00 1.1807552e-08 1.6708874e-07 3.4287850e-07
-3.1441441e+00 1.3395750e-08 1.8733650e-07 3.8449194e-07
-3.1391391e+00 1.5189294e-08 2.0992448e-07 4.3092219e-07
-3.1341341e+00 1.7213584e-08 2.3510903e-07 4.8269761e-07
-3.1291291e+00 1.9497034e-08 2.6317289e-07 5.4040100e-07
-3.1241241e+00 2.2071361e-08 2.9442775e-07 6.0467479e-07
-3.1191191e+00 2.4971986e-08 3.2921691e-07 6.7622677e-07
-3.1141141e+00 2.8238404e-08 3.6791837e-07 7.5583615e-07
-3.1091091e+00 3.1914691e-08 4.1094795e-07 8.4436029e-07
-3.1041041e+00 3.6049959e-08 4.5876291e-07 9.4274193e-07
-3.0990991e+00 4.0698879e-08 5.1186568e-07 1.0520170e-06
-3.0940941e+00 4.5922246e-08 5.7080803e-07 1.1733232e-06
-3.0890891e+00 5.1787787e-08 6.3619550e-07 1.3079090e-06
-3.0840841e+00 5.8370763e-08 7.0869224e-07 1.4571440e-06
-3.0790791e+00 6.5754602e-08 7.8902626e-07 1.6225291e-06
-3.0740741e+00 7.4032138e-08 8.7799501e-07 1.8057084e-06
-3.0690691e+00 8.3306160e-08 9.7647151e-07 2.0084818e-06
-3.0640641e+00 9.3691102e-08 1.0854109e-06 2.2328183e-06
-3.0590591e+00 1.0531375e-07 1.2058574e-06 2.4808707e-06
-3.0540541e+00 1.1831397e-07 1.3389522e-06 2.7549908e-06
-3.0490490e+00 1.3284626e-07 1.4859414e-06 3.0577467e-06
-3.0440440e+00 1.4908314e-07 1.6481848e-06 3.3919407e-06
-3.0390390e+00 1.6721296e-07 1.8271654e-06 3.7606284e-06
-3.0340340e+00 1.8744695e-07 2.0244998e-06 4.1671399e-06
-3.0290290e+00 2.1001470e-07 2.2419488e-06 4.6151015e-06
-3.0240240e+00 2.3517289e-07 2.4814290e-06 5.1084605e-06
-3.0190190e+00 2.6320207e-07 2.7450257e-06 5.6515091e-06
-3.0140140e+00 2.9441225e-07 3.0350057e-06 6.2489134e-06
-3.0090090e+00 3.2914452e-07 3.3538323e-06 6.9057416e-06
-3.0040040e+00 3.6777277e-07 3.7041799e-06 7.6274946e-06
-2.9989990e+00 4.1070872e-07 4.0889507e-06 8.4201403e-06
-2.9939940e+00 4.5840858e-07 4.5112920e-06 9.2901475e-06
-2.9889890e+00 5.1137440e-07 4.9746148e-06 1.0244525e-05
-2.9839840e+00 5.7015185e-07 5.4826135e-06 1.1290859e-05
-2.9789790e+00 6.3533916e-07 6.0392866e-06 1.2437357e-05
-2.9739740e+00 7.0759504e-07 6.6489599e-06 1.3692896e-05
-2.9689690e+00 7.8764226e-07 7.3163090e-06 1.5067067e-05
-2.9639640e+00 8.7627095e-07 8.0463858e-06 1.6570225e-05
-2.9589590e+00 9.7434206e-07 8.8446441e-06 1.8213544e-05
-2.9539540e+00 1.0828036e-06 9.7169686e-06 2.0009066e-05
-2.9489489e+00 1.2026979e-06 1.0669705e-05 2.1969775e-05
-2.9439439e+00 1.3351469e-06 1.1709690e-05 2.4109650e-05
-2.9389389e+00 1.4813879e-06 1.2844288e-05 2.6443740e-05
-2.9339339e+00 1.6427587e-06 1.4081424e-05 2.8988222e-05
-2.9289289e+00 1.8207295e-06 1.5429621e-05 3.1760465e-05
-2.9239239e+00 2.0168990e-06 1.6898042e-05 3.4779133e-05
-2.9189189e+00 2.2330021e-06 1.8496527e-05 3.8064267e-05
-2.9139139e+00 2.4709200e-06 2.0235640e-05 4.1637352e-05
-2.9089089e+00 2.7326898e-06 2.2126717e-05 4.5521411e-05
-2.9039039e+00 3.0205651e-06 2.4181907e-05 4.9741108e-05
-2.8988989e+00 3.3369623e-06 2.6414231e-05 5.4322827e-05
-2.8938939e+00 3.6845709e-06 2.8837629e-05 5.9294786e-05
-2.8888889e+00 4.0661811e-06 3.1467006e-05 6.4687122e-05
-2.8838839e+00 4.4849830e-06 3.4318320e-05 7.0532059e-05
-2.8788789e+00 4.9442219e-06 3.7408621e-05 7.6863964e-05
-2.8738739e+00 5.4475499e-06 4.0756120e-05 8.3719496e-05
-2.8688689e+00 5.9989166e-06 4.4380250e-05 9.1137703e-05
-2.8638639e+00 6.6025133e-06 4.8301743e-05 9.9160165e-05
-2.8588589e+00 7.2629549e-06 5.2542699e-05 1.0783115e-04
-2.8538539e+00 7.9852826e-06 5.7126659e-05 1.1719772e-04
-2.8488488e+00 8.7748243e-06 6.2078688e-05 1.2730985e-04
-2.8438438e+00 9.6371925e-06 6.7425456e-05 1.3822071e-04
-2.8388388e+00 1.0578569e-05 7.3195320e-05 1.4998659e-04
-2.8338338e+00 1.1605887e-05 7.9418383e-05 1.6266724e-04
-2.8288288e+00 1.2726236e-05 8.6126630e-05 1.7632590e-04
-2.8238238e+00 1.3947312e-05 9.3354050e-05 1.9102959e-04
-2.8188188e+00 1.5277455e-05 1.0113666e-04 2.0684924e-04
-2.8138138e+00 1.6725435e-05 1.0951263e-04 2.2385973e-04
-2.8088088e+00 1.8300764e-05 1.1852241e-04 2.4214036e-04
-2.8038038e+00 2.0014232e-05 1.2820880e-04 2.6177443e-04
-2.7987988e+00 2.1876821e-05 1.3861709e-04 2.8285013e-04
-2.7937938e+00 2.3899438e-05 1.4979518e-04 3.0546040e-04
-2.7887888e+00 2.6095444e-05 1.6179365e-04 3.2970285e-04
-2.7837838e+00 2.8478245e-05 1.7466593e-04 3.5568049e-04
-2.7787788e+00 3.1062812e-05 1.8846842e-04 3.8350222e-04
-2.7737738e+00 3.3863657e-05 2.0327103e-04 4.1327994e-04
-2.7687688e+00 3.6897066e-05 2.1915241e-04 4.4513387e-04
-2.7637638e+00 4.0181718e-05 2.3620289e-04 4.7918941e-04
-2.7587588e+00 4.3735875e-05 2.5442519e-04 5.1557748e-04
-2.7537538e+00 4.7579701e-05 2.7386210e-04 5.5443552e-04
-2.7487487e+00 5.1734435e-05 2.9463980e-04 5.9590784e-04
-2.7437437e+00 5.6220735e-05 3.1683942e-04 6.4014428e-04
-2.7387387e+00 6.1066042e-05 3.4054614e-04 6.8730184e-04
-2.7337337e+00 6.6294382e-05 3.6584939e-04 7.3754443e-04
-2.7287287e+00 7.1931514e-05 3.9284300e-04 7.9104339e-04
-2.7237237e+00 7.8007108e-05 4.2162533e-04 8.4797719e-04
-2.7187187e+00 8.4552967e-05 4.5229948e-04 9.0853082e-04
-2.7137137e+00 9.1603088e-05 4.8497339e-04 9.7289669e-04
-2.7087087e+00 9.9189186e-05 5.1986890e-04 1.0412870e-03
-2.7037037e+00 1.0734810e-04 5.5689571e-04 1.1138869e-03
-2.6986987e+00 1.1611544e-04 5.9647217e-04 1.1909242e-03
-2.6936937e+00 1.2553310e-04 6.3835796e-04 1.2726233e-03
-2.6886887e+00 1.3565197e-04 6.8361312e-04 1.3592189e-03
-2.6836837e+00 1.4650958e-04 7.3513400e-04 1.4509535e-03
-2.6786787e+00 1.5816148e-04 7.8861133e-04 1.5480708e-03
-2.6736737e+00 1.7064326e-04 8.4615696e-04 1.6508216e-03
-2.6686687e+00 1.8401713e-04 9.1065123e-04 1.7594732e-03
-2.6636637e+00 1.9834621e-04 9.8036540e-04 1.8742975e-03
-2.6586587e+00 2.1369093e-04 1.0553776e-03 1.9955827e-03
-2.6536537e+00 2.3010267e-04 1.1355263e-03 2.1236002e-03
-2.6486486e+00 2.4765150e-04 1.2211140e-03 2.2586845e-03
-2.6436436e+00 2.6640858e-04 1.3070900e-03 2.4011039e-03
-2.6386386e+00 2.8643656e-04 1.3903145e-03 2.5513081e-03
-2.6336336e+00 3.0782193e-04 1.4773231e-03 2.7094029e-03
-2.6286286e+00 3.3061997e-04 1.5695811e-03 2.8757849e-03
-2.6236236e+00 3.5492419e-04 1.6664078e-03 3.0510480e-03
-2.6186186e+00 3.8083970e-04 1.7679940e-03 3.2351386e-03
-2.6136136e+00 4.0843452e-04 1.8747947e-03 3.4286316e-03
-2.6086086e+00 4.3783834e-04 1.9870146e-03 3.6318994e-03
-2.6036036e+00 4.6913887e-04 2.1048642e-03 3.8451095e-03
-2.5985986e+00 5.0243003e-04 2.2285533e-03 4.0687093e-03
-2.5935936e+00 5.3783600e-04 2.3583904e-03 4.3031159e-03
-2.5885886e+00 5.7544560e-04 2.4944349e-03 4.5487333e-03
-2.5835836e+00 6.1535521e-04 2.6374024e-03 4.8060781e-03
-2.5785786e+00 6.5773802e-04 2.7867629e-03 5.0752307e-03
-2.5735736e+00 7.0276563e-04 2.9431472e-03 5.3567229e-03
-2.5685686e+00 7.5050457e-04 3.1072831e-03 5.6510609e-03
-2.5635636e+00 8.0100962e-04 3.2786518e-03 5.9585721e-03
-2.5585586e+00 8.5453875e-04 3.4576463e-03 6.2796808e-03
-2.5535536e+00 9.1119777e-04 3.6456129e-03 6.6147105e-03
-2.5485485e+00 9.7122801e-04 3.8422447e-03 6.9648485e-03
-2.5435435e+00 1.0347397e-03 4.0463556e-03 7.3294673e-03
-2.5385385e+00 1.1018347e-03 4.2600077e-03 7.7091855e-03
-2.5335335e+00 1.1728828e-03 4.4853936e-03 8.1047016e-03
-2.5285285e+00 1.2478394e-03 4.7184585e-03 8.5181024e-03
-2.5235235e+00 1.3269755e-03 4.9587479e-03 8.9464445e-03
-2.5185185e+00 1.4106091e-03 5.2105485e-03 9.3920765e-03
-2.5135135e+00 1.4989438e-03 5.4731339e-03 9.8543519e-03
-2.5085085e+00 1.5920501e-03 5.7461182e-03 1.0337187e-02
-2.5035035e+00 1.6900807e-03 6.0293487e-03 1.0839706e-02
-2.4984985e+00 1.7931970e-03 6.3211656e-03 1.1363844e-02
-2.4934935e+00 1.9017985e-03 6.6234661e-03 1.1902373e-02
-2.4884885e+00 2.0167282e-03 6.9383470e-03 1.2459594e-02
-2.4834835e+00 2.1379807e-03 7.2646504e-03 1.3038671e-02
-2.4784785e+00 2.2647455e-03 7.6031857e-03 1.3636523e-02
-2.4734735e+00 2.3981113e-03 7.9527635e-03 1.4257317e-02
-2.4684685e+00 2.5387298e-03 8.3145620e-03 1.4902848e-02
-2.4634635e+00 2.6857034e-03 8.6933093e-03 1.5567648e-02
-2.4584585e+00 2.8410766e-03 9.0825760e-03 1.6257537e-02
-2.4534535e+00 3.0032619e-03 9.4860906e-03 1.6970800e-02
-2.4484484e+00 3.1735522e-03 9.9016347e-03 1.7698804e-02
-2.4434434e+00 3.3523413e-03 1.0333527e-02 1.8454050e-02
-2.4384384e+00 3.5401058e-03 1.0782685e-02 1.9229543e-02
-2.4334334e+00 3.7367357e-03 1.1248764e-02 2.0028532e-02
-2.4284284e+00 3.9444546e-03 1.1731397e-02 2.0855330e-02
-2.4234234e+00 4.1604896e-03 1.2227530e-02 2.1708625e-02
-2.4184184e+00 4.3876039e-03 1.2737159e-02 2.2587310e-02
-2.4134134e+00 4.6254679e-03 1.3261220e-02 2.3493729e-02
-2.4084084e+00 4.8736520e-03 1.3801895e-02 2.4445553e-02
-2.4034034e+00 5.1347623e-03 1.4360817e-02 2.5413378e-02
-2.3983984e+00 5.4071362e-03 1.4952472e-02 2.6404061e-02
-2.3933934e+00 5.6905880e-03 1.5557972e-02 2.7432530e-02
-2.3883884e+00 5.9882943e-03 1.6180493e-02 2.8482031e-02
-2.3833834e+00 6.2987392e-03 1.6821600e-02 2.9554276e-02
-2.3783784e+00 6.6267016e-03 1.7479384e-02 3.0649879e-02
-2.3733734e+00 6.9683689e-03 1.8152949e-02 3.1798661e-02
-2.3683684e+00 7.3267008e-03 1.8850186e-02 3.2966452e-02
-2.3633634e+00 7.7070888e-03 1.9562742e-02 3.4186463e-02
-2.3583584e+00 8.0937003e-03 2.0295206e-02 3.5425604e-02
-2.3533534e+00 8.5013308e-03 2.1064441e-02 3.6691140e-02
-2.3483483e+00 8.9255840e-03 2.1846706e-02 3.7985424e-02
-2.3433433e+00 9.3694216e-03 2.2659022e-02 3.9307005e-02
-2.3383383e+00 9.8271931e-03 2.3493229e-02 4.0671975e-02
-2.3333333e+00 1.0303173e-02 2.4362678e-02 4.2062704e-02
-2.3283283e+00 1.0814685e-02 2.5238840e-02 4.3469940e-02
-2.3233233e+00 1.1329135e-02 2.6165668e-02 4.4915434e-02
-2.3183183e+00 1.1869678e-02 2.7119935e-02 4.6400528e-02
-2.3133133e+00 1.2443737e-02 2.8098171e-02 4.7902399e-02
-2.3083083e+00 1.3041378e-02 2.9094433e-02 4.9432681e-02
-2.3033033e+00 1.3665286e-02 3.0138329e-02 5.0971587e-02
-2.2982983e+00 1.4321796e-02 3.1197780e-02 5.2530309e-02
-2.2932933e+00 1.4992110e-02 3.2270804e-02 5.4112020e-02
-2.2882883e+00 1.5690965e-02 3.3382751e-02 5.5767347e-02
-2.2832833e+00 1.6439143e-02 3.4523007e-02 5.7452121e-02
-2.2782783e+00 1.7191582e-02 3.5685902e-02 5.9126918e-02
-2.2732733e+00 1.7978504e-02 3.6894587e-02 6.0827810e-02
-2.2682683e+00 1.8810192e-02 3.8135205e-02 6.2548998e-02
-2.2632633e+00 1.9695330e-02 3.9397302e-02 6.4362797e-02
-2.2582583e+00 2.0548514e-02 4.0711588e-02 6.6096292e-02
-2.2532533e+00 2.1465318e-02 4.2025845e-02 6.7897816e-02
-2.2482482e+00 2.2450894e-02 4.3395834e-02 6.9721335e-02
-2.2432432e+00 2.3450593e-02 4.4809898e-02 7.1567413e-02
-2.2382382e+00 2.4472794e-02 4.6242063e-02 7.3464159e-02
-2.2332332e+00 2.5537604e-02 4.7705086e-02 7.5372833e-02
-2.2282282e+00 2.6621503e-02 4.9184942e-02 7.7338001e-02
-2.2232232e+00 2.7748790e-02 5.0693076e-02 7.9348714e-02
-2.2182182e+00 2.8853754e-02 5.2227046e-02 8.1295185e-02
-2.2132132e+00 2.9985865e-02 5.3770770e-02 8.3365829e-02
-2.2082082e+00 3.1196180e-02 5.5365961e-02 8.5482422e-02
-2.2032032e+00 3.2410313e-02 5.7007723e-02 8.7645632e-02
-2.1981982e+00 3.3680695e-02 5.8713680e-02 8.9809509e-02
-2.1931932e+00 3.4977043e-02 6.0418049e-02 9.2020365e-02
-2.1881882e+00 3.6320641e-02 6.2149693e-02 9.4267863e-02
-2.1831832e+00 3.7646602e-02 6.3962329e-02 9.6489633e-02
-2.1781782e+00 3.9061386e-02 6.5850863e-02 9.8792606e-02
-2.1731732e+00 4.0497797e-02 6.7763258e-02 1.0118501e-01
-2.1681682e+00 4.2004973e-02 6.9686620e-02 1.0360803e-01
-2.1631632e+00 4.3615800e-02 7.1650978e-02 1.0603293e-01
-2.1581582e+00 4.5239612e-02 7.3667190e-02 1.0851778e-01
-2.1531532e+00 4.6871189e-02 7.5781752e-02 1.1105464e-01
-2.1481481e+00 4.8583690e-02 7.7965907e-02 1.1357596e-01
-2.1431431e+00 5.0366171e-02 8.0156417e-02 1.1611473e-01
-2.1381381e+00 5.2174762e-02 8.2434807e-02 1.1871047e-01
-2.1331331e+00 5.4100125e-02 8.4740782e-02 1.2138377e-01
-2.1281281e+00 5.6096826e-02 8.7122821e-02 1.2407153e-01
-2.1231231e+00 5.8102292e-02 8.9568881e-02 1.2681003e-01
-2.1181181e+00 6.0234977e-02 9.2011069e-02 1.2967892e-01
-2.1131131e+00 6.2463312e-02 9.4537749e-02 1.3252318e-01
-2.1081081e+00 6.4766105e-02 9.7116931e-02 1.3532456e-01
-2.1031031e+00 6.7068149e-02 9.9764725e-02 1.3826636e-01
-2.0980981e+00 6.9541014e-02 1.0245070e-01 1.4136074e-01
-2.0930931e+00 7.1958142e-02 1.0526824e-01 1.4443758e-01
-2.0880881e+00 7.4469818e-02 1.0806986e-01 1.4761092e-01
-2.0830831e+00 7.7041666e-02 1.1093028e-01 1.5081158e-01
-2.0780781e+00 7.9704411e-02 1.1388733e-01 1.5408343e-01
-2.0730731e+00 8.2376006e-02 1.1697859e-01 1.5740890e-01
-2.0680681e+00 8.5077623e-02 1.2014879e-01 1.6086524e-01
-2.0630631e+00 8.7938147e-02 1.2340090e-01 1.6431970e-01
-2.0580581e+00 9.0924354e-02 1.2662320e-01 1.6795227e-01
-2.0530531e+00 9.3939486e-02 1.2996246e-01 1.7163230e-01
-2.0480480e+00 9.6950114e-02 1.3344056e-01 1.7530938e-01
-2.0430430e+00 1.0009061e-01 1.3694475e-01 1.7903650e-01
-2.0380380e+00 1.0331639e-01 1.4054246e-01 1.8297742e-01
-2.0330330e+00 1.0668496e-01 1.4425910e-01 1.8699905e-01
-2.0280280e+00 1.1014396e-01 1.4799251e-01 1.9100354e-01
-2.0230230e+00 1.1364310e-01 1.5186395e-01 1.9506796e-01
-2.0180180e+00 1.1723436e-01 1.5575369e-01 1.9927973e-01
-2.0130130e+00 1.2092389e-01 1.5977890e-01 2.0355958e-01
-2.0080080e+00 1.2469011e-01 1.6383499e-01 2.0784641e-01
-2.0030030e+00 1.2860464e-01 1.6803177e-01 2.1240293e-01
-1.9979980e+00 1.3258411e-01 1.7233653e-01 2.1699392e-01
-1.9929930e+00 1.3667322e-01 1.7682098e-01 2.2174512e-01
-1.9879880e+00 1.4079337e-01 1.8135214e-01 2.2652357e-01
-1.9829830e+00 1.4507408e-01 1.8591942e-01 2.3140519e-01
-1.9779780e+00 1.4945508e-01 1.9062407e-01 2.3644850e-01
-1.9729730e+00 1.5388329e-01 1.9548647e-01 2.4156076e-01
-1.9679680e+00 1.5836287e-01 2.0042578e-01 2.4673739e-01
-1.9629630e+00 1.6295958e-01 2.0536655e-01 2.5204791e-01
-1.9579580e+00 1.6773916e-01 2.1046814e-01 2.5748128e-01
-1.9529530e+00 1.7258380e-01 2.1576115e-01 2.6298254e-01
-1.9479479e+00 1.7744914e-01 2.2108039e-01 2.6867139e-01
-1.9429429e+00 1.8250003e-01 2.2663830e-01 2.7439921e-01
-1.9379379e+00 1.8769111e-01 2.3216373e-01 2.8024139e-01
-1.9329329e+00 1.9298815e-01 2.3787326e-01 2.8618968e-01
-1.9279279e+00 1.9844419e-01 2.4370151e-01 2.9249100e-01
-1.9229229e+00 2.0391010e-01 2.4972131e-01 2.9868195e-01
-1.9179179e+00 2.0957867e-01 2.5576000e-01 3.0500591e-01
-1.9129129e+00 2.1545607e-01 2.6187804e-01 3.1156180e-01
-1.9079079e+00 2.2114440e-01 2.6813450e-01 3.1819634e-01
-1.9029029e+00 2.2701306e-01 2.7446989e-01 3.2500867e-01
-1.8978979e+00 2.3298265e-01 2.8098924e-01 3.3192029e-01
-1.8928929e+00 2.3918898e-01 2.8766746e-01 3.3893473e-01
-1.8878879e+00 2.4531334e-01 2.9436146e-01 3.4618937e-01
-1.8828829e+00 2.5163469e-01 3.0110728e-01 3.5349241e-01
-1.8778779e+00 2.5813966e-01 3.0806649e-01 3.6087180e-01
-1.8728729e+00 2.6454305e-01 3.1518868e-01 3.6837401e-01
-1.8678679e+00 2.7132234e-01 3.2232001e-01 3.7586786e-01
-1.8628629e+00 2.7793264e-01 3.2959572e-01 3.8364152e-01
-1.8578579e+00 2.8467764e-01 3.3700178e-01 3.9154341e-01
-1.8528529e+00 2.9153514e-01 3.4444032e-01 3.9943381e-01
-1.8478478e+00 2.9865703e-01 3.5203888e-01 4.0752649e-01
-1.8428428e+00 3.0585358e-01 3.5976888e-01 4.1575059e-01
-1.8378378e+00 3.1307306e-01 3.6752104e-01 4.2390225e-01
-1.8328328e+00 3.2031966e-01 3.7546736e-01 4.3228744e-01
-1.8278278e+00 3.2767992e-01 3.8346779e-01 4.4085459e-01
-1.8228228e+00 3.3526203e-01 3.9168780e-01 4.4950490e-01
-1.8178178e+00 3.4302571e-01 3.9978690e-01 4.5825766e-01
-1.8128128e+00 3.5086961e-01 4.0811234e-01 4.6687232e-01
-1.8078078e+00 3.5880364e-01 4.1654185e-01 4.7583602e-01
-1.8028028e+00 3.6688891e-01 4.2502163e-01 4.8476578e-01
-1.7977978e+00 3.7492625e-01 4.3354688e-01 4.9382191e-01
-1.7927928e+00 3.8309418e-01 4.4229460e-01 5.0304786e-01
-1.7877878e+00 3.9131244e-01 4.5096361e-01 5.1213472e-01
-1.7827828e+00 3.9954480e-01 4.5979983e-01 5.2143693e-01
-1.7777778e+00 4.0801536e-01 4.6879032e-01 5.3086775e-01
-1.7727728e+00 4.1652769e-01 4.7761135e-01 5.4026901e-01
-1.7677678e+00 4.2515358e-01 4.8667507e-01 5.4970705e-01
-1.7627628e+00 4.3373370e-01 4.9584231e-01 5.5931301e-01
-1.7577578e+00 4.4257782e-01 5.0504525e-01 5.6891267e-01
-1.7527528e+00 4.5135999e-01 5.1422493e-01 5.7846420e-01
-1.7477477e+00 4.6016368e-01 5.2353070e-01 5.8823088e-01
-1.7427427e+00 4.6894277e-01 5.3293480e-01 5.9792600e-01
-1.7377377e+00 4.7802520e-01 5.4217181e-01 6.0749376e-01
-1.7327327e+00 4.8689127e-01 5.5161020e-01 6.1745379e-01
-1.7277277e+00 4.9586941e-01 5.6095178e-01 6.2715729e-01
-1.7227227e+00 5.0491819e-01 5.7050037e-01 6.3692362e-01
-1.7177177e+00 5.1408174e-01 5.8008889e-01 6.4676775e-01
-1.7127127e+00 5.2323238e-01 5.8949370e-01 6.5672649e-01
-1.7077077e+00 5.3239511e-01 5.9893292e-01 6.6666135e-01
-1.7027027e+00 5.4187024e-01 6.0844679e-01 6.7642852e-01
-1.6976977e+00 5.5099206e-01 6.1801890e-01 6.8627073e-01
-1.6926927e+00 5.6019203e-01 6.2745502e-01 6.9588362e-01
-1.6876877e+00 5.6947824e-01 6.3693620e-01 7.0573232e-01
-1.6826827e+00 5.7879749e-01 6.4629021e-01 7.1544167e-01
-1.6776777e+00 5.8800845e-01 6.5579310e-01 7.2508814e-01
-1.6726727e+00 5.9720635e-01 6.6536839e-01 7.3480600e-01
-1.6676677e+00 6.0642900e-01 6.7477809e-01 7.4436326e-01
-1.6626627e+00 6.1580063e-01 6.8424527e-01 7.5377433e-01
-1.6576577e+00 6.2503108e-01 6.9357788e-01 7.6310280e-01
-1.6526527e+00 6.3407695e-01 7.0298770e-01 7.7259476e-01
-1.6476476e+00 6.4306839e-01 7.1229547e-01 7.8199350e-01
-1.6426426e+00 6.5196701e-01 7.2153533e-01 7.9115616e-01
-1.6376376e+00 6.6104356e-01 7.3085223e-01 8.0028162e-01
-1.6326326e+00 6.6999801e-01 7.3996437e-01 8.0955850e-01
-1.6276276e+00 6.7900132e-01 7.4901624e-01 8.1857717e-01
-1.6226226e+00 6.8807706e-01 7.5796364e-01 8.2745538e-01
-1.6176176e+00 6.9674593e-01 7.6690234e-01 8.3626444e-01
-1.6126126e+00 7.0536953e-01 7.7567772e-01 8.4490576e-01
-1.6076076e+00 7.1391130e-01 7.8446501e-01 8.5361411e-01
-1.6026026e+00 7.2245927e-01 7.9298369e-01 8.6207458e-01
-1.5975976e+00 7.3098140e-01 8.0139912e-01 8.7043459e-01
-1.5925926e+00 7.3937761e-01 8.0972367e-01 8.7853901e-01
-1.5875876e+00 7.4782274e-01 8.1800700e-01 8.8674687e-01
-1.5825826e+00 7.5602676e-01 8.2605656e-01 8.9454100e-01
-1.5775776e+00 7.6409910e-01 8.3397812e-01 9.0245459e-01
-1.5725726e+00 7.7219564e-01 8.4186069e-01 9.1002756e-01
-1.5675676e+00 7.8017736e-01 8.4950258e-01 9.1756426e-01
-1.5625626e+00 7.8778357e-01 8.5711287e-01 9.2469802e-01
-1.5575576e+00 7.9517220e-01 8.6461836e-01 9.3198229e-01
-1.5525526e+00 8.0238697e-01 8.7178543e-01 9.3896866e-01
-1.5475475e+00 8.0969222e-01 8.7897172e-01 9.4565363e-01
-1.5425425e+00 8.1699533e-01 8.8587049e-01 9.5220767e-01
-1.5375375e+00 8.2398172e-01 8.9253121e-01 9.5867053e-01
-1.5325325e+00 8.3098468e-01 8.9914068e-01 9.6496722e-01
-1.5275275e+00 8.3746695e-01 9.0542119e-01 9.7108474e-01
-1.5225225e+00 8.4392816e-01 9.1172354e-01 9.7703133e-01
-1.5175175e+00 8.5049235e-01 9.1756651e-01 9.8268181e-01
-1.5125125e+00 8.5654833e-01 9.2340999e-01 9.8824219e-01
-1.5075075e+00 8.6266687e-01 9.2904309e-01 9.9352953e-01
-1.5025025e+00 8.6850959e-01 9.3447697e-01 9.9848419e-01
-1.4974975e+00 8.7389200e-01 9.3975056e-01 1.0035027e+00
-1.4924925e+00 8.7909959e-01 9.4470810e-01 1.0081707e+00
-1.4874875e+00 8.8425964e-01 9.4946727e-01 1.0127690e+00
-1.4824825e+00 8.8939008e-01 9.5426318e-01 1.0172095e+00
-1.4774775e+00 8.9421361e-01 9.5861142e-01 1.0213178e+00
-1.4724725e+00 8.9865265e-01 9.6275972e-01 1.0253050e+00
-1.4674675e+00 9.0299842e-01 9.6663506e-01 1.0288819e+00
-1.4624625e+00 9.0708065e-01 9.7044187e-01 1.0324242e+00
-1.4574575e+00 9.1107685e-01 9.7398967e-01 1.0357123e+00
-1.4524525e+00 9.1467206e-01 9.7753107e-01 1.0389882e+00
-1.4474474e+00 9.1805799e-01 9.8059467e-01 1.0419560e+00
-1.4424424e+00 9.2131980e-01 9.8328377e-01 1.0445352e+00
-1.4374374e+00 9.2430366e-01 9.8594332e-01 1.0468537e+00
-1.4324324e+00 9.2704256e-01 9.8833020e-01 1.0490994e+00
-1.4274274e+00 9.2950825e-01 9.9047390e-01 1.0511559e+00
-1.4224224e+00 9.3184130e-01 9.9237739e-01 1.0529213e+00
-1.4174174e+00 9.3387652e-01 9.9407108e-01 1.0543894e+00
-1.4124124e+00 9.3562190e-01 9.9580142e-01 1.0557591e+00
-1.4074074e+00 9.3696017e-01 9.9716011e-01 1.0567718e+00
-1.4024024e+00 9.3810049e-01 9.9818234e-01 1.0574890e+00
-1.3973974e+00 9.3901627e-01 9.9898659e-01 1.0580551e+00
-1.3923924e+00 9.3960667e-01 9.9942769e-01 1.0584641e+00
-1.3873874e+00 9.4018973e-01 9.9979137e-01 1.0585504e+00
-1.3823824e+00 9.4056628e-01 1.0000000e+00 1.0585991e+00
-1.3773774e+00 9.4052013e-01 9.9984397e-01 1.0585597e+00
-1.3723724e+00 9.4028444e-01 9.9939557e-01 1.0580818e+00
-1.3673674e+00 9.3983044e-01 9.9878937e-01 1.0573045e+00
-1.3623624e+00 9.3872879e-01 9.9790519e-01 1.0565100e+00
-1.3573574e+00 9.3744984e-01 9.9677268e-01 1.0553350e+00
-1.3523524e+00 9.3611788e-01 9.9554435e-01 1.0538891e+00
-1.3473473e+00 9.3451314e-01 9.9415082e-01 1.0523144e+00
-1.3423423e+00 9.3277386e-01 9.9239246e-01 1.0507357e+00
-1.3373373e+00 9.3067491e-01 9.9046027e-01 1.0489868e+00
-1.3323323e+00 9.2851939e-01 9.8824951e-01 1.0466580e+00
-1.3273273e+00 9.2594743e-01 9.8588189e-01 1.0443652e+00
-1.3223223e+00 9.2312992e-01 9.8321979e-01 1.0420038e+00
-1.3173173e+00 9.2029017e-01 9.8028535e-01 1.0393253e+00
-1.3123123e+00 9.1718973e-01 9.7728216e-01 1.0364626e+00
-1.3073073e+00 9.1375631e-01 9.7406888e-01 1.0333404e+00
-1.3023023e+00 9.1001629e-01 9.7064247e-01 1.0300706e+00
-1.2972973e+00 9.0626719e-01 9.6699465e-01 1.0267026e+00
-1.2922923e+00 9.0224126e-01 9.6313470e-01 1.0230389e+00
-1.2872873e+00 8.9796891e-01 9.5913757e-01 1.0191788e+00
-1.2822823e+00 8.9332931e-01 9.5464000e-01 1.0150719e+00
-1.2772773e+00 8.8855844e-01 9.5008876e-01 1.0110815e+00
-1.2722723e+00 8.8361765e-01 9.4549782e-01 1.0065954e+00
-1.2672673e+00 8.7834492e-01 9.4050568e-01 1.0020139e+00
-1.2622623e+00 8.7301926e-01 9.3537522e-01 9.9717763e-01
-1.2572573e+00 8.6756629e-01 9.3001902e-01 9.9231000e-01
-1.2522523e+00 8.6194247e-01 9.2459070e-01 9.8705452e-01
-1.2472472e+00 8.5614158e-01 9.1895650e-01 9.8193701e-01
-1.2422422e+00 8.5002739e-01 9.1319808e-01 9.7662429e-01
-1.2372372e+00 8.4386122e-01 9.0713477e-01 9.7102381e-01
-1.2322322e+00 8.3748619e-01 9.0095648e-01 9.6527222e-01
-1.2272272e+00 8.3071858e-01 8.9446624e-01 9.5924947e-01
-1.2222222e+00 8.2398762e-01 8.8793647e-01 9.5312319e-01
-1.2172172e+00 8.1715952e-01 8.8126838e-01 9.4696655e-01
-1.2122122e+00 8.1002548e-01 8.7443313e-01 9.4076781e-01
-1.2072072e+00 8.0277695e-01 8.6751208e-01 9.3393067e-01
-1.2022022e+00 7.9556284e-01 8.6033098e-01 9.2716050e-01
-1.1971972e+00 7.8820547e-01 8.5311472e-01 9.2025742e-01
-1.1921922e+00 7.8048458e-01 8.4576627e-01 9.1315073e-01
-1.1871872e+00 7.7270510e-01 8.3808668e-01 9.0591973e-01
-1.1821822e+00 7.6490933e-01 8.3054112e-01 8.9846071e-01
-1.1771772e+00 7.5674478e-01 8.2281503e-01 8.9112216e-01
-1.1721722e+00 7.4856429e-01 8.1497602e-01 8.8346136e-01
-1.1671672e+00 7.4057329e-01 8.0696692e-01 8.7598044e-01
-1.1621622e+00 7.3231500e-01 7.9895847e-01 8.6813470e-01
-1.1571572e+00 7.2383578e-01 7.9071355e-01 8.6017557e-01
-1.1521522e+00 7.1532644e-01 7.8267855e-01 8.5231562e-01
-1.1471471e+00 7.0691051e-01 7.7428411e-01 8.4408861e-01
-1.1421421e+00 6.9832979e-01 7.6593367e-01 8.3582961e-01
-1.1371371e+00 6.8977323e-01 7.5731472e-01 8.2753170e-01
-1.1321321e+00 6.8127089e-01 7.4877108e-01 8.1907441e-01
-1.1271271e+00 6.7251724e-01 7.4012526e-01 8.1039055e-01
-1.1221221e+00 6.6362003e-01 7.3145467e-01 8.0176084e-01
-1.1171171e+00 6.5478783e-01 7.2244418e-01 7.9304018e-01
-1.1121121e+00 6.4587577e-01 7.1362931e-01 7.8420686e-01
-1.1071071e+00 6.3687882e-01 7.0452441e-01 7.7531445e-01
-1.1021021e+00 6.2784268e-01 6.9552033e-01 7.6630706e-01
-1.0970971e+00 6.1875849e-01 6.8640425e-01 7.5710645e-01
-1.0920921e+00 6.0980332e-01 6.7730870e-01 7.4786283e-01
-1.0870871e+00 6.0084724e-01 6.6810753e-01 7.3884495e-01
-1.0820821e+00 5.9156128e-01 6.5898894e-01 7.2979957e-01
-1.0770771e+00 5.8225894e-01 6.4978098e-01 7.2080499e-01
-1.0720721e+00 5.7316515e-01 6.4071390e-01 7.1161812e-01
-1.0670671e+00 5.6398565e-01 6.3154572e-01 7.0216949e-01
-1.0620621e+00 5.5473957e-01 6.2230465e-01 6.9280236e-01
-1.0570571e+00 5.4533144e-01 6.1292835e-01 6.8336934e-01
-1.0520521e+00 5.3614528e-01 6.0366077e-01 6.7389154e-01
-1.0470470e+00 5.2694753e-01 5.9430335e-01 6.6444713e-01
-1.0420420e+00 5.1781178e-01 5.8489400e-01 6.5492929e-01
-1.0370370e+00 5.0866029e-01 5.7547675e-01 6.4522712e-01
-1.0320320e+00 4.9961093e-01 5.6600584e-01 6.3563306e-01
-1.0270270e+00 4.9045360e-01 5.5671683e-01 6.2617192e-01
-1.0220220e+00 4.8122492e-01 5.4757913e-01 6.1662200e-01
-1.0170170e+00 4.7214486e-01 5.3813829e-01 6.0716367e-01
-1.0120120e+00 4.6318139e-01 5.2877848e-01 5.9755093e-01
-1.0070070e+00 4.5413096e-01 5.1945547e-01 5.8798616e-01
-1.0020020e+00 4.4528020e-01 5.1015074e-01 5.7850824e-01
-9.9699700e-01 4.3647157e-01 5.0085853e-01 5.6884139e-01
-9.9199199e-01 4.2771781e-01 4.9160720e-01 5.5923632e-01
-9.8698699e-01 4.1905123e-01 4.8241235e-01 5.4995084e-01
-9.8198198e-01 4.1030930e-01 4.7335923e-01 5.4046311e-01
-9.7697698e-01 4.0173764e-01 4.6424016e-01 5.3103252e-01
-9.7197197e-01 3.9323598e-01 4.5527183e-01 5.2155610e-01
-9.6696697e-01 3.8477762e-01 4.4626362e-01 5.1214563e-01
-9.6196196e-01 3.7643202e-01 4.3736060e-01 5.0286629e-01
-9.5695696e-01 3.6807795e-01 4.2857100e-01 4.9361809e-01
-9.5195195e-01 3.5974069e-01 4.1977527e-01 4.8437095e-01
-9.4694695e-01 3.5154166e-01 4.1099549e-01 4.7511922e-01
-9.4194194e-01 3.4340044e-01 4.0235859e-01 4.6591229e-01
-9.3693694e-01 3.3535415e-01 3.9382877e-01 4.5676501e-01
-9.3193193e-01 3.2730866e-01 3.8527621e-01 4.4771352e-01
-9.2692693e-01 3.1940812e-01 3.7691759e-01 4.3889352e-01
-9.2192192e-01 3.1174018e-01 3.6864703e-01 4.3005994e-01
-9.1691692e-01 3.0408842e-01 3.6040212e-01 4.2138686e-01
-9.1191191e-01 2.9651625e-01 3.5221176e-01 4.1267930e-01
-9.0690691e-01 2.8904292e-01 3.4414500e-01 4.0400865e-01
-9.0190190e-01 2.8160884e-01 3.3619999e-01 3.9539931e-01
-8.9689690e-01 2.7441528e-01 3.2832730e-01 3.8685241e-01
-8.9189189e-01 2.6718211e-01 3.2052444e-01 3.7846799e-01
-8.8688689e-01 2.6022418e-01 3.1274919e-01 3.7016566e-01
-8.8188188e-01 2.5321495e-01 3.0516420e-01 3.6192342e-01
-8.7687688e-01 2.4637340e-01 2.9767031e-01 3.5371597e-01
-8.7187187e-01 2.3959909e-01 2.9027345e-01 3.4557160e-01
-8.6686687e-01 2.3292761e-01 2.8292307e-01 3.3760321e-01
-8.6186186e-01 2.2647293e-01 2.7561695e-01 3.2980348e-01
-8.5685686e-01 2.1998913e-01 2.6850911e-01 3.2193799e-01
-8.5185185e-01 2.1369802e-01 2.6148287e-01 3.1425625e-01
-8.4684685e-01 2.0755735e-01 2.5457407e-01 3.0662157e-01
-8.4184184e-01 2.0150714e-01 2.4776031e-01 2.9913484e-01
-8.3683684e-01 1.9552388e-01 2.4114692e-01 2.9161415e-01
-8.3183183e-01 1.8967320e-01 2.3463373e-01 2.8427973e-01
-8.2682683e-01 1.8394045e-01 2.2821598e-01 2.7695850e-01
-8.2182182e-01 1.7825733e-01 2.2184712e-01 2.6982393e-01
-8.1681682e-01 1.7265631e-01 2.1562108e-01 2.6277644e-01
-8.1181181e-01 1.6716206e-01 2.0950835e-01 2.5593501e-01
-8.0680681e-01 1.6191687e-01 2.0347508e-01 2.4919106e-01
-8.0180180e-01 1.5667122e-01 1.9753341e-01 2.4255349e-01
-7.9679680e-01 1.5158221e-01 1.9168172e-01 2.3593580e-01
-7.9179179e-01 1.4658421e-01 1.8598080e-01 2.2947660e-01
-7.8678679e-01 1.4168043e-01 1.8038065e-01 2.2306359e-01
-7.8178178e-01 1.3693093e-01 1.7491663e-01 2.1678175e-01
-7.7677678e-01 1.3235289e-01 1.6953072e-01 2.1063805e-01
-7.7177177e-01 1.2790382e-01 1.6428600e-01 2.0463071e-01
-7.6676677e-01 1.2350851e-01 1.5913791e-01 1.9871925e-01
-7.6176176e-01 1.1917934e-01 1.5401066e-01 1.9285946e-01
-7.5675676e-01 1.1501458e-01 1.4907083e-01 1.8710431e-01
-7.5175175e-01 1.1090261e-01 1.4424986e-01 1.8152609e-01
-7.4674675e-01 1.0688229e-01 1.3958888e-01 1.7609013e-01
-7.4174174e-01 1.0297383e-01 1.3499636e-01 1.7076825e-01
-7.3673674e-01 9.9161475e-02 1.3052703e-01 1.6551715e-01
-7.3173173e-01 9.5489117e-02 1.2617439e-01 1.6038629e-01
-7.2672673e-01 9.1917546e-02 1.2192721e-01 1.5539847e-01
-7.2172172e-01 8.8455925e-02 1.1774607e-01 1.5049256e-01
-7.1671672e-01 8.5115474e-02 1.1361603e-01 1.4570949e-01
-7.1171171e-01 8.1835546e-02 1.0963474e-01 1.4105938e-01
-7.0670671e-01 7.8619986e-02 1.0569694e-01 1.3644053e-01
-7.0170170e-01 7.5553894e-02 1.0191465e-01 1.3201659e-01
-6.9669670e-01 7.2528491e-02 9.8222738e-02 1.2763203e-01
-6.9169169e-01 6.9652503e-02 9.4662333e-02 1.2331486e-01
-6.8668669e-01 6.6836814e-02 9.1194396e-02 1.1913442e-01
-6.8168168e-01 6.4136765e-02 8.7805616e-02 1.1504317e-01
-6.7667668e-01 6.1472312e-02 8.4504390e-02 1.1110857e-01
-6.7167167e-01 5.8929382e-02 8.1289744e-02 1.0721900e-01
-6.6666667e-01 5.6457835e-02 7.8230500e-02 1.0340915e-01
-6.6166166e-01 5.4035602e-02 7.5247429e-02 9.9767025e-02
-6.5665666e-01 5.1707886e-02 7.2341865e-02 9.6145366e-02
-6.5165165e-01 4.9488466e-02 6.9527168e-02 9.2651742e-02
-6.4664665e-01 4.7349397e-02 6.6772669e-02 8.9284492e-02
-6.4164164e-01 4.5270307e-02 6.4137629e-02 8.5968406e-02
-6.3663664e-01 4.3266545e-02 6.1589134e-02 8.2803954e-02
-6.3163163e-01 4.1346845e-02 5.9116465e-02 7.9677909e-02
-6.2662663e-01 3.9466837e-02 5.6715518e-02 7.6643182e-02
-6.2162162e-01 3.7684049e-02 5.4387044e-02 7.3682534e-02
-6.1661662e-01 3.5980089e-02 5.2140396e-02 7.0793226e-02
-6.1161161e-01 3.4325198e-02 4.9943864e-02 6.8064594e-02
-6.0660661e-01 3.2735601e-02 4.7827030e-02 6.5399060e-02
-6.0160160e-01 3.1227491e-02 4.5789424e-02 6.2823339e-02
-5.9659660e-01 2.9734923e-02 4.3819782e-02 6.0319107e-02
-5.9159159e-01 2.8305139e-02 4.1920885e-02 5.7866810e-02
-5.8658659e-01 2.6952563e-02 4.0085291e-02 5.5499171e-02
-5.8158158e-01 2.5637539e-02 3.8304144e-02 5.3209131e-02
-5.7657658e-01 2.4369838e-02 3.6593593e-02 5.1008149e-02
-5.7157157e-01 2.3162221e-02 3.4943034e-02 4.8841626e-02
-5.6656657e-01 2.2006579e-02 3.3374878e-02 4.6774561e-02
-5.6156156e-01 2.0899714e-02 3.1853568e-02 4.4781255e-02
-5.5655656e-01 1.9846597e-02 3.0367828e-02 4.2851058e-02
-5.5155155e-01 1.8832817e-02 2.8953627e-02 4.0994288e-02
-5.4654655e-01 1.7859764e-02 2.7596208e-02 3.9191117e-02
-5.4154154e-01 1.6935762e-02 2.6295396e-02 3.7474299e-02
-5.3653654e-01 1.6055882e-02 2.5051200e-02 3.5810083e-02
-5.3153153e-01 1.5209833e-02 2.3842369e-02 3.4202799e-02
-5.2652653e-01 1.4398971e-02 2.2697272e-02 3.2637578e-02
-5.2152152e-01 1.3622180e-02 2.1589662e-02 3.1142768e-02
-5.1651652e-01 1.2879332e-02 2.0527422e-02 2.9703416e-02
-5.1151151e-01 1.2176342e-02 1.9512813e-02 2.8323800e-02
-5.0650651e-01 1.1505763e-02 1.8532642e-02 2.6975820e-02
-5.0150150e-01 1.0870890e-02 1.7595834e-02 2.5714524e-02
-4.9649650e-01 1.0264646e-02 1.6698843e-02 2.4485024e-02
-4.9149149e-01 9.6874398e-03 1.5851055e-02 2.3309829e-02
-4.8648649e-01 9.1378624e-03 1.5033941e-02 2.2183490e-02
-4.8148148e-01 8.6217548e-03 1.4252890e-02 2.1106514e-02
-4.7647648e-01 8.1341456e-03 1.3506119e-02 2.0071232e-02
-4.7147147e-01 7.6621208e-03 1.2803878e-02 1.9073841e-02
-4.6646647e-01 7.2115064e-03 1.2127145e-02 1.8125239e-02
-4.6146146e-01 6.7910625e-03 1.1479858e-02 1.7207413e-02
-4.5645646e-01 6.3885759e-03 1.0863519e-02 1.6339228e-02
-4.5145145e-01 6.0072246e-03 1.0273566e-02 1.5510797e-02
-4.4644645e-01 5.6450668e-03 9.7095036e-03 1.4710102e-02
-4.4144144e-01 5.3044534e-03 9.1742860e-03 1.3935336e-02
-4.3643644e-01 4.9829679e-03 8.6683503e-03 1.3207657e-02
-4.3143143e-01 4.6726828e-03 8.1849643e-03 1.2507681e-02
-4.2642643e-01 4.3824879e-03 7.7222254e-03 1.1839881e-02
-4.2142142e-01 4.1104799e-03 7.2863821e-03 1.1206840e-02
-4.1641642e-01 3.8522687e-03 6.8677610e-03 1.0600245e-02
-4.1141141e-01 3.6062771e-03 6.4725913e-03 1.0023262e-02
-4.0640641e-01 3.3770638e-03 6.0971367e-03 9.4720070e-03
-4.0140140e-01 3.1578364e-03 5.7404715e-03 8.9465702e-03
-3.9639640e-01 2.9524329e-03 5.4025119e-03 8.4481872e-03
-3.9139139e-01 2.7578251e-03 5.0818099e-03 7.9700480e-03
-3.8638639e-01 2.5746983e-03 4.7790041e-03 7.5181010e-03
-3.8138138e-01 2.4028535e-03 4.4920036e-03 7.0878356e-03
-3.7637638e-01 2.2412773e-03 4.2189106e-03 6.6800785e-03
-3.7137137e-01 2.0889830e-03 3.9617383e-03 6.2963788e-03
-3.6636637e-01 1.9470252e-03 3.7201274e-03 5.9291940e-03
-3.6136136e-01 1.8136498e-03 3.4899341e-03 5.5814476e-03
-3.5635636e-01 1.6881080e-03 3.2735862e-03 5.2500912e-03
-3.5135135e-01 1.5715742e-03 3.0695436e-03 4.9363844e-03
-3.4634635e-01 1.4613061e-03 2.8769400e-03 4.6389332e-03
-3.4134134e-01 1.3583336e-03 2.6935000e-03 4.3563274e-03
-3.3633634e-01 1.2622490e-03 2.5218945e-03 4.0918840e-03
-3.3133133e-01 1.1725998e-03 2.3604234e-03 3.8406153e-03
-3.2632633e-01 1.0881634e-03 2.2078627e-03 3.6024225e-03
-3.2132132e-01 1.0094050e-03 2.0629252e-03 3.3766773e-03
-3.1631632e-01 9.3547137e-04 1.9273892e-03 3.1640639e-03
-3.1131131e-01 8.6649511e-04 1.8001400e-03 2.9633085e-03
-3.0630631e-01 8.0267965e-04 1.6804773e-03 2.7745275e-03
-3.0130130e-01 7.4328606e-04 1.5682804e-03 2.5969651e-03
-2.9629630e-01 6.8780168e-04 1.4634119e-03 2.4292368e-03
-2.9129129e-01 6.3624222e-04 1.3645485e-03 2.2708884e-03
-2.8628629e-01 5.8843577e-04 1.2719858e-03 2.1228087e-03
-2.8128128e-01 5.4374899e-04 1.1852296e-03 1.9831508e-03
-2.7627628e-01 5.0258381e-04 1.1039058e-03 1.8516498e-03
-2.7127127e-01 4.6403644e-04 1.0276727e-03 1.7276058e-03
-2.6626627e-01 4.2818356e-04 9.5653049e-04 1.6116181e-03
-2.6126126e-01 3.9479074e-04 8.8927389e-04 1.5030586e-03
-2.5625626e-01 3.6405584e-04 8.2648915e-04 1.4006471e-03
-2.5125125e-01 3.3526575e-04 7.6811290e-04 1.3041828e-03
-2.4624625e-01 3.0897484e-04 7.1362126e-04 1.2144770e-03
-2.4124124e-01 2.8460416e-04 6.6282380e-04 1.1302987e-03
-2.3623624e-01 2.6181179e-04 6.1483505e-04 1.0515263e-03
-2.3123123e-01 2.4085486e-04 5.7041981e-04 9.7791755e-04
-2.2622623e-01 2.2137583e-04 5.2874191e-04 9.0877783e-04
-2.2122122e-01 2.0330203e-04 4.9004372e-04 8.4369935e-04
-2.1621622e-01 1.8673591e-04 4.5400580e-04 7.8344844e-04
-2.1121121e-01 1.7145754e-04 4.2041636e-04 7.2676147e-04
-2.0620621e-01 1.5731771e-04 3.8911255e-04 6.7411454e-04
-2.0120120e-01 1.4424143e-04 3.6010097e-04 6.2513697e-04
-1.9619620e-01 1.3218757e-04 3.3289477e-04 5.7931833e-04
-1.9119119e-01 1.2115125e-04 3.0765727e-04 5.3647758e-04
-1.8618619e-01 1.1086012e-04 2.8413197e-04 4.9665015e-04
-1.8118118e-01 1.0140517e-04 2.6245532e-04 4.5932222e-04
-1.7617618e-01 9.2789242e-05 2.4228969e-04 4.2470378e-04
-1.7117117e-01 8.4815930e-05 2.2358884e-04 3.9267719e-04
-1.6616617e-01 7.7568703e-05 2.0607857e-04 3.6266529e-04
-1.6116116e-01 7.0895206e-05 1.8989613e-04 3.3493056e-04
-1.5615616e-01 6.4704721e-05 1.7503942e-04 3.0915453e-04
-1.5115115e-01 5.9044245e-05 1.6120332e-04 2.8509935e-04
-1.4614615e-01 5.3844913e-05 1.4832782e-04 2.6289832e-04
-1.4114114e-01 4.9064693e-05 1.3643915e-04 2.4230332e-04
-1.3613614e-01 4.4760452e-05 1.2547261e-04 2.2318271e-04
-1.3113113e-01 4.0776633e-05 1.1529491e-04 2.0542952e-04
-1.2612613e-01 3.7098770e-05 1.0587976e-04 1.8902503e-04
-1.2112112e-01 3.3743023e-05 9.7210250e-05 1.7385702e-04
-1.1611612e-01 3.0697479e-05 8.9192340e-05 1.5981074e-04
-1.1111111e-01 2.7912450e-05 8.1853775e-05 1.4678441e-04
-1.0610611e-01 2.5356085e-05 7.5064153e-05 1.3482643e-04
-1.0110110e-01 2.3016444e-05 6.8806485e-05 1.2374420e-04
-9.6096096e-02 2.0908142e-05 6.3032960e-05 1.1356025e-04
-9.1091091e-02 1.8969708e-05 5.7707085e-05 1.0411384e-04
-8.6086086e-02 1.7205499e-05 5.2813307e-05 9.5393663e-05
-8.1081081e-02 1.5585673e-05 4.8319234e-05 8.7368519e-05
-7.6076076e-02 1.4121852e-05 4.4196472e-05 7.9993845e-05
-7.1071071e-02 1.2774077e-05 4.0399373e-05 7.3200330e-05
-6.6066066e-02 1.1555443e-05 3.6910063e-05 6.6919687e-05
-6.1061061e-02 1.0447113e-05 3.3692779e-05 6.1173739e-05
-5.6056056e-02 9.4411276e-06 3.0750785e-05 5.5901236e-05
-5.1051051e-02 8.5327358e-06 2.8048527e-05 5.1056990e-05
-4.6046046e-02 7.6979373e-06 2.5576164e-05 4.6609939e-05
-4.1041041e-02 6.9485473e-06 2.3307065e-05 4.2527453e-05
-3.6036036e-02 6.2573779e-06 2.1230395e-05 3.8780986e-05
-3.1031031e-02 5.6382537e-06 1.9330854e-05 3.5341363e-05
-2.6026026e-02 5.0792632e-06 1.7592473e-05 3.2193052e-05
-2.1021021e-02 4.5798105e-06 1.6002064e-05 2.9315118e-05
-1.6016016e-02 4.1233239e-06 1.4544744e-05 2.6677016e-05
-1.1011011e-02 3.7108523e-06 1.3215206e-05 2.4262803e-05
-6.0060060e-03 3.3373318e-06 1.2001999e-05 2.2048788e-05
-1.0010010e-03 2.9998865e-06 1.0893459e-05 2.0030485e-05
4.0040040e-03 2.6950120e-06 9.8814189e-06 1.8190262e-05
9.0090090e-03 2.4210690e-06 8.9583911e-06 1.6511421e-05
1.4014014e-02 2.1737932e-06 8.1191611e-06 1.4980343e-05
1.9019019e-02 1.9509071e-06 7.3550841e-06 1.3583774e-05
2.4024024e-02 1.7496393e-06 6.6590968e-06 1.2308259e-05
2.9029029e-02 1.5670189e-06 6.0266100e-06 1.1149702e-05
3.4034034e-02 1.4030927e-06 5.4519965e-06 1.0095379e-05
3.9039039e-02 1.2546372e-06 4.9291821e-06 9.1363481e-06
4.4044044e-02 1.1226166e-06 4.4539017e-06 8.2623539e-06
4.9049049e-02 1.0037264e-06 4.0234660e-06 7.4687442e-06
5.4054054e-02 8.9649695e-07 3.6317067e-06 6.7473092e-06
5.9059059e-02 8.0133815e-07 3.2760241e-06 6.0929349e-06
6.4064064e-02 7.1563862e-07 2.9536081e-06 5.4996394e-06
6.9069069e-02 6.3878571e-07 2.6622002e-06 4.9613887e-06
7.4074074e-02 5.6983499e-07 2.3986277e-06 4.4735497e-06
7.9079079e-02 5.0806665e-07 2.1596358e-06 4.0313956e-06
8.4084084e-02 4.5274902e-07 1.9434692e-06 3.6308963e-06
8.9089089e-02 4.0349854e-07 1.7477881e-06 3.2686895e-06
9.4094094e-02 3.5928685e-07 1.5715380e-06 2.9410252e-06
9.9099099e-02 3.1989747e-07 1.4119259e-06 2.6446264e-06
1.0410410e-01 2.8440729e-07 1.2680917e-06 2.3767347e-06
1.0910911e-01 2.5286502e-07 1.1382788e-06 2.1350406e-06
1.1411411e-01 2.2459640e-07 1.0213749e-06 1.9168573e-06
1.1911912e-01 1.9924006e-07 9.1580257e-07 1.7201245e-06
1.2412412e-01 1.7663641e-07 8.2086953e-07 1.5428026e-06
1.2912913e-01 1.5678489e-07 7.3523739e-07 1.3830657e-06
1.3413413e-01 1.3887153e-07 6.5836339e-07 1.2391523e-06
1.3913914e-01 1.2297002e-07 5.8923344e-07 1.1096696e-06
1.4414414e-01 1.0884243e-07 5.2706307e-07 9.9314904e-07
1.4914915e-01 9.6320270e-08 4.7112602e-07 8.8842887e-07
1.5415415e-01 8.5017862e-08 4.2097616e-07 7.9432720e-07
1.5915916e-01 7.5112778e-08 3.7595635e-07 7.0982090e-07
1.6416416e-01 6.6394262e-08 3.3552356e-07 6.3394985e-07
1.6916917e-01 5.8638452e-08 2.9934764e-07 5.6589731e-07
1.7417417e-01 5.1772637e-08 2.6692030e-07 5.0487585e-07
1.7917918e-01 4.5680280e-08 2.3787740e-07 4.5019578e-07
1.8418418e-01 4.0277050e-08 2.1189240e-07 4.0122547e-07
1.8918919e-01 3.5484921e-08 1.8865879e-07 3.5740010e-07
1.9419419e-01 3.1218406e-08 1.6787931e-07 3.1819034e-07
1.9919920e-01 2.7493867e-08 1.4930964e-07 2.8311604e-07
2.0420420e-01 2.4174822e-08 1.3272745e-07 2.5179007e-07
2.0920921e-01 2.1240849e-08 1.1790976e-07 2.2380972e-07
2.1421421e-01 1.8659085e-08 1.0469787e-07 1.9883471e-07
2.1921922e-01 1.6403658e-08 9.2926530e-08 1.7654913e-07
2.2422422e-01 1.4400151e-08 8.2426761e-08 1.5667827e-07
2.2922923e-01 1.2642422e-08 7.3078853e-08 1.3897060e-07
2.3423423e-01 1.1079164e-08 6.4758346e-08 1.2319865e-07
2.3923924e-01 9.7093208e-09 5.7354300e-08 1.0915341e-07
2.4424424e-01 8.5078533e-09 5.0759719e-08 9.6661963e-08
2.4924925e-01 7.4498724e-09 4.4904736e-08 8.5555104e-08
2.5425425e-01 6.5207920e-09 3.9705260e-08 7.5682388e-08
2.5925926e-01 5.7076121e-09 3.5087580e-08 6.6915181e-08
2.6426426e-01 4.9911263e-09 3.0990791e-08 5.9129486e-08
2.6926927e-01 4.3645178e-09 2.7357276e-08 5.2224110e-08
2.7427427e-01 3.8133165e-09 2.4136924e-08 4.6097948e-08
2.7927928e-01 3.3268750e-09 2.1287014e-08 4.0668877e-08
2.8428428e-01 2.9027288e-09 1.8763376e-08 3.5859614e-08
2.8928929e-01 2.5309287e-09 1.6528804e-08 3.1604007e-08
2.9429429e-01 2.2068182e-09 1.4553525e-08 2.7837807e-08
2.9929930e-01 1.9221711e-09 1.2806743e-08 2.4508156e-08
3.0430430e-01 1.6746171e-09 1.1264560e-08 2.1565032e-08
3.0930931e-01 1.4578246e-09 9.9035526e-09 1.8964375e-08
3.1431431e-01 1.2682737e-09 8.7013369e-09 1.6668734e-08
3.1931932e-01 1.1021663e-09 7.6405385e-09 1.4643545e-08
3.2432432e-01 9.5755126e-10 6.7061646e-09 1.2856385e-08
3.2932933e-01 8.3168180e-10 5.8827092e-09 1.1282081e-08
3.3433433e-01 7.2166512e-10 5.1578338e-09 9.8952633e-09
3.3933934e-01 6.2638470e-10 4.5198824e-09 8.6743128e-09
3.4434434e-01 5.4305226e-10 3.9586068e-09 7.5998189e-09
3.4934935e-01 4.7088670e-10 3.4653722e-09 6.6549256e-09
3.5435435e-01 4.0801001e-10 3.0316603e-09 5.8244438e-09
3.5935936e-01 3.5300933e-10 2.6510411e-09 5.0948864e-09
3.6436436e-01 3.0552142e-10 2.3166363e-09 4.4543143e-09
3.6936937e-01 2.6429404e-10 2.0234259e-09 3.8919507e-09
3.7437437e-01 2.2862269e-10 1.7665266e-09 3.3989688e-09
3.7937938e-01 1.9765952e-10 1.5413901e-09 2.9668163e-09
3.8438438e-01 1.7066149e-10 1.3442892e-09 2.5881793e-09
3.8938939e-01 1.4736995e-10 1.1716694e-09 2.2567022e-09
3.9439439e-01 1.2713711e-10 1.0206042e-09 1.9666183e-09
3.9939940e-01 1.0958703e-10 8.8855710e-10 1.7128927e-09
4.0440440e-01 9.4426278e-11 7.7328970e-10 1.4910353e-09
4.0940941e-01 8.1338669e-11 6.7256187e-10 1.2972297e-09
4.1441441e-01 7.0054186e-11 5.8469513e-10 1.1280132e-09
4.1941942e-01 6.0306034e-11 5.0800180e-10 9.8030563e-10
4.2442442e-01 5.1893758e-11 4.4115792e-10 8.5153277e-10
4.2942943e-01 4.4619605e-11 3.8287285e-10 7.3928090e-10
4.3443443e-01 3.8349658e-11 3.3209316e-10 6.4147263e-10
4.3943944e-01 3.2943187e-11 2.8790959e-10 5.5629573e-10
4.4444444e-01 2.8277189e-11 2.4947831e-10 4.8215939e-10
4.4944945e-01 2.4263845e-11 2.1604886e-10 4.1769709e-10
4.5445445e-01 2.0809448e-11 1.8699130e-10 3.6165651e-10
4.5945946e-01 1.7834336e-11 1.6177142e-10 3.1296389e-10
4.6446446e-01 1.5262108e-11 1.3987725e-10 2.7067944e-10
4.6946947e-01 1.3069827e-11 1.2087353e-10 2.3398176e-10
4.7447447e-01 1.1182471e-11 1.0439629e-10 2.0214882e-10
4.7947948e-01 9.5669927e-12 9.0121583e-11 1.7455261e-10
4.8448448e-01 8.1729400e-12 7.7753725e-11 1.5064257e-10
4.8948949e-01 6.9822718e-12 6.7049843e-11 1.2993739e-10
4.9449449e-01 5.9627035e-12 5.7786409e-11 1.1201839e-10
4.9949950e-01 5.0890857e-12 4.9778102e-11 9.6518084e-11
5.0450450e-01 4.3419345e-12 4.2856007e-11 8.3117719e-11
5.0950951e-01 3.7034718e-12 3.6875817e-11 7.1539391e-11
5.1451451e-01 3.1558854e-12 3.1712059e-11 6.1540266e-11
5.1951952e-01 2.6870136e-12 2.7258595e-11 5.2909529e-11
5.2452452e-01 2.2863046e-12 2.3417649e-11 4.5465255e-11
5.2952953e-01 1.9456329e-12 2.0107630e-11 3.9047347e-11
5.3453453e-01 1.6548432e-12 1.7256464e-11 3.3517134e-11
5.3953954e-01 1.4067068e-12 1.4800503e-11 2.8754596e-11
5.4454454e-01 1.1950381e-12 1.2688173e-11 2.4655346e-11
5.4954955e-01 1.0148072e-12 1.0871179e-11 2.1129111e-11
5.5455455e-01 8.6121347e-13 9.3093495e-12 1.8097479e-11
5.5955956e-01 7.3058409e-13 7.9679025e-12 1.5492434e-11
5.6456456e-01 6.1925383e-13 6.8158278e-12 1.3255189e-11
5.6956957e-01 5.2466176e-13 5.8272982e-12 1.1334877e-11
5.7457457e-01 4.4443446e-13 4.9794705e-12 9.6874894e-12
5.7957958e-01 3.7615275e-13 4.2525749e-12 8.2750284e-12
5.8458458e-01 3.1824906e-13 3.6299982e-12 7.0647018e-12
5.8958959e-01 2.6912060e-13 3.0968583e-12 6.0280904e-12
5.9459459e-01 2.2742956e-13 2.6405538e-12 5.1407797e-12
5.9959960e-01 1.9210788e-13 2.2502813e-12 4.3817125e-12
6.0460460e-01 1.6216732e-13 1.9165985e-12 3.7327025e-12
6.0960961e-01 1.3683593e-13 1.6315551e-12 3.1780868e-12
6.1461461e-01 1.1538966e-13 1.3881479e-12 2.7044193e-12
6.1961962e-01 9.7233059e-14 1.1804155e-12 2.3001005e-12
6.2462462e-01 8.1895465e-14 1.0032313e-12 1.9551794e-12
6.2962963e-01 6.8952976e-14 8.5213434e-13 1.6610780e-12
6.3463463e-01 5.8005121e-14 7.2344187e-13 1.4104489e-12
6.3963964e-01 4.8779877e-14 6.1385531e-13 1.1969860e-12
6.4464464e-01 4.1006660e-14 5.2058673e-13 1.0152783e-12
6.4964965e-01 3.4444370e-14 4.4125058e-13 8.6068893e-13
6.5465465e-01 2.8918512e-14 3.7380747e-13 7.2924355e-13
6.5965966e-01 2.4271484e-14 3.1650098e-13 6.1753729e-13
6.6466466e-01 2.0353238e-14 2.6783190e-13 5.2265831e-13
6.6966967e-01 1.7061282e-14 2.2652601e-13 4.4211402e-13
6.7467467e-01 1.4294914e-14 1.9148652e-13 3.7378004e-13
6.7967968e-01 1.1971581e-14 1.6177470e-13 3.1583771e-13
6.8468468e-01 1.0020416e-14 1.3660286e-13 2.6672762e-13
6.8968969e-01 8.3825231e-15 1.1528511e-13 2.2513408e-13
6.9469469e-01 7.0087245e-15 9.7241342e-14 1.8992347e-13
6.9969970e-01 5.8563691e-15 8.1976698e-14 1.6013272e-13
7.0470470e-01 4.8916874e-15 6.9071142e-14 1.3494143e-13
7.0970971e-01 4.0832034e-15 5.8165714e-14 1.1365061e-13
7.1471471e-01 3.4060940e-15 4.8954731e-14 9.5667670e-14
7.1971972e-01 2.8384785e-15 4.1179649e-14 8.0486432e-14
7.2472472e-01 2.3653927e-15 3.4620901e-14 6.7677479e-14
7.2972973e-01 1.9700057e-15 2.9091105e-14 5.6876081e-14
7.3473473e-01 1.6399110e-15 2.4430483e-14 4.7772782e-14
7.3973974e-01 1.3646574e-15 2.0505984e-14 4.0104778e-14
7.4474474e-01 1.1346130e-15 1.7202640e-14 3.3649225e-14
7.4974975e-01 9.4282427e-16 1.4423613e-14 2.8217410e-14
7.5475475e-01 7.8324400e-16 1.2086018e-14 2.3649562e-14
7.5975976e-01 6.5037982e-16 1.0122645e-14 1.9810434e-14
7.6476476e-01 5.3949156e-16 8.4733628e-15 1.6585509e-14
7.6976977e-01 4.4741538e-16 7.0892014e-15 1.3877949e-14
7.7477477e-01 3.7091599e-16 5.9278436e-15 1.1606133e-14
7.7977978e-01 3.0729022e-16 4.9539780e-15 9.7008988e-15
7.8478478e-01 2.5445066e-16 4.1379551e-15 8.1040490e-15
7.8978979e-01 2.1059188e-16 3.4544101e-15 6.7663713e-15
7.9479479e-01 1.7420781e-16 2.8822441e-15 5.6464175e-15
7.9979980e-01 1.4403214e-16 2.4035292e-15 4.7092688e-15
8.0480480e-01 1.1901918e-16 2.0032161e-15 3.9255177e-15
8.0980981e-01 9.8289159e-17 1.6686746e-15 3.2704322e-15
8.1481481e-01 8.1131379e-17 1.3892683e-15 2.7231790e-15
8.1981982e-01 6.6935859e-17 1.1560226e-15 2.2662641e-15
8.2482482e-01 5.5194315e-17 9.6138630e-16 1.8849875e-15
8.2982983e-01 4.5485995e-17 7.9909866e-16 1.5670029e-15
8.3483483e-01 3.7466045e-17 6.6385649e-16 1.3019544e-15
8.3983984e-01 3.0842963e-17 5.5119653e-16 1.0811487e-15
8.4484484e-01 2.5376676e-17 4.5738716e-16 8.9730090e-16
8.4984985e-01 2.0867904e-17 3.7935838e-16 7.4431078e-16
8.5485485e-01 1.7150958e-17 3.1443467e-16 6.1706906e-16
8.5985986e-01 1.4088453e-17 2.6044672e-16 5.1130082e-16
8.6486486e-01 1.1566543e-17 2.1561209e-16 4.2343188e-16
8.6986987e-01 9.4909391e-18 1.7839929e-16 3.5047293e-16
8.7487487e-01 7.7835922e-18 1.4752952e-16 2.8992711e-16
8.7987988e-01 6.3799343e-18 1.2193557e-16 2.3971025e-16
8.8488488e-01 5.2265977e-18 1.0072739e-16 1.9808322e-16
8.8988989e-01 4.2794641e-18 8.3163048e-17 1.6359577e-16
8.9489489e-01 3.5021566e-18 6.8624435e-17 1.3503916e-16
8.9989990e-01 2.8644844e-18 5.6596908e-17 1.1140665e-16
9.0490490e-01 2.3416506e-18 4.6652200e-17 9.1859868e-17
9.0990991e-01 1.9131965e-18 3.8434126e-17 7.5701390e-17
9.1491491e-01 1.5622646e-18 3.1646618e-17 6.2351116e-17
9.1991992e-01 1.2750079e-18 2.6043717e-17 5.1327339e-17
9.2492492e-01 1.0399332e-18 2.1421208e-17 4.2229586e-17
9.2992993e-01 8.4775557e-19 1.7609631e-17 3.4725476e-17
9.3493493e-01 6.9075521e-19 1.4468443e-17 2.8539264e-17
9.3993994e-01 5.6252707e-19 1.1881153e-17 2.3442311e-17
9.4494494e-01 4.5782805e-19 9.7512549e-18 1.9245164e-17
9.4994995e-01 3.7243327e-19 7.9988506e-18 1.5790841e-17
9.5495495e-01 3.0280410e-19 6.5578241e-18 1.2949474e-17
9.5995996e-01 2.4605884e-19 5.3734969e-18 1.0613601e-17
9.6496496e-01 1.9984021e-19 4.4006748e-18 8.6943444e-18
9.6996997e-01 1.6221476e-19 3.6020234e-18 7.1182646e-18
9.7497497e-01 1.3160199e-19 2.9467192e-18 5.8247069e-18
9.7997998e-01 1.0670118e-19 2.4093278e-18 4.7636213e-18
9.8498498e-01 8.6459609e-20 1.9688739e-18 3.8937152e-18
9.8998999e-01 7.0027259e-20 1.6080694e-18 3.1809320e-18
9.9499499e-01 5.6689103e-20 1.3126727e-18 2.5972141e-18
1.0000000e+00 4.5865865e-20 1.0709592e-18 2.1194554e-18
