X KDE_INF KDE_MED KDE_SUP
-4.0000000e+00 8.6592277e-07 2.6110890e-03 3.8807317e-02
-3.9919920e+00 9.3172832e-07 2.6574725e-03 3.8927932e-02
-3.9839840e+00 9.9988901e-07 2.7177636e-03 3.9111721e-02
-3.9759760e+00 1.0778159e-06 2.7696614e-03 3.9151385e-02
-3.9679680e+00 1.1669876e-06 2.8374785e-03 3.9286101e-02
-3.9599600e+00 1.2667615e-06 2.8876895e-03 3.9548145e-02
-3.9519520e+00 1.3675543e-06 2.9439004e-03 3.9753841e-02
-3.9439439e+00 1.4769905e-06 2.9786260e-03 3.9965417e-02
-3.9359359e+00 1.5941519e-06 3.0397293e-03 4.0073201e-02
-3.9279279e+00 1.7300302e-06 3.1066361e-03 4.0144429e-02
-3.9199199e+00 1.8711975e-06 3.1559294e-03 4.0401177e-02
-3.9119119e+00 2.0081116e-06 3.2235087e-03 4.0748988e-02
-3.9039039e+00 2.1676554e-06 3.2544740e-03 4.0935015e-02
-3.8958959e+00 2.3412610e-06 3.3347695e-03 4.1006545e-02
-3.8878879e+00 2.5103955e-06 3.4138549e-03 4.1166596e-02
-3.8798799e+00 2.6879784e-06 3.4661469e-03 4.1361222e-02
-3.8718719e+00 2.8593801e-06 3.5500082e-03 4.1455244e-02
-3.8638639e+00 3.0640453e-06 3.6072129e-03 4.1592852e-02
-3.8558559e+00 3.3068230e-06 3.6796654e-03 4.1889010e-02
-3.8478478e+00 3.5550441e-06 3.7680953e-03 4.1968127e-02
-3.8398398e+00 3.8322622e-06 3.8380400e-03 4.2190786e-02
-3.8318318e+00 4.0989434e-06 3.9313270e-03 4.2532912e-02
-3.8238238e+00 4.4198273e-06 4.0171488e-03 4.2804305e-02
-3.8158158e+00 4.7776316e-06 4.0802101e-03 4.2935922e-02
-3.8078078e+00 5.1481807e-06 4.1314285e-03 4.3071085e-02
-3.7997998e+00 5.5201152e-06 4.2280658e-03 4.3352377e-02
-3.7917918e+00 5.9287750e-06 4.2994413e-03 4.3629367e-02
-3.7837838e+00 6.3667151e-06 4.3871141e-03 4.3734607e-02
-3.7757758e+00 6.8618228e-06 4.4687461e-03 4.4004916e-02
-3.7677678e+00 7.3550883e-06 4.5632746e-03 4.4078809e-02
-3.7597598e+00 7.8421325e-06 4.6561955e-03 4.4530915e-02
-3.7517518e+00 8.4191133e-06 4.7645780e-03 4.4855254e-02
-3.7437437e+00 8.9748491e-06 4.8703108e-03 4.5044557e-02
-3.7357357e+00 9.5344195e-06 4.9562946e-03 4.5164348e-02
-3.7277277e+00 1.0239367e-05 5.0594342e-03 4.5463481e-02
-3.7197197e+00 1.0963770e-05 5.1586766e-03 4.5690329e-02
-3.7117117e+00 1.1744962e-05 5.2713993e-03 4.5920713e-02
-3.7037037e+00 1.2616491e-05 5.3742505e-03 4.6131654e-02
-3.6956957e+00 1.3516270e-05 5.4647592e-03 4.6379846e-02
-3.6876877e+00 1.4513650e-05 5.5914405e-03 4.6558013e-02
-3.6796797e+00 1.5559525e-05 5.6851529e-03 4.6851489e-02
-3.6716717e+00 1.6754816e-05 5.7721110e-03 4.6937912e-02
-3.6636637e+00 1.8015027e-05 5.8857135e-03 4.7185072e-02
-3.6556557e+00 1.9238441e-05 5.9529862e-03 4.7494890e-02
-3.6476476e+00 2.0431160e-05 6.0561089e-03 4.7865738e-02
-3.6396396e+00 2.1873961e-05 6.1675611e-03 4.8264825e-02
-3.6316316e+00 2.3400152e-05 6.2727220e-03 4.8510389e-02
-3.6236236e+00 2.4971144e-05 6.3894327e-03 4.8855741e-02
-3.6156156e+00 2.6707378e-05 6.5159562e-03 4.8965094e-02
-3.6076076e+00 2.8522736e-05 6.6420000e-03 4.9268606e-02
-3.5995996e+00 3.0485964e-05 6.7296823e-03 4.9474919e-02
-3.5915916e+00 3.2625041e-05 6.8446497e-03 4.9688533e-02
-3.5835836e+00 3.4731281e-05 6.9821517e-03 5.0003548e-02
-3.5755756e+00 3.7185592e-05 7.1062143e-03 5.0273179e-02
-3.5675676e+00 3.9666938e-05 7.2276901e-03 5.0547170e-02
-3.5595596e+00 4.2470169e-05 7.3378760e-03 5.0721310e-02
-3.5515516e+00 4.5340757e-05 7.4564464e-03 5.1123512e-02
-3.5435435e+00 4.8363887e-05 7.5870818e-03 5.1385548e-02
-3.5355355e+00 5.1113610e-05 7.6953125e-03 5.1666642e-02
-3.5275275e+00 5.4025969e-05 7.8697166e-03 5.1812222e-02
-3.5195195e+00 5.7694517e-05 7.9959873e-03 5.2209591e-02
-3.5115115e+00 6.1065894e-05 8.1042648e-03 5.2472739e-02
-3.5035035e+00 6.5305275e-05 8.2566901e-03 5.2749493e-02
-3.4954955e+00 6.9599928e-05 8.3985662e-03 5.2967025e-02
-3.4874875e+00 7.3879329e-05 8.5236563e-03 5.3173852e-02
-3.4794795e+00 7.8357332e-05 8.6267824e-03 5.3549860e-02
-3.4714715e+00 8.3218898e-05 8.7766764e-03 5.3815042e-02
-3.4634635e+00 8.8739028e-05 8.9273930e-03 5.3951156e-02
-3.4554555e+00 9.4156894e-05 9.1268343e-03 5.4211244e-02
-3.4474474e+00 1.0025989e-04 9.2597378e-03 5.4515036e-02
-3.4394394e+00 1.0641139e-04 9.3892480e-03 5.4896801e-02
-3.4314314e+00 1.1285046e-04 9.5285883e-03 5.5164180e-02
-3.4234234e+00 1.1927752e-04 9.7076740e-03 5.5377980e-02
-3.4154154e+00 1.2665295e-04 9.9196915e-03 5.5558346e-02
-3.4074074e+00 1.3435850e-04 1.0073231e-02 5.5855682e-02
-3.3993994e+00 1.4299994e-04 1.0218787e-02 5.6245293e-02
-3.3913914e+00 1.5187474e-04 1.0386962e-02 5.6554337e-02
-3.3833834e+00 1.6048028e-04 1.0563020e-02 5.6884822e-02
-3.3753754e+00 1.6975781e-04 1.0712714e-02 5.7202919e-02
-3.3673674e+00 1.7974215e-04 1.0933171e-02 5.7649627e-02
-3.3593594e+00 1.8983046e-04 1.1172382e-02 5.7977742e-02
-3.3513514e+00 2.0082935e-04 1.1366351e-02 5.8346579e-02
-3.3433433e+00 2.1205285e-04 1.1513316e-02 5.8719562e-02
-3.3353353e+00 2.2444993e-04 1.1680433e-02 5.8908013e-02
-3.3273273e+00 2.3729770e-04 1.1860347e-02 5.9269437e-02
-3.3193193e+00 2.5026060e-04 1.2020762e-02 5.9766820e-02
-3.3113113e+00 2.6367950e-04 1.2223542e-02 6.0088997e-02
-3.3033033e+00 2.7878104e-04 1.2429383e-02 6.0353076e-02
-3.2952953e+00 2.9635173e-04 1.2618973e-02 6.0850180e-02
-3.2872873e+00 3.1398276e-04 1.2817237e-02 6.1283375e-02
-3.2792793e+00 3.3242006e-04 1.3011055e-02 6.1398497e-02
-3.2712713e+00 3.5230066e-04 1.3267654e-02 6.1788786e-02
-3.2632633e+00 3.7200826e-04 1.3459769e-02 6.2177550e-02
-3.2552553e+00 3.9285506e-04 1.3724634e-02 6.2425738e-02
-3.2472472e+00 4.1552080e-04 1.3987078e-02 6.2783562e-02
-3.2392392e+00 4.3772382e-04 1.4253976e-02 6.3041555e-02
-3.2312312e+00 4.6085052e-04 1.4486868e-02 6.3240946e-02
-3.2232232e+00 4.8717294e-04 1.4735608e-02 6.3484846e-02
-3.2152152e+00 5.1655586e-04 1.4924399e-02 6.3901633e-02
-3.2072072e+00 5.4385641e-04 1.5198051e-02 6.4125830e-02
-3.1991992e+00 5.7287913e-04 1.5385417e-02 6.4392248e-02
-3.1911912e+00 6.0435926e-04 1.5621743e-02 6.4598597e-02
-3.1831832e+00 6.3686453e-04 1.5840741e-02 6.4826761e-02
-3.1751752e+00 6.7124632e-04 1.6024894e-02 6.5012966e-02
-3.1671672e+00 7.0692521e-04 1.6209319e-02 6.5341245e-02
-3.1591592e+00 7.4319050e-04 1.6520960e-02 6.5585819e-02
-3.1511512e+00 7.8456281e-04 1.6742296e-02 6.5774676e-02
-3.1431431e+00 8.2503566e-04 1.6997977e-02 6.6064832e-02
-3.1351351e+00 8.6777452e-04 1.7239556e-02 6.6429280e-02
-3.1271271e+00 9.1356380e-04 1.7498994e-02 6.6728622e-02
-3.1191191e+00 9.6228574e-04 1.7723718e-02 6.6989407e-02
-3.1111111e+00 1.0140905e-03 1.7950473e-02 6.7454566e-02
-3.1031031e+00 1.0658643e-03 1.8192580e-02 6.7823650e-02
-3.0950951e+00 1.1178148e-03 1.8465189e-02 6.8224394e-02
-3.0870871e+00 1.1747761e-03 1.8758093e-02 6.8604189e-02
-3.0790791e+00 1.2319940e-03 1.9070290e-02 6.8820285e-02
-3.0710711e+00 1.2899831e-03 1.9275117e-02 6.9099426e-02
-3.0630631e+00 1.3577347e-03 1.9561574e-02 6.9388070e-02
-3.0550551e+00 1.4220576e-03 1.9943358e-02 6.9698090e-02
-3.0470470e+00 1.4925343e-03 2.0240631e-02 7.0038633e-02
-3.0390390e+00 1.5672695e-03 2.0612214e-02 7.0315092e-02
-3.0310310e+00 1.6365292e-03 2.0971831e-02 7.0650537e-02
-3.0230230e+00 1.7115609e-03 2.1271067e-02 7.0919334e-02
-3.0150150e+00 1.7897401e-03 2.1625302e-02 7.1137563e-02
-3.0070070e+00 1.8748395e-03 2.1949056e-02 7.1448235e-02
-2.9989990e+00 1.9582721e-03 2.2303849e-02 7.1676710e-02
-2.9909910e+00 2.0489431e-03 2.2611931e-02 7.2029361e-02
-2.9829830e+00 2.1405556e-03 2.3006587e-02 7.2404183e-02
-2.9749750e+00 2.2339514e-03 2.3356343e-02 7.2691795e-02
-2.9669670e+00 2.3359955e-03 2.3693118e-02 7.3080703e-02
-2.9589590e+00 2.4507420e-03 2.4033308e-02 7.3442554e-02
-2.9509510e+00 2.5692614e-03 2.4438587e-02 7.3669374e-02
-2.9429429e+00 2.6945172e-03 2.4836263e-02 7.3956386e-02
-2.9349349e+00 2.8163830e-03 2.5213809e-02 7.4252970e-02
-2.9269269e+00 2.9467139e-03 2.5565737e-02 7.4658536e-02
-2.9189189e+00 3.0815075e-03 2.5995220e-02 7.4980405e-02
-2.9109109e+00 3.2103987e-03 2.6389961e-02 7.5342666e-02
-2.9029029e+00 3.3466521e-03 2.6804325e-02 7.5607909e-02
-2.8948949e+00 3.4939337e-03 2.7240017e-02 7.6197896e-02
-2.8868869e+00 3.6593295e-03 2.7667628e-02 7.6558584e-02
-2.8788789e+00 3.8194880e-03 2.8040056e-02 7.7094661e-02
-2.8708709e+00 3.9822441e-03 2.8468812e-02 7.7597162e-02
-2.8628629e+00 4.1551152e-03 2.8882424e-02 7.8007400e-02
-2.8548549e+00 4.3344460e-03 2.9327654e-02 7.8538269e-02
-2.8468468e+00 4.5206830e-03 2.9821467e-02 7.9089534e-02
-2.8388388e+00 4.7145528e-03 3.0223606e-02 7.9686645e-02
-2.8308308e+00 4.9242682e-03 3.0610945e-02 8.0143686e-02
-2.8228228e+00 5.1409064e-03 3.1035942e-02 8.0643605e-02
-2.8148148e+00 5.3577131e-03 3.1491623e-02 8.1243835e-02
-2.8068068e+00 5.5723254e-03 3.1921359e-02 8.1772874e-02
-2.7987988e+00 5.8006258e-03 3.2347052e-02 8.2366367e-02
-2.7907908e+00 6.0431256e-03 3.2808717e-02 8.2936605e-02
-2.7827828e+00 6.2778474e-03 3.3319926e-02 8.3568662e-02
-2.7747748e+00 6.5336780e-03 3.3857814e-02 8.4243407e-02
-2.7667668e+00 6.8006054e-03 3.4349158e-02 8.5025158e-02
-2.7587588e+00 7.0884067e-03 3.4786201e-02 8.5733923e-02
-2.7507508e+00 7.3712971e-03 3.5303779e-02 8.6358244e-02
-2.7427427e+00 7.6825069e-03 3.5719127e-02 8.7010451e-02
-2.7347347e+00 8.0144012e-03 3.6229076e-02 8.7623457e-02
-2.7267267e+00 8.3474655e-03 3.6751325e-02 8.8413513e-02
-2.7187187e+00 8.6744675e-03 3.7230746e-02 8.9159044e-02
-2.7107107e+00 9.0161468e-03 3.7732621e-02 8.9801176e-02
-2.7027027e+00 9.3778203e-03 3.8238927e-02 9.0652118e-02
-2.6946947e+00 9.7240521e-03 3.8741913e-02 9.1394902e-02
-2.6866867e+00 1.0088253e-02 3.9305162e-02 9.2154015e-02
-2.6786787e+00 1.0465149e-02 3.9919084e-02 9.3112423e-02
-2.6706707e+00 1.0848223e-02 4.0556715e-02 9.4044314e-02
-2.6626627e+00 1.1246188e-02 4.1176971e-02 9.4645932e-02
-2.6546547e+00 1.1680527e-02 4.1802920e-02 9.5416164e-02
-2.6466466e+00 1.2111355e-02 4.2422595e-02 9.6222879e-02
-2.6386386e+00 1.2562154e-02 4.3110888e-02 9.7050534e-02
-2.6306306e+00 1.3028793e-02 4.3783412e-02 9.7802109e-02
-2.6226226e+00 1.3508376e-02 4.4463271e-02 9.8659559e-02
-2.6146146e+00 1.3986717e-02 4.5218480e-02 9.9613752e-02
-2.6066066e+00 1.4500220e-02 4.5992333e-02 1.0063680e-01
-2.5985986e+00 1.4997981e-02 4.6792004e-02 1.0168360e-01
-2.5905906e+00 1.5499671e-02 4.7608186e-02 1.0278536e-01
-2.5825826e+00 1.6043092e-02 4.8392077e-02 1.0375953e-01
-2.5745746e+00 1.6550160e-02 4.9235397e-02 1.0474399e-01
-2.5665666e+00 1.7127797e-02 4.9982163e-02 1.0577794e-01
-2.5585586e+00 1.7699561e-02 5.0923602e-02 1.0695388e-01
-2.5505506e+00 1.8239584e-02 5.1751888e-02 1.0800711e-01
-2.5425425e+00 1.8876527e-02 5.2593219e-02 1.0890719e-01
-2.5345345e+00 1.9523425e-02 5.3461890e-02 1.1009034e-01
-2.5265265e+00 2.0119545e-02 5.4408711e-02 1.1114692e-01
-2.5185185e+00 2.0780206e-02 5.5341555e-02 1.1243150e-01
-2.5105105e+00 2.1453156e-02 5.6318740e-02 1.1351130e-01
-2.5025025e+00 2.2066717e-02 5.7290265e-02 1.1456155e-01
-2.4944945e+00 2.2765518e-02 5.8318244e-02 1.1582704e-01
-2.4864865e+00 2.3469646e-02 5.9372042e-02 1.1707118e-01
-2.4784785e+00 2.4194535e-02 6.0357761e-02 1.1841315e-01
-2.4704705e+00 2.4936841e-02 6.1441481e-02 1.1957617e-01
-2.4624625e+00 2.5714304e-02 6.2494183e-02 1.2072525e-01
-2.4544545e+00 2.6502232e-02 6.3572843e-02 1.2216370e-01
-2.4464464e+00 2.7373322e-02 6.4700500e-02 1.2347687e-01
-2.4384384e+00 2.8196904e-02 6.5876470e-02 1.2479326e-01
-2.4304304e+00 2.9000310e-02 6.7095991e-02 1.2624569e-01
-2.4224224e+00 2.9836847e-02 6.8308168e-02 1.2758732e-01
-2.4144144e+00 3.0719650e-02 6.9410748e-02 1.2901778e-01
-2.4064064e+00 3.1590560e-02 7.0733974e-02 1.3054090e-01
-2.3983984e+00 3.2490913e-02 7.2012783e-02 1.3196989e-01
-2.3903904e+00 3.3430368e-02 7.3225782e-02 1.3348109e-01
-2.3823824e+00 3.4353439e-02 7.4489022e-02 1.3505895e-01
-2.3743744e+00 3.5335891e-02 7.5810922e-02 1.3673764e-01
-2.3663664e+00 3.6280792e-02 7.7131855e-02 1.3830223e-01
-2.3583584e+00 3.7233787e-02 7.8468213e-02 1.4001076e-01
-2.3503504e+00 3.8213972e-02 7.9722354e-02 1.4164533e-01
-2.3423423e+00 3.9230420e-02 8.1094951e-02 1.4334578e-01
-2.3343343e+00 4.0287577e-02 8.2495824e-02 1.4500898e-01
-2.3263263e+00 4.1380155e-02 8.3998622e-02 1.4685445e-01
-2.3183183e+00 4.2444623e-02 8.5449098e-02 1.4852008e-01
-2.3103103e+00 4.3610064e-02 8.6961493e-02 1.5036938e-01
-2.3023023e+00 4.4737062e-02 8.8480508e-02 1.5237600e-01
-2.2942943e+00 4.5942601e-02 9.0028450e-02 1.5431771e-01
-2.2862863e+00 4.7101074e-02 9.1547561e-02 1.5610345e-01
-2.2782783e+00 4.8237053e-02 9.3187835e-02 1.5805195e-01
-2.2702703e+00 4.9447366e-02 9.4789255e-02 1.5997629e-01
-2.2622623e+00 5.0632519e-02 9.6472376e-02 1.6197255e-01
-2.2542543e+00 5.1892952e-02 9.8141423e-02 1.6389732e-01
-2.2462462e+00 5.3134076e-02 9.9850518e-02 1.6596554e-01
-2.2382382e+00 5.4389901e-02 1.0152630e-01 1.6791809e-01
-2.2302302e+00 5.5826966e-02 1.0338954e-01 1.6992045e-01
-2.2222222e+00 5.7189379e-02 1.0528219e-01 1.7210014e-01
-2.2142142e+00 5.8539104e-02 1.0700974e-01 1.7414093e-01
-2.2062062e+00 5.9993050e-02 1.0889129e-01 1.7638397e-01
-2.1981982e+00 6.1495318e-02 1.1087733e-01 1.7860143e-01
-2.1901902e+00 6.2961598e-02 1.1281823e-01 1.8098341e-01
-2.1821822e+00 6.4428692e-02 1.1474724e-01 1.8349638e-01
-2.1741742e+00 6.5865795e-02 1.1668890e-01 1.8585540e-01
-2.1661662e+00 6.7396489e-02 1.1873379e-01 1.8828618e-01
-2.1581582e+00 6.8993438e-02 1.2072993e-01 1.9070178e-01
-2.1501502e+00 7.0644857e-02 1.2269559e-01 1.9310185e-01
-2.1421421e+00 7.2337921e-02 1.2475745e-01 1.9547676e-01
-2.1341341e+00 7.4016707e-02 1.2684431e-01 1.9787681e-01
-2.1261261e+00 7.5698642e-02 1.2905855e-01 2.0027434e-01
-2.1181181e+00 7.7321542e-02 1.3119114e-01 2.0295504e-01
-2.1101101e+00 7.9017784e-02 1.3339619e-01 2.0557346e-01
-2.1021021e+00 8.0899777e-02 1.3559130e-01 2.0809808e-01
-2.0940941e+00 8.2623020e-02 1.3793721e-01 2.1063091e-01
-2.0860861e+00 8.4373993e-02 1.4021554e-01 2.1335747e-01
-2.0780781e+00 8.6242922e-02 1.4256289e-01 2.1610436e-01
-2.0700701e+00 8.8056968e-02 1.4499581e-01 2.1893173e-01
-2.0620621e+00 8.9985164e-02 1.4735734e-01 2.2167772e-01
-2.0540541e+00 9.1892069e-02 1.4985653e-01 2.2436781e-01
-2.0460460e+00 9.3854235e-02 1.5241800e-01 2.2723457e-01
-2.0380380e+00 9.5878656e-02 1.5501305e-01 2.2993715e-01
-2.0300300e+00 9.7948886e-02 1.5756619e-01 2.3284408e-01
-2.0220220e+00 1.0011572e-01 1.6024883e-01 2.3571087e-01
-2.0140140e+00 1.0219364e-01 1.6272644e-01 2.3853282e-01
-2.0060060e+00 1.0438839e-01 1.6535263e-01 2.4165833e-01
-1.9979980e+00 1.0665936e-01 1.6791834e-01 2.4471103e-01
-1.9899900e+00 1.0900226e-01 1.7070573e-01 2.4783757e-01
-1.9819820e+00 1.1127153e-01 1.7346745e-01 2.5099597e-01
-1.9739740e+00 1.1357138e-01 1.7621801e-01 2.5410098e-01
-1.9659660e+00 1.1591426e-01 1.7891902e-01 2.5730742e-01
-1.9579580e+00 1.1817963e-01 1.8173557e-01 2.6055703e-01
-1.9499499e+00 1.2049325e-01 1.8468989e-01 2.6390164e-01
-1.9419419e+00 1.2302097e-01 1.8770064e-01 2.6727956e-01
-1.9339339e+00 1.2537909e-01 1.9062696e-01 2.7038959e-01
-1.9259259e+00 1.2777064e-01 1.9355823e-01 2.7373162e-01
-1.9179179e+00 1.3022226e-01 1.9653015e-01 2.7686701e-01
-1.9099099e+00 1.3282163e-01 1.9955109e-01 2.8008846e-01
-1.9019019e+00 1.3535264e-01 2.0252807e-01 2.8365568e-01
-1.8938939e+00 1.3796295e-01 2.0565265e-01 2.8703751e-01
-1.8858859e+00 1.4062576e-01 2.0857517e-01 2.9040373e-01
-1.8778779e+00 1.4327859e-01 2.1170529e-01 2.9390585e-01
-1.8698699e+00 1.4606982e-01 2.1489938e-01 2.9745624e-01
-1.8618619e+00 1.4885264e-01 2.1817946e-01 3.0117783e-01
-1.8538539e+00 1.5167621e-01 2.2134563e-01 3.0483432e-01
-1.8458458e+00 1.5446450e-01 2.2469106e-01 3.0870662e-01
-1.8378378e+00 1.5733947e-01 2.2794609e-01 3.1244685e-01
-1.8298298e+00 1.6018647e-01 2.3133826e-01 3.1636933e-01
-1.8218218e+00 1.6304218e-01 2.3462745e-01 3.1988178e-01
-1.8138138e+00 1.6598179e-01 2.3811667e-01 3.2359505e-01
-1.8058058e+00 1.6905426e-01 2.4153137e-01 3.2750376e-01
-1.7977978e+00 1.7208518e-01 2.4504741e-01 3.3154619e-01
-1.7897898e+00 1.7520731e-01 2.4848977e-01 3.3538295e-01
-1.7817818e+00 1.7817296e-01 2.5201034e-01 3.3922123e-01
-1.7737738e+00 1.8115161e-01 2.5554079e-01 3.4298259e-01
-1.7657658e+00 1.8427633e-01 2.5921136e-01 3.4689896e-01
-1.7577578e+00 1.8742192e-01 2.6295830e-01 3.5089480e-01
-1.7497497e+00 1.9057806e-01 2.6668482e-01 3.5493967e-01
-1.7417417e+00 1.9383038e-01 2.7041551e-01 3.5920354e-01
-1.7337337e+00 1.9712815e-01 2.7428438e-01 3.6342641e-01
-1.7257257e+00 2.0042355e-01 2.7807361e-01 3.6760980e-01
-1.7177177e+00 2.0373248e-01 2.8195561e-01 3.7180167e-01
-1.7097097e+00 2.0725011e-01 2.8574141e-01 3.7601045e-01
-1.7017017e+00 2.1080513e-01 2.8951867e-01 3.8039794e-01
-1.6936937e+00 2.1432717e-01 2.9343070e-01 3.8471033e-01
-1.6856857e+00 2.1783584e-01 2.9712474e-01 3.8907567e-01
-1.6776777e+00 2.2135089e-01 3.0106747e-01 3.9334950e-01
-1.6696697e+00 2.2494378e-01 3.0523387e-01 3.9770296e-01
-1.6616617e+00 2.2849635e-01 3.0932080e-01 4.0219463e-01
-1.6536537e+00 2.3203113e-01 3.1336874e-01 4.0680039e-01
-1.6456456e+00 2.3575432e-01 3.1736237e-01 4.1145456e-01
-1.6376376e+00 2.3939309e-01 3.2147815e-01 4.1590631e-01
-1.6296296e+00 2.4307257e-01 3.2564490e-01 4.2044323e-01
-1.6216216e+00 2.4674832e-01 3.2974774e-01 4.2523515e-01
-1.6136136e+00 2.5034585e-01 3.3387665e-01 4.2964719e-01
-1.6056056e+00 2.5400558e-01 3.3813594e-01 4.3456134e-01
-1.5975976e+00 2.5768947e-01 3.4233084e-01 4.3930337e-01
-1.5895896e+00 2.6165675e-01 3.4677524e-01 4.4391635e-01
-1.5815816e+00 2.6559177e-01 3.5099593e-01 4.4882977e-01
-1.5735736e+00 2.6951241e-01 3.5530064e-01 4.5360628e-01
-1.5655656e+00 2.7340629e-01 3.5956208e-01 4.5815831e-01
-1.5575576e+00 2.7730167e-01 3.6402418e-01 4.6296111e-01
-1.5495495e+00 2.8121898e-01 3.6848164e-01 4.6770500e-01
-1.5415415e+00 2.8515837e-01 3.7278129e-01 4.7220301e-01
-1.5335335e+00 2.8920674e-01 3.7724803e-01 4.7733675e-01
-1.5255255e+00 2.9315365e-01 3.8174844e-01 4.8195842e-01
-1.5175175e+00 2.9716174e-01 3.8628088e-01 4.8671760e-01
-1.5095095e+00 3.0132067e-01 3.9091833e-01 4.9158689e-01
-1.5015015e+00 3.0527438e-01 3.9550524e-01 4.9644293e-01
-1.4934935e+00 3.0933991e-01 4.0015766e-01 5.0164034e-01
-1.4854855e+00 3.1366063e-01 4.0480783e-01 5.0658601e-01
-1.4774775e+00 3.1808310e-01 4.0961459e-01 5.1165594e-01
-1.4694695e+00 3.2230147e-01 4.1425502e-01 5.1644203e-01
-1.4614615e+00 3.2655564e-01 4.1894859e-01 5.2126156e-01
-1.4534535e+00 3.3071974e-01 4.2382288e-01 5.2611565e-01
-1.4454454e+00 3.3512141e-01 4.2852685e-01 5.3115439e-01
-1.4374374e+00 3.3940730e-01 4.3306165e-01 5.3634041e-01
-1.4294294e+00 3.4386681e-01 4.3782665e-01 5.4156130e-01
-1.4214214e+00 3.4820645e-01 4.4273263e-01 5.4720446e-01
-1.4134134e+00 3.5267181e-01 4.4758941e-01 5.5231301e-01
-1.4054054e+00 3.5705416e-01 4.5239632e-01 5.5735742e-01
-1.3973974e+00 3.6147731e-01 4.5717487e-01 5.6269546e-01
-1.3893894e+00 3.6600917e-01 4.6213033e-01 5.6782355e-01
-1.3813814e+00 3.7049747e-01 4.6686031e-01 5.7302682e-01
-1.3733734e+00 3.7482401e-01 4.7166342e-01 5.7804706e-01
-1.3653654e+00 3.7933357e-01 4.7653373e-01 5.8324410e-01
-1.3573574e+00 3.8384193e-01 4.8143738e-01 5.8829020e-01
-1.3493493e+00 3.8844710e-01 4.8634453e-01 5.9334069e-01
-1.3413413e+00 3.9308133e-01 4.9138283e-01 5.9843569e-01
-1.3333333e+00 3.9769877e-01 4.9631311e-01 6.0368551e-01
-1.3253253e+00 4.0224051e-01 5.0132650e-01 6.0887113e-01
-1.3173173e+00 4.0680801e-01 5.0628497e-01 6.1407022e-01
-1.3093093e+00 4.1144185e-01 5.1124358e-01 6.1919318e-01
-1.3013013e+00 4.1596751e-01 5.1611277e-01 6.2451064e-01
-1.2932933e+00 4.2086532e-01 5.2119483e-01 6.2970359e-01
-1.2852853e+00 4.2547279e-01 5.2625271e-01 6.3499179e-01
-1.2772773e+00 4.3017732e-01 5.3135478e-01 6.4072609e-01
-1.2692693e+00 4.3492771e-01 5.3660262e-01 6.4599946e-01
-1.2612613e+00 4.3974506e-01 5.4175739e-01 6.5143157e-01
-1.2532533e+00 4.4452696e-01 5.4678639e-01 6.5670498e-01
-1.2452452e+00 4.4937333e-01 5.5178148e-01 6.6213073e-01
-1.2372372e+00 4.5406794e-01 5.5691019e-01 6.6729930e-01
-1.2292292e+00 4.5883298e-01 5.6196693e-01 6.7259213e-01
-1.2212212e+00 4.6391573e-01 5.6722447e-01 6.7764866e-01
-1.2132132e+00 4.6862708e-01 5.7230578e-01 6.8312217e-01
-1.2052052e+00 4.7342906e-01 5.7741988e-01 6.8846279e-01
-1.1971972e+00 4.7820129e-01 5.8251855e-01 6.9383880e-01
-1.1891892e+00 4.8308405e-01 5.8786113e-01 6.9902623e-01
-1.1811812e+00 4.8791520e-01 5.9312177e-01 7.0438324e-01
-1.1731732e+00 4.9290647e-01 5.9842290e-01 7.0993170e-01
-1.1651652e+00 4.9767608e-01 6.0348914e-01 7.1543223e-01
-1.1571572e+00 5.0269214e-01 6.0848412e-01 7.2058556e-01
-1.1491491e+00 5.0726628e-01 6.1366441e-01 7.2584883e-01
-1.1411411e+00 5.1201922e-01 6.1866042e-01 7.3126734e-01
-1.1331331e+00 5.1669582e-01 6.2380631e-01 7.3648572e-01
-1.1251251e+00 5.2145491e-01 6.2892128e-01 7.4195799e-01
-1.1171171e+00 5.2633282e-01 6.3419181e-01 7.4724881e-01
-1.1091091e+00 5.3120345e-01 6.3926951e-01 7.5246155e-01
-1.1011011e+00 5.3592050e-01 6.4417438e-01 7.5768256e-01
-1.0930931e+00 5.4080037e-01 6.4923087e-01 7.6331746e-01
-1.0850851e+00 5.4569461e-01 6.5431127e-01 7.6867886e-01
-1.0770771e+00 5.5067991e-01 6.5938174e-01 7.7393786e-01
-1.0690691e+00 5.5556330e-01 6.6459338e-01 7.7895367e-01
-1.0610611e+00 5.6062237e-01 6.6966995e-01 7.8426477e-01
-1.0530531e+00 5.6567980e-01 6.7461068e-01 7.8946805e-01
-1.0450450e+00 5.7040187e-01 6.7953808e-01 7.9451675e-01
-1.0370370e+00 5.7529652e-01 6.8448906e-01 7.9977145e-01
-1.0290290e+00 5.7999309e-01 6.8956872e-01 8.0531229e-01
-1.0210210e+00 5.8464012e-01 6.9465752e-01 8.1034230e-01
-1.0130130e+00 5.8975668e-01 6.9961260e-01 8.1568423e-01
-1.0050050e+00 5.9438594e-01 7.0469079e-01 8.2112939e-01
-9.9699700e-01 5.9910152e-01 7.0977341e-01 8.2638038e-01
-9.8898899e-01 6.0396370e-01 7.1480804e-01 8.3153717e-01
-9.8098098e-01 6.0872896e-01 7.1994394e-01 8.3676327e-01
-9.7297297e-01 6.1364128e-01 7.2496098e-01 8.4178342e-01
-9.6496496e-01 6.1829130e-01 7.2977647e-01 8.4668598e-01
-9.5695696e-01 6.2315520e-01 7.3454046e-01 8.5180839e-01
-9.4894895e-01 6.2776211e-01 7.3947381e-01 8.5671896e-01
-9.4094094e-01 6.3261395e-01 7.4440296e-01 8.6171074e-01
-9.3293293e-01 6.3726315e-01 7.4931827e-01 8.6686925e-01
-9.2492492e-01 6.4197644e-01 7.5388901e-01 8.7152786e-01
-9.1691692e-01 6.4657468e-01 7.5873186e-01 8.7625599e-01
-9.0890891e-01 6.5111969e-01 7.6346467e-01 8.8108859e-01
-9.0090090e-01 6.5577910e-01 7.6825700e-01 8.8584192e-01
-8.9289289e-01 6.6020595e-01 7.7270571e-01 8.9077971e-01
-8.8488488e-01 6.6486261e-01 7.7761769e-01 8.9554920e-01
-8.7687688e-01 6.6926484e-01 7.8207231e-01 9.0022908e-01
-8.6886887e-01 6.7355759e-01 7.8684779e-01 9.0499949e-01
-8.6086086e-01 6.7782614e-01 7.9128879e-01 9.0949146e-01
-8.5285285e-01 6.8215254e-01 7.9582557e-01 9.1380151e-01
-8.4484484e-01 6.8652777e-01 8.0017576e-01 9.1859213e-01
-8.3683684e-01 6.9071341e-01 8.0482102e-01 9.2323278e-01
-8.2882883e-01 6.9500391e-01 8.0927582e-01 9.2774881e-01
-8.2082082e-01 6.9933603e-01 8.1368522e-01 9.3201129e-01
-8.1281281e-01 7.0361916e-01 8.1805531e-01 9.3632300e-01
-8.0480480e-01 7.0777771e-01 8.2261730e-01 9.4080974e-01
-7.9679680e-01 7.1190725e-01 8.2686839e-01 9.4517057e-01
-7.8878879e-01 7.1607615e-01 8.3097073e-01 9.4917370e-01
-7.8078078e-01 7.2029996e-01 8.3517276e-01 9.5355583e-01
-7.7277277e-01 7.2453010e-01 8.3943969e-01 9.5784914e-01
-7.6476476e-01 7.2823132e-01 8.4345058e-01 9.6204139e-01
-7.5675676e-01 7.3202521e-01 8.4741450e-01 9.6601737e-01
-7.4874875e-01 7.3587646e-01 8.5147809e-01 9.6980948e-01
-7.4074074e-01 7.3994285e-01 8.5558134e-01 9.7380140e-01
-7.3273273e-01 7.4401270e-01 8.5936948e-01 9.7781781e-01
-7.2472472e-01 7.4770828e-01 8.6324975e-01 9.8164207e-01
-7.1671672e-01 7.5169871e-01 8.6705250e-01 9.8548113e-01
-7.0870871e-01 7.5580438e-01 8.7079624e-01 9.8913307e-01
-7.0070070e-01 7.5946310e-01 8.7461295e-01 9.9287670e-01
-6.9269269e-01 7.6311008e-01 8.7825172e-01 9.9670321e-01
-6.8468468e-01 7.6642135e-01 8.8188252e-01 1.0000712e+00
-6.7667668e-01 7.6977449e-01 8.8548542e-01 1.0033832e+00
-6.6866867e-01 7.7330595e-01 8.8909091e-01 1.0070743e+00
-6.6066066e-01 7.7688618e-01 8.9279797e-01 1.0106520e+00
-6.5265265e-01 7.8033470e-01 8.9635157e-01 1.0137568e+00
-6.4464464e-01 7.8391513e-01 8.9981468e-01 1.0171791e+00
-6.3663664e-01 7.8714260e-01 9.0335292e-01 1.0206397e+00
-6.2862863e-01 7.9043304e-01 9.0665057e-01 1.0239361e+00
-6.2062062e-01 7.9363050e-01 9.0970949e-01 1.0270417e+00
-6.1261261e-01 7.9703168e-01 9.1270148e-01 1.0302268e+00
-6.0460460e-01 8.0008046e-01 9.1593999e-01 1.0335059e+00
-5.9659660e-01 8.0350061e-01 9.1895423e-01 1.0366806e+00
-5.8858859e-01 8.0654285e-01 9.2187180e-01 1.0395621e+00
-5.8058058e-01 8.0927421e-01 9.2476046e-01 1.0424451e+00
-5.7257257e-01 8.1221677e-01 9.2753166e-01 1.0457355e+00
-5.6456456e-01 8.1505396e-01 9.3020607e-01 1.0486903e+00
-5.5655656e-01 8.1784971e-01 9.3305994e-01 1.0513785e+00
-5.4854855e-01 8.2075935e-01 9.3563072e-01 1.0541094e+00
-5.4054054e-01 8.2336347e-01 9.3835933e-01 1.0567375e+00
-5.3253253e-01 8.2627050e-01 9.4110856e-01 1.0594854e+00
-5.2452452e-01 8.2872136e-01 9.4361465e-01 1.0620850e+00
-5.1651652e-01 8.3119529e-01 9.4616736e-01 1.0647540e+00
-5.0850851e-01 8.3389567e-01 9.4873694e-01 1.0669441e+00
-5.0050050e-01 8.3627230e-01 9.5109918e-01 1.0693876e+00
-4.9249249e-01 8.3876147e-01 9.5368540e-01 1.0717499e+00
-4.8448448e-01 8.4115981e-01 9.5580985e-01 1.0738684e+00
-4.7647648e-01 8.4344764e-01 9.5803803e-01 1.0757100e+00
-4.6846847e-01 8.4580808e-01 9.6041725e-01 1.0775705e+00
-4.6046046e-01 8.4797049e-01 9.6259070e-01 1.0797050e+00
-4.5245245e-01 8.4994069e-01 9.6458105e-01 1.0814455e+00
-4.4444444e-01 8.5193808e-01 9.6670994e-01 1.0831305e+00
-4.3643644e-01 8.5350015e-01 9.6860529e-01 1.0848759e+00
-4.2842843e-01 8.5554653e-01 9.7029376e-01 1.0870135e+00
-4.2042042e-01 8.5754620e-01 9.7219529e-01 1.0890414e+00
-4.1241241e-01 8.5935683e-01 9.7399524e-01 1.0904879e+00
-4.0440440e-01 8.6110297e-01 9.7583711e-01 1.0924444e+00
-3.9639640e-01 8.6274502e-01 9.7754575e-01 1.0937126e+00
-3.8838839e-01 8.6438351e-01 9.7897780e-01 1.0952863e+00
-3.8038038e-01 8.6591612e-01 9.8039595e-01 1.0968404e+00
-3.7237237e-01 8.6731781e-01 9.8171825e-01 1.0980121e+00
-3.6436436e-01 8.6866569e-01 9.8329460e-01 1.0997652e+00
-3.5635636e-01 8.7015651e-01 9.8480203e-01 1.1009767e+00
-3.4834835e-01 8.7152775e-01 9.8607404e-01 1.1022044e+00
-3.4034034e-01 8.7280560e-01 9.8743287e-01 1.1031114e+00
-3.3233233e-01 8.7411359e-01 9.8872881e-01 1.1043051e+00
-3.2432432e-01 8.7529329e-01 9.8999332e-01 1.1053035e+00
-3.1631632e-01 8.7639276e-01 9.9100759e-01 1.1063015e+00
-3.0830831e-01 8.7754263e-01 9.9196729e-01 1.1073158e+00
-3.0030030e-01 8.7840301e-01 9.9296263e-01 1.1081099e+00
-2.9229229e-01 8.7915589e-01 9.9391457e-01 1.1090076e+00
-2.8428428e-01 8.8009143e-01 9.9487056e-01 1.1096370e+00
-2.7627628e-01 8.8077914e-01 9.9547977e-01 1.1102168e+00
-2.6826827e-01 8.8148208e-01 9.9616110e-01 1.1110508e+00
-2.6026026e-01 8.8210399e-01 9.9670702e-01 1.1119199e+00
-2.5225225e-01 8.8276714e-01 9.9733284e-01 1.1125392e+00
-2.4424424e-01 8.8342959e-01 9.9799459e-01 1.1131343e+00
-2.3623624e-01 8.8434100e-01 9.9862299e-01 1.1135399e+00
-2.2822823e-01 8.8480267e-01 9.9903694e-01 1.1141233e+00
-2.2022022e-01 8.8500261e-01 9.9921977e-01 1.1141550e+00
-2.1221221e-01 8.8524156e-01 9.9952639e-01 1.1146258e+00
-2.0420420e-01 8.8543739e-01 9.9979565e-01 1.1148199e+00
-1.9619620e-01 8.8556420e-01 9.9998561e-01 1.1149136e+00
-1.8818819e-01 8.8559449e-01 1.0000000e+00 1.1148156e+00
-1.8018018e-01 8.8587513e-01 9.9992482e-01 1.1152007e+00
-1.7217217e-01 8.8592883e-01 9.9993591e-01 1.1150538e+00
-1.6416416e-01 8.8552338e-01 9.9980711e-01 1.1150512e+00
-1.5615616e-01 8.8569746e-01 9.9978674e-01 1.1148786e+00
-1.4814815e-01 8.8551657e-01 9.9951419e-01 1.1148977e+00
-1.4014014e-01 8.8520757e-01 9.9899570e-01 1.1146567e+00
-1.3213213e-01 8.8491617e-01 9.9872059e-01 1.1146076e+00
-1.2412412e-01 8.8442769e-01 9.9836698e-01 1.1144788e+00
-1.1611612e-01 8.8364011e-01 9.9768842e-01 1.1141605e+00
-1.0810811e-01 8.8290132e-01 9.9706372e-01 1.1138820e+00
-1.0010010e-01 8.8210537e-01 9.9644551e-01 1.1131918e+00
-9.2092092e-02 8.8132820e-01 9.9604308e-01 1.1127138e+00
-8.4084084e-02 8.8048320e-01 9.9540768e-01 1.1119290e+00
-7.6076076e-02 8.7979455e-01 9.9454077e-01 1.1108293e+00
-6.8068068e-02 8.7866546e-01 9.9388873e-01 1.1101389e+00
-6.0060060e-02 8.7759557e-01 9.9289923e-01 1.1088955e+00
-5.2052052e-02 8.7660743e-01 9.9201534e-01 1.1081053e+00
-4.4044044e-02 8.7521488e-01 9.9076585e-01 1.1067793e+00
-3.6036036e-02 8.7414163e-01 9.8964191e-01 1.1058827e+00
-2.8028028e-02 8.7280231e-01 9.8839162e-01 1.1045929e+00
-2.0020020e-02 8.7146216e-01 9.8719025e-01 1.1034163e+00
-1.2012012e-02 8.7019051e-01 9.8598218e-01 1.1021187e+00
-4.0040040e-03 8.6871467e-01 9.8453080e-01 1.1005163e+00
4.0040040e-03 8.6736716e-01 9.8300399e-01 1.0990614e+00
1.2012012e-02 8.6584471e-01 9.8154402e-01 1.0975955e+00
2.0020020e-02 8.6425123e-01 9.8006976e-01 1.0960197e+00
2.8028028e-02 8.6260175e-01 9.7830031e-01 1.0946020e+00
3.6036036e-02 8.6040963e-01 9.7626410e-01 1.0932208e+00
4.4044044e-02 8.5810649e-01 9.7439747e-01 1.0914963e+00
5.2052052e-02 8.5607846e-01 9.7246963e-01 1.0897076e+00
6.0060060e-02 8.5389495e-01 9.7031920e-01 1.0874752e+00
6.8068068e-02 8.5205924e-01 9.6812074e-01 1.0853856e+00
7.6076076e-02 8.4953176e-01 9.6626033e-01 1.0831466e+00
8.4084084e-02 8.4715323e-01 9.6404469e-01 1.0809840e+00
9.2092092e-02 8.4439536e-01 9.6169133e-01 1.0787223e+00
1.0010010e-01 8.4234639e-01 9.5924499e-01 1.0762193e+00
1.0810811e-01 8.3972652e-01 9.5670538e-01 1.0739647e+00
1.1611612e-01 8.3713726e-01 9.5401648e-01 1.0716087e+00
1.2412412e-01 8.3429391e-01 9.5113985e-01 1.0691009e+00
1.3213213e-01 8.3122678e-01 9.4839877e-01 1.0665326e+00
1.4014014e-01 8.2808277e-01 9.4534049e-01 1.0639187e+00
1.4814815e-01 8.2518480e-01 9.4254690e-01 1.0612576e+00
1.5615616e-01 8.2187590e-01 9.3948932e-01 1.0582924e+00
1.6416416e-01 8.1883859e-01 9.3659771e-01 1.0554215e+00
1.7217217e-01 8.1568754e-01 9.3348373e-01 1.0523613e+00
1.8018018e-01 8.1244078e-01 9.3007938e-01 1.0494718e+00
1.8818819e-01 8.0916624e-01 9.2686346e-01 1.0461993e+00
1.9619620e-01 8.0572923e-01 9.2351559e-01 1.0428312e+00
2.0420420e-01 8.0245429e-01 9.2008000e-01 1.0393239e+00
2.1221221e-01 7.9887683e-01 9.1653797e-01 1.0358512e+00
2.2022022e-01 7.9535832e-01 9.1295974e-01 1.0323715e+00
2.2822823e-01 7.9170798e-01 9.0924674e-01 1.0286652e+00
2.3623624e-01 7.8785846e-01 9.0533492e-01 1.0248264e+00
2.4424424e-01 7.8413148e-01 9.0151705e-01 1.0207148e+00
2.5225225e-01 7.8001620e-01 8.9736750e-01 1.0168599e+00
2.6026026e-01 7.7602291e-01 8.9319503e-01 1.0128176e+00
2.6826827e-01 7.7181381e-01 8.8917627e-01 1.0086011e+00
2.7627628e-01 7.6779721e-01 8.8497456e-01 1.0044896e+00
2.8428428e-01 7.6336238e-01 8.8068405e-01 1.0001599e+00
2.9229229e-01 7.5903702e-01 8.7616190e-01 9.9590290e-01
3.0030030e-01 7.5456226e-01 8.7153332e-01 9.9147637e-01
3.0830831e-01 7.4995294e-01 8.6704272e-01 9.8705119e-01
3.1631632e-01 7.4549138e-01 8.6252143e-01 9.8235959e-01
3.2432432e-01 7.4088204e-01 8.5779455e-01 9.7758876e-01
3.3233233e-01 7.3611186e-01 8.5298385e-01 9.7269188e-01
3.4034034e-01 7.3119453e-01 8.4834462e-01 9.6769151e-01
3.4834835e-01 7.2644028e-01 8.4352125e-01 9.6286523e-01
3.5635636e-01 7.2173763e-01 8.3870502e-01 9.5794202e-01
3.6436436e-01 7.1664732e-01 8.3364689e-01 9.5272269e-01
3.7237237e-01 7.1175591e-01 8.2857792e-01 9.4735783e-01
3.8038038e-01 7.0686472e-01 8.2337420e-01 9.4203235e-01
3.8838839e-01 7.0189695e-01 8.1816329e-01 9.3662027e-01
3.9639640e-01 6.9677521e-01 8.1274366e-01 9.3090138e-01
4.0440440e-01 6.9156151e-01 8.0753964e-01 9.2522801e-01
4.1241241e-01 6.8649617e-01 8.0211690e-01 9.1985222e-01
4.2042042e-01 6.8109051e-01 7.9663789e-01 9.1407903e-01
4.2842843e-01 6.7564238e-01 7.9110065e-01 9.0807992e-01
4.3643644e-01 6.7029585e-01 7.8542207e-01 9.0255700e-01
4.4444444e-01 6.6476236e-01 7.7995959e-01 8.9657026e-01
4.5245245e-01 6.5929953e-01 7.7409585e-01 8.9047324e-01
4.6046046e-01 6.5379734e-01 7.6801718e-01 8.8456458e-01
4.6846847e-01 6.4820335e-01 7.6212068e-01 8.7849929e-01
4.7647648e-01 6.4261155e-01 7.5613366e-01 8.7224149e-01
4.8448448e-01 6.3704642e-01 7.5005718e-01 8.6597188e-01
4.9249249e-01 6.3119021e-01 7.4408003e-01 8.5969149e-01
5.0050050e-01 6.2539479e-01 7.3800298e-01 8.5338691e-01
5.0850851e-01 6.1969749e-01 7.3169974e-01 8.4688798e-01
5.1651652e-01 6.1371267e-01 7.2537655e-01 8.4041065e-01
5.2452452e-01 6.0777281e-01 7.1909886e-01 8.3383350e-01
5.3253253e-01 6.0173131e-01 7.1271810e-01 8.2715602e-01
5.4054054e-01 5.9587249e-01 7.0640908e-01 8.2075583e-01
5.4854855e-01 5.9011059e-01 6.9992551e-01 8.1422479e-01
5.5655656e-01 5.8410330e-01 6.9345663e-01 8.0758479e-01
5.6456456e-01 5.7815145e-01 6.8696191e-01 8.0071910e-01
5.7257257e-01 5.7184079e-01 6.8052565e-01 7.9394883e-01
5.8058058e-01 5.6556070e-01 6.7415465e-01 7.8693966e-01
5.8858859e-01 5.5937380e-01 6.6762210e-01 7.7998271e-01
5.9659660e-01 5.5334766e-01 6.6108054e-01 7.7316397e-01
6.0460460e-01 5.4704905e-01 6.5450225e-01 7.6635918e-01
6.1261261e-01 5.4099428e-01 6.4793876e-01 7.5932997e-01
6.2062062e-01 5.3493980e-01 6.4118913e-01 7.5253328e-01
6.2862863e-01 5.2852650e-01 6.3451871e-01 7.4522450e-01
6.3663664e-01 5.2236167e-01 6.2795039e-01 7.3842115e-01
6.4464464e-01 5.1633718e-01 6.2117971e-01 7.3151078e-01
6.5265265e-01 5.1013055e-01 6.1443515e-01 7.2442002e-01
6.6066066e-01 5.0385224e-01 6.0766805e-01 7.1713628e-01
6.6866867e-01 4.9773862e-01 6.0083250e-01 7.1015543e-01
6.7667668e-01 4.9146078e-01 5.9387697e-01 7.0289438e-01
6.8468468e-01 4.8551975e-01 5.8704983e-01 6.9585944e-01
6.9269269e-01 4.7904607e-01 5.8039728e-01 6.8856323e-01
7.0070070e-01 4.7271365e-01 5.7379793e-01 6.8141268e-01
7.0870871e-01 4.6657119e-01 5.6698822e-01 6.7436441e-01
7.1671672e-01 4.6052792e-01 5.6014692e-01 6.6704631e-01
7.2472472e-01 4.5423242e-01 5.5344995e-01 6.5982658e-01
7.3273273e-01 4.4814674e-01 5.4682735e-01 6.5271488e-01
7.4074074e-01 4.4197200e-01 5.4016415e-01 6.4522409e-01
7.4874875e-01 4.3575220e-01 5.3327691e-01 6.3815125e-01
7.5675676e-01 4.2956071e-01 5.2655337e-01 6.3090383e-01
7.6476476e-01 4.2348075e-01 5.1971991e-01 6.2386842e-01
7.7277277e-01 4.1741205e-01 5.1305779e-01 6.1655406e-01
7.8078078e-01 4.1120699e-01 5.0625592e-01 6.0946598e-01
7.8878879e-01 4.0514236e-01 4.9972907e-01 6.0232470e-01
7.9679680e-01 3.9903760e-01 4.9317131e-01 5.9534564e-01
8.0480480e-01 3.9290312e-01 4.8648951e-01 5.8807876e-01
8.1281281e-01 3.8694932e-01 4.7979081e-01 5.8093124e-01
8.2082082e-01 3.8099438e-01 4.7311812e-01 5.7378298e-01
8.2882883e-01 3.7481474e-01 4.6654448e-01 5.6653330e-01
8.3683684e-01 3.6896375e-01 4.6011410e-01 5.5953531e-01
8.4484484e-01 3.6308749e-01 4.5364871e-01 5.5268097e-01
8.5285285e-01 3.5745263e-01 4.4704296e-01 5.4581178e-01
8.6086086e-01 3.5144381e-01 4.4053363e-01 5.3886558e-01
8.6886887e-01 3.4575717e-01 4.3409447e-01 5.3208554e-01
8.7687688e-01 3.3999897e-01 4.2767697e-01 5.2508157e-01
8.8488488e-01 3.3429102e-01 4.2128646e-01 5.1821664e-01
8.9289289e-01 3.2861449e-01 4.1500447e-01 5.1130216e-01
9.0090090e-01 3.2309621e-01 4.0887010e-01 5.0440930e-01
9.0890891e-01 3.1755536e-01 4.0282659e-01 4.9767252e-01
9.1691692e-01 3.1209862e-01 3.9672277e-01 4.9091262e-01
9.2492492e-01 3.0659813e-01 3.9045243e-01 4.8416992e-01
9.3293293e-01 3.0105462e-01 3.8438922e-01 4.7761046e-01
9.4094094e-01 2.9563238e-01 3.7826318e-01 4.7096343e-01
9.4894895e-01 2.9028435e-01 3.7224112e-01 4.6443676e-01
9.5695696e-01 2.8506558e-01 3.6631238e-01 4.5778401e-01
9.6496496e-01 2.7977067e-01 3.6050476e-01 4.5115988e-01
9.7297297e-01 2.7460603e-01 3.5471298e-01 4.4484078e-01
9.8098098e-01 2.6955571e-01 3.4879005e-01 4.3845141e-01
9.8898899e-01 2.6448308e-01 3.4305023e-01 4.3216142e-01
9.9699700e-01 2.5939886e-01 3.3737005e-01 4.2592658e-01
1.0050050e+00 2.5434653e-01 3.3177254e-01 4.1972116e-01
1.0130130e+00 2.4928811e-01 3.2617270e-01 4.1360242e-01
1.0210210e+00 2.4436374e-01 3.2053107e-01 4.0749391e-01
1.0290290e+00 2.3949811e-01 3.1504544e-01 4.0125682e-01
1.0370370e+00 2.3461287e-01 3.0968596e-01 3.9527227e-01
1.0450450e+00 2.2982794e-01 3.0438636e-01 3.8932555e-01
1.0530531e+00 2.2499753e-01 2.9900021e-01 3.8355892e-01
1.0610611e+00 2.2037577e-01 2.9364858e-01 3.7748282e-01
1.0690691e+00 2.1576804e-01 2.8834348e-01 3.7173001e-01
1.0770771e+00 2.1123588e-01 2.8313869e-01 3.6599153e-01
1.0850851e+00 2.0691269e-01 2.7792575e-01 3.6024650e-01
1.0930931e+00 2.0227986e-01 2.7284076e-01 3.5431013e-01
1.1011011e+00 1.9799579e-01 2.6782136e-01 3.4886772e-01
1.1091091e+00 1.9357528e-01 2.6298188e-01 3.4328194e-01
1.1171171e+00 1.8923248e-01 2.5817182e-01 3.3766613e-01
1.1251251e+00 1.8502072e-01 2.5332990e-01 3.3223921e-01
1.1331331e+00 1.8097060e-01 2.4861924e-01 3.2682773e-01
1.1411411e+00 1.7687623e-01 2.4378836e-01 3.2152363e-01
1.1491491e+00 1.7286639e-01 2.3911349e-01 3.1606364e-01
1.1571572e+00 1.6893586e-01 2.3457253e-01 3.1083367e-01
1.1651652e+00 1.6504828e-01 2.2998903e-01 3.0571053e-01
1.1731732e+00 1.6118076e-01 2.2544565e-01 3.0064331e-01
1.1811812e+00 1.5745387e-01 2.2105808e-01 2.9559213e-01
1.1891892e+00 1.5373792e-01 2.1669212e-01 2.9074843e-01
1.1971972e+00 1.5012645e-01 2.1242210e-01 2.8574749e-01
1.2052052e+00 1.4638989e-01 2.0813228e-01 2.8073877e-01
1.2132132e+00 1.4285295e-01 2.0397026e-01 2.7589830e-01
1.2212212e+00 1.3941875e-01 1.9987171e-01 2.7113828e-01
1.2292292e+00 1.3599820e-01 1.9569753e-01 2.6654522e-01
1.2372372e+00 1.3269768e-01 1.9165868e-01 2.6187211e-01
1.2452452e+00 1.2942552e-01 1.8772530e-01 2.5716563e-01
1.2532533e+00 1.2623519e-01 1.8385715e-01 2.5273524e-01
1.2612613e+00 1.2303699e-01 1.7998440e-01 2.4822073e-01
1.2692693e+00 1.1989461e-01 1.7615170e-01 2.4374497e-01
1.2772773e+00 1.1670826e-01 1.7240646e-01 2.3942969e-01
1.2852853e+00 1.1363647e-01 1.6874339e-01 2.3514073e-01
1.2932933e+00 1.1059495e-01 1.6502202e-01 2.3085022e-01
1.3013013e+00 1.0775062e-01 1.6153879e-01 2.2669357e-01
1.3093093e+00 1.0491926e-01 1.5810073e-01 2.2234412e-01
1.3173173e+00 1.0211005e-01 1.5462070e-01 2.1824042e-01
1.3253253e+00 9.9329900e-02 1.5121348e-01 2.1423876e-01
1.3333333e+00 9.6657143e-02 1.4774115e-01 2.1038256e-01
1.3413413e+00 9.4038621e-02 1.4436762e-01 2.0637323e-01
1.3493493e+00 9.1486094e-02 1.4107475e-01 2.0257610e-01
1.3573574e+00 8.9002763e-02 1.3771364e-01 1.9899401e-01
1.3653654e+00 8.6499341e-02 1.3454901e-01 1.9523694e-01
1.3733734e+00 8.4056469e-02 1.3134656e-01 1.9164690e-01
1.3813814e+00 8.1621227e-02 1.2833529e-01 1.8818901e-01
1.3893894e+00 7.9363551e-02 1.2543754e-01 1.8462527e-01
1.3973974e+00 7.7003915e-02 1.2244185e-01 1.8114134e-01
1.4054054e+00 7.4801026e-02 1.1956196e-01 1.7767572e-01
1.4134134e+00 7.2596727e-02 1.1667086e-01 1.7418027e-01
1.4214214e+00 7.0541271e-02 1.1382499e-01 1.7081980e-01
1.4294294e+00 6.8449264e-02 1.1110131e-01 1.6760323e-01
1.4374374e+00 6.6395750e-02 1.0840258e-01 1.6426596e-01
1.4454454e+00 6.4422469e-02 1.0578020e-01 1.6115596e-01
1.4534535e+00 6.2424679e-02 1.0316650e-01 1.5801676e-01
1.4614615e+00 6.0583065e-02 1.0062898e-01 1.5513471e-01
1.4694695e+00 5.8766978e-02 9.8169470e-02 1.5208289e-01
1.4774775e+00 5.7005262e-02 9.5720888e-02 1.4906112e-01
1.4854855e+00 5.5238734e-02 9.3276514e-02 1.4625940e-01
1.4934935e+00 5.3491958e-02 9.0942416e-02 1.4340279e-01
1.5015015e+00 5.1800919e-02 8.8657449e-02 1.4074768e-01
1.5095095e+00 5.0086239e-02 8.6400333e-02 1.3804422e-01
1.5175175e+00 4.8500274e-02 8.4186041e-02 1.3525562e-01
1.5255255e+00 4.6981663e-02 8.2052318e-02 1.3260468e-01
1.5335335e+00 4.5448965e-02 7.9884674e-02 1.2985888e-01
1.5415415e+00 4.3963430e-02 7.7715170e-02 1.2735519e-01
1.5495495e+00 4.2520514e-02 7.5652492e-02 1.2480556e-01
1.5575576e+00 4.1071269e-02 7.3631531e-02 1.2234541e-01
1.5655656e+00 3.9689055e-02 7.1607542e-02 1.1978562e-01
1.5735736e+00 3.8337609e-02 6.9671443e-02 1.1737236e-01
1.5815816e+00 3.7023187e-02 6.7778166e-02 1.1497663e-01
1.5895896e+00 3.5761864e-02 6.5944252e-02 1.1263738e-01
1.5975976e+00 3.4490762e-02 6.4158071e-02 1.1040587e-01
1.6056056e+00 3.3289491e-02 6.2387747e-02 1.0804760e-01
1.6136136e+00 3.2120522e-02 6.0618980e-02 1.0579607e-01
1.6216216e+00 3.0967626e-02 5.8913703e-02 1.0362900e-01
1.6296296e+00 2.9851686e-02 5.7205147e-02 1.0146634e-01
1.6376376e+00 2.8748330e-02 5.5506517e-02 9.9532660e-02
1.6456456e+00 2.7697742e-02 5.3943385e-02 9.7490456e-02
1.6536537e+00 2.6670001e-02 5.2477203e-02 9.5462709e-02
1.6616617e+00 2.5673071e-02 5.0957533e-02 9.3537525e-02
1.6696697e+00 2.4702735e-02 4.9417961e-02 9.1678324e-02
1.6776777e+00 2.3780601e-02 4.7962423e-02 8.9857565e-02
1.6856857e+00 2.2864296e-02 4.6565798e-02 8.8144912e-02
1.6936937e+00 2.1975193e-02 4.5177333e-02 8.6477623e-02
1.7017017e+00 2.1130880e-02 4.3837811e-02 8.4749572e-02
1.7097097e+00 2.0280996e-02 4.2557348e-02 8.3090624e-02
1.7177177e+00 1.9463398e-02 4.1295926e-02 8.1432358e-02
1.7257257e+00 1.8682270e-02 4.0032297e-02 7.9826873e-02
1.7337337e+00 1.7934870e-02 3.8871183e-02 7.8357304e-02
1.7417417e+00 1.7198197e-02 3.7700049e-02 7.6648839e-02
1.7497497e+00 1.6483117e-02 3.6488845e-02 7.5121572e-02
1.7577578e+00 1.5807518e-02 3.5339818e-02 7.3577234e-02
1.7657658e+00 1.5154988e-02 3.4258352e-02 7.2034143e-02
1.7737738e+00 1.4540808e-02 3.3127644e-02 7.0636756e-02
1.7817818e+00 1.3935205e-02 3.2058985e-02 6.9260501e-02
1.7897898e+00 1.3349992e-02 3.1003480e-02 6.7863844e-02
1.7977978e+00 1.2771734e-02 3.0008536e-02 6.6429735e-02
1.8058058e+00 1.2219386e-02 2.8982682e-02 6.5048238e-02
1.8138138e+00 1.1689038e-02 2.8031729e-02 6.3667311e-02
1.8218218e+00 1.1181239e-02 2.7087560e-02 6.2330428e-02
1.8298298e+00 1.0687026e-02 2.6146553e-02 6.1096382e-02
1.8378378e+00 1.0218220e-02 2.5272970e-02 5.9814897e-02
1.8458458e+00 9.7757438e-03 2.4384740e-02 5.8583685e-02
1.8538539e+00 9.3362619e-03 2.3541145e-02 5.7404921e-02
1.8618619e+00 8.9154313e-03 2.2687678e-02 5.6241194e-02
1.8698699e+00 8.5043302e-03 2.1854267e-02 5.5107971e-02
1.8778779e+00 8.1076040e-03 2.1085813e-02 5.4106887e-02
1.8858859e+00 7.7349557e-03 2.0337923e-02 5.3061676e-02
1.8938939e+00 7.3753957e-03 1.9609799e-02 5.2085924e-02
1.9019019e+00 7.0265610e-03 1.8901421e-02 5.1030791e-02
1.9099099e+00 6.6927698e-03 1.8231554e-02 5.0096512e-02
1.9179179e+00 6.3729496e-03 1.7567975e-02 4.8997903e-02
1.9259259e+00 6.0639567e-03 1.6877423e-02 4.8092333e-02
1.9339339e+00 5.7707031e-03 1.6250343e-02 4.7211992e-02
1.9419419e+00 5.4965928e-03 1.5646752e-02 4.6373788e-02
1.9499499e+00 5.2210103e-03 1.5047898e-02 4.5562032e-02
1.9579580e+00 4.9708768e-03 1.4464579e-02 4.4780979e-02
1.9659660e+00 4.7263464e-03 1.3895181e-02 4.4024771e-02
1.9739740e+00 4.4858578e-03 1.3345933e-02 4.3295708e-02
1.9819820e+00 4.2617435e-03 1.2830180e-02 4.2645481e-02
1.9899900e+00 4.0464964e-03 1.2327808e-02 4.1980214e-02
1.9979980e+00 3.8422791e-03 1.1828125e-02 4.1283907e-02
2.0060060e+00 3.6500278e-03 1.1341876e-02 4.0619850e-02
2.0140140e+00 3.4603845e-03 1.0888114e-02 4.0058977e-02
2.0220220e+00 3.2804295e-03 1.0441684e-02 3.9447327e-02
2.0300300e+00 3.1116722e-03 1.0023891e-02 3.8912315e-02
2.0380380e+00 2.9465688e-03 9.6066219e-03 3.8488649e-02
2.0460460e+00 2.7907648e-03 9.1924471e-03 3.8058323e-02
2.0540541e+00 2.6442894e-03 8.8125087e-03 3.7574455e-02
2.0620621e+00 2.5054865e-03 8.4517215e-03 3.7068090e-02
2.0700701e+00 2.3739855e-03 8.0839661e-03 3.6630998e-02
2.0780781e+00 2.2457396e-03 7.7320602e-03 3.6117655e-02
2.0860861e+00 2.1226672e-03 7.3975266e-03 3.5614957e-02
2.0940941e+00 2.0074597e-03 7.0723632e-03 3.5139334e-02
2.1021021e+00 1.8967204e-03 6.7521676e-03 3.4664338e-02
2.1101101e+00 1.7925835e-03 6.4498853e-03 3.4144421e-02
2.1181181e+00 1.6927050e-03 6.1572761e-03 3.3636361e-02
2.1261261e+00 1.5975033e-03 5.8825454e-03 3.3186001e-02
2.1341341e+00 1.5070591e-03 5.6128676e-03 3.2709747e-02
2.1421421e+00 1.4211546e-03 5.3514212e-03 3.2240330e-02
2.1501502e+00 1.3414459e-03 5.1049776e-03 3.1741262e-02
2.1581582e+00 1.2634714e-03 4.8689858e-03 3.1247563e-02
2.1661662e+00 1.1911079e-03 4.6382183e-03 3.0799780e-02
2.1741742e+00 1.1215420e-03 4.4134431e-03 3.0276315e-02
2.1821822e+00 1.0569713e-03 4.2068455e-03 2.9802222e-02
2.1901902e+00 9.9506347e-04 4.0056851e-03 2.9387250e-02
2.1981982e+00 9.3715439e-04 3.8169139e-03 2.8882461e-02
2.2062062e+00 8.8250602e-04 3.6362348e-03 2.8511439e-02
2.2142142e+00 8.3039611e-04 3.4537404e-03 2.8101410e-02
2.2222222e+00 7.8137356e-04 3.2864057e-03 2.7616381e-02
2.2302302e+00 7.3451767e-04 3.1279472e-03 2.7074692e-02
2.2382382e+00 6.9020595e-04 2.9694960e-03 2.6534746e-02
2.2462462e+00 6.4907774e-04 2.8236440e-03 2.6107828e-02
2.2542543e+00 6.0962470e-04 2.6826332e-03 2.5640300e-02
2.2622623e+00 5.7230910e-04 2.5424272e-03 2.5207488e-02
2.2702703e+00 5.3723681e-04 2.4130504e-03 2.4794008e-02
2.2782783e+00 5.0360258e-04 2.2949570e-03 2.4307925e-02
2.2862863e+00 4.7254541e-04 2.1769240e-03 2.3840145e-02
2.2942943e+00 4.4245066e-04 2.0618131e-03 2.3420382e-02
2.3023023e+00 4.1470662e-04 1.9539127e-03 2.3004323e-02
2.3103103e+00 3.8814686e-04 1.8482247e-03 2.2630086e-02
2.3183183e+00 3.6308345e-04 1.7478163e-03 2.2210895e-02
2.3263263e+00 3.3984660e-04 1.6569194e-03 2.1811551e-02
2.3343343e+00 3.1757864e-04 1.5683216e-03 2.1392702e-02
2.3423423e+00 2.9721692e-04 1.4839512e-03 2.0967741e-02
2.3503504e+00 2.7792615e-04 1.4044267e-03 2.0544958e-02
2.3583584e+00 2.5966580e-04 1.3270272e-03 2.0090168e-02
2.3663664e+00 2.4269542e-04 1.2528977e-03 1.9687170e-02
2.3743744e+00 2.2660870e-04 1.1827735e-03 1.9285237e-02
2.3823824e+00 2.1198752e-04 1.1178631e-03 1.8919587e-02
2.3903904e+00 1.9783560e-04 1.0561965e-03 1.8568247e-02
2.3983984e+00 1.8454489e-04 9.9565383e-04 1.8261308e-02
2.4064064e+00 1.7222934e-04 9.3942177e-04 1.7829338e-02
2.4144144e+00 1.6063791e-04 8.8597415e-04 1.7467937e-02
2.4224224e+00 1.4974571e-04 8.3419391e-04 1.7141763e-02
2.4304304e+00 1.3953376e-04 7.8632524e-04 1.6779004e-02
2.4384384e+00 1.2999102e-04 7.4015938e-04 1.6428920e-02
2.4464464e+00 1.2114809e-04 6.9684701e-04 1.6059147e-02
2.4544545e+00 1.1272922e-04 6.5667561e-04 1.5646791e-02
2.4624625e+00 1.0492080e-04 6.1776916e-04 1.5244501e-02
2.4704705e+00 9.7653912e-05 5.8125175e-04 1.4848540e-02
2.4784785e+00 9.0843364e-05 5.4696856e-04 1.4437574e-02
2.4864865e+00 8.4470784e-05 5.1428559e-04 1.4077670e-02
2.4944945e+00 7.8484733e-05 4.8329923e-04 1.3713622e-02
2.5025025e+00 7.2917040e-05 4.5359009e-04 1.3317364e-02
2.5105105e+00 6.7716242e-05 4.2588579e-04 1.2956886e-02
2.5185185e+00 6.2878742e-05 3.9939647e-04 1.2591844e-02
2.5265265e+00 5.8340241e-05 3.7506584e-04 1.2231752e-02
2.5345345e+00 5.4135317e-05 3.5222306e-04 1.1886506e-02
2.5425425e+00 5.0254277e-05 3.3055973e-04 1.1544957e-02
2.5505506e+00 4.6562672e-05 3.0995701e-04 1.1188836e-02
2.5585586e+00 4.3154402e-05 2.9034329e-04 1.0855926e-02
2.5665666e+00 3.9977882e-05 2.7209581e-04 1.0499154e-02
2.5745746e+00 3.7023126e-05 2.5510233e-04 1.0158142e-02
2.5825826e+00 3.4292886e-05 2.3881792e-04 9.8425443e-03
2.5905906e+00 3.1749829e-05 2.2310013e-04 9.5482536e-03
2.5985986e+00 2.9367744e-05 2.0831411e-04 9.2451278e-03
2.6066066e+00 2.7165055e-05 1.9481632e-04 8.9454884e-03
2.6146146e+00 2.5110419e-05 1.8202079e-04 8.6552241e-03
2.6226226e+00 2.3211235e-05 1.7021357e-04 8.3770732e-03
2.6306306e+00 2.1437561e-05 1.5895690e-04 8.1017015e-03
2.6386386e+00 1.9792082e-05 1.4828439e-04 7.8388870e-03
2.6466466e+00 1.8251603e-05 1.3835881e-04 7.5738154e-03
2.6546547e+00 1.6823058e-05 1.2898821e-04 7.3516782e-03
2.6626627e+00 1.5530993e-05 1.2044931e-04 7.1132302e-03
2.6706707e+00 1.4332696e-05 1.1230769e-04 6.8581283e-03
2.6786787e+00 1.3211047e-05 1.0469010e-04 6.6302110e-03
2.6866867e+00 1.2183013e-05 9.7484895e-05 6.3907463e-03
2.6946947e+00 1.1230564e-05 9.0834179e-05 6.1656912e-03
2.7027027e+00 1.0332565e-05 8.4510750e-05 5.9542782e-03
2.7107107e+00 9.5123110e-06 7.8572300e-05 5.7296681e-03
2.7187187e+00 8.7528118e-06 7.3165265e-05 5.5246884e-03
2.7267267e+00 8.0597395e-06 6.8033445e-05 5.3278513e-03
2.7347347e+00 7.4135824e-06 6.3215062e-05 5.1412299e-03
2.7427427e+00 6.8111421e-06 5.8870377e-05 4.9514889e-03
2.7507508e+00 6.2602346e-06 5.4698735e-05 4.7463765e-03
2.7587588e+00 5.7525293e-06 5.0771640e-05 4.5628296e-03
2.7667668e+00 5.2833990e-06 4.7117350e-05 4.3863420e-03
2.7747748e+00 4.8451469e-06 4.3692094e-05 4.2124826e-03
2.7827828e+00 4.4487307e-06 4.0542249e-05 4.0399726e-03
2.7907908e+00 4.0778338e-06 3.7602659e-05 3.8761944e-03
2.7987988e+00 3.7390223e-06 3.4829899e-05 3.7324365e-03
2.8068068e+00 3.4259758e-06 3.2276939e-05 3.5815321e-03
2.8148148e+00 3.1394124e-06 2.9852060e-05 3.4471054e-03
2.8228228e+00 2.8724816e-06 2.7615123e-05 3.2883893e-03
2.8308308e+00 2.6277046e-06 2.5566389e-05 3.1512403e-03
2.8388388e+00 2.4030909e-06 2.3678816e-05 3.0143324e-03
2.8468468e+00 2.1989749e-06 2.1878799e-05 2.8812874e-03
2.8548549e+00 2.0127841e-06 2.0236280e-05 2.7582367e-03
2.8628629e+00 1.8404823e-06 1.8708030e-05 2.6395537e-03
2.8708709e+00 1.6828719e-06 1.7302540e-05 2.5280821e-03
2.8788789e+00 1.5381613e-06 1.5965911e-05 2.4141077e-03
2.8868869e+00 1.4053601e-06 1.4730605e-05 2.2999474e-03
2.8948949e+00 1.2822467e-06 1.3602045e-05 2.1983840e-03
2.9029029e+00 1.1698987e-06 1.2546479e-05 2.0968717e-03
2.9109109e+00 1.0667493e-06 1.1573503e-05 1.9972485e-03
2.9189189e+00 9.7247532e-07 1.0671507e-05 1.9022913e-03
2.9269269e+00 8.8628092e-07 9.8257741e-06 1.8070797e-03
2.9349349e+00 8.0730383e-07 9.0522951e-06 1.7267868e-03
2.9429429e+00 7.3620911e-07 8.3333043e-06 1.6472408e-03
2.9509510e+00 6.7003611e-07 7.6696164e-06 1.5672841e-03
2.9589590e+00 6.1083335e-07 7.0570159e-06 1.4913200e-03
2.9669670e+00 5.5642292e-07 6.4923317e-06 1.4182191e-03
2.9749750e+00 5.0637759e-07 5.9712037e-06 1.3490383e-03
2.9829830e+00 4.6022421e-07 5.4897059e-06 1.2812599e-03
2.9909910e+00 4.1842605e-07 5.0454117e-06 1.2188905e-03
2.9989990e+00 3.8000544e-07 4.6311946e-06 1.1603496e-03
3.0070070e+00 3.4521589e-07 4.2523842e-06 1.1003982e-03
3.0150150e+00 3.1336258e-07 3.9068122e-06 1.0402915e-03
3.0230230e+00 2.8478039e-07 3.5856199e-06 9.8546082e-04
3.0310310e+00 2.5852281e-07 3.2907272e-06 9.3483048e-04
3.0390390e+00 2.3438497e-07 3.0192922e-06 8.8583680e-04
3.0470470e+00 2.1249446e-07 2.7677005e-06 8.3906315e-04
3.0550551e+00 1.9261512e-07 2.5369506e-06 7.9350982e-04
3.0630631e+00 1.7442400e-07 2.3237478e-06 7.5090589e-04
3.0710711e+00 1.5795084e-07 2.1282769e-06 7.1135019e-04
3.0790791e+00 1.4298992e-07 1.9476592e-06 6.7188130e-04
3.0870871e+00 1.2936180e-07 1.7826146e-06 6.3757225e-04
3.0950951e+00 1.1703613e-07 1.6313779e-06 6.0145751e-04
3.1031031e+00 1.0584533e-07 1.4927092e-06 5.6663730e-04
3.1111111e+00 9.5697992e-08 1.3644300e-06 5.3644794e-04
3.1191191e+00 8.6444836e-08 1.2464768e-06 5.0685902e-04
3.1271271e+00 7.8102259e-08 1.1383977e-06 4.7839556e-04
3.1351351e+00 7.0528063e-08 1.0395859e-06 4.5093242e-04
3.1431431e+00 6.3733778e-08 9.5012080e-07 4.2588062e-04
3.1511512e+00 5.7489456e-08 8.6552096e-07 4.0134136e-04
3.1591592e+00 5.1854816e-08 7.9035284e-07 3.7730750e-04
3.1671672e+00 4.6788267e-08 7.2003486e-07 3.5530849e-04
3.1751752e+00 4.2178486e-08 6.5692506e-07 3.3508381e-04
3.1831832e+00 3.8040628e-08 5.9836343e-07 3.1542970e-04
3.1911912e+00 3.4274841e-08 5.4476273e-07 2.9609638e-04
3.1991992e+00 3.0875838e-08 4.9516294e-07 2.7838682e-04
3.2072072e+00 2.7814005e-08 4.5071740e-07 2.6214442e-04
3.2152152e+00 2.5024361e-08 4.0961861e-07 2.4648425e-04
3.2232232e+00 2.2497353e-08 3.7229799e-07 2.3103894e-04
3.2312312e+00 2.0225313e-08 3.3829159e-07 2.1683587e-04
3.2392392e+00 1.8183712e-08 3.0729457e-07 2.0298531e-04
3.2472472e+00 1.6348552e-08 2.7945458e-07 1.9052322e-04
3.2552553e+00 1.4672686e-08 2.5408249e-07 1.7851198e-04
3.2632633e+00 1.3172788e-08 2.3063662e-07 1.6708848e-04
3.2712713e+00 1.1818792e-08 2.0947205e-07 1.5651653e-04
3.2792793e+00 1.0602284e-08 1.9022937e-07 1.4682044e-04
3.2872873e+00 9.5110045e-09 1.7230743e-07 1.3729591e-04
3.2952953e+00 8.5309255e-09 1.5612609e-07 1.2862664e-04
3.3033033e+00 7.6462696e-09 1.4131044e-07 1.2053674e-04
3.3113113e+00 6.8438890e-09 1.2793534e-07 1.1276143e-04
3.3193193e+00 6.1283413e-09 1.1585572e-07 1.0544427e-04
3.3273273e+00 5.4894232e-09 1.0489212e-07 9.8372646e-05
3.3353353e+00 4.9098940e-09 9.4827473e-08 9.1783492e-05
3.3433433e+00 4.3923801e-09 8.5781076e-08 8.5404528e-05
3.3513514e+00 3.9286179e-09 7.7547987e-08 7.9882412e-05
3.3593594e+00 3.5124907e-09 7.0093873e-08 7.4455965e-05
3.3673674e+00 3.1406006e-09 6.3384511e-08 6.9451867e-05
3.3753754e+00 2.8034248e-09 5.7283755e-08 6.4733006e-05
3.3833834e+00 2.5015605e-09 5.1628396e-08 6.0348981e-05
3.3913914e+00 2.2318375e-09 4.6634152e-08 5.6249105e-05
3.3993994e+00 1.9944010e-09 4.2080372e-08 5.2479971e-05
3.4074074e+00 1.7792535e-09 3.7929246e-08 4.8898184e-05
3.4154154e+00 1.5869632e-09 3.4210968e-08 4.5587637e-05
3.4234234e+00 1.4141540e-09 3.0842490e-08 4.2446882e-05
3.4314314e+00 1.2608391e-09 2.7831151e-08 3.9532110e-05
3.4394394e+00 1.1235813e-09 2.5084451e-08 3.6780463e-05
3.4474474e+00 1.0009425e-09 2.2591500e-08 3.4165734e-05
3.4554555e+00 8.9124536e-10 2.0324657e-08 3.1727301e-05
3.4634635e+00 7.9307549e-10 1.8295157e-08 2.9516815e-05
3.4714715e+00 7.0538212e-10 1.6457673e-08 2.7427583e-05
3.4794795e+00 6.2674524e-10 1.4799398e-08 2.5497070e-05
3.4874875e+00 5.5688509e-10 1.3309068e-08 2.3693758e-05
3.4954955e+00 4.9423956e-10 1.1958429e-08 2.1972731e-05
3.5035035e+00 4.3873934e-10 1.0741112e-08 2.0344929e-05
3.5115115e+00 3.8959290e-10 9.6400292e-09 1.8883806e-05
3.5195195e+00 3.4549135e-10 8.6566301e-09 1.7492794e-05
3.5275275e+00 3.0620547e-10 7.7718157e-09 1.6141051e-05
3.5355355e+00 2.7167712e-10 6.9694352e-09 1.4920588e-05
3.5435435e+00 2.4097253e-10 6.2462934e-09 1.3783819e-05
3.5515516e+00 2.1366012e-10 5.5950550e-09 1.2760035e-05
3.5595596e+00 1.8930772e-10 5.0135917e-09 1.1793118e-05
3.5675676e+00 1.6783518e-10 4.4888190e-09 1.0913436e-05
3.5755756e+00 1.4861716e-10 4.0241112e-09 1.0066190e-05
3.5835836e+00 1.3141008e-10 3.6023138e-09 9.2892413e-06
3.5915916e+00 1.1618617e-10 3.2258872e-09 8.5581676e-06
3.5995996e+00 1.0268469e-10 2.8834381e-09 7.8834137e-06
3.6076076e+00 9.0713727e-11 2.5735817e-09 7.2761857e-06
3.6156156e+00 8.0272112e-11 2.2980357e-09 6.7079356e-06
3.6236236e+00 7.0852307e-11 2.0534694e-09 6.1840540e-06
3.6316316e+00 6.2571252e-11 1.8326293e-09 5.6989195e-06
3.6396396e+00 5.5223937e-11 1.6369079e-09 5.2531815e-06
3.6476476e+00 4.8805564e-11 1.4604156e-09 4.8451320e-06
3.6556557e+00 4.3106805e-11 1.3034327e-09 4.4659115e-06
3.6636637e+00 3.8011346e-11 1.1632240e-09 4.1061601e-06
3.6716717e+00 3.3500377e-11 1.0371510e-09 3.7784883e-06
3.6796797e+00 2.9539352e-11 9.2404108e-10 3.4792745e-06
3.6876877e+00 2.5995191e-11 8.2315678e-10 3.2001395e-06
3.6956957e+00 2.2879248e-11 7.3307931e-10 2.9449790e-06
3.7037037e+00 2.0150840e-11 6.5168680e-10 2.7056665e-06
3.7117117e+00 1.7729301e-11 5.8025481e-10 2.4750188e-06
3.7197197e+00 1.5591804e-11 5.1640278e-10 2.2707014e-06
3.7277277e+00 1.3709883e-11 4.5887845e-10 2.0842128e-06
3.7357357e+00 1.2057882e-11 4.0788893e-10 1.9105333e-06
3.7437437e+00 1.0584224e-11 3.6264072e-10 1.7533060e-06
3.7517518e+00 9.2925049e-12 3.2202534e-10 1.6059326e-06
3.7597598e+00 8.1606825e-12 2.8611245e-10 1.4696362e-06
3.7677678e+00 7.1569742e-12 2.5412579e-10 1.3445932e-06
3.7757758e+00 6.2838086e-12 2.2565407e-10 1.2275552e-06
3.7837838e+00 5.5136755e-12 2.0018725e-10 1.1218474e-06
3.7917918e+00 4.8383220e-12 1.7743334e-10 1.0264628e-06
3.7997998e+00 4.2386280e-12 1.5718049e-10 9.3696295e-07
3.8078078e+00 3.7131869e-12 1.3929281e-10 8.5476525e-07
3.8158158e+00 3.2535510e-12 1.2333748e-10 7.8018883e-07
3.8238238e+00 2.8487830e-12 1.0911824e-10 7.1290218e-07
3.8318318e+00 2.4935520e-12 9.6649622e-11 6.5127976e-07
3.8398398e+00 2.1812820e-12 8.5583469e-11 5.9364838e-07
3.8478478e+00 1.9064605e-12 7.5676665e-11 5.4201148e-07
3.8558559e+00 1.6646888e-12 6.6931427e-11 4.9445426e-07
3.8638639e+00 1.4539047e-12 5.9208852e-11 4.5145104e-07
3.8718719e+00 1.2702402e-12 5.2280274e-11 4.1137461e-07
3.8798799e+00 1.1092957e-12 4.6165336e-11 3.7430088e-07
3.8878879e+00 9.6770544e-13 4.0755051e-11 3.4064859e-07
3.8958959e+00 8.4446910e-13 3.5960514e-11 3.1024752e-07
3.9039039e+00 7.3685139e-13 3.1687601e-11 2.8241540e-07
3.9119119e+00 6.4264251e-13 2.7944596e-11 2.5656604e-07
3.9199199e+00 5.6060068e-13 2.4661490e-11 2.3337254e-07
3.9279279e+00 4.8866566e-13 2.1732341e-11 2.1243890e-07
3.9359359e+00 4.2606615e-13 1.9139603e-11 1.9315076e-07
3.9439439e+00 3.7119197e-13 1.6874018e-11 1.7498309e-07
3.9519520e+00 3.2316168e-13 1.4854417e-11 1.5842021e-07
3.9599600e+00 2.8136916e-13 1.3071818e-11 1.4394265e-07
3.9679680e+00 2.4459932e-13 1.1491206e-11 1.3067009e-07
3.9759760e+00 2.1257596e-13 1.0084349e-11 1.1844853e-07
3.9839840e+00 1.8462236e-13 8.8592896e-12 1.0754208e-07
3.9919920e+00 1.6033794e-13 7.7929263e-12 9.7554144e-08
4.0000000e+00 1.3918920e-13 6.8491892e-12 8.8409869e-08
