X KDE_INF KDE_MED KDE_SUP
5.0000000e+00 7.6254869e-20 1.6415537e-18 3.7135806e-17
5.0100100e+00 9.5245448e-20 2.0314464e-18 4.5513468e-17
5.0200200e+00 1.1887417e-19 2.5131628e-18 5.5748444e-17
5.0300300e+00 1.4838782e-19 3.1053753e-18 6.8231607e-17
5.0400400e+00 1.8508477e-19 3.8367488e-18 8.3550372e-17
5.0500501e+00 2.3057211e-19 4.7394360e-18 1.0239699e-16
5.0600601e+00 2.8693870e-19 5.8497003e-18 1.2551416e-16
5.0700701e+00 3.5703065e-19 7.2155291e-18 1.5367847e-16
5.0800801e+00 4.4408509e-19 8.8952040e-18 1.8790620e-16
5.0900901e+00 5.5182696e-19 1.0964384e-17 2.3002163e-16
5.1001001e+00 6.8515446e-19 1.3494366e-17 2.8041700e-16
5.1101101e+00 8.5014349e-19 1.6617219e-17 3.4220794e-16
5.1201201e+00 1.0542285e-18 2.0456700e-17 4.1733017e-16
5.1301301e+00 1.3058630e-18 2.5130344e-17 5.0877250e-16
5.1401401e+00 1.6180730e-18 3.0887210e-17 6.1970267e-16
5.1501502e+00 2.0030396e-18 3.7901295e-17 7.5439965e-16
5.1601602e+00 2.4814148e-18 4.6521449e-17 9.1818667e-16
5.1701702e+00 3.0717122e-18 5.7097908e-17 1.1161187e-15
5.1801802e+00 3.7994839e-18 7.0055364e-17 1.3571023e-15
5.1901902e+00 4.6932209e-18 8.5849071e-17 1.6462123e-15
5.2002002e+00 5.7977540e-18 1.0508290e-16 1.9953960e-15
5.2102102e+00 7.1606158e-18 1.2852629e-16 2.4236532e-15
5.2202202e+00 8.8242056e-18 1.5715617e-16 2.9400061e-15
5.2302302e+00 1.0881830e-17 1.9199488e-16 3.5580747e-15
5.2402402e+00 1.3412376e-17 2.3484136e-16 4.3092536e-15
5.2502503e+00 1.6537888e-17 2.8676187e-16 5.2161940e-15
5.2602603e+00 2.0362025e-17 3.5017946e-16 6.3126102e-15
5.2702703e+00 2.5037195e-17 4.2674913e-16 7.6323065e-15
5.2802803e+00 3.0758163e-17 5.2036502e-16 9.2101370e-15
5.2902903e+00 3.7805407e-17 6.3402111e-16 1.1107485e-14
5.3003003e+00 4.6387121e-17 7.7198734e-16 1.3413986e-14
5.3103103e+00 5.6945573e-17 9.4032673e-16 1.6192776e-14
5.3203203e+00 6.9836160e-17 1.1441473e-15 1.9489739e-14
5.3303303e+00 8.5663610e-17 1.3907369e-15 2.3481615e-14
5.3403403e+00 1.0481433e-16 1.6903692e-15 2.8247787e-14
5.3503504e+00 1.2826957e-16 2.0522623e-15 3.4001720e-14
5.3603604e+00 1.5700769e-16 2.4910554e-15 4.0945232e-14
5.3703704e+00 1.9207076e-16 3.0197120e-15 4.9154435e-14
5.3803804e+00 2.3480505e-16 3.6591304e-15 5.9046134e-14
5.3903904e+00 2.8680064e-16 4.4290210e-15 7.0953772e-14
5.4004004e+00 3.5031095e-16 5.3586287e-15 8.5071792e-14
5.4104104e+00 4.2783701e-16 6.4863045e-15 1.0209588e-13
5.4204204e+00 5.2193885e-16 7.8511270e-15 1.2224399e-13
5.4304304e+00 6.3592262e-16 9.4927940e-15 1.4640936e-13
5.4404404e+00 7.7371644e-16 1.1459804e-14 1.7515221e-13
5.4504505e+00 9.4113191e-16 1.3825546e-14 2.0940746e-13
5.4604605e+00 1.1438338e-15 1.6675710e-14 2.5022967e-13
5.4704705e+00 1.3909012e-15 2.0118375e-14 2.9908516e-13
5.4804805e+00 1.6890197e-15 2.4222151e-14 3.5711696e-13
5.4904905e+00 2.0502529e-15 2.9185042e-14 4.2591905e-13
5.5005005e+00 2.4868740e-15 3.5115503e-14 5.0805607e-13
5.5105105e+00 3.0203482e-15 4.2248518e-14 6.0579535e-13
5.5205205e+00 3.6629288e-15 5.0814155e-14 7.2128088e-13
5.5305305e+00 4.4343798e-15 6.1043632e-14 8.5896251e-13
5.5405405e+00 5.3725875e-15 7.3290677e-14 1.0210798e-12
5.5505506e+00 6.5051015e-15 8.7891137e-14 1.2147089e-12
5.5605606e+00 7.8733593e-15 1.0543802e-13 1.4453045e-12
5.5705706e+00 9.5260101e-15 1.2652326e-13 1.7174310e-12
5.5805806e+00 1.1512010e-14 1.5154389e-13 2.0411391e-12
5.5905906e+00 1.3914399e-14 1.8139131e-13 2.4214207e-12
5.6006006e+00 1.6805536e-14 2.1706847e-13 2.8725099e-12
5.6106106e+00 2.0283491e-14 2.5945729e-13 3.4069565e-12
5.6206206e+00 2.4468138e-14 3.1001613e-13 4.0331185e-12
5.6306306e+00 2.9515541e-14 3.7061689e-13 4.7736062e-12
5.6406406e+00 3.5559008e-14 4.4189761e-13 5.6432130e-12
5.6506507e+00 4.2802841e-14 5.2785646e-13 6.6694555e-12
5.6606607e+00 5.1492690e-14 6.2968580e-13 7.8848326e-12
5.6706707e+00 6.1919306e-14 7.4991695e-13 9.3294245e-12
5.6806807e+00 7.4458284e-14 8.9341376e-13 1.1011378e-11
5.6906907e+00 8.9389542e-14 1.0641789e-12 1.2976842e-11
5.7007007e+00 1.0731989e-13 1.2667092e-12 1.5299786e-11
5.7107107e+00 1.2872869e-13 1.5068660e-12 1.8026954e-11
5.7207207e+00 1.5420061e-13 1.7909833e-12 2.1246135e-11
5.7307307e+00 1.8476941e-13 2.1287841e-12 2.5026883e-11
5.7407407e+00 2.2126411e-13 2.5270496e-12 2.9416209e-11
5.7507508e+00 2.6492464e-13 2.9997636e-12 3.4617959e-11
5.7607608e+00 3.1679186e-13 3.5524013e-12 4.0738908e-11
5.7707708e+00 3.7874259e-13 4.2116749e-12 4.7858389e-11
5.7807808e+00 4.5233131e-13 4.9906638e-12 5.6266455e-11
5.7907908e+00 5.3991468e-13 5.9135453e-12 6.6053316e-11
5.8008008e+00 6.4402323e-13 6.9996275e-12 7.7582427e-11
5.8108108e+00 7.6836435e-13 8.2807856e-12 9.1010824e-11
5.8208208e+00 9.1525011e-13 9.7865805e-12 1.0651169e-10
5.8308308e+00 1.0910890e-12 1.1565462e-11 1.2473886e-10
5.8408408e+00 1.2996846e-12 1.3663376e-11 1.4617610e-10
5.8508509e+00 1.5475004e-12 1.6129209e-11 1.7106599e-10
5.8608609e+00 1.8385294e-12 1.9015649e-11 1.9986077e-10
5.8708709e+00 2.1846466e-12 2.2417449e-11 2.3330644e-10
5.8808809e+00 2.5962609e-12 2.6414678e-11 2.7241321e-10
5.8908909e+00 3.0831928e-12 3.1094421e-11 3.1809728e-10
5.9009009e+00 3.6564444e-12 3.6580959e-11 3.7050133e-10
5.9109109e+00 4.3370935e-12 4.3012850e-11 4.3204392e-10
5.9209209e+00 5.1386520e-12 5.0526194e-11 5.0305387e-10
5.9309309e+00 6.0903859e-12 5.9325448e-11 5.8530762e-10
5.9409409e+00 7.2075774e-12 6.9606715e-11 6.8062232e-10
5.9509510e+00 8.5305536e-12 8.1692756e-11 7.9122593e-10
5.9609610e+00 1.0082774e-11 9.5804912e-11 9.1867793e-10
5.9709710e+00 1.1893412e-11 1.1224539e-10 1.0672166e-09
5.9809810e+00 1.4050696e-11 1.3143484e-10 1.2385783e-09
5.9909910e+00 1.6603179e-11 1.5389738e-10 1.4355196e-09
6.0010010e+00 1.9593819e-11 1.7994956e-10 1.6660829e-09
6.0110110e+00 2.3109723e-11 2.1049745e-10 1.9306024e-09
6.0210210e+00 2.7236623e-11 2.4605983e-10 2.2376294e-09
6.0310310e+00 3.2072326e-11 2.8740123e-10 2.5921353e-09
6.0410410e+00 3.7755799e-11 3.3564907e-10 2.9962511e-09
6.0510511e+00 4.4441265e-11 3.9150661e-10 3.4691873e-09
6.0610611e+00 5.2285156e-11 4.5664597e-10 4.0076910e-09
6.0710711e+00 6.1479460e-11 5.3235915e-10 4.6252510e-09
6.0810811e+00 7.2173877e-11 6.1990892e-10 5.3404907e-09
6.0910911e+00 8.4747445e-11 7.2161029e-10 6.1651016e-09
6.1011011e+00 9.9380765e-11 8.3965867e-10 7.0990467e-09
6.1111111e+00 1.1665258e-10 9.7686059e-10 8.1816220e-09
6.1211211e+00 1.3677347e-10 1.1350108e-09 9.4252580e-09
6.1311311e+00 1.6011295e-10 1.3194493e-09 1.0864410e-08
6.1411411e+00 1.8746346e-10 1.5312296e-09 1.2510150e-08
6.1511512e+00 2.1954643e-10 1.7753290e-09 1.4376506e-08
6.1611612e+00 2.5651470e-10 2.0580181e-09 1.6503441e-08
6.1711712e+00 2.9982390e-10 2.3846078e-09 1.8981250e-08
6.1811812e+00 3.4984149e-10 2.7606682e-09 2.1772238e-08
6.1911912e+00 4.0801377e-10 3.1948919e-09 2.4975125e-08
6.2012012e+00 4.7580888e-10 3.6985963e-09 2.8657346e-08
6.2112112e+00 5.5485488e-10 4.2773293e-09 3.2877369e-08
6.2212212e+00 6.4639304e-10 4.9418087e-09 3.7713330e-08
6.2312312e+00 7.5238369e-10 5.7068886e-09 4.3192112e-08
6.2412412e+00 8.7588554e-10 6.5928693e-09 4.9413875e-08
6.2512513e+00 1.0183253e-09 7.6057029e-09 5.6471389e-08
6.2612613e+00 1.1853465e-09 8.7702303e-09 6.4539874e-08
6.2712713e+00 1.3775432e-09 1.0109591e-08 7.3729084e-08
6.2812813e+00 1.5980246e-09 1.1642514e-08 8.4164762e-08
6.2912913e+00 1.8560127e-09 1.3402435e-08 9.5965389e-08
6.3013013e+00 2.1517468e-09 1.5414571e-08 1.0934218e-07
6.3113113e+00 2.4913390e-09 1.7707975e-08 1.2440945e-07
6.3213213e+00 2.8884424e-09 2.0344651e-08 1.4164018e-07
6.3313313e+00 3.3427957e-09 2.3367636e-08 1.6119749e-07
6.3413413e+00 3.8663470e-09 2.6804344e-08 1.8342361e-07
6.3513514e+00 4.4714918e-09 3.0733299e-08 2.0850339e-07
6.3613614e+00 5.1676023e-09 3.5219006e-08 2.3651234e-07
6.3713714e+00 5.9695544e-09 4.0359239e-08 2.6833152e-07
6.3813814e+00 6.8995278e-09 4.6246586e-08 3.0468790e-07
6.3913914e+00 7.9587994e-09 5.2962794e-08 3.4570890e-07
6.4014014e+00 9.1761735e-09 6.0580078e-08 3.9187135e-07
6.4114114e+00 1.0588243e-08 6.9282339e-08 4.4379204e-07
6.4214214e+00 1.2201260e-08 7.9138734e-08 5.0230372e-07
6.4314314e+00 1.4051644e-08 9.0289769e-08 5.6886968e-07
6.4414414e+00 1.6155958e-08 1.0302597e-07 6.4379123e-07
6.4514515e+00 1.8579984e-08 1.1744423e-07 7.2819657e-07
6.4614615e+00 2.1339676e-08 1.3389875e-07 8.2326414e-07
6.4714715e+00 2.4525205e-08 1.5261922e-07 9.2956033e-07
6.4814815e+00 2.8126511e-08 1.7382145e-07 1.0498115e-06
6.4914915e+00 3.2271785e-08 1.9776898e-07 1.1840008e-06
6.5015015e+00 3.7008232e-08 2.2489597e-07 1.3350061e-06
6.5115115e+00 4.2432705e-08 2.5553672e-07 1.5040489e-06
6.5215215e+00 4.8611270e-08 2.9047210e-07 1.6937401e-06
6.5315315e+00 5.5651687e-08 3.2958181e-07 1.9083085e-06
6.5415415e+00 6.3668708e-08 3.7415731e-07 2.1433695e-06
6.5515516e+00 7.2782695e-08 4.2434950e-07 2.4074527e-06
6.5615616e+00 8.3095473e-08 4.8134120e-07 2.7056423e-06
6.5715716e+00 9.4927379e-08 5.4529805e-07 3.0371429e-06
6.5815816e+00 1.0845090e-07 6.1736498e-07 3.4090248e-06
6.5915916e+00 1.2360962e-07 6.9852701e-07 3.8229075e-06
6.6016016e+00 1.4081120e-07 7.8995451e-07 4.2832945e-06
6.6116116e+00 1.6053580e-07 8.9318300e-07 4.7927293e-06
6.6216216e+00 1.8290144e-07 1.0094861e-06 5.3651762e-06
6.6316316e+00 2.0809768e-07 1.1406596e-06 5.9981449e-06
6.6416416e+00 2.3669380e-07 1.2872498e-06 6.7052851e-06
6.6516517e+00 2.6914622e-07 1.4511231e-06 7.4938518e-06
6.6616617e+00 3.0587761e-07 1.6350652e-06 8.3723308e-06
6.6716717e+00 3.4726558e-07 1.8419406e-06 9.3464839e-06
6.6816817e+00 3.9426775e-07 2.0731563e-06 1.0434694e-05
6.6916917e+00 4.4733229e-07 2.3328457e-06 1.1651303e-05
6.7017017e+00 5.0760721e-07 2.6225728e-06 1.2978564e-05
6.7117117e+00 5.7470642e-07 2.9482862e-06 1.4460544e-05
6.7217217e+00 6.5077193e-07 3.3103481e-06 1.6100403e-05
6.7317317e+00 7.3625092e-07 3.7126210e-06 1.7903726e-05
6.7417417e+00 8.3247234e-07 4.1625392e-06 1.9939503e-05
6.7517518e+00 9.4057610e-07 4.6645256e-06 2.2172056e-05
6.7617618e+00 1.0610532e-06 5.2236750e-06 2.4614427e-05
6.7717718e+00 1.1981197e-06 5.8468969e-06 2.7350633e-05
6.7817818e+00 1.3534339e-06 6.5449801e-06 3.0361321e-05
6.7917918e+00 1.5257450e-06 7.3220651e-06 3.3715144e-05
6.8018018e+00 1.7193157e-06 8.1883331e-06 3.7376163e-05
6.8118118e+00 1.9356606e-06 9.1558885e-06 4.1429823e-05
6.8218218e+00 2.1801423e-06 1.0230858e-05 4.5899058e-05
6.8318318e+00 2.4525002e-06 1.1420625e-05 5.0838354e-05
6.8418418e+00 2.7576501e-06 1.2738949e-05 5.6238415e-05
6.8518519e+00 3.1024910e-06 1.4191941e-05 6.2201345e-05
6.8618619e+00 3.4863370e-06 1.5809005e-05 6.8711831e-05
6.8718719e+00 3.9146052e-06 1.7636663e-05 7.5802023e-05
6.8818819e+00 4.3902222e-06 1.9635314e-05 8.3583551e-05
6.8918919e+00 4.9276794e-06 2.1833713e-05 9.2158525e-05
6.9019019e+00 5.5182618e-06 2.4284035e-05 1.0164682e-04
6.9119119e+00 6.1798522e-06 2.6977674e-05 1.1204203e-04
6.9219219e+00 6.9192536e-06 2.9974189e-05 1.2334049e-04
6.9319319e+00 7.7374773e-06 3.3285839e-05 1.3585357e-04
6.9419419e+00 8.6586902e-06 3.6909581e-05 1.4946456e-04
6.9519520e+00 9.6779698e-06 4.0928178e-05 1.6425096e-04
6.9619620e+00 1.0815884e-05 4.5397232e-05 1.8061812e-04
6.9719720e+00 1.2080165e-05 5.0293555e-05 1.9826670e-04
6.9819820e+00 1.3486533e-05 5.5671333e-05 2.1776038e-04
6.9919920e+00 1.5049613e-05 6.1576841e-05 2.3922359e-04
7.0020020e+00 1.6770366e-05 6.8099524e-05 2.6231759e-04
7.0120120e+00 1.8668755e-05 7.5292741e-05 2.8761195e-04
7.0220220e+00 2.0769687e-05 8.3196304e-05 3.1504210e-04
7.0320320e+00 2.3102360e-05 9.1814623e-05 3.4477194e-04
7.0420420e+00 2.5683926e-05 1.0127938e-04 3.7696226e-04
7.0520521e+00 2.8551337e-05 1.1171102e-04 4.1210199e-04
7.0620621e+00 3.1720163e-05 1.2312191e-04 4.5033174e-04
7.0720721e+00 3.5217492e-05 1.3558072e-04 4.9181602e-04
7.0820821e+00 3.9048829e-05 1.4909887e-04 5.3656273e-04
7.0920921e+00 4.3307586e-05 1.6402893e-04 5.8542659e-04
7.1021021e+00 4.8011765e-05 1.8044199e-04 6.3808923e-04
7.1121121e+00 5.3151398e-05 1.9830604e-04 6.9577027e-04
7.1221221e+00 5.8784343e-05 2.1793212e-04 7.5721220e-04
7.1321321e+00 6.5027726e-05 2.3932348e-04 8.2464360e-04
7.1421421e+00 7.1834672e-05 2.6277842e-04 8.9673612e-04
7.1521522e+00 7.9463366e-05 2.8830968e-04 9.7578542e-04
7.1621622e+00 8.7743829e-05 3.1606248e-04 1.0611583e-03
7.1721722e+00 9.6817524e-05 3.4616904e-04 1.1531443e-03
7.1821822e+00 1.0678513e-04 3.7875126e-04 1.2519017e-03
7.1921922e+00 1.1788164e-04 4.1446908e-04 1.3565089e-03
7.2022022e+00 1.2992067e-04 4.5313402e-04 1.4711961e-03
7.2122122e+00 1.4315451e-04 4.9471482e-04 1.5936477e-03
7.2222222e+00 1.5777628e-04 5.4024833e-04 1.7257425e-03
7.2322322e+00 1.7376961e-04 5.8979586e-04 1.8686079e-03
7.2422422e+00 1.9095222e-04 6.4350775e-04 2.0214258e-03
7.2522523e+00 2.0962370e-04 7.0194026e-04 2.1887438e-03
7.2622623e+00 2.3025223e-04 7.6512219e-04 2.3638940e-03
7.2722723e+00 2.5279412e-04 8.3360890e-04 2.5532688e-03
7.2822823e+00 2.7724654e-04 9.0766651e-04 2.7578856e-03
7.2922923e+00 3.0387992e-04 9.8713282e-04 2.9766269e-03
7.3023023e+00 3.3280289e-04 1.0739885e-03 3.2099549e-03
7.3123123e+00 3.6425663e-04 1.1672323e-03 3.4635217e-03
7.3223223e+00 3.9864760e-04 1.2680374e-03 3.7318813e-03
7.3323323e+00 4.3600136e-04 1.3773206e-03 4.0219184e-03
7.3423423e+00 4.7656923e-04 1.4944411e-03 4.3372643e-03
7.3523524e+00 5.2132812e-04 1.6213194e-03 4.6680246e-03
7.3623624e+00 5.6895779e-04 1.7581717e-03 5.0178546e-03
7.3723724e+00 6.2066015e-04 1.9040783e-03 5.3920033e-03
7.3823824e+00 6.7696260e-04 2.0612126e-03 5.7839121e-03
7.3923924e+00 7.3807742e-04 2.2306192e-03 6.2079177e-03
7.4024024e+00 8.0404802e-04 2.4136345e-03 6.6608074e-03
7.4124124e+00 8.7530499e-04 2.6096403e-03 7.1419357e-03
7.4224224e+00 9.5309763e-04 2.8172975e-03 7.6654669e-03
7.4324324e+00 1.0363545e-03 3.0444677e-03 8.2168688e-03
7.4424424e+00 1.1264364e-03 3.2868303e-03 8.7898886e-03
7.4524525e+00 1.2241360e-03 3.5466861e-03 9.3984725e-03
7.4624625e+00 1.3290849e-03 3.8225584e-03 1.0052320e-02
7.4724725e+00 1.4417980e-03 4.1171463e-03 1.0752831e-02
7.4824825e+00 1.5644558e-03 4.4377573e-03 1.1490715e-02
7.4924925e+00 1.6965884e-03 4.7771614e-03 1.2275674e-02
7.5025025e+00 1.8372805e-03 5.1424611e-03 1.3099797e-02
7.5125125e+00 1.9886201e-03 5.5272264e-03 1.3985155e-02
7.5225225e+00 2.1531352e-03 5.9400827e-03 1.4894691e-02
7.5325325e+00 2.3309356e-03 6.3796213e-03 1.5886424e-02
7.5425425e+00 2.5189590e-03 6.8536923e-03 1.6912347e-02
7.5525526e+00 2.7228277e-03 7.3442187e-03 1.8016891e-02
7.5625626e+00 2.9383852e-03 7.8770401e-03 1.9180861e-02
7.5725726e+00 3.1711042e-03 8.4331690e-03 2.0401854e-02
7.5825826e+00 3.4181092e-03 9.0331726e-03 2.1675699e-02
7.5925926e+00 3.6841106e-03 9.6683972e-03 2.2990391e-02
7.6026026e+00 3.9695142e-03 1.0341584e-02 2.4399390e-02
7.6126126e+00 4.2755833e-03 1.1063669e-02 2.5855443e-02
7.6226226e+00 4.6051246e-03 1.1827900e-02 2.7414526e-02
7.6326326e+00 4.9543024e-03 1.2640870e-02 2.9078392e-02
7.6426426e+00 5.3242434e-03 1.3494390e-02 3.0801711e-02
7.6526527e+00 5.7172099e-03 1.4392583e-02 3.2635527e-02
7.6626627e+00 6.1394840e-03 1.5339547e-02 3.4532065e-02
7.6726727e+00 6.5876449e-03 1.6351567e-02 3.6503861e-02
7.6826827e+00 7.0665285e-03 1.7418373e-02 3.8565407e-02
7.6926927e+00 7.5626366e-03 1.8552946e-02 4.0785698e-02
7.7027027e+00 8.0943761e-03 1.9732378e-02 4.3035770e-02
7.7127127e+00 8.6697633e-03 2.0977612e-02 4.5397082e-02
7.7227227e+00 9.2826805e-03 2.2304857e-02 4.7913592e-02
7.7327327e+00 9.9113966e-03 2.3685785e-02 5.0473172e-02
7.7427427e+00 1.0589091e-02 2.5130506e-02 5.3180965e-02
7.7527528e+00 1.1311315e-02 2.6648777e-02 5.6001980e-02
7.7627628e+00 1.2074247e-02 2.8271077e-02 5.8950136e-02
7.7727728e+00 1.2888645e-02 2.9942207e-02 6.1992592e-02
7.7827828e+00 1.3755448e-02 3.1701103e-02 6.5190922e-02
7.7927928e+00 1.4662608e-02 3.3576335e-02 6.8525384e-02
7.8028028e+00 1.5624637e-02 3.5517262e-02 7.1956986e-02
7.8128128e+00 1.6633878e-02 3.7574864e-02 7.5616596e-02
7.8228228e+00 1.7687806e-02 3.9721162e-02 7.9395509e-02
7.8328328e+00 1.8803021e-02 4.1950404e-02 8.3232803e-02
7.8428428e+00 1.9955542e-02 4.4248325e-02 8.7236811e-02
7.8528529e+00 2.1203646e-02 4.6701482e-02 9.1384896e-02
7.8628629e+00 2.2500339e-02 4.9257720e-02 9.5646066e-02
7.8728729e+00 2.3866601e-02 5.1964424e-02 1.0020386e-01
7.8828829e+00 2.5322602e-02 5.4766125e-02 1.0481836e-01
7.8928929e+00 2.6839582e-02 5.7700568e-02 1.0973301e-01
7.9029029e+00 2.8461304e-02 6.0756591e-02 1.1477734e-01
7.9129129e+00 3.0146691e-02 6.3932573e-02 1.1984328e-01
7.9229229e+00 3.1897695e-02 6.7210335e-02 1.2510002e-01
7.9329329e+00 3.3737691e-02 7.0641780e-02 1.3053876e-01
7.9429429e+00 3.5663032e-02 7.4162687e-02 1.3617616e-01
7.9529530e+00 3.7633074e-02 7.7900257e-02 1.4212791e-01
7.9629630e+00 3.9747180e-02 8.1727035e-02 1.4813507e-01
7.9729730e+00 4.1921351e-02 8.5686318e-02 1.5442832e-01
7.9829830e+00 4.4165360e-02 8.9798803e-02 1.6092231e-01
7.9929930e+00 4.6550151e-02 9.4040825e-02 1.6736692e-01
8.0030030e+00 4.9004833e-02 9.8456110e-02 1.7405368e-01
8.0130130e+00 5.1603001e-02 1.0311668e-01 1.8107829e-01
8.0230230e+00 5.4328829e-02 1.0791027e-01 1.8842167e-01
8.0330330e+00 5.7037766e-02 1.1268774e-01 1.9569184e-01
8.0430430e+00 6.0008123e-02 1.1776370e-01 2.0346131e-01
8.0530531e+00 6.3050293e-02 1.2294573e-01 2.1107434e-01
8.0630631e+00 6.6246335e-02 1.2829452e-01 2.1913794e-01
8.0730731e+00 6.9474449e-02 1.3383824e-01 2.2733083e-01
8.0830831e+00 7.2843088e-02 1.3943187e-01 2.3580888e-01
8.0930931e+00 7.6270071e-02 1.4535582e-01 2.4410253e-01
8.1031031e+00 7.9912863e-02 1.5135682e-01 2.5257512e-01
8.1131131e+00 8.3666542e-02 1.5758997e-01 2.6160936e-01
8.1231231e+00 8.7532292e-02 1.6399137e-01 2.7056473e-01
8.1331331e+00 9.1463499e-02 1.7053442e-01 2.7989644e-01
8.1431431e+00 9.5665826e-02 1.7733509e-01 2.8933015e-01
8.1531532e+00 9.9997900e-02 1.8418257e-01 2.9886332e-01
8.1631632e+00 1.0437643e-01 1.9133563e-01 3.0838898e-01
8.1731732e+00 1.0884691e-01 1.9856238e-01 3.1842379e-01
8.1831832e+00 1.1361238e-01 2.0573809e-01 3.2870182e-01
8.1931932e+00 1.1842778e-01 2.1326610e-01 3.3909287e-01
8.2032032e+00 1.2333647e-01 2.2107274e-01 3.4954261e-01
8.2132132e+00 1.2830357e-01 2.2885772e-01 3.6034086e-01
8.2232232e+00 1.3356221e-01 2.3683818e-01 3.7115746e-01
8.2332332e+00 1.3892978e-01 2.4482435e-01 3.8207489e-01
8.2432432e+00 1.4430829e-01 2.5321664e-01 3.9320697e-01
8.2532533e+00 1.4982839e-01 2.6154350e-01 4.0467756e-01
8.2632633e+00 1.5556338e-01 2.7042463e-01 4.1614250e-01
8.2732733e+00 1.6140824e-01 2.7911565e-01 4.2756862e-01
8.2832833e+00 1.6721988e-01 2.8792235e-01 4.3933720e-01
8.2932933e+00 1.7310785e-01 2.9703926e-01 4.5126296e-01
8.3033033e+00 1.7920045e-01 3.0630189e-01 4.6300362e-01
8.3133133e+00 1.8541439e-01 3.1559333e-01 4.7505968e-01
8.3233233e+00 1.9204880e-01 3.2483510e-01 4.8712314e-01
8.3333333e+00 1.9840261e-01 3.3421962e-01 4.9982760e-01
8.3433433e+00 2.0513254e-01 3.4383418e-01 5.1253620e-01
8.3533534e+00 2.1193879e-01 3.5377399e-01 5.2532682e-01
8.3633634e+00 2.1859205e-01 3.6349890e-01 5.3818789e-01
8.3733734e+00 2.2555287e-01 3.7340445e-01 5.5107090e-01
8.3833834e+00 2.3255613e-01 3.8317903e-01 5.6423541e-01
8.3933934e+00 2.3979581e-01 3.9344120e-01 5.7702655e-01
8.4034034e+00 2.4719775e-01 4.0364625e-01 5.8966896e-01
8.4134134e+00 2.5447116e-01 4.1414651e-01 6.0253536e-01
8.4234234e+00 2.6216850e-01 4.2480178e-01 6.1618568e-01
8.4334334e+00 2.6970113e-01 4.3558783e-01 6.2937238e-01
8.4434434e+00 2.7749898e-01 4.4622498e-01 6.4237344e-01
8.4534535e+00 2.8509533e-01 4.5682232e-01 6.5515498e-01
8.4634635e+00 2.9312705e-01 4.6741829e-01 6.6829183e-01
8.4734735e+00 3.0107545e-01 4.7784700e-01 6.8090289e-01
8.4834835e+00 3.0885889e-01 4.8866505e-01 6.9432530e-01
8.4934935e+00 3.1647882e-01 4.9943927e-01 7.0706885e-01
8.5035035e+00 3.2424999e-01 5.1003578e-01 7.1981158e-01
8.5135135e+00 3.3228709e-01 5.2081694e-01 7.3226144e-01
8.5235235e+00 3.4023012e-01 5.3162261e-01 7.4522679e-01
8.5335335e+00 3.4809169e-01 5.4219373e-01 7.5805265e-01
8.5435435e+00 3.5644038e-01 5.5266843e-01 7.7087507e-01
8.5535536e+00 3.6456399e-01 5.6367152e-01 7.8312750e-01
8.5635636e+00 3.7341691e-01 5.7408651e-01 7.9528138e-01
8.5735736e+00 3.8135367e-01 5.8457875e-01 8.0780507e-01
8.5835836e+00 3.8918317e-01 5.9504282e-01 8.2017755e-01
8.5935936e+00 3.9726727e-01 6.0547709e-01 8.3241369e-01
8.6036036e+00 4.0527242e-01 6.1572935e-01 8.4444927e-01
8.6136136e+00 4.1362364e-01 6.2635997e-01 8.5688784e-01
8.6236236e+00 4.2158697e-01 6.3674317e-01 8.6829593e-01
8.6336336e+00 4.2982584e-01 6.4656018e-01 8.7986847e-01
8.6436436e+00 4.3763431e-01 6.5640338e-01 8.9143403e-01
8.6536537e+00 4.4538186e-01 6.6599005e-01 9.0279931e-01
8.6636637e+00 4.5346328e-01 6.7589649e-01 9.1325510e-01
8.6736737e+00 4.6093253e-01 6.8552821e-01 9.2334848e-01
8.6836837e+00 4.6862651e-01 6.9543580e-01 9.3352940e-01
8.6936937e+00 4.7614651e-01 7.0520421e-01 9.4379483e-01
8.7037037e+00 4.8324195e-01 7.1457372e-01 9.5365737e-01
8.7137137e+00 4.9067715e-01 7.2368318e-01 9.6344623e-01
8.7237237e+00 4.9784868e-01 7.3313568e-01 9.7228944e-01
8.7337337e+00 5.0537023e-01 7.4225128e-01 9.8208128e-01
8.7437437e+00 5.1288067e-01 7.5116302e-01 9.9084679e-01
8.7537538e+00 5.1972874e-01 7.5971723e-01 9.9962311e-01
8.7637638e+00 5.2730000e-01 7.6802467e-01 1.0084970e+00
8.7737738e+00 5.3443660e-01 7.7617711e-01 1.0166529e+00
8.7837838e+00 5.4105955e-01 7.8414990e-01 1.0246872e+00
8.7937938e+00 5.4771507e-01 7.9175803e-01 1.0330422e+00
8.8038038e+00 5.5400252e-01 7.9885215e-01 1.0402657e+00
8.8138138e+00 5.6015283e-01 8.0605223e-01 1.0477995e+00
8.8238238e+00 5.6691303e-01 8.1348643e-01 1.0543840e+00
8.8338338e+00 5.7341258e-01 8.2084761e-01 1.0613992e+00
8.8438438e+00 5.8015286e-01 8.2747593e-01 1.0688997e+00
8.8538539e+00 5.8703179e-01 8.3370973e-01 1.0763426e+00
8.8638639e+00 5.9356677e-01 8.4008833e-01 1.0831935e+00
8.8738739e+00 6.0007183e-01 8.4586336e-01 1.0884375e+00
8.8838839e+00 6.0657753e-01 8.5171175e-01 1.0943359e+00
8.8938939e+00 6.1346035e-01 8.5677100e-01 1.1002055e+00
8.9039039e+00 6.2061420e-01 8.6203769e-01 1.1047215e+00
8.9139139e+00 6.2748905e-01 8.6679103e-01 1.1093420e+00
8.9239239e+00 6.3422046e-01 8.7177955e-01 1.1135037e+00
8.9339339e+00 6.4000308e-01 8.7701455e-01 1.1175784e+00
8.9439439e+00 6.4632428e-01 8.8203346e-01 1.1221141e+00
8.9539540e+00 6.5257366e-01 8.8691561e-01 1.1257781e+00
8.9639640e+00 6.5884663e-01 8.9155434e-01 1.1288099e+00
8.9739740e+00 6.6456788e-01 8.9596679e-01 1.1320513e+00
8.9839840e+00 6.7046888e-01 9.0011070e-01 1.1343989e+00
8.9939940e+00 6.7545764e-01 9.0450853e-01 1.1368330e+00
9.0040040e+00 6.8129600e-01 9.0850987e-01 1.1390395e+00
9.0140140e+00 6.8678770e-01 9.1265527e-01 1.1410007e+00
9.0240240e+00 6.9259731e-01 9.1619406e-01 1.1422901e+00
9.0340340e+00 6.9776748e-01 9.1961689e-01 1.1446903e+00
9.0440440e+00 7.0336973e-01 9.2319433e-01 1.1462940e+00
9.0540541e+00 7.0797384e-01 9.2635695e-01 1.1477028e+00
9.0640641e+00 7.1293240e-01 9.2918755e-01 1.1488037e+00
9.0740741e+00 7.1794807e-01 9.3226884e-01 1.1497491e+00
9.0840841e+00 7.2277471e-01 9.3575310e-01 1.1506984e+00
9.0940941e+00 7.2734224e-01 9.3877298e-01 1.1516640e+00
9.1041041e+00 7.3242762e-01 9.4137843e-01 1.1519167e+00
9.1141141e+00 7.3685331e-01 9.4374878e-01 1.1527066e+00
9.1241241e+00 7.4120812e-01 9.4590829e-01 1.1526806e+00
9.1341341e+00 7.4590013e-01 9.4875659e-01 1.1528990e+00
9.1441441e+00 7.5045028e-01 9.5061881e-01 1.1541385e+00
9.1541542e+00 7.5441872e-01 9.5310292e-01 1.1546878e+00
9.1641642e+00 7.5853390e-01 9.5528155e-01 1.1550262e+00
9.1741742e+00 7.6270407e-01 9.5743205e-01 1.1553019e+00
9.1841842e+00 7.6629352e-01 9.5934428e-01 1.1557537e+00
9.1941942e+00 7.7037552e-01 9.6185265e-01 1.1556077e+00
9.2042042e+00 7.7461548e-01 9.6389898e-01 1.1559106e+00
9.2142142e+00 7.7828717e-01 9.6633079e-01 1.1557489e+00
9.2242242e+00 7.8148944e-01 9.6811511e-01 1.1559612e+00
9.2342342e+00 7.8469216e-01 9.7020000e-01 1.1563817e+00
9.2442442e+00 7.8727602e-01 9.7221258e-01 1.1570191e+00
9.2542543e+00 7.9038758e-01 9.7390643e-01 1.1569041e+00
9.2642643e+00 7.9397278e-01 9.7578630e-01 1.1570079e+00
9.2742743e+00 7.9677749e-01 9.7719276e-01 1.1577105e+00
9.2842843e+00 7.9931582e-01 9.7886900e-01 1.1580463e+00
9.2942943e+00 8.0188230e-01 9.7984879e-01 1.1588056e+00
9.3043043e+00 8.0369251e-01 9.8169775e-01 1.1598157e+00
9.3143143e+00 8.0542688e-01 9.8338691e-01 1.1613394e+00
9.3243243e+00 8.0693146e-01 9.8526869e-01 1.1622362e+00
9.3343343e+00 8.0815824e-01 9.8690480e-01 1.1638085e+00
9.3443443e+00 8.0969285e-01 9.8869626e-01 1.1648235e+00
9.3543544e+00 8.1040813e-01 9.9015319e-01 1.1663051e+00
9.3643644e+00 8.1110631e-01 9.9117035e-01 1.1675804e+00
9.3743744e+00 8.1143383e-01 9.9197622e-01 1.1692287e+00
9.3843844e+00 8.1212995e-01 9.9342301e-01 1.1713020e+00
9.3943944e+00 8.1242588e-01 9.9492030e-01 1.1722496e+00
9.4044044e+00 8.1242207e-01 9.9573949e-01 1.1742484e+00
9.4144144e+00 8.1169119e-01 9.9629794e-01 1.1764176e+00
9.4244244e+00 8.1099161e-01 9.9663335e-01 1.1788688e+00
9.4344344e+00 8.1074380e-01 9.9687416e-01 1.1817196e+00
9.4444444e+00 8.0982852e-01 9.9763878e-01 1.1840088e+00
9.4544545e+00 8.0896336e-01 9.9826171e-01 1.1859747e+00
9.4644645e+00 8.0825178e-01 9.9941093e-01 1.1881422e+00
9.4744745e+00 8.0722525e-01 9.9935564e-01 1.1910418e+00
9.4844845e+00 8.0619835e-01 9.9963681e-01 1.1935702e+00
9.4944945e+00 8.0465199e-01 9.9984540e-01 1.1963144e+00
9.5045045e+00 8.0266810e-01 9.9984886e-01 1.1989683e+00
9.5145145e+00 8.0051539e-01 1.0000000e+00 1.2012399e+00
9.5245245e+00 7.9855933e-01 9.9970043e-01 1.2033983e+00
9.5345345e+00 7.9643245e-01 9.9927163e-01 1.2056936e+00
9.5445445e+00 7.9408983e-01 9.9893996e-01 1.2077350e+00
9.5545546e+00 7.9182504e-01 9.9875734e-01 1.2097412e+00
9.5645646e+00 7.8912693e-01 9.9764665e-01 1.2112022e+00
9.5745746e+00 7.8675266e-01 9.9757810e-01 1.2126644e+00
9.5845846e+00 7.8366747e-01 9.9662260e-01 1.2133954e+00
9.5945946e+00 7.8030961e-01 9.9637212e-01 1.2148628e+00
9.6046046e+00 7.7660268e-01 9.9559033e-01 1.2164950e+00
9.6146146e+00 7.7404000e-01 9.9444719e-01 1.2174757e+00
9.6246246e+00 7.7095126e-01 9.9326298e-01 1.2181378e+00
9.6346346e+00 7.6792142e-01 9.9209989e-01 1.2184152e+00
9.6446446e+00 7.6506703e-01 9.9076930e-01 1.2193478e+00
9.6546547e+00 7.6199426e-01 9.8872315e-01 1.2194727e+00
9.6646647e+00 7.5827825e-01 9.8678587e-01 1.2190930e+00
9.6746747e+00 7.5497928e-01 9.8408686e-01 1.2185265e+00
9.6846847e+00 7.5164280e-01 9.8202403e-01 1.2179813e+00
9.6946947e+00 7.4688455e-01 9.7932316e-01 1.2167261e+00
9.7047047e+00 7.4271255e-01 9.7621194e-01 1.2154714e+00
9.7147147e+00 7.3933004e-01 9.7368282e-01 1.2138890e+00
9.7247247e+00 7.3491936e-01 9.7035236e-01 1.2121991e+00
9.7347347e+00 7.3040750e-01 9.6677049e-01 1.2093920e+00
9.7447447e+00 7.2638661e-01 9.6290379e-01 1.2067386e+00
9.7547548e+00 7.2195181e-01 9.5912451e-01 1.2049279e+00
9.7647648e+00 7.1757365e-01 9.5587306e-01 1.2016793e+00
9.7747748e+00 7.1250920e-01 9.5180108e-01 1.1978512e+00
9.7847848e+00 7.0837696e-01 9.4731509e-01 1.1939938e+00
9.7947948e+00 7.0374275e-01 9.4284831e-01 1.1901755e+00
9.8048048e+00 6.9884918e-01 9.3782039e-01 1.1861300e+00
9.8148148e+00 6.9397920e-01 9.3289407e-01 1.1809697e+00
9.8248248e+00 6.8953558e-01 9.2784511e-01 1.1760853e+00
9.8348348e+00 6.8529518e-01 9.2265724e-01 1.1706134e+00
9.8448448e+00 6.8075367e-01 9.1764360e-01 1.1646322e+00
9.8548549e+00 6.7501207e-01 9.1232026e-01 1.1577757e+00
9.8648649e+00 6.7015197e-01 9.0679064e-01 1.1509351e+00
9.8748749e+00 6.6558919e-01 9.0079885e-01 1.1440291e+00
9.8848849e+00 6.6065757e-01 8.9475347e-01 1.1372800e+00
9.8948949e+00 6.5528657e-01 8.8872548e-01 1.1293292e+00
9.9049049e+00 6.5000886e-01 8.8238667e-01 1.1213158e+00
9.9149149e+00 6.4497190e-01 8.7582630e-01 1.1131988e+00
9.9249249e+00 6.3967108e-01 8.6945001e-01 1.1054197e+00
9.9349349e+00 6.3392007e-01 8.6264123e-01 1.0971805e+00
9.9449449e+00 6.2883879e-01 8.5564228e-01 1.0886984e+00
9.9549550e+00 6.2298104e-01 8.4858809e-01 1.0800360e+00
9.9649650e+00 6.1747600e-01 8.4142028e-01 1.0710504e+00
9.9749750e+00 6.1174016e-01 8.3417651e-01 1.0619945e+00
9.9849850e+00 6.0652698e-01 8.2669330e-01 1.0529915e+00
9.9949950e+00 6.0082005e-01 8.1890978e-01 1.0440159e+00
1.0005005e+01 5.9592602e-01 8.1148489e-01 1.0346005e+00
1.0015015e+01 5.9006000e-01 8.0379670e-01 1.0254473e+00
1.0025025e+01 5.8409925e-01 7.9622351e-01 1.0158386e+00
1.0035035e+01 5.7864300e-01 7.8839955e-01 1.0063322e+00
1.0045045e+01 5.7234102e-01 7.8060086e-01 9.9623615e-01
1.0055055e+01 5.6723205e-01 7.7315142e-01 9.8649904e-01
1.0065065e+01 5.6137802e-01 7.6525328e-01 9.7700958e-01
1.0075075e+01 5.5606574e-01 7.5764680e-01 9.6708836e-01
1.0085085e+01 5.5034408e-01 7.5010914e-01 9.5705473e-01
1.0095095e+01 5.4462996e-01 7.4208759e-01 9.4673871e-01
1.0105105e+01 5.3873056e-01 7.3398397e-01 9.3654803e-01
1.0115115e+01 5.3291352e-01 7.2635315e-01 9.2632791e-01
1.0125125e+01 5.2649486e-01 7.1846917e-01 9.1734273e-01
1.0135135e+01 5.2011226e-01 7.1056727e-01 9.0772500e-01
1.0145145e+01 5.1422000e-01 7.0283906e-01 8.9836316e-01
1.0155155e+01 5.0849227e-01 6.9455651e-01 8.8915875e-01
1.0165165e+01 5.0266993e-01 6.8685059e-01 8.7942526e-01
1.0175175e+01 4.9655926e-01 6.7918288e-01 8.7023865e-01
1.0185185e+01 4.9055831e-01 6.7116426e-01 8.6062053e-01
1.0195195e+01 4.8455998e-01 6.6329977e-01 8.5097457e-01
1.0205205e+01 4.7861712e-01 6.5508110e-01 8.4167778e-01
1.0215215e+01 4.7212629e-01 6.4758957e-01 8.3294266e-01
1.0225225e+01 4.6577052e-01 6.3969354e-01 8.2385888e-01
1.0235235e+01 4.5919563e-01 6.3197528e-01 8.1520856e-01
1.0245245e+01 4.5239991e-01 6.2415815e-01 8.0705920e-01
1.0255255e+01 4.4562647e-01 6.1653003e-01 7.9819919e-01
1.0265265e+01 4.3929872e-01 6.0891517e-01 7.8994545e-01
1.0275275e+01 4.3289992e-01 6.0192599e-01 7.8277368e-01
1.0285285e+01 4.2625652e-01 5.9480401e-01 7.7531436e-01
1.0295295e+01 4.1997132e-01 5.8793199e-01 7.6833230e-01
1.0305305e+01 4.1335732e-01 5.8071291e-01 7.6154113e-01
1.0315315e+01 4.0684013e-01 5.7382546e-01 7.5447652e-01
1.0325325e+01 4.0060364e-01 5.6708100e-01 7.4820607e-01
1.0335335e+01 3.9389370e-01 5.5984491e-01 7.4193757e-01
1.0345345e+01 3.8809436e-01 5.5333707e-01 7.3523782e-01
1.0355355e+01 3.8155822e-01 5.4699330e-01 7.2933557e-01
1.0365365e+01 3.7505076e-01 5.4003749e-01 7.2311727e-01
1.0375375e+01 3.6881114e-01 5.3343618e-01 7.1754670e-01
1.0385385e+01 3.6205607e-01 5.2708487e-01 7.1200365e-01
1.0395395e+01 3.5568434e-01 5.2097922e-01 7.0661572e-01
1.0405405e+01 3.4916446e-01 5.1490176e-01 7.0184319e-01
1.0415415e+01 3.4283163e-01 5.0847436e-01 6.9645621e-01
1.0425425e+01 3.3631357e-01 5.0279802e-01 6.9118199e-01
1.0435435e+01 3.2996690e-01 4.9681536e-01 6.8606629e-01
1.0445445e+01 3.2374523e-01 4.9091644e-01 6.8107026e-01
1.0455455e+01 3.1733137e-01 4.8538512e-01 6.7595628e-01
1.0465465e+01 3.1143626e-01 4.7986288e-01 6.7159282e-01
1.0475475e+01 3.0590866e-01 4.7404921e-01 6.6707166e-01
1.0485485e+01 2.9967867e-01 4.6874780e-01 6.6298105e-01
1.0495495e+01 2.9349868e-01 4.6318213e-01 6.5858644e-01
1.0505506e+01 2.8729923e-01 4.5794140e-01 6.5466841e-01
1.0515516e+01 2.8165392e-01 4.5250089e-01 6.5045340e-01
1.0525526e+01 2.7576001e-01 4.4729239e-01 6.4605571e-01
1.0535536e+01 2.7034072e-01 4.4207481e-01 6.4236974e-01
1.0545546e+01 2.6474148e-01 4.3724757e-01 6.3822132e-01
1.0555556e+01 2.5941520e-01 4.3235016e-01 6.3356051e-01
1.0565566e+01 2.5447859e-01 4.2736196e-01 6.2943316e-01
1.0575576e+01 2.4945241e-01 4.2267039e-01 6.2506495e-01
1.0585586e+01 2.4465524e-01 4.1781773e-01 6.2075030e-01
1.0595596e+01 2.4002545e-01 4.1322442e-01 6.1636091e-01
1.0605606e+01 2.3537427e-01 4.0878739e-01 6.1174065e-01
1.0615616e+01 2.3114680e-01 4.0439522e-01 6.0692420e-01
1.0625626e+01 2.2706711e-01 4.0005175e-01 6.0160893e-01
1.0635636e+01 2.2323175e-01 3.9591223e-01 5.9618543e-01
1.0645646e+01 2.1990681e-01 3.9170555e-01 5.9102428e-01
1.0655656e+01 2.1630574e-01 3.8745654e-01 5.8652961e-01
1.0665666e+01 2.1288291e-01 3.8353640e-01 5.8135126e-01
1.0675676e+01 2.0926824e-01 3.7929153e-01 5.7584583e-01
1.0685686e+01 2.0587837e-01 3.7541552e-01 5.7105848e-01
1.0695696e+01 2.0286871e-01 3.7150223e-01 5.6643597e-01
1.0705706e+01 1.9921632e-01 3.6752963e-01 5.6204470e-01
1.0715716e+01 1.9603747e-01 3.6354736e-01 5.5764131e-01
1.0725726e+01 1.9286248e-01 3.5961127e-01 5.5295415e-01
1.0735736e+01 1.8938905e-01 3.5596445e-01 5.4843124e-01
1.0745746e+01 1.8595482e-01 3.5224746e-01 5.4387171e-01
1.0755756e+01 1.8273033e-01 3.4842502e-01 5.3946089e-01
1.0765766e+01 1.7913089e-01 3.4467487e-01 5.3534046e-01
1.0775776e+01 1.7554057e-01 3.4051512e-01 5.3063426e-01
1.0785786e+01 1.7150653e-01 3.3622760e-01 5.2650430e-01
1.0795796e+01 1.6725956e-01 3.3174219e-01 5.2253477e-01
1.0805806e+01 1.6280970e-01 3.2681176e-01 5.1807992e-01
1.0815816e+01 1.5841227e-01 3.2161408e-01 5.1391925e-01
1.0825826e+01 1.5388546e-01 3.1635256e-01 5.0976173e-01
1.0835836e+01 1.4918716e-01 3.1113409e-01 5.0534990e-01
1.0845846e+01 1.4480036e-01 3.0583503e-01 5.0063387e-01
1.0855856e+01 1.4049211e-01 3.0053880e-01 4.9543438e-01
1.0865866e+01 1.3634273e-01 2.9527446e-01 4.9015159e-01
1.0875876e+01 1.3191730e-01 2.8999200e-01 4.8498003e-01
1.0885886e+01 1.2785161e-01 2.8475556e-01 4.7894121e-01
1.0895896e+01 1.2370134e-01 2.7944714e-01 4.7327981e-01
1.0905906e+01 1.1987465e-01 2.7408460e-01 4.6685247e-01
1.0915916e+01 1.1595735e-01 2.6851766e-01 4.6065874e-01
1.0925926e+01 1.1227645e-01 2.6315163e-01 4.5402984e-01
1.0935936e+01 1.0869026e-01 2.5782349e-01 4.4724436e-01
1.0945946e+01 1.0503561e-01 2.5278267e-01 4.4033496e-01
1.0955956e+01 1.0146485e-01 2.4752723e-01 4.3330667e-01
1.0965966e+01 9.7873158e-02 2.4228080e-01 4.2600117e-01
1.0975976e+01 9.4509274e-02 2.3703215e-01 4.1877611e-01
1.0985986e+01 9.1091907e-02 2.3180742e-01 4.1138260e-01
1.0995996e+01 8.7908663e-02 2.2661476e-01 4.0403998e-01
1.1006006e+01 8.4785459e-02 2.2135830e-01 3.9688086e-01
1.1016016e+01 8.1578682e-02 2.1618217e-01 3.8944760e-01
1.1026026e+01 7.8578462e-02 2.1108270e-01 3.8207093e-01
1.1036036e+01 7.5634851e-02 2.0601219e-01 3.7458419e-01
1.1046046e+01 7.2751683e-02 2.0101961e-01 3.6720630e-01
1.1056056e+01 7.0047466e-02 1.9610148e-01 3.5962537e-01
1.1066066e+01 6.7333253e-02 1.9110223e-01 3.5183516e-01
1.1076076e+01 6.4731773e-02 1.8629690e-01 3.4445295e-01
1.1086086e+01 6.2193231e-02 1.8152427e-01 3.3694273e-01
1.1096096e+01 5.9657686e-02 1.7677698e-01 3.2922182e-01
1.1106106e+01 5.7220956e-02 1.7167814e-01 3.2161949e-01
1.1116116e+01 5.4960653e-02 1.6691045e-01 3.1413186e-01
1.1126126e+01 5.2720196e-02 1.6217313e-01 3.0661231e-01
1.1136136e+01 5.0460910e-02 1.5743635e-01 2.9933191e-01
1.1146146e+01 4.8355078e-02 1.5295672e-01 2.9207307e-01
1.1156156e+01 4.6269918e-02 1.4846912e-01 2.8508736e-01
1.1166166e+01 4.4283450e-02 1.4416707e-01 2.7795156e-01
1.1176176e+01 4.2324807e-02 1.3988672e-01 2.7099023e-01
1.1186186e+01 4.0461941e-02 1.3565857e-01 2.6399727e-01
1.1196196e+01 3.8670538e-02 1.3171835e-01 2.5713577e-01
1.1206206e+01 3.6955587e-02 1.2774449e-01 2.5043001e-01
1.1216216e+01 3.5287556e-02 1.2383166e-01 2.4356374e-01
1.1226226e+01 3.3712374e-02 1.2014880e-01 2.3686712e-01
1.1236236e+01 3.2162649e-02 1.1645645e-01 2.3032389e-01
1.1246246e+01 3.0662270e-02 1.1281110e-01 2.2390476e-01
1.1256256e+01 2.9236259e-02 1.0941114e-01 2.1737363e-01
1.1266266e+01 2.7837119e-02 1.0600708e-01 2.1108207e-01
1.1276276e+01 2.6495618e-02 1.0262830e-01 2.0488089e-01
1.1286286e+01 2.5242032e-02 9.9374771e-02 1.9887946e-01
1.1296296e+01 2.4007277e-02 9.6144343e-02 1.9281709e-01
1.1306306e+01 2.2841965e-02 9.2924269e-02 1.8680348e-01
1.1316316e+01 2.1713957e-02 8.9867076e-02 1.8072768e-01
1.1326326e+01 2.0628007e-02 8.6878133e-02 1.7491178e-01
1.1336336e+01 1.9570753e-02 8.3931779e-02 1.6936470e-01
1.1346346e+01 1.8551211e-02 8.0915461e-02 1.6372979e-01
1.1356356e+01 1.7576601e-02 7.7999083e-02 1.5823849e-01
1.1366366e+01 1.6649643e-02 7.5131636e-02 1.5285569e-01
1.1376376e+01 1.5783400e-02 7.2343565e-02 1.4758917e-01
1.1386386e+01 1.4939322e-02 6.9688900e-02 1.4238013e-01
1.1396396e+01 1.4121488e-02 6.7096376e-02 1.3727326e-01
1.1406406e+01 1.3355815e-02 6.4530472e-02 1.3228730e-01
1.1416416e+01 1.2625827e-02 6.2025668e-02 1.2753242e-01
1.1426426e+01 1.1937375e-02 5.9593605e-02 1.2276035e-01
1.1436436e+01 1.1267746e-02 5.7209827e-02 1.1811998e-01
1.1446446e+01 1.0641015e-02 5.4847066e-02 1.1349836e-01
1.1456456e+01 1.0045943e-02 5.2609010e-02 1.0910824e-01
1.1466466e+01 9.4671195e-03 5.0386173e-02 1.0472120e-01
1.1476476e+01 8.9189844e-03 4.8221754e-02 1.0056991e-01
1.1486486e+01 8.3973438e-03 4.6134091e-02 9.6447734e-02
1.1496496e+01 7.9007174e-03 4.4135471e-02 9.2622641e-02
1.1506507e+01 7.4223776e-03 4.2177016e-02 8.8748481e-02
1.1516517e+01 6.9814823e-03 4.0287707e-02 8.5036761e-02
1.1526527e+01 6.5564081e-03 3.8492096e-02 8.1402238e-02
1.1536537e+01 6.1478457e-03 3.6719089e-02 7.7905413e-02
1.1546547e+01 5.7588974e-03 3.5028143e-02 7.4498834e-02
1.1556557e+01 5.3985864e-03 3.3373125e-02 7.1270191e-02
1.1566567e+01 5.0523286e-03 3.1782066e-02 6.8133501e-02
1.1576577e+01 4.7351546e-03 3.0263144e-02 6.5045772e-02
1.1586587e+01 4.4333553e-03 2.8823752e-02 6.2028842e-02
1.1596597e+01 4.1503639e-03 2.7412383e-02 5.9225750e-02
1.1606607e+01 3.8821890e-03 2.6063747e-02 5.6530392e-02
1.1616617e+01 3.6261792e-03 2.4763258e-02 5.3860593e-02
1.1626627e+01 3.3869504e-03 2.3516648e-02 5.1314899e-02
1.1636637e+01 3.1632970e-03 2.2310000e-02 4.8857164e-02
1.1646647e+01 2.9546443e-03 2.1164116e-02 4.6518927e-02
1.1656657e+01 2.7557749e-03 2.0077380e-02 4.4214317e-02
1.1666667e+01 2.5684654e-03 1.9033738e-02 4.2023338e-02
1.1676677e+01 2.3947811e-03 1.8007818e-02 3.9913535e-02
1.1686687e+01 2.2313329e-03 1.7051530e-02 3.7882765e-02
1.1696697e+01 2.0780925e-03 1.6130154e-02 3.5944746e-02
1.1706707e+01 1.9328631e-03 1.5256292e-02 3.4075878e-02
1.1716717e+01 1.7975761e-03 1.4414460e-02 3.2300311e-02
1.1726727e+01 1.6701640e-03 1.3609177e-02 3.0608393e-02
1.1736737e+01 1.5507689e-03 1.2843309e-02 2.8972596e-02
1.1746747e+01 1.4388800e-03 1.2117920e-02 2.7408198e-02
1.1756757e+01 1.3346659e-03 1.1427010e-02 2.5886284e-02
1.1766767e+01 1.2363390e-03 1.0772496e-02 2.4473956e-02
1.1776777e+01 1.1456188e-03 1.0139867e-02 2.3109342e-02
1.1786787e+01 1.0598084e-03 9.5469085e-03 2.1822828e-02
1.1796797e+01 9.8149377e-04 8.9797543e-03 2.0592696e-02
1.1806807e+01 9.0741679e-04 8.4406754e-03 1.9417765e-02
1.1816817e+01 8.3814552e-04 7.9307400e-03 1.8307134e-02
1.1826827e+01 7.7428085e-04 7.4446773e-03 1.7264342e-02
1.1836837e+01 7.1504294e-04 6.9836175e-03 1.6255868e-02
1.1846847e+01 6.5830570e-04 6.5452590e-03 1.5296282e-02
1.1856857e+01 6.0606920e-04 6.1348085e-03 1.4389199e-02
1.1866867e+01 5.5829036e-04 5.7448079e-03 1.3531346e-02
1.1876877e+01 5.1410509e-04 5.3768972e-03 1.2717409e-02
1.1886887e+01 4.7285362e-04 5.0350313e-03 1.1937520e-02
1.1896897e+01 4.3469249e-04 4.7082893e-03 1.1212452e-02
1.1906907e+01 3.9929799e-04 4.4027102e-03 1.0517524e-02
1.1916917e+01 3.6674624e-04 4.1139157e-03 9.8523361e-03
1.1926927e+01 3.3668290e-04 3.8383966e-03 9.2351704e-03
1.1936937e+01 3.0923964e-04 3.5831255e-03 8.6480830e-03
1.1946947e+01 2.8365578e-04 3.3411159e-03 8.0997671e-03
1.1956957e+01 2.5985832e-04 3.1141277e-03 7.5713081e-03
1.1966967e+01 2.3808277e-04 2.9003042e-03 7.0790034e-03
1.1976977e+01 2.1787086e-04 2.6970852e-03 6.6191376e-03
1.1986987e+01 1.9952959e-04 2.5086326e-03 6.1799647e-03
1.1996997e+01 1.8262067e-04 2.3319435e-03 5.7694918e-03
1.2007007e+01 1.6701435e-04 2.1668774e-03 5.3849663e-03
1.2017017e+01 1.5267529e-04 2.0111839e-03 5.0268968e-03
1.2027027e+01 1.3920242e-04 1.8661527e-03 4.6794338e-03
1.2037037e+01 1.2703190e-04 1.7319059e-03 4.3565558e-03
1.2047047e+01 1.1589935e-04 1.6044768e-03 4.0558356e-03
1.2057057e+01 1.0566864e-04 1.4867665e-03 3.7744156e-03
1.2067067e+01 9.6195926e-05 1.3781940e-03 3.5069599e-03
1.2077077e+01 8.7670823e-05 1.2758574e-03 3.2583292e-03
1.2087087e+01 7.9766144e-05 1.1795620e-03 3.0284406e-03
1.2097097e+01 7.2607620e-05 1.0906931e-03 2.8126163e-03
1.2107107e+01 6.6033728e-05 1.0085095e-03 2.6087919e-03
1.2117117e+01 5.9880285e-05 9.3161264e-04 2.4203465e-03
1.2127127e+01 5.4338153e-05 8.5931542e-04 2.2409897e-03
1.2137137e+01 4.9202558e-05 7.9214277e-04 2.0760148e-03
1.2147147e+01 4.4596452e-05 7.3037595e-04 1.9220445e-03
1.2157157e+01 4.0387720e-05 6.7268322e-04 1.7782456e-03
1.2167167e+01 3.6543425e-05 6.1985781e-04 1.6455232e-03
1.2177177e+01 3.3095766e-05 5.7065657e-04 1.5213682e-03
1.2187187e+01 2.9956169e-05 5.2507162e-04 1.4058215e-03
1.2197197e+01 2.7086284e-05 4.8263226e-04 1.2979276e-03
1.2207207e+01 2.4479928e-05 4.4368293e-04 1.1970715e-03
1.2217217e+01 2.2129449e-05 4.0765563e-04 1.1039987e-03
1.2227227e+01 1.9970492e-05 3.7393473e-04 1.0182152e-03
1.2237237e+01 1.8007121e-05 3.4254265e-04 9.3797841e-04
1.2247247e+01 1.6225560e-05 3.1382847e-04 8.6319162e-04
1.2257257e+01 1.4594860e-05 2.8752454e-04 7.9366925e-04
1.2267267e+01 1.3149002e-05 2.6317463e-04 7.3002652e-04
1.2277277e+01 1.1845556e-05 2.4071605e-04 6.7154685e-04
1.2287287e+01 1.0665708e-05 2.2009135e-04 6.1705378e-04
1.2297297e+01 9.5944721e-06 2.0112001e-04 5.6661260e-04
1.2307307e+01 8.6264735e-06 1.8363449e-04 5.1979570e-04
1.2317317e+01 7.7469754e-06 1.6762475e-04 4.7681077e-04
1.2327327e+01 6.9429354e-06 1.5288550e-04 4.3694858e-04
1.2337337e+01 6.2293438e-06 1.3941185e-04 4.0000452e-04
1.2347347e+01 5.5894534e-06 1.2699520e-04 3.6652317e-04
1.2357357e+01 5.0062645e-06 1.1576177e-04 3.3541543e-04
1.2367367e+01 4.4837578e-06 1.0541646e-04 3.0679299e-04
1.2377377e+01 4.0106794e-06 9.5864448e-05 2.8049293e-04
1.2387387e+01 3.5878896e-06 8.7164336e-05 2.5644134e-04
1.2397397e+01 3.2026834e-06 7.9126852e-05 2.3414841e-04
1.2407407e+01 2.8612501e-06 7.1864327e-05 2.1347704e-04
1.2417417e+01 2.5549603e-06 6.5235497e-05 1.9463655e-04
1.2427427e+01 2.2792234e-06 5.9150476e-05 1.7741664e-04
1.2437437e+01 2.0337406e-06 5.3628418e-05 1.6164418e-04
1.2447447e+01 1.8121102e-06 4.8606201e-05 1.4720960e-04
1.2457457e+01 1.6114447e-06 4.4026792e-05 1.3398268e-04
1.2467467e+01 1.4347907e-06 3.9870814e-05 1.2194274e-04
1.2477477e+01 1.2777919e-06 3.6067422e-05 1.1089413e-04
1.2487487e+01 1.1354189e-06 3.2624289e-05 1.0078422e-04
1.2497497e+01 1.0091434e-06 2.9444750e-05 9.1488504e-05
1.2507508e+01 8.9650642e-07 2.6594245e-05 8.2987886e-05
1.2517518e+01 7.9533921e-07 2.4010409e-05 7.5249666e-05
1.2527528e+01 7.0553041e-07 2.1672358e-05 6.8190809e-05
1.2537538e+01 6.2537280e-07 1.9553191e-05 6.1815765e-05
1.2547548e+01 5.5395992e-07 1.7609984e-05 5.5965079e-05
1.2557558e+01 4.9071409e-07 1.5848343e-05 5.0669534e-05
1.2567568e+01 4.3448548e-07 1.4258837e-05 4.5840683e-05
1.2577578e+01 3.8463144e-07 1.2815415e-05 4.1428166e-05
1.2587588e+01 3.3982748e-07 1.1505853e-05 3.7425131e-05
1.2597598e+01 3.0005375e-07 1.0337208e-05 3.3814700e-05
1.2607608e+01 2.6480227e-07 9.2808549e-06 3.0519874e-05
1.2617618e+01 2.3366197e-07 8.3300886e-06 2.7502770e-05
1.2627628e+01 2.0606525e-07 7.4716400e-06 2.4786151e-05
1.2637638e+01 1.8155843e-07 6.6988914e-06 2.2319576e-05
1.2647648e+01 1.5989496e-07 5.9977615e-06 2.0128416e-05
1.2657658e+01 1.4078038e-07 5.3710118e-06 1.8122464e-05
1.2667668e+01 1.2377615e-07 4.8041540e-06 1.6298765e-05
1.2677678e+01 1.0883271e-07 4.2930274e-06 1.4648551e-05
1.2687688e+01 9.5734610e-08 3.8345307e-06 1.3165050e-05
1.2697698e+01 8.4062831e-08 3.4258563e-06 1.1823455e-05
1.2707708e+01 7.3698206e-08 3.0590455e-06 1.0608270e-05
1.2717718e+01 6.4701889e-08 2.7324178e-06 9.5100301e-06
1.2727728e+01 5.6744440e-08 2.4360411e-06 8.5201900e-06
1.2737738e+01 4.9760648e-08 2.1728548e-06 7.6362761e-06
1.2747748e+01 4.3627015e-08 1.9361520e-06 6.8365497e-06
1.2757758e+01 3.8205315e-08 1.7234104e-06 6.1109112e-06
1.2767768e+01 3.3458373e-08 1.5334351e-06 5.4667289e-06
1.2777778e+01 2.9276471e-08 1.3647229e-06 4.8936670e-06
1.2787788e+01 2.5582301e-08 1.2117579e-06 4.3705283e-06
1.2797798e+01 2.2350483e-08 1.0752376e-06 3.9041939e-06
1.2807808e+01 1.9511513e-08 9.5508122e-07 3.4850972e-06
1.2817818e+01 1.7017922e-08 8.4660958e-07 3.1086354e-06
1.2827828e+01 1.4839980e-08 7.4991473e-07 2.7710864e-06
1.2837838e+01 1.2939152e-08 6.6436487e-07 2.4693852e-06
1.2847848e+01 1.1279549e-08 5.8831343e-07 2.1983831e-06
1.2857858e+01 9.8246665e-09 5.2092792e-07 1.9543868e-06
1.2867868e+01 8.5528937e-09 4.6079472e-07 1.7367304e-06
1.2877878e+01 7.4297996e-09 4.0688480e-07 1.5432797e-06
1.2887888e+01 6.4502998e-09 3.5946746e-07 1.3709960e-06
1.2897898e+01 5.5960780e-09 3.1733442e-07 1.2177046e-06
1.2907908e+01 4.8541394e-09 2.8012338e-07 1.0805462e-06
1.2917918e+01 4.2083822e-09 2.4715626e-07 9.5825508e-07
1.2927928e+01 3.6460939e-09 2.1804442e-07 8.4899746e-07
1.2937938e+01 3.1598773e-09 1.9223636e-07 7.5209467e-07
1.2947948e+01 2.7343842e-09 1.6929763e-07 6.6578991e-07
1.2957958e+01 2.3669118e-09 1.4895902e-07 5.8907781e-07
1.2967968e+01 2.0474471e-09 1.3099414e-07 5.2085956e-07
1.2977978e+01 1.7702209e-09 1.1514174e-07 4.6037912e-07
1.2987988e+01 1.5277871e-09 1.0111958e-07 4.0666072e-07
1.2997998e+01 1.3203291e-09 8.8820106e-08 3.5902431e-07
1.3008008e+01 1.1398892e-09 7.7941207e-08 3.1658601e-07
1.3018018e+01 9.8355877e-10 6.8371335e-08 2.7919910e-07
1.3028028e+01 8.4701683e-10 5.9919648e-08 2.4612611e-07
1.3038038e+01 7.2925301e-10 5.2448007e-08 2.1692404e-07
1.3048048e+01 6.2716071e-10 4.5917669e-08 1.9090930e-07
1.3058058e+01 5.3980916e-10 4.0164066e-08 1.6809917e-07
1.3068068e+01 4.6456777e-10 3.5126562e-08 1.4783787e-07
1.3078078e+01 3.9883153e-10 3.0679061e-08 1.2990702e-07
1.3088088e+01 3.4244184e-10 2.6801784e-08 1.1423659e-07
1.3098098e+01 2.9379818e-10 2.3408070e-08 1.0034474e-07
1.3108108e+01 2.5219667e-10 2.0435708e-08 8.8068226e-08
1.3118118e+01 2.1629044e-10 1.7797217e-08 7.7239884e-08
1.3128128e+01 1.8527976e-10 1.5504475e-08 6.7764409e-08
1.3138138e+01 1.5870346e-10 1.3503563e-08 5.9300183e-08
1.3148148e+01 1.3591421e-10 1.1743767e-08 5.1952623e-08
1.3158158e+01 1.1622821e-10 1.0209165e-08 4.5397648e-08
1.3168168e+01 9.9285253e-11 8.8823162e-09 3.9656523e-08
1.3178178e+01 8.4832786e-11 7.7148548e-09 3.4644239e-08
1.3188188e+01 7.2391437e-11 6.7028124e-09 3.0255148e-08
1.3198198e+01 6.1813752e-11 5.8212944e-09 2.6403095e-08
1.3208208e+01 5.2695198e-11 5.0530854e-09 2.3017534e-08
1.3218218e+01 4.4943087e-11 4.3837401e-09 2.0062660e-08
1.3228228e+01 3.8297423e-11 3.7988407e-09 1.7490796e-08
1.3238238e+01 3.2618517e-11 3.2916857e-09 1.5228933e-08
1.3248248e+01 2.7785011e-11 2.8460128e-09 1.3262217e-08
1.3258258e+01 2.3651285e-11 2.4631117e-09 1.1532251e-08
1.3268268e+01 2.0103109e-11 2.1303875e-09 1.0033393e-08
1.3278278e+01 1.7094854e-11 1.8394756e-09 8.7208435e-09
1.3288288e+01 1.4525051e-11 1.5877206e-09 7.5783169e-09
1.3298298e+01 1.2324418e-11 1.3700379e-09 6.5781361e-09
1.3308308e+01 1.0454000e-11 1.1822534e-09 5.7035444e-09
1.3318318e+01 8.8600573e-12 1.0194616e-09 4.9414579e-09
1.3328328e+01 7.5067214e-12 8.7875757e-10 4.2796818e-09
1.3338338e+01 6.3533229e-12 7.5713711e-10 3.7028157e-09
1.3348348e+01 5.3780061e-12 6.5079069e-10 3.2055582e-09
1.3358358e+01 4.5522421e-12 5.6003504e-10 2.7730766e-09
1.3368368e+01 3.8462573e-12 4.8130167e-10 2.3972968e-09
1.3378378e+01 3.2509900e-12 4.1321650e-10 2.0696500e-09
1.3388388e+01 2.7470706e-12 3.5505245e-10 1.7875092e-09
1.3398398e+01 2.3173686e-12 3.0494233e-10 1.5427551e-09
1.3408408e+01 1.9558916e-12 2.6164951e-10 1.3318678e-09
1.3418418e+01 1.6465527e-12 2.2436928e-10 1.1481374e-09
1.3428428e+01 1.3852013e-12 1.9213887e-10 9.9001692e-10
1.3438438e+01 1.1656666e-12 1.6436598e-10 8.5180803e-10
1.3448448e+01 9.8124788e-13 1.4066948e-10 7.3254991e-10
1.3458458e+01 8.2464803e-13 1.2021783e-10 6.2946492e-10
1.3468468e+01 6.9328194e-13 1.0278775e-10 5.4081231e-10
1.3478478e+01 5.8180405e-13 8.7837614e-11 4.6448714e-10
1.3488488e+01 4.8824123e-13 7.5022781e-11 3.9906492e-10
1.3498498e+01 4.0935276e-13 6.4049618e-11 3.4234783e-10
1.3508509e+01 3.4274263e-13 5.4630749e-11 2.9357617e-10
1.3518519e+01 2.8700079e-13 4.6550157e-11 2.5152400e-10
1.3528529e+01 2.4040063e-13 3.9623022e-11 2.1565030e-10
1.3538539e+01 2.0118258e-13 3.3721181e-11 1.8456094e-10
1.3548549e+01 1.6811837e-13 2.8670510e-11 1.5780048e-10
1.3558559e+01 1.4035990e-13 2.4399663e-11 1.3494245e-10
1.3568569e+01 1.1729526e-13 2.0743493e-11 1.1528894e-10
1.3578579e+01 9.7867192e-14 1.7630039e-11 9.8503469e-11
1.3588589e+01 8.1747679e-14 1.4969541e-11 8.4018649e-11
1.3598599e+01 6.8244033e-14 1.2701038e-11 7.1780733e-11
1.3608609e+01 5.6938352e-14 1.0769582e-11 6.1160173e-11
1.3618619e+01 4.7462989e-14 9.1317479e-12 5.2109291e-11
1.3628629e+01 3.9502337e-14 7.7336482e-12 4.4398113e-11
1.3638639e+01 3.2901295e-14 6.5474889e-12 3.7812119e-11
1.3648649e+01 2.7370483e-14 5.5358045e-12 3.2188108e-11
1.3658659e+01 2.2731913e-14 4.6776011e-12 2.7380395e-11
1.3668669e+01 1.8867003e-14 3.9500081e-12 2.3253621e-11
1.3678679e+01 1.5659344e-14 3.3357572e-12 1.9739801e-11
1.3688689e+01 1.2972651e-14 2.8171162e-12 1.6739150e-11
1.3698699e+01 1.0744231e-14 2.3776966e-12 1.4206864e-11
1.3708709e+01 8.8978949e-15 2.0046154e-12 1.2041800e-11
1.3718719e+01 7.3735806e-15 1.6897392e-12 1.0206017e-11
1.3728729e+01 6.1074970e-15 1.4229993e-12 8.6439232e-12
1.3738739e+01 5.0506007e-15 1.1973616e-12 7.3158803e-12
1.3748749e+01 4.1789482e-15 1.0075153e-12 6.1901749e-12
1.3758759e+01 3.4541559e-15 8.4612526e-13 5.2346050e-12
1.3768769e+01 2.8513096e-15 7.1095069e-13 4.4196421e-12
1.3778779e+01 2.3550456e-15 5.9674983e-13 3.7334743e-12
1.3788789e+01 1.9418264e-15 5.0056634e-13 3.1501984e-12
1.3798799e+01 1.6019518e-15 4.1980914e-13 2.6528529e-12
1.3808809e+01 1.3179586e-15 3.5173139e-13 2.2374567e-12
1.3818819e+01 1.0853776e-15 2.9463483e-13 1.8843723e-12
1.3828829e+01 8.9284746e-16 2.4686124e-13 1.5867235e-12
1.3838839e+01 7.3422904e-16 2.0654617e-13 1.3355229e-12
1.3848849e+01 6.0359707e-16 1.7259780e-13 1.1230421e-12
1.3858859e+01 4.9639275e-16 1.4425618e-13 9.4386953e-13
1.3868869e+01 4.0799486e-16 1.2057645e-13 7.9358041e-13
1.3878879e+01 3.3514666e-16 1.0070962e-13 6.6645151e-13
1.3888889e+01 2.7508595e-16 8.3990114e-14 5.5904343e-13
1.3898899e+01 2.2536792e-16 7.0069076e-14 4.6884706e-13
1.3908909e+01 1.8480890e-16 5.8387611e-14 3.9284742e-13
1.3918919e+01 1.5144341e-16 4.8638179e-14 3.2916905e-13
1.3928929e+01 1.2399850e-16 4.0463472e-14 2.7542492e-13
1.3938939e+01 1.0147652e-16 3.3677197e-14 2.3046008e-13
1.3948949e+01 8.2961599e-17 2.7998191e-14 1.9259016e-13
1.3958959e+01 6.7826285e-17 2.3287253e-14 1.6094843e-13
1.3968969e+01 5.5312056e-17 1.9342683e-14 1.3434951e-13
1.3978979e+01 4.5127470e-17 1.6063973e-14 1.1208838e-13
1.3988989e+01 3.6829477e-17 1.3328202e-14 9.3496948e-14
1.3998999e+01 2.9970870e-17 1.1048369e-14 7.7989395e-14
1.4009009e+01 2.4424152e-17 9.1548186e-15 6.5029102e-14
1.4019019e+01 1.9901073e-17 7.5827149e-15 5.4188439e-14
1.4029029e+01 1.6207228e-17 6.2740685e-15 4.5114210e-14
1.4039039e+01 1.3191431e-17 5.1930449e-15 3.7533402e-14
1.4049049e+01 1.0723177e-17 4.2975130e-15 3.1190894e-14
1.4059059e+01 8.7030106e-18 3.5495388e-15 2.5942085e-14
1.4069069e+01 7.0643923e-18 2.9308057e-15 2.1558412e-14
1.4079079e+01 5.7257322e-18 2.4174000e-15 1.7907702e-14
1.4089089e+01 4.6385733e-18 1.9935411e-15 1.4856683e-14
1.4099099e+01 3.7603151e-18 1.6435333e-15 1.2318308e-14
1.4109109e+01 3.0435898e-18 1.3540180e-15 1.0202686e-14
1.4119119e+01 2.4627550e-18 1.1147392e-15 8.4543032e-15
1.4129129e+01 1.9927814e-18 9.1787546e-16 6.9990219e-15
1.4139139e+01 1.6122290e-18 7.5490779e-16 5.7878553e-15
1.4149149e+01 1.3032470e-18 6.2061925e-16 4.7845223e-15
1.4159159e+01 1.0529827e-18 5.0958498e-16 3.9528627e-15
1.4169169e+01 8.4998290e-19 4.1827192e-16 3.2626907e-15
1.4179179e+01 6.8626325e-19 3.4306980e-16 2.6946451e-15
1.4189189e+01 5.5376084e-19 2.8135836e-16 2.2232835e-15
1.4199199e+01 4.4658558e-19 2.3044058e-16 1.8344949e-15
1.4209209e+01 3.5994662e-19 1.8880069e-16 1.5121965e-15
1.4219219e+01 2.8954045e-19 1.5461343e-16 1.2453672e-15
1.4229229e+01 2.3297743e-19 1.2650899e-16 1.0249278e-15
1.4239239e+01 1.8724612e-19 1.0349720e-16 8.4327632e-16
1.4249249e+01 1.5054860e-19 8.4624958e-17 6.9361698e-16
1.4259259e+01 1.2096228e-19 6.9156190e-17 5.6985100e-16
1.4269269e+01 9.7091373e-20 5.6479334e-17 4.6793822e-16
1.4279279e+01 7.7837407e-20 4.6089922e-17 3.8399834e-16
1.4289289e+01 6.2437889e-20 3.7552436e-17 3.1504472e-16
1.4299299e+01 4.9966791e-20 3.0579940e-17 2.5825011e-16
1.4309309e+01 4.0018253e-20 2.4902795e-17 2.1166617e-16
1.4319319e+01 3.2020406e-20 2.0271079e-17 1.7324451e-16
1.4329329e+01 2.5596630e-20 1.6497184e-17 1.4171682e-16
1.4339339e+01 2.0475689e-20 1.3417046e-17 1.1594534e-16
1.4349349e+01 1.6363793e-20 1.0909465e-17 9.4802334e-17
1.4359359e+01 1.3067231e-20 8.8583237e-18 7.7445047e-17
1.4369369e+01 1.0433522e-20 7.1953964e-18 6.3269641e-17
1.4379379e+01 8.3159101e-21 5.8401370e-18 5.1588829e-17
1.4389389e+01 6.6284505e-21 4.7352215e-18 4.2094658e-17
1.4399399e+01 5.2844246e-21 3.8389702e-18 3.4338214e-17
1.4409409e+01 4.2087555e-21 3.1069247e-18 2.7976657e-17
1.4419419e+01 3.3505927e-21 2.5141665e-18 2.2758397e-17
1.4429429e+01 2.6607000e-21 2.0333734e-18 1.8516726e-17
1.4439439e+01 2.1108835e-21 1.6448349e-18 1.5052864e-17
1.4449449e+01 1.6747442e-21 1.3290592e-18 1.2239847e-17
1.4459459e+01 1.3301906e-21 1.0732997e-18 9.9436360e-18
1.4469469e+01 1.0558227e-21 8.6611008e-19 8.0792156e-18
1.4479479e+01 8.3587123e-22 6.9920906e-19 6.5510470e-18
1.4489489e+01 6.6202740e-22 5.6374706e-19 5.3128769e-18
1.4499499e+01 5.2441660e-22 4.5430642e-19 4.3081052e-18
1.4509510e+01 4.1484684e-22 3.6577333e-19 3.4874731e-18
1.4519520e+01 3.2803483e-22 2.9449205e-19 2.8236539e-18
1.4529530e+01 2.5956824e-22 2.3697358e-19 2.2855712e-18
1.4539540e+01 2.0527407e-22 1.9050464e-19 1.8472935e-18
1.4549550e+01 1.6222401e-22 1.5306867e-19 1.4926023e-18
1.4559560e+01 1.2806808e-22 1.2292730e-19 1.2054544e-18
1.4569570e+01 1.0086203e-22 9.8630635e-20 9.7276055e-19
1.4579580e+01 7.9431667e-23 7.9107987e-20 7.8392760e-19
1.4589590e+01 6.2603377e-23 6.3387644e-20 6.3153787e-19
1.4599600e+01 4.9205443e-23 5.0783516e-20 5.0904478e-19
1.4609610e+01 3.8701947e-23 4.0670806e-20 4.1007763e-19
1.4619620e+01 3.0458742e-23 3.2559918e-20 3.3003750e-19
1.4629630e+01 2.3951955e-23 2.6060136e-20 2.6527439e-19
1.4639640e+01 1.8808740e-23 2.0839804e-20 2.1320962e-19
1.4649650e+01 1.4780545e-23 1.6656202e-20 1.7122026e-19
1.4659660e+01 1.1608394e-23 1.3281851e-20 1.3745155e-19
1.4669670e+01 9.1118130e-24 1.0598033e-20 1.1039075e-19
1.4679680e+01 7.1428608e-24 8.4560386e-21 8.8608643e-20
1.4689690e+01 5.5912250e-24 6.7368813e-21 7.1087605e-20
1.4699700e+01 4.3796614e-24 5.3630034e-21 5.6961842e-20
1.4709710e+01 3.4234457e-24 4.2724727e-21 4.5624116e-20
1.4719720e+01 2.6772002e-24 3.3979865e-21 3.6512958e-20
1.4729730e+01 2.0941548e-24 2.7012754e-21 2.9197157e-20
1.4739740e+01 1.6356302e-24 2.1469770e-21 2.3327189e-20
1.4749750e+01 1.2778516e-24 1.7054362e-21 1.8635841e-20
1.4759760e+01 9.9667958e-25 1.3547075e-21 1.4889422e-20
1.4769770e+01 7.7726779e-25 1.0749687e-21 1.1871399e-20
1.4779780e+01 6.0579446e-25 8.5224809e-22 9.4646102e-21
1.4789790e+01 4.7131865e-25 6.7545750e-22 7.5467712e-21
1.4799800e+01 3.6652477e-25 5.3493623e-22 6.0087752e-21
1.4809810e+01 2.8511701e-25 4.2341544e-22 4.7842437e-21
1.4819820e+01 2.2154238e-25 3.3491187e-22 3.8057103e-21
1.4829830e+01 1.7227635e-25 2.6493219e-22 3.0253000e-21
1.4839840e+01 1.3390869e-25 2.0924629e-22 2.4033484e-21
1.4849850e+01 1.0401869e-25 1.6517335e-22 1.9095731e-21
1.4859860e+01 8.0627819e-26 1.3030309e-22 1.5154676e-21
1.4869870e+01 6.2465784e-26 1.0274907e-22 1.2028873e-21
1.4879880e+01 4.8426328e-26 8.1040524e-23 9.5434113e-22
1.4889890e+01 3.7489228e-26 6.3848390e-23 7.5604974e-22
1.4899900e+01 2.9023683e-26 5.0276507e-23 5.9889772e-22
1.4909910e+01 2.2469168e-26 3.9584363e-23 4.7385734e-22
1.4919920e+01 1.7381751e-26 3.1147857e-23 3.7472517e-22
1.4929930e+01 1.3440193e-26 2.4467014e-23 2.9650962e-22
1.4939940e+01 1.0377698e-26 1.9197088e-23 2.3437874e-22
1.4949950e+01 8.0148238e-27 1.5066736e-23 1.8503766e-22
1.4959960e+01 6.1832428e-27 1.1813982e-23 1.4605901e-22
1.4969970e+01 4.7653060e-27 9.2666154e-24 1.1524228e-22
1.4979980e+01 3.6743372e-27 7.2615559e-24 9.0839696e-23
1.4989990e+01 2.8306235e-27 5.6879845e-24 7.1646140e-23
1.5000000e+01 2.1768190e-27 4.4546124e-24 5.6400450e-23
