X KDE_INF KDE_MED KDE_SUP
-1.4000000e+01 1.7093440e-08 4.8743774e-05 1.6720615e-02
-1.3990991e+01 1.8470242e-08 5.0149473e-05 1.6759808e-02
-1.3981982e+01 1.9976364e-08 5.0726261e-05 1.6745476e-02
-1.3972973e+01 2.1584210e-08 5.2079105e-05 1.6822353e-02
-1.3963964e+01 2.3303202e-08 5.3940191e-05 1.6837647e-02
-1.3954955e+01 2.5183541e-08 5.4939189e-05 1.6853276e-02
-1.3945946e+01 2.7146536e-08 5.6307790e-05 1.6892190e-02
-1.3936937e+01 2.9325708e-08 5.8244728e-05 1.6903891e-02
-1.3927928e+01 3.1681916e-08 5.9359866e-05 1.6890374e-02
-1.3918919e+01 3.4152236e-08 6.1192156e-05 1.6949222e-02
-1.3909910e+01 3.6922890e-08 6.3341247e-05 1.6951862e-02
-1.3900901e+01 3.9894671e-08 6.4828429e-05 1.6954008e-02
-1.3891892e+01 4.3028474e-08 6.6728545e-05 1.7015649e-02
-1.3882883e+01 4.6435595e-08 6.8430428e-05 1.7038737e-02
-1.3873874e+01 5.0048643e-08 7.0318503e-05 1.7091441e-02
-1.3864865e+01 5.3978862e-08 7.2237756e-05 1.7139743e-02
-1.3855856e+01 5.8220516e-08 7.3739847e-05 1.7149554e-02
-1.3846847e+01 6.2839418e-08 7.6344579e-05 1.7187485e-02
-1.3837838e+01 6.7699619e-08 7.7737353e-05 1.7176047e-02
-1.3828829e+01 7.2941471e-08 7.9811840e-05 1.7185383e-02
-1.3819820e+01 7.8671434e-08 8.1438448e-05 1.7249862e-02
-1.3810811e+01 8.4890450e-08 8.2871558e-05 1.7257951e-02
-1.3801802e+01 9.1580516e-08 8.4767202e-05 1.7286671e-02
-1.3792793e+01 9.8822422e-08 8.6353010e-05 1.7317027e-02
-1.3783784e+01 1.0626646e-07 8.8655507e-05 1.7338004e-02
-1.3774775e+01 1.1428511e-07 9.0174535e-05 1.7371461e-02
-1.3765766e+01 1.2312216e-07 9.2160886e-05 1.7407339e-02
-1.3756757e+01 1.3227680e-07 9.4630178e-05 1.7390875e-02
-1.3747748e+01 1.4202755e-07 9.6313352e-05 1.7435608e-02
-1.3738739e+01 1.5288264e-07 9.8595658e-05 1.7437517e-02
-1.3729730e+01 1.6441294e-07 1.0153169e-04 1.7471553e-02
-1.3720721e+01 1.7685453e-07 1.0446475e-04 1.7518138e-02
-1.3711712e+01 1.9016705e-07 1.0687741e-04 1.7538767e-02
-1.3702703e+01 2.0494969e-07 1.0945798e-04 1.7610466e-02
-1.3693694e+01 2.2011458e-07 1.1244345e-04 1.7690350e-02
-1.3684685e+01 2.3638710e-07 1.1486160e-04 1.7721379e-02
-1.3675676e+01 2.5439701e-07 1.1749892e-04 1.7735474e-02
-1.3666667e+01 2.7332718e-07 1.2047675e-04 1.7803809e-02
-1.3657658e+01 2.9323728e-07 1.2360069e-04 1.7840268e-02
-1.3648649e+01 3.1506050e-07 1.2632343e-04 1.7865896e-02
-1.3639640e+01 3.3876849e-07 1.2929684e-04 1.7912601e-02
-1.3630631e+01 3.6401804e-07 1.3201283e-04 1.7981581e-02
-1.3621622e+01 3.9096214e-07 1.3467554e-04 1.8033746e-02
-1.3612613e+01 4.1997209e-07 1.3828131e-04 1.8062258e-02
-1.3603604e+01 4.5149733e-07 1.4041476e-04 1.8090856e-02
-1.3594595e+01 4.8355001e-07 1.4405101e-04 1.8143377e-02
-1.3585586e+01 5.1888761e-07 1.4723734e-04 1.8164992e-02
-1.3576577e+01 5.5667595e-07 1.5047867e-04 1.8182649e-02
-1.3567568e+01 5.9696549e-07 1.5271898e-04 1.8220853e-02
-1.3558559e+01 6.3952247e-07 1.5632215e-04 1.8218861e-02
-1.3549550e+01 6.8625707e-07 1.6123428e-04 1.8230373e-02
-1.3540541e+01 7.3533304e-07 1.6434761e-04 1.8303008e-02
-1.3531532e+01 7.8873720e-07 1.6926044e-04 1.8347521e-02
-1.3522523e+01 8.4410734e-07 1.7299837e-04 1.8383457e-02
-1.3513514e+01 9.0470189e-07 1.7728231e-04 1.8401565e-02
-1.3504505e+01 9.6923584e-07 1.8293027e-04 1.8388321e-02
-1.3495495e+01 1.0396776e-06 1.8658565e-04 1.8412054e-02
-1.3486486e+01 1.1124724e-06 1.9284020e-04 1.8410424e-02
-1.3477477e+01 1.1875848e-06 1.9637335e-04 1.8460987e-02
-1.3468468e+01 1.2734313e-06 2.0040448e-04 1.8554117e-02
-1.3459459e+01 1.3615328e-06 2.0557448e-04 1.8583128e-02
-1.3450450e+01 1.4555694e-06 2.0925330e-04 1.8607281e-02
-1.3441441e+01 1.5589690e-06 2.1364239e-04 1.8658118e-02
-1.3432432e+01 1.6696801e-06 2.1904452e-04 1.8660772e-02
-1.3423423e+01 1.7854754e-06 2.2254457e-04 1.8665693e-02
-1.3414414e+01 1.9093814e-06 2.2812302e-04 1.8692070e-02
-1.3405405e+01 2.0406970e-06 2.3323034e-04 1.8718779e-02
-1.3396396e+01 2.1829253e-06 2.3842249e-04 1.8755054e-02
-1.3387387e+01 2.3336648e-06 2.4119223e-04 1.8719581e-02
-1.3378378e+01 2.4928865e-06 2.4695590e-04 1.8748499e-02
-1.3369369e+01 2.6655805e-06 2.5201353e-04 1.8710959e-02
-1.3360360e+01 2.8461186e-06 2.5740334e-04 1.8748100e-02
-1.3351351e+01 3.0411872e-06 2.6407678e-04 1.8770200e-02
-1.3342342e+01 3.2504786e-06 2.6919166e-04 1.8810496e-02
-1.3333333e+01 3.4688463e-06 2.7603307e-04 1.8871493e-02
-1.3324324e+01 3.7100095e-06 2.8259437e-04 1.8911094e-02
-1.3315315e+01 3.9592764e-06 2.9042767e-04 1.8950709e-02
-1.3306306e+01 4.2227168e-06 2.9690735e-04 1.9016333e-02
-1.3297297e+01 4.5039500e-06 3.0458323e-04 1.9034742e-02
-1.3288288e+01 4.8021716e-06 3.1041617e-04 1.9038295e-02
-1.3279279e+01 5.1194177e-06 3.1624353e-04 1.9085877e-02
-1.3270270e+01 5.4510970e-06 3.2629251e-04 1.9113768e-02
-1.3261261e+01 5.8102881e-06 3.3252835e-04 1.9129096e-02
-1.3252252e+01 6.1956758e-06 3.4236676e-04 1.9158941e-02
-1.3243243e+01 6.5996134e-06 3.5230725e-04 1.9186217e-02
-1.3234234e+01 7.0281291e-06 3.5941518e-04 1.9199847e-02
-1.3225225e+01 7.4932262e-06 3.6669802e-04 1.9210320e-02
-1.3216216e+01 7.9950901e-06 3.7679339e-04 1.9291836e-02
-1.3207207e+01 8.5113170e-06 3.8183232e-04 1.9337708e-02
-1.3198198e+01 9.0650346e-06 3.9073906e-04 1.9369240e-02
-1.3189189e+01 9.6590011e-06 3.9761052e-04 1.9372976e-02
-1.3180180e+01 1.0282350e-05 4.0640884e-04 1.9383940e-02
-1.3171171e+01 1.0938279e-05 4.1211871e-04 1.9408875e-02
-1.3162162e+01 1.1641287e-05 4.2565419e-04 1.9432042e-02
-1.3153153e+01 1.2396941e-05 4.3497840e-04 1.9466402e-02
-1.3144144e+01 1.3196297e-05 4.4511939e-04 1.9542064e-02
-1.3135135e+01 1.4027767e-05 4.5517827e-04 1.9566437e-02
-1.3126126e+01 1.4918521e-05 4.6596652e-04 1.9572510e-02
-1.3117117e+01 1.5844643e-05 4.7723427e-04 1.9636151e-02
-1.3108108e+01 1.6804557e-05 4.8895226e-04 1.9652560e-02
-1.3099099e+01 1.7870225e-05 4.9784932e-04 1.9686595e-02
-1.3090090e+01 1.8993877e-05 5.0873986e-04 1.9713448e-02
-1.3081081e+01 2.0184615e-05 5.2138397e-04 1.9750567e-02
-1.3072072e+01 2.1419809e-05 5.3065168e-04 1.9793075e-02
-1.3063063e+01 2.2741859e-05 5.4039354e-04 1.9803935e-02
-1.3054054e+01 2.4158595e-05 5.5196853e-04 1.9794974e-02
-1.3045045e+01 2.5649343e-05 5.6546242e-04 1.9827497e-02
-1.3036036e+01 2.7218464e-05 5.7748110e-04 1.9859151e-02
-1.3027027e+01 2.8893472e-05 5.9209185e-04 1.9881394e-02
-1.3018018e+01 3.0675694e-05 6.0594457e-04 1.9909897e-02
-1.3009009e+01 3.2533337e-05 6.2159811e-04 1.9934860e-02
-1.3000000e+01 3.4535000e-05 6.3859487e-04 1.9968303e-02
-1.2990991e+01 3.6625527e-05 6.5378821e-04 1.9994418e-02
-1.2981982e+01 3.8850849e-05 6.6548434e-04 2.0020737e-02
-1.2972973e+01 4.1203212e-05 6.7900334e-04 2.0061275e-02
-1.2963964e+01 4.3716508e-05 6.9800945e-04 2.0099239e-02
-1.2954955e+01 4.6364487e-05 7.1186703e-04 2.0103036e-02
-1.2945946e+01 4.9065183e-05 7.2908810e-04 2.0111208e-02
-1.2936937e+01 5.1987149e-05 7.4634444e-04 2.0140864e-02
-1.2927928e+01 5.5021585e-05 7.6456718e-04 2.0176099e-02
-1.2918919e+01 5.8245595e-05 7.8489217e-04 2.0199405e-02
-1.2909910e+01 6.1672969e-05 8.0279562e-04 2.0227947e-02
-1.2900901e+01 6.5272542e-05 8.1880101e-04 2.0258961e-02
-1.2891892e+01 6.9100655e-05 8.3750317e-04 2.0291282e-02
-1.2882883e+01 7.3151644e-05 8.5876010e-04 2.0338496e-02
-1.2873874e+01 7.7391134e-05 8.7760035e-04 2.0326839e-02
-1.2864865e+01 8.1770021e-05 8.9686458e-04 2.0373087e-02
-1.2855856e+01 8.6581715e-05 9.2009886e-04 2.0389743e-02
-1.2846847e+01 9.1482227e-05 9.4052709e-04 2.0431659e-02
-1.2837838e+01 9.6711365e-05 9.5955053e-04 2.0472877e-02
-1.2828829e+01 1.0219813e-04 9.8782038e-04 2.0512030e-02
-1.2819820e+01 1.0794876e-04 1.0070782e-03 2.0557754e-02
-1.2810811e+01 1.1404777e-04 1.0325857e-03 2.0593637e-02
-1.2801802e+01 1.2046512e-04 1.0598828e-03 2.0627940e-02
-1.2792793e+01 1.2709436e-04 1.0801333e-03 2.0649184e-02
-1.2783784e+01 1.3441695e-04 1.1105764e-03 2.0683141e-02
-1.2774775e+01 1.4212658e-04 1.1414478e-03 2.0706134e-02
-1.2765766e+01 1.5014165e-04 1.1761612e-03 2.0756321e-02
-1.2756757e+01 1.5861716e-04 1.2032283e-03 2.0800705e-02
-1.2747748e+01 1.6759636e-04 1.2409701e-03 2.0835467e-02
-1.2738739e+01 1.7678889e-04 1.2704060e-03 2.0872501e-02
-1.2729730e+01 1.8660847e-04 1.3016502e-03 2.0897814e-02
-1.2720721e+01 1.9694672e-04 1.3392858e-03 2.0954471e-02
-1.2711712e+01 2.0780320e-04 1.3667620e-03 2.1006135e-02
-1.2702703e+01 2.1924665e-04 1.4040837e-03 2.1021313e-02
-1.2693694e+01 2.3103470e-04 1.4435619e-03 2.1052384e-02
-1.2684685e+01 2.4343183e-04 1.4827716e-03 2.1098508e-02
-1.2675676e+01 2.5655832e-04 1.5247878e-03 2.1145098e-02
-1.2666667e+01 2.7017071e-04 1.5568382e-03 2.1175965e-02
-1.2657658e+01 2.8438481e-04 1.5946560e-03 2.1221276e-02
-1.2648649e+01 2.9941521e-04 1.6320034e-03 2.1259691e-02
-1.2639640e+01 3.1569233e-04 1.6721074e-03 2.1302333e-02
-1.2630631e+01 3.3257311e-04 1.7170594e-03 2.1351415e-02
-1.2621622e+01 3.5039015e-04 1.7635569e-03 2.1399642e-02
-1.2612613e+01 3.6886048e-04 1.8040494e-03 2.1428251e-02
-1.2603604e+01 3.8840384e-04 1.8555280e-03 2.1466066e-02
-1.2594595e+01 4.0857450e-04 1.9051757e-03 2.1496551e-02
-1.2585586e+01 4.2993602e-04 1.9555189e-03 2.1527317e-02
-1.2576577e+01 4.5188904e-04 2.0100145e-03 2.1566274e-02
-1.2567568e+01 4.7538806e-04 2.0700446e-03 2.1596506e-02
-1.2558559e+01 4.9986166e-04 2.1228362e-03 2.1647682e-02
-1.2549550e+01 5.2546112e-04 2.1817463e-03 2.1696416e-02
-1.2540541e+01 5.5235032e-04 2.2451233e-03 2.1762742e-02
-1.2531532e+01 5.8048522e-04 2.3049791e-03 2.1803292e-02
-1.2522523e+01 6.1046110e-04 2.3703071e-03 2.1854558e-02
-1.2513514e+01 6.4125993e-04 2.4408887e-03 2.1917610e-02
-1.2504505e+01 6.7365612e-04 2.5111261e-03 2.1984378e-02
-1.2495495e+01 7.0764808e-04 2.5900970e-03 2.2049567e-02
-1.2486486e+01 7.4328969e-04 2.6747146e-03 2.2127892e-02
-1.2477477e+01 7.8096364e-04 2.7517478e-03 2.2223365e-02
-1.2468468e+01 8.1961878e-04 2.8369197e-03 2.2293841e-02
-1.2459459e+01 8.6054790e-04 2.9187455e-03 2.2385638e-02
-1.2450450e+01 9.0299879e-04 3.0017399e-03 2.2485478e-02
-1.2441441e+01 9.4790551e-04 3.0936233e-03 2.2587838e-02
-1.2432432e+01 9.9412118e-04 3.1961390e-03 2.2689728e-02
-1.2423423e+01 1.0433944e-03 3.3008957e-03 2.2799129e-02
-1.2414414e+01 1.0938550e-03 3.4068073e-03 2.2897233e-02
-1.2405405e+01 1.1478672e-03 3.5161457e-03 2.3002999e-02
-1.2396396e+01 1.2028662e-03 3.6242752e-03 2.3148069e-02
-1.2387387e+01 1.2611580e-03 3.7426083e-03 2.3291258e-02
-1.2378378e+01 1.3219092e-03 3.8635857e-03 2.3431884e-02
-1.2369369e+01 1.3851350e-03 3.9783160e-03 2.3559139e-02
-1.2360360e+01 1.4513583e-03 4.1015044e-03 2.3712881e-02
-1.2351351e+01 1.5205550e-03 4.2384399e-03 2.3877171e-02
-1.2342342e+01 1.5922066e-03 4.3638687e-03 2.4014776e-02
-1.2333333e+01 1.6679039e-03 4.5031592e-03 2.4146780e-02
-1.2324324e+01 1.7459494e-03 4.6534499e-03 2.4299482e-02
-1.2315315e+01 1.8284482e-03 4.7939957e-03 2.4466395e-02
-1.2306306e+01 1.9116834e-03 4.9571602e-03 2.4663450e-02
-1.2297297e+01 1.9995738e-03 5.1136616e-03 2.4812004e-02
-1.2288288e+01 2.0931945e-03 5.2722216e-03 2.5013738e-02
-1.2279279e+01 2.1914548e-03 5.4481478e-03 2.5189961e-02
-1.2270270e+01 2.2918284e-03 5.6185515e-03 2.5358969e-02
-1.2261261e+01 2.3971087e-03 5.8079010e-03 2.5551617e-02
-1.2252252e+01 2.5050919e-03 5.9908540e-03 2.5763385e-02
-1.2243243e+01 2.6184250e-03 6.1689396e-03 2.5949173e-02
-1.2234234e+01 2.7357124e-03 6.3730760e-03 2.6166422e-02
-1.2225225e+01 2.8594437e-03 6.5747154e-03 2.6416182e-02
-1.2216216e+01 2.9880765e-03 6.7731436e-03 2.6619832e-02
-1.2207207e+01 3.1230524e-03 6.9796530e-03 2.6884017e-02
-1.2198198e+01 3.2633564e-03 7.2118187e-03 2.7135844e-02
-1.2189189e+01 3.4098197e-03 7.4476474e-03 2.7371469e-02
-1.2180180e+01 3.5611485e-03 7.6922284e-03 2.7639695e-02
-1.2171171e+01 3.7204219e-03 7.9498039e-03 2.7912945e-02
-1.2162162e+01 3.8824573e-03 8.2050904e-03 2.8199823e-02
-1.2153153e+01 4.0507910e-03 8.4665458e-03 2.8472330e-02
-1.2144144e+01 4.2284235e-03 8.7448719e-03 2.8824690e-02
-1.2135135e+01 4.4094494e-03 9.0301247e-03 2.9134367e-02
-1.2126126e+01 4.6010360e-03 9.3354257e-03 2.9419409e-02
-1.2117117e+01 4.7983017e-03 9.6507162e-03 2.9715263e-02
-1.2108108e+01 5.0002808e-03 9.9805256e-03 3.0060800e-02
-1.2099099e+01 5.2139065e-03 1.0304000e-02 3.0412971e-02
-1.2090090e+01 5.4314896e-03 1.0624911e-02 3.0746866e-02
-1.2081081e+01 5.6644252e-03 1.0966957e-02 3.1194096e-02
-1.2072072e+01 5.9001232e-03 1.1330481e-02 3.1572516e-02
-1.2063063e+01 6.1438844e-03 1.1702056e-02 3.1960518e-02
-1.2054054e+01 6.4011640e-03 1.2081169e-02 3.2367989e-02
-1.2045045e+01 6.6670071e-03 1.2452726e-02 3.2745605e-02
-1.2036036e+01 6.9439535e-03 1.2848009e-02 3.3218989e-02
-1.2027027e+01 7.2313306e-03 1.3264755e-02 3.3640207e-02
-1.2018018e+01 7.5288262e-03 1.3681450e-02 3.4133795e-02
-1.2009009e+01 7.8362670e-03 1.4113229e-02 3.4641349e-02
-1.2000000e+01 8.1534481e-03 1.4559986e-02 3.5182016e-02
-1.1990991e+01 8.4846514e-03 1.5037226e-02 3.5701203e-02
-1.1981982e+01 8.8244100e-03 1.5536256e-02 3.6262062e-02
-1.1972973e+01 9.1795454e-03 1.6030957e-02 3.6723225e-02
-1.1963964e+01 9.5428581e-03 1.6530803e-02 3.7244090e-02
-1.1954955e+01 9.9229567e-03 1.7064559e-02 3.7786495e-02
-1.1945946e+01 1.0316250e-02 1.7601436e-02 3.8385951e-02
-1.1936937e+01 1.0725204e-02 1.8146458e-02 3.9057597e-02
-1.1927928e+01 1.1147219e-02 1.8705854e-02 3.9705318e-02
-1.1918919e+01 1.1583495e-02 1.9296976e-02 4.0348398e-02
-1.1909910e+01 1.2033915e-02 1.9892916e-02 4.1000673e-02
-1.1900901e+01 1.2500124e-02 2.0508340e-02 4.1707900e-02
-1.1891892e+01 1.2984866e-02 2.1142425e-02 4.2370398e-02
-1.1882883e+01 1.3487977e-02 2.1800188e-02 4.3085803e-02
-1.1873874e+01 1.3999142e-02 2.2472343e-02 4.3863226e-02
-1.1864865e+01 1.4532872e-02 2.3172541e-02 4.4632283e-02
-1.1855856e+01 1.5082875e-02 2.3896251e-02 4.5397578e-02
-1.1846847e+01 1.5643260e-02 2.4621615e-02 4.6171832e-02
-1.1837838e+01 1.6229346e-02 2.5369934e-02 4.7003352e-02
-1.1828829e+01 1.6834581e-02 2.6140498e-02 4.7819000e-02
-1.1819820e+01 1.7461473e-02 2.6988286e-02 4.8627558e-02
-1.1810811e+01 1.8100791e-02 2.7833614e-02 4.9508661e-02
-1.1801802e+01 1.8761696e-02 2.8687740e-02 5.0452470e-02
-1.1792793e+01 1.9454513e-02 2.9556643e-02 5.1333203e-02
-1.1783784e+01 2.0166928e-02 3.0447800e-02 5.2244964e-02
-1.1774775e+01 2.0889386e-02 3.1350054e-02 5.3194787e-02
-1.1765766e+01 2.1633780e-02 3.2266935e-02 5.4165571e-02
-1.1756757e+01 2.2405998e-02 3.3250796e-02 5.5113872e-02
-1.1747748e+01 2.3198696e-02 3.4209734e-02 5.6153087e-02
-1.1738739e+01 2.4028858e-02 3.5217534e-02 5.7246428e-02
-1.1729730e+01 2.4886519e-02 3.6244921e-02 5.8400332e-02
-1.1720721e+01 2.5744918e-02 3.7311553e-02 5.9584810e-02
-1.1711712e+01 2.6641262e-02 3.8405071e-02 6.0776205e-02
-1.1702703e+01 2.7548500e-02 3.9526386e-02 6.2005550e-02
-1.1693694e+01 2.8491470e-02 4.0696092e-02 6.3149526e-02
-1.1684685e+01 2.9481249e-02 4.1876832e-02 6.4441246e-02
-1.1675676e+01 3.0496711e-02 4.3087564e-02 6.5710965e-02
-1.1666667e+01 3.1524002e-02 4.4324865e-02 6.7087521e-02
-1.1657658e+01 3.2596475e-02 4.5589285e-02 6.8453395e-02
-1.1648649e+01 3.3682723e-02 4.6904460e-02 6.9844846e-02
-1.1639640e+01 3.4817528e-02 4.8239925e-02 7.1276442e-02
-1.1630631e+01 3.5991969e-02 4.9617960e-02 7.2746265e-02
-1.1621622e+01 3.7179838e-02 5.1001860e-02 7.4259854e-02
-1.1612613e+01 3.8413334e-02 5.2461920e-02 7.5808282e-02
-1.1603604e+01 3.9678381e-02 5.3913305e-02 7.7409834e-02
-1.1594595e+01 4.0988359e-02 5.5431380e-02 7.9142764e-02
-1.1585586e+01 4.2313745e-02 5.6989390e-02 8.0819092e-02
-1.1576577e+01 4.3662832e-02 5.8569722e-02 8.2566262e-02
-1.1567568e+01 4.5064577e-02 6.0205109e-02 8.4341219e-02
-1.1558559e+01 4.6500185e-02 6.1876514e-02 8.6140117e-02
-1.1549550e+01 4.7967935e-02 6.3601335e-02 8.7980874e-02
-1.1540541e+01 4.9447855e-02 6.5364770e-02 8.9947143e-02
-1.1531532e+01 5.0973403e-02 6.7143807e-02 9.1886162e-02
-1.1522523e+01 5.2566298e-02 6.9004515e-02 9.3872242e-02
-1.1513514e+01 5.4212526e-02 7.0917136e-02 9.5946145e-02
-1.1504505e+01 5.5885689e-02 7.2849118e-02 9.8060118e-02
-1.1495495e+01 5.7604198e-02 7.4840576e-02 1.0019538e-01
-1.1486486e+01 5.9355943e-02 7.6925026e-02 1.0246917e-01
-1.1477477e+01 6.1133730e-02 7.9000976e-02 1.0464240e-01
-1.1468468e+01 6.2979465e-02 8.1127813e-02 1.0685559e-01
-1.1459459e+01 6.4870042e-02 8.3305027e-02 1.0921676e-01
-1.1450450e+01 6.6813608e-02 8.5498916e-02 1.1164440e-01
-1.1441441e+01 6.8759760e-02 8.7768976e-02 1.1413558e-01
-1.1432432e+01 7.0777666e-02 9.0101489e-02 1.1661643e-01
-1.1423423e+01 7.2869446e-02 9.2458927e-02 1.1924810e-01
-1.1414414e+01 7.4970168e-02 9.4904284e-02 1.2182827e-01
-1.1405405e+01 7.7135021e-02 9.7404624e-02 1.2452922e-01
-1.1396396e+01 7.9333978e-02 9.9901198e-02 1.2724498e-01
-1.1387387e+01 8.1626521e-02 1.0249144e-01 1.3006438e-01
-1.1378378e+01 8.3906370e-02 1.0507756e-01 1.3292260e-01
-1.1369369e+01 8.6291567e-02 1.0779163e-01 1.3584601e-01
-1.1360360e+01 8.8706541e-02 1.1053648e-01 1.3887181e-01
-1.1351351e+01 9.1168243e-02 1.1331546e-01 1.4194633e-01
-1.1342342e+01 9.3663418e-02 1.1616504e-01 1.4507417e-01
-1.1333333e+01 9.6221015e-02 1.1909132e-01 1.4824813e-01
-1.1324324e+01 9.8846689e-02 1.2209118e-01 1.5145016e-01
-1.1315315e+01 1.0151507e-01 1.2511408e-01 1.5469100e-01
-1.1306306e+01 1.0423974e-01 1.2817947e-01 1.5803608e-01
-1.1297297e+01 1.0705084e-01 1.3135394e-01 1.6145849e-01
-1.1288288e+01 1.0984989e-01 1.3452642e-01 1.6493736e-01
-1.1279279e+01 1.1275387e-01 1.3778128e-01 1.6847540e-01
-1.1270270e+01 1.1573799e-01 1.4114376e-01 1.7203185e-01
-1.1261261e+01 1.1879095e-01 1.4452023e-01 1.7569394e-01
-1.1252252e+01 1.2189490e-01 1.4795606e-01 1.7944304e-01
-1.1243243e+01 1.2506212e-01 1.5148879e-01 1.8324649e-01
-1.1234234e+01 1.2828209e-01 1.5509380e-01 1.8716693e-01
-1.1225225e+01 1.3153689e-01 1.5871849e-01 1.9111465e-01
-1.1216216e+01 1.3490172e-01 1.6245780e-01 1.9508923e-01
-1.1207207e+01 1.3828554e-01 1.6620364e-01 1.9921111e-01
-1.1198198e+01 1.4177234e-01 1.7005151e-01 2.0337893e-01
-1.1189189e+01 1.4529001e-01 1.7395200e-01 2.0757791e-01
-1.1180180e+01 1.4886548e-01 1.7791111e-01 2.1179925e-01
-1.1171171e+01 1.5250776e-01 1.8195254e-01 2.1624694e-01
-1.1162162e+01 1.5623442e-01 1.8604253e-01 2.2069261e-01
-1.1153153e+01 1.6000178e-01 1.9016857e-01 2.2529039e-01
-1.1144144e+01 1.6389913e-01 1.9442506e-01 2.2984343e-01
-1.1135135e+01 1.6781006e-01 1.9868846e-01 2.3444246e-01
-1.1126126e+01 1.7179603e-01 2.0304227e-01 2.3912136e-01
-1.1117117e+01 1.7582034e-01 2.0746641e-01 2.4400631e-01
-1.1108108e+01 1.7995327e-01 2.1199075e-01 2.4878769e-01
-1.1099099e+01 1.8414921e-01 2.1655887e-01 2.5364618e-01
-1.1090090e+01 1.8838106e-01 2.2116187e-01 2.5869643e-01
-1.1081081e+01 1.9270390e-01 2.2586627e-01 2.6382814e-01
-1.1072072e+01 1.9706044e-01 2.3068748e-01 2.6894000e-01
-1.1063063e+01 2.0154258e-01 2.3554658e-01 2.7413204e-01
-1.1054054e+01 2.0602591e-01 2.4046589e-01 2.7935752e-01
-1.1045045e+01 2.1057216e-01 2.4544779e-01 2.8482072e-01
-1.1036036e+01 2.1520943e-01 2.5045846e-01 2.9020067e-01
-1.1027027e+01 2.1994533e-01 2.5562420e-01 2.9560951e-01
-1.1018018e+01 2.2473454e-01 2.6084751e-01 3.0111143e-01
-1.1009009e+01 2.2957482e-01 2.6613709e-01 3.0665950e-01
-1.1000000e+01 2.3447427e-01 2.7146929e-01 3.1232891e-01
-1.0990991e+01 2.3942772e-01 2.7689670e-01 3.1800724e-01
-1.0981982e+01 2.4447492e-01 2.8231625e-01 3.2379154e-01
-1.0972973e+01 2.4950260e-01 2.8783091e-01 3.2966703e-01
-1.0963964e+01 2.5465724e-01 2.9347708e-01 3.3556451e-01
-1.0954955e+01 2.5988993e-01 2.9911515e-01 3.4158135e-01
-1.0945946e+01 2.6522929e-01 3.0489592e-01 3.4760452e-01
-1.0936937e+01 2.7055106e-01 3.1073056e-01 3.5386295e-01
-1.0927928e+01 2.7599498e-01 3.1657998e-01 3.6005422e-01
-1.0918919e+01 2.8149698e-01 3.2251029e-01 3.6627970e-01
-1.0909910e+01 2.8712137e-01 3.2851332e-01 3.7254508e-01
-1.0900901e+01 2.9272453e-01 3.3455602e-01 3.7891264e-01
-1.0891892e+01 2.9844083e-01 3.4060946e-01 3.8536957e-01
-1.0882883e+01 3.0417218e-01 3.4676623e-01 3.9180090e-01
-1.0873874e+01 3.0994857e-01 3.5300648e-01 3.9829190e-01
-1.0864865e+01 3.1583078e-01 3.5921414e-01 4.0491777e-01
-1.0855856e+01 3.2182705e-01 3.6549905e-01 4.1145219e-01
-1.0846847e+01 3.2775161e-01 3.7195762e-01 4.1813467e-01
-1.0837838e+01 3.3389475e-01 3.7840934e-01 4.2480984e-01
-1.0828829e+01 3.4002462e-01 3.8493796e-01 4.3161784e-01
-1.0819820e+01 3.4621588e-01 3.9155378e-01 4.3851022e-01
-1.0810811e+01 3.5252577e-01 3.9810324e-01 4.4551988e-01
-1.0801802e+01 3.5877052e-01 4.0476946e-01 4.5247306e-01
-1.0792793e+01 3.6507803e-01 4.1148775e-01 4.5950712e-01
-1.0783784e+01 3.7147291e-01 4.1826569e-01 4.6653373e-01
-1.0774775e+01 3.7790433e-01 4.2505084e-01 4.7367699e-01
-1.0765766e+01 3.8450534e-01 4.3191738e-01 4.8090285e-01
-1.0756757e+01 3.9109336e-01 4.3879970e-01 4.8803852e-01
-1.0747748e+01 3.9763386e-01 4.4574952e-01 4.9523969e-01
-1.0738739e+01 4.0431664e-01 4.5274954e-01 5.0254796e-01
-1.0729730e+01 4.1101805e-01 4.5973101e-01 5.0990812e-01
-1.0720721e+01 4.1769453e-01 4.6684564e-01 5.1731185e-01
-1.0711712e+01 4.2448679e-01 4.7406489e-01 5.2470309e-01
-1.0702703e+01 4.3127223e-01 4.8121782e-01 5.3215879e-01
-1.0693694e+01 4.3817238e-01 4.8844874e-01 5.3960476e-01
-1.0684685e+01 4.4508062e-01 4.9565646e-01 5.4701920e-01
-1.0675676e+01 4.5208635e-01 5.0285941e-01 5.5452005e-01
-1.0666667e+01 4.5896635e-01 5.1006136e-01 5.6198122e-01
-1.0657658e+01 4.6595281e-01 5.1741122e-01 5.6946664e-01
-1.0648649e+01 4.7295929e-01 5.2473556e-01 5.7691755e-01
-1.0639640e+01 4.7995907e-01 5.3208801e-01 5.8455126e-01
-1.0630631e+01 4.8702630e-01 5.3953216e-01 5.9214336e-01
-1.0621622e+01 4.9416319e-01 5.4692481e-01 5.9972660e-01
-1.0612613e+01 5.0123858e-01 5.5430606e-01 6.0722434e-01
-1.0603604e+01 5.0847934e-01 5.6167496e-01 6.1495219e-01
-1.0594595e+01 5.1568927e-01 5.6912683e-01 6.2263235e-01
-1.0585586e+01 5.2292178e-01 5.7651524e-01 6.3024141e-01
-1.0576577e+01 5.3010933e-01 5.8394981e-01 6.3782176e-01
-1.0567568e+01 5.3724309e-01 5.9139555e-01 6.4540159e-01
-1.0558559e+01 5.4448826e-01 5.9891075e-01 6.5302088e-01
-1.0549550e+01 5.5170052e-01 6.0645959e-01 6.6059284e-01
-1.0540541e+01 5.5896524e-01 6.1391604e-01 6.6813083e-01
-1.0531532e+01 5.6614920e-01 6.2133865e-01 6.7570151e-01
-1.0522523e+01 5.7336614e-01 6.2882997e-01 6.8335203e-01
-1.0513514e+01 5.8074017e-01 6.3618318e-01 6.9085866e-01
-1.0504505e+01 5.8802333e-01 6.4366367e-01 6.9844281e-01
-1.0495495e+01 5.9530573e-01 6.5109602e-01 7.0594955e-01
-1.0486486e+01 6.0258715e-01 6.5848697e-01 7.1342475e-01
-1.0477477e+01 6.0988512e-01 6.6583108e-01 7.2088628e-01
-1.0468468e+01 6.1710797e-01 6.7322956e-01 7.2834648e-01
-1.0459459e+01 6.2431380e-01 6.8060128e-01 7.3554636e-01
-1.0450450e+01 6.3138826e-01 6.8789349e-01 7.4296715e-01
-1.0441441e+01 6.3856621e-01 6.9522103e-01 7.5031987e-01
-1.0432432e+01 6.4573225e-01 7.0250013e-01 7.5764756e-01
-1.0423423e+01 6.5283505e-01 7.0966889e-01 7.6495257e-01
-1.0414414e+01 6.5998042e-01 7.1687850e-01 7.7226266e-01
-1.0405405e+01 6.6711271e-01 7.2403571e-01 7.7949377e-01
-1.0396396e+01 6.7418841e-01 7.3118016e-01 7.8666596e-01
-1.0387387e+01 6.8121004e-01 7.3827714e-01 7.9372889e-01
-1.0378378e+01 6.8809605e-01 7.4534972e-01 8.0070052e-01
-1.0369369e+01 6.9499727e-01 7.5240818e-01 8.0766397e-01
-1.0360360e+01 7.0178695e-01 7.5937447e-01 8.1464835e-01
-1.0351351e+01 7.0862869e-01 7.6627822e-01 8.2150412e-01
-1.0342342e+01 7.1544831e-01 7.7318488e-01 8.2827968e-01
-1.0333333e+01 7.2224369e-01 7.7997970e-01 8.3508050e-01
-1.0324324e+01 7.2899340e-01 7.8665467e-01 8.4181265e-01
-1.0315315e+01 7.3552359e-01 7.9336638e-01 8.4846000e-01
-1.0306306e+01 7.4217815e-01 7.9995229e-01 8.5495236e-01
-1.0297297e+01 7.4865314e-01 8.0645947e-01 8.6136253e-01
-1.0288288e+01 7.5509442e-01 8.1286931e-01 8.6786214e-01
-1.0279279e+01 7.6149412e-01 8.1928635e-01 8.7408993e-01
-1.0270270e+01 7.6785328e-01 8.2553222e-01 8.8027890e-01
-1.0261261e+01 7.7422486e-01 8.3178069e-01 8.8648144e-01
-1.0252252e+01 7.8052500e-01 8.3793025e-01 8.9250727e-01
-1.0243243e+01 7.8667752e-01 8.4398004e-01 8.9856532e-01
-1.0234234e+01 7.9268138e-01 8.5004809e-01 9.0448274e-01
-1.0225225e+01 7.9854955e-01 8.5595404e-01 9.1020893e-01
-1.0216216e+01 8.0435872e-01 8.6172447e-01 9.1584836e-01
-1.0207207e+01 8.1009024e-01 8.6736985e-01 9.2131377e-01
-1.0198198e+01 8.1584598e-01 8.7299608e-01 9.2673271e-01
-1.0189189e+01 8.2138247e-01 8.7857317e-01 9.3229117e-01
-1.0180180e+01 8.2693524e-01 8.8391627e-01 9.3765959e-01
-1.0171171e+01 8.3235344e-01 8.8931625e-01 9.4297269e-01
-1.0162162e+01 8.3759137e-01 8.9445748e-01 9.4802270e-01
-1.0153153e+01 8.4284837e-01 8.9959924e-01 9.5300700e-01
-1.0144144e+01 8.4802676e-01 9.0465233e-01 9.5781319e-01
-1.0135135e+01 8.5311653e-01 9.0950992e-01 9.6252792e-01
-1.0126126e+01 8.5794634e-01 9.1427826e-01 9.6714591e-01
-1.0117117e+01 8.6270530e-01 9.1898398e-01 9.7155836e-01
-1.0108108e+01 8.6747233e-01 9.2345911e-01 9.7597856e-01
-1.0099099e+01 8.7209424e-01 9.2793184e-01 9.8038300e-01
-1.0090090e+01 8.7653668e-01 9.3239564e-01 9.8472131e-01
-1.0081081e+01 8.8096768e-01 9.3662585e-01 9.8876111e-01
-1.0072072e+01 8.8527503e-01 9.4074442e-01 9.9265639e-01
-1.0063063e+01 8.8933597e-01 9.4464892e-01 9.9647400e-01
-1.0054054e+01 8.9323081e-01 9.4847401e-01 1.0001243e+00
-1.0045045e+01 8.9703788e-01 9.5218330e-01 1.0036295e+00
-1.0036036e+01 9.0076151e-01 9.5570259e-01 1.0069633e+00
-1.0027027e+01 9.0441319e-01 9.5902882e-01 1.0100860e+00
-1.0018018e+01 9.0782200e-01 9.6239945e-01 1.0131454e+00
-1.0009009e+01 9.1122071e-01 9.6557564e-01 1.0161294e+00
-1.0000000e+01 9.1439301e-01 9.6857502e-01 1.0190151e+00
-9.9909910e+00 9.1739442e-01 9.7147757e-01 1.0217808e+00
-9.9819820e+00 9.2028021e-01 9.7419492e-01 1.0243726e+00
-9.9729730e+00 9.2304562e-01 9.7689467e-01 1.0267022e+00
-9.9639640e+00 9.2560808e-01 9.7941302e-01 1.0290761e+00
-9.9549550e+00 9.2799131e-01 9.8181290e-01 1.0311405e+00
-9.9459459e+00 9.3037679e-01 9.8403381e-01 1.0331471e+00
-9.9369369e+00 9.3262441e-01 9.8610384e-01 1.0348807e+00
-9.9279279e+00 9.3458696e-01 9.8809114e-01 1.0366437e+00
-9.9189189e+00 9.3659709e-01 9.8985060e-01 1.0383155e+00
-9.9099099e+00 9.3820952e-01 9.9146726e-01 1.0398718e+00
-9.9009009e+00 9.3983403e-01 9.9305789e-01 1.0413102e+00
-9.8918919e+00 9.4145784e-01 9.9441038e-01 1.0425092e+00
-9.8828829e+00 9.4285707e-01 9.9564663e-01 1.0437093e+00
-9.8738739e+00 9.4404953e-01 9.9668165e-01 1.0447881e+00
-9.8648649e+00 9.4503756e-01 9.9755032e-01 1.0456230e+00
-9.8558559e+00 9.4588350e-01 9.9837499e-01 1.0464370e+00
-9.8468468e+00 9.4660187e-01 9.9898931e-01 1.0469852e+00
-9.8378378e+00 9.4728865e-01 9.9941058e-01 1.0473736e+00
-9.8288288e+00 9.4777077e-01 9.9969258e-01 1.0476381e+00
-9.8198198e+00 9.4799281e-01 9.9990764e-01 1.0477391e+00
-9.8108108e+00 9.4813241e-01 1.0000000e+00 1.0477173e+00
-9.8018018e+00 9.4806438e-01 9.9991709e-01 1.0475171e+00
-9.7927928e+00 9.4793921e-01 9.9963469e-01 1.0471579e+00
-9.7837838e+00 9.4766234e-01 9.9922077e-01 1.0467273e+00
-9.7747748e+00 9.4712536e-01 9.9862924e-01 1.0461928e+00
-9.7657658e+00 9.4657442e-01 9.9793978e-01 1.0454469e+00
-9.7567568e+00 9.4591212e-01 9.9703683e-01 1.0445617e+00
-9.7477477e+00 9.4510577e-01 9.9600595e-01 1.0436148e+00
-9.7387387e+00 9.4393335e-01 9.9492903e-01 1.0424057e+00
-9.7297297e+00 9.4271781e-01 9.9368049e-01 1.0412270e+00
-9.7207207e+00 9.4141618e-01 9.9230343e-01 1.0398288e+00
-9.7117117e+00 9.3980693e-01 9.9079781e-01 1.0382894e+00
-9.7027027e+00 9.3831989e-01 9.8910466e-01 1.0366945e+00
-9.6936937e+00 9.3650561e-01 9.8728066e-01 1.0348398e+00
-9.6846847e+00 9.3468896e-01 9.8531528e-01 1.0328828e+00
-9.6756757e+00 9.3251063e-01 9.8320726e-01 1.0307735e+00
-9.6666667e+00 9.3027730e-01 9.8109921e-01 1.0285799e+00
-9.6576577e+00 9.2790622e-01 9.7876538e-01 1.0262543e+00
-9.6486486e+00 9.2535915e-01 9.7625650e-01 1.0237931e+00
-9.6396396e+00 9.2277506e-01 9.7368545e-01 1.0213024e+00
-9.6306306e+00 9.2003277e-01 9.7099179e-01 1.0186707e+00
-9.6216216e+00 9.1710624e-01 9.6810364e-01 1.0158973e+00
-9.6126126e+00 9.1401132e-01 9.6509611e-01 1.0128788e+00
-9.6036036e+00 9.1082087e-01 9.6191505e-01 1.0097533e+00
-9.5945946e+00 9.0740092e-01 9.5862746e-01 1.0065049e+00
-9.5855856e+00 9.0404776e-01 9.5519924e-01 1.0032942e+00
-9.5765766e+00 9.0045772e-01 9.5154152e-01 9.9992750e-01
-9.5675676e+00 8.9674123e-01 9.4786065e-01 9.9630367e-01
-9.5585586e+00 8.9287945e-01 9.4413540e-01 9.9269681e-01
-9.5495495e+00 8.8892252e-01 9.4020884e-01 9.8894838e-01
-9.5405405e+00 8.8481361e-01 9.3630260e-01 9.8504857e-01
-9.5315315e+00 8.8047469e-01 9.3219989e-01 9.8097052e-01
-9.5225225e+00 8.7594308e-01 9.2796981e-01 9.7684129e-01
-9.5135135e+00 8.7138312e-01 9.2365295e-01 9.7261083e-01
-9.5045045e+00 8.6682983e-01 9.1920361e-01 9.6834161e-01
-9.4954955e+00 8.6219689e-01 9.1458933e-01 9.6398101e-01
-9.4864865e+00 8.5750983e-01 9.0985826e-01 9.5947156e-01
-9.4774775e+00 8.5262313e-01 9.0510014e-01 9.5476093e-01
-9.4684685e+00 8.4763166e-01 9.0026224e-01 9.5003127e-01
-9.4594595e+00 8.4254463e-01 8.9519106e-01 9.4521358e-01
-9.4504505e+00 8.3745364e-01 8.9029324e-01 9.4019436e-01
-9.4414414e+00 8.3230935e-01 8.8516565e-01 9.3510336e-01
-9.4324324e+00 8.2678000e-01 8.7991988e-01 9.3003277e-01
-9.4234234e+00 8.2136315e-01 8.7463576e-01 9.2491349e-01
-9.4144144e+00 8.1576680e-01 8.6925802e-01 9.1961762e-01
-9.4054054e+00 8.1015929e-01 8.6384116e-01 9.1438423e-01
-9.3963964e+00 8.0443595e-01 8.5832298e-01 9.0905278e-01
-9.3873874e+00 7.9860180e-01 8.5257406e-01 9.0361383e-01
-9.3783784e+00 7.9266952e-01 8.4674193e-01 8.9811404e-01
-9.3693694e+00 7.8680997e-01 8.4084406e-01 8.9240004e-01
-9.3603604e+00 7.8074103e-01 8.3493563e-01 8.8668769e-01
-9.3513514e+00 7.7474335e-01 8.2895438e-01 8.8095716e-01
-9.3423423e+00 7.6864450e-01 8.2287588e-01 8.7499104e-01
-9.3333333e+00 7.6249241e-01 8.1677212e-01 8.6895197e-01
-9.3243243e+00 7.5620630e-01 8.1058912e-01 8.6279023e-01
-9.3153153e+00 7.4981921e-01 8.0432647e-01 8.5657544e-01
-9.3063063e+00 7.4351897e-01 7.9800711e-01 8.5034728e-01
-9.2972973e+00 7.3704846e-01 7.9162436e-01 8.4419471e-01
-9.2882883e+00 7.3053584e-01 7.8510870e-01 8.3784397e-01
-9.2792793e+00 7.2396795e-01 7.7856051e-01 8.3146178e-01
-9.2702703e+00 7.1738714e-01 7.7200458e-01 8.2502455e-01
-9.2612613e+00 7.1080281e-01 7.6538155e-01 8.1862052e-01
-9.2522523e+00 7.0415271e-01 7.5877441e-01 8.1208504e-01
-9.2432432e+00 6.9735881e-01 7.5215793e-01 8.0567610e-01
-9.2342342e+00 6.9058348e-01 7.4547222e-01 7.9910525e-01
-9.2252252e+00 6.8388482e-01 7.3870281e-01 7.9241399e-01
-9.2162162e+00 6.7713217e-01 7.3195613e-01 7.8576245e-01
-9.2072072e+00 6.7030772e-01 7.2512240e-01 7.7916817e-01
-9.1981982e+00 6.6353720e-01 7.1825101e-01 7.7245637e-01
-9.1891892e+00 6.5659760e-01 7.1137367e-01 7.6561884e-01
-9.1801802e+00 6.4963082e-01 7.0449174e-01 7.5875010e-01
-9.1711712e+00 6.4268981e-01 6.9761253e-01 7.5188655e-01
-9.1621622e+00 6.3569911e-01 6.9065500e-01 7.4492098e-01
-9.1531532e+00 6.2885916e-01 6.8371236e-01 7.3808140e-01
-9.1441441e+00 6.2179373e-01 6.7664607e-01 7.3103169e-01
-9.1351351e+00 6.1483561e-01 6.6963045e-01 7.2403219e-01
-9.1261261e+00 6.0787064e-01 6.6258037e-01 7.1693215e-01
-9.1171171e+00 6.0085112e-01 6.5545425e-01 7.0983466e-01
-9.1081081e+00 5.9385954e-01 6.4841334e-01 7.0281168e-01
-9.0990991e+00 5.8693924e-01 6.4142562e-01 6.9584291e-01
-9.0900901e+00 5.7999033e-01 6.3438255e-01 6.8871147e-01
-9.0810811e+00 5.7301090e-01 6.2728836e-01 6.8170965e-01
-9.0720721e+00 5.6598339e-01 6.2021327e-01 6.7465607e-01
-9.0630631e+00 5.5900306e-01 6.1317623e-01 6.6753857e-01
-9.0540541e+00 5.5203185e-01 6.0603797e-01 6.6047224e-01
-9.0450450e+00 5.4508364e-01 5.9890719e-01 6.5336341e-01
-9.0360360e+00 5.3822459e-01 5.9188010e-01 6.4639740e-01
-9.0270270e+00 5.3131324e-01 5.8483007e-01 6.3932589e-01
-9.0180180e+00 5.2450754e-01 5.7779522e-01 6.3231025e-01
-9.0090090e+00 5.1758334e-01 5.7079114e-01 6.2521422e-01
-9.0000000e+00 5.1068071e-01 5.6379848e-01 6.1821474e-01
-8.9909910e+00 5.0390105e-01 5.5681450e-01 6.1121745e-01
-8.9819820e+00 4.9704413e-01 5.4986234e-01 6.0414523e-01
-8.9729730e+00 4.9010112e-01 5.4294673e-01 5.9705681e-01
-8.9639640e+00 4.8337811e-01 5.3599450e-01 5.9002566e-01
-8.9549550e+00 4.7666153e-01 5.2907109e-01 5.8306351e-01
-8.9459459e+00 4.6998808e-01 5.2218549e-01 5.7612904e-01
-8.9369369e+00 4.6338394e-01 5.1527104e-01 5.6917629e-01
-8.9279279e+00 4.5679063e-01 5.0841583e-01 5.6228409e-01
-8.9189189e+00 4.5020141e-01 5.0166242e-01 5.5540300e-01
-8.9099099e+00 4.4362103e-01 4.9488200e-01 5.4838972e-01
-8.9009009e+00 4.3716786e-01 4.8812851e-01 5.4153392e-01
-8.8918919e+00 4.3066208e-01 4.8141519e-01 5.3467860e-01
-8.8828829e+00 4.2426167e-01 4.7467148e-01 5.2790798e-01
-8.8738739e+00 4.1780003e-01 4.6804185e-01 5.2123428e-01
-8.8648649e+00 4.1141057e-01 4.6144472e-01 5.1444756e-01
-8.8558559e+00 4.0507317e-01 4.5483853e-01 5.0771963e-01
-8.8468468e+00 3.9875745e-01 4.4836449e-01 5.0104109e-01
-8.8378378e+00 3.9254932e-01 4.4189529e-01 4.9436596e-01
-8.8288288e+00 3.8641171e-01 4.3540092e-01 4.8784323e-01
-8.8198198e+00 3.8025157e-01 4.2900940e-01 4.8128261e-01
-8.8108108e+00 3.7413006e-01 4.2263721e-01 4.7484148e-01
-8.8018018e+00 3.6802781e-01 4.1630726e-01 4.6828688e-01
-8.7927928e+00 3.6216882e-01 4.1006816e-01 4.6181902e-01
-8.7837838e+00 3.5621444e-01 4.0393477e-01 4.5538819e-01
-8.7747748e+00 3.5027984e-01 3.9769959e-01 4.4901949e-01
-8.7657658e+00 3.4446605e-01 3.9157059e-01 4.4272455e-01
-8.7567568e+00 3.3869912e-01 3.8552676e-01 4.3642280e-01
-8.7477477e+00 3.3298907e-01 3.7955488e-01 4.3019989e-01
-8.7387387e+00 3.2736363e-01 3.7352910e-01 4.2395513e-01
-8.7297297e+00 3.2170423e-01 3.6771395e-01 4.1782014e-01
-8.7207207e+00 3.1623528e-01 3.6182298e-01 4.1180646e-01
-8.7117117e+00 3.1065985e-01 3.5595047e-01 4.0585390e-01
-8.7027027e+00 3.0522697e-01 3.5022479e-01 3.9989375e-01
-8.6936937e+00 2.9976124e-01 3.4456379e-01 3.9398928e-01
-8.6846847e+00 2.9447184e-01 3.3892699e-01 3.8810442e-01
-8.6756757e+00 2.8918335e-01 3.3335522e-01 3.8226675e-01
-8.6666667e+00 2.8400091e-01 3.2784317e-01 3.7651216e-01
-8.6576577e+00 2.7877343e-01 3.2240267e-01 3.7078443e-01
-8.6486486e+00 2.7370707e-01 3.1696743e-01 3.6503171e-01
-8.6396396e+00 2.6865412e-01 3.1163291e-01 3.5950754e-01
-8.6306306e+00 2.6361229e-01 3.0632848e-01 3.5393640e-01
-8.6216216e+00 2.5870155e-01 3.0110141e-01 3.4844706e-01
-8.6126126e+00 2.5391295e-01 2.9595655e-01 3.4297515e-01
-8.6036036e+00 2.4922245e-01 2.9081931e-01 3.3763796e-01
-8.5945946e+00 2.4447581e-01 2.8580590e-01 3.3238179e-01
-8.5855856e+00 2.3985807e-01 2.8087070e-01 3.2715971e-01
-8.5765766e+00 2.3526550e-01 2.7598308e-01 3.2187566e-01
-8.5675676e+00 2.3068693e-01 2.7121764e-01 3.1671790e-01
-8.5585586e+00 2.2620988e-01 2.6638972e-01 3.1162529e-01
-8.5495495e+00 2.2174302e-01 2.6163472e-01 3.0662607e-01
-8.5405405e+00 2.1737812e-01 2.5695792e-01 3.0163262e-01
-8.5315315e+00 2.1307217e-01 2.5230115e-01 2.9669597e-01
-8.5225225e+00 2.0883963e-01 2.4778627e-01 2.9187031e-01
-8.5135135e+00 2.0466233e-01 2.4327767e-01 2.8708120e-01
-8.5045045e+00 2.0053518e-01 2.3887860e-01 2.8234863e-01
-8.4954955e+00 1.9648630e-01 2.3452820e-01 2.7777163e-01
-8.4864865e+00 1.9246498e-01 2.3018967e-01 2.7314878e-01
-8.4774775e+00 1.8850687e-01 2.2586485e-01 2.6858314e-01
-8.4684685e+00 1.8460390e-01 2.2171475e-01 2.6406876e-01
-8.4594595e+00 1.8073750e-01 2.1752005e-01 2.5967936e-01
-8.4504505e+00 1.7693650e-01 2.1342844e-01 2.5527180e-01
-8.4414414e+00 1.7324191e-01 2.0935208e-01 2.5096943e-01
-8.4324324e+00 1.6961021e-01 2.0540598e-01 2.4670886e-01
-8.4234234e+00 1.6608590e-01 2.0156660e-01 2.4254005e-01
-8.4144144e+00 1.6262014e-01 1.9771040e-01 2.3838862e-01
-8.4054054e+00 1.5922132e-01 1.9392247e-01 2.3422715e-01
-8.3963964e+00 1.5577569e-01 1.9017519e-01 2.3020686e-01
-8.3873874e+00 1.5243153e-01 1.8644059e-01 2.2627986e-01
-8.3783784e+00 1.4906843e-01 1.8283402e-01 2.2229595e-01
-8.3693694e+00 1.4585093e-01 1.7924164e-01 2.1841168e-01
-8.3603604e+00 1.4276947e-01 1.7572764e-01 2.1448391e-01
-8.3513514e+00 1.3956496e-01 1.7230203e-01 2.1079499e-01
-8.3423423e+00 1.3648077e-01 1.6892926e-01 2.0710270e-01
-8.3333333e+00 1.3340031e-01 1.6559208e-01 2.0354782e-01
-8.3243243e+00 1.3041919e-01 1.6228293e-01 1.9998379e-01
-8.3153153e+00 1.2747752e-01 1.5901884e-01 1.9647592e-01
-8.3063063e+00 1.2457818e-01 1.5585353e-01 1.9304845e-01
-8.2972973e+00 1.2171365e-01 1.5272429e-01 1.8975190e-01
-8.2882883e+00 1.1892596e-01 1.4969597e-01 1.8647096e-01
-8.2792793e+00 1.1613941e-01 1.4669347e-01 1.8324754e-01
-8.2702703e+00 1.1346758e-01 1.4377364e-01 1.8003167e-01
-8.2612613e+00 1.1085278e-01 1.4091674e-01 1.7695612e-01
-8.2522523e+00 1.0827910e-01 1.3804287e-01 1.7388331e-01
-8.2432432e+00 1.0578972e-01 1.3525189e-01 1.7087940e-01
-8.2342342e+00 1.0328465e-01 1.3248153e-01 1.6793406e-01
-8.2252252e+00 1.0090284e-01 1.2982727e-01 1.6498377e-01
-8.2162162e+00 9.8488137e-02 1.2718825e-01 1.6215662e-01
-8.2072072e+00 9.6153611e-02 1.2461490e-01 1.5926127e-01
-8.1981982e+00 9.3892712e-02 1.2202930e-01 1.5657858e-01
-8.1891892e+00 9.1734732e-02 1.1958276e-01 1.5387656e-01
-8.1801802e+00 8.9564564e-02 1.1711084e-01 1.5126591e-01
-8.1711712e+00 8.7422534e-02 1.1466368e-01 1.4863847e-01
-8.1621622e+00 8.5351069e-02 1.1229476e-01 1.4610090e-01
-8.1531532e+00 8.3268548e-02 1.0998099e-01 1.4362953e-01
-8.1441441e+00 8.1222812e-02 1.0771212e-01 1.4127040e-01
-8.1351351e+00 7.9205731e-02 1.0551634e-01 1.3887859e-01
-8.1261261e+00 7.7288108e-02 1.0332088e-01 1.3653320e-01
-8.1171171e+00 7.5363110e-02 1.0118588e-01 1.3420362e-01
-8.1081081e+00 7.3527237e-02 9.9109087e-02 1.3199508e-01
-8.0990991e+00 7.1717088e-02 9.7070459e-02 1.2983268e-01
-8.0900901e+00 6.9937724e-02 9.5055868e-02 1.2768678e-01
-8.0810811e+00 6.8143371e-02 9.3141556e-02 1.2558904e-01
-8.0720721e+00 6.6462167e-02 9.1217020e-02 1.2344527e-01
-8.0630631e+00 6.4758470e-02 8.9315865e-02 1.2136928e-01
-8.0540541e+00 6.3134397e-02 8.7447535e-02 1.1927586e-01
-8.0450450e+00 6.1504511e-02 8.5667474e-02 1.1727635e-01
-8.0360360e+00 5.9941546e-02 8.3905088e-02 1.1540876e-01
-8.0270270e+00 5.8418987e-02 8.2178768e-02 1.1354195e-01
-8.0180180e+00 5.6900239e-02 8.0515407e-02 1.1172542e-01
-8.0090090e+00 5.5449801e-02 7.8870409e-02 1.0991029e-01
-8.0000000e+00 5.4037671e-02 7.7229254e-02 1.0810039e-01
-7.9909910e+00 5.2635117e-02 7.5614067e-02 1.0642756e-01
-7.9819820e+00 5.1239633e-02 7.4061512e-02 1.0470923e-01
-7.9729730e+00 4.9938773e-02 7.2567349e-02 1.0301524e-01
-7.9639640e+00 4.8630739e-02 7.1052538e-02 1.0140280e-01
-7.9549550e+00 4.7316310e-02 6.9602998e-02 9.9869416e-02
-7.9459459e+00 4.6073660e-02 6.8146290e-02 9.8382661e-02
-7.9369369e+00 4.4877222e-02 6.6743936e-02 9.6807826e-02
-7.9279279e+00 4.3701353e-02 6.5338892e-02 9.5399588e-02
-7.9189189e+00 4.2529333e-02 6.3999665e-02 9.3971908e-02
-7.9099099e+00 4.1416508e-02 6.2701717e-02 9.2641915e-02
-7.9009009e+00 4.0287101e-02 6.1379362e-02 9.1358539e-02
-7.8918919e+00 3.9171199e-02 6.0165644e-02 9.0080159e-02
-7.8828829e+00 3.8132853e-02 5.8941113e-02 8.8753918e-02
-7.8738739e+00 3.7092544e-02 5.7748500e-02 8.7509729e-02
-7.8648649e+00 3.6055466e-02 5.6589336e-02 8.6254874e-02
-7.8558559e+00 3.5040933e-02 5.5443590e-02 8.5080879e-02
-7.8468468e+00 3.4078802e-02 5.4360118e-02 8.3999419e-02
-7.8378378e+00 3.3134902e-02 5.3270417e-02 8.2873847e-02
-7.8288288e+00 3.2205421e-02 5.2200003e-02 8.1768005e-02
-7.8198198e+00 3.1301527e-02 5.1139248e-02 8.0591580e-02
-7.8108108e+00 3.0425310e-02 5.0111918e-02 7.9473623e-02
-7.8018018e+00 2.9575269e-02 4.9124279e-02 7.8399458e-02
-7.7927928e+00 2.8739571e-02 4.8119992e-02 7.7347935e-02
-7.7837838e+00 2.7943771e-02 4.7190043e-02 7.6349948e-02
-7.7747748e+00 2.7134171e-02 4.6270464e-02 7.5362202e-02
-7.7657658e+00 2.6368602e-02 4.5397806e-02 7.4396538e-02
-7.7567568e+00 2.5609689e-02 4.4530174e-02 7.3483385e-02
-7.7477477e+00 2.4865583e-02 4.3688915e-02 7.2573867e-02
-7.7387387e+00 2.4171768e-02 4.2802683e-02 7.1645624e-02
-7.7297297e+00 2.3471484e-02 4.1968880e-02 7.0798908e-02
-7.7207207e+00 2.2784863e-02 4.1160063e-02 6.9938706e-02
-7.7117117e+00 2.2124300e-02 4.0417900e-02 6.9180588e-02
-7.7027027e+00 2.1472270e-02 3.9656070e-02 6.8400702e-02
-7.6936937e+00 2.0814496e-02 3.8890837e-02 6.7623401e-02
-7.6846847e+00 2.0217966e-02 3.8179873e-02 6.6866612e-02
-7.6756757e+00 1.9636283e-02 3.7466162e-02 6.6062688e-02
-7.6666667e+00 1.9024521e-02 3.6785285e-02 6.5285486e-02
-7.6576577e+00 1.8444081e-02 3.6128689e-02 6.4559903e-02
-7.6486486e+00 1.7889047e-02 3.5487520e-02 6.3779501e-02
-7.6396396e+00 1.7351034e-02 3.4863946e-02 6.3051240e-02
-7.6306306e+00 1.6819278e-02 3.4252522e-02 6.2383485e-02
-7.6216216e+00 1.6307681e-02 3.3660493e-02 6.1652823e-02
-7.6126126e+00 1.5803505e-02 3.3079046e-02 6.1040020e-02
-7.6036036e+00 1.5323968e-02 3.2508556e-02 6.0429289e-02
-7.5945946e+00 1.4859836e-02 3.1950446e-02 5.9822666e-02
-7.5855856e+00 1.4393779e-02 3.1410739e-02 5.9262306e-02
-7.5765766e+00 1.3935536e-02 3.0864306e-02 5.8672006e-02
-7.5675676e+00 1.3505939e-02 3.0354211e-02 5.8072291e-02
-7.5585586e+00 1.3081477e-02 2.9877417e-02 5.7469885e-02
-7.5495495e+00 1.2665465e-02 2.9418898e-02 5.6902363e-02
-7.5405405e+00 1.2272082e-02 2.8944467e-02 5.6352304e-02
-7.5315315e+00 1.1882764e-02 2.8503667e-02 5.5796195e-02
-7.5225225e+00 1.1513791e-02 2.8047580e-02 5.5327176e-02
-7.5135135e+00 1.1124821e-02 2.7644987e-02 5.4831931e-02
-7.5045045e+00 1.0779446e-02 2.7239859e-02 5.4306101e-02
-7.4954955e+00 1.0423520e-02 2.6835397e-02 5.3821030e-02
-7.4864865e+00 1.0076217e-02 2.6480472e-02 5.3348773e-02
-7.4774775e+00 9.7612897e-03 2.6118372e-02 5.2851783e-02
-7.4684685e+00 9.4461690e-03 2.5778790e-02 5.2414973e-02
-7.4594595e+00 9.1373359e-03 2.5448133e-02 5.1940672e-02
-7.4504505e+00 8.8346767e-03 2.5107176e-02 5.1493818e-02
-7.4414414e+00 8.5473229e-03 2.4780545e-02 5.1081045e-02
-7.4324324e+00 8.2670636e-03 2.4474838e-02 5.0714192e-02
-7.4234234e+00 8.0078187e-03 2.4150244e-02 5.0247141e-02
-7.4144144e+00 7.7571641e-03 2.3851093e-02 4.9861131e-02
-7.4054054e+00 7.4903953e-03 2.3558177e-02 4.9441843e-02
-7.3963964e+00 7.2309938e-03 2.3250162e-02 4.9015136e-02
-7.3873874e+00 6.9867045e-03 2.2948911e-02 4.8691486e-02
-7.3783784e+00 6.7432726e-03 2.2655622e-02 4.8279523e-02
-7.3693694e+00 6.5188362e-03 2.2374250e-02 4.7932450e-02
-7.3603604e+00 6.2948679e-03 2.2138294e-02 4.7541725e-02
-7.3513514e+00 6.0830297e-03 2.1868477e-02 4.7195271e-02
-7.3423423e+00 5.8677185e-03 2.1614395e-02 4.6870059e-02
-7.3333333e+00 5.6731705e-03 2.1383090e-02 4.6569224e-02
-7.3243243e+00 5.4874128e-03 2.1107120e-02 4.6311669e-02
-7.3153153e+00 5.2871423e-03 2.0848829e-02 4.6061047e-02
-7.3063063e+00 5.1115737e-03 2.0602299e-02 4.5769805e-02
-7.2972973e+00 4.9355418e-03 2.0338919e-02 4.5460996e-02
-7.2882883e+00 4.7641235e-03 2.0065083e-02 4.5221969e-02
-7.2792793e+00 4.5946012e-03 1.9837273e-02 4.4958215e-02
-7.2702703e+00 4.4337062e-03 1.9636331e-02 4.4691315e-02
-7.2612613e+00 4.2785622e-03 1.9388135e-02 4.4438030e-02
-7.2522523e+00 4.1266483e-03 1.9159141e-02 4.4191937e-02
-7.2432432e+00 3.9746223e-03 1.8925188e-02 4.3986929e-02
-7.2342342e+00 3.8264934e-03 1.8719792e-02 4.3763965e-02
-7.2252252e+00 3.6898033e-03 1.8491705e-02 4.3601770e-02
-7.2162162e+00 3.5621837e-03 1.8253770e-02 4.3380546e-02
-7.2072072e+00 3.4368517e-03 1.8032844e-02 4.3201605e-02
-7.1981982e+00 3.3061273e-03 1.7839760e-02 4.3017485e-02
-7.1891892e+00 3.1829996e-03 1.7646395e-02 4.2787313e-02
-7.1801802e+00 3.0590230e-03 1.7448690e-02 4.2535199e-02
-7.1711712e+00 2.9441589e-03 1.7247209e-02 4.2315350e-02
-7.1621622e+00 2.8297886e-03 1.7038802e-02 4.2106524e-02
-7.1531532e+00 2.7260003e-03 1.6860275e-02 4.1905076e-02
-7.1441441e+00 2.6221805e-03 1.6659640e-02 4.1729346e-02
-7.1351351e+00 2.5186309e-03 1.6448289e-02 4.1534789e-02
-7.1261261e+00 2.4288346e-03 1.6270008e-02 4.1327886e-02
-7.1171171e+00 2.3325040e-03 1.6092283e-02 4.1146513e-02
-7.1081081e+00 2.2442298e-03 1.5899719e-02 4.0987203e-02
-7.0990991e+00 2.1579056e-03 1.5689613e-02 4.0751862e-02
-7.0900901e+00 2.0762730e-03 1.5513159e-02 4.0571928e-02
-7.0810811e+00 1.9964333e-03 1.5306009e-02 4.0285388e-02
-7.0720721e+00 1.9175945e-03 1.5133298e-02 4.0159557e-02
-7.0630631e+00 1.8419639e-03 1.4981081e-02 3.9931671e-02
-7.0540541e+00 1.7684139e-03 1.4815042e-02 3.9706609e-02
-7.0450450e+00 1.6961956e-03 1.4660624e-02 3.9467702e-02
-7.0360360e+00 1.6277989e-03 1.4507235e-02 3.9300587e-02
-7.0270270e+00 1.5600315e-03 1.4334125e-02 3.9130225e-02
-7.0180180e+00 1.4956041e-03 1.4182289e-02 3.8958109e-02
-7.0090090e+00 1.4347808e-03 1.4036489e-02 3.8725666e-02
-7.0000000e+00 1.3745833e-03 1.3849236e-02 3.8585592e-02
-6.9909910e+00 1.3194473e-03 1.3664318e-02 3.8406761e-02
-6.9819820e+00 1.2631641e-03 1.3489233e-02 3.8257720e-02
-6.9729730e+00 1.2118912e-03 1.3339406e-02 3.8139890e-02
-6.9639640e+00 1.1619530e-03 1.3180565e-02 3.8001738e-02
-6.9549550e+00 1.1123814e-03 1.3029269e-02 3.7860046e-02
-6.9459459e+00 1.0643546e-03 1.2876068e-02 3.7650904e-02
-6.9369369e+00 1.0197790e-03 1.2718680e-02 3.7445059e-02
-6.9279279e+00 9.7579071e-04 1.2598108e-02 3.7311995e-02
-6.9189189e+00 9.3267308e-04 1.2434765e-02 3.7083035e-02
-6.9099099e+00 8.9246714e-04 1.2295415e-02 3.6848659e-02
-6.9009009e+00 8.5282609e-04 1.2130373e-02 3.6653649e-02
-6.8918919e+00 8.1597305e-04 1.1977667e-02 3.6589653e-02
-6.8828829e+00 7.7913092e-04 1.1837502e-02 3.6416323e-02
-6.8738739e+00 7.4575794e-04 1.1692543e-02 3.6228520e-02
-6.8648649e+00 7.1134184e-04 1.1535700e-02 3.6036492e-02
-6.8558559e+00 6.7968142e-04 1.1388679e-02 3.5930019e-02
-6.8468468e+00 6.4861089e-04 1.1255431e-02 3.5824632e-02
-6.8378378e+00 6.1917455e-04 1.1092844e-02 3.5602196e-02
-6.8288288e+00 5.9074943e-04 1.0932711e-02 3.5366997e-02
-6.8198198e+00 5.6378427e-04 1.0779024e-02 3.5179954e-02
-6.8108108e+00 5.3717245e-04 1.0617206e-02 3.5004794e-02
-6.8018018e+00 5.1191043e-04 1.0491547e-02 3.4892583e-02
-6.7927928e+00 4.8794967e-04 1.0340400e-02 3.4712709e-02
-6.7837838e+00 4.6554788e-04 1.0198487e-02 3.4561296e-02
-6.7747748e+00 4.4348877e-04 1.0062856e-02 3.4356486e-02
-6.7657658e+00 4.2238305e-04 9.9290481e-03 3.4225661e-02
-6.7567568e+00 4.0291670e-04 9.8114615e-03 3.4029909e-02
-6.7477477e+00 3.8413594e-04 9.6987652e-03 3.3804986e-02
-6.7387387e+00 3.6596954e-04 9.5556501e-03 3.3554307e-02
-6.7297297e+00 3.4806682e-04 9.4360065e-03 3.3343809e-02
-6.7207207e+00 3.3135984e-04 9.2853995e-03 3.3164959e-02
-6.7117117e+00 3.1572349e-04 9.1429406e-03 3.2960252e-02
-6.7027027e+00 3.0090427e-04 9.0081537e-03 3.2824948e-02
-6.6936937e+00 2.8644520e-04 8.8872944e-03 3.2648037e-02
-6.6846847e+00 2.7275525e-04 8.7765007e-03 3.2506031e-02
-6.6756757e+00 2.5971552e-04 8.6374340e-03 3.2302612e-02
-6.6666667e+00 2.4732162e-04 8.5014558e-03 3.2088269e-02
-6.6576577e+00 2.3511262e-04 8.3771033e-03 3.1945019e-02
-6.6486486e+00 2.2377096e-04 8.2344994e-03 3.1771149e-02
-6.6396396e+00 2.1261828e-04 8.0983340e-03 3.1565662e-02
-6.6306306e+00 2.0202546e-04 7.9484236e-03 3.1354469e-02
-6.6216216e+00 1.9184125e-04 7.8215120e-03 3.1167722e-02
-6.6126126e+00 1.8258038e-04 7.6785211e-03 3.1025823e-02
-6.6036036e+00 1.7336357e-04 7.5476872e-03 3.0775980e-02
-6.5945946e+00 1.6467370e-04 7.4102780e-03 3.0594642e-02
-6.5855856e+00 1.5647320e-04 7.2736588e-03 3.0440083e-02
-6.5765766e+00 1.4863850e-04 7.1293857e-03 3.0175393e-02
-6.5675676e+00 1.4119033e-04 6.9949625e-03 2.9976439e-02
-6.5585586e+00 1.3394673e-04 6.8595777e-03 2.9815326e-02
-6.5495495e+00 1.2708607e-04 6.7182467e-03 2.9637567e-02
-6.5405405e+00 1.2048469e-04 6.6040673e-03 2.9470564e-02
-6.5315315e+00 1.1432119e-04 6.4755985e-03 2.9286954e-02
-6.5225225e+00 1.0846041e-04 6.3466237e-03 2.9082338e-02
-6.5135135e+00 1.0279838e-04 6.2061938e-03 2.8837586e-02
-6.5045045e+00 9.7458925e-05 6.0617306e-03 2.8648915e-02
-6.4954955e+00 9.2265055e-05 5.9141840e-03 2.8382645e-02
-6.4864865e+00 8.7377853e-05 5.7923614e-03 2.8199466e-02
-6.4774775e+00 8.2705828e-05 5.6528649e-03 2.7990740e-02
-6.4684685e+00 7.8287279e-05 5.5119574e-03 2.7781894e-02
-6.4594595e+00 7.4162377e-05 5.3806333e-03 2.7644958e-02
-6.4504505e+00 7.0170663e-05 5.2479364e-03 2.7409326e-02
-6.4414414e+00 6.6381995e-05 5.1282599e-03 2.7173102e-02
-6.4324324e+00 6.2830191e-05 5.0068129e-03 2.6977611e-02
-6.4234234e+00 5.9408108e-05 4.8806467e-03 2.6784315e-02
-6.4144144e+00 5.6175403e-05 4.7675896e-03 2.6585967e-02
-6.4054054e+00 5.3099859e-05 4.6410834e-03 2.6312928e-02
-6.3963964e+00 5.0167496e-05 4.5239850e-03 2.6147142e-02
-6.3873874e+00 4.7396236e-05 4.3997601e-03 2.5963429e-02
-6.3783784e+00 4.4773734e-05 4.2839201e-03 2.5795456e-02
-6.3693694e+00 4.2305909e-05 4.1700054e-03 2.5575631e-02
-6.3603604e+00 3.9935126e-05 4.0613261e-03 2.5394543e-02
-6.3513514e+00 3.7715370e-05 3.9473427e-03 2.5220497e-02
-6.3423423e+00 3.5605108e-05 3.8402430e-03 2.5092500e-02
-6.3333333e+00 3.3600916e-05 3.7314352e-03 2.4925322e-02
-6.3243243e+00 3.1749903e-05 3.6272690e-03 2.4717560e-02
-6.3153153e+00 2.9957136e-05 3.5249847e-03 2.4480535e-02
-6.3063063e+00 2.8253440e-05 3.4266068e-03 2.4262520e-02
-6.2972973e+00 2.6640169e-05 3.3318250e-03 2.4048312e-02
-6.2882883e+00 2.5117151e-05 3.2324122e-03 2.3885564e-02
-6.2792793e+00 2.3689906e-05 3.1431576e-03 2.3613484e-02
-6.2702703e+00 2.2334452e-05 3.0554823e-03 2.3404541e-02
-6.2612613e+00 2.1037889e-05 2.9666480e-03 2.3206253e-02
-6.2522523e+00 1.9795677e-05 2.8854876e-03 2.3040433e-02
-6.2432432e+00 1.8655834e-05 2.8019648e-03 2.2834867e-02
-6.2342342e+00 1.7557622e-05 2.7273900e-03 2.2693195e-02
-6.2252252e+00 1.6528385e-05 2.6463858e-03 2.2480449e-02
-6.2162162e+00 1.5562951e-05 2.5664786e-03 2.2279934e-02
-6.2072072e+00 1.4642842e-05 2.4861589e-03 2.2104614e-02
-6.1981982e+00 1.3790609e-05 2.4076853e-03 2.1948194e-02
-6.1891892e+00 1.2973313e-05 2.3381164e-03 2.1771532e-02
-6.1801802e+00 1.2208034e-05 2.2635848e-03 2.1636568e-02
-6.1711712e+00 1.1489994e-05 2.1913045e-03 2.1499898e-02
-6.1621622e+00 1.0813576e-05 2.1251002e-03 2.1417005e-02
-6.1531532e+00 1.0169208e-05 2.0604346e-03 2.1336840e-02
-6.1441441e+00 9.5550569e-06 1.9937492e-03 2.1255582e-02
-6.1351351e+00 8.9814470e-06 1.9239083e-03 2.1238541e-02
-6.1261261e+00 8.4422065e-06 1.8579121e-03 2.1226758e-02
-6.1171171e+00 7.9270619e-06 1.7973885e-03 2.1211254e-02
-6.1081081e+00 7.4519887e-06 1.7372279e-03 2.1192588e-02
-6.0990991e+00 6.9919664e-06 1.6763797e-03 2.1153693e-02
-6.0900901e+00 6.5631030e-06 1.6211906e-03 2.1121057e-02
-6.0810811e+00 6.1569139e-06 1.5696048e-03 2.1068082e-02
-6.0720721e+00 5.7833802e-06 1.5180633e-03 2.1036200e-02
-6.0630631e+00 5.4304765e-06 1.4631163e-03 2.0997945e-02
-6.0540541e+00 5.0974453e-06 1.4126335e-03 2.0965063e-02
-6.0450450e+00 4.7817280e-06 1.3643395e-03 2.0909250e-02
-6.0360360e+00 4.4872984e-06 1.3162740e-03 2.0867006e-02
-6.0270270e+00 4.2064425e-06 1.2679821e-03 2.0806320e-02
-6.0180180e+00 3.9419683e-06 1.2248630e-03 2.0738693e-02
-6.0090090e+00 3.6948326e-06 1.1797490e-03 2.0671905e-02
-6.0000000e+00 3.4645678e-06 1.1360752e-03 2.0621286e-02
-5.9909910e+00 3.2494433e-06 1.0951799e-03 2.0574016e-02
-5.9819820e+00 3.0445910e-06 1.0547435e-03 2.0498779e-02
-5.9729730e+00 2.8526089e-06 1.0154188e-03 2.0424040e-02
-5.9639640e+00 2.6743665e-06 9.7812958e-04 2.0357416e-02
-5.9549550e+00 2.5062679e-06 9.4048411e-04 2.0286251e-02
-5.9459459e+00 2.3463034e-06 9.0599152e-04 2.0208235e-02
-5.9369369e+00 2.1973682e-06 8.7122431e-04 2.0113429e-02
-5.9279279e+00 2.0591355e-06 8.3890746e-04 2.0001901e-02
-5.9189189e+00 1.9226003e-06 8.0736110e-04 1.9887267e-02
-5.9099099e+00 1.7982482e-06 7.7523753e-04 1.9782954e-02
-5.9009009e+00 1.6814524e-06 7.4429572e-04 1.9687434e-02
-5.8918919e+00 1.5721601e-06 7.1654898e-04 1.9593958e-02
-5.8828829e+00 1.4694697e-06 6.8818951e-04 1.9472555e-02
-5.8738739e+00 1.3735994e-06 6.6250738e-04 1.9339769e-02
-5.8648649e+00 1.2837419e-06 6.3557792e-04 1.9212420e-02
-5.8558559e+00 1.1997869e-06 6.1013516e-04 1.9102665e-02
-5.8468468e+00 1.1211244e-06 5.8592675e-04 1.8988536e-02
-5.8378378e+00 1.0461359e-06 5.6147476e-04 1.8851620e-02
-5.8288288e+00 9.7633859e-07 5.3876321e-04 1.8715193e-02
-5.8198198e+00 9.1067519e-07 5.1648721e-04 1.8544180e-02
-5.8108108e+00 8.5000762e-07 4.9580119e-04 1.8390732e-02
-5.8018018e+00 7.9339803e-07 4.7516482e-04 1.8250762e-02
-5.7927928e+00 7.3996436e-07 4.5593516e-04 1.8097460e-02
-5.7837838e+00 6.8893123e-07 4.3731955e-04 1.7902069e-02
-5.7747748e+00 6.4281243e-07 4.1942758e-04 1.7745141e-02
-5.7657658e+00 5.9991627e-07 4.0255799e-04 1.7602851e-02
-5.7567568e+00 5.5959786e-07 3.8692816e-04 1.7467061e-02
-5.7477477e+00 5.2203102e-07 3.7043923e-04 1.7285469e-02
-5.7387387e+00 4.8663433e-07 3.5445844e-04 1.7128806e-02
-5.7297297e+00 4.5326583e-07 3.3932104e-04 1.6910659e-02
-5.7207207e+00 4.2233245e-07 3.2478738e-04 1.6699778e-02
-5.7117117e+00 3.9296666e-07 3.1039525e-04 1.6507589e-02
-5.7027027e+00 3.6606460e-07 2.9668172e-04 1.6334144e-02
-5.6936937e+00 3.4093955e-07 2.8464731e-04 1.6202219e-02
-5.6846847e+00 3.1701912e-07 2.7250258e-04 1.6020788e-02
-5.6756757e+00 2.9530544e-07 2.6080038e-04 1.5804410e-02
-5.6666667e+00 2.7453455e-07 2.4934083e-04 1.5598140e-02
-5.6576577e+00 2.5502436e-07 2.3819534e-04 1.5375535e-02
-5.6486486e+00 2.3715400e-07 2.2766817e-04 1.5128516e-02
-5.6396396e+00 2.2074655e-07 2.1737974e-04 1.4947037e-02
-5.6306306e+00 2.0495042e-07 2.0767227e-04 1.4744294e-02
-5.6216216e+00 1.9059894e-07 1.9850513e-04 1.4530178e-02
-5.6126126e+00 1.7713501e-07 1.8924424e-04 1.4317410e-02
-5.6036036e+00 1.6452997e-07 1.8075139e-04 1.4107794e-02
-5.5945946e+00 1.5287886e-07 1.7262678e-04 1.3881558e-02
-5.5855856e+00 1.4214191e-07 1.6448740e-04 1.3686446e-02
-5.5765766e+00 1.3206774e-07 1.5679095e-04 1.3495379e-02
-5.5675676e+00 1.2260283e-07 1.4960836e-04 1.3291187e-02
-5.5585586e+00 1.1381700e-07 1.4243028e-04 1.3095749e-02
-5.5495495e+00 1.0571980e-07 1.3588099e-04 1.2878931e-02
-5.5405405e+00 9.8055722e-08 1.2928696e-04 1.2687840e-02
-5.5315315e+00 9.0825804e-08 1.2313082e-04 1.2473456e-02
-5.5225225e+00 8.4156209e-08 1.1726030e-04 1.2294832e-02
-5.5135135e+00 7.7994878e-08 1.1144387e-04 1.2087021e-02
-5.5045045e+00 7.2380539e-08 1.0594901e-04 1.1910419e-02
-5.4954955e+00 6.7146273e-08 1.0110791e-04 1.1720948e-02
-5.4864865e+00 6.2327293e-08 9.6176992e-05 1.1535588e-02
-5.4774775e+00 5.7726229e-08 9.1389826e-05 1.1317817e-02
-5.4684685e+00 5.3496323e-08 8.6845820e-05 1.1119783e-02
-5.4594595e+00 4.9531321e-08 8.2633708e-05 1.0924804e-02
-5.4504505e+00 4.5887085e-08 7.8541242e-05 1.0736218e-02
-5.4414414e+00 4.2443751e-08 7.4584444e-05 1.0562082e-02
-5.4324324e+00 3.9245718e-08 7.0831315e-05 1.0353617e-02
-5.4234234e+00 3.6278195e-08 6.7279348e-05 1.0176540e-02
-5.4144144e+00 3.3510703e-08 6.3871797e-05 9.9887550e-03
-5.4054054e+00 3.0986263e-08 6.0660558e-05 9.8106634e-03
-5.3963964e+00 2.8655688e-08 5.7502244e-05 9.6108661e-03
-5.3873874e+00 2.6491417e-08 5.4619139e-05 9.3973139e-03
-5.3783784e+00 2.4488371e-08 5.1821710e-05 9.1982243e-03
-5.3693694e+00 2.2637967e-08 4.9141903e-05 9.0053483e-03
-5.3603604e+00 2.0917586e-08 4.6613312e-05 8.8109767e-03
-5.3513514e+00 1.9324016e-08 4.4263431e-05 8.6309605e-03
-5.3423423e+00 1.7833605e-08 4.2041146e-05 8.4442856e-03
-5.3333333e+00 1.6464071e-08 3.9941010e-05 8.2785031e-03
-5.3243243e+00 1.5192155e-08 3.7898504e-05 8.1038476e-03
-5.3153153e+00 1.4018413e-08 3.5890122e-05 7.9383053e-03
-5.3063063e+00 1.2934091e-08 3.4049499e-05 7.7594497e-03
-5.2972973e+00 1.1929345e-08 3.2291444e-05 7.5779504e-03
-5.2882883e+00 1.0987392e-08 3.0575213e-05 7.3895611e-03
-5.2792793e+00 1.0143182e-08 2.8905633e-05 7.2207411e-03
-5.2702703e+00 9.3414078e-09 2.7341793e-05 7.0582703e-03
-5.2612613e+00 8.6224862e-09 2.5843431e-05 6.9015325e-03
-5.2522523e+00 7.9491857e-09 2.4433975e-05 6.7330217e-03
-5.2432432e+00 7.3292256e-09 2.3098069e-05 6.5556860e-03
-5.2342342e+00 6.7450657e-09 2.1848688e-05 6.3986778e-03
-5.2252252e+00 6.2098845e-09 2.0659102e-05 6.2533973e-03
-5.2162162e+00 5.7202180e-09 1.9555174e-05 6.0805070e-03
-5.2072072e+00 5.2659740e-09 1.8518599e-05 5.9260728e-03
-5.1981982e+00 4.8489187e-09 1.7535787e-05 5.7825029e-03
-5.1891892e+00 4.4632665e-09 1.6576769e-05 5.6409481e-03
-5.1801802e+00 4.1071821e-09 1.5644015e-05 5.4992068e-03
-5.1711712e+00 3.7774739e-09 1.4756335e-05 5.3700180e-03
-5.1621622e+00 3.4734948e-09 1.3936262e-05 5.2266758e-03
-5.1531532e+00 3.1930304e-09 1.3129813e-05 5.0957082e-03
-5.1441441e+00 2.9348196e-09 1.2407849e-05 4.9695428e-03
-5.1351351e+00 2.6972823e-09 1.1717897e-05 4.8454769e-03
-5.1261261e+00 2.4794395e-09 1.1042711e-05 4.7203283e-03
-5.1171171e+00 2.2780385e-09 1.0433565e-05 4.5969923e-03
-5.1081081e+00 2.0926367e-09 9.8578576e-06 4.4672154e-03
-5.0990991e+00 1.9224662e-09 9.3050565e-06 4.3647333e-03
-5.0900901e+00 1.7649023e-09 8.7557441e-06 4.2327613e-03
-5.0810811e+00 1.6207682e-09 8.2629797e-06 4.1128460e-03
-5.0720721e+00 1.4872485e-09 7.7812464e-06 4.0044055e-03
-5.0630631e+00 1.3642224e-09 7.3331163e-06 3.9044999e-03
-5.0540541e+00 1.2526898e-09 6.9131509e-06 3.7980556e-03
-5.0450450e+00 1.1491817e-09 6.5144424e-06 3.6895270e-03
-5.0360360e+00 1.0541144e-09 6.1325197e-06 3.5878002e-03
-5.0270270e+00 9.6646893e-10 5.7711157e-06 3.4795429e-03
-5.0180180e+00 8.8678194e-10 5.4306013e-06 3.3762472e-03
-5.0090090e+00 8.1222829e-10 5.1086208e-06 3.2810566e-03
-5.0000000e+00 7.4425087e-10 4.8025505e-06 3.1870679e-03
