X KDE_INF KDE_MED KDE_SUP
5.0000000e+00 4.1326035e-11 3.1940363e-09 7.0617013e-09
5.0240240e+00 4.6076642e-11 3.5180380e-09 7.7747069e-09
5.0480480e+00 5.1387327e-11 3.8737435e-09 8.5574934e-09
5.0720721e+00 5.7295737e-11 4.2640731e-09 9.4162438e-09
5.0960961e+00 6.3853898e-11 4.6925243e-09 1.0358081e-08
5.1201201e+00 7.1144341e-11 5.1629501e-09 1.1390430e-08
5.1441441e+00 7.9246827e-11 5.6784684e-09 1.2523727e-08
5.1681682e+00 8.8262031e-11 6.2445867e-09 1.3763851e-08
5.1921922e+00 9.8249324e-11 6.8660988e-09 1.5124936e-08
5.2162162e+00 1.0932381e-10 7.5461070e-09 1.6616371e-08
5.2402402e+00 1.2161961e-10 8.2919718e-09 1.8254045e-08
5.2642643e+00 1.3526777e-10 9.1084842e-09 2.0037837e-08
5.2882883e+00 1.5045579e-10 1.0001788e-08 2.1992633e-08
5.3123123e+00 1.6725113e-10 1.0979829e-08 2.4136829e-08
5.3363363e+00 1.8590950e-10 1.2049633e-08 2.6479963e-08
5.3603604e+00 2.0661616e-10 1.3220558e-08 2.9040680e-08
5.3843844e+00 2.2948595e-10 1.4501141e-08 3.1842091e-08
5.4084084e+00 2.5484167e-10 1.5901145e-08 3.4901226e-08
5.4324324e+00 2.8289377e-10 1.7435828e-08 3.8248336e-08
5.4564565e+00 3.1425974e-10 1.9112038e-08 4.1902790e-08
5.4804805e+00 3.4875535e-10 2.0941766e-08 4.5891113e-08
5.5045045e+00 3.8684611e-10 2.2938374e-08 5.0245069e-08
5.5285285e+00 4.2883546e-10 2.5121664e-08 5.5006253e-08
5.5525526e+00 4.7522270e-10 2.7503754e-08 6.0179733e-08
5.5765766e+00 5.2683885e-10 3.0096249e-08 6.5862432e-08
5.6006006e+00 5.8389342e-10 3.2926863e-08 7.2041176e-08
5.6246246e+00 6.4681374e-10 3.6012918e-08 7.8793921e-08
5.6486486e+00 7.1634457e-10 3.9377045e-08 8.6126180e-08
5.6726727e+00 7.9349046e-10 4.3050396e-08 9.4129760e-08
5.6966967e+00 8.7873606e-10 4.7054419e-08 1.0281460e-07
5.7207207e+00 9.7262856e-10 5.1422924e-08 1.1232213e-07
5.7447447e+00 1.0763341e-09 5.6176167e-08 1.2265067e-07
5.7687688e+00 1.1901666e-09 6.1353626e-08 1.3387814e-07
5.7927928e+00 1.3159997e-09 6.6971199e-08 1.4608593e-07
5.8168168e+00 1.4543478e-09 7.3103885e-08 1.5935886e-07
5.8408408e+00 1.6069133e-09 7.9762950e-08 1.7379777e-07
5.8648649e+00 1.7750274e-09 8.6996854e-08 1.8950948e-07
5.8888889e+00 1.9611342e-09 9.4872584e-08 2.0659017e-07
5.9129129e+00 2.1641760e-09 1.0343527e-07 2.2513579e-07
5.9369369e+00 2.3877844e-09 1.1277504e-07 2.4529428e-07
5.9609610e+00 2.6352190e-09 1.2287496e-07 2.6718654e-07
5.9849850e+00 2.9068365e-09 1.3385792e-07 2.9091575e-07
6.0090090e+00 3.2063544e-09 1.4576490e-07 3.1667567e-07
6.0330330e+00 3.5348556e-09 1.5868921e-07 3.4465110e-07
6.0570571e+00 3.8965586e-09 1.7270493e-07 3.7496177e-07
6.0810811e+00 4.2917051e-09 1.8791484e-07 4.0784339e-07
6.1051051e+00 4.7274549e-09 2.0437541e-07 4.4347157e-07
6.1291291e+00 5.2074414e-09 2.2225547e-07 4.8211221e-07
6.1531532e+00 5.7330172e-09 2.4162998e-07 5.2383153e-07
6.1771772e+00 6.3098466e-09 2.6264296e-07 5.6911823e-07
6.2012012e+00 6.9421958e-09 2.8537205e-07 6.1823010e-07
6.2252252e+00 7.6386493e-09 3.1000017e-07 6.7133853e-07
6.2492492e+00 8.3993939e-09 3.3669824e-07 7.2880030e-07
6.2732733e+00 9.2357031e-09 3.6559162e-07 7.9091296e-07
6.2972973e+00 1.0151182e-08 3.9690279e-07 8.5806678e-07
6.3213213e+00 1.1150536e-08 4.3072158e-07 9.3080015e-07
6.3453453e+00 1.2243538e-08 4.6729875e-07 1.0091484e-06
6.3693694e+00 1.3444259e-08 5.0679222e-07 1.0939984e-06
6.3933934e+00 1.4757447e-08 5.4938303e-07 1.1857601e-06
6.4174174e+00 1.6204702e-08 5.9546860e-07 1.2849822e-06
6.4414414e+00 1.7783936e-08 6.4540540e-07 1.3918272e-06
6.4654655e+00 1.9506641e-08 6.9931181e-07 1.5068999e-06
6.4894895e+00 2.1395782e-08 7.5736360e-07 1.6309400e-06
6.5135135e+00 2.3453463e-08 8.2029072e-07 1.7651484e-06
6.5375375e+00 2.5709220e-08 8.8775384e-07 1.9097901e-06
6.5615616e+00 2.8176017e-08 9.6085504e-07 2.0659278e-06
6.5855856e+00 3.0875095e-08 1.0394485e-06 2.2339530e-06
6.6096096e+00 3.3836895e-08 1.1242265e-06 2.4150898e-06
6.6336336e+00 3.7060403e-08 1.2155121e-06 2.6101908e-06
6.6576577e+00 4.0579057e-08 1.3139495e-06 2.8203622e-06
6.6816817e+00 4.4426384e-08 1.4202618e-06 3.0467469e-06
6.7057057e+00 4.8601522e-08 1.5342253e-06 3.2897619e-06
6.7297297e+00 5.3099537e-08 1.6573249e-06 3.5522042e-06
6.7537538e+00 5.8051646e-08 1.7896301e-06 3.8341743e-06
6.7777778e+00 6.3424359e-08 1.9319968e-06 4.1368473e-06
6.8018018e+00 6.9308398e-08 2.0849240e-06 4.4622133e-06
6.8258258e+00 7.5761206e-08 2.2497704e-06 4.8108675e-06
6.8498498e+00 8.2719025e-08 2.4269472e-06 5.1860198e-06
6.8738739e+00 9.0326992e-08 2.6169179e-06 5.5885900e-06
6.8978979e+00 9.8654521e-08 2.8213880e-06 6.0214780e-06
6.9219219e+00 1.0761409e-07 3.0405645e-06 6.4884445e-06
6.9459459e+00 1.1742390e-07 3.2763912e-06 6.9866042e-06
6.9699700e+00 1.2808363e-07 3.5294002e-06 7.5233703e-06
6.9939940e+00 1.3968830e-07 3.8001503e-06 8.0968930e-06
7.0180180e+00 1.5231560e-07 4.0907091e-06 8.7111746e-06
7.0420420e+00 1.6598838e-07 4.4034178e-06 9.3682455e-06
7.0660661e+00 1.8093833e-07 4.7381410e-06 1.0075457e-05
7.0900901e+00 1.9710197e-07 5.0967592e-06 1.0830941e-05
7.1141141e+00 2.1459255e-07 5.4794423e-06 1.1639097e-05
7.1381381e+00 2.3358165e-07 5.8910191e-06 1.2506667e-05
7.1621622e+00 2.5431045e-07 6.3327160e-06 1.3435449e-05
7.1861862e+00 2.7678937e-07 6.8048765e-06 1.4429124e-05
7.2102102e+00 3.0097331e-07 7.3110854e-06 1.5492133e-05
7.2342342e+00 3.2716536e-07 7.8513030e-06 1.6627693e-05
7.2582583e+00 3.5582167e-07 8.4303105e-06 1.7841568e-05
7.2822823e+00 3.8676149e-07 9.0501641e-06 1.9140363e-05
7.3063063e+00 4.2046126e-07 9.7103352e-06 2.0528046e-05
7.3303303e+00 4.5691553e-07 1.0416728e-05 2.2005275e-05
7.3543544e+00 4.9639726e-07 1.1172591e-05 2.3581369e-05
7.3783784e+00 5.3871954e-07 1.1981318e-05 2.5267922e-05
7.4024024e+00 5.8483934e-07 1.2839917e-05 2.7080695e-05
7.4264264e+00 6.3409989e-07 1.3756942e-05 2.8997626e-05
7.4504505e+00 6.8789436e-07 1.4736447e-05 3.1051970e-05
7.4744745e+00 7.4664329e-07 1.5782826e-05 3.3240680e-05
7.4984985e+00 8.0948011e-07 1.6898411e-05 3.5561673e-05
7.5225225e+00 8.7695097e-07 1.8089234e-05 3.8057470e-05
7.5465465e+00 9.5033859e-07 1.9361917e-05 4.0719415e-05
7.5705706e+00 1.0292823e-06 2.0716356e-05 4.3550372e-05
7.5945946e+00 1.1141634e-06 2.2159582e-05 4.6542797e-05
7.6186186e+00 1.2062599e-06 2.3692575e-05 4.9754193e-05
7.6426426e+00 1.3062575e-06 2.5320022e-05 5.3149498e-05
7.6666667e+00 1.4128219e-06 2.7059313e-05 5.6773931e-05
7.6906907e+00 1.5281873e-06 2.8907447e-05 6.0617604e-05
7.7147147e+00 1.6531764e-06 3.0873701e-05 6.4680896e-05
7.7387387e+00 1.7869195e-06 3.2970126e-05 6.9011089e-05
7.7627628e+00 1.9319799e-06 3.5200866e-05 7.3618541e-05
7.7867868e+00 2.0882732e-06 3.7576702e-05 7.8509596e-05
7.8108108e+00 2.2558832e-06 4.0086584e-05 8.3708987e-05
7.8348348e+00 2.4363435e-06 4.2750061e-05 8.9227231e-05
7.8588589e+00 2.6307305e-06 4.5595589e-05 9.5100205e-05
7.8828829e+00 2.8401694e-06 4.8611657e-05 1.0132449e-04
7.9069069e+00 3.0651468e-06 5.1820255e-05 1.0794490e-04
7.9309309e+00 3.3056860e-06 5.5206040e-05 1.1494782e-04
7.9549550e+00 3.5647314e-06 5.8798664e-05 1.2234142e-04
7.9789790e+00 3.8423415e-06 6.2622298e-05 1.3018620e-04
8.0030030e+00 4.1414039e-06 6.6678185e-05 1.3850285e-04
8.0270270e+00 4.4633485e-06 7.0973227e-05 1.4731901e-04
8.0510511e+00 4.8107338e-06 7.5516670e-05 1.5664123e-04
8.0750751e+00 5.1788361e-06 8.0321342e-05 1.6655308e-04
8.0990991e+00 5.5777246e-06 8.5434627e-05 1.7701058e-04
8.1231231e+00 6.0100919e-06 9.0848535e-05 1.8808247e-04
8.1471471e+00 6.4701094e-06 9.6548401e-05 1.9971665e-04
8.1711712e+00 6.9552206e-06 1.0261150e-04 2.1203274e-04
8.1951952e+00 7.4900124e-06 1.0903363e-04 2.2516498e-04
8.2192192e+00 8.0548604e-06 1.1582984e-04 2.3902401e-04
8.2432432e+00 8.6609019e-06 1.2298584e-04 2.5361301e-04
8.2672673e+00 9.3120618e-06 1.3053000e-04 2.6901431e-04
8.2912913e+00 1.0005683e-05 1.3851808e-04 2.8525942e-04
8.3153153e+00 1.0754065e-05 1.4696452e-04 3.0243035e-04
8.3393393e+00 1.1552699e-05 1.5591423e-04 3.2046606e-04
8.3633634e+00 1.2413860e-05 1.6534360e-04 3.3949392e-04
8.3873874e+00 1.3324515e-05 1.7523800e-04 3.5958081e-04
8.4114114e+00 1.4298690e-05 1.8570583e-04 3.8083893e-04
8.4354354e+00 1.5335922e-05 1.9673250e-04 4.0313989e-04
8.4594595e+00 1.6448049e-05 2.0837938e-04 4.2684689e-04
8.4834835e+00 1.7639532e-05 2.2063596e-04 4.5167681e-04
8.5075075e+00 1.8905469e-05 2.3358983e-04 4.7776874e-04
8.5315315e+00 2.0258218e-05 2.4726148e-04 5.0517894e-04
8.5555556e+00 2.1712333e-05 2.6166004e-04 5.3406609e-04
8.5795796e+00 2.3272757e-05 2.7682469e-04 5.6462843e-04
8.6036036e+00 2.4931034e-05 2.9273597e-04 5.9643472e-04
8.6276276e+00 2.6678947e-05 3.0950295e-04 6.3012456e-04
8.6516517e+00 2.8560177e-05 3.2718674e-04 6.6572171e-04
8.6756757e+00 3.0560829e-05 3.4583112e-04 7.0278183e-04
8.6996997e+00 3.2699165e-05 3.6531331e-04 7.4200426e-04
8.7237237e+00 3.4960254e-05 3.8584647e-04 7.8319941e-04
8.7477477e+00 3.7358726e-05 4.0737927e-04 8.2630478e-04
8.7717718e+00 3.9911048e-05 4.2997872e-04 8.7144365e-04
8.7957958e+00 4.2628758e-05 4.5380033e-04 9.1855966e-04
8.8198198e+00 4.5544032e-05 4.7877608e-04 9.6840154e-04
8.8438438e+00 4.8706675e-05 5.0482457e-04 1.0203396e-03
8.8678679e+00 5.2006626e-05 5.3238448e-04 1.0747972e-03
8.8918919e+00 5.5531901e-05 5.6116196e-04 1.1323084e-03
8.9159159e+00 5.9276685e-05 5.9131159e-04 1.1922210e-03
8.9399399e+00 6.3233501e-05 6.2298632e-04 1.2553227e-03
8.9639640e+00 6.7426398e-05 6.5610716e-04 1.3208041e-03
8.9879880e+00 7.1914658e-05 6.9085046e-04 1.3895562e-03
9.0120120e+00 7.6672256e-05 7.2704834e-04 1.4616128e-03
9.0360360e+00 8.1732543e-05 7.6503515e-04 1.5365690e-03
9.0600601e+00 8.7078671e-05 8.0504947e-04 1.6152024e-03
9.0840841e+00 9.2754586e-05 8.4684194e-04 1.6983338e-03
9.1081081e+00 9.8829972e-05 8.9040521e-04 1.7847326e-03
9.1321321e+00 1.0525599e-04 9.3615757e-04 1.8741220e-03
9.1561562e+00 1.1201292e-04 9.8395391e-04 1.9678891e-03
9.1801802e+00 1.1917143e-04 1.0341501e-03 2.0660494e-03
9.2042042e+00 1.2672644e-04 1.0864606e-03 2.1680433e-03
9.2282282e+00 1.3479672e-04 1.1408310e-03 2.2752019e-03
9.2522523e+00 1.4327811e-04 1.1979565e-03 2.3861849e-03
9.2762763e+00 1.5230244e-04 1.2574948e-03 2.5026478e-03
9.3003003e+00 1.6176068e-04 1.3197179e-03 2.6238050e-03
9.3243243e+00 1.7188205e-04 1.3845975e-03 2.7500504e-03
9.3483483e+00 1.8268537e-04 1.4527049e-03 2.8828404e-03
9.3723724e+00 1.9400626e-04 1.5234488e-03 3.0195021e-03
9.3963964e+00 2.0590819e-04 1.5968743e-03 3.1628145e-03
9.4204204e+00 2.1847151e-04 1.6733171e-03 3.3119467e-03
9.4444444e+00 2.3166163e-04 1.7534074e-03 3.4666326e-03
9.4684685e+00 2.4577748e-04 1.8363935e-03 3.6285297e-03
9.4924925e+00 2.6067619e-04 1.9234462e-03 3.7965307e-03
9.5165165e+00 2.7632989e-04 2.0139407e-03 3.9710833e-03
9.5405405e+00 2.9274389e-04 2.1077465e-03 4.1530923e-03
9.5645646e+00 3.1018196e-04 2.2055254e-03 4.3427409e-03
9.5885886e+00 3.2832065e-04 2.3071011e-03 4.5393760e-03
9.6126126e+00 3.4767270e-04 2.4128101e-03 4.7421873e-03
9.6366366e+00 3.6826468e-04 2.5234975e-03 4.9558810e-03
9.6606607e+00 3.8979190e-04 2.6368343e-03 5.1763811e-03
9.6846847e+00 4.1204268e-04 2.7548823e-03 5.4036255e-03
9.7087087e+00 4.3598060e-04 2.8786536e-03 5.6403419e-03
9.7327327e+00 4.6070061e-04 3.0065238e-03 5.8854958e-03
9.7567568e+00 4.8722997e-04 3.1394597e-03 6.1414833e-03
9.7807808e+00 5.1494985e-04 3.2775155e-03 6.4048893e-03
9.8048048e+00 5.4451588e-04 3.4202357e-03 6.6824972e-03
9.8288288e+00 5.7505932e-04 3.5702250e-03 6.9674294e-03
9.8528529e+00 6.0741616e-04 3.7237928e-03 7.2617435e-03
9.8768769e+00 6.4126291e-04 3.8821579e-03 7.5652564e-03
9.9009009e+00 6.7655805e-04 4.0472951e-03 7.8818904e-03
9.9249249e+00 7.1371997e-04 4.2181628e-03 8.2093221e-03
9.9489489e+00 7.5293772e-04 4.3960440e-03 8.5459449e-03
9.9729730e+00 7.9371221e-04 4.5816878e-03 8.8975810e-03
9.9969970e+00 8.3669573e-04 4.7717682e-03 9.2576531e-03
1.0021021e+01 8.8207377e-04 4.9700263e-03 9.6311938e-03
1.0045045e+01 9.3003405e-04 5.1732912e-03 1.0014191e-02
1.0069069e+01 9.7969725e-04 5.3837761e-03 1.0411044e-02
1.0093093e+01 1.0322310e-03 5.6032021e-03 1.0822273e-02
1.0117117e+01 1.0866675e-03 5.8288564e-03 1.1244648e-02
1.0141141e+01 1.1446736e-03 6.0629298e-03 1.1682318e-02
1.0165165e+01 1.2064248e-03 6.3018114e-03 1.2133077e-02
1.0189189e+01 1.2688415e-03 6.5514316e-03 1.2602564e-02
1.0213213e+01 1.3358667e-03 6.8089002e-03 1.3083696e-02
1.0237237e+01 1.4054367e-03 7.0747160e-03 1.3578699e-02
1.0261261e+01 1.4785189e-03 7.3506016e-03 1.4095799e-02
1.0285285e+01 1.5548194e-03 7.6336674e-03 1.4627022e-02
1.0309309e+01 1.6339001e-03 7.9293272e-03 1.5173725e-02
1.0333333e+01 1.7178920e-03 8.2334901e-03 1.5733112e-02
1.0357357e+01 1.8066638e-03 8.5424769e-03 1.6306469e-02
1.0381381e+01 1.8967334e-03 8.8615350e-03 1.6896561e-02
1.0405405e+01 1.9913201e-03 9.1929187e-03 1.7505034e-02
1.0429429e+01 2.0909327e-03 9.5338114e-03 1.8134585e-02
1.0453453e+01 2.1938134e-03 9.8871234e-03 1.8785374e-02
1.0477477e+01 2.3033221e-03 1.0248124e-02 1.9449149e-02
1.0501502e+01 2.4158361e-03 1.0617761e-02 2.0131326e-02
1.0525526e+01 2.5314389e-03 1.1004387e-02 2.0831451e-02
1.0549550e+01 2.6542692e-03 1.1398209e-02 2.1555933e-02
1.0573574e+01 2.7822654e-03 1.1803623e-02 2.2295766e-02
1.0597598e+01 2.9164824e-03 1.2216682e-02 2.3059786e-02
1.0621622e+01 3.0570659e-03 1.2645868e-02 2.3837862e-02
1.0645646e+01 3.2014948e-03 1.3077919e-02 2.4637388e-02
1.0669670e+01 3.3518012e-03 1.3529273e-02 2.5453374e-02
1.0693694e+01 3.5075380e-03 1.3994624e-02 2.6298399e-02
1.0717718e+01 3.6707462e-03 1.4472906e-02 2.7159304e-02
1.0741742e+01 3.8388076e-03 1.4962757e-02 2.8039160e-02
1.0765766e+01 4.0157987e-03 1.5463402e-02 2.8945594e-02
1.0789790e+01 4.1946256e-03 1.5978168e-02 2.9872387e-02
1.0813814e+01 4.3866755e-03 1.6508428e-02 3.0816989e-02
1.0837838e+01 4.5860255e-03 1.7045472e-02 3.1776646e-02
1.0861862e+01 4.7932947e-03 1.7597410e-02 3.2762037e-02
1.0885886e+01 5.0073850e-03 1.8163802e-02 3.3774179e-02
1.0909910e+01 5.2342866e-03 1.8755321e-02 3.4815273e-02
1.0933934e+01 5.4659883e-03 1.9355667e-02 3.5874996e-02
1.0957958e+01 5.7112489e-03 1.9969633e-02 3.6959276e-02
1.0981982e+01 5.9663599e-03 2.0600569e-02 3.8058706e-02
1.1006006e+01 6.2341895e-03 2.1246582e-02 3.9192322e-02
1.1030030e+01 6.5032941e-03 2.1904369e-02 4.0343968e-02
1.1054054e+01 6.7878143e-03 2.2588003e-02 4.1534577e-02
1.1078078e+01 7.0798010e-03 2.3284367e-02 4.2738079e-02
1.1102102e+01 7.3831786e-03 2.3998075e-02 4.3976057e-02
1.1126126e+01 7.7009865e-03 2.4723643e-02 4.5257509e-02
1.1150150e+01 8.0302111e-03 2.5462368e-02 4.6540543e-02
1.1174174e+01 8.3636300e-03 2.6222257e-02 4.7854098e-02
1.1198198e+01 8.7066674e-03 2.7008094e-02 4.9185802e-02
1.1222222e+01 9.0616341e-03 2.7805871e-02 5.0561006e-02
1.1246246e+01 9.4286851e-03 2.8635390e-02 5.1971691e-02
1.1270270e+01 9.8114089e-03 2.9465220e-02 5.3409560e-02
1.1294294e+01 1.0210308e-02 3.0326510e-02 5.4847870e-02
1.1318318e+01 1.0629257e-02 3.1214129e-02 5.6324201e-02
1.1342342e+01 1.1067982e-02 3.2105523e-02 5.7861771e-02
1.1366366e+01 1.1515023e-02 3.3039346e-02 5.9401134e-02
1.1390390e+01 1.1972658e-02 3.3956173e-02 6.0967008e-02
1.1414414e+01 1.2439877e-02 3.4927566e-02 6.2588640e-02
1.1438438e+01 1.2925283e-02 3.5883731e-02 6.4188064e-02
1.1462462e+01 1.3433387e-02 3.6875626e-02 6.5834780e-02
1.1486486e+01 1.3964271e-02 3.7894874e-02 6.7490081e-02
1.1510511e+01 1.4495212e-02 3.8940830e-02 6.9179566e-02
1.1534535e+01 1.5047397e-02 4.0006565e-02 7.0934201e-02
1.1558559e+01 1.5613407e-02 4.1072525e-02 7.2710684e-02
1.1582583e+01 1.6223010e-02 4.2177749e-02 7.4562331e-02
1.1606607e+01 1.6832735e-02 4.3303130e-02 7.6336950e-02
1.1630631e+01 1.7461161e-02 4.4464285e-02 7.8198724e-02
1.1654655e+01 1.8131312e-02 4.5640714e-02 8.0143568e-02
1.1678679e+01 1.8785304e-02 4.6837845e-02 8.2084297e-02
1.1702703e+01 1.9469416e-02 4.8078702e-02 8.4006152e-02
1.1726727e+01 2.0164648e-02 4.9347880e-02 8.5983053e-02
1.1750751e+01 2.0880348e-02 5.0616256e-02 8.7995424e-02
1.1774775e+01 2.1641995e-02 5.1927739e-02 9.0033994e-02
1.1798799e+01 2.2411624e-02 5.3237387e-02 9.2110189e-02
1.1822823e+01 2.3223211e-02 5.4572947e-02 9.4173021e-02
1.1846847e+01 2.4029730e-02 5.5914655e-02 9.6313713e-02
1.1870871e+01 2.4875727e-02 5.7279633e-02 9.8481508e-02
1.1894895e+01 2.5715572e-02 5.8672749e-02 1.0069949e-01
1.1918919e+01 2.6604129e-02 6.0118824e-02 1.0289862e-01
1.1942943e+01 2.7519869e-02 6.1595128e-02 1.0508196e-01
1.1966967e+01 2.8476155e-02 6.3094313e-02 1.0737524e-01
1.1990991e+01 2.9458139e-02 6.4637793e-02 1.0972969e-01
1.2015015e+01 3.0481339e-02 6.6185864e-02 1.1202393e-01
1.2039039e+01 3.1479999e-02 6.7810986e-02 1.1441475e-01
1.2063063e+01 3.2522061e-02 6.9442361e-02 1.1683991e-01
1.2087087e+01 3.3623139e-02 7.1069284e-02 1.1931313e-01
1.2111111e+01 3.4741737e-02 7.2755459e-02 1.2181575e-01
1.2135135e+01 3.5865157e-02 7.4438774e-02 1.2417315e-01
1.2159159e+01 3.6994491e-02 7.6256502e-02 1.2671272e-01
1.2183183e+01 3.8183981e-02 7.8060239e-02 1.2917067e-01
1.2207207e+01 3.9387980e-02 7.9951388e-02 1.3170936e-01
1.2231231e+01 4.0636602e-02 8.1825287e-02 1.3433882e-01
1.2255255e+01 4.1826734e-02 8.3760618e-02 1.3701307e-01
1.2279279e+01 4.3052437e-02 8.5641461e-02 1.3961938e-01
1.2303303e+01 4.4361901e-02 8.7635023e-02 1.4228237e-01
1.2327327e+01 4.5634482e-02 8.9580884e-02 1.4497742e-01
1.2351351e+01 4.6936097e-02 9.1565573e-02 1.4766626e-01
1.2375375e+01 4.8199635e-02 9.3493580e-02 1.5040584e-01
1.2399399e+01 4.9501155e-02 9.5505575e-02 1.5308847e-01
1.2423423e+01 5.0769463e-02 9.7537144e-02 1.5586057e-01
1.2447447e+01 5.1984156e-02 9.9564751e-02 1.5868882e-01
1.2471471e+01 5.3330969e-02 1.0162862e-01 1.6146496e-01
1.2495495e+01 5.4633985e-02 1.0369387e-01 1.6427790e-01
1.2519520e+01 5.5846818e-02 1.0573454e-01 1.6722615e-01
1.2543544e+01 5.7190696e-02 1.0779476e-01 1.7015535e-01
1.2567568e+01 5.8517142e-02 1.0991451e-01 1.7298687e-01
1.2591592e+01 5.9926886e-02 1.1216285e-01 1.7581963e-01
1.2615616e+01 6.1300355e-02 1.1443569e-01 1.7877968e-01
1.2639640e+01 6.2856973e-02 1.1673594e-01 1.8171392e-01
1.2663664e+01 6.4406751e-02 1.1903388e-01 1.8480134e-01
1.2687688e+01 6.6012884e-02 1.2135507e-01 1.8773310e-01
1.2711712e+01 6.7610968e-02 1.2366224e-01 1.9093010e-01
1.2735736e+01 6.9150649e-02 1.2597178e-01 1.9392997e-01
1.2759760e+01 7.0847055e-02 1.2837638e-01 1.9694090e-01
1.2783784e+01 7.2618779e-02 1.3074848e-01 2.0008348e-01
1.2807808e+01 7.4427355e-02 1.3310088e-01 2.0311064e-01
1.2831832e+01 7.6220377e-02 1.3545779e-01 2.0619025e-01
1.2855856e+01 7.7987447e-02 1.3789837e-01 2.0923925e-01
1.2879880e+01 7.9720350e-02 1.4023062e-01 2.1244595e-01
1.2903904e+01 8.1480538e-02 1.4263629e-01 2.1559886e-01
1.2927928e+01 8.3240370e-02 1.4514173e-01 2.1875885e-01
1.2951952e+01 8.5110483e-02 1.4759793e-01 2.2215122e-01
1.2975976e+01 8.6971582e-02 1.5004243e-01 2.2533742e-01
1.3000000e+01 8.8824881e-02 1.5257454e-01 2.2865492e-01
1.3024024e+01 9.0751221e-02 1.5504208e-01 2.3188010e-01
1.3048048e+01 9.2592035e-02 1.5768252e-01 2.3519910e-01
1.3072072e+01 9.4511489e-02 1.6024990e-01 2.3848828e-01
1.3096096e+01 9.6439605e-02 1.6283048e-01 2.4165391e-01
1.3120120e+01 9.8468502e-02 1.6545780e-01 2.4487824e-01
1.3144144e+01 1.0047871e-01 1.6816541e-01 2.4826725e-01
1.3168168e+01 1.0253020e-01 1.7079159e-01 2.5155440e-01
1.3192192e+01 1.0453169e-01 1.7348223e-01 2.5497793e-01
1.3216216e+01 1.0663550e-01 1.7620910e-01 2.5823754e-01
1.3240240e+01 1.0862064e-01 1.7887860e-01 2.6152620e-01
1.3264264e+01 1.1068214e-01 1.8160853e-01 2.6495128e-01
1.3288288e+01 1.1277450e-01 1.8421988e-01 2.6821284e-01
1.3312312e+01 1.1483748e-01 1.8702619e-01 2.7156749e-01
1.3336336e+01 1.1703621e-01 1.8981087e-01 2.7487447e-01
1.3360360e+01 1.1918488e-01 1.9256415e-01 2.7833834e-01
1.3384384e+01 1.2132495e-01 1.9543930e-01 2.8166852e-01
1.3408408e+01 1.2348499e-01 1.9821865e-01 2.8520723e-01
1.3432432e+01 1.2576834e-01 2.0103658e-01 2.8871791e-01
1.3456456e+01 1.2802101e-01 2.0391749e-01 2.9203286e-01
1.3480480e+01 1.3021930e-01 2.0675151e-01 2.9546124e-01
1.3504505e+01 1.3248891e-01 2.0971045e-01 2.9879175e-01
1.3528529e+01 1.3481642e-01 2.1261767e-01 3.0236318e-01
1.3552553e+01 1.3704712e-01 2.1547242e-01 3.0578789e-01
1.3576577e+01 1.3931559e-01 2.1842763e-01 3.0917569e-01
1.3600601e+01 1.4167022e-01 2.2133592e-01 3.1271166e-01
1.3624625e+01 1.4388770e-01 2.2427666e-01 3.1601954e-01
1.3648649e+01 1.4634963e-01 2.2725548e-01 3.1960461e-01
1.3672673e+01 1.4883465e-01 2.3034018e-01 3.2307604e-01
1.3696697e+01 1.5132665e-01 2.3336601e-01 3.2648410e-01
1.3720721e+01 1.5379995e-01 2.3630789e-01 3.2993760e-01
1.3744745e+01 1.5636182e-01 2.3942942e-01 3.3347593e-01
1.3768769e+01 1.5897240e-01 2.4242106e-01 3.3702207e-01
1.3792793e+01 1.6151426e-01 2.4544443e-01 3.4063935e-01
1.3816817e+01 1.6399689e-01 2.4848205e-01 3.4419726e-01
1.3840841e+01 1.6670315e-01 2.5152769e-01 3.4768131e-01
1.3864865e+01 1.6933547e-01 2.5454486e-01 3.5148550e-01
1.3888889e+01 1.7199029e-01 2.5751583e-01 3.5480535e-01
1.3912913e+01 1.7466814e-01 2.6049466e-01 3.5833993e-01
1.3936937e+01 1.7723592e-01 2.6367627e-01 3.6194737e-01
1.3960961e+01 1.7990201e-01 2.6673970e-01 3.6552714e-01
1.3984985e+01 1.8262633e-01 2.6982429e-01 3.6894821e-01
1.4009009e+01 1.8528806e-01 2.7304754e-01 3.7259924e-01
1.4033033e+01 1.8794405e-01 2.7603841e-01 3.7600448e-01
1.4057057e+01 1.9061050e-01 2.7913605e-01 3.7940560e-01
1.4081081e+01 1.9347090e-01 2.8217425e-01 3.8284189e-01
1.4105105e+01 1.9621326e-01 2.8529227e-01 3.8618969e-01
1.4129129e+01 1.9900687e-01 2.8846140e-01 3.8973957e-01
1.4153153e+01 2.0177887e-01 2.9166349e-01 3.9319148e-01
1.4177177e+01 2.0450390e-01 2.9472962e-01 3.9671741e-01
1.4201201e+01 2.0736962e-01 2.9794683e-01 4.0026731e-01
1.4225225e+01 2.1028267e-01 3.0106468e-01 4.0394921e-01
1.4249249e+01 2.1319008e-01 3.0425394e-01 4.0753367e-01
1.4273273e+01 2.1605869e-01 3.0741313e-01 4.1100559e-01
1.4297297e+01 2.1890541e-01 3.1073506e-01 4.1443274e-01
1.4321321e+01 2.2168447e-01 3.1390381e-01 4.1773831e-01
1.4345345e+01 2.2472944e-01 3.1715831e-01 4.2120277e-01
1.4369369e+01 2.2743723e-01 3.2041925e-01 4.2455706e-01
1.4393393e+01 2.3035549e-01 3.2379176e-01 4.2811802e-01
1.4417417e+01 2.3324521e-01 3.2697770e-01 4.3179941e-01
1.4441441e+01 2.3635262e-01 3.3031171e-01 4.3532658e-01
1.4465465e+01 2.3922192e-01 3.3364866e-01 4.3898697e-01
1.4489489e+01 2.4219608e-01 3.3681189e-01 4.4252306e-01
1.4513514e+01 2.4505117e-01 3.4013714e-01 4.4605719e-01
1.4537538e+01 2.4811455e-01 3.4347014e-01 4.4963642e-01
1.4561562e+01 2.5102900e-01 3.4679115e-01 4.5317684e-01
1.4585586e+01 2.5395396e-01 3.5008942e-01 4.5663981e-01
1.4609610e+01 2.5698325e-01 3.5323990e-01 4.6009974e-01
1.4633634e+01 2.5996845e-01 3.5656038e-01 4.6357571e-01
1.4657658e+01 2.6294713e-01 3.6003893e-01 4.6712105e-01
1.4681682e+01 2.6600044e-01 3.6340253e-01 4.7061851e-01
1.4705706e+01 2.6898292e-01 3.6671836e-01 4.7415440e-01
1.4729730e+01 2.7196508e-01 3.7008976e-01 4.7758476e-01
1.4753754e+01 2.7510503e-01 3.7340901e-01 4.8130459e-01
1.4777778e+01 2.7836986e-01 3.7690403e-01 4.8470104e-01
1.4801802e+01 2.8130294e-01 3.8027104e-01 4.8814305e-01
1.4825826e+01 2.8431604e-01 3.8375297e-01 4.9158465e-01
1.4849850e+01 2.8725724e-01 3.8698890e-01 4.9522943e-01
1.4873874e+01 2.9024955e-01 3.9027755e-01 4.9856571e-01
1.4897898e+01 2.9315194e-01 3.9366219e-01 5.0215017e-01
1.4921922e+01 2.9642261e-01 3.9675663e-01 5.0565967e-01
1.4945946e+01 2.9948332e-01 4.0016898e-01 5.0931861e-01
1.4969970e+01 3.0236183e-01 4.0355011e-01 5.1282044e-01
1.4993994e+01 3.0534863e-01 4.0695633e-01 5.1642928e-01
1.5018018e+01 3.0846841e-01 4.1037586e-01 5.2024441e-01
1.5042042e+01 3.1150413e-01 4.1357828e-01 5.2395120e-01
1.5066066e+01 3.1448879e-01 4.1693987e-01 5.2773924e-01
1.5090090e+01 3.1765574e-01 4.2042307e-01 5.3132288e-01
1.5114114e+01 3.2085714e-01 4.2363278e-01 5.3468266e-01
1.5138138e+01 3.2404248e-01 4.2703796e-01 5.3848442e-01
1.5162162e+01 3.2712007e-01 4.3031363e-01 5.4211492e-01
1.5186186e+01 3.2985981e-01 4.3377703e-01 5.4576735e-01
1.5210210e+01 3.3292560e-01 4.3709443e-01 5.4949921e-01
1.5234234e+01 3.3576446e-01 4.4038755e-01 5.5310975e-01
1.5258258e+01 3.3875495e-01 4.4376891e-01 5.5672994e-01
1.5282282e+01 3.4181215e-01 4.4727086e-01 5.6018083e-01
1.5306306e+01 3.4473264e-01 4.5046982e-01 5.6378051e-01
1.5330330e+01 3.4788028e-01 4.5392212e-01 5.6736155e-01
1.5354354e+01 3.5097752e-01 4.5729074e-01 5.7080870e-01
1.5378378e+01 3.5392231e-01 4.6073434e-01 5.7434683e-01
1.5402402e+01 3.5711683e-01 4.6409302e-01 5.7797163e-01
1.5426426e+01 3.6024016e-01 4.6760465e-01 5.8161113e-01
1.5450450e+01 3.6324051e-01 4.7104437e-01 5.8540073e-01
1.5474474e+01 3.6616916e-01 4.7438903e-01 5.8897972e-01
1.5498498e+01 3.6902852e-01 4.7766975e-01 5.9279243e-01
1.5522523e+01 3.7210873e-01 4.8103815e-01 5.9624407e-01
1.5546547e+01 3.7502897e-01 4.8454623e-01 6.0009199e-01
1.5570571e+01 3.7822086e-01 4.8825121e-01 6.0362189e-01
1.5594595e+01 3.8117789e-01 4.9151586e-01 6.0729932e-01
1.5618619e+01 3.8433595e-01 4.9490464e-01 6.1099656e-01
1.5642643e+01 3.8751059e-01 4.9854610e-01 6.1473521e-01
1.5666667e+01 3.9063444e-01 5.0200960e-01 6.1834823e-01
1.5690691e+01 3.9370626e-01 5.0535605e-01 6.2207115e-01
1.5714715e+01 3.9692760e-01 5.0852074e-01 6.2576833e-01
1.5738739e+01 4.0019515e-01 5.1179250e-01 6.2948625e-01
1.5762763e+01 4.0311286e-01 5.1495458e-01 6.3320648e-01
1.5786787e+01 4.0631114e-01 5.1839802e-01 6.3669476e-01
1.5810811e+01 4.0944712e-01 5.2179582e-01 6.4035010e-01
1.5834835e+01 4.1271335e-01 5.2519069e-01 6.4414911e-01
1.5858859e+01 4.1580682e-01 5.2849869e-01 6.4809747e-01
1.5882883e+01 4.1908419e-01 5.3191066e-01 6.5170869e-01
1.5906907e+01 4.2220030e-01 5.3529760e-01 6.5524390e-01
1.5930931e+01 4.2542275e-01 5.3889299e-01 6.5899574e-01
1.5954955e+01 4.2863231e-01 5.4228198e-01 6.6259674e-01
1.5978979e+01 4.3174959e-01 5.4571341e-01 6.6605335e-01
1.6003003e+01 4.3482151e-01 5.4916439e-01 6.6974354e-01
1.6027027e+01 4.3816861e-01 5.5261755e-01 6.7346792e-01
1.6051051e+01 4.4145747e-01 5.5626189e-01 6.7700973e-01
1.6075075e+01 4.4467383e-01 5.5986558e-01 6.8061545e-01
1.6099099e+01 4.4774323e-01 5.6330975e-01 6.8432628e-01
1.6123123e+01 4.5108779e-01 5.6673176e-01 6.8778344e-01
1.6147147e+01 4.5452571e-01 5.7009727e-01 6.9116786e-01
1.6171171e+01 4.5794084e-01 5.7337042e-01 6.9468807e-01
1.6195195e+01 4.6134376e-01 5.7685773e-01 6.9815041e-01
1.6219219e+01 4.6467388e-01 5.8041078e-01 7.0172111e-01
1.6243243e+01 4.6824576e-01 5.8386083e-01 7.0528988e-01
1.6267267e+01 4.7160418e-01 5.8719678e-01 7.0886866e-01
1.6291291e+01 4.7510992e-01 5.9083798e-01 7.1263065e-01
1.6315315e+01 4.7865950e-01 5.9424393e-01 7.1600386e-01
1.6339339e+01 4.8226775e-01 5.9769619e-01 7.1919249e-01
1.6363363e+01 4.8602306e-01 6.0108773e-01 7.2261313e-01
1.6387387e+01 4.8922782e-01 6.0456421e-01 7.2609052e-01
1.6411411e+01 4.9295004e-01 6.0823857e-01 7.2974104e-01
1.6435435e+01 4.9683278e-01 6.1201801e-01 7.3316477e-01
1.6459459e+01 5.0024690e-01 6.1552271e-01 7.3686944e-01
1.6483483e+01 5.0391519e-01 6.1928079e-01 7.4056257e-01
1.6507508e+01 5.0746261e-01 6.2289897e-01 7.4425918e-01
1.6531532e+01 5.1119820e-01 6.2658387e-01 7.4764186e-01
1.6555556e+01 5.1492399e-01 6.3017635e-01 7.5105440e-01
1.6579580e+01 5.1865471e-01 6.3401744e-01 7.5454565e-01
1.6603604e+01 5.2239147e-01 6.3765217e-01 7.5815084e-01
1.6627628e+01 5.2631954e-01 6.4122586e-01 7.6119998e-01
1.6651652e+01 5.3002166e-01 6.4475907e-01 7.6489576e-01
1.6675676e+01 5.3393550e-01 6.4835139e-01 7.6797343e-01
1.6699700e+01 5.3792883e-01 6.5222010e-01 7.7145955e-01
1.6723724e+01 5.4170250e-01 6.5591166e-01 7.7522385e-01
1.6747748e+01 5.4539922e-01 6.5962828e-01 7.7887116e-01
1.6771772e+01 5.4932746e-01 6.6354421e-01 7.8233963e-01
1.6795796e+01 5.5332598e-01 6.6746151e-01 7.8600056e-01
1.6819820e+01 5.5720271e-01 6.7092924e-01 7.8951114e-01
1.6843844e+01 5.6092995e-01 6.7495358e-01 7.9313793e-01
1.6867868e+01 5.6484488e-01 6.7881474e-01 7.9662754e-01
1.6891892e+01 5.6872291e-01 6.8229283e-01 8.0028390e-01
1.6915916e+01 5.7263963e-01 6.8614227e-01 8.0370773e-01
1.6939940e+01 5.7649420e-01 6.9004677e-01 8.0719192e-01
1.6963964e+01 5.8072244e-01 6.9392323e-01 8.1071018e-01
1.6987988e+01 5.8484574e-01 6.9805485e-01 8.1442039e-01
1.7012012e+01 5.8903866e-01 7.0199830e-01 8.1800449e-01
1.7036036e+01 5.9324134e-01 7.0582988e-01 8.2142017e-01
1.7060060e+01 5.9720294e-01 7.0976225e-01 8.2491565e-01
1.7084084e+01 6.0125157e-01 7.1365707e-01 8.2833087e-01
1.7108108e+01 6.0558704e-01 7.1796427e-01 8.3190445e-01
1.7132132e+01 6.0979628e-01 7.2200688e-01 8.3580090e-01
1.7156156e+01 6.1407141e-01 7.2600975e-01 8.3951194e-01
1.7180180e+01 6.1848106e-01 7.3013217e-01 8.4333510e-01
1.7204204e+01 6.2265399e-01 7.3417584e-01 8.4688289e-01
1.7228228e+01 6.2691025e-01 7.3827996e-01 8.5088005e-01
1.7252252e+01 6.3119953e-01 7.4229830e-01 8.5464457e-01
1.7276276e+01 6.3520663e-01 7.4651437e-01 8.5862223e-01
1.7300300e+01 6.3960229e-01 7.5060964e-01 8.6233268e-01
1.7324324e+01 6.4389601e-01 7.5459437e-01 8.6621917e-01
1.7348348e+01 6.4826331e-01 7.5877488e-01 8.6983418e-01
1.7372372e+01 6.5246523e-01 7.6302696e-01 8.7364123e-01
1.7396396e+01 6.5689984e-01 7.6730541e-01 8.7781863e-01
1.7420420e+01 6.6132412e-01 7.7130623e-01 8.8190835e-01
1.7444444e+01 6.6551085e-01 7.7536045e-01 8.8573794e-01
1.7468468e+01 6.6978270e-01 7.7955648e-01 8.8960552e-01
1.7492492e+01 6.7400617e-01 7.8368073e-01 8.9369493e-01
1.7516517e+01 6.7841451e-01 7.8777310e-01 8.9768473e-01
1.7540541e+01 6.8292013e-01 7.9176387e-01 9.0196553e-01
1.7564565e+01 6.8706363e-01 7.9591627e-01 9.0565939e-01
1.7588589e+01 6.9096033e-01 7.9983553e-01 9.1010343e-01
1.7612613e+01 6.9544122e-01 8.0426930e-01 9.1409841e-01
1.7636637e+01 6.9974790e-01 8.0844263e-01 9.1824309e-01
1.7660661e+01 7.0384592e-01 8.1273804e-01 9.2267666e-01
1.7684685e+01 7.0781403e-01 8.1685961e-01 9.2678797e-01
1.7708709e+01 7.1193850e-01 8.2086728e-01 9.3103284e-01
1.7732733e+01 7.1600019e-01 8.2495713e-01 9.3524372e-01
1.7756757e+01 7.2003641e-01 8.2920566e-01 9.3924067e-01
1.7780781e+01 7.2421051e-01 8.3342891e-01 9.4347417e-01
1.7804805e+01 7.2848692e-01 8.3766419e-01 9.4782246e-01
1.7828829e+01 7.3246902e-01 8.4145070e-01 9.5232113e-01
1.7852853e+01 7.3641706e-01 8.4573378e-01 9.5656893e-01
1.7876877e+01 7.4024841e-01 8.4999780e-01 9.6094830e-01
1.7900901e+01 7.4374789e-01 8.5423583e-01 9.6537369e-01
1.7924925e+01 7.4727514e-01 8.5820333e-01 9.6951300e-01
1.7948949e+01 7.5106062e-01 8.6224893e-01 9.7381274e-01
1.7972973e+01 7.5484917e-01 8.6619903e-01 9.7821927e-01
1.7996997e+01 7.5873014e-01 8.7034547e-01 9.8221476e-01
1.8021021e+01 7.6270711e-01 8.7431872e-01 9.8628279e-01
1.8045045e+01 7.6627995e-01 8.7822079e-01 9.9048152e-01
1.8069069e+01 7.6951304e-01 8.8246007e-01 9.9455431e-01
1.8093093e+01 7.7308666e-01 8.8641383e-01 9.9860240e-01
1.8117117e+01 7.7661288e-01 8.9036062e-01 1.0026247e+00
1.8141141e+01 7.8011614e-01 8.9427309e-01 1.0065854e+00
1.8165165e+01 7.8349855e-01 8.9793748e-01 1.0108133e+00
1.8189189e+01 7.8671801e-01 9.0182444e-01 1.0151482e+00
1.8213213e+01 7.9009815e-01 9.0565291e-01 1.0193005e+00
1.8237237e+01 7.9356814e-01 9.0948845e-01 1.0234340e+00
1.8261261e+01 7.9660697e-01 9.1315373e-01 1.0276257e+00
1.8285285e+01 7.9978611e-01 9.1684060e-01 1.0316544e+00
1.8309309e+01 8.0283809e-01 9.2043523e-01 1.0356207e+00
1.8333333e+01 8.0583385e-01 9.2384099e-01 1.0395968e+00
1.8357357e+01 8.0868446e-01 9.2730223e-01 1.0435891e+00
1.8381381e+01 8.1161298e-01 9.3066497e-01 1.0477210e+00
1.8405405e+01 8.1457054e-01 9.3396303e-01 1.0512118e+00
1.8429429e+01 8.1755449e-01 9.3695050e-01 1.0549484e+00
1.8453453e+01 8.2025906e-01 9.4037389e-01 1.0589482e+00
1.8477477e+01 8.2289686e-01 9.4373388e-01 1.0625113e+00
1.8501502e+01 8.2536256e-01 9.4686877e-01 1.0662429e+00
1.8525526e+01 8.2798153e-01 9.4969819e-01 1.0697914e+00
1.8549550e+01 8.3072934e-01 9.5258486e-01 1.0734340e+00
1.8573574e+01 8.3272949e-01 9.5561523e-01 1.0768957e+00
1.8597598e+01 8.3539575e-01 9.5823725e-01 1.0803579e+00
1.8621622e+01 8.3787306e-01 9.6111058e-01 1.0837171e+00
1.8645646e+01 8.3992561e-01 9.6371562e-01 1.0868988e+00
1.8669670e+01 8.4211049e-01 9.6621816e-01 1.0898920e+00
1.8693694e+01 8.4435499e-01 9.6885365e-01 1.0931509e+00
1.8717718e+01 8.4624884e-01 9.7121055e-01 1.0959794e+00
1.8741742e+01 8.4845640e-01 9.7339165e-01 1.0989603e+00
1.8765766e+01 8.5037312e-01 9.7556784e-01 1.1016734e+00
1.8789790e+01 8.5225510e-01 9.7765754e-01 1.1042777e+00
1.8813814e+01 8.5384000e-01 9.7978933e-01 1.1069583e+00
1.8837838e+01 8.5560956e-01 9.8172888e-01 1.1096440e+00
1.8861862e+01 8.5715970e-01 9.8356838e-01 1.1120499e+00
1.8885886e+01 8.5835490e-01 9.8533219e-01 1.1142323e+00
1.8909910e+01 8.5986196e-01 9.8725921e-01 1.1158951e+00
1.8933934e+01 8.6119248e-01 9.8881392e-01 1.1181155e+00
1.8957958e+01 8.6195938e-01 9.9025996e-01 1.1201059e+00
1.8981982e+01 8.6304096e-01 9.9166122e-01 1.1219115e+00
1.9006006e+01 8.6400619e-01 9.9270991e-01 1.1237871e+00
1.9030030e+01 8.6492539e-01 9.9403007e-01 1.1250844e+00
1.9054054e+01 8.6580062e-01 9.9514212e-01 1.1260640e+00
1.9078078e+01 8.6643388e-01 9.9616842e-01 1.1275459e+00
1.9102102e+01 8.6717433e-01 9.9720975e-01 1.1285482e+00
1.9126126e+01 8.6761057e-01 9.9809120e-01 1.1296473e+00
1.9150150e+01 8.6810293e-01 9.9873418e-01 1.1304559e+00
1.9174174e+01 8.6838513e-01 9.9917958e-01 1.1315579e+00
1.9198198e+01 8.6841304e-01 9.9951958e-01 1.1322719e+00
1.9222222e+01 8.6852454e-01 9.9972626e-01 1.1328136e+00
1.9246246e+01 8.6849174e-01 9.9990155e-01 1.1331453e+00
1.9270270e+01 8.6845668e-01 1.0000000e+00 1.1332036e+00
1.9294294e+01 8.6842657e-01 9.9994860e-01 1.1331348e+00
1.9318318e+01 8.6830251e-01 9.9981671e-01 1.1330398e+00
1.9342342e+01 8.6827528e-01 9.9951651e-01 1.1326557e+00
1.9366366e+01 8.6787482e-01 9.9917927e-01 1.1323792e+00
1.9390390e+01 8.6717229e-01 9.9869776e-01 1.1319011e+00
1.9414414e+01 8.6653945e-01 9.9805201e-01 1.1313763e+00
1.9438438e+01 8.6586269e-01 9.9733753e-01 1.1307316e+00
1.9462462e+01 8.6470540e-01 9.9656798e-01 1.1301044e+00
1.9486486e+01 8.6374260e-01 9.9574080e-01 1.1291869e+00
1.9510511e+01 8.6257335e-01 9.9469375e-01 1.1280687e+00
1.9534535e+01 8.6147482e-01 9.9354074e-01 1.1267452e+00
1.9558559e+01 8.6013316e-01 9.9223353e-01 1.1252174e+00
1.9582583e+01 8.5898428e-01 9.9082292e-01 1.1235736e+00
1.9606607e+01 8.5764581e-01 9.8933669e-01 1.1218741e+00
1.9630631e+01 8.5637231e-01 9.8773253e-01 1.1198724e+00
1.9654655e+01 8.5468808e-01 9.8592036e-01 1.1180291e+00
1.9678679e+01 8.5277857e-01 9.8431894e-01 1.1160468e+00
1.9702703e+01 8.5087648e-01 9.8232929e-01 1.1135953e+00
1.9726727e+01 8.4888633e-01 9.8042163e-01 1.1111072e+00
1.9750751e+01 8.4714115e-01 9.7826876e-01 1.1086940e+00
1.9774775e+01 8.4509993e-01 9.7598389e-01 1.1060302e+00
1.9798799e+01 8.4284833e-01 9.7351581e-01 1.1030320e+00
1.9822823e+01 8.4064894e-01 9.7110894e-01 1.1002238e+00
1.9846847e+01 8.3807121e-01 9.6862566e-01 1.0972014e+00
1.9870871e+01 8.3553396e-01 9.6586927e-01 1.0938308e+00
1.9894895e+01 8.3306383e-01 9.6297292e-01 1.0905144e+00
1.9918919e+01 8.3062666e-01 9.5993100e-01 1.0872886e+00
1.9942943e+01 8.2791579e-01 9.5700730e-01 1.0838318e+00
1.9966967e+01 8.2518333e-01 9.5392466e-01 1.0804651e+00
1.9990991e+01 8.2240718e-01 9.5090311e-01 1.0768373e+00
2.0015015e+01 8.1958452e-01 9.4740113e-01 1.0731966e+00
2.0039039e+01 8.1632706e-01 9.4390028e-01 1.0691833e+00
2.0063063e+01 8.1319075e-01 9.4027668e-01 1.0651721e+00
2.0087087e+01 8.0983846e-01 9.3693538e-01 1.0613191e+00
2.0111111e+01 8.0650834e-01 9.3340869e-01 1.0573059e+00
2.0135135e+01 8.0324164e-01 9.2946955e-01 1.0533199e+00
2.0159159e+01 7.9972349e-01 9.2563402e-01 1.0493686e+00
2.0183183e+01 7.9629115e-01 9.2182839e-01 1.0449346e+00
2.0207207e+01 7.9260131e-01 9.1781272e-01 1.0405854e+00
2.0231231e+01 7.8888400e-01 9.1356798e-01 1.0363268e+00
2.0255255e+01 7.8551818e-01 9.0947934e-01 1.0318167e+00
2.0279279e+01 7.8162027e-01 9.0522470e-01 1.0272312e+00
2.0303303e+01 7.7776676e-01 9.0109890e-01 1.0226543e+00
2.0327327e+01 7.7396568e-01 8.9669160e-01 1.0178447e+00
2.0351351e+01 7.7017576e-01 8.9241910e-01 1.0130106e+00
2.0375375e+01 7.6663506e-01 8.8792792e-01 1.0080043e+00
2.0399399e+01 7.6233980e-01 8.8347171e-01 1.0031321e+00
2.0423423e+01 7.5820771e-01 8.7890562e-01 9.9829528e-01
2.0447447e+01 7.5397299e-01 8.7433197e-01 9.9350819e-01
2.0471471e+01 7.4964794e-01 8.6976302e-01 9.8834738e-01
2.0495495e+01 7.4509027e-01 8.6482943e-01 9.8321531e-01
2.0519520e+01 7.4067684e-01 8.6002104e-01 9.7781156e-01
2.0543544e+01 7.3631601e-01 8.5508811e-01 9.7253335e-01
2.0567568e+01 7.3197457e-01 8.5046549e-01 9.6727465e-01
2.0591592e+01 7.2745471e-01 8.4575894e-01 9.6183886e-01
2.0615616e+01 7.2315006e-01 8.4083217e-01 9.5659238e-01
2.0639640e+01 7.1868007e-01 8.3596301e-01 9.5119300e-01
2.0663664e+01 7.1404616e-01 8.3105035e-01 9.4563291e-01
2.0687688e+01 7.0966430e-01 8.2610617e-01 9.4049623e-01
2.0711712e+01 7.0493427e-01 8.2115552e-01 9.3528094e-01
2.0735736e+01 7.0025853e-01 8.1606909e-01 9.2985067e-01
2.0759760e+01 6.9535938e-01 8.1104309e-01 9.2447320e-01
2.0783784e+01 6.9069086e-01 8.0581041e-01 9.1908126e-01
2.0807808e+01 6.8567184e-01 8.0064726e-01 9.1369229e-01
2.0831832e+01 6.8089742e-01 7.9539632e-01 9.0826139e-01
2.0855856e+01 6.7622369e-01 7.9025049e-01 9.0287271e-01
2.0879880e+01 6.7110697e-01 7.8498539e-01 8.9746166e-01
2.0903904e+01 6.6617541e-01 7.7985946e-01 8.9207152e-01
2.0927928e+01 6.6115401e-01 7.7480319e-01 8.8668468e-01
2.0951952e+01 6.5633893e-01 7.6956134e-01 8.8115254e-01
2.0975976e+01 6.5122501e-01 7.6439465e-01 8.7585771e-01
2.1000000e+01 6.4608355e-01 7.5902032e-01 8.7041338e-01
2.1024024e+01 6.4111126e-01 7.5372417e-01 8.6490077e-01
2.1048048e+01 6.3622430e-01 7.4841350e-01 8.5957843e-01
2.1072072e+01 6.3138817e-01 7.4313439e-01 8.5423213e-01
2.1096096e+01 6.2624052e-01 7.3781314e-01 8.4883629e-01
2.1120120e+01 6.2111296e-01 7.3253485e-01 8.4382683e-01
2.1144144e+01 6.1616941e-01 7.2740679e-01 8.3837465e-01
2.1168168e+01 6.1125328e-01 7.2221536e-01 8.3298622e-01
2.1192192e+01 6.0621105e-01 7.1678686e-01 8.2780682e-01
2.1216216e+01 6.0143330e-01 7.1160072e-01 8.2235102e-01
2.1240240e+01 5.9666941e-01 7.0635176e-01 8.1733924e-01
2.1264264e+01 5.9168905e-01 7.0120383e-01 8.1218950e-01
2.1288288e+01 5.8649309e-01 6.9594724e-01 8.0736653e-01
2.1312312e+01 5.8131683e-01 6.9077398e-01 8.0246097e-01
2.1336336e+01 5.7615957e-01 6.8562029e-01 7.9738996e-01
2.1360360e+01 5.7137296e-01 6.8065640e-01 7.9243357e-01
2.1384384e+01 5.6628753e-01 6.7552321e-01 7.8752893e-01
2.1408408e+01 5.6115007e-01 6.7037838e-01 7.8223435e-01
2.1432432e+01 5.5633593e-01 6.6517793e-01 7.7719266e-01
2.1456456e+01 5.5128082e-01 6.6013866e-01 7.7251915e-01
2.1480480e+01 5.4630006e-01 6.5505658e-01 7.6754943e-01
2.1504505e+01 5.4160588e-01 6.4992468e-01 7.6251571e-01
2.1528529e+01 5.3681936e-01 6.4485454e-01 7.5752101e-01
2.1552553e+01 5.3203653e-01 6.3997916e-01 7.5257113e-01
2.1576577e+01 5.2717534e-01 6.3505860e-01 7.4758949e-01
2.1600601e+01 5.2238515e-01 6.3022436e-01 7.4287186e-01
2.1624625e+01 5.1738701e-01 6.2529364e-01 7.3810373e-01
2.1648649e+01 5.1256985e-01 6.2050943e-01 7.3306595e-01
2.1672673e+01 5.0782441e-01 6.1556460e-01 7.2835675e-01
2.1696697e+01 5.0317111e-01 6.1063274e-01 7.2351677e-01
2.1720721e+01 4.9847906e-01 6.0610682e-01 7.1888563e-01
2.1744745e+01 4.9375790e-01 6.0149318e-01 7.1429966e-01
2.1768769e+01 4.8911509e-01 5.9684997e-01 7.0980810e-01
2.1792793e+01 4.8464572e-01 5.9220002e-01 7.0548641e-01
2.1816817e+01 4.8001283e-01 5.8744981e-01 7.0089896e-01
2.1840841e+01 4.7562634e-01 5.8281017e-01 6.9627402e-01
2.1864865e+01 4.7116800e-01 5.7832112e-01 6.9169958e-01
2.1888889e+01 4.6674628e-01 5.7368368e-01 6.8714473e-01
2.1912913e+01 4.6226531e-01 5.6914222e-01 6.8290520e-01
2.1936937e+01 4.5786072e-01 5.6478240e-01 6.7845056e-01
2.1960961e+01 4.5356087e-01 5.6039441e-01 6.7425605e-01
2.1984985e+01 4.4906583e-01 5.5599769e-01 6.6990903e-01
2.2009009e+01 4.4488361e-01 5.5151548e-01 6.6567752e-01
2.2033033e+01 4.4044228e-01 5.4724781e-01 6.6126946e-01
2.2057057e+01 4.3621505e-01 5.4285293e-01 6.5693047e-01
2.2081081e+01 4.3218587e-01 5.3859378e-01 6.5277255e-01
2.2105105e+01 4.2808105e-01 5.3447014e-01 6.4864294e-01
2.2129129e+01 4.2384064e-01 5.3038860e-01 6.4460215e-01
2.2153153e+01 4.1982898e-01 5.2611031e-01 6.4006491e-01
2.2177177e+01 4.1588389e-01 5.2177889e-01 6.3580501e-01
2.2201201e+01 4.1182112e-01 5.1766787e-01 6.3186067e-01
2.2225225e+01 4.0775703e-01 5.1340412e-01 6.2765631e-01
2.2249249e+01 4.0373635e-01 5.0954041e-01 6.2355503e-01
2.2273273e+01 3.9989603e-01 5.0550199e-01 6.1931805e-01
2.2297297e+01 3.9575643e-01 5.0139588e-01 6.1525409e-01
2.2321321e+01 3.9224068e-01 4.9733784e-01 6.1118925e-01
2.2345345e+01 3.8837691e-01 4.9344838e-01 6.0704364e-01
2.2369369e+01 3.8435856e-01 4.8947340e-01 6.0296041e-01
2.2393393e+01 3.8048317e-01 4.8541845e-01 5.9881604e-01
2.2417417e+01 3.7675543e-01 4.8138812e-01 5.9476947e-01
2.2441441e+01 3.7292279e-01 4.7739356e-01 5.9088197e-01
2.2465465e+01 3.6906343e-01 4.7352038e-01 5.8678995e-01
2.2489489e+01 3.6529942e-01 4.6970680e-01 5.8287939e-01
2.2513514e+01 3.6164304e-01 4.6588725e-01 5.7892556e-01
2.2537538e+01 3.5817880e-01 4.6190246e-01 5.7510653e-01
2.2561562e+01 3.5441687e-01 4.5830872e-01 5.7125076e-01
2.2585586e+01 3.5091036e-01 4.5460270e-01 5.6745434e-01
2.2609610e+01 3.4750807e-01 4.5094758e-01 5.6378661e-01
2.2633634e+01 3.4366178e-01 4.4734166e-01 5.6004556e-01
2.2657658e+01 3.3988587e-01 4.4370567e-01 5.5635471e-01
2.2681682e+01 3.3642172e-01 4.3999851e-01 5.5238455e-01
2.2705706e+01 3.3266831e-01 4.3637712e-01 5.4855256e-01
2.2729730e+01 3.2907757e-01 4.3267193e-01 5.4490355e-01
2.2753754e+01 3.2587683e-01 4.2909208e-01 5.4121464e-01
2.2777778e+01 3.2230098e-01 4.2549421e-01 5.3732740e-01
2.2801802e+01 3.1887228e-01 4.2200571e-01 5.3340219e-01
2.2825826e+01 3.1550457e-01 4.1849934e-01 5.2973319e-01
2.2849850e+01 3.1225941e-01 4.1482974e-01 5.2575766e-01
2.2873874e+01 3.0898850e-01 4.1125757e-01 5.2218534e-01
2.2897898e+01 3.0567551e-01 4.0760771e-01 5.1836419e-01
2.2921922e+01 3.0245915e-01 4.0405824e-01 5.1446566e-01
2.2945946e+01 2.9909514e-01 4.0061941e-01 5.1077599e-01
2.2969970e+01 2.9586126e-01 3.9730859e-01 5.0712040e-01
2.2993994e+01 2.9242161e-01 3.9380268e-01 5.0349588e-01
2.3018018e+01 2.8904200e-01 3.9044520e-01 4.9978252e-01
2.3042042e+01 2.8562162e-01 3.8702602e-01 4.9598976e-01
2.3066066e+01 2.8264855e-01 3.8369999e-01 4.9226677e-01
2.3090090e+01 2.7932577e-01 3.8028016e-01 4.8875633e-01
2.3114114e+01 2.7614606e-01 3.7677019e-01 4.8518436e-01
2.3138138e+01 2.7303829e-01 3.7338899e-01 4.8156565e-01
2.3162162e+01 2.6988803e-01 3.6993829e-01 4.7795658e-01
2.3186186e+01 2.6687528e-01 3.6639119e-01 4.7424488e-01
2.3210210e+01 2.6379398e-01 3.6285703e-01 4.7067467e-01
2.3234234e+01 2.6089368e-01 3.5951124e-01 4.6709966e-01
2.3258258e+01 2.5777715e-01 3.5612113e-01 4.6334391e-01
2.3282282e+01 2.5481732e-01 3.5281009e-01 4.5974974e-01
2.3306306e+01 2.5169119e-01 3.4935731e-01 4.5602449e-01
2.3330330e+01 2.4878701e-01 3.4590472e-01 4.5250276e-01
2.3354354e+01 2.4553360e-01 3.4265288e-01 4.4879288e-01
2.3378378e+01 2.4252378e-01 3.3937704e-01 4.4547880e-01
2.3402402e+01 2.3958804e-01 3.3604787e-01 4.4186633e-01
2.3426426e+01 2.3652884e-01 3.3265262e-01 4.3821352e-01
2.3450450e+01 2.3344381e-01 3.2927966e-01 4.3488452e-01
2.3474474e+01 2.3044532e-01 3.2611137e-01 4.3146164e-01
2.3498498e+01 2.2763220e-01 3.2273075e-01 4.2795377e-01
2.3522523e+01 2.2486641e-01 3.1939777e-01 4.2417659e-01
2.3546547e+01 2.2191311e-01 3.1622873e-01 4.2050498e-01
2.3570571e+01 2.1887234e-01 3.1304895e-01 4.1675257e-01
2.3594595e+01 2.1598026e-01 3.0978953e-01 4.1314089e-01
2.3618619e+01 2.1314011e-01 3.0660640e-01 4.0949626e-01
2.3642643e+01 2.1012277e-01 3.0322802e-01 4.0597397e-01
2.3666667e+01 2.0726255e-01 2.9992409e-01 4.0232249e-01
2.3690691e+01 2.0439895e-01 2.9681455e-01 3.9866023e-01
2.3714715e+01 2.0165833e-01 2.9355225e-01 3.9522326e-01
2.3738739e+01 1.9892117e-01 2.9034383e-01 3.9158098e-01
2.3762763e+01 1.9591136e-01 2.8709693e-01 3.8777746e-01
2.3786787e+01 1.9298787e-01 2.8377566e-01 3.8420584e-01
2.3810811e+01 1.9028691e-01 2.8060721e-01 3.8048107e-01
2.3834835e+01 1.8749523e-01 2.7748256e-01 3.7670638e-01
2.3858859e+01 1.8478249e-01 2.7429665e-01 3.7326782e-01
2.3882883e+01 1.8212969e-01 2.7096584e-01 3.6932292e-01
2.3906907e+01 1.7953000e-01 2.6773660e-01 3.6570468e-01
2.3930931e+01 1.7677218e-01 2.6442340e-01 3.6212222e-01
2.3954955e+01 1.7403249e-01 2.6113893e-01 3.5854196e-01
2.3978979e+01 1.7136724e-01 2.5793253e-01 3.5498841e-01
2.4003003e+01 1.6869577e-01 2.5462027e-01 3.5146763e-01
2.4027027e+01 1.6615954e-01 2.5140223e-01 3.4791191e-01
2.4051051e+01 1.6362152e-01 2.4827860e-01 3.4435075e-01
2.4075075e+01 1.6097966e-01 2.4510956e-01 3.4087147e-01
2.4099099e+01 1.5850458e-01 2.4192176e-01 3.3706725e-01
2.4123123e+01 1.5583455e-01 2.3876131e-01 3.3331041e-01
2.4147147e+01 1.5330182e-01 2.3563391e-01 3.2962527e-01
2.4171171e+01 1.5068868e-01 2.3252189e-01 3.2594981e-01
2.4195195e+01 1.4827458e-01 2.2948207e-01 3.2230665e-01
2.4219219e+01 1.4586897e-01 2.2651809e-01 3.1852029e-01
2.4243243e+01 1.4336774e-01 2.2352043e-01 3.1495429e-01
2.4267267e+01 1.4092094e-01 2.2050598e-01 3.1120529e-01
2.4291291e+01 1.3843019e-01 2.1753059e-01 3.0763378e-01
2.4315315e+01 1.3601903e-01 2.1451758e-01 3.0411477e-01
2.4339339e+01 1.3372238e-01 2.1146094e-01 3.0052270e-01
2.4363363e+01 1.3146867e-01 2.0838827e-01 2.9682279e-01
2.4387387e+01 1.2914480e-01 2.0535397e-01 2.9330185e-01
2.4411411e+01 1.2678621e-01 2.0235762e-01 2.8967344e-01
2.4435435e+01 1.2449159e-01 1.9937646e-01 2.8601170e-01
2.4459459e+01 1.2218630e-01 1.9647846e-01 2.8253279e-01
2.4483483e+01 1.2000014e-01 1.9350360e-01 2.7897259e-01
2.4507508e+01 1.1776954e-01 1.9057502e-01 2.7539815e-01
2.4531532e+01 1.1552478e-01 1.8765023e-01 2.7201116e-01
2.4555556e+01 1.1338490e-01 1.8474252e-01 2.6844830e-01
2.4579580e+01 1.1121309e-01 1.8198875e-01 2.6501095e-01
2.4603604e+01 1.0896578e-01 1.7912399e-01 2.6161989e-01
2.4627628e+01 1.0677092e-01 1.7632841e-01 2.5812439e-01
2.4651652e+01 1.0457574e-01 1.7349613e-01 2.5461717e-01
2.4675676e+01 1.0242957e-01 1.7074959e-01 2.5103632e-01
2.4699700e+01 1.0029230e-01 1.6791816e-01 2.4752390e-01
2.4723724e+01 9.8199784e-02 1.6517785e-01 2.4406536e-01
2.4747748e+01 9.6219476e-02 1.6251849e-01 2.4066158e-01
2.4771772e+01 9.4201511e-02 1.5978346e-01 2.3715355e-01
2.4795796e+01 9.2353230e-02 1.5705748e-01 2.3364261e-01
2.4819820e+01 9.0443938e-02 1.5434399e-01 2.3011702e-01
2.4843844e+01 8.8578323e-02 1.5173487e-01 2.2676083e-01
2.4867868e+01 8.6771340e-02 1.4898450e-01 2.2339109e-01
2.4891892e+01 8.4790400e-02 1.4629591e-01 2.1997564e-01
2.4915916e+01 8.3045605e-02 1.4368624e-01 2.1652100e-01
2.4939940e+01 8.1116889e-02 1.4104361e-01 2.1307488e-01
2.4963964e+01 7.9338764e-02 1.3849921e-01 2.0985545e-01
2.4987988e+01 7.7548095e-02 1.3594240e-01 2.0654905e-01
2.5012012e+01 7.5848365e-02 1.3339906e-01 2.0312384e-01
2.5036036e+01 7.4093506e-02 1.3092191e-01 1.9984176e-01
2.5060060e+01 7.2401316e-02 1.2847542e-01 1.9655763e-01
2.5084084e+01 7.0721125e-02 1.2610378e-01 1.9326690e-01
2.5108108e+01 6.9050399e-02 1.2370165e-01 1.9010279e-01
2.5132132e+01 6.7454319e-02 1.2134054e-01 1.8684404e-01
2.5156156e+01 6.5867536e-02 1.1907795e-01 1.8365592e-01
2.5180180e+01 6.4280474e-02 1.1671690e-01 1.8051619e-01
2.5204204e+01 6.2724444e-02 1.1442981e-01 1.7733357e-01
2.5228228e+01 6.1214479e-02 1.1220917e-01 1.7414578e-01
2.5252252e+01 5.9763710e-02 1.1002534e-01 1.7097094e-01
2.5276276e+01 5.8269780e-02 1.0774833e-01 1.6785563e-01
2.5300300e+01 5.6780070e-02 1.0554492e-01 1.6478322e-01
2.5324324e+01 5.5371449e-02 1.0334985e-01 1.6174211e-01
2.5348348e+01 5.4015244e-02 1.0117209e-01 1.5870780e-01
2.5372372e+01 5.2640916e-02 9.9072518e-02 1.5568526e-01
2.5396396e+01 5.1292789e-02 9.7035767e-02 1.5278297e-01
2.5420420e+01 4.9982897e-02 9.5022186e-02 1.4984583e-01
2.5444444e+01 4.8669376e-02 9.3002985e-02 1.4692507e-01
2.5468468e+01 4.7421114e-02 9.0986845e-02 1.4418286e-01
2.5492492e+01 4.6225671e-02 8.8981723e-02 1.4136370e-01
2.5516517e+01 4.5063408e-02 8.7039233e-02 1.3855866e-01
2.5540541e+01 4.3910941e-02 8.5084554e-02 1.3591039e-01
2.5564565e+01 4.2853468e-02 8.3185691e-02 1.3320463e-01
2.5588589e+01 4.1716415e-02 8.1305030e-02 1.3048755e-01
2.5612613e+01 4.0539732e-02 7.9511904e-02 1.2785475e-01
2.5636637e+01 3.9425020e-02 7.7689380e-02 1.2516571e-01
2.5660661e+01 3.8353472e-02 7.5845797e-02 1.2255095e-01
2.5684685e+01 3.7255798e-02 7.4081498e-02 1.1990225e-01
2.5708709e+01 3.6226524e-02 7.2347910e-02 1.1733878e-01
2.5732733e+01 3.5200606e-02 7.0595980e-02 1.1477429e-01
2.5756757e+01 3.4185474e-02 6.8906719e-02 1.1226031e-01
2.5780781e+01 3.3209675e-02 6.7234989e-02 1.0976952e-01
2.5804805e+01 3.2297566e-02 6.5561707e-02 1.0734356e-01
2.5828829e+01 3.1332211e-02 6.3932996e-02 1.0494453e-01
2.5852853e+01 3.0369927e-02 6.2326905e-02 1.0257007e-01
2.5876877e+01 2.9403209e-02 6.0752068e-02 1.0021370e-01
2.5900901e+01 2.8507382e-02 5.9212985e-02 9.7851394e-02
2.5924925e+01 2.7635566e-02 5.7682068e-02 9.5526332e-02
2.5948949e+01 2.6763479e-02 5.6192845e-02 9.3292417e-02
2.5972973e+01 2.5898627e-02 5.4721724e-02 9.1103007e-02
2.5996997e+01 2.5045511e-02 5.3284173e-02 8.8939520e-02
2.6021021e+01 2.4221375e-02 5.1832610e-02 8.6774419e-02
2.6045045e+01 2.3401385e-02 5.0463640e-02 8.4658870e-02
2.6069069e+01 2.2641461e-02 4.9112438e-02 8.2552618e-02
2.6093093e+01 2.1849972e-02 4.7754964e-02 8.0547668e-02
2.6117117e+01 2.1096470e-02 4.6445350e-02 7.8527384e-02
2.6141141e+01 2.0360129e-02 4.5154996e-02 7.6524883e-02
2.6165165e+01 1.9627686e-02 4.3910437e-02 7.4572671e-02
2.6189189e+01 1.8931832e-02 4.2673680e-02 7.2671124e-02
2.6213213e+01 1.8252579e-02 4.1429172e-02 7.0741638e-02
2.6237237e+01 1.7610120e-02 4.0213817e-02 6.8852661e-02
2.6261261e+01 1.6986757e-02 3.9065074e-02 6.7054212e-02
2.6285285e+01 1.6364341e-02 3.7927413e-02 6.5276896e-02
2.6309309e+01 1.5769538e-02 3.6811086e-02 6.3514110e-02
2.6333333e+01 1.5198935e-02 3.5710552e-02 6.1795091e-02
2.6357357e+01 1.4633020e-02 3.4641258e-02 6.0117354e-02
2.6381381e+01 1.4091151e-02 3.3597265e-02 5.8443439e-02
2.6405405e+01 1.3558675e-02 3.2564495e-02 5.6815073e-02
2.6429429e+01 1.3039851e-02 3.1562127e-02 5.5221792e-02
2.6453453e+01 1.2539027e-02 3.0586001e-02 5.3664683e-02
2.6477477e+01 1.2056702e-02 2.9647646e-02 5.2138941e-02
2.6501502e+01 1.1590930e-02 2.8722608e-02 5.0630961e-02
2.6525526e+01 1.1127037e-02 2.7801316e-02 4.9160605e-02
2.6549550e+01 1.0692705e-02 2.6906865e-02 4.7713080e-02
2.6573574e+01 1.0265651e-02 2.6050059e-02 4.6295775e-02
2.6597598e+01 9.8660279e-03 2.5204287e-02 4.4923229e-02
2.6621622e+01 9.4653085e-03 2.4383111e-02 4.3563131e-02
2.6645646e+01 9.0790497e-03 2.3578156e-02 4.2248755e-02
2.6669670e+01 8.7127709e-03 2.2798914e-02 4.0979507e-02
2.6693694e+01 8.3550644e-03 2.2040805e-02 3.9709854e-02
2.6717718e+01 8.0108702e-03 2.1307771e-02 3.8480671e-02
2.6741742e+01 7.6769992e-03 2.0601672e-02 3.7265643e-02
2.6765766e+01 7.3647977e-03 1.9904225e-02 3.6090409e-02
2.6789790e+01 7.0651042e-03 1.9220871e-02 3.4961244e-02
2.6813814e+01 6.7685398e-03 1.8561750e-02 3.3850557e-02
2.6837838e+01 6.4787656e-03 1.7930717e-02 3.2770844e-02
2.6861862e+01 6.2081168e-03 1.7309915e-02 3.1701511e-02
2.6885886e+01 5.9444735e-03 1.6704429e-02 3.0659180e-02
2.6909910e+01 5.6872284e-03 1.6109523e-02 2.9629577e-02
2.6933934e+01 5.4374856e-03 1.5534699e-02 2.8656261e-02
2.6957958e+01 5.1955072e-03 1.4986321e-02 2.7700272e-02
2.6981982e+01 4.9659935e-03 1.4443744e-02 2.6770941e-02
2.7006006e+01 4.7449115e-03 1.3925864e-02 2.5866820e-02
2.7030030e+01 4.5303989e-03 1.3419201e-02 2.4983433e-02
2.7054054e+01 4.3323882e-03 1.2924767e-02 2.4132395e-02
2.7078078e+01 4.1379277e-03 1.2446781e-02 2.3281100e-02
2.7102102e+01 3.9556732e-03 1.1994018e-02 2.2464465e-02
2.7126126e+01 3.7751482e-03 1.1543226e-02 2.1667015e-02
2.7150150e+01 3.6050854e-03 1.1109334e-02 2.0903435e-02
2.7174174e+01 3.4375017e-03 1.0686693e-02 2.0158575e-02
2.7198198e+01 3.2809689e-03 1.0281554e-02 1.9438950e-02
2.7222222e+01 3.1302271e-03 9.8877577e-03 1.8737450e-02
2.7246246e+01 2.9805747e-03 9.5029583e-03 1.8065962e-02
2.7270270e+01 2.8398012e-03 9.1391642e-03 1.7410335e-02
2.7294294e+01 2.7070170e-03 8.7814958e-03 1.6765546e-02
2.7318318e+01 2.5786639e-03 8.4395552e-03 1.6149806e-02
2.7342342e+01 2.4551271e-03 8.1108794e-03 1.5540214e-02
2.7366366e+01 2.3361167e-03 7.7965592e-03 1.4957783e-02
2.7390390e+01 2.2237308e-03 7.4874301e-03 1.4390525e-02
2.7414414e+01 2.1157820e-03 7.1895147e-03 1.3847675e-02
2.7438438e+01 2.0115897e-03 6.8990380e-03 1.3310065e-02
2.7462462e+01 1.9118169e-03 6.6214211e-03 1.2800143e-02
2.7486486e+01 1.8166544e-03 6.3533257e-03 1.2312078e-02
2.7510511e+01 1.7270278e-03 6.0932902e-03 1.1834632e-02
2.7534535e+01 1.6424118e-03 5.8420013e-03 1.1368304e-02
2.7558559e+01 1.5606791e-03 5.6005008e-03 1.0922163e-02
2.7582583e+01 1.4815342e-03 5.3683802e-03 1.0489084e-02
2.7606607e+01 1.4063625e-03 5.1457391e-03 1.0068205e-02
2.7630631e+01 1.3361877e-03 4.9298892e-03 9.6629970e-03
2.7654655e+01 1.2691958e-03 4.7221374e-03 9.2726015e-03
2.7678679e+01 1.2050401e-03 4.5242139e-03 8.8972851e-03
2.7702703e+01 1.1441153e-03 4.3337157e-03 8.5332466e-03
2.7726727e+01 1.0847819e-03 4.1470507e-03 8.1813526e-03
2.7750751e+01 1.0281585e-03 3.9715283e-03 7.8418739e-03
2.7774775e+01 9.7380918e-04 3.7990909e-03 7.5166154e-03
2.7798799e+01 9.2316013e-04 3.6357973e-03 7.2049999e-03
2.7822823e+01 8.7398485e-04 3.4764862e-03 6.9005034e-03
2.7846847e+01 8.2833168e-04 3.3239789e-03 6.6083743e-03
2.7870871e+01 7.8379165e-04 3.1769042e-03 6.3228044e-03
2.7894895e+01 7.4255998e-04 3.0396024e-03 6.0497244e-03
2.7918919e+01 7.0149975e-04 2.9035869e-03 5.7879374e-03
2.7942943e+01 6.6340706e-04 2.7750024e-03 5.5352860e-03
2.7966967e+01 6.2762025e-04 2.6506838e-03 5.2961621e-03
2.7990991e+01 5.9353746e-04 2.5325176e-03 5.0669185e-03
2.8015015e+01 5.6099128e-04 2.4173713e-03 4.8444046e-03
2.8039039e+01 5.2948928e-04 2.3064942e-03 4.6307637e-03
2.8063063e+01 4.9996177e-04 2.2011020e-03 4.4248362e-03
2.8087087e+01 4.7209605e-04 2.0997283e-03 4.2236658e-03
2.8111111e+01 4.4555545e-04 2.0029385e-03 4.0337796e-03
2.8135135e+01 4.2081071e-04 1.9095642e-03 3.8510198e-03
2.8159159e+01 3.9734489e-04 1.8197267e-03 3.6747006e-03
2.8183183e+01 3.7495947e-04 1.7336857e-03 3.5064933e-03
2.8207207e+01 3.5423169e-04 1.6518964e-03 3.3434490e-03
2.8231231e+01 3.3430169e-04 1.5735283e-03 3.1885552e-03
2.8255255e+01 3.1514345e-04 1.4993364e-03 3.0411138e-03
2.8279279e+01 2.9728249e-04 1.4276714e-03 2.8989688e-03
2.8303303e+01 2.8017606e-04 1.3590095e-03 2.7628023e-03
2.8327327e+01 2.6378382e-04 1.2938169e-03 2.6300048e-03
2.8351351e+01 2.4817401e-04 1.2310614e-03 2.5052313e-03
2.8375375e+01 2.3355442e-04 1.1701561e-03 2.3847372e-03
2.8399399e+01 2.1988379e-04 1.1127380e-03 2.2698905e-03
2.8423423e+01 2.0676990e-04 1.0574093e-03 2.1599360e-03
2.8447447e+01 1.9441398e-04 1.0047317e-03 2.0546787e-03
2.8471471e+01 1.8271000e-04 9.5455155e-04 1.9550437e-03
2.8495495e+01 1.7190263e-04 9.0674053e-04 1.8584149e-03
2.8519520e+01 1.6169408e-04 8.6153015e-04 1.7666021e-03
2.8543544e+01 1.5194650e-04 8.1824207e-04 1.6787226e-03
2.8567568e+01 1.4301150e-04 7.7649353e-04 1.5952792e-03
2.8591592e+01 1.3447924e-04 7.3664665e-04 1.5157224e-03
2.8615616e+01 1.2619904e-04 6.9873060e-04 1.4396828e-03
2.8639640e+01 1.1853264e-04 6.6307269e-04 1.3665632e-03
2.8663664e+01 1.1133146e-04 6.2832393e-04 1.2969124e-03
2.8687688e+01 1.0451734e-04 5.9566746e-04 1.2312490e-03
2.8711712e+01 9.7977889e-05 5.6437235e-04 1.1680704e-03
2.8735736e+01 9.1882085e-05 5.3503466e-04 1.1077298e-03
2.8759760e+01 8.6159887e-05 5.0690033e-04 1.0506445e-03
2.8783784e+01 8.0802088e-05 4.8018121e-04 9.9568378e-04
2.8807808e+01 7.5624640e-05 4.5460786e-04 9.4308695e-04
2.8831832e+01 7.0876415e-05 4.3051076e-04 8.9359012e-04
2.8855856e+01 6.6388739e-05 4.0746780e-04 8.4628048e-04
2.8879880e+01 6.2127711e-05 3.8543222e-04 8.0147800e-04
2.8903904e+01 5.8129184e-05 3.6452161e-04 7.5861676e-04
2.8927928e+01 5.4372098e-05 3.4465866e-04 7.1783367e-04
2.8951952e+01 5.0833480e-05 3.2568091e-04 6.7920089e-04
2.8975976e+01 4.7519581e-05 3.0779233e-04 6.4247220e-04
2.9000000e+01 4.4375551e-05 2.9056157e-04 6.0743442e-04
