X KDE_INF KDE_MED KDE_SUP
-3.0000000e+00 5.0792802e-08 3.4964434e-02 6.9932329e-02
-2.9949950e+00 5.4129660e-08 3.4961925e-02 6.9927503e-02
-2.9899900e+00 5.7648609e-08 3.4954398e-02 6.9912656e-02
-2.9849850e+00 6.1418374e-08 3.4941857e-02 6.9887786e-02
-2.9799800e+00 6.5355589e-08 3.4924307e-02 6.9852918e-02
-2.9749750e+00 6.9510801e-08 3.4901756e-02 6.9808048e-02
-2.9699700e+00 7.3927372e-08 3.4874214e-02 6.9753255e-02
-2.9649650e+00 7.8735603e-08 3.4841692e-02 6.9688492e-02
-2.9599600e+00 8.3779444e-08 3.4804204e-02 6.9613802e-02
-2.9549550e+00 8.9115392e-08 3.4761766e-02 6.9529271e-02
-2.9499499e+00 9.4926222e-08 3.4714397e-02 6.9434848e-02
-2.9449449e+00 1.0098843e-07 3.4662117e-02 6.9330609e-02
-2.9399399e+00 1.0748057e-07 3.4604948e-02 6.9216618e-02
-2.9349349e+00 1.1434935e-07 3.4542915e-02 6.9092946e-02
-2.9299299e+00 1.2162965e-07 3.4476044e-02 6.8959661e-02
-2.9249249e+00 1.2938947e-07 3.4404364e-02 6.8816711e-02
-2.9199199e+00 1.3762478e-07 3.4327905e-02 6.8664226e-02
-2.9149149e+00 1.4633775e-07 3.4246700e-02 6.8502272e-02
-2.9099099e+00 1.5579948e-07 3.4160783e-02 6.8330929e-02
-2.9049049e+00 1.6557478e-07 3.4070192e-02 6.8150364e-02
-2.8998999e+00 1.7599272e-07 3.3974963e-02 6.7960638e-02
-2.8948949e+00 1.8699674e-07 3.3875138e-02 6.7761704e-02
-2.8898899e+00 1.9856645e-07 3.3770759e-02 6.7553530e-02
-2.8848849e+00 2.1099171e-07 3.3661869e-02 6.7336388e-02
-2.8798799e+00 2.2393556e-07 3.3548514e-02 6.7110695e-02
-2.8748749e+00 2.3780822e-07 3.3430743e-02 6.6875888e-02
-2.8698699e+00 2.5254240e-07 3.3308603e-02 6.6632376e-02
-2.8648649e+00 2.6813083e-07 3.3182146e-02 6.6380267e-02
-2.8598599e+00 2.8459238e-07 3.3051425e-02 6.6119661e-02
-2.8548549e+00 3.0183873e-07 3.2916494e-02 6.5851241e-02
-2.8498498e+00 3.2040482e-07 3.2777409e-02 6.5574140e-02
-2.8448448e+00 3.4003342e-07 3.2634226e-02 6.5289157e-02
-2.8398398e+00 3.6087381e-07 3.2487006e-02 6.4995836e-02
-2.8348348e+00 3.8282459e-07 3.2335808e-02 6.4694675e-02
-2.8298298e+00 4.0616904e-07 3.2180695e-02 6.4385776e-02
-2.8248248e+00 4.3095555e-07 3.2021729e-02 6.4069320e-02
-2.8198198e+00 4.5734941e-07 3.1858975e-02 6.3745023e-02
-2.8148148e+00 4.8512440e-07 3.1692498e-02 6.3413646e-02
-2.8098098e+00 5.1436247e-07 3.1522367e-02 6.3074986e-02
-2.8048048e+00 5.4529623e-07 3.1348649e-02 6.2729052e-02
-2.7997998e+00 5.7807816e-07 3.1171414e-02 6.2376512e-02
-2.7947948e+00 6.1297939e-07 3.0990732e-02 6.2017164e-02
-2.7897898e+00 6.4893714e-07 3.0806675e-02 6.1650961e-02
-2.7847848e+00 6.8669793e-07 3.0619316e-02 6.1278598e-02
-2.7797798e+00 7.2700763e-07 3.0428729e-02 6.0899645e-02
-2.7747748e+00 7.7055468e-07 3.0234988e-02 6.0516141e-02
-2.7697698e+00 8.1583460e-07 3.0038168e-02 6.0124965e-02
-2.7647648e+00 8.6289691e-07 2.9838347e-02 5.9727852e-02
-2.7597598e+00 9.1288140e-07 2.9635600e-02 5.9327103e-02
-2.7547548e+00 9.6653257e-07 2.9430007e-02 5.8919898e-02
-2.7497497e+00 1.0226833e-06 2.9221646e-02 5.8506385e-02
-2.7447447e+00 1.0816160e-06 2.9010595e-02 5.8088266e-02
-2.7397397e+00 1.1448161e-06 2.8796935e-02 5.7665224e-02
-2.7347347e+00 1.2114335e-06 2.8580746e-02 5.7236605e-02
-2.7297297e+00 1.2812506e-06 2.8362109e-02 5.6803307e-02
-2.7247247e+00 1.3541688e-06 2.8141105e-02 5.6365188e-02
-2.7197197e+00 1.4310465e-06 2.7917815e-02 5.5925365e-02
-2.7147147e+00 1.5135031e-06 2.7692322e-02 5.5479448e-02
-2.7097097e+00 1.5982944e-06 2.7464708e-02 5.5029513e-02
-2.7047047e+00 1.6889779e-06 2.7235056e-02 5.4580178e-02
-2.6996997e+00 1.7841815e-06 2.7003447e-02 5.4125367e-02
-2.6946947e+00 1.8872382e-06 2.6769966e-02 5.3665797e-02
-2.6896897e+00 1.9926753e-06 2.6534695e-02 5.3205978e-02
-2.6846847e+00 2.1047435e-06 2.6297717e-02 5.2744898e-02
-2.6796797e+00 2.2255007e-06 2.6059114e-02 5.2277087e-02
-2.6746747e+00 2.3528298e-06 2.5818971e-02 5.1805853e-02
-2.6696697e+00 2.4846317e-06 2.5577369e-02 5.1331293e-02
-2.6646647e+00 2.6225398e-06 2.5334392e-02 5.0854762e-02
-2.6596597e+00 2.7677381e-06 2.5090122e-02 5.0380809e-02
-2.6546547e+00 2.9211911e-06 2.4844641e-02 4.9911854e-02
-2.6496496e+00 3.0824258e-06 2.4598033e-02 4.9435601e-02
-2.6446446e+00 3.2523534e-06 2.4350376e-02 4.8958957e-02
-2.6396396e+00 3.4344000e-06 2.4101754e-02 4.8476176e-02
-2.6346346e+00 3.6241409e-06 2.3852246e-02 4.7997087e-02
-2.6296296e+00 3.8238063e-06 2.3601935e-02 4.7517237e-02
-2.6246246e+00 4.0359965e-06 2.3350898e-02 4.7033884e-02
-2.6196196e+00 4.2569180e-06 2.3099216e-02 4.6546738e-02
-2.6146146e+00 4.4870834e-06 2.2846971e-02 4.6058223e-02
-2.6096096e+00 4.7320441e-06 2.2594235e-02 4.5590304e-02
-2.6046046e+00 4.9889754e-06 2.2341091e-02 4.5110248e-02
-2.5995996e+00 5.2617114e-06 2.2087613e-02 4.4631517e-02
-2.5945946e+00 5.5425368e-06 2.1833881e-02 4.4158184e-02
-2.5895896e+00 5.8491337e-06 2.1579967e-02 4.3714000e-02
-2.5845846e+00 6.1669750e-06 2.1325943e-02 4.3249048e-02
-2.5795796e+00 6.4938935e-06 2.1071888e-02 4.2796274e-02
-2.5745746e+00 6.8319882e-06 2.0817877e-02 4.2335410e-02
-2.5695696e+00 7.2010378e-06 2.0563974e-02 4.1890198e-02
-2.5645646e+00 7.5844321e-06 2.0310254e-02 4.1428582e-02
-2.5595596e+00 7.9810602e-06 2.0056791e-02 4.1002669e-02
-2.5545546e+00 8.3931120e-06 1.9803647e-02 4.0539835e-02
-2.5495495e+00 8.8341003e-06 1.9550904e-02 4.0109131e-02
-2.5445445e+00 9.2981612e-06 1.9298616e-02 3.9690593e-02
-2.5395395e+00 9.7834135e-06 1.9046847e-02 3.9300340e-02
-2.5345345e+00 1.0297432e-05 1.8795679e-02 3.8908452e-02
-2.5295295e+00 1.0822925e-05 1.8545164e-02 3.8534838e-02
-2.5245245e+00 1.1373603e-05 1.8295360e-02 3.8157034e-02
-2.5195195e+00 1.1952006e-05 1.8046339e-02 3.7794523e-02
-2.5145145e+00 1.2557956e-05 1.7798172e-02 3.7422515e-02
-2.5095095e+00 1.3202934e-05 1.7550919e-02 3.7222575e-02
-2.5045045e+00 1.3877830e-05 1.7304620e-02 3.6901312e-02
-2.4994995e+00 1.4596751e-05 1.7059329e-02 3.6553005e-02
-2.4944945e+00 1.5350461e-05 1.6815109e-02 3.6308160e-02
-2.4894895e+00 1.6117710e-05 1.6572023e-02 3.6053428e-02
-2.4844845e+00 1.6915474e-05 1.6330118e-02 3.5734102e-02
-2.4794795e+00 1.7791534e-05 1.6089431e-02 3.5499317e-02
-2.4744745e+00 1.8668240e-05 1.5850071e-02 3.5311261e-02
-2.4694695e+00 1.9593659e-05 1.5612021e-02 3.5143844e-02
-2.4644645e+00 2.0568830e-05 1.5375374e-02 3.4999574e-02
-2.4594595e+00 2.1609052e-05 1.5140144e-02 3.4940190e-02
-2.4544545e+00 2.2700820e-05 1.4906402e-02 3.4875244e-02
-2.4494494e+00 2.3844633e-05 1.4674184e-02 3.4858279e-02
-2.4444444e+00 2.5031551e-05 1.4443498e-02 3.4880962e-02
-2.4394394e+00 2.6273363e-05 1.4214442e-02 3.4898378e-02
-2.4344344e+00 2.7586141e-05 1.3987076e-02 3.4868256e-02
-2.4294294e+00 2.8929669e-05 1.3761397e-02 3.4859311e-02
-2.4244244e+00 3.0388861e-05 1.3537483e-02 3.4808959e-02
-2.4194194e+00 3.1895122e-05 1.3315411e-02 3.4763755e-02
-2.4144144e+00 3.3442438e-05 1.3095106e-02 3.4781020e-02
-2.4094094e+00 3.5085428e-05 1.2876554e-02 3.4784716e-02
-2.4044044e+00 3.6798965e-05 1.2659990e-02 3.4762871e-02
-2.3993994e+00 3.8552162e-05 1.2445270e-02 3.4800686e-02
-2.3943944e+00 4.0403899e-05 1.2232596e-02 3.4862168e-02
-2.3893894e+00 4.2350052e-05 1.2021900e-02 3.4877938e-02
-2.3843844e+00 4.4334157e-05 1.1813202e-02 3.4930187e-02
-2.3793794e+00 4.6490067e-05 1.1606915e-02 3.4793552e-02
-2.3743744e+00 4.8712193e-05 1.1402391e-02 3.4177497e-02
-2.3693694e+00 5.1041039e-05 1.1200153e-02 3.3567527e-02
-2.3643644e+00 5.3403156e-05 1.0999998e-02 3.2963802e-02
-2.3593594e+00 5.5846238e-05 1.0801915e-02 3.2366342e-02
-2.3543544e+00 5.8513211e-05 1.0606206e-02 3.1775471e-02
-2.3493493e+00 6.1204946e-05 1.0412763e-02 3.1190891e-02
-2.3443443e+00 6.4067756e-05 1.0221453e-02 3.0612683e-02
-2.3393393e+00 6.7119759e-05 1.0032585e-02 3.0041077e-02
-2.3343343e+00 7.0214200e-05 9.8465614e-03 2.9476549e-02
-2.3293293e+00 7.3428866e-05 9.6626664e-03 2.8919593e-02
-2.3243243e+00 7.6811600e-05 9.4815493e-03 2.8369326e-02
-2.3193193e+00 8.0327422e-05 9.3024607e-03 2.7826595e-02
-2.3143143e+00 8.3996396e-05 9.1259052e-03 2.7290635e-02
-2.3093093e+00 8.7874040e-05 8.9511663e-03 2.6762932e-02
-2.3043043e+00 9.1968881e-05 8.7794982e-03 2.6242245e-02
-2.2992993e+00 9.6271849e-05 8.6109489e-03 2.5732229e-02
-2.2942943e+00 1.0058178e-04 8.4447121e-03 2.5230880e-02
-2.2892893e+00 1.0512964e-04 8.2820745e-03 2.4738370e-02
-2.2842843e+00 1.0991973e-04 8.1214998e-03 2.4259955e-02
-2.2792793e+00 1.1468740e-04 7.9640600e-03 2.3783335e-02
-2.2742743e+00 1.1970372e-04 7.8095532e-03 2.3318962e-02
-2.2692693e+00 1.2505699e-04 7.6584673e-03 2.2868099e-02
-2.2642643e+00 1.3050195e-04 7.5073774e-03 2.2429388e-02
-2.2592593e+00 1.3629708e-04 7.3611648e-03 2.2034559e-02
-2.2542543e+00 1.4230489e-04 7.2188555e-03 2.1647310e-02
-2.2492492e+00 1.4851060e-04 7.0788023e-03 2.1269843e-02
-2.2442442e+00 1.5478591e-04 6.9444444e-03 2.0937879e-02
-2.2392392e+00 1.6170233e-04 6.8136069e-03 2.0629974e-02
-2.2342342e+00 1.6867672e-04 6.6827289e-03 2.0374002e-02
-2.2292292e+00 1.7582815e-04 6.5580993e-03 2.0157414e-02
-2.2242242e+00 1.8342995e-04 6.4427118e-03 1.9960410e-02
-2.2192192e+00 1.9120692e-04 6.3202970e-03 1.9747845e-02
-2.2142142e+00 1.9931316e-04 6.2064806e-03 1.9644982e-02
-2.2092092e+00 2.0749118e-04 6.0974277e-03 1.9588460e-02
-2.2042042e+00 2.1626791e-04 5.9933563e-03 1.9561464e-02
-2.1991992e+00 2.2507446e-04 5.8965606e-03 1.9540574e-02
-2.1941942e+00 2.3457450e-04 5.8060261e-03 1.9546111e-02
-2.1891892e+00 2.4450597e-04 5.7191074e-03 1.9564337e-02
-2.1841842e+00 2.5476634e-04 5.6486753e-03 1.9656135e-02
-2.1791792e+00 2.6536299e-04 5.5804243e-03 1.9734577e-02
-2.1741742e+00 2.7633285e-04 5.5123928e-03 1.9822022e-02
-2.1691692e+00 2.8790016e-04 5.4515395e-03 1.9364527e-02
-2.1641642e+00 3.0004806e-04 5.4023109e-03 1.8923190e-02
-2.1591592e+00 3.1240963e-04 5.3608654e-03 1.8516308e-02
-2.1541542e+00 3.2525880e-04 5.3171203e-03 1.8138319e-02
-2.1491491e+00 3.3834175e-04 5.2841025e-03 1.7823371e-02
-2.1441441e+00 3.5178552e-04 5.2693361e-03 1.7634936e-02
-2.1391391e+00 3.6592567e-04 5.2605398e-03 1.7499645e-02
-2.1341341e+00 3.8039792e-04 5.2549044e-03 1.7429472e-02
-2.1291291e+00 3.9551986e-04 5.2499197e-03 1.7404428e-02
-2.1241241e+00 4.1073549e-04 5.2514542e-03 1.7366273e-02
-2.1191191e+00 4.2722387e-04 5.2800677e-03 1.7401797e-02
-2.1141141e+00 4.4432306e-04 5.3166531e-03 1.7500737e-02
-2.1091091e+00 4.6222780e-04 5.3619971e-03 1.7573527e-02
-2.1041041e+00 4.8086400e-04 5.4231778e-03 1.7547298e-02
-2.0990991e+00 5.0024327e-04 5.4673704e-03 1.7226859e-02
-2.0940941e+00 5.1993156e-04 5.5188770e-03 1.7091686e-02
-2.0890891e+00 5.4098751e-04 5.5746906e-03 1.7091091e-02
-2.0840841e+00 5.6229816e-04 5.6367488e-03 1.7157833e-02
-2.0790791e+00 5.8286455e-04 5.7105021e-03 1.7246604e-02
-2.0740741e+00 6.0461376e-04 5.7948897e-03 1.7379702e-02
-2.0690691e+00 6.2849832e-04 5.8455081e-03 1.7489549e-02
-2.0640641e+00 6.5344617e-04 5.7023899e-03 1.7287387e-02
-2.0590591e+00 6.7865210e-04 5.5660090e-03 1.7303654e-02
-2.0540541e+00 7.0461573e-04 5.4403730e-03 1.7404530e-02
-2.0490490e+00 7.3113686e-04 5.3209849e-03 1.7570646e-02
-2.0440440e+00 7.5779300e-04 5.2222585e-03 1.7745487e-02
-2.0390390e+00 7.8626247e-04 5.1292811e-03 1.7794257e-02
-2.0340340e+00 8.1495467e-04 5.0548509e-03 1.7949064e-02
-2.0290290e+00 8.4453495e-04 4.9840773e-03 1.8141843e-02
-2.0240240e+00 8.7588912e-04 4.9314618e-03 1.8311918e-02
-2.0190190e+00 9.0884178e-04 4.8904473e-03 1.8509444e-02
-2.0140140e+00 9.4230761e-04 4.8669885e-03 1.8733326e-02
-2.0090090e+00 9.7571240e-04 4.8473177e-03 1.8930521e-02
-2.0040040e+00 1.0104040e-03 4.8413124e-03 1.9187585e-02
-1.9989990e+00 1.0481618e-03 4.8439358e-03 1.9412191e-02
-1.9939940e+00 1.0869769e-03 4.8515004e-03 1.9691595e-02
-1.9889890e+00 1.1273957e-03 4.8649080e-03 1.9962281e-02
-1.9839840e+00 1.1690197e-03 4.8864928e-03 2.0248357e-02
-1.9789790e+00 1.2123336e-03 4.9185796e-03 2.0519630e-02
-1.9739740e+00 1.2573932e-03 4.9660590e-03 2.0844870e-02
-1.9689690e+00 1.3043388e-03 5.0078104e-03 2.1125575e-02
-1.9639640e+00 1.3521778e-03 4.9173779e-03 2.1420557e-02
-1.9589590e+00 1.3970647e-03 4.8508184e-03 2.1711632e-02
-1.9539540e+00 1.4457592e-03 4.8233819e-03 2.1993894e-02
-1.9489489e+00 1.4911961e-03 4.8139430e-03 2.2299523e-02
-1.9439439e+00 1.4713594e-03 4.8243000e-03 2.2604830e-02
-1.9389389e+00 1.4506235e-03 4.8524166e-03 2.2895075e-02
-1.9339339e+00 1.4340419e-03 4.8798163e-03 2.3218508e-02
-1.9289289e+00 1.4177696e-03 4.9310687e-03 2.3567947e-02
-1.9239239e+00 1.4057662e-03 4.9776650e-03 2.3927953e-02
-1.9189189e+00 1.3951512e-03 4.9889852e-03 2.4217557e-02
-1.9139139e+00 1.3929564e-03 4.9838849e-03 2.4541751e-02
-1.9089089e+00 1.3942383e-03 5.0027916e-03 2.4767368e-02
-1.9039039e+00 1.4026710e-03 5.0332973e-03 2.5078394e-02
-1.8988989e+00 1.4081141e-03 5.0770020e-03 2.5392734e-02
-1.8938939e+00 1.4215909e-03 5.1192190e-03 2.5732973e-02
-1.8888889e+00 1.4350639e-03 5.1708353e-03 2.6080215e-02
-1.8838839e+00 1.4508511e-03 5.1983125e-03 2.6415344e-02
-1.8788789e+00 1.4704463e-03 5.2635820e-03 2.6748768e-02
-1.8738739e+00 1.4912746e-03 5.3266703e-03 2.7075402e-02
-1.8688689e+00 1.5187197e-03 5.3934492e-03 2.7414556e-02
-1.8638639e+00 1.5416128e-03 5.4511623e-03 2.7731906e-02
-1.8588589e+00 1.5735391e-03 5.5297907e-03 2.8107962e-02
-1.8538539e+00 1.6014488e-03 5.6180352e-03 2.8450966e-02
-1.8488488e+00 1.6217870e-03 5.7054144e-03 2.8761936e-02
-1.8438438e+00 1.6267345e-03 5.7885933e-03 2.9107357e-02
-1.8388388e+00 1.6288683e-03 5.8918227e-03 2.9420863e-02
-1.8338338e+00 1.6313067e-03 6.0017199e-03 2.9807144e-02
-1.8288288e+00 1.6383671e-03 6.1096375e-03 3.0116434e-02
-1.8238238e+00 1.6494939e-03 6.2376939e-03 3.0412023e-02
-1.8188188e+00 1.6674061e-03 6.3638342e-03 3.0779792e-02
-1.8138138e+00 1.6870496e-03 6.5134564e-03 3.1067215e-02
-1.8088088e+00 1.7076910e-03 6.6590107e-03 3.1446550e-02
-1.8038038e+00 1.7363650e-03 6.8044873e-03 3.1817045e-02
-1.7987988e+00 1.7534817e-03 6.9581965e-03 3.2190575e-02
-1.7937938e+00 1.7633060e-03 7.1126358e-03 3.2517960e-02
-1.7887888e+00 1.7782228e-03 7.2652265e-03 3.2827149e-02
-1.7837838e+00 1.7979842e-03 7.4375359e-03 3.3194963e-02
-1.7787788e+00 1.8233723e-03 7.6101437e-03 3.3498171e-02
-1.7737738e+00 1.8470160e-03 7.7825626e-03 3.3813887e-02
-1.7687688e+00 1.8739720e-03 7.9644027e-03 3.4143226e-02
-1.7637638e+00 1.8941650e-03 8.1502664e-03 3.4487194e-02
-1.7587588e+00 1.9248076e-03 8.3382213e-03 3.4756680e-02
-1.7537538e+00 1.9454988e-03 8.5301044e-03 3.5011717e-02
-1.7487487e+00 1.9698186e-03 8.7309778e-03 3.5256902e-02
-1.7437437e+00 2.0076593e-03 8.9257752e-03 3.5535268e-02
-1.7387387e+00 2.0426269e-03 9.1416347e-03 3.5879188e-02
-1.7337337e+00 2.0741835e-03 9.3529374e-03 3.6177252e-02
-1.7287287e+00 2.1089336e-03 9.5715725e-03 3.6518093e-02
-1.7237237e+00 2.1486681e-03 9.7999470e-03 3.6889559e-02
-1.7187187e+00 2.1920065e-03 1.0041702e-02 3.7298277e-02
-1.7137137e+00 2.2390684e-03 1.0285549e-02 3.7655862e-02
-1.7087087e+00 2.2844284e-03 1.0525740e-02 3.8012366e-02
-1.7037037e+00 2.3365506e-03 1.0776883e-02 3.8418338e-02
-1.6986987e+00 2.3889814e-03 1.1032926e-02 3.8781239e-02
-1.6936937e+00 2.4486222e-03 1.1291196e-02 3.9168161e-02
-1.6886887e+00 2.5063031e-03 1.1538151e-02 3.9562056e-02
-1.6836837e+00 2.5729107e-03 1.1796623e-02 4.0010790e-02
-1.6786787e+00 2.6312028e-03 1.2057985e-02 4.0495969e-02
-1.6736737e+00 2.6950866e-03 1.2342954e-02 4.0968785e-02
-1.6686687e+00 2.7652380e-03 1.2631064e-02 4.1498561e-02
-1.6636637e+00 2.8404473e-03 1.2933098e-02 4.1969015e-02
-1.6586587e+00 2.9160630e-03 1.3230474e-02 4.2489391e-02
-1.6536537e+00 2.9968017e-03 1.3522348e-02 4.2983729e-02
-1.6486486e+00 3.0817536e-03 1.3826024e-02 4.3492565e-02
-1.6436436e+00 3.1687409e-03 1.4136056e-02 4.4080657e-02
-1.6386386e+00 3.2556726e-03 1.4451200e-02 4.4670123e-02
-1.6336336e+00 3.3552594e-03 1.4767371e-02 4.5264219e-02
-1.6286286e+00 3.4547181e-03 1.5089311e-02 4.5825518e-02
-1.6236236e+00 3.5548072e-03 1.5424133e-02 4.6363961e-02
-1.6186186e+00 3.6623977e-03 1.5759552e-02 4.6954524e-02
-1.6136136e+00 3.7689401e-03 1.6103255e-02 4.7531584e-02
-1.6086086e+00 3.8764017e-03 1.6437580e-02 4.8097080e-02
-1.6036036e+00 3.9909728e-03 1.6784008e-02 4.8759811e-02
-1.5985986e+00 4.1127616e-03 1.7151355e-02 4.9389667e-02
-1.5935936e+00 4.2307443e-03 1.7527450e-02 4.9989980e-02
-1.5885886e+00 4.3538685e-03 1.7905173e-02 5.0695322e-02
-1.5835836e+00 4.4782567e-03 1.8288119e-02 5.1300578e-02
-1.5785786e+00 4.6086779e-03 1.8689284e-02 5.1881663e-02
-1.5735736e+00 4.7495465e-03 1.9108425e-02 5.2501739e-02
-1.5685686e+00 4.8899760e-03 1.9515060e-02 5.3140490e-02
-1.5635636e+00 5.0393606e-03 1.9936406e-02 5.3795105e-02
-1.5585586e+00 5.1900234e-03 2.0356477e-02 5.4449024e-02
-1.5535536e+00 5.3396882e-03 2.0783959e-02 5.5103673e-02
-1.5485485e+00 5.5021482e-03 2.1212790e-02 5.5749266e-02
-1.5435435e+00 5.6628569e-03 2.1636966e-02 5.6480595e-02
-1.5385385e+00 5.8318985e-03 2.2081784e-02 5.7193753e-02
-1.5335335e+00 6.0117069e-03 2.2525969e-02 5.7862225e-02
-1.5285285e+00 6.1893274e-03 2.2977829e-02 5.8550938e-02
-1.5235235e+00 6.3728547e-03 2.3452680e-02 5.9261428e-02
-1.5185185e+00 6.5589512e-03 2.3950879e-02 5.9942082e-02
-1.5135135e+00 6.7457389e-03 2.4428442e-02 6.0634495e-02
-1.5085085e+00 6.9382723e-03 2.4909813e-02 6.1301788e-02
-1.5035035e+00 7.1454184e-03 2.5395429e-02 6.1969617e-02
-1.4984985e+00 7.3495020e-03 2.5870290e-02 6.2672171e-02
-1.4934935e+00 7.5692518e-03 2.6389683e-02 6.3382445e-02
-1.4884885e+00 7.7881436e-03 2.6882749e-02 6.3971075e-02
-1.4834835e+00 8.0036966e-03 2.7400067e-02 6.4667878e-02
-1.4784785e+00 8.2281308e-03 2.7942768e-02 6.5435326e-02
-1.4734735e+00 8.4599290e-03 2.8433231e-02 6.6145756e-02
-1.4684685e+00 8.6977086e-03 2.8968852e-02 6.6904332e-02
-1.4634635e+00 8.9411126e-03 2.9478734e-02 6.7570255e-02
-1.4584585e+00 9.1948915e-03 2.9991682e-02 6.8326213e-02
-1.4534535e+00 9.4516961e-03 3.0541086e-02 6.9024340e-02
-1.4484484e+00 9.7145971e-03 3.1065534e-02 6.9806952e-02
-1.4434434e+00 9.9798700e-03 3.1630909e-02 7.0428270e-02
-1.4384384e+00 1.0251711e-02 3.2182035e-02 7.1136635e-02
-1.4334334e+00 1.0533933e-02 3.2698664e-02 7.1799432e-02
-1.4284284e+00 1.0811920e-02 3.3238162e-02 7.2480608e-02
-1.4234234e+00 1.1110469e-02 3.3794909e-02 7.3199162e-02
-1.4184184e+00 1.1422838e-02 3.4376584e-02 7.3878570e-02
-1.4134134e+00 1.1741665e-02 3.4967514e-02 7.4632800e-02
-1.4084084e+00 1.2052323e-02 3.5527212e-02 7.5390257e-02
-1.4034034e+00 1.2383451e-02 3.6081893e-02 7.6174113e-02
-1.3983984e+00 1.2716743e-02 3.6617543e-02 7.6897154e-02
-1.3933934e+00 1.3055850e-02 3.7182483e-02 7.7611212e-02
-1.3883884e+00 1.3408034e-02 3.7739235e-02 7.8419733e-02
-1.3833834e+00 1.3748645e-02 3.8322002e-02 7.9193165e-02
-1.3783784e+00 1.4118637e-02 3.8913009e-02 7.9897510e-02
-1.3733734e+00 1.4489194e-02 3.9531485e-02 8.0746219e-02
-1.3683684e+00 1.4875046e-02 4.0137257e-02 8.1506368e-02
-1.3633634e+00 1.5273269e-02 4.0761418e-02 8.2315559e-02
-1.3583584e+00 1.5656758e-02 4.1383691e-02 8.3269997e-02
-1.3533534e+00 1.6058742e-02 4.2033355e-02 8.4162722e-02
-1.3483483e+00 1.6492796e-02 4.2648174e-02 8.4958810e-02
-1.3433433e+00 1.6922163e-02 4.3295087e-02 8.5933770e-02
-1.3383383e+00 1.7332383e-02 4.3966898e-02 8.6882515e-02
-1.3333333e+00 1.7760797e-02 4.4667340e-02 8.7814835e-02
-1.3283283e+00 1.8224911e-02 4.5325496e-02 8.8636722e-02
-1.3233233e+00 1.8675686e-02 4.6021210e-02 8.9525964e-02
-1.3183183e+00 1.9145006e-02 4.6771024e-02 9.0466807e-02
-1.3133133e+00 1.9614622e-02 4.7502217e-02 9.1296031e-02
-1.3083083e+00 2.0123725e-02 4.8236713e-02 9.2229334e-02
-1.3033033e+00 2.0611365e-02 4.8968511e-02 9.3244556e-02
-1.2982983e+00 2.1126378e-02 4.9666931e-02 9.4266834e-02
-1.2932933e+00 2.1658338e-02 5.0423477e-02 9.5240337e-02
-1.2882883e+00 2.2172970e-02 5.1173486e-02 9.6228599e-02
-1.2832833e+00 2.2703711e-02 5.1965927e-02 9.7307365e-02
-1.2782783e+00 2.3221967e-02 5.2781340e-02 9.8348403e-02
-1.2732733e+00 2.3768974e-02 5.3562118e-02 9.9455677e-02
-1.2682683e+00 2.4328045e-02 5.4358405e-02 1.0047673e-01
-1.2632633e+00 2.4865593e-02 5.5236049e-02 1.0151180e-01
-1.2582583e+00 2.5451193e-02 5.6091258e-02 1.0264301e-01
-1.2532533e+00 2.6066304e-02 5.6925027e-02 1.0361992e-01
-1.2482482e+00 2.6650998e-02 5.7774199e-02 1.0465685e-01
-1.2432432e+00 2.7278860e-02 5.8656738e-02 1.0576488e-01
-1.2382382e+00 2.7917414e-02 5.9566112e-02 1.0682619e-01
-1.2332332e+00 2.8543359e-02 6.0476727e-02 1.0800030e-01
-1.2282282e+00 2.9198179e-02 6.1353321e-02 1.0915077e-01
-1.2232232e+00 2.9827435e-02 6.2272266e-02 1.1020313e-01
-1.2182182e+00 3.0471516e-02 6.3199122e-02 1.1140501e-01
-1.2132132e+00 3.1115643e-02 6.4165371e-02 1.1256401e-01
-1.2082082e+00 3.1812503e-02 6.5098826e-02 1.1375713e-01
-1.2032032e+00 3.2517850e-02 6.6046967e-02 1.1492166e-01
-1.1981982e+00 3.3194681e-02 6.7072433e-02 1.1612030e-01
-1.1931932e+00 3.3925438e-02 6.8061714e-02 1.1727361e-01
-1.1881882e+00 3.4655976e-02 6.8985781e-02 1.1840513e-01
-1.1831832e+00 3.5408845e-02 7.0031409e-02 1.1954431e-01
-1.1781782e+00 3.6128283e-02 7.1049742e-02 1.2084496e-01
-1.1731732e+00 3.6866520e-02 7.1995200e-02 1.2214518e-01
-1.1681682e+00 3.7576974e-02 7.2997577e-02 1.2341145e-01
-1.1631632e+00 3.8347624e-02 7.4108125e-02 1.2464980e-01
-1.1581582e+00 3.9113753e-02 7.5126294e-02 1.2589061e-01
-1.1531532e+00 3.9939629e-02 7.6151637e-02 1.2721514e-01
-1.1481481e+00 4.0794985e-02 7.7213310e-02 1.2843587e-01
-1.1431431e+00 4.1584067e-02 7.8290502e-02 1.2976489e-01
-1.1381381e+00 4.2385597e-02 7.9458200e-02 1.3105377e-01
-1.1331331e+00 4.3211395e-02 8.0537039e-02 1.3241354e-01
-1.1281281e+00 4.4039298e-02 8.1679195e-02 1.3378672e-01
-1.1231231e+00 4.4927093e-02 8.2773828e-02 1.3505344e-01
-1.1181181e+00 4.5810215e-02 8.3929362e-02 1.3632627e-01
-1.1131131e+00 4.6713305e-02 8.5048675e-02 1.3763412e-01
-1.1081081e+00 4.7619585e-02 8.6159777e-02 1.3902942e-01
-1.1031031e+00 4.8521537e-02 8.7356806e-02 1.4057230e-01
-1.0980981e+00 4.9417413e-02 8.8510636e-02 1.4203822e-01
-1.0930931e+00 5.0411119e-02 8.9711212e-02 1.4346918e-01
-1.0880881e+00 5.1329403e-02 9.0877055e-02 1.4495908e-01
-1.0830831e+00 5.2274495e-02 9.2100616e-02 1.4644688e-01
-1.0780781e+00 5.3221387e-02 9.3355630e-02 1.4786816e-01
-1.0730731e+00 5.4139594e-02 9.4552209e-02 1.4930237e-01
-1.0680681e+00 5.5111762e-02 9.5844179e-02 1.5071516e-01
-1.0630631e+00 5.6101338e-02 9.7111977e-02 1.5221616e-01
-1.0580581e+00 5.7154446e-02 9.8397947e-02 1.5384211e-01
-1.0530531e+00 5.8166517e-02 9.9742215e-02 1.5534265e-01
-1.0480480e+00 5.9190394e-02 1.0108602e-01 1.5679098e-01
-1.0430430e+00 6.0220830e-02 1.0243310e-01 1.5829538e-01
-1.0380380e+00 6.1287993e-02 1.0375750e-01 1.5982279e-01
-1.0330330e+00 6.2359006e-02 1.0512895e-01 1.6133214e-01
-1.0280280e+00 6.3441019e-02 1.0651337e-01 1.6290958e-01
-1.0230230e+00 6.4536839e-02 1.0790657e-01 1.6450718e-01
-1.0180180e+00 6.5683833e-02 1.0924273e-01 1.6602529e-01
-1.0130130e+00 6.6793170e-02 1.1066739e-01 1.6755899e-01
-1.0080080e+00 6.7961633e-02 1.1210675e-01 1.6924587e-01
-1.0030030e+00 6.9190424e-02 1.1355478e-01 1.7084868e-01
-9.9799800e-01 7.0347356e-02 1.1496762e-01 1.7253957e-01
-9.9299299e-01 7.1527310e-02 1.1648616e-01 1.7419929e-01
-9.8798799e-01 7.2767351e-02 1.1802573e-01 1.7602584e-01
-9.8298298e-01 7.3972226e-02 1.1956931e-01 1.7779176e-01
-9.7797798e-01 7.5183756e-02 1.2105660e-01 1.7952944e-01
-9.7297297e-01 7.6482173e-02 1.2257267e-01 1.8135147e-01
-9.6796797e-01 7.7777547e-02 1.2410752e-01 1.8316156e-01
-9.6296296e-01 7.8982565e-02 1.2572424e-01 1.8492830e-01
-9.5795796e-01 8.0228622e-02 1.2729817e-01 1.8679870e-01
-9.5295295e-01 8.1537780e-02 1.2885439e-01 1.8869851e-01
-9.4794795e-01 8.2871619e-02 1.3047944e-01 1.9043384e-01
-9.4294294e-01 8.4216753e-02 1.3217258e-01 1.9219114e-01
-9.3793794e-01 8.5576116e-02 1.3385025e-01 1.9408506e-01
-9.3293293e-01 8.6895153e-02 1.3553218e-01 1.9596807e-01
-9.2792793e-01 8.8224588e-02 1.3719871e-01 1.9789244e-01
-9.2292292e-01 8.9655529e-02 1.3884127e-01 1.9980639e-01
-9.1791792e-01 9.1016485e-02 1.4058094e-01 2.0178057e-01
-9.1291291e-01 9.2434268e-02 1.4223586e-01 2.0372340e-01
-9.0790791e-01 9.3887327e-02 1.4399825e-01 2.0562514e-01
-9.0290290e-01 9.5296739e-02 1.4579756e-01 2.0767021e-01
-8.9789790e-01 9.6780410e-02 1.4749778e-01 2.0972347e-01
-8.9289289e-01 9.8352688e-02 1.4930155e-01 2.1180284e-01
-8.8788789e-01 9.9871512e-02 1.5110583e-01 2.1374151e-01
-8.8288288e-01 1.0140884e-01 1.5286451e-01 2.1566585e-01
-8.7787788e-01 1.0292864e-01 1.5463904e-01 2.1772698e-01
-8.7287287e-01 1.0452664e-01 1.5643330e-01 2.1977990e-01
-8.6786787e-01 1.0607599e-01 1.5821828e-01 2.2190000e-01
-8.6286286e-01 1.0771585e-01 1.6009770e-01 2.2405618e-01
-8.5785786e-01 1.0927173e-01 1.6210958e-01 2.2607742e-01
-8.5285285e-01 1.1092525e-01 1.6404928e-01 2.2823301e-01
-8.4784785e-01 1.1261830e-01 1.6589744e-01 2.3042172e-01
-8.4284284e-01 1.1429224e-01 1.6783461e-01 2.3262480e-01
-8.3783784e-01 1.1594834e-01 1.6975807e-01 2.3480637e-01
-8.3283283e-01 1.1766543e-01 1.7168714e-01 2.3703971e-01
-8.2782783e-01 1.1935363e-01 1.7378808e-01 2.3930814e-01
-8.2282282e-01 1.2108975e-01 1.7583837e-01 2.4154004e-01
-8.1781782e-01 1.2289012e-01 1.7792469e-01 2.4387019e-01
-8.1281281e-01 1.2463261e-01 1.7991371e-01 2.4622984e-01
-8.0780781e-01 1.2640452e-01 1.8191905e-01 2.4845465e-01
-8.0280280e-01 1.2809035e-01 1.8392419e-01 2.5065778e-01
-7.9779780e-01 1.2981319e-01 1.8597838e-01 2.5304180e-01
-7.9279279e-01 1.3153827e-01 1.8807087e-01 2.5538247e-01
-7.8778779e-01 1.3329166e-01 1.9022766e-01 2.5772985e-01
-7.8278278e-01 1.3507870e-01 1.9232537e-01 2.6006302e-01
-7.7777778e-01 1.3694298e-01 1.9444416e-01 2.6242548e-01
-7.7277277e-01 1.3879506e-01 1.9667072e-01 2.6475659e-01
-7.6776777e-01 1.4068096e-01 1.9890827e-01 2.6725875e-01
-7.6276276e-01 1.4259233e-01 2.0101591e-01 2.6969847e-01
-7.5775776e-01 1.4446399e-01 2.0322139e-01 2.7223525e-01
-7.5275275e-01 1.4641738e-01 2.0539275e-01 2.7486968e-01
-7.4774775e-01 1.4841469e-01 2.0761196e-01 2.7738360e-01
-7.4274274e-01 1.5034910e-01 2.0985490e-01 2.7984908e-01
-7.3773774e-01 1.5233391e-01 2.1215327e-01 2.8240044e-01
-7.3273273e-01 1.5436848e-01 2.1436444e-01 2.8482649e-01
-7.2772773e-01 1.5627708e-01 2.1670881e-01 2.8753191e-01
-7.2272272e-01 1.5834612e-01 2.1903624e-01 2.9018728e-01
-7.1771772e-01 1.6037319e-01 2.2129105e-01 2.9263606e-01
-7.1271271e-01 1.6235529e-01 2.2365800e-01 2.9531310e-01
-7.0770771e-01 1.6444803e-01 2.2607100e-01 2.9789966e-01
-7.0270270e-01 1.6661510e-01 2.2849150e-01 3.0049330e-01
-6.9769770e-01 1.6872759e-01 2.3091223e-01 3.0318686e-01
-6.9269269e-01 1.7079253e-01 2.3334780e-01 3.0595734e-01
-6.8768769e-01 1.7281772e-01 2.3584737e-01 3.0866596e-01
-6.8268268e-01 1.7495894e-01 2.3832429e-01 3.1129822e-01
-6.7767768e-01 1.7707635e-01 2.4077818e-01 3.1394778e-01
-6.7267267e-01 1.7939523e-01 2.4320946e-01 3.1686360e-01
-6.6766767e-01 1.8163292e-01 2.4562941e-01 3.1958307e-01
-6.6266266e-01 1.8374412e-01 2.4813102e-01 3.2213946e-01
-6.5765766e-01 1.8594300e-01 2.5060092e-01 3.2488612e-01
-6.5265265e-01 1.8819819e-01 2.5320122e-01 3.2762756e-01
-6.4764765e-01 1.9038918e-01 2.5568979e-01 3.3038987e-01
-6.4264264e-01 1.9262375e-01 2.5823424e-01 3.3340129e-01
-6.3763764e-01 1.9489377e-01 2.6077255e-01 3.3618982e-01
-6.3263263e-01 1.9709934e-01 2.6340020e-01 3.3914399e-01
-6.2762763e-01 1.9933825e-01 2.6595502e-01 3.4183642e-01
-6.2262262e-01 2.0178807e-01 2.6850336e-01 3.4483744e-01
-6.1761762e-01 2.0405040e-01 2.7118841e-01 3.4766074e-01
-6.1261261e-01 2.0630701e-01 2.7379721e-01 3.5047231e-01
-6.0760761e-01 2.0869282e-01 2.7637384e-01 3.5356211e-01
-6.0260260e-01 2.1119114e-01 2.7906965e-01 3.5659585e-01
-5.9759760e-01 2.1361855e-01 2.8189289e-01 3.5965522e-01
-5.9259259e-01 2.1590997e-01 2.8475906e-01 3.6254482e-01
-5.8758759e-01 2.1837686e-01 2.8756156e-01 3.6542521e-01
-5.8258258e-01 2.2085195e-01 2.9025111e-01 3.6851792e-01
-5.7757758e-01 2.2318987e-01 2.9302149e-01 3.7154437e-01
-5.7257257e-01 2.2566361e-01 2.9580295e-01 3.7450695e-01
-5.6756757e-01 2.2821530e-01 2.9856103e-01 3.7753145e-01
-5.6256256e-01 2.3069776e-01 3.0128389e-01 3.8053981e-01
-5.5755756e-01 2.3322442e-01 3.0409740e-01 3.8365099e-01
-5.5255255e-01 2.3568179e-01 3.0703622e-01 3.8660497e-01
-5.4754755e-01 2.3829923e-01 3.0987401e-01 3.8949863e-01
-5.4254254e-01 2.4090238e-01 3.1261627e-01 3.9274930e-01
-5.3753754e-01 2.4349973e-01 3.1551498e-01 3.9584006e-01
-5.3253253e-01 2.4605601e-01 3.1838147e-01 3.9887981e-01
-5.2752753e-01 2.4858968e-01 3.2129686e-01 4.0191403e-01
-5.2252252e-01 2.5118101e-01 3.2419401e-01 4.0502141e-01
-5.1751752e-01 2.5389502e-01 3.2711200e-01 4.0819485e-01
-5.1251251e-01 2.5643147e-01 3.3008203e-01 4.1136275e-01
-5.0750751e-01 2.5901251e-01 3.3303481e-01 4.1461681e-01
-5.0250250e-01 2.6168525e-01 3.3609884e-01 4.1772947e-01
-4.9749750e-01 2.6435774e-01 3.3905653e-01 4.2074498e-01
-4.9249249e-01 2.6699181e-01 3.4204370e-01 4.2393565e-01
-4.8748749e-01 2.6977661e-01 3.4500408e-01 4.2708305e-01
-4.8248248e-01 2.7244662e-01 3.4809414e-01 4.3030304e-01
-4.7747748e-01 2.7517870e-01 3.5126628e-01 4.3343157e-01
-4.7247247e-01 2.7795254e-01 3.5434916e-01 4.3674475e-01
-4.6746747e-01 2.8069453e-01 3.5738981e-01 4.4001442e-01
-4.6246246e-01 2.8348589e-01 3.6045022e-01 4.4338930e-01
-4.5745746e-01 2.8648351e-01 3.6353676e-01 4.4657431e-01
-4.5245245e-01 2.8938030e-01 3.6651695e-01 4.4968881e-01
-4.4744745e-01 2.9219691e-01 3.6952586e-01 4.5280856e-01
-4.4244244e-01 2.9524187e-01 3.7260048e-01 4.5616438e-01
-4.3743744e-01 2.9809497e-01 3.7573043e-01 4.5939132e-01
-4.3243243e-01 3.0105865e-01 3.7873044e-01 4.6255865e-01
-4.2742743e-01 3.0388176e-01 3.8182462e-01 4.6589096e-01
-4.2242242e-01 3.0671970e-01 3.8503559e-01 4.6914392e-01
-4.1741742e-01 3.0955237e-01 3.8813714e-01 4.7262443e-01
-4.1241241e-01 3.1240800e-01 3.9129935e-01 4.7586798e-01
-4.0740741e-01 3.1528339e-01 3.9445779e-01 4.7912558e-01
-4.0240240e-01 3.1811587e-01 3.9760385e-01 4.8245072e-01
-3.9739740e-01 3.2097271e-01 4.0088087e-01 4.8572906e-01
-3.9239239e-01 3.2391134e-01 4.0403451e-01 4.8921311e-01
-3.8738739e-01 3.2686647e-01 4.0729726e-01 4.9271534e-01
-3.8238238e-01 3.2991188e-01 4.1049431e-01 4.9600601e-01
-3.7737738e-01 3.3293278e-01 4.1372934e-01 4.9933864e-01
-3.7237237e-01 3.3607104e-01 4.1683861e-01 5.0269813e-01
-3.6736737e-01 3.3916541e-01 4.2002639e-01 5.0600242e-01
-3.6236236e-01 3.4222208e-01 4.2320185e-01 5.0940061e-01
-3.5735736e-01 3.4527728e-01 4.2643940e-01 5.1275910e-01
-3.5235235e-01 3.4833275e-01 4.2955236e-01 5.1622040e-01
-3.4734735e-01 3.5149292e-01 4.3273100e-01 5.1962591e-01
-3.4234234e-01 3.5457071e-01 4.3597502e-01 5.2315609e-01
-3.3733734e-01 3.5764654e-01 4.3925508e-01 5.2649725e-01
-3.3233233e-01 3.6065252e-01 4.4253358e-01 5.2988823e-01
-3.2732733e-01 3.6385878e-01 4.4588504e-01 5.3335161e-01
-3.2232232e-01 3.6704695e-01 4.4920578e-01 5.3677374e-01
-3.1731732e-01 3.7011135e-01 4.5248446e-01 5.4019510e-01
-3.1231231e-01 3.7323423e-01 4.5573623e-01 5.4379477e-01
-3.0730731e-01 3.7647260e-01 4.5905621e-01 5.4721765e-01
-3.0230230e-01 3.7972730e-01 4.6241588e-01 5.5056884e-01
-2.9729730e-01 3.8296361e-01 4.6576944e-01 5.5393932e-01
-2.9229229e-01 3.8619550e-01 4.6913777e-01 5.5726252e-01
-2.8728729e-01 3.8939847e-01 4.7258208e-01 5.6084200e-01
-2.8228228e-01 3.9257990e-01 4.7575030e-01 5.6433494e-01
-2.7727728e-01 3.9591449e-01 4.7911331e-01 5.6773387e-01
-2.7227227e-01 3.9930347e-01 4.8253637e-01 5.7121377e-01
-2.6726727e-01 4.0255848e-01 4.8594227e-01 5.7461498e-01
-2.6226226e-01 4.0577973e-01 4.8936808e-01 5.7811783e-01
-2.5725726e-01 4.0908075e-01 4.9266504e-01 5.8157892e-01
-2.5225225e-01 4.1235074e-01 4.9602766e-01 5.8500998e-01
-2.4724725e-01 4.1573200e-01 4.9940712e-01 5.8862007e-01
-2.4224224e-01 4.1893471e-01 5.0278807e-01 5.9202718e-01
-2.3723724e-01 4.2236213e-01 5.0629267e-01 5.9565372e-01
-2.3223223e-01 4.2581517e-01 5.0967186e-01 5.9897413e-01
-2.2722723e-01 4.2900130e-01 5.1310549e-01 6.0248917e-01
-2.2222222e-01 4.3249614e-01 5.1651419e-01 6.0601126e-01
-2.1721722e-01 4.3577763e-01 5.1985608e-01 6.0952330e-01
-2.1221221e-01 4.3912457e-01 5.2336931e-01 6.1280490e-01
-2.0720721e-01 4.4245368e-01 5.2670898e-01 6.1615694e-01
-2.0220220e-01 4.4577445e-01 5.3010957e-01 6.1975236e-01
-1.9719720e-01 4.4935627e-01 5.3358667e-01 6.2311154e-01
-1.9219219e-01 4.5272886e-01 5.3700724e-01 6.2646448e-01
-1.8718719e-01 4.5607539e-01 5.4048160e-01 6.2985249e-01
-1.8218218e-01 4.5945411e-01 5.4394830e-01 6.3336626e-01
-1.7717718e-01 4.6289810e-01 5.4751072e-01 6.3691183e-01
-1.7217217e-01 4.6640360e-01 5.5114295e-01 6.4042373e-01
-1.6716717e-01 4.6991703e-01 5.5466940e-01 6.4395493e-01
-1.6216216e-01 4.7322008e-01 5.5815035e-01 6.4746623e-01
-1.5715716e-01 4.7685680e-01 5.6166387e-01 6.5082012e-01
-1.5215215e-01 4.8028711e-01 5.6517865e-01 6.5440328e-01
-1.4714715e-01 4.8383630e-01 5.6870803e-01 6.5780628e-01
-1.4214214e-01 4.8716301e-01 5.7231455e-01 6.6136433e-01
-1.3713714e-01 4.9072591e-01 5.7568557e-01 6.6473199e-01
-1.3213213e-01 4.9417215e-01 5.7919906e-01 6.6823906e-01
-1.2712713e-01 4.9774120e-01 5.8270276e-01 6.7174132e-01
-1.2212212e-01 5.0118178e-01 5.8617904e-01 6.7541840e-01
-1.1711712e-01 5.0458374e-01 5.8963304e-01 6.7885148e-01
-1.1211211e-01 5.0799483e-01 5.9316798e-01 6.8234374e-01
-1.0710711e-01 5.1166890e-01 5.9676618e-01 6.8586837e-01
-1.0210210e-01 5.1527718e-01 6.0020111e-01 6.8939025e-01
-9.7097097e-02 5.1893132e-01 6.0371284e-01 6.9269005e-01
-9.2092092e-02 5.2258572e-01 6.0723837e-01 6.9621816e-01
-8.7087087e-02 5.2619022e-01 6.1069669e-01 6.9966155e-01
-8.2082082e-02 5.2964239e-01 6.1440069e-01 7.0304190e-01
-7.7077077e-02 5.3330827e-01 6.1791981e-01 7.0660248e-01
-7.2072072e-02 5.3679320e-01 6.2162138e-01 7.0999335e-01
-6.7067067e-02 5.4038167e-01 6.2516230e-01 7.1328137e-01
-6.2062062e-02 5.4408721e-01 6.2874918e-01 7.1680538e-01
-5.7057057e-02 5.4766690e-01 6.3234764e-01 7.2023413e-01
-5.2052052e-02 5.5131917e-01 6.3596170e-01 7.2375970e-01
-4.7047047e-02 5.5502106e-01 6.3934466e-01 7.2707259e-01
-4.2042042e-02 5.5866373e-01 6.4293870e-01 7.3032518e-01
-3.7037037e-02 5.6234649e-01 6.4644912e-01 7.3368230e-01
-3.2032032e-02 5.6583995e-01 6.4996918e-01 7.3723648e-01
-2.7027027e-02 5.6949878e-01 6.5341572e-01 7.4066508e-01
-2.2022022e-02 5.7313433e-01 6.5692763e-01 7.4419557e-01
-1.7017017e-02 5.7688809e-01 6.6046938e-01 7.4771494e-01
-1.2012012e-02 5.8048510e-01 6.6396289e-01 7.5104766e-01
-7.0070070e-03 5.8416754e-01 6.6753263e-01 7.5442146e-01
-2.0020020e-03 5.8787178e-01 6.7115570e-01 7.5782047e-01
3.0030030e-03 5.9142253e-01 6.7460900e-01 7.6128303e-01
8.0080080e-03 5.9509237e-01 6.7821447e-01 7.6469354e-01
1.3013013e-02 5.9890336e-01 6.8174065e-01 7.6796668e-01
1.8018018e-02 6.0257332e-01 6.8533237e-01 7.7135455e-01
2.3023023e-02 6.0627026e-01 6.8900834e-01 7.7476078e-01
2.8028028e-02 6.1009044e-01 6.9264125e-01 7.7801783e-01
3.3033033e-02 6.1373304e-01 6.9616941e-01 7.8157693e-01
3.8038038e-02 6.1730231e-01 6.9974439e-01 7.8507228e-01
4.3043043e-02 6.2094947e-01 7.0323002e-01 7.8854118e-01
4.8048048e-02 6.2466685e-01 7.0673900e-01 7.9181270e-01
5.3053053e-02 6.2831485e-01 7.1034733e-01 7.9512132e-01
5.8058058e-02 6.3201855e-01 7.1394515e-01 7.9843724e-01
6.3063063e-02 6.3565346e-01 7.1754135e-01 8.0192362e-01
6.8068068e-02 6.3933143e-01 7.2108342e-01 8.0532892e-01
7.3073073e-02 6.4295163e-01 7.2463817e-01 8.0879751e-01
7.8078078e-02 6.4659818e-01 7.2805428e-01 8.1216211e-01
8.3083083e-02 6.5014539e-01 7.3156010e-01 8.1543381e-01
8.8088088e-02 6.5370240e-01 7.3516730e-01 8.1889004e-01
9.3093093e-02 6.5744364e-01 7.3861523e-01 8.2213747e-01
9.8098098e-02 6.6104482e-01 7.4237719e-01 8.2541090e-01
1.0310310e-01 6.6483672e-01 7.4610241e-01 8.2874984e-01
1.0810811e-01 6.6860761e-01 7.4968609e-01 8.3196498e-01
1.1311311e-01 6.7244965e-01 7.5315785e-01 8.3532216e-01
1.1811812e-01 6.7630464e-01 7.5660340e-01 8.3859901e-01
1.2312312e-01 6.7978258e-01 7.6000620e-01 8.4186240e-01
1.2812813e-01 6.8335101e-01 7.6355630e-01 8.4506852e-01
1.3313313e-01 6.8682390e-01 7.6710919e-01 8.4825755e-01
1.3813814e-01 6.9034560e-01 7.7068363e-01 8.5158473e-01
1.4314314e-01 6.9400580e-01 7.7407831e-01 8.5473099e-01
1.4814815e-01 6.9748509e-01 7.7758856e-01 8.5785353e-01
1.5315315e-01 7.0113582e-01 7.8106148e-01 8.6119956e-01
1.5815816e-01 7.0451858e-01 7.8451496e-01 8.6442744e-01
1.6316316e-01 7.0811821e-01 7.8789236e-01 8.6757944e-01
1.6816817e-01 7.1147443e-01 7.9123357e-01 8.7079582e-01
1.7317317e-01 7.1486415e-01 7.9466694e-01 8.7414306e-01
1.7817818e-01 7.1853137e-01 7.9817172e-01 8.7728839e-01
1.8318318e-01 7.2202583e-01 8.0164388e-01 8.8031889e-01
1.8818819e-01 7.2553184e-01 8.0492449e-01 8.8341509e-01
1.9319319e-01 7.2918977e-01 8.0824309e-01 8.8648225e-01
1.9819820e-01 7.3274753e-01 8.1158961e-01 8.8948479e-01
2.0320320e-01 7.3631289e-01 8.1488525e-01 8.9264598e-01
2.0820821e-01 7.3977459e-01 8.1819360e-01 8.9584183e-01
2.1321321e-01 7.4326966e-01 8.2149687e-01 8.9911519e-01
2.1821822e-01 7.4668383e-01 8.2491963e-01 9.0229558e-01
2.2322322e-01 7.5017077e-01 8.2809091e-01 9.0539470e-01
2.2822823e-01 7.5351693e-01 8.3130994e-01 9.0862277e-01
2.3323323e-01 7.5679369e-01 8.3463027e-01 9.1166378e-01
2.3823824e-01 7.6014664e-01 8.3798093e-01 9.1466657e-01
2.4324324e-01 7.6369235e-01 8.4134074e-01 9.1772332e-01
2.4824825e-01 7.6704337e-01 8.4467893e-01 9.2075640e-01
2.5325325e-01 7.7043737e-01 8.4788787e-01 9.2362243e-01
2.5825826e-01 7.7392235e-01 8.5111218e-01 9.2665613e-01
2.6326326e-01 7.7727702e-01 8.5430375e-01 9.2962112e-01
2.6826827e-01 7.8059246e-01 8.5742814e-01 9.3258687e-01
2.7327327e-01 7.8375832e-01 8.6062104e-01 9.3568172e-01
2.7827828e-01 7.8687159e-01 8.6371029e-01 9.3856127e-01
2.8328328e-01 7.9012284e-01 8.6678507e-01 9.4144761e-01
2.8828829e-01 7.9319817e-01 8.6994300e-01 9.4448009e-01
2.9329329e-01 7.9645870e-01 8.7296941e-01 9.4762848e-01
2.9829830e-01 7.9968020e-01 8.7606295e-01 9.5060112e-01
3.0330330e-01 8.0271976e-01 8.7905829e-01 9.5341797e-01
3.0830831e-01 8.0589117e-01 8.8200592e-01 9.5653598e-01
3.1331331e-01 8.0892073e-01 8.8497665e-01 9.5933808e-01
3.1831832e-01 8.1202859e-01 8.8780419e-01 9.6230523e-01
3.2332332e-01 8.1510512e-01 8.9074670e-01 9.6514577e-01
3.2832833e-01 8.1818262e-01 8.9352489e-01 9.6781629e-01
3.3333333e-01 8.2110046e-01 8.9642174e-01 9.7050484e-01
3.3833834e-01 8.2400422e-01 8.9927515e-01 9.7317352e-01
3.4334334e-01 8.2695135e-01 9.0204525e-01 9.7596010e-01
3.4834835e-01 8.2988557e-01 9.0468336e-01 9.7866009e-01
3.5335335e-01 8.3255709e-01 9.0752234e-01 9.8141618e-01
3.5835836e-01 8.3537646e-01 9.1029905e-01 9.8399678e-01
3.6336336e-01 8.3816822e-01 9.1297295e-01 9.8668338e-01
3.6836837e-01 8.4095529e-01 9.1564585e-01 9.8948249e-01
3.7337337e-01 8.4375046e-01 9.1847888e-01 9.9208331e-01
3.7837838e-01 8.4656950e-01 9.2107652e-01 9.9468509e-01
3.8338338e-01 8.4920348e-01 9.2366428e-01 9.9736510e-01
3.8838839e-01 8.5184378e-01 9.2632385e-01 1.0000715e+00
3.9339339e-01 8.5430278e-01 9.2891626e-01 1.0027879e+00
3.9839840e-01 8.5682800e-01 9.3139511e-01 1.0054538e+00
4.0340340e-01 8.5928433e-01 9.3390822e-01 1.0079329e+00
4.0840841e-01 8.6170971e-01 9.3652363e-01 1.0104559e+00
4.1341341e-01 8.6445176e-01 9.3892325e-01 1.0129905e+00
4.1841842e-01 8.6664368e-01 9.4117093e-01 1.0155666e+00
4.2342342e-01 8.6915114e-01 9.4358735e-01 1.0180302e+00
4.2842843e-01 8.7123438e-01 9.4601396e-01 1.0202704e+00
4.3343343e-01 8.7347102e-01 9.4837358e-01 1.0227673e+00
4.3843844e-01 8.7567672e-01 9.5073854e-01 1.0249792e+00
4.4344344e-01 8.7778368e-01 9.5290730e-01 1.0270718e+00
4.4844845e-01 8.7972949e-01 9.5493856e-01 1.0292350e+00
4.5345345e-01 8.8167116e-01 9.5691370e-01 1.0312471e+00
4.5845846e-01 8.8361952e-01 9.5888684e-01 1.0334331e+00
4.6346346e-01 8.8565570e-01 9.6094981e-01 1.0356033e+00
4.6846847e-01 8.8748851e-01 9.6283265e-01 1.0376214e+00
4.7347347e-01 8.8935019e-01 9.6481316e-01 1.0395150e+00
4.7847848e-01 8.9106028e-01 9.6665432e-01 1.0413932e+00
4.8348348e-01 8.9273120e-01 9.6845239e-01 1.0432079e+00
4.8848849e-01 8.9442139e-01 9.7018019e-01 1.0450031e+00
4.9349349e-01 8.9583221e-01 9.7195175e-01 1.0468878e+00
4.9849850e-01 8.9731353e-01 9.7380093e-01 1.0487163e+00
5.0350350e-01 8.9874319e-01 9.7565288e-01 1.0503784e+00
5.0850851e-01 9.0005483e-01 9.7715105e-01 1.0520496e+00
5.1351351e-01 9.0129368e-01 9.7863425e-01 1.0538134e+00
5.1851852e-01 9.0250649e-01 9.8020842e-01 1.0554370e+00
5.2352352e-01 9.0375320e-01 9.8172120e-01 1.0571028e+00
5.2852853e-01 9.0496162e-01 9.8327157e-01 1.0586808e+00
5.3353353e-01 9.0616011e-01 9.8451786e-01 1.0601865e+00
5.3853854e-01 9.0717864e-01 9.8593292e-01 1.0617251e+00
5.4354354e-01 9.0818162e-01 9.8701916e-01 1.0630025e+00
5.4854855e-01 9.0917896e-01 9.8830029e-01 1.0643818e+00
5.5355355e-01 9.1008199e-01 9.8950335e-01 1.0657112e+00
5.5855856e-01 9.1111022e-01 9.9072524e-01 1.0670390e+00
5.6356356e-01 9.1198645e-01 9.9173051e-01 1.0683323e+00
5.6856857e-01 9.1263247e-01 9.9256555e-01 1.0694842e+00
5.7357357e-01 9.1337337e-01 9.9339433e-01 1.0707071e+00
5.7857858e-01 9.1416235e-01 9.9429615e-01 1.0716879e+00
5.8358358e-01 9.1457528e-01 9.9499499e-01 1.0726068e+00
5.8858859e-01 9.1507397e-01 9.9572977e-01 1.0733361e+00
5.9359359e-01 9.1549517e-01 9.9629668e-01 1.0742652e+00
5.9859860e-01 9.1587621e-01 9.9694092e-01 1.0748988e+00
6.0360360e-01 9.1610631e-01 9.9740255e-01 1.0756320e+00
6.0860861e-01 9.1630177e-01 9.9796583e-01 1.0763059e+00
6.1361361e-01 9.1659659e-01 9.9845129e-01 1.0769690e+00
6.1861862e-01 9.1689669e-01 9.9890347e-01 1.0776244e+00
6.2362362e-01 9.1708250e-01 9.9931157e-01 1.0780867e+00
6.2862863e-01 9.1708607e-01 9.9971174e-01 1.0786660e+00
6.3363363e-01 9.1701353e-01 9.9995767e-01 1.0792868e+00
6.3863864e-01 9.1715257e-01 9.9997330e-01 1.0796232e+00
6.4364364e-01 9.1708467e-01 1.0000000e+00 1.0802372e+00
6.4864865e-01 9.1678759e-01 9.9994988e-01 1.0805420e+00
6.5365365e-01 9.1653575e-01 9.9988439e-01 1.0806458e+00
6.5865866e-01 9.1597619e-01 9.9973563e-01 1.0807929e+00
6.6366366e-01 9.1556986e-01 9.9939838e-01 1.0807925e+00
6.6866867e-01 9.1506002e-01 9.9915563e-01 1.0807539e+00
6.7367367e-01 9.1438357e-01 9.9871447e-01 1.0804478e+00
6.7867868e-01 9.1377611e-01 9.9843790e-01 1.0801745e+00
6.8368368e-01 9.1303734e-01 9.9807622e-01 1.0800123e+00
6.8868869e-01 9.1230435e-01 9.9759585e-01 1.0797998e+00
6.9369369e-01 9.1137216e-01 9.9713084e-01 1.0792875e+00
6.9869870e-01 9.1050829e-01 9.9642603e-01 1.0791070e+00
7.0370370e-01 9.0952028e-01 9.9570704e-01 1.0787095e+00
7.0870871e-01 9.0835893e-01 9.9485997e-01 1.0780756e+00
7.1371371e-01 9.0726568e-01 9.9386451e-01 1.0774683e+00
7.1871872e-01 9.0608147e-01 9.9294965e-01 1.0766977e+00
7.2372372e-01 9.0486025e-01 9.9195647e-01 1.0759832e+00
7.2872873e-01 9.0369214e-01 9.9078613e-01 1.0752184e+00
7.3373373e-01 9.0217708e-01 9.8955928e-01 1.0744089e+00
7.3873874e-01 9.0069618e-01 9.8833951e-01 1.0733732e+00
7.4374374e-01 8.9920084e-01 9.8696515e-01 1.0723325e+00
7.4874875e-01 8.9759194e-01 9.8562284e-01 1.0712391e+00
7.5375375e-01 8.9599227e-01 9.8424941e-01 1.0700254e+00
7.5875876e-01 8.9421349e-01 9.8274406e-01 1.0687912e+00
7.6376376e-01 8.9210682e-01 9.8114382e-01 1.0675306e+00
7.6876877e-01 8.9026259e-01 9.7952817e-01 1.0663033e+00
7.7377377e-01 8.8824771e-01 9.7787898e-01 1.0648104e+00
7.7877878e-01 8.8615978e-01 9.7612108e-01 1.0633651e+00
7.8378378e-01 8.8400470e-01 9.7416059e-01 1.0618554e+00
7.8878879e-01 8.8180156e-01 9.7222817e-01 1.0601726e+00
7.9379379e-01 8.7946205e-01 9.7008084e-01 1.0584815e+00
7.9879880e-01 8.7711667e-01 9.6783220e-01 1.0565800e+00
8.0380380e-01 8.7486943e-01 9.6570860e-01 1.0546618e+00
8.0880881e-01 8.7240348e-01 9.6346534e-01 1.0527475e+00
8.1381381e-01 8.7000831e-01 9.6103284e-01 1.0507710e+00
8.1881882e-01 8.6728751e-01 9.5865834e-01 1.0486584e+00
8.2382382e-01 8.6473473e-01 9.5632778e-01 1.0464392e+00
8.2882883e-01 8.6195664e-01 9.5378680e-01 1.0442010e+00
8.3383383e-01 8.5933356e-01 9.5117111e-01 1.0417804e+00
8.3883884e-01 8.5665966e-01 9.4841800e-01 1.0392757e+00
8.4384384e-01 8.5373575e-01 9.4562938e-01 1.0367835e+00
8.4884885e-01 8.5071654e-01 9.4283100e-01 1.0341919e+00
8.5385385e-01 8.4780609e-01 9.3994331e-01 1.0314989e+00
8.5885886e-01 8.4476585e-01 9.3711778e-01 1.0288597e+00
8.6386386e-01 8.4135451e-01 9.3407992e-01 1.0259058e+00
8.6886887e-01 8.3797105e-01 9.3103209e-01 1.0230294e+00
8.7387387e-01 8.3476785e-01 9.2790101e-01 1.0200700e+00
8.7887888e-01 8.3142256e-01 9.2468977e-01 1.0170459e+00
8.8388388e-01 8.2804224e-01 9.2122505e-01 1.0137763e+00
8.8888889e-01 8.2437383e-01 9.1795273e-01 1.0103720e+00
8.9389389e-01 8.2096375e-01 9.1450812e-01 1.0069953e+00
8.9889890e-01 8.1718451e-01 9.1110479e-01 1.0036557e+00
9.0390390e-01 8.1357704e-01 9.0755643e-01 1.0002059e+00
9.0890891e-01 8.0982255e-01 9.0389999e-01 9.9681811e-01
9.1391391e-01 8.0592225e-01 9.0021653e-01 9.9322648e-01
9.1891892e-01 8.0185614e-01 8.9643715e-01 9.8960953e-01
9.2392392e-01 7.9787701e-01 8.9252203e-01 9.8577274e-01
9.2892893e-01 7.9399100e-01 8.8867538e-01 9.8201715e-01
9.3393393e-01 7.9007045e-01 8.8469368e-01 9.7825745e-01
9.3893894e-01 7.8606634e-01 8.8080130e-01 9.7422385e-01
9.4394394e-01 7.8201624e-01 8.7677481e-01 9.7026186e-01
9.4894895e-01 7.7790431e-01 8.7263763e-01 9.6618352e-01
9.5395395e-01 7.7366836e-01 8.6855297e-01 9.6220493e-01
9.5895896e-01 7.6935977e-01 8.6434398e-01 9.5795374e-01
9.6396396e-01 7.6505559e-01 8.5999011e-01 9.5367512e-01
9.6896897e-01 7.6075146e-01 8.5569383e-01 9.4944039e-01
9.7397397e-01 7.5636868e-01 8.5135284e-01 9.4511226e-01
9.7897898e-01 7.5202867e-01 8.4703883e-01 9.4067966e-01
9.8398398e-01 7.4759178e-01 8.4264528e-01 9.3611365e-01
9.8898899e-01 7.4309650e-01 8.3819032e-01 9.3153664e-01
9.9399399e-01 7.3843169e-01 8.3360119e-01 9.2686462e-01
9.9899900e-01 7.3379448e-01 8.2904659e-01 9.2223785e-01
1.0040040e+00 7.2920760e-01 8.2442426e-01 9.1764494e-01
1.0090090e+00 7.2449148e-01 8.1956964e-01 9.1283037e-01
1.0140140e+00 7.1976854e-01 8.1467300e-01 9.0794665e-01
1.0190190e+00 7.1510498e-01 8.0980192e-01 9.0309006e-01
1.0240240e+00 7.1028046e-01 8.0478911e-01 8.9809758e-01
1.0290290e+00 7.0540775e-01 7.9984901e-01 8.9312957e-01
1.0340340e+00 7.0063405e-01 7.9478668e-01 8.8793199e-01
1.0390390e+00 6.9567204e-01 7.8970734e-01 8.8267781e-01
1.0440440e+00 6.9060517e-01 7.8456780e-01 8.7756618e-01
1.0490490e+00 6.8561065e-01 7.7939566e-01 8.7240331e-01
1.0540541e+00 6.8064059e-01 7.7417425e-01 8.6707721e-01
1.0590591e+00 6.7560544e-01 7.6911383e-01 8.6181137e-01
1.0640641e+00 6.7035439e-01 7.6388309e-01 8.5645240e-01
1.0690691e+00 6.6525989e-01 7.5859014e-01 8.5091335e-01
1.0740741e+00 6.6024658e-01 7.5326925e-01 8.4537022e-01
1.0790791e+00 6.5512210e-01 7.4782598e-01 8.3988017e-01
1.0840841e+00 6.4996317e-01 7.4244466e-01 8.3431867e-01
1.0890891e+00 6.4473716e-01 7.3698279e-01 8.2870668e-01
1.0940941e+00 6.3951577e-01 7.3153637e-01 8.2303605e-01
1.0990991e+00 6.3423232e-01 7.2594171e-01 8.1747566e-01
1.1041041e+00 6.2880847e-01 7.2036184e-01 8.1170551e-01
1.1091091e+00 6.2357086e-01 7.1491873e-01 8.0587935e-01
1.1141141e+00 6.1828312e-01 7.0928923e-01 8.0003379e-01
1.1191191e+00 6.1290965e-01 7.0364949e-01 7.9410560e-01
1.1241241e+00 6.0744964e-01 6.9798917e-01 7.8805895e-01
1.1291291e+00 6.0213187e-01 6.9234959e-01 7.8213943e-01
1.1341341e+00 5.9677949e-01 6.8673988e-01 7.7615811e-01
1.1391391e+00 5.9131359e-01 6.8108724e-01 7.7015240e-01
1.1441441e+00 5.8584374e-01 6.7538240e-01 7.6397531e-01
1.1491491e+00 5.8048173e-01 6.6961481e-01 7.5790694e-01
1.1541542e+00 5.7503118e-01 6.6384445e-01 7.5194265e-01
1.1591592e+00 5.6959579e-01 6.5805197e-01 7.4577380e-01
1.1641642e+00 5.6421262e-01 6.5223987e-01 7.3950891e-01
1.1691692e+00 5.5869137e-01 6.4644635e-01 7.3318892e-01
1.1741742e+00 5.5311149e-01 6.4069376e-01 7.2702171e-01
1.1791792e+00 5.4772027e-01 6.3479715e-01 7.2079023e-01
1.1841842e+00 5.4228691e-01 6.2893369e-01 7.1445985e-01
1.1891892e+00 5.3700846e-01 6.2314720e-01 7.0815691e-01
1.1941942e+00 5.3149193e-01 6.1727831e-01 7.0192914e-01
1.1991992e+00 5.2607405e-01 6.1143108e-01 6.9563252e-01
1.2042042e+00 5.2065861e-01 6.0553696e-01 6.8939495e-01
1.2092092e+00 5.1521457e-01 5.9955127e-01 6.8307970e-01
1.2142142e+00 5.0984904e-01 5.9361273e-01 6.7681548e-01
1.2192192e+00 5.0446456e-01 5.8772862e-01 6.7047856e-01
1.2242242e+00 4.9904182e-01 5.8176052e-01 6.6412288e-01
1.2292292e+00 4.9370862e-01 5.7578153e-01 6.5780765e-01
1.2342342e+00 4.8844479e-01 5.6986712e-01 6.5145447e-01
1.2392392e+00 4.8293361e-01 5.6396058e-01 6.4506144e-01
1.2442442e+00 4.7748387e-01 5.5808816e-01 6.3855867e-01
1.2492492e+00 4.7196399e-01 5.5212116e-01 6.3220566e-01
1.2542543e+00 4.6650316e-01 5.4614465e-01 6.2573445e-01
1.2592593e+00 4.6121336e-01 5.4025565e-01 6.1929619e-01
1.2642643e+00 4.5584374e-01 5.3429251e-01 6.1294543e-01
1.2692693e+00 4.5046207e-01 5.2842804e-01 6.0650071e-01
1.2742743e+00 4.4507566e-01 5.2250400e-01 6.0014860e-01
1.2792793e+00 4.3970192e-01 5.1656855e-01 5.9380831e-01
1.2842843e+00 4.3439355e-01 5.1066784e-01 5.8736571e-01
1.2892893e+00 4.2912866e-01 5.0482197e-01 5.8087022e-01
1.2942943e+00 4.2389122e-01 4.9901827e-01 5.7441243e-01
1.2992993e+00 4.1866115e-01 4.9321109e-01 5.6805947e-01
1.3043043e+00 4.1347217e-01 4.8733806e-01 5.6173383e-01
1.3093093e+00 4.0823212e-01 4.8149653e-01 5.5542435e-01
1.3143143e+00 4.0301728e-01 4.7575158e-01 5.4901869e-01
1.3193193e+00 3.9791821e-01 4.7002310e-01 5.4269954e-01
1.3243243e+00 3.9274522e-01 4.6424531e-01 5.3631188e-01
1.3293293e+00 3.8763552e-01 4.5851081e-01 5.3008703e-01
1.3343343e+00 3.8256753e-01 4.5282500e-01 5.2379102e-01
1.3393393e+00 3.7749486e-01 4.4718717e-01 5.1743099e-01
1.3443443e+00 3.7245830e-01 4.4155699e-01 5.1106244e-01
1.3493493e+00 3.6750769e-01 4.3594382e-01 5.0492726e-01
1.3543544e+00 3.6248874e-01 4.3035756e-01 4.9877875e-01
1.3593594e+00 3.5752375e-01 4.2474728e-01 4.9255779e-01
1.3643644e+00 3.5251380e-01 4.1919468e-01 4.8642537e-01
1.3693694e+00 3.4758721e-01 4.1363436e-01 4.8030462e-01
1.3743744e+00 3.4272938e-01 4.0811645e-01 4.7416354e-01
1.3793794e+00 3.3786123e-01 4.0260881e-01 4.6808303e-01
1.3843844e+00 3.3312463e-01 3.9715168e-01 4.6199610e-01
1.3893894e+00 3.2842314e-01 3.9173760e-01 4.5597702e-01
1.3943944e+00 3.2365092e-01 3.8636950e-01 4.4991044e-01
1.3993994e+00 3.1893548e-01 3.8101406e-01 4.4399346e-01
1.4044044e+00 3.1426759e-01 3.7566217e-01 4.3804651e-01
1.4094094e+00 3.0960895e-01 3.7037755e-01 4.3204980e-01
1.4144144e+00 3.0495383e-01 3.6511570e-01 4.2621029e-01
1.4194194e+00 3.0036032e-01 3.5991390e-01 4.2029984e-01
1.4244244e+00 2.9575887e-01 3.5471040e-01 4.1448231e-01
1.4294294e+00 2.9124296e-01 3.4958521e-01 4.0866408e-01
1.4344344e+00 2.8679725e-01 3.4444801e-01 4.0284763e-01
1.4394394e+00 2.8233334e-01 3.3939161e-01 3.9709966e-01
1.4444444e+00 2.7791891e-01 3.3431405e-01 3.9140774e-01
1.4494494e+00 2.7356037e-01 3.2928422e-01 3.8571406e-01
1.4544545e+00 2.6918819e-01 3.2428360e-01 3.8009543e-01
1.4594595e+00 2.6493189e-01 3.1930508e-01 3.7449423e-01
1.4644645e+00 2.6067184e-01 3.1438209e-01 3.6895862e-01
1.4694695e+00 2.5647490e-01 3.0951276e-01 3.6344594e-01
1.4744745e+00 2.5234549e-01 3.0473555e-01 3.5792870e-01
1.4794795e+00 2.4825214e-01 2.9998001e-01 3.5245426e-01
1.4844845e+00 2.4416330e-01 2.9521627e-01 3.4708492e-01
1.4894895e+00 2.4007116e-01 2.9051565e-01 3.4173791e-01
1.4944945e+00 2.3604392e-01 2.8581411e-01 3.3642157e-01
1.4994995e+00 2.3206052e-01 2.8122442e-01 3.3113241e-01
1.5045045e+00 2.2809809e-01 2.7661724e-01 3.2592311e-01
1.5095095e+00 2.2418516e-01 2.7207653e-01 3.2073851e-01
1.5145145e+00 2.2035686e-01 2.6757031e-01 3.1559609e-01
1.5195195e+00 2.1652335e-01 2.6308811e-01 3.1051922e-01
1.5245245e+00 2.1270862e-01 2.5866005e-01 3.0546413e-01
1.5295295e+00 2.0898848e-01 2.5427340e-01 3.0047385e-01
1.5345345e+00 2.0527556e-01 2.4995262e-01 2.9551615e-01
1.5395395e+00 2.0165988e-01 2.4564569e-01 2.9061993e-01
1.5445445e+00 1.9807146e-01 2.4143460e-01 2.8574121e-01
1.5495495e+00 1.9448067e-01 2.3723776e-01 2.8098014e-01
1.5545546e+00 1.9091135e-01 2.3313246e-01 2.7626335e-01
1.5595596e+00 1.8746163e-01 2.2900226e-01 2.7156485e-01
1.5645646e+00 1.8399094e-01 2.2493405e-01 2.6690936e-01
1.5695696e+00 1.8055831e-01 2.2093708e-01 2.6231668e-01
1.5745746e+00 1.7721487e-01 2.1695100e-01 2.5777123e-01
1.5795796e+00 1.7388928e-01 2.1304657e-01 2.5327042e-01
1.5845846e+00 1.7059549e-01 2.0918152e-01 2.4884318e-01
1.5895896e+00 1.6734905e-01 2.0536083e-01 2.4445287e-01
1.5945946e+00 1.6412801e-01 2.0156577e-01 2.4007212e-01
1.5995996e+00 1.6100610e-01 1.9783596e-01 2.3575209e-01
1.6046046e+00 1.5790168e-01 1.9414418e-01 2.3148039e-01
1.6096096e+00 1.5482736e-01 1.9048185e-01 2.2724600e-01
1.6146146e+00 1.5179761e-01 1.8688424e-01 2.2307962e-01
1.6196196e+00 1.4877870e-01 1.8331508e-01 2.1897092e-01
1.6246246e+00 1.4583938e-01 1.7983687e-01 2.1491882e-01
1.6296296e+00 1.4292344e-01 1.7638443e-01 2.1088493e-01
1.6346346e+00 1.4005463e-01 1.7293786e-01 2.0694071e-01
1.6396396e+00 1.3721855e-01 1.6955406e-01 2.0302852e-01
1.6446446e+00 1.3443139e-01 1.6623867e-01 1.9919733e-01
1.6496496e+00 1.3170629e-01 1.6294263e-01 1.9541022e-01
1.6546547e+00 1.2898871e-01 1.5970554e-01 1.9162925e-01
1.6596597e+00 1.2633913e-01 1.5651461e-01 1.8791075e-01
1.6646647e+00 1.2374242e-01 1.5337859e-01 1.8424307e-01
1.6696697e+00 1.2113597e-01 1.5028041e-01 1.8060794e-01
1.6746747e+00 1.1857713e-01 1.4724079e-01 1.7702653e-01
1.6796797e+00 1.1605208e-01 1.4423107e-01 1.7351208e-01
1.6846847e+00 1.1356736e-01 1.4128943e-01 1.7001356e-01
1.6896897e+00 1.1116966e-01 1.3838001e-01 1.6659530e-01
1.6946947e+00 1.0879143e-01 1.3549805e-01 1.6321262e-01
1.6996997e+00 1.0643480e-01 1.3265718e-01 1.5987143e-01
1.7047047e+00 1.0412982e-01 1.2986766e-01 1.5658649e-01
1.7097097e+00 1.0186383e-01 1.2711018e-01 1.5335901e-01
1.7147147e+00 9.9612760e-02 1.2441357e-01 1.5015938e-01
1.7197197e+00 9.7416508e-02 1.2174636e-01 1.4702356e-01
1.7247247e+00 9.5218562e-02 1.1910974e-01 1.4392066e-01
1.7297297e+00 9.3099335e-02 1.1652245e-01 1.4088545e-01
1.7347347e+00 9.1027038e-02 1.1399710e-01 1.3788365e-01
1.7397397e+00 8.8986475e-02 1.1147706e-01 1.3492664e-01
1.7447447e+00 8.6962319e-02 1.0901224e-01 1.3203161e-01
1.7497497e+00 8.4962050e-02 1.0662376e-01 1.2917732e-01
1.7547548e+00 8.2993649e-02 1.0423885e-01 1.2637068e-01
1.7597598e+00 8.1072101e-02 1.0189587e-01 1.2360232e-01
1.7647648e+00 7.9198956e-02 9.9592201e-02 1.2090120e-01
1.7697698e+00 7.7365520e-02 9.7337053e-02 1.1821958e-01
1.7747748e+00 7.5534769e-02 9.5122411e-02 1.1557647e-01
1.7797798e+00 7.3749768e-02 9.2931570e-02 1.1299566e-01
1.7847848e+00 7.2002874e-02 9.0788473e-02 1.1044819e-01
1.7897898e+00 7.0286455e-02 8.8702068e-02 1.0793912e-01
1.7947948e+00 6.8584113e-02 8.6644123e-02 1.0548583e-01
1.7997998e+00 6.6936550e-02 8.4613477e-02 1.0307359e-01
1.8048048e+00 6.5314440e-02 8.2624381e-02 1.0072230e-01
1.8098098e+00 6.3732317e-02 8.0676062e-02 9.8400957e-02
1.8148148e+00 6.2178548e-02 7.8751594e-02 9.6108249e-02
1.8198198e+00 6.0646628e-02 7.6881866e-02 9.3871373e-02
1.8248248e+00 5.9143795e-02 7.5028671e-02 9.1669580e-02
1.8298298e+00 5.7684113e-02 7.3219880e-02 8.9508809e-02
1.8348348e+00 5.6264872e-02 7.1440052e-02 8.7393665e-02
1.8398398e+00 5.4863836e-02 6.9692761e-02 8.5313799e-02
1.8448448e+00 5.3482223e-02 6.7981101e-02 8.3268125e-02
1.8498498e+00 5.2130401e-02 6.6302490e-02 8.1255058e-02
1.8548549e+00 5.0802692e-02 6.4656115e-02 7.9290385e-02
1.8598599e+00 4.9518657e-02 6.3042830e-02 7.7362075e-02
1.8648649e+00 4.8245214e-02 6.1466747e-02 7.5476698e-02
1.8698699e+00 4.7001369e-02 5.9918709e-02 7.3639129e-02
1.8748749e+00 4.5781534e-02 5.8405918e-02 7.1813554e-02
1.8798799e+00 4.4593995e-02 5.6909531e-02 7.0029996e-02
1.8848849e+00 4.3428335e-02 5.5456742e-02 6.8280633e-02
1.8898899e+00 4.2280663e-02 5.4032871e-02 6.6565677e-02
1.8948949e+00 4.1167179e-02 5.2634343e-02 6.4878377e-02
1.8998999e+00 4.0068070e-02 5.1271575e-02 6.3239778e-02
1.9049049e+00 3.8999403e-02 4.9938494e-02 6.1629600e-02
1.9099099e+00 3.7959459e-02 4.8633306e-02 6.0059260e-02
1.9149149e+00 3.6940741e-02 4.7350881e-02 5.8518647e-02
1.9199199e+00 3.5940101e-02 4.6102935e-02 5.7011224e-02
1.9249249e+00 3.4965887e-02 4.4884262e-02 5.5530554e-02
1.9299299e+00 3.4013884e-02 4.3689501e-02 5.4084902e-02
1.9349349e+00 3.3080702e-02 4.2527685e-02 5.2665711e-02
1.9399399e+00 3.2167231e-02 4.1391874e-02 5.1277576e-02
1.9449449e+00 3.1266880e-02 4.0282740e-02 4.9918045e-02
1.9499499e+00 3.0402173e-02 3.9188438e-02 4.8589963e-02
1.9549550e+00 2.9560758e-02 3.8122524e-02 4.7293910e-02
1.9599600e+00 2.8732748e-02 3.7078893e-02 4.6022669e-02
1.9649650e+00 2.7922530e-02 3.6057693e-02 4.4786644e-02
1.9699700e+00 2.7133237e-02 3.5061313e-02 4.3575683e-02
1.9749750e+00 2.6362537e-02 3.4084576e-02 4.2392255e-02
1.9799800e+00 2.5607200e-02 3.3127120e-02 4.1230486e-02
1.9849850e+00 2.4875552e-02 3.2196806e-02 4.0095214e-02
1.9899900e+00 2.4163963e-02 3.1290022e-02 3.8995317e-02
1.9949950e+00 2.3469499e-02 3.0403790e-02 3.7921121e-02
2.0000000e+00 2.2790177e-02 2.9538297e-02 3.6868355e-02
