X KDE_INF KDE_MED KDE_SUP
-4.0000000e+00 2.2938094e-11 2.4285079e-07 7.1536441e-04
-3.9919920e+00 2.6097262e-11 2.6820197e-07 7.5285252e-04
-3.9839840e+00 2.9656644e-11 2.9509512e-07 7.9385110e-04
-3.9759760e+00 3.3647868e-11 3.2474765e-07 8.2868963e-04
-3.9679680e+00 3.8240061e-11 3.5674771e-07 8.7691142e-04
-3.9599600e+00 4.3367106e-11 3.9265705e-07 9.1993314e-04
-3.9519520e+00 4.9132817e-11 4.3270710e-07 9.6106184e-04
-3.9439439e+00 5.5277519e-11 4.7662346e-07 1.0080307e-03
-3.9359359e+00 6.2594625e-11 5.2429970e-07 1.0592034e-03
-3.9279279e+00 7.0783733e-11 5.7720501e-07 1.1156130e-03
-3.9199199e+00 8.0284132e-11 6.3329473e-07 1.1648348e-03
-3.9119119e+00 9.0800464e-11 6.9498560e-07 1.2240323e-03
-3.9039039e+00 1.0281796e-10 7.6422223e-07 1.2804179e-03
-3.8958959e+00 1.1658787e-10 8.3917384e-07 1.3280365e-03
-3.8878879e+00 1.3171761e-10 9.2036713e-07 1.3849482e-03
-3.8798799e+00 1.4911131e-10 1.0086589e-06 1.4579827e-03
-3.8718719e+00 1.6885303e-10 1.1073672e-06 1.5332088e-03
-3.8638639e+00 1.8895599e-10 1.2137136e-06 1.6213032e-03
-3.8558559e+00 2.1406424e-10 1.3299486e-06 1.6971701e-03
-3.8478478e+00 2.4171429e-10 1.4580775e-06 1.7861486e-03
-3.8398398e+00 2.7318759e-10 1.5931608e-06 1.8702921e-03
-3.8318318e+00 3.0904219e-10 1.7456992e-06 1.9582412e-03
-3.8238238e+00 3.4828767e-10 1.9103369e-06 2.0159297e-03
-3.8158158e+00 3.9297635e-10 2.0873591e-06 2.1153199e-03
-3.8078078e+00 4.4135762e-10 2.2811755e-06 2.2060114e-03
-3.7997998e+00 4.9672398e-10 2.4964305e-06 2.2709748e-03
-3.7917918e+00 5.6023782e-10 2.7267343e-06 2.3659196e-03
-3.7837838e+00 6.3100962e-10 2.9788559e-06 2.4858864e-03
-3.7757758e+00 7.1058674e-10 3.2435450e-06 2.6077716e-03
-3.7677678e+00 7.9464555e-10 3.5410730e-06 2.7350680e-03
-3.7597598e+00 8.9533420e-10 3.8574263e-06 2.8641378e-03
-3.7517518e+00 1.0046915e-09 4.2154901e-06 2.9927849e-03
-3.7437437e+00 1.1271306e-09 4.5967625e-06 3.1094524e-03
-3.7357357e+00 1.2597566e-09 5.0094497e-06 3.2686993e-03
-3.7277277e+00 1.4147333e-09 5.4397815e-06 3.4088860e-03
-3.7197197e+00 1.5878979e-09 5.9263913e-06 3.5406310e-03
-3.7117117e+00 1.7784640e-09 6.4555438e-06 3.6524596e-03
-3.7037037e+00 1.9977477e-09 7.0406461e-06 3.8180377e-03
-3.6956957e+00 2.2249617e-09 7.6586993e-06 3.9837864e-03
-3.6876877e+00 2.4940197e-09 8.3308151e-06 4.1053363e-03
-3.6796797e+00 2.7907472e-09 9.0545228e-06 4.2894889e-03
-3.6716717e+00 3.1271178e-09 9.8433860e-06 4.4475398e-03
-3.6636637e+00 3.5064099e-09 1.0696448e-05 4.6391252e-03
-3.6556557e+00 3.9277185e-09 1.1610955e-05 4.8426527e-03
-3.6476476e+00 4.3730408e-09 1.2606641e-05 5.0624291e-03
-3.6396396e+00 4.8893325e-09 1.3678160e-05 5.2448328e-03
-3.6316316e+00 5.4315070e-09 1.4815018e-05 5.4713410e-03
-3.6236236e+00 6.0533175e-09 1.6004790e-05 5.6794448e-03
-3.6156156e+00 6.7633012e-09 1.7358340e-05 5.8991821e-03
-3.6076076e+00 7.5578104e-09 1.8823274e-05 6.1260263e-03
-3.5995996e+00 8.4283441e-09 2.0287504e-05 6.3400216e-03
-3.5915916e+00 9.4106627e-09 2.2017225e-05 6.5819437e-03
-3.5835836e+00 1.0422054e-08 2.3820529e-05 6.8623797e-03
-3.5755756e+00 1.1617912e-08 2.5739833e-05 7.1453310e-03
-3.5675676e+00 1.2987671e-08 2.7826290e-05 7.4470128e-03
-3.5595596e+00 1.4454022e-08 3.0072756e-05 7.7324101e-03
-3.5515516e+00 1.6110675e-08 3.2417053e-05 8.0338927e-03
-3.5435435e+00 1.7902344e-08 3.4994838e-05 8.3051382e-03
-3.5355355e+00 1.9849811e-08 3.7730992e-05 8.6406523e-03
-3.5275275e+00 2.1965904e-08 4.0680322e-05 8.9944563e-03
-3.5195195e+00 2.4448466e-08 4.3920925e-05 9.3031058e-03
-3.5115115e+00 2.7155139e-08 4.7408262e-05 9.6115381e-03
-3.5035035e+00 3.0190464e-08 5.1209188e-05 9.9922190e-03
-3.4954955e+00 3.3577544e-08 5.5330573e-05 1.0419776e-02
-3.4874875e+00 3.7283746e-08 5.9409705e-05 1.0805710e-02
-3.4794795e+00 4.1399256e-08 6.4075051e-05 1.1176655e-02
-3.4714715e+00 4.5985488e-08 6.8990402e-05 1.1593794e-02
-3.4634635e+00 5.1000387e-08 7.4364411e-05 1.1955861e-02
-3.4554555e+00 5.6565074e-08 8.0021598e-05 1.2392001e-02
-3.4474474e+00 6.2739647e-08 8.5819605e-05 1.2866573e-02
-3.4394394e+00 6.9504873e-08 9.2016774e-05 1.3286040e-02
-3.4314314e+00 7.7052462e-08 9.8915096e-05 1.3576661e-02
-3.4234234e+00 8.5369524e-08 1.0640634e-04 1.4059090e-02
-3.4154154e+00 9.4530496e-08 1.1407971e-04 1.4543130e-02
-3.4074074e+00 1.0461513e-07 1.2236221e-04 1.5046171e-02
-3.3993994e+00 1.1570565e-07 1.3131267e-04 1.5560566e-02
-3.3913914e+00 1.2803332e-07 1.4108393e-04 1.6072145e-02
-3.3833834e+00 1.4151142e-07 1.5142910e-04 1.6527440e-02
-3.3753754e+00 1.5563458e-07 1.6237175e-04 1.7040117e-02
-3.3673674e+00 1.7195609e-07 1.7409827e-04 1.7589749e-02
-3.3593594e+00 1.8989271e-07 1.8663832e-04 1.8146506e-02
-3.3513514e+00 2.0962667e-07 1.9996650e-04 1.8580736e-02
-3.3433433e+00 2.3116703e-07 2.1414507e-04 1.9126284e-02
-3.3353353e+00 2.5503287e-07 2.2924810e-04 1.9678240e-02
-3.3273273e+00 2.8076379e-07 2.4524236e-04 2.0242734e-02
-3.3193193e+00 3.1005148e-07 2.6207257e-04 2.0775226e-02
-3.3113113e+00 3.4170540e-07 2.8048792e-04 2.1403168e-02
-3.3033033e+00 3.7604862e-07 2.9886440e-04 2.1940252e-02
-3.2952953e+00 4.1342678e-07 3.1938072e-04 2.2504262e-02
-3.2872873e+00 4.5442911e-07 3.4177331e-04 2.2962232e-02
-3.2792793e+00 5.0011630e-07 3.6451077e-04 2.3662029e-02
-3.2712713e+00 5.4619630e-07 3.8876712e-04 2.4375388e-02
-3.2632633e+00 6.0307889e-07 4.1434138e-04 2.5083176e-02
-3.2552553e+00 6.6100574e-07 4.4183967e-04 2.5871121e-02
-3.2472472e+00 7.2153950e-07 4.7133940e-04 2.6642324e-02
-3.2392392e+00 7.9261897e-07 5.0257718e-04 2.7264308e-02
-3.2312312e+00 8.6997408e-07 5.3379677e-04 2.7985941e-02
-3.2232232e+00 9.4701920e-07 5.6812739e-04 2.8664433e-02
-3.2152152e+00 1.0423787e-06 6.0649156e-04 2.9526462e-02
-3.2072072e+00 1.1392158e-06 6.4516197e-04 3.0499521e-02
-3.1991992e+00 1.2490379e-06 6.8707394e-04 3.1245709e-02
-3.1911912e+00 1.3695001e-06 7.3158495e-04 3.1922012e-02
-3.1831832e+00 1.4988251e-06 7.7760332e-04 3.2765087e-02
-3.1751752e+00 1.6418907e-06 8.2582375e-04 3.3641191e-02
-3.1671672e+00 1.7936362e-06 8.7780329e-04 3.4438217e-02
-3.1591592e+00 1.9670012e-06 9.3018584e-04 3.5361545e-02
-3.1511512e+00 2.1521755e-06 9.8662546e-04 3.6432929e-02
-3.1431431e+00 2.3481758e-06 1.0494553e-03 3.7259099e-02
-3.1351351e+00 2.5733549e-06 1.1136144e-03 3.8363859e-02
-3.1271271e+00 2.8032945e-06 1.1827549e-03 3.9165564e-02
-3.1191191e+00 3.0648045e-06 1.2544830e-03 4.0147787e-02
-3.1111111e+00 3.3473561e-06 1.3277397e-03 4.1337278e-02
-3.1031031e+00 3.6475664e-06 1.4080297e-03 4.2414593e-02
-3.0950951e+00 3.9779269e-06 1.4869565e-03 4.3206488e-02
-3.0870871e+00 4.3385774e-06 1.5762339e-03 4.4226605e-02
-3.0790791e+00 4.7146551e-06 1.6625838e-03 4.5125254e-02
-3.0710711e+00 5.1520238e-06 1.7576659e-03 4.6240972e-02
-3.0630631e+00 5.5674207e-06 1.8568032e-03 4.7230809e-02
-3.0550551e+00 6.0608556e-06 1.9583520e-03 4.8290792e-02
-3.0470470e+00 6.6169262e-06 2.0709725e-03 4.9532915e-02
-3.0390390e+00 7.2214316e-06 2.1884337e-03 5.0537632e-02
-3.0310310e+00 7.8779402e-06 2.3055222e-03 5.1605547e-02
-3.0230230e+00 8.5855368e-06 2.4318861e-03 5.2841958e-02
-3.0150150e+00 9.3437962e-06 2.5695403e-03 5.3997315e-02
-3.0070070e+00 1.0136575e-05 2.7107239e-03 5.5150307e-02
-2.9989990e+00 1.1037115e-05 2.8601619e-03 5.6154165e-02
-2.9909910e+00 1.1869478e-05 3.0100229e-03 5.7388905e-02
-2.9829830e+00 1.2880956e-05 3.1702370e-03 5.8390452e-02
-2.9749750e+00 1.3960347e-05 3.3390949e-03 5.9501217e-02
-2.9669670e+00 1.5094971e-05 3.5170007e-03 6.0852166e-02
-2.9589590e+00 1.6418900e-05 3.6917642e-03 6.2090363e-02
-2.9509510e+00 1.7727262e-05 3.8790367e-03 6.3181089e-02
-2.9429429e+00 1.9167924e-05 4.0788426e-03 6.4335937e-02
-2.9349349e+00 2.0723349e-05 4.2867984e-03 6.5624045e-02
-2.9269269e+00 2.2334776e-05 4.4859050e-03 6.7035509e-02
-2.9189189e+00 2.4093505e-05 4.6983490e-03 6.8541615e-02
-2.9109109e+00 2.5978133e-05 4.9370933e-03 6.9886692e-02
-2.9029029e+00 2.7931939e-05 5.1917614e-03 7.1240559e-02
-2.8948949e+00 3.0248394e-05 5.4370859e-03 7.2656703e-02
-2.8868869e+00 3.2726463e-05 5.6932299e-03 7.3788197e-02
-2.8788789e+00 3.5241191e-05 5.9889667e-03 7.5125387e-02
-2.8708709e+00 3.7951908e-05 6.2818940e-03 7.6497033e-02
-2.8628629e+00 4.0957075e-05 6.5765701e-03 7.7939234e-02
-2.8548549e+00 4.3950262e-05 6.8899679e-03 7.9502095e-02
-2.8468468e+00 4.7521775e-05 7.2048951e-03 8.0879103e-02
-2.8388388e+00 5.1274640e-05 7.5362120e-03 8.2240211e-02
-2.8308308e+00 5.5173887e-05 7.8673607e-03 8.3602993e-02
-2.8228228e+00 5.9232877e-05 8.2198644e-03 8.4983364e-02
-2.8148148e+00 6.3895487e-05 8.6044897e-03 8.6409842e-02
-2.8068068e+00 6.8898517e-05 8.9779403e-03 8.7861894e-02
-2.7987988e+00 7.4149599e-05 9.3618537e-03 8.9345494e-02
-2.7907908e+00 8.0014635e-05 9.7851149e-03 9.0814000e-02
-2.7827828e+00 8.6089375e-05 1.0243488e-02 9.2264377e-02
-2.7747748e+00 9.2566404e-05 1.0668997e-02 9.3668661e-02
-2.7667668e+00 9.9262418e-05 1.1118933e-02 9.5335345e-02
-2.7587588e+00 1.0650568e-04 1.1596772e-02 9.6749749e-02
-2.7507508e+00 1.1421916e-04 1.2100395e-02 9.8294723e-02
-2.7427427e+00 1.2242218e-04 1.2636811e-02 9.9843549e-02
-2.7347347e+00 1.3043374e-04 1.3159600e-02 1.0165095e-01
-2.7267267e+00 1.4039654e-04 1.3701822e-02 1.0309104e-01
-2.7187187e+00 1.5106683e-04 1.4261154e-02 1.0498017e-01
-2.7107107e+00 1.6211759e-04 1.4829651e-02 1.0644733e-01
-2.7027027e+00 1.7362569e-04 1.5429593e-02 1.0792830e-01
-2.6946947e+00 1.8492330e-04 1.6050031e-02 1.0944609e-01
-2.6866867e+00 1.9722714e-04 1.6668356e-02 1.1101503e-01
-2.6786787e+00 2.1090475e-04 1.7330054e-02 1.1244701e-01
-2.6706707e+00 2.2455208e-04 1.8003407e-02 1.1401698e-01
-2.6626627e+00 2.3922983e-04 1.8734151e-02 1.1547471e-01
-2.6546547e+00 2.5511533e-04 1.9448088e-02 1.1678490e-01
-2.6466466e+00 2.7229532e-04 2.0142513e-02 1.1812192e-01
-2.6386386e+00 2.9142931e-04 2.0977396e-02 1.1926985e-01
-2.6306306e+00 3.1103093e-04 2.1775476e-02 1.2066028e-01
-2.6226226e+00 3.3176540e-04 2.2568134e-02 1.2207979e-01
-2.6146146e+00 3.5423177e-04 2.3359989e-02 1.2305863e-01
-2.6066066e+00 3.7474311e-04 2.4184927e-02 1.2385587e-01
-2.5985986e+00 4.0018156e-04 2.5047245e-02 1.2477754e-01
-2.5905906e+00 4.2746751e-04 2.5967167e-02 1.2618718e-01
-2.5825826e+00 4.5480925e-04 2.6874459e-02 1.2782190e-01
-2.5745746e+00 4.8496177e-04 2.7875272e-02 1.2972027e-01
-2.5665666e+00 5.1531283e-04 2.8845025e-02 1.3169542e-01
-2.5585586e+00 5.4692623e-04 2.9840133e-02 1.3397793e-01
-2.5505506e+00 5.8279782e-04 3.0803416e-02 1.3613606e-01
-2.5425425e+00 6.1929539e-04 3.1796330e-02 1.3853822e-01
-2.5345345e+00 6.5835775e-04 3.2808878e-02 1.4084396e-01
-2.5265265e+00 6.9827046e-04 3.3883320e-02 1.4294829e-01
-2.5185185e+00 7.4190745e-04 3.5004458e-02 1.4488268e-01
-2.5105105e+00 7.8676505e-04 3.6080364e-02 1.4731493e-01
-2.5025025e+00 8.3556146e-04 3.7163373e-02 1.4978660e-01
-2.4944945e+00 8.8563521e-04 3.8171361e-02 1.5226005e-01
-2.4864865e+00 9.3953458e-04 3.9377618e-02 1.5472370e-01
-2.4784785e+00 9.9353269e-04 4.0583236e-02 1.5697411e-01
-2.4704705e+00 1.0512201e-03 4.1830895e-02 1.5936140e-01
-2.4624625e+00 1.1038369e-03 4.3099599e-02 1.6197813e-01
-2.4544545e+00 1.1657458e-03 4.4309168e-02 1.6465331e-01
-2.4464464e+00 1.2315467e-03 4.5582439e-02 1.6720225e-01
-2.4384384e+00 1.3018964e-03 4.6883890e-02 1.6964283e-01
-2.4304304e+00 1.3781758e-03 4.8277134e-02 1.7247841e-01
-2.4224224e+00 1.4553648e-03 4.9704110e-02 1.7482202e-01
-2.4144144e+00 1.5412798e-03 5.1078872e-02 1.7725366e-01
-2.4064064e+00 1.6208497e-03 5.2517671e-02 1.7958159e-01
-2.3983984e+00 1.7156385e-03 5.4039033e-02 1.8221055e-01
-2.3903904e+00 1.8149890e-03 5.5496262e-02 1.8490388e-01
-2.3823824e+00 1.9146660e-03 5.6839584e-02 1.8761020e-01
-2.3743744e+00 2.0138051e-03 5.8456280e-02 1.9026212e-01
-2.3663664e+00 2.1083369e-03 6.0012945e-02 1.9265255e-01
-2.3583584e+00 2.2091881e-03 6.1716186e-02 1.9535442e-01
-2.3503504e+00 2.3321792e-03 6.3316894e-02 1.9767831e-01
-2.3423423e+00 2.4627151e-03 6.4949276e-02 2.0009327e-01
-2.3343343e+00 2.5957494e-03 6.6629194e-02 2.0283451e-01
-2.3263263e+00 2.7419691e-03 6.8300700e-02 2.0536961e-01
-2.3183183e+00 2.8929329e-03 6.9931037e-02 2.0785728e-01
-2.3103103e+00 3.0202448e-03 7.1588010e-02 2.1007557e-01
-2.3023023e+00 3.1674580e-03 7.3233747e-02 2.1248664e-01
-2.2942943e+00 3.3264661e-03 7.4802826e-02 2.1487014e-01
-2.2862863e+00 3.5105187e-03 7.6366183e-02 2.1730178e-01
-2.2782783e+00 3.6978562e-03 7.7977271e-02 2.1951917e-01
-2.2702703e+00 3.8863853e-03 7.9697728e-02 2.2189175e-01
-2.2622623e+00 4.0760409e-03 8.1510598e-02 2.2411138e-01
-2.2542543e+00 4.2932123e-03 8.3099624e-02 2.2604873e-01
-2.2462462e+00 4.5177845e-03 8.4784580e-02 2.2786047e-01
-2.2382382e+00 4.7371401e-03 8.6551417e-02 2.3011540e-01
-2.2302302e+00 4.9565164e-03 8.8409029e-02 2.3211595e-01
-2.2222222e+00 5.1854691e-03 9.0318633e-02 2.3410907e-01
-2.2142142e+00 5.4502658e-03 9.2122907e-02 2.3600829e-01
-2.2062062e+00 5.7338731e-03 9.3980211e-02 2.3767262e-01
-2.1981982e+00 5.9939340e-03 9.5807311e-02 2.3965261e-01
-2.1901902e+00 6.2757793e-03 9.7479000e-02 2.4124150e-01
-2.1821822e+00 6.5304267e-03 9.9165115e-02 2.4270826e-01
-2.1741742e+00 6.8313724e-03 1.0075113e-01 2.4396524e-01
-2.1661662e+00 7.1390314e-03 1.0229684e-01 2.4538240e-01
-2.1581582e+00 7.4817116e-03 1.0372702e-01 2.4648265e-01
-2.1501502e+00 7.7916455e-03 1.0542889e-01 2.4768512e-01
-2.1421421e+00 8.1245530e-03 1.0689438e-01 2.4851863e-01
-2.1341341e+00 8.4776326e-03 1.0824458e-01 2.4953024e-01
-2.1261261e+00 8.8771235e-03 1.0966491e-01 2.5101463e-01
-2.1181181e+00 9.2518803e-03 1.1100191e-01 2.5288490e-01
-2.1101101e+00 9.6651035e-03 1.1232919e-01 2.5470785e-01
-2.1021021e+00 1.0062090e-02 1.1359324e-01 2.5681973e-01
-2.0940941e+00 1.0492701e-02 1.1496370e-01 2.5898412e-01
-2.0860861e+00 1.0910816e-02 1.1625750e-01 2.6095504e-01
-2.0780781e+00 1.1381823e-02 1.1743251e-01 2.6358072e-01
-2.0700701e+00 1.1828793e-02 1.1849571e-01 2.6573192e-01
-2.0620621e+00 1.2346972e-02 1.1947096e-01 2.6800453e-01
-2.0540541e+00 1.2901036e-02 1.2039198e-01 2.7048668e-01
-2.0460460e+00 1.3454760e-02 1.2130081e-01 2.7255664e-01
-2.0380380e+00 1.3999794e-02 1.2217063e-01 2.7486278e-01
-2.0300300e+00 1.4577309e-02 1.2289754e-01 2.7756943e-01
-2.0220220e+00 1.5134825e-02 1.2358523e-01 2.7989934e-01
-2.0140140e+00 1.5704756e-02 1.2405886e-01 2.8215726e-01
-2.0060060e+00 1.6280722e-02 1.2447763e-01 2.8428242e-01
-1.9979980e+00 1.6834407e-02 1.2495591e-01 2.8655150e-01
-1.9899900e+00 1.7551330e-02 1.2554575e-01 2.8899545e-01
-1.9819820e+00 1.8194670e-02 1.2633365e-01 2.9128235e-01
-1.9739740e+00 1.8876689e-02 1.2713265e-01 2.9369027e-01
-1.9659660e+00 1.9644824e-02 1.2792393e-01 2.9549938e-01
-1.9579580e+00 2.0416229e-02 1.2901181e-01 2.9798191e-01
-1.9499499e+00 2.1210544e-02 1.3009779e-01 3.0044447e-01
-1.9419419e+00 2.1992254e-02 1.3140238e-01 3.0302759e-01
-1.9339339e+00 2.2784016e-02 1.3267562e-01 3.0472063e-01
-1.9259259e+00 2.3628766e-02 1.3382926e-01 3.0657937e-01
-1.9179179e+00 2.4377266e-02 1.3517398e-01 3.0853708e-01
-1.9099099e+00 2.5254198e-02 1.3655280e-01 3.1057680e-01
-1.9019019e+00 2.6187615e-02 1.3798536e-01 3.1267464e-01
-1.8938939e+00 2.7192511e-02 1.3955503e-01 3.1446536e-01
-1.8858859e+00 2.8048049e-02 1.4095073e-01 3.1658260e-01
-1.8778779e+00 2.8841290e-02 1.4244674e-01 3.1804105e-01
-1.8698699e+00 2.9784636e-02 1.4412554e-01 3.1978686e-01
-1.8618619e+00 3.0743023e-02 1.4571495e-01 3.2168760e-01
-1.8538539e+00 3.1767888e-02 1.4736911e-01 3.2366306e-01
-1.8458458e+00 3.2904704e-02 1.4866942e-01 3.2562691e-01
-1.8378378e+00 3.3930606e-02 1.5046631e-01 3.2739090e-01
-1.8298298e+00 3.5002433e-02 1.5202180e-01 3.2922600e-01
-1.8218218e+00 3.6124746e-02 1.5342406e-01 3.3018153e-01
-1.8138138e+00 3.7323590e-02 1.5486944e-01 3.3189788e-01
-1.8058058e+00 3.8362328e-02 1.5664773e-01 3.3320670e-01
-1.7977978e+00 3.9538651e-02 1.5816063e-01 3.3512017e-01
-1.7897898e+00 4.0630636e-02 1.5958833e-01 3.3689151e-01
-1.7817818e+00 4.1609792e-02 1.6138625e-01 3.3883404e-01
-1.7737738e+00 4.2700168e-02 1.6317163e-01 3.4047613e-01
-1.7657658e+00 4.3857683e-02 1.6476368e-01 3.4214943e-01
-1.7577578e+00 4.4958323e-02 1.6620245e-01 3.4319221e-01
-1.7497497e+00 4.6286157e-02 1.6798995e-01 3.4473306e-01
-1.7417417e+00 4.7398837e-02 1.6929723e-01 3.4599526e-01
-1.7337337e+00 4.8598966e-02 1.7050095e-01 3.4711052e-01
-1.7257257e+00 4.9647085e-02 1.7205143e-01 3.4865249e-01
-1.7177177e+00 5.0738999e-02 1.7361558e-01 3.5055183e-01
-1.7097097e+00 5.2021734e-02 1.7501269e-01 3.5177669e-01
-1.7017017e+00 5.3119928e-02 1.7631767e-01 3.5315660e-01
-1.6936937e+00 5.4073424e-02 1.7812067e-01 3.5470426e-01
-1.6856857e+00 5.5166603e-02 1.7974503e-01 3.5606476e-01
-1.6776777e+00 5.6262151e-02 1.8102746e-01 3.5735963e-01
-1.6696697e+00 5.7521865e-02 1.8264746e-01 3.5785254e-01
-1.6616617e+00 5.8705883e-02 1.8406493e-01 3.5919184e-01
-1.6536537e+00 5.9899067e-02 1.8528855e-01 3.6029847e-01
-1.6456456e+00 6.1091135e-02 1.8664124e-01 3.6157919e-01
-1.6376376e+00 6.2333659e-02 1.8820063e-01 3.6273939e-01
-1.6296296e+00 6.3719082e-02 1.8980428e-01 3.6433142e-01
-1.6216216e+00 6.4866681e-02 1.9120202e-01 3.6493570e-01
-1.6136136e+00 6.6166854e-02 1.9254156e-01 3.6628764e-01
-1.6056056e+00 6.7547815e-02 1.9383966e-01 3.6735409e-01
-1.5975976e+00 6.8915049e-02 1.9515830e-01 3.6896155e-01
-1.5895896e+00 7.0324381e-02 1.9669524e-01 3.7029036e-01
-1.5815816e+00 7.1542517e-02 1.9816307e-01 3.7152225e-01
-1.5735736e+00 7.3104586e-02 1.9971636e-01 3.7260266e-01
-1.5655656e+00 7.4486296e-02 2.0108533e-01 3.7370381e-01
-1.5575576e+00 7.5734330e-02 2.0240518e-01 3.7524238e-01
-1.5495495e+00 7.7095380e-02 2.0361762e-01 3.7636924e-01
-1.5415415e+00 7.8630091e-02 2.0517649e-01 3.7787827e-01
-1.5335335e+00 8.0140316e-02 2.0671444e-01 3.7935391e-01
-1.5255255e+00 8.1715715e-02 2.0795963e-01 3.8076640e-01
-1.5175175e+00 8.3033387e-02 2.0941084e-01 3.8221309e-01
-1.5095095e+00 8.4542506e-02 2.1082449e-01 3.8367326e-01
-1.5015015e+00 8.6079857e-02 2.1246146e-01 3.8501873e-01
-1.4934935e+00 8.7641830e-02 2.1395319e-01 3.8668455e-01
-1.4854855e+00 8.9092037e-02 2.1563866e-01 3.8863695e-01
-1.4774775e+00 9.0544336e-02 2.1764416e-01 3.9007895e-01
-1.4694695e+00 9.2205520e-02 2.1942439e-01 3.9204129e-01
-1.4614615e+00 9.3847012e-02 2.2128175e-01 3.9365609e-01
-1.4534535e+00 9.5872185e-02 2.2279518e-01 3.9555408e-01
-1.4454454e+00 9.7913284e-02 2.2466445e-01 3.9740243e-01
-1.4374374e+00 9.9533572e-02 2.2661365e-01 3.9964662e-01
-1.4294294e+00 1.0141846e-01 2.2846817e-01 4.0130224e-01
-1.4214214e+00 1.0330094e-01 2.3047854e-01 4.0317065e-01
-1.4134134e+00 1.0485304e-01 2.3236987e-01 4.0492213e-01
-1.4054054e+00 1.0702593e-01 2.3433490e-01 4.0697387e-01
-1.3973974e+00 1.0909063e-01 2.3655066e-01 4.0956317e-01
-1.3893894e+00 1.1109677e-01 2.3856193e-01 4.1203516e-01
-1.3813814e+00 1.1307443e-01 2.4091717e-01 4.1414817e-01
-1.3733734e+00 1.1519868e-01 2.4334070e-01 4.1650535e-01
-1.3653654e+00 1.1752782e-01 2.4572652e-01 4.1845698e-01
-1.3573574e+00 1.1961834e-01 2.4753440e-01 4.2056107e-01
-1.3493493e+00 1.2194448e-01 2.4984268e-01 4.2321831e-01
-1.3413413e+00 1.2423033e-01 2.5203506e-01 4.2557243e-01
-1.3333333e+00 1.2652739e-01 2.5455000e-01 4.2798855e-01
-1.3253253e+00 1.2869380e-01 2.5696092e-01 4.3083735e-01
-1.3173173e+00 1.3136569e-01 2.5978724e-01 4.3375045e-01
-1.3093093e+00 1.3368813e-01 2.6249554e-01 4.3647090e-01
-1.3013013e+00 1.3618926e-01 2.6529775e-01 4.3986230e-01
-1.2932933e+00 1.3862478e-01 2.6834583e-01 4.4329482e-01
-1.2852853e+00 1.4115727e-01 2.7103387e-01 4.4676608e-01
-1.2772773e+00 1.4375022e-01 2.7418616e-01 4.5015242e-01
-1.2692693e+00 1.4641570e-01 2.7722519e-01 4.5361578e-01
-1.2612613e+00 1.4880787e-01 2.8016500e-01 4.5701977e-01
-1.2532533e+00 1.5157021e-01 2.8353091e-01 4.6067933e-01
-1.2452452e+00 1.5447749e-01 2.8697518e-01 4.6464862e-01
-1.2372372e+00 1.5770312e-01 2.9016146e-01 4.6788247e-01
-1.2292292e+00 1.6054386e-01 2.9332135e-01 4.7153253e-01
-1.2212212e+00 1.6364635e-01 2.9694029e-01 4.7573920e-01
-1.2132132e+00 1.6659260e-01 3.0060893e-01 4.8024194e-01
-1.2052052e+00 1.6978596e-01 3.0397986e-01 4.8433367e-01
-1.1971972e+00 1.7316246e-01 3.0787234e-01 4.8881625e-01
-1.1891892e+00 1.7653395e-01 3.1194455e-01 4.9280085e-01
-1.1811812e+00 1.7985019e-01 3.1590183e-01 4.9716537e-01
-1.1731732e+00 1.8338716e-01 3.2005811e-01 5.0170875e-01
-1.1651652e+00 1.8719777e-01 3.2394452e-01 5.0664072e-01
-1.1571572e+00 1.9067215e-01 3.2840465e-01 5.1127698e-01
-1.1491491e+00 1.9409435e-01 3.3292965e-01 5.1583639e-01
-1.1411411e+00 1.9763007e-01 3.3765490e-01 5.2076517e-01
-1.1331331e+00 2.0162211e-01 3.4235681e-01 5.2577201e-01
-1.1251251e+00 2.0527006e-01 3.4689682e-01 5.3081744e-01
-1.1171171e+00 2.0910784e-01 3.5180995e-01 5.3623907e-01
-1.1091091e+00 2.1329468e-01 3.5667891e-01 5.4191877e-01
-1.1011011e+00 2.1734888e-01 3.6171160e-01 5.4759172e-01
-1.0930931e+00 2.2161095e-01 3.6687041e-01 5.5361491e-01
-1.0850851e+00 2.2538154e-01 3.7210542e-01 5.5977186e-01
-1.0770771e+00 2.2948195e-01 3.7723996e-01 5.6571475e-01
-1.0690691e+00 2.3391478e-01 3.8273733e-01 5.7133523e-01
-1.0610611e+00 2.3863117e-01 3.8789082e-01 5.7701753e-01
-1.0530531e+00 2.4278978e-01 3.9364832e-01 5.8325035e-01
-1.0450450e+00 2.4750957e-01 3.9920526e-01 5.8968061e-01
-1.0370370e+00 2.5210207e-01 4.0526037e-01 5.9585334e-01
-1.0290290e+00 2.5656537e-01 4.1107304e-01 6.0268571e-01
-1.0210210e+00 2.6121174e-01 4.1715292e-01 6.0903408e-01
-1.0130130e+00 2.6570973e-01 4.2307185e-01 6.1535116e-01
-1.0050050e+00 2.7060276e-01 4.2892415e-01 6.2232343e-01
-9.9699700e-01 2.7556874e-01 4.3494485e-01 6.2948393e-01
-9.8898899e-01 2.8061687e-01 4.4125517e-01 6.3614711e-01
-9.8098098e-01 2.8580991e-01 4.4752343e-01 6.4301670e-01
-9.7297297e-01 2.9101234e-01 4.5404840e-01 6.4996357e-01
-9.6496496e-01 2.9606437e-01 4.6038534e-01 6.5787116e-01
-9.5695696e-01 3.0158842e-01 4.6713554e-01 6.6526385e-01
-9.4894895e-01 3.0701490e-01 4.7343620e-01 6.7315557e-01
-9.4094094e-01 3.1239923e-01 4.8051338e-01 6.8025301e-01
-9.3293293e-01 3.1784185e-01 4.8734928e-01 6.8811287e-01
-9.2492492e-01 3.2378582e-01 4.9422793e-01 6.9633689e-01
-9.1691692e-01 3.2925358e-01 5.0148041e-01 7.0436138e-01
-9.0890891e-01 3.3490076e-01 5.0839737e-01 7.1240563e-01
-9.0090090e-01 3.4087563e-01 5.1570090e-01 7.2075719e-01
-8.9289289e-01 3.4680364e-01 5.2302829e-01 7.2873211e-01
-8.8488488e-01 3.5263247e-01 5.3028624e-01 7.3618552e-01
-8.7687688e-01 3.5812008e-01 5.3737330e-01 7.4462306e-01
-8.6886887e-01 3.6379543e-01 5.4471188e-01 7.5234671e-01
-8.6086086e-01 3.6995527e-01 5.5190150e-01 7.6023807e-01
-8.5285285e-01 3.7595541e-01 5.5900865e-01 7.6854493e-01
-8.4484484e-01 3.8193871e-01 5.6637673e-01 7.7690201e-01
-8.3683684e-01 3.8797474e-01 5.7367062e-01 7.8515551e-01
-8.2882883e-01 3.9441765e-01 5.8111873e-01 7.9341495e-01
-8.2082082e-01 4.0072166e-01 5.8906080e-01 8.0259029e-01
-8.1281281e-01 4.0681984e-01 5.9645609e-01 8.1094538e-01
-8.0480480e-01 4.1304911e-01 6.0420555e-01 8.1963776e-01
-7.9679680e-01 4.1954839e-01 6.1217280e-01 8.2778071e-01
-7.8878879e-01 4.2552545e-01 6.1962990e-01 8.3624178e-01
-7.8078078e-01 4.3192411e-01 6.2732958e-01 8.4472935e-01
-7.7277277e-01 4.3852988e-01 6.3480238e-01 8.5325723e-01
-7.6476476e-01 4.4509256e-01 6.4275217e-01 8.6186392e-01
-7.5675676e-01 4.5179057e-01 6.5031794e-01 8.7065745e-01
-7.4874875e-01 4.5875548e-01 6.5766738e-01 8.7965789e-01
-7.4074074e-01 4.6499744e-01 6.6515677e-01 8.8791720e-01
-7.3273273e-01 4.7179703e-01 6.7308646e-01 8.9619522e-01
-7.2472472e-01 4.7858919e-01 6.8050693e-01 9.0404695e-01
-7.1671672e-01 4.8550162e-01 6.8825757e-01 9.1295996e-01
-7.0870871e-01 4.9200622e-01 6.9597620e-01 9.2092034e-01
-7.0070070e-01 4.9871956e-01 7.0392559e-01 9.2920817e-01
-6.9269269e-01 5.0549204e-01 7.1172719e-01 9.3796736e-01
-6.8468468e-01 5.1229532e-01 7.1956056e-01 9.4660294e-01
-6.7667668e-01 5.1925535e-01 7.2689488e-01 9.5439107e-01
-6.6866867e-01 5.2605840e-01 7.3457722e-01 9.6258757e-01
-6.6066066e-01 5.3243287e-01 7.4206640e-01 9.7073727e-01
-6.5265265e-01 5.3913057e-01 7.4973067e-01 9.7839701e-01
-6.4464464e-01 5.4572313e-01 7.5701252e-01 9.8587336e-01
-6.3663664e-01 5.5234234e-01 7.6464291e-01 9.9332588e-01
-6.2862863e-01 5.5849123e-01 7.7176471e-01 1.0010459e+00
-6.2062062e-01 5.6509613e-01 7.7894318e-01 1.0082601e+00
-6.1261261e-01 5.7152531e-01 7.8624087e-01 1.0154023e+00
-6.0460460e-01 5.7824614e-01 7.9338912e-01 1.0225740e+00
-5.9659660e-01 5.8447582e-01 8.0012141e-01 1.0295623e+00
-5.8858859e-01 5.9099196e-01 8.0693668e-01 1.0364734e+00
-5.8058058e-01 5.9724499e-01 8.1379365e-01 1.0436719e+00
-5.7257257e-01 6.0354194e-01 8.2093158e-01 1.0510707e+00
-5.6456456e-01 6.0919250e-01 8.2780966e-01 1.0582856e+00
-5.5655656e-01 6.1542451e-01 8.3478385e-01 1.0649089e+00
-5.4854855e-01 6.2168044e-01 8.4105944e-01 1.0717042e+00
-5.4054054e-01 6.2702950e-01 8.4794780e-01 1.0784659e+00
-5.3253253e-01 6.3287285e-01 8.5428315e-01 1.0848774e+00
-5.2452452e-01 6.3876516e-01 8.6035437e-01 1.0911490e+00
-5.1651652e-01 6.4493911e-01 8.6645811e-01 1.0974064e+00
-5.0850851e-01 6.5100289e-01 8.7247262e-01 1.1030567e+00
-5.0050050e-01 6.5663548e-01 8.7838537e-01 1.1086296e+00
-4.9249249e-01 6.6208482e-01 8.8430522e-01 1.1140817e+00
-4.8448448e-01 6.6723868e-01 8.8976958e-01 1.1195642e+00
-4.7647648e-01 6.7265517e-01 8.9539531e-01 1.1247480e+00
-4.6846847e-01 6.7814351e-01 9.0084451e-01 1.1299799e+00
-4.6046046e-01 6.8325495e-01 9.0621751e-01 1.1351516e+00
-4.5245245e-01 6.8847573e-01 9.1143409e-01 1.1402723e+00
-4.4444444e-01 6.9364726e-01 9.1674620e-01 1.1450245e+00
-4.3643644e-01 6.9857239e-01 9.2182834e-01 1.1498077e+00
-4.2842843e-01 7.0303390e-01 9.2659613e-01 1.1540947e+00
-4.2042042e-01 7.0728495e-01 9.3147694e-01 1.1587651e+00
-4.1241241e-01 7.1223386e-01 9.3617157e-01 1.1630333e+00
-4.0440440e-01 7.1669396e-01 9.4055021e-01 1.1675449e+00
-3.9639640e-01 7.2095284e-01 9.4476774e-01 1.1712271e+00
-3.8838839e-01 7.2518283e-01 9.4874486e-01 1.1744625e+00
-3.8038038e-01 7.2909584e-01 9.5279088e-01 1.1780853e+00
-3.7237237e-01 7.3313853e-01 9.5681490e-01 1.1819521e+00
-3.6436436e-01 7.3633315e-01 9.6021258e-01 1.1851833e+00
-3.5635636e-01 7.3988809e-01 9.6338460e-01 1.1879689e+00
-3.4834835e-01 7.4319733e-01 9.6692597e-01 1.1904469e+00
-3.4034034e-01 7.4672222e-01 9.7017501e-01 1.1928709e+00
-3.3233233e-01 7.5000927e-01 9.7294788e-01 1.1950634e+00
-3.2432432e-01 7.5306777e-01 9.7586079e-01 1.1976367e+00
-3.1631632e-01 7.5637422e-01 9.7847772e-01 1.1998752e+00
-3.0830831e-01 7.5953102e-01 9.8108883e-01 1.2022029e+00
-3.0030030e-01 7.6229733e-01 9.8282723e-01 1.2048128e+00
-2.9229229e-01 7.6516178e-01 9.8526498e-01 1.2068617e+00
-2.8428428e-01 7.6739481e-01 9.8704909e-01 1.2084333e+00
-2.7627628e-01 7.6947672e-01 9.8875943e-01 1.2096417e+00
-2.6826827e-01 7.7142824e-01 9.9085831e-01 1.2117207e+00
-2.6026026e-01 7.7323727e-01 9.9248735e-01 1.2126892e+00
-2.5225225e-01 7.7550740e-01 9.9409782e-01 1.2134956e+00
-2.4424424e-01 7.7689164e-01 9.9546030e-01 1.2143039e+00
-2.3623624e-01 7.7815977e-01 9.9627993e-01 1.2148939e+00
-2.2822823e-01 7.8014608e-01 9.9697233e-01 1.2157804e+00
-2.2022022e-01 7.8135912e-01 9.9766301e-01 1.2163129e+00
-2.1221221e-01 7.8230576e-01 9.9798480e-01 1.2172505e+00
-2.0420420e-01 7.8384733e-01 9.9884854e-01 1.2172725e+00
-1.9619620e-01 7.8505887e-01 9.9943809e-01 1.2178405e+00
-1.8818819e-01 7.8596445e-01 9.9964003e-01 1.2179654e+00
-1.8018018e-01 7.8684081e-01 9.9969094e-01 1.2174136e+00
-1.7217217e-01 7.8750310e-01 9.9971209e-01 1.2172988e+00
-1.6416416e-01 7.8769140e-01 1.0000000e+00 1.2168401e+00
-1.5615616e-01 7.8829328e-01 9.9974340e-01 1.2161783e+00
-1.4814815e-01 7.8851628e-01 9.9952118e-01 1.2152624e+00
-1.4014014e-01 7.8857167e-01 9.9884742e-01 1.2141334e+00
-1.3213213e-01 7.8810323e-01 9.9814998e-01 1.2131016e+00
-1.2412412e-01 7.8734994e-01 9.9680278e-01 1.2124776e+00
-1.1611612e-01 7.8678153e-01 9.9618143e-01 1.2115870e+00
-1.0810811e-01 7.8588699e-01 9.9499058e-01 1.2106125e+00
-1.0010010e-01 7.8534042e-01 9.9347897e-01 1.2093099e+00
-9.2092092e-02 7.8449415e-01 9.9205468e-01 1.2076321e+00
-8.4084084e-02 7.8335711e-01 9.9067621e-01 1.2056188e+00
-7.6076076e-02 7.8200710e-01 9.8919450e-01 1.2037851e+00
-6.8068068e-02 7.8054548e-01 9.8736123e-01 1.2016391e+00
-6.0060060e-02 7.7865812e-01 9.8558774e-01 1.1989017e+00
-5.2052052e-02 7.7672975e-01 9.8399392e-01 1.1966185e+00
-4.4044044e-02 7.7456127e-01 9.8221576e-01 1.1947434e+00
-3.6036036e-02 7.7255723e-01 9.8029008e-01 1.1931169e+00
-2.8028028e-02 7.7093724e-01 9.7822772e-01 1.1907215e+00
-2.0020020e-02 7.6883895e-01 9.7617689e-01 1.1882837e+00
-1.2012012e-02 7.6647548e-01 9.7350104e-01 1.1857603e+00
-4.0040040e-03 7.6435264e-01 9.7091409e-01 1.1825735e+00
4.0040040e-03 7.6183733e-01 9.6808973e-01 1.1795701e+00
1.2012012e-02 7.5976488e-01 9.6525847e-01 1.1771449e+00
2.0020020e-02 7.5711039e-01 9.6223704e-01 1.1743069e+00
2.8028028e-02 7.5454456e-01 9.5954532e-01 1.1713302e+00
3.6036036e-02 7.5183182e-01 9.5679814e-01 1.1680209e+00
4.4044044e-02 7.4905764e-01 9.5365718e-01 1.1646180e+00
5.2052052e-02 7.4612047e-01 9.5054672e-01 1.1612534e+00
6.0060060e-02 7.4286684e-01 9.4729558e-01 1.1579910e+00
6.8068068e-02 7.3956025e-01 9.4392712e-01 1.1548315e+00
7.6076076e-02 7.3646780e-01 9.4089757e-01 1.1514535e+00
8.4084084e-02 7.3273430e-01 9.3740683e-01 1.1482537e+00
9.2092092e-02 7.2939450e-01 9.3423737e-01 1.1440877e+00
1.0010010e-01 7.2587665e-01 9.3121709e-01 1.1402406e+00
1.0810811e-01 7.2280748e-01 9.2768198e-01 1.1368433e+00
1.1611612e-01 7.1959416e-01 9.2397090e-01 1.1329935e+00
1.2412412e-01 7.1609872e-01 9.1963933e-01 1.1292568e+00
1.3213213e-01 7.1257377e-01 9.1629989e-01 1.1251452e+00
1.4014014e-01 7.0867172e-01 9.1231177e-01 1.1210753e+00
1.4814815e-01 7.0450187e-01 9.0893878e-01 1.1169605e+00
1.5615616e-01 7.0085243e-01 9.0469538e-01 1.1136273e+00
1.6416416e-01 6.9729426e-01 9.0073441e-01 1.1095781e+00
1.7217217e-01 6.9315839e-01 8.9665558e-01 1.1049695e+00
1.8018018e-01 6.8917010e-01 8.9239447e-01 1.1004738e+00
1.8818819e-01 6.8513174e-01 8.8811196e-01 1.0961658e+00
1.9619620e-01 6.8083969e-01 8.8384267e-01 1.0922306e+00
2.0420420e-01 6.7688293e-01 8.7975283e-01 1.0884299e+00
2.1221221e-01 6.7233571e-01 8.7585131e-01 1.0845230e+00
2.2022022e-01 6.6820826e-01 8.7133281e-01 1.0809270e+00
2.2822823e-01 6.6385074e-01 8.6727141e-01 1.0764747e+00
2.3623624e-01 6.5908703e-01 8.6272458e-01 1.0722276e+00
2.4424424e-01 6.5472648e-01 8.5813217e-01 1.0677624e+00
2.5225225e-01 6.5076691e-01 8.5352153e-01 1.0636906e+00
2.6026026e-01 6.4639119e-01 8.4906781e-01 1.0595856e+00
2.6826827e-01 6.4222833e-01 8.4416633e-01 1.0549710e+00
2.7627628e-01 6.3770696e-01 8.3988773e-01 1.0501865e+00
2.8428428e-01 6.3281804e-01 8.3561394e-01 1.0456269e+00
2.9229229e-01 6.2863462e-01 8.3086898e-01 1.0407191e+00
3.0030030e-01 6.2421432e-01 8.2640862e-01 1.0359065e+00
3.0830831e-01 6.1979475e-01 8.2152863e-01 1.0317738e+00
3.1631632e-01 6.1525610e-01 8.1732891e-01 1.0268171e+00
3.2432432e-01 6.1082448e-01 8.1267999e-01 1.0220484e+00
3.3233233e-01 6.0655762e-01 8.0801659e-01 1.0175893e+00
3.4034034e-01 6.0221757e-01 8.0300443e-01 1.0127661e+00
3.4834835e-01 5.9775890e-01 7.9831873e-01 1.0081574e+00
3.5635636e-01 5.9321473e-01 7.9361872e-01 1.0038080e+00
3.6436436e-01 5.8835941e-01 7.8851582e-01 9.9868432e-01
3.7237237e-01 5.8353668e-01 7.8363967e-01 9.9358975e-01
3.8038038e-01 5.7862111e-01 7.7869049e-01 9.8785388e-01
3.8838839e-01 5.7449308e-01 7.7409471e-01 9.8316353e-01
3.9639640e-01 5.6981379e-01 7.6934295e-01 9.7854368e-01
4.0440440e-01 5.6474730e-01 7.6457221e-01 9.7419221e-01
4.1241241e-01 5.6004902e-01 7.5970497e-01 9.6923998e-01
4.2042042e-01 5.5517087e-01 7.5496506e-01 9.6393289e-01
4.2842843e-01 5.5085633e-01 7.4997210e-01 9.5875032e-01
4.3643644e-01 5.4600472e-01 7.4537133e-01 9.5403326e-01
4.4444444e-01 5.4136990e-01 7.4002278e-01 9.4974944e-01
4.5245245e-01 5.3650100e-01 7.3482942e-01 9.4457079e-01
4.6046046e-01 5.3180716e-01 7.2949073e-01 9.3964909e-01
4.6846847e-01 5.2669005e-01 7.2451094e-01 9.3501725e-01
4.7647648e-01 5.2176078e-01 7.1970439e-01 9.3015115e-01
4.8448448e-01 5.1694500e-01 7.1470477e-01 9.2496968e-01
4.9249249e-01 5.1212580e-01 7.0955013e-01 9.1991923e-01
5.0050050e-01 5.0738713e-01 7.0438409e-01 9.1522858e-01
5.0850851e-01 5.0243428e-01 6.9961397e-01 9.1004148e-01
5.1651652e-01 4.9748353e-01 6.9439005e-01 9.0483625e-01
5.2452452e-01 4.9225488e-01 6.8896308e-01 9.0010608e-01
5.3253253e-01 4.8704788e-01 6.8344613e-01 8.9541692e-01
5.4054054e-01 4.8232440e-01 6.7803515e-01 8.9012084e-01
5.4854855e-01 4.7758098e-01 6.7300902e-01 8.8510026e-01
5.5655656e-01 4.7269417e-01 6.6782612e-01 8.7973195e-01
5.6456456e-01 4.6797979e-01 6.6247806e-01 8.7457690e-01
5.7257257e-01 4.6336652e-01 6.5735883e-01 8.6969927e-01
5.8058058e-01 4.5847521e-01 6.5202720e-01 8.6434936e-01
5.8858859e-01 4.5403845e-01 6.4667823e-01 8.5930029e-01
5.9659660e-01 4.4901430e-01 6.4127121e-01 8.5395017e-01
6.0460460e-01 4.4398772e-01 6.3586695e-01 8.4837630e-01
6.1261261e-01 4.3922541e-01 6.3061012e-01 8.4287231e-01
6.2062062e-01 4.3404168e-01 6.2549755e-01 8.3769838e-01
6.2862863e-01 4.2908233e-01 6.2036149e-01 8.3236540e-01
6.3663664e-01 4.2436317e-01 6.1499727e-01 8.2695159e-01
6.4464464e-01 4.1915325e-01 6.0924004e-01 8.2128563e-01
6.5265265e-01 4.1440334e-01 6.0423806e-01 8.1590462e-01
6.6066066e-01 4.0896757e-01 5.9888401e-01 8.1052238e-01
6.6866867e-01 4.0389220e-01 5.9377229e-01 8.0481869e-01
6.7667668e-01 3.9945894e-01 5.8818708e-01 7.9891367e-01
6.8468468e-01 3.9423307e-01 5.8260252e-01 7.9285669e-01
6.9269269e-01 3.8893574e-01 5.7766896e-01 7.8774463e-01
7.0070070e-01 3.8395976e-01 5.7236627e-01 7.8197138e-01
7.0870871e-01 3.7910336e-01 5.6683278e-01 7.7642592e-01
7.1671672e-01 3.7375663e-01 5.6133015e-01 7.7065678e-01
7.2472472e-01 3.6868686e-01 5.5618014e-01 7.6496032e-01
7.3273273e-01 3.6385780e-01 5.5075054e-01 7.5937797e-01
7.4074074e-01 3.5885682e-01 5.4534486e-01 7.5391327e-01
7.4874875e-01 3.5424663e-01 5.3969652e-01 7.4869577e-01
7.5675676e-01 3.4951892e-01 5.3416272e-01 7.4280231e-01
7.6476476e-01 3.4465517e-01 5.2862777e-01 7.3719273e-01
7.7277277e-01 3.4014601e-01 5.2319596e-01 7.3100910e-01
7.8078078e-01 3.3530550e-01 5.1762858e-01 7.2498791e-01
7.8878879e-01 3.3040498e-01 5.1224466e-01 7.1901447e-01
7.9679680e-01 3.2551259e-01 5.0661777e-01 7.1311668e-01
8.0480480e-01 3.2091696e-01 5.0118178e-01 7.0691790e-01
8.1281281e-01 3.1620588e-01 4.9569616e-01 7.0059842e-01
8.2082082e-01 3.1133885e-01 4.8961660e-01 6.9434935e-01
8.2882883e-01 3.0667226e-01 4.8383565e-01 6.8833181e-01
8.3683684e-01 3.0192668e-01 4.7808254e-01 6.8244888e-01
8.4484484e-01 2.9745580e-01 4.7244800e-01 6.7612073e-01
8.5285285e-01 2.9273242e-01 4.6664823e-01 6.6930928e-01
8.6086086e-01 2.8782324e-01 4.6115743e-01 6.6277734e-01
8.6886887e-01 2.8335137e-01 4.5557647e-01 6.5614321e-01
8.7687688e-01 2.7857959e-01 4.5023986e-01 6.4991070e-01
8.8488488e-01 2.7402120e-01 4.4490042e-01 6.4319846e-01
8.9289289e-01 2.6950635e-01 4.3929560e-01 6.3646465e-01
9.0090090e-01 2.6501711e-01 4.3369493e-01 6.2994219e-01
9.0890891e-01 2.6064523e-01 4.2790702e-01 6.2351622e-01
9.1691692e-01 2.5612449e-01 4.2243671e-01 6.1706802e-01
9.2492492e-01 2.5162595e-01 4.1699375e-01 6.1047568e-01
9.3293293e-01 2.4713090e-01 4.1153384e-01 6.0413948e-01
9.4094094e-01 2.4272581e-01 4.0592542e-01 5.9749109e-01
9.4894895e-01 2.3827141e-01 4.0060180e-01 5.9096406e-01
9.5695696e-01 2.3394349e-01 3.9548007e-01 5.8426335e-01
9.6496496e-01 2.2950145e-01 3.9023646e-01 5.7791876e-01
9.7297297e-01 2.2525455e-01 3.8486929e-01 5.7139277e-01
9.8098098e-01 2.2107070e-01 3.7925604e-01 5.6545532e-01
9.8898899e-01 2.1694995e-01 3.7394721e-01 5.5934491e-01
9.9699700e-01 2.1293615e-01 3.6832973e-01 5.5308766e-01
1.0050050e+00 2.0863854e-01 3.6297116e-01 5.4628035e-01
1.0130130e+00 2.0444016e-01 3.5746993e-01 5.3957527e-01
1.0210210e+00 2.0030156e-01 3.5226696e-01 5.3307131e-01
1.0290290e+00 1.9612963e-01 3.4692715e-01 5.2668532e-01
1.0370370e+00 1.9202208e-01 3.4139050e-01 5.2042082e-01
1.0450450e+00 1.8796527e-01 3.3606355e-01 5.1387968e-01
1.0530531e+00 1.8390379e-01 3.3077560e-01 5.0716039e-01
1.0610611e+00 1.8029043e-01 3.2521639e-01 5.0081904e-01
1.0690691e+00 1.7648470e-01 3.2002954e-01 4.9413078e-01
1.0770771e+00 1.7289661e-01 3.1479703e-01 4.8733635e-01
1.0850851e+00 1.6895171e-01 3.0962926e-01 4.8077713e-01
1.0930931e+00 1.6528478e-01 3.0455067e-01 4.7422689e-01
1.1011011e+00 1.6154873e-01 2.9934638e-01 4.6779389e-01
1.1091091e+00 1.5809046e-01 2.9421268e-01 4.6106888e-01
1.1171171e+00 1.5465955e-01 2.8890116e-01 4.5495244e-01
1.1251251e+00 1.5103374e-01 2.8376225e-01 4.4867047e-01
1.1331331e+00 1.4749826e-01 2.7872252e-01 4.4205082e-01
1.1411411e+00 1.4407239e-01 2.7363418e-01 4.3574108e-01
1.1491491e+00 1.4088501e-01 2.6876158e-01 4.2932996e-01
1.1571572e+00 1.3751884e-01 2.6395222e-01 4.2320149e-01
1.1651652e+00 1.3431571e-01 2.5900541e-01 4.1719873e-01
1.1731732e+00 1.3085575e-01 2.5414836e-01 4.1115906e-01
1.1811812e+00 1.2773720e-01 2.4932036e-01 4.0523542e-01
1.1891892e+00 1.2468875e-01 2.4451361e-01 3.9927243e-01
1.1971972e+00 1.2160662e-01 2.3997883e-01 3.9337217e-01
1.2052052e+00 1.1866399e-01 2.3544704e-01 3.8780718e-01
1.2132132e+00 1.1575638e-01 2.3076540e-01 3.8180515e-01
1.2212212e+00 1.1301587e-01 2.2592482e-01 3.7597318e-01
1.2292292e+00 1.1029500e-01 2.2110302e-01 3.7011435e-01
1.2372372e+00 1.0733952e-01 2.1643515e-01 3.6420097e-01
1.2452452e+00 1.0445133e-01 2.1189053e-01 3.5854686e-01
1.2532533e+00 1.0180392e-01 2.0748002e-01 3.5239117e-01
1.2612613e+00 9.9042317e-02 2.0305770e-01 3.4667833e-01
1.2692693e+00 9.6422888e-02 1.9881806e-01 3.4108047e-01
1.2772773e+00 9.3878745e-02 1.9441670e-01 3.3566779e-01
1.2852853e+00 9.1273875e-02 1.9005230e-01 3.3030378e-01
1.2932933e+00 8.8785584e-02 1.8590319e-01 3.2441220e-01
1.3013013e+00 8.6324196e-02 1.8175878e-01 3.1918594e-01
1.3093093e+00 8.3817224e-02 1.7773551e-01 3.1439899e-01
1.3173173e+00 8.1336801e-02 1.7380047e-01 3.0895802e-01
1.3253253e+00 7.8876914e-02 1.6984363e-01 3.0385838e-01
1.3333333e+00 7.6543057e-02 1.6601600e-01 2.9866519e-01
1.3413413e+00 7.4301170e-02 1.6219298e-01 2.9366873e-01
1.3493493e+00 7.2060201e-02 1.5833020e-01 2.8886947e-01
1.3573574e+00 6.9875587e-02 1.5461702e-01 2.8401512e-01
1.3653654e+00 6.7658573e-02 1.5090415e-01 2.7919687e-01
1.3733734e+00 6.5591251e-02 1.4720808e-01 2.7460332e-01
1.3813814e+00 6.3509032e-02 1.4370415e-01 2.6977714e-01
1.3893894e+00 6.1535168e-02 1.4017422e-01 2.6518002e-01
1.3973974e+00 5.9532655e-02 1.3668214e-01 2.6059178e-01
1.4054054e+00 5.7588514e-02 1.3330644e-01 2.5653834e-01
1.4134134e+00 5.5750628e-02 1.3006489e-01 2.5219593e-01
1.4214214e+00 5.3935640e-02 1.2682039e-01 2.4829389e-01
1.4294294e+00 5.2051793e-02 1.2357320e-01 2.4401714e-01
1.4374374e+00 5.0298330e-02 1.2024218e-01 2.4000811e-01
1.4454454e+00 4.8519827e-02 1.1718881e-01 2.3617786e-01
1.4534535e+00 4.6753697e-02 1.1405317e-01 2.3229822e-01
1.4614615e+00 4.5078184e-02 1.1079532e-01 2.2823268e-01
1.4694695e+00 4.3488581e-02 1.0773550e-01 2.2453995e-01
1.4774775e+00 4.1961148e-02 1.0472867e-01 2.2076167e-01
1.4854855e+00 4.0505631e-02 1.0180813e-01 2.1651898e-01
1.4934935e+00 3.9089601e-02 9.8980648e-02 2.1248533e-01
1.5015015e+00 3.7664983e-02 9.6202071e-02 2.0861600e-01
1.5095095e+00 3.6379055e-02 9.3379715e-02 2.0540686e-01
1.5175175e+00 3.5054939e-02 9.0536172e-02 2.0169932e-01
1.5255255e+00 3.3790478e-02 8.7801868e-02 1.9839241e-01
1.5335335e+00 3.2538689e-02 8.5137460e-02 1.9507202e-01
1.5415415e+00 3.1297122e-02 8.2501857e-02 1.9165428e-01
1.5495495e+00 3.0116215e-02 7.9941830e-02 1.8818250e-01
1.5575576e+00 2.8954619e-02 7.7467495e-02 1.8478924e-01
1.5655656e+00 2.7849736e-02 7.5039406e-02 1.8162184e-01
1.5735736e+00 2.6765144e-02 7.2675217e-02 1.7862301e-01
1.5815816e+00 2.5725700e-02 7.0331131e-02 1.7585241e-01
1.5895896e+00 2.4709836e-02 6.8104393e-02 1.7279391e-01
1.5975976e+00 2.3711894e-02 6.5872175e-02 1.7005813e-01
1.6056056e+00 2.2771464e-02 6.3710275e-02 1.6740076e-01
1.6136136e+00 2.1853753e-02 6.1581684e-02 1.6479910e-01
1.6216216e+00 2.0960259e-02 5.9538436e-02 1.6211480e-01
1.6296296e+00 2.0095072e-02 5.7511431e-02 1.5971677e-01
1.6376376e+00 1.9259632e-02 5.5505027e-02 1.5712309e-01
1.6456456e+00 1.8445217e-02 5.3628316e-02 1.5458134e-01
1.6536537e+00 1.7670263e-02 5.1782564e-02 1.5225704e-01
1.6616617e+00 1.6920515e-02 4.9915373e-02 1.5012747e-01
1.6696697e+00 1.6193206e-02 4.8176269e-02 1.4771925e-01
1.6776777e+00 1.5494192e-02 4.6502523e-02 1.4540693e-01
1.6856857e+00 1.4813166e-02 4.4868946e-02 1.4351853e-01
1.6936937e+00 1.4168821e-02 4.3265324e-02 1.4144257e-01
1.7017017e+00 1.3546288e-02 4.1670162e-02 1.3970049e-01
1.7097097e+00 1.2951988e-02 4.0134022e-02 1.3799330e-01
1.7177177e+00 1.2368351e-02 3.8613381e-02 1.3649072e-01
1.7257257e+00 1.1826061e-02 3.7175064e-02 1.3480328e-01
1.7337337e+00 1.1279903e-02 3.5740672e-02 1.3337793e-01
1.7417417e+00 1.0751416e-02 3.4358219e-02 1.3196753e-01
1.7497497e+00 1.0256262e-02 3.2987791e-02 1.3057499e-01
1.7577578e+00 9.7934055e-03 3.1678795e-02 1.2905621e-01
1.7657658e+00 9.3317911e-03 3.0491020e-02 1.2788294e-01
1.7737738e+00 8.8951556e-03 2.9273274e-02 1.2657887e-01
1.7817818e+00 8.4597930e-03 2.8094885e-02 1.2557157e-01
1.7897898e+00 8.0504575e-03 2.6976802e-02 1.2476200e-01
1.7977978e+00 7.6581619e-03 2.5886697e-02 1.2369717e-01
1.8058058e+00 7.2913898e-03 2.4814143e-02 1.2256357e-01
1.8138138e+00 6.9278534e-03 2.3787689e-02 1.2149561e-01
1.8218218e+00 6.5887455e-03 2.2797597e-02 1.2034985e-01
1.8298298e+00 6.2682301e-03 2.1853997e-02 1.1903649e-01
1.8378378e+00 5.9586047e-03 2.0938487e-02 1.1773400e-01
1.8458458e+00 5.6471444e-03 2.0054676e-02 1.1657068e-01
1.8538539e+00 5.3631456e-03 1.9195075e-02 1.1552156e-01
1.8618619e+00 5.0876121e-03 1.8340077e-02 1.1448126e-01
1.8698699e+00 4.8298593e-03 1.7529051e-02 1.1358931e-01
1.8778779e+00 4.5767040e-03 1.6756052e-02 1.1247340e-01
1.8858859e+00 4.3389787e-03 1.6011330e-02 1.1144549e-01
1.8938939e+00 4.1135108e-03 1.5294934e-02 1.1062058e-01
1.9019019e+00 3.8962837e-03 1.4593671e-02 1.0970965e-01
1.9099099e+00 3.6827210e-03 1.3929644e-02 1.0875415e-01
1.9179179e+00 3.4889306e-03 1.3296400e-02 1.0770841e-01
1.9259259e+00 3.3006048e-03 1.2682958e-02 1.0679813e-01
1.9339339e+00 3.1186738e-03 1.2093358e-02 1.0588879e-01
1.9419419e+00 2.9473687e-03 1.1538037e-02 1.0475752e-01
1.9499499e+00 2.7869891e-03 1.0988611e-02 1.0361954e-01
1.9579580e+00 2.6308172e-03 1.0468901e-02 1.0260969e-01
1.9659660e+00 2.4840209e-03 9.9675471e-03 1.0179483e-01
1.9739740e+00 2.3464996e-03 9.4815872e-03 1.0099482e-01
1.9819820e+00 2.2130658e-03 9.0104299e-03 9.9850372e-02
1.9899900e+00 2.0872837e-03 8.5637334e-03 9.8824172e-02
1.9979980e+00 1.9677973e-03 8.1337699e-03 9.7627460e-02
2.0060060e+00 1.8543159e-03 7.7279368e-03 9.6533417e-02
2.0140140e+00 1.7476887e-03 7.3386531e-03 9.5419209e-02
2.0220220e+00 1.6464038e-03 6.9581759e-03 9.4566032e-02
2.0300300e+00 1.5505629e-03 6.6013333e-03 9.3300197e-02
2.0380380e+00 1.4581191e-03 6.2587059e-03 9.2360051e-02
2.0460460e+00 1.3722979e-03 5.9321628e-03 9.1609857e-02
2.0540541e+00 1.2913281e-03 5.6247668e-03 9.0438339e-02
2.0620621e+00 1.2147368e-03 5.3235396e-03 8.9273759e-02
2.0700701e+00 1.1412477e-03 5.0436042e-03 8.8244462e-02
2.0780781e+00 1.0726180e-03 4.7790702e-03 8.7150075e-02
2.0860861e+00 1.0074951e-03 4.5221976e-03 8.6192881e-02
2.0940941e+00 9.4616725e-04 4.2756941e-03 8.5198837e-02
2.1021021e+00 8.8893909e-04 4.0433937e-03 8.4165911e-02
2.1101101e+00 8.3382731e-04 3.8199342e-03 8.3338033e-02
2.1181181e+00 7.8136029e-04 3.6131317e-03 8.2375478e-02
2.1261261e+00 7.3150054e-04 3.4100237e-03 8.1612816e-02
2.1341341e+00 6.8504942e-04 3.2172126e-03 8.0482060e-02
2.1421421e+00 6.4141168e-04 3.0368194e-03 7.9619764e-02
2.1501502e+00 6.0164162e-04 2.8665838e-03 7.8894850e-02
2.1581582e+00 5.6257184e-04 2.7010772e-03 7.7678750e-02
2.1661662e+00 5.2611283e-04 2.5484050e-03 7.6670298e-02
2.1741742e+00 4.9215358e-04 2.4008238e-03 7.5384592e-02
2.1821822e+00 4.5988231e-04 2.2598419e-03 7.4477722e-02
2.1901902e+00 4.2993927e-04 2.1270903e-03 7.3561778e-02
2.1981982e+00 4.0207980e-04 2.0030406e-03 7.2827074e-02
2.2062062e+00 3.7562132e-04 1.8834547e-03 7.1579105e-02
2.2142142e+00 3.5064954e-04 1.7704640e-03 7.0301172e-02
2.2222222e+00 3.2723071e-04 1.6648177e-03 6.9488649e-02
2.2302302e+00 3.0554995e-04 1.5645250e-03 6.8508987e-02
2.2382382e+00 2.8482835e-04 1.4709895e-03 6.7489140e-02
2.2462462e+00 2.6570787e-04 1.3817250e-03 6.6410316e-02
2.2542543e+00 2.4781243e-04 1.2969446e-03 6.5633574e-02
2.2622623e+00 2.3074719e-04 1.2178539e-03 6.4495843e-02
2.2702703e+00 2.1437558e-04 1.1429855e-03 6.3327856e-02
2.2782783e+00 1.9951554e-04 1.0724298e-03 6.2311178e-02
2.2862863e+00 1.8580357e-04 1.0055033e-03 6.1037531e-02
2.2942943e+00 1.7275996e-04 9.4339745e-04 6.0136637e-02
2.3023023e+00 1.6070096e-04 8.8371970e-04 5.9165495e-02
2.3103103e+00 1.4941189e-04 8.2678233e-04 5.7906474e-02
2.3183183e+00 1.3882332e-04 7.7437220e-04 5.6859442e-02
2.3263263e+00 1.2885712e-04 7.2537320e-04 5.5592713e-02
2.3343343e+00 1.1963693e-04 6.7865306e-04 5.4562435e-02
2.3423423e+00 1.1109929e-04 6.3464310e-04 5.3355231e-02
2.3503504e+00 1.0308550e-04 5.9362487e-04 5.2220259e-02
2.3583584e+00 9.5606718e-05 5.5505490e-04 5.1170399e-02
2.3663664e+00 8.8580564e-05 5.1818151e-04 5.0151521e-02
2.3743744e+00 8.2118830e-05 4.8401699e-04 4.9041715e-02
2.3823824e+00 7.6129351e-05 4.5171484e-04 4.8072696e-02
2.3903904e+00 7.0487092e-05 4.2152954e-04 4.7077145e-02
2.3983984e+00 6.5261442e-05 3.9350313e-04 4.5887860e-02
2.4064064e+00 6.0415319e-05 3.6743622e-04 4.4750873e-02
2.4144144e+00 5.5866742e-05 3.4228111e-04 4.3940959e-02
2.4224224e+00 5.1678302e-05 3.1908049e-04 4.2811849e-02
2.4304304e+00 4.7769706e-05 2.9694613e-04 4.1921291e-02
2.4384384e+00 4.4125628e-05 2.7647422e-04 4.0960419e-02
2.4464464e+00 4.0778721e-05 2.5724394e-04 4.0090201e-02
2.4544545e+00 3.7648934e-05 2.3941524e-04 3.9142731e-02
2.4624625e+00 3.4743255e-05 2.2262706e-04 3.8306101e-02
2.4704705e+00 3.2053403e-05 2.0695142e-04 3.7467289e-02
2.4784785e+00 2.9558390e-05 1.9219802e-04 3.6457946e-02
2.4864865e+00 2.7266511e-05 1.7849123e-04 3.5484463e-02
2.4944945e+00 2.5157164e-05 1.6564702e-04 3.4444182e-02
2.5025025e+00 2.3170691e-05 1.5389974e-04 3.3591202e-02
2.5105105e+00 2.1343401e-05 1.4285630e-04 3.2594799e-02
2.5185185e+00 1.9668351e-05 1.3251794e-04 3.1760873e-02
2.5265265e+00 1.8101701e-05 1.2293734e-04 3.0745186e-02
2.5345345e+00 1.6672381e-05 1.1403287e-04 2.9744738e-02
2.5425425e+00 1.5349154e-05 1.0571945e-04 2.8754547e-02
2.5505506e+00 1.4106454e-05 9.7924072e-05 2.7902106e-02
2.5585586e+00 1.2959603e-05 9.0651880e-05 2.7142584e-02
2.5665666e+00 1.1898057e-05 8.3859961e-05 2.6358421e-02
2.5745746e+00 1.0917173e-05 7.7652866e-05 2.5492732e-02
2.5825826e+00 1.0018883e-05 7.1861194e-05 2.4884389e-02
2.5905906e+00 9.1975389e-06 6.6377476e-05 2.4123511e-02
2.5985986e+00 8.4323103e-06 6.1341739e-05 2.3250713e-02
2.6066066e+00 7.7373115e-06 5.6623728e-05 2.2566816e-02
2.6146146e+00 7.0895054e-06 5.2327169e-05 2.1783227e-02
2.6226226e+00 6.5012197e-06 4.8301318e-05 2.1010389e-02
2.6306306e+00 5.9591873e-06 4.4603044e-05 2.0260193e-02
2.6386386e+00 5.4559734e-06 4.1188294e-05 1.9620000e-02
2.6466466e+00 4.9936200e-06 3.7985822e-05 1.8907462e-02
2.6546547e+00 4.5716495e-06 3.5042351e-05 1.8263259e-02
2.6626627e+00 4.1831931e-06 3.2311248e-05 1.7595041e-02
2.6706707e+00 3.8225082e-06 2.9784853e-05 1.6965450e-02
2.6786787e+00 3.4968729e-06 2.7448853e-05 1.6353379e-02
2.6866867e+00 3.2008682e-06 2.5259461e-05 1.5725078e-02
2.6946947e+00 2.9226686e-06 2.3235007e-05 1.5120223e-02
2.7027027e+00 2.6691481e-06 2.1383050e-05 1.4533342e-02
2.7107107e+00 2.4381720e-06 1.9668456e-05 1.3964154e-02
2.7187187e+00 2.2256179e-06 1.8072409e-05 1.3411346e-02
2.7267267e+00 2.0294746e-06 1.6611935e-05 1.2861462e-02
2.7347347e+00 1.8513430e-06 1.5250248e-05 1.2323475e-02
2.7427427e+00 1.6862287e-06 1.3985583e-05 1.1787375e-02
2.7507508e+00 1.5363170e-06 1.2838742e-05 1.1311989e-02
2.7587588e+00 1.3997168e-06 1.1786863e-05 1.0868590e-02
2.7667668e+00 1.2749637e-06 1.0813971e-05 1.0374214e-02
2.7747748e+00 1.1610759e-06 9.9150743e-06 9.9520583e-03
2.7827828e+00 1.0560080e-06 9.0959878e-06 9.5310002e-03
2.7907908e+00 9.6098621e-07 8.3383024e-06 9.1238787e-03
2.7987988e+00 8.7343769e-07 7.6353847e-06 8.7224128e-03
2.8068068e+00 7.9315410e-07 6.9890804e-06 8.3412724e-03
2.8148148e+00 7.2031492e-07 6.3944943e-06 7.9784865e-03
2.8228228e+00 6.5339369e-07 5.8455051e-06 7.6257866e-03
2.8308308e+00 5.9310586e-07 5.3394434e-06 7.2859941e-03
2.8388388e+00 5.3833342e-07 4.8776742e-06 6.9676898e-03
2.8468468e+00 4.8786808e-07 4.4541686e-06 6.6479998e-03
2.8548549e+00 4.4248298e-07 4.0723111e-06 6.3449639e-03
2.8628629e+00 4.0071151e-07 3.7171500e-06 6.0599484e-03
2.8708709e+00 3.6298640e-07 3.3924729e-06 5.7755421e-03
2.8788789e+00 3.2907178e-07 3.0937088e-06 5.5133417e-03
2.8868869e+00 2.9805713e-07 2.8227638e-06 5.2549513e-03
2.8948949e+00 2.6977440e-07 2.5740621e-06 4.9987765e-03
2.9029029e+00 2.4406789e-07 2.3447050e-06 4.7384370e-03
2.9109109e+00 2.2081711e-07 2.1347183e-06 4.5112447e-03
2.9189189e+00 1.9966890e-07 1.9435812e-06 4.2822948e-03
2.9269269e+00 1.8043941e-07 1.7694260e-06 4.0561499e-03
2.9349349e+00 1.6296328e-07 1.6104506e-06 3.8852420e-03
2.9429429e+00 1.4720347e-07 1.4653497e-06 3.7064220e-03
2.9509510e+00 1.3297015e-07 1.3352906e-06 3.5097219e-03
2.9589590e+00 1.2004427e-07 1.2135182e-06 3.3494533e-03
2.9669670e+00 1.0829413e-07 1.1043323e-06 3.1681689e-03
2.9749750e+00 9.7678472e-08 1.0047094e-06 2.9941485e-03
2.9829830e+00 8.8025959e-08 9.1306875e-07 2.8369815e-03
2.9909910e+00 7.9272039e-08 8.2880592e-07 2.6824725e-03
2.9989990e+00 7.1380037e-08 7.5218445e-07 2.5368889e-03
3.0070070e+00 6.4343802e-08 6.8192327e-07 2.3907772e-03
3.0150150e+00 5.7927417e-08 6.1852511e-07 2.2599189e-03
3.0230230e+00 5.2142017e-08 5.6079591e-07 2.1347141e-03
3.0310310e+00 4.6921312e-08 5.0854220e-07 2.0151409e-03
3.0390390e+00 4.2196785e-08 4.6088224e-07 1.9014238e-03
3.0470470e+00 3.7905851e-08 4.1770209e-07 1.7941235e-03
3.0550551e+00 3.4061995e-08 3.7860534e-07 1.6962672e-03
3.0630631e+00 3.0575320e-08 3.4197893e-07 1.6019770e-03
3.0710711e+00 2.7470819e-08 3.0939377e-07 1.5104364e-03
3.0790791e+00 2.4630526e-08 2.7997152e-07 1.4277920e-03
3.0870871e+00 2.2094468e-08 2.5329104e-07 1.3462655e-03
3.0950951e+00 1.9794642e-08 2.2895302e-07 1.2705690e-03
3.1031031e+00 1.7742054e-08 2.0695588e-07 1.1949687e-03
3.1111111e+00 1.5903990e-08 1.8673603e-07 1.1222468e-03
3.1191191e+00 1.4248448e-08 1.6841279e-07 1.0542371e-03
3.1271271e+00 1.2769455e-08 1.5180362e-07 9.9013940e-04
3.1351351e+00 1.1436628e-08 1.3691064e-07 9.3007843e-04
3.1431431e+00 1.0229919e-08 1.2336160e-07 8.7482139e-04
3.1511512e+00 9.1469379e-09 1.1121485e-07 8.2241047e-04
3.1591592e+00 8.1793482e-09 1.0012651e-07 7.7382982e-04
3.1671672e+00 7.3170596e-09 9.0231205e-08 7.2785201e-04
3.1751752e+00 6.5430926e-09 8.1278575e-08 6.8313972e-04
3.1831832e+00 5.8392704e-09 7.3096023e-08 6.4059778e-04
3.1911912e+00 5.2129312e-09 6.5711307e-08 6.0120747e-04
3.1991992e+00 4.6520874e-09 5.9083051e-08 5.6393178e-04
3.2072072e+00 4.1515977e-09 5.3139893e-08 5.2944012e-04
3.2152152e+00 3.7040304e-09 4.7748239e-08 4.9687570e-04
3.2232232e+00 3.3027141e-09 4.2912933e-08 4.6526873e-04
3.2312312e+00 2.9467726e-09 3.8555831e-08 4.3567376e-04
3.2392392e+00 2.6260690e-09 3.4635470e-08 4.0785514e-04
3.2472472e+00 2.3410982e-09 3.1108038e-08 3.8079424e-04
3.2552553e+00 2.0846492e-09 2.7908301e-08 3.5590303e-04
3.2632633e+00 1.8566479e-09 2.5026635e-08 3.3245880e-04
3.2712713e+00 1.6521400e-09 2.2458391e-08 3.1057704e-04
3.2792793e+00 1.4707854e-09 2.0150125e-08 2.9018851e-04
3.2872873e+00 1.3073081e-09 1.8038201e-08 2.7141337e-04
3.2952953e+00 1.1606978e-09 1.6156320e-08 2.5338217e-04
3.3033033e+00 1.0317859e-09 1.4466529e-08 2.3611409e-04
3.3113113e+00 9.1640993e-10 1.2949887e-08 2.2042459e-04
3.3193193e+00 8.1375840e-10 1.1589968e-08 2.0548392e-04
3.3273273e+00 7.2236581e-10 1.0365420e-08 1.9150358e-04
3.3353353e+00 6.4024010e-10 9.2657575e-09 1.7829196e-04
3.3433433e+00 5.6708564e-10 8.2805826e-09 1.6534844e-04
3.3513514e+00 5.0262696e-10 7.3955220e-09 1.5376561e-04
3.3593594e+00 4.4546334e-10 6.6044543e-09 1.4320228e-04
3.3673674e+00 3.9515968e-10 5.9011407e-09 1.3301329e-04
3.3753754e+00 3.5003426e-10 5.2641865e-09 1.2380014e-04
3.3833834e+00 3.0954137e-10 4.6968046e-09 1.1516550e-04
3.3913914e+00 2.7412895e-10 4.1885151e-09 1.0718863e-04
3.3993994e+00 2.4248504e-10 3.7301048e-09 9.9613152e-05
3.4074074e+00 2.1453542e-10 3.3260440e-09 9.2452959e-05
3.4154154e+00 1.8973032e-10 2.9617723e-09 8.5808542e-05
3.4234234e+00 1.6766534e-10 2.6393019e-09 7.9475131e-05
3.4314314e+00 1.4801995e-10 2.3507189e-09 7.3582170e-05
3.4394394e+00 1.3070818e-10 2.0900181e-09 6.8101164e-05
3.4474474e+00 1.1544790e-10 1.8585754e-09 6.3005299e-05
3.4554555e+00 1.0189629e-10 1.6541759e-09 5.8348564e-05
3.4634635e+00 8.9882572e-11 1.4718659e-09 5.4047329e-05
3.4714715e+00 7.9276364e-11 1.3084421e-09 4.9961330e-05
3.4794795e+00 6.9937404e-11 1.1619737e-09 4.6152436e-05
3.4874875e+00 6.1611884e-11 1.0319140e-09 4.2743218e-05
3.4954955e+00 5.4265984e-11 9.1617207e-10 3.9587676e-05
3.5035035e+00 4.7782080e-11 8.1242690e-10 3.6649470e-05
3.5115115e+00 4.2065942e-11 7.2025168e-10 3.3901312e-05
3.5195195e+00 3.7005461e-11 6.3885458e-10 3.1340639e-05
3.5275275e+00 3.2525395e-11 5.6619323e-10 2.8898003e-05
3.5355355e+00 2.8586085e-11 5.0157432e-10 2.6632317e-05
3.5435435e+00 2.5130130e-11 4.4442636e-10 2.4539469e-05
3.5515516e+00 2.2055475e-11 3.9337720e-10 2.2636034e-05
3.5595596e+00 1.9365957e-11 3.4832442e-10 2.0888310e-05
3.5675676e+00 1.6999224e-11 3.0799429e-10 1.9241026e-05
3.5755756e+00 1.4911034e-11 2.7228964e-10 1.7694732e-05
3.5835836e+00 1.3070413e-11 2.4044005e-10 1.6286732e-05
3.5915916e+00 1.1471607e-11 2.1241346e-10 1.4983540e-05
3.5995996e+00 1.0045200e-11 1.8762564e-10 1.3767603e-05
3.6076076e+00 8.7973954e-12 1.6570000e-10 1.2645699e-05
3.6156156e+00 7.6999105e-12 1.4618790e-10 1.1612021e-05
3.6236236e+00 6.7317646e-12 1.2907159e-10 1.0660993e-05
3.6316316e+00 5.8905866e-12 1.1385619e-10 9.8099665e-06
3.6396396e+00 5.1485758e-12 1.0042121e-10 9.0124333e-06
3.6476476e+00 4.5005017e-12 8.8557184e-11 8.2769579e-06
3.6556557e+00 3.9329326e-12 7.8105268e-11 7.6085740e-06
3.6636637e+00 3.4360967e-12 6.8844276e-11 6.9915971e-06
3.6716717e+00 3.0037258e-12 6.0644498e-11 6.4201851e-06
3.6796797e+00 2.6258185e-12 5.3353346e-11 5.8918296e-06
3.6876877e+00 2.2929101e-12 4.6927769e-11 5.4069116e-06
3.6956957e+00 2.0014476e-12 4.1291858e-11 4.9504756e-06
3.7037037e+00 1.7453891e-12 3.6275986e-11 4.5398356e-06
3.7117117e+00 1.5218859e-12 3.1881414e-11 4.1611198e-06
3.7197197e+00 1.3281314e-12 2.7988772e-11 3.7996638e-06
3.7277277e+00 1.1570148e-12 2.4591873e-11 3.4705990e-06
3.7357357e+00 1.0083085e-12 2.1620224e-11 3.1644012e-06
3.7437437e+00 8.7728898e-13 1.8964966e-11 2.8920048e-06
3.7517518e+00 7.6318293e-13 1.6635259e-11 2.6424652e-06
3.7597598e+00 6.6425471e-13 1.4584999e-11 2.4146910e-06
3.7677678e+00 5.7698322e-13 1.2786972e-11 2.2074395e-06
3.7757758e+00 5.0168156e-13 1.1197759e-11 2.0178764e-06
3.7837838e+00 4.3620448e-13 9.8037112e-12 1.8417640e-06
3.7917918e+00 3.7868204e-13 8.5805493e-12 1.6777771e-06
3.7997998e+00 3.2901126e-13 7.5154415e-12 1.5273707e-06
3.8078078e+00 2.8549662e-13 6.5804932e-12 1.3885474e-06
3.8158158e+00 2.4794148e-13 5.7591742e-12 1.2632332e-06
3.8238238e+00 2.1499503e-13 5.0379345e-12 1.1508315e-06
3.8318318e+00 1.8647417e-13 4.3999558e-12 1.0463454e-06
3.8398398e+00 1.6167163e-13 3.8428061e-12 9.5184387e-07
3.8478478e+00 1.4004258e-13 3.3564370e-12 8.6436669e-07
3.8558559e+00 1.2133498e-13 2.9324508e-12 7.8501708e-07
3.8638639e+00 1.0509659e-13 2.5607129e-12 7.1368469e-07
3.8718719e+00 9.0899935e-14 2.2346058e-12 6.4842062e-07
3.8798799e+00 7.8598771e-14 1.9491293e-12 5.8896615e-07
3.8878879e+00 6.7923069e-14 1.6987300e-12 5.3419135e-07
3.8958959e+00 5.8677739e-14 1.4797369e-12 4.8442790e-07
3.9039039e+00 5.0727465e-14 1.2899713e-12 4.3914706e-07
3.9119119e+00 4.3849266e-14 1.1234091e-12 3.9856107e-07
3.9199199e+00 3.7874342e-14 9.7781199e-13 3.6109070e-07
3.9279279e+00 3.2703760e-14 8.5065944e-13 3.2738957e-07
3.9359359e+00 2.8234935e-14 7.3995321e-13 2.9671336e-07
3.9439439e+00 2.4367334e-14 6.4336616e-13 2.6879967e-07
3.9519520e+00 2.1009499e-14 5.5922541e-13 2.4369890e-07
3.9599600e+00 1.8117454e-14 4.8542219e-13 2.2082232e-07
3.9679680e+00 1.5604176e-14 4.2198388e-13 1.9980163e-07
3.9759760e+00 1.3442762e-14 3.6647816e-13 1.8088322e-07
3.9839840e+00 1.1575415e-14 3.1819686e-13 1.6374554e-07
3.9919920e+00 9.9700492e-15 2.7608352e-13 1.4801772e-07
4.0000000e+00 8.5812342e-15 2.3948822e-13 1.3365742e-07
