X KDE_INF KDE_MED KDE_SUP
5.0000000e+00 6.7756364e-12 9.5826093e-11 8.7522734e-10
5.0052553e+00 7.1885143e-12 1.0124104e-10 9.2243585e-10
5.0105105e+00 7.6237679e-12 1.0693482e-10 9.7193554e-10
5.0157658e+00 8.0904002e-12 1.1300131e-10 1.0236869e-09
5.0210210e+00 8.5832739e-12 1.1936821e-10 1.0784653e-09
5.0262763e+00 9.1036437e-12 1.2610916e-10 1.1361918e-09
5.0315315e+00 9.6532799e-12 1.3322632e-10 1.1965603e-09
5.0367868e+00 1.0238930e-11 1.4073569e-10 1.2606640e-09
5.0420420e+00 1.0858890e-11 1.4864458e-10 1.3279972e-09
5.0472973e+00 1.1511675e-11 1.5695228e-10 1.3981721e-09
5.0525526e+00 1.2201943e-11 1.6568798e-10 1.4715082e-09
5.0578078e+00 1.2938138e-11 1.7492918e-10 1.5490052e-09
5.0630631e+00 1.3715736e-11 1.8478598e-10 1.6302784e-09
5.0683183e+00 1.4531544e-11 1.9517228e-10 1.7171087e-09
5.0735736e+00 1.5396923e-11 2.0608603e-10 1.8067434e-09
5.0788288e+00 1.6312701e-11 2.1764030e-10 1.9011235e-09
5.0840841e+00 1.7283159e-11 2.2981503e-10 2.0001273e-09
5.0893393e+00 1.8313242e-11 2.4253103e-10 2.1055898e-09
5.0945946e+00 1.9405495e-11 2.5607512e-10 2.2170303e-09
5.0998498e+00 2.0557582e-11 2.7044091e-10 2.3333415e-09
5.1051051e+00 2.1770829e-11 2.8556481e-10 2.4555170e-09
5.1103604e+00 2.3062486e-11 3.0146755e-10 2.5838487e-09
5.1156156e+00 2.4430420e-11 3.1814420e-10 2.7173619e-09
5.1208709e+00 2.5877664e-11 3.3589179e-10 2.8584345e-09
5.1261261e+00 2.7397177e-11 3.5433459e-10 3.0077559e-09
5.1313814e+00 2.8991286e-11 3.7369960e-10 3.1640414e-09
5.1366366e+00 3.0681431e-11 3.9446585e-10 3.3260563e-09
5.1418919e+00 3.2479407e-11 4.1598087e-10 3.4985649e-09
5.1471471e+00 3.4348549e-11 4.3884846e-10 3.6798356e-09
5.1524024e+00 3.6362748e-11 4.6276293e-10 3.8703227e-09
5.1576577e+00 3.8500172e-11 4.8814902e-10 4.0696443e-09
5.1629129e+00 4.0737462e-11 5.1476493e-10 4.2780736e-09
5.1681682e+00 4.3094712e-11 5.4291158e-10 4.4971340e-09
5.1734234e+00 4.5568427e-11 5.7271071e-10 4.7272226e-09
5.1786787e+00 4.8235117e-11 6.0362804e-10 4.9716303e-09
5.1839339e+00 5.1022870e-11 6.3635204e-10 5.2284300e-09
5.1891892e+00 5.3970993e-11 6.7098067e-10 5.4966326e-09
5.1944444e+00 5.7118958e-11 7.0735476e-10 5.7758479e-09
5.1996997e+00 6.0370220e-11 7.4564272e-10 6.0709551e-09
5.2049550e+00 6.3873674e-11 7.8604300e-10 6.3796095e-09
5.2102102e+00 6.7596313e-11 8.2853528e-10 6.7065512e-09
5.2154655e+00 7.1530865e-11 8.7315606e-10 7.0459211e-09
5.2207207e+00 7.5659762e-11 9.1997079e-10 7.4046809e-09
5.2259760e+00 7.9962021e-11 9.6946075e-10 7.7785621e-09
5.2312312e+00 8.4539715e-11 1.0218802e-09 8.1715084e-09
5.2364865e+00 8.9395202e-11 1.0767932e-09 8.5840093e-09
5.2417417e+00 9.4537903e-11 1.1346525e-09 9.0196782e-09
5.2469970e+00 9.9984023e-11 1.1955125e-09 9.4721624e-09
5.2522523e+00 1.0571533e-10 1.2594533e-09 9.9496897e-09
5.2575075e+00 1.1172854e-10 1.3268269e-09 1.0449183e-08
5.2627628e+00 1.1809796e-10 1.3979408e-09 1.0972010e-08
5.2680180e+00 1.2486058e-10 1.4720784e-09 1.1518891e-08
5.2732733e+00 1.3193640e-10 1.5502285e-09 1.2092668e-08
5.2785285e+00 1.3944657e-10 1.6326744e-09 1.2693254e-08
5.2837838e+00 1.4727055e-10 1.7188407e-09 1.3320378e-08
5.2890390e+00 1.5566960e-10 1.8097940e-09 1.3974326e-08
5.2942943e+00 1.6445527e-10 1.9066983e-09 1.4664090e-08
5.2995495e+00 1.7369933e-10 2.0065749e-09 1.5390967e-08
5.3048048e+00 1.8357000e-10 2.1115154e-09 1.6152686e-08
5.3100601e+00 1.9391561e-10 2.2236933e-09 1.6950403e-08
5.3153153e+00 2.0482152e-10 2.3418153e-09 1.7781382e-08
5.3205706e+00 2.1636269e-10 2.4641807e-09 1.8661119e-08
5.3258258e+00 2.2862137e-10 2.5940242e-09 1.9576138e-08
5.3310811e+00 2.4142982e-10 2.7306663e-09 2.0534682e-08
5.3363363e+00 2.5493658e-10 2.8739212e-09 2.1533764e-08
5.3415916e+00 2.6913907e-10 3.0246103e-09 2.2593666e-08
5.3468468e+00 2.8408531e-10 3.1843946e-09 2.3706830e-08
5.3521021e+00 2.9984033e-10 3.3495241e-09 2.4862044e-08
5.3573574e+00 3.1648888e-10 3.5231955e-09 2.6082175e-08
5.3626126e+00 3.3414947e-10 3.7050819e-09 2.7348104e-08
5.3678679e+00 3.5271871e-10 3.8964117e-09 2.8673124e-08
5.3731231e+00 3.7223091e-10 4.0976580e-09 3.0066510e-08
5.3783784e+00 3.9292141e-10 4.3083147e-09 3.1518863e-08
5.3836336e+00 4.1452542e-10 4.5305865e-09 3.3051254e-08
5.3888889e+00 4.3759222e-10 4.7643420e-09 3.4637909e-08
5.3941441e+00 4.6202544e-10 5.0069928e-09 3.6303851e-08
5.3993994e+00 4.8755613e-10 5.2625357e-09 3.8052597e-08
5.4046547e+00 5.1410554e-10 5.5300653e-09 3.9879146e-08
5.4099099e+00 5.4204654e-10 5.8126509e-09 4.1802446e-08
5.4151652e+00 5.7217777e-10 6.1097746e-09 4.3804156e-08
5.4204204e+00 6.0388716e-10 6.4197359e-09 4.5894437e-08
5.4256757e+00 6.3728356e-10 6.7474158e-09 4.8067355e-08
5.4309309e+00 6.7200722e-10 7.0876765e-09 5.0376991e-08
5.4361862e+00 7.0834702e-10 7.4511757e-09 5.2753801e-08
5.4414414e+00 7.4695518e-10 7.8309191e-09 5.5255836e-08
5.4466967e+00 7.8789083e-10 8.2356417e-09 5.7866182e-08
5.4519520e+00 8.3096957e-10 8.6554964e-09 6.0624095e-08
5.4572072e+00 8.7638310e-10 9.0935979e-09 6.3458608e-08
5.4624625e+00 9.2421367e-10 9.5549365e-09 6.6431611e-08
5.4677177e+00 9.7433629e-10 1.0041727e-08 6.9534465e-08
5.4729730e+00 1.0269627e-09 1.0546320e-08 7.2797394e-08
5.4782282e+00 1.0823610e-09 1.1078160e-08 7.6198459e-08
5.4834835e+00 1.1402961e-09 1.1628812e-08 7.9745908e-08
5.4887387e+00 1.2009100e-09 1.2212126e-08 8.3468096e-08
5.4939940e+00 1.2648062e-09 1.2819255e-08 8.7385045e-08
5.4992492e+00 1.3326824e-09 1.3463110e-08 9.1424754e-08
5.5045045e+00 1.4041497e-09 1.4123168e-08 9.5712756e-08
5.5097598e+00 1.4792549e-09 1.4820911e-08 1.0008664e-07
5.5150150e+00 1.5585213e-09 1.5558411e-08 1.0471818e-07
5.5202703e+00 1.6415637e-09 1.6325910e-08 1.0959120e-07
5.5255255e+00 1.7288207e-09 1.7126384e-08 1.1467509e-07
5.5307808e+00 1.8203671e-09 1.7969603e-08 1.1999741e-07
5.5360360e+00 1.9166777e-09 1.8852670e-08 1.2562149e-07
5.5412913e+00 2.0175244e-09 1.9785180e-08 1.3146227e-07
5.5465465e+00 2.1239673e-09 2.0763642e-08 1.3762525e-07
5.5518018e+00 2.2365441e-09 2.1789389e-08 1.4397011e-07
5.5570571e+00 2.3540078e-09 2.2869641e-08 1.5058474e-07
5.5623123e+00 2.4783794e-09 2.4001264e-08 1.5741935e-07
5.5675676e+00 2.6077000e-09 2.5171128e-08 1.6458848e-07
5.5728228e+00 2.7450132e-09 2.6412731e-08 1.7199613e-07
5.5780781e+00 2.8902561e-09 2.7705402e-08 1.7982613e-07
5.5833333e+00 3.0421133e-09 2.9062585e-08 1.8799641e-07
5.5885886e+00 3.2025040e-09 3.0468704e-08 1.9653907e-07
5.5938438e+00 3.3721531e-09 3.1940295e-08 2.0529675e-07
5.5990991e+00 3.5452140e-09 3.3489930e-08 2.1470738e-07
5.6043544e+00 3.7317181e-09 3.5123514e-08 2.2437215e-07
5.6096096e+00 3.9251957e-09 3.6823136e-08 2.3436810e-07
5.6148649e+00 4.1298018e-09 3.8610678e-08 2.4500597e-07
5.6201201e+00 4.3424124e-09 4.0478411e-08 2.5598387e-07
5.6253754e+00 4.5685829e-09 4.2431576e-08 2.6750062e-07
5.6306306e+00 4.8015909e-09 4.4482608e-08 2.7950989e-07
5.6358859e+00 5.0450965e-09 4.6606298e-08 2.9201582e-07
5.6411411e+00 5.3025496e-09 4.8878096e-08 3.0504148e-07
5.6463964e+00 5.5742019e-09 5.1215627e-08 3.1875322e-07
5.6516517e+00 5.8636559e-09 5.3677611e-08 3.3280360e-07
5.6569069e+00 6.1665734e-09 5.6233584e-08 3.4766772e-07
5.6621622e+00 6.4859670e-09 5.8900469e-08 3.6306980e-07
5.6674174e+00 6.8213912e-09 6.1683682e-08 3.7914801e-07
5.6726727e+00 7.1764885e-09 6.4612374e-08 3.9567253e-07
5.6779279e+00 7.5444106e-09 6.7684120e-08 4.1307162e-07
5.6831832e+00 7.9294951e-09 7.0935216e-08 4.3150003e-07
5.6884384e+00 8.3368478e-09 7.4288118e-08 4.5043181e-07
5.6936937e+00 8.7627168e-09 7.7769111e-08 4.7022468e-07
5.6989489e+00 9.2015668e-09 8.1462409e-08 4.9080160e-07
5.7042042e+00 9.6726651e-09 8.5308713e-08 5.1232537e-07
5.7094595e+00 1.0166208e-08 8.9326947e-08 5.3474807e-07
5.7147147e+00 1.0679983e-08 9.3550572e-08 5.5821295e-07
5.7199700e+00 1.1217607e-08 9.7910805e-08 5.8231676e-07
5.7252252e+00 1.1783326e-08 1.0249242e-07 6.0774982e-07
5.7304805e+00 1.2387679e-08 1.0730068e-07 6.3409092e-07
5.7357357e+00 1.3019984e-08 1.1227113e-07 6.6196041e-07
5.7409910e+00 1.3670952e-08 1.1747444e-07 6.9060688e-07
5.7462462e+00 1.4352858e-08 1.2292516e-07 7.2038342e-07
5.7515015e+00 1.5063869e-08 1.2865841e-07 7.5135242e-07
5.7567568e+00 1.5807901e-08 1.3459336e-07 7.8369073e-07
5.7620120e+00 1.6593220e-08 1.4085653e-07 8.1741663e-07
5.7672673e+00 1.7415056e-08 1.4740912e-07 8.5248108e-07
5.7725225e+00 1.8280254e-08 1.5412505e-07 8.8897555e-07
5.7777778e+00 1.9196079e-08 1.6118042e-07 9.2703536e-07
5.7830330e+00 2.0152782e-08 1.6859246e-07 9.6664998e-07
5.7882883e+00 2.1148314e-08 1.7630397e-07 1.0077578e-06
5.7935435e+00 2.2186641e-08 1.8435991e-07 1.0505099e-06
5.7987988e+00 2.3273887e-08 1.9284104e-07 1.0953115e-06
5.8040541e+00 2.4429249e-08 2.0163508e-07 1.1418755e-06
5.8093093e+00 2.5649884e-08 2.1097431e-07 1.1902388e-06
5.8145646e+00 2.6930840e-08 2.2053039e-07 1.2406039e-06
5.8198198e+00 2.8268125e-08 2.3049364e-07 1.2929868e-06
5.8250751e+00 2.9647895e-08 2.4090726e-07 1.3475158e-06
5.8303303e+00 3.1106578e-08 2.5189840e-07 1.4040328e-06
5.8355856e+00 3.2638300e-08 2.6342675e-07 1.4625864e-06
5.8408408e+00 3.4216654e-08 2.7537431e-07 1.5243816e-06
5.8460961e+00 3.5860840e-08 2.8787838e-07 1.5885955e-06
5.8513514e+00 3.7580560e-08 3.0084916e-07 1.6554208e-06
5.8566066e+00 3.9399369e-08 3.1445901e-07 1.7242458e-06
5.8618619e+00 4.1320909e-08 3.2868211e-07 1.7954325e-06
5.8671171e+00 4.3307066e-08 3.4351164e-07 1.8698017e-06
5.8723724e+00 4.5391774e-08 3.5888302e-07 1.9476484e-06
5.8776276e+00 4.7596312e-08 3.7495501e-07 2.0282698e-06
5.8828829e+00 4.9929353e-08 3.9167141e-07 2.1122390e-06
5.8881381e+00 5.2369233e-08 4.0893892e-07 2.2002829e-06
5.8933934e+00 5.4909866e-08 4.2709012e-07 2.2910491e-06
5.8986486e+00 5.7574562e-08 4.4585294e-07 2.3856016e-06
5.9039039e+00 6.0324396e-08 4.6562863e-07 2.4837531e-06
5.9091592e+00 6.3214662e-08 4.8638444e-07 2.5856004e-06
5.9144144e+00 6.6244193e-08 5.0806193e-07 2.6900967e-06
5.9196697e+00 6.9359015e-08 5.3056469e-07 2.7993565e-06
5.9249249e+00 7.2674041e-08 5.5382797e-07 2.9139094e-06
5.9301802e+00 7.6146359e-08 5.7836580e-07 3.0327592e-06
5.9354354e+00 7.9762811e-08 6.0389304e-07 3.1565594e-06
5.9406907e+00 8.3559475e-08 6.3001716e-07 3.2849710e-06
5.9459459e+00 8.7552264e-08 6.5762331e-07 3.4175853e-06
5.9512012e+00 9.1745922e-08 6.8661213e-07 3.5553993e-06
5.9564565e+00 9.6098142e-08 7.1644603e-07 3.7008053e-06
5.9617117e+00 1.0068132e-07 7.4797914e-07 3.8500609e-06
5.9669670e+00 1.0543173e-07 7.8087919e-07 4.0071828e-06
5.9722222e+00 1.1041274e-07 8.1452366e-07 4.1682377e-06
5.9774775e+00 1.1561366e-07 8.4995017e-07 4.3354723e-06
5.9827327e+00 1.2103893e-07 8.8691935e-07 4.5075679e-06
5.9879880e+00 1.2665551e-07 9.2482247e-07 4.6887944e-06
5.9932432e+00 1.3255398e-07 9.6457444e-07 4.8766217e-06
5.9984985e+00 1.3871932e-07 1.0054761e-06 5.0708892e-06
6.0037538e+00 1.4512428e-07 1.0490321e-06 5.2722588e-06
6.0090090e+00 1.5174331e-07 1.0937360e-06 5.4809590e-06
6.0142643e+00 1.5881102e-07 1.1411674e-06 5.6960126e-06
6.0195195e+00 1.6614466e-07 1.1897594e-06 5.9197514e-06
6.0247748e+00 1.7386376e-07 1.2402758e-06 6.1556816e-06
6.0300300e+00 1.8192041e-07 1.2929936e-06 6.3955174e-06
6.0352853e+00 1.9027835e-07 1.3478316e-06 6.6496591e-06
6.0405405e+00 1.9903927e-07 1.4051017e-06 6.9107970e-06
6.0457958e+00 2.0818730e-07 1.4650621e-06 7.1802037e-06
6.0510511e+00 2.1771404e-07 1.5266272e-06 7.4614693e-06
6.0563063e+00 2.2768855e-07 1.5913786e-06 7.7542398e-06
6.0615616e+00 2.3818683e-07 1.6588341e-06 8.0559942e-06
6.0668168e+00 2.4915550e-07 1.7284011e-06 8.3674267e-06
6.0720721e+00 2.6056685e-07 1.7996519e-06 8.6964481e-06
6.0773273e+00 2.7246937e-07 1.8754267e-06 9.0311815e-06
6.0825826e+00 2.8484606e-07 1.9535668e-06 9.3790688e-06
6.0878378e+00 2.9780381e-07 2.0350230e-06 9.7404645e-06
6.0930931e+00 3.1120804e-07 2.1209221e-06 1.0117943e-05
6.0983483e+00 3.2535368e-07 2.2090799e-06 1.0507737e-05
6.1036036e+00 3.3995915e-07 2.3009990e-06 1.0912621e-05
6.1088589e+00 3.5534151e-07 2.3973009e-06 1.1326123e-05
6.1141141e+00 3.7129778e-07 2.4968797e-06 1.1762509e-05
6.1193694e+00 3.8777900e-07 2.5998162e-06 1.2205381e-05
6.1246246e+00 4.0500617e-07 2.7065971e-06 1.2673057e-05
6.1298799e+00 4.2307722e-07 2.8188687e-06 1.3150534e-05
6.1351351e+00 4.4183005e-07 2.9350307e-06 1.3648965e-05
6.1403904e+00 4.6149150e-07 3.0549697e-06 1.4168561e-05
6.1456456e+00 4.8196283e-07 3.1800610e-06 1.4702126e-05
6.1509009e+00 5.0360193e-07 3.3108784e-06 1.5260976e-05
6.1561562e+00 5.2611536e-07 3.4450075e-06 1.5833331e-05
6.1614114e+00 5.4993500e-07 3.5847269e-06 1.6418858e-05
6.1666667e+00 5.7449611e-07 3.7324339e-06 1.7025184e-05
6.1719219e+00 6.0023077e-07 3.8832533e-06 1.7664073e-05
6.1771772e+00 6.2677869e-07 4.0419685e-06 1.8327111e-05
6.1824324e+00 6.5462038e-07 4.2082824e-06 1.9004747e-05
6.1876877e+00 6.8372193e-07 4.3785338e-06 1.9709773e-05
6.1929429e+00 7.1368189e-07 4.5554177e-06 2.0438584e-05
6.1981982e+00 7.4488759e-07 4.7405128e-06 2.1193403e-05
6.2034535e+00 7.7791704e-07 4.9345451e-06 2.1976526e-05
6.2087087e+00 8.1201817e-07 5.1316140e-06 2.2767811e-05
6.2139640e+00 8.4739115e-07 5.3360175e-06 2.3618519e-05
6.2192192e+00 8.8447257e-07 5.5477423e-06 2.4489126e-05
6.2244745e+00 9.2300428e-07 5.7711116e-06 2.5404965e-05
6.2297297e+00 9.6235857e-07 6.0006681e-06 2.6330189e-05
6.2349850e+00 1.0027055e-06 6.2400643e-06 2.7290149e-05
6.2402402e+00 1.0446724e-06 6.4871276e-06 2.8292549e-05
6.2454955e+00 1.0889155e-06 6.7432070e-06 2.9327557e-05
6.2507508e+00 1.1360392e-06 7.0086604e-06 3.0388795e-05
6.2560060e+00 1.1860782e-06 7.2878194e-06 3.1485586e-05
6.2612613e+00 1.2377518e-06 7.5709322e-06 3.2628807e-05
6.2665165e+00 1.2915066e-06 7.8711388e-06 3.3800616e-05
6.2717718e+00 1.3467114e-06 8.1836503e-06 3.5025348e-05
6.2770270e+00 1.4041929e-06 8.5081494e-06 3.6276710e-05
6.2822823e+00 1.4625919e-06 8.8379731e-06 3.7582032e-05
6.2875375e+00 1.5250221e-06 9.1774659e-06 3.8926002e-05
6.2927928e+00 1.5910801e-06 9.5386511e-06 4.0321152e-05
6.2980480e+00 1.6591973e-06 9.9097822e-06 4.1757770e-05
6.3033033e+00 1.7311111e-06 1.0286199e-05 4.3255832e-05
6.3085586e+00 1.8047896e-06 1.0685663e-05 4.4755253e-05
6.3138138e+00 1.8827479e-06 1.1099308e-05 4.6348020e-05
6.3190691e+00 1.9629403e-06 1.1526328e-05 4.7954547e-05
6.3243243e+00 2.0462848e-06 1.1971528e-05 4.9635688e-05
6.3295796e+00 2.1323231e-06 1.2433253e-05 5.1397083e-05
6.3348348e+00 2.2216407e-06 1.2905778e-05 5.3207745e-05
6.3400901e+00 2.3141734e-06 1.3394517e-05 5.5078784e-05
6.3453453e+00 2.4085642e-06 1.3907593e-05 5.7027333e-05
6.3506006e+00 2.5093032e-06 1.4442921e-05 5.9021672e-05
6.3558559e+00 2.6130465e-06 1.5002479e-05 6.1082223e-05
6.3611111e+00 2.7214846e-06 1.5570333e-05 6.3197278e-05
6.3663664e+00 2.8367982e-06 1.6153335e-05 6.5405931e-05
6.3716216e+00 2.9563097e-06 1.6761007e-05 6.7666595e-05
6.3768769e+00 3.0795201e-06 1.7395631e-05 7.0023289e-05
6.3821321e+00 3.2065997e-06 1.8050850e-05 7.2431005e-05
6.3873874e+00 3.3377514e-06 1.8733522e-05 7.4926382e-05
6.3926426e+00 3.4727861e-06 1.9431684e-05 7.7503693e-05
6.3978979e+00 3.6157029e-06 2.0148648e-05 8.0148346e-05
6.4031532e+00 3.7634065e-06 2.0896698e-05 8.2884462e-05
6.4084084e+00 3.9196398e-06 2.1676649e-05 8.5725668e-05
6.4136637e+00 4.0783384e-06 2.2480738e-05 8.8673596e-05
6.4189189e+00 4.2444936e-06 2.3327224e-05 9.1708830e-05
6.4241742e+00 4.4184640e-06 2.4195101e-05 9.4885902e-05
6.4294294e+00 4.5993007e-06 2.5093616e-05 9.8092044e-05
6.4346847e+00 4.7858673e-06 2.6024695e-05 1.0146054e-04
6.4399399e+00 4.9825096e-06 2.6996498e-05 1.0480835e-04
6.4451952e+00 5.1840460e-06 2.7987983e-05 1.0832203e-04
6.4504505e+00 5.3945482e-06 2.9020241e-05 1.1195522e-04
6.4557057e+00 5.6129594e-06 3.0075249e-05 1.1573044e-04
6.4609610e+00 5.8404872e-06 3.1182840e-05 1.1961287e-04
6.4662162e+00 6.0733081e-06 3.2332836e-05 1.2363778e-04
6.4714715e+00 6.3146723e-06 3.3528716e-05 1.2775305e-04
6.4767267e+00 6.5642019e-06 3.4753967e-05 1.3198719e-04
6.4819820e+00 6.8252084e-06 3.6011953e-05 1.3633032e-04
6.4872372e+00 7.0974749e-06 3.7301887e-05 1.4075176e-04
6.4924925e+00 7.3778771e-06 3.8630488e-05 1.4542799e-04
6.4977477e+00 7.6713830e-06 4.0049531e-05 1.5020308e-04
6.5030030e+00 7.9786817e-06 4.1496446e-05 1.5518277e-04
6.5082583e+00 8.2998229e-06 4.3029921e-05 1.6024964e-04
6.5135135e+00 8.6240670e-06 4.4562096e-05 1.6547390e-04
6.5187688e+00 8.9696901e-06 4.6146897e-05 1.7088199e-04
6.5240240e+00 9.3219090e-06 4.7797534e-05 1.7650411e-04
6.5292793e+00 9.6889572e-06 4.9516256e-05 1.8224519e-04
6.5345345e+00 1.0064701e-05 5.1293382e-05 1.8809560e-04
6.5397898e+00 1.0456679e-05 5.3100083e-05 1.9409380e-04
6.5450450e+00 1.0863936e-05 5.5016533e-05 2.0037727e-04
6.5503003e+00 1.1288293e-05 5.6968695e-05 2.0698296e-04
6.5555556e+00 1.1737651e-05 5.8990525e-05 2.1371810e-04
6.5608108e+00 1.2190524e-05 6.1066062e-05 2.2042561e-04
6.5660661e+00 1.2667205e-05 6.3210335e-05 2.2762109e-04
6.5713213e+00 1.3159686e-05 6.5417503e-05 2.3475105e-04
6.5765766e+00 1.3660107e-05 6.7717961e-05 2.4232425e-04
6.5818318e+00 1.4183894e-05 7.0087710e-05 2.4997338e-04
6.5870871e+00 1.4728558e-05 7.2505211e-05 2.5807051e-04
6.5923423e+00 1.5301347e-05 7.5029166e-05 2.6628702e-04
6.5975976e+00 1.5879345e-05 7.7627644e-05 2.7475100e-04
6.6028529e+00 1.6475693e-05 8.0279412e-05 2.8350426e-04
6.6081081e+00 1.7101268e-05 8.3046283e-05 2.9230950e-04
6.6133634e+00 1.7755836e-05 8.5901575e-05 3.0139578e-04
6.6186186e+00 1.8436692e-05 8.8866453e-05 3.1094816e-04
6.6238739e+00 1.9143270e-05 9.1898656e-05 3.2050402e-04
6.6291291e+00 1.9874147e-05 9.5109049e-05 3.3031613e-04
6.6343844e+00 2.0627983e-05 9.8369307e-05 3.4043677e-04
6.6396396e+00 2.1404870e-05 1.0172013e-04 3.5095442e-04
6.6448949e+00 2.2208516e-05 1.0524893e-04 3.6191203e-04
6.6501502e+00 2.3057612e-05 1.0883003e-04 3.7312212e-04
6.6554054e+00 2.3923490e-05 1.1254594e-04 3.8472807e-04
6.6606607e+00 2.4830814e-05 1.1634158e-04 3.9660891e-04
6.6659159e+00 2.5754930e-05 1.2027508e-04 4.0879154e-04
6.6711712e+00 2.6704036e-05 1.2430659e-04 4.2124874e-04
6.6764264e+00 2.7704506e-05 1.2852586e-04 4.3411288e-04
6.6816817e+00 2.8727811e-05 1.3283328e-04 4.4732044e-04
6.6869369e+00 2.9796640e-05 1.3728445e-04 4.6111173e-04
6.6921922e+00 3.0908364e-05 1.4192343e-04 4.7508656e-04
6.6974474e+00 3.2058257e-05 1.4660927e-04 4.8953733e-04
6.7027027e+00 3.3253241e-05 1.5151989e-04 5.0420150e-04
6.7079580e+00 3.4495649e-05 1.5649676e-04 5.1931421e-04
6.7132132e+00 3.5772176e-05 1.6165121e-04 5.3490691e-04
6.7184685e+00 3.7086147e-05 1.6698406e-04 5.5115057e-04
6.7237237e+00 3.8455140e-05 1.7259544e-04 5.6794297e-04
6.7289790e+00 3.9862674e-05 1.7828096e-04 5.8487858e-04
6.7342342e+00 4.1335659e-05 1.8410596e-04 6.0217132e-04
6.7394895e+00 4.2847812e-05 1.9021820e-04 6.2026206e-04
6.7447447e+00 4.4414448e-05 1.9639453e-04 6.3886572e-04
6.7500000e+00 4.6029675e-05 2.0291922e-04 6.5799326e-04
6.7552553e+00 4.7708511e-05 2.0943213e-04 6.7712290e-04
6.7605105e+00 4.9433624e-05 2.1640120e-04 6.9672132e-04
6.7657658e+00 5.1223071e-05 2.2352661e-04 7.1732390e-04
6.7710210e+00 5.3036171e-05 2.3083427e-04 7.3884161e-04
6.7762763e+00 5.4966321e-05 2.3831972e-04 7.6068025e-04
6.7815315e+00 5.6947226e-05 2.4611690e-04 7.8291585e-04
6.7867868e+00 5.8982313e-05 2.5400974e-04 8.0544730e-04
6.7920420e+00 6.1094008e-05 2.6215303e-04 8.2895577e-04
6.7972973e+00 6.3278098e-05 2.7058965e-04 8.5238306e-04
6.8025526e+00 6.5548750e-05 2.7937893e-04 8.7702999e-04
6.8078078e+00 6.7919179e-05 2.8842860e-04 9.0214046e-04
6.8130631e+00 7.0378133e-05 2.9767470e-04 9.2797701e-04
6.8183183e+00 7.2866326e-05 3.0718701e-04 9.5513351e-04
6.8235736e+00 7.5456181e-05 3.1702807e-04 9.8241907e-04
6.8288288e+00 7.8130626e-05 3.2700848e-04 1.0103401e-03
6.8340841e+00 8.0888472e-05 3.3737225e-04 1.0390177e-03
6.8393393e+00 8.3729184e-05 3.4803208e-04 1.0678394e-03
6.8445946e+00 8.6723039e-05 3.5891086e-04 1.0979659e-03
6.8498498e+00 8.9715968e-05 3.7017730e-04 1.1289591e-03
6.8551051e+00 9.2826923e-05 3.8175787e-04 1.1612592e-03
6.8603604e+00 9.6064557e-05 3.9376392e-04 1.1936614e-03
6.8656156e+00 9.9399937e-05 4.0608457e-04 1.2266476e-03
6.8708709e+00 1.0284296e-04 4.1864084e-04 1.2603209e-03
6.8761261e+00 1.0639773e-04 4.3160055e-04 1.2963335e-03
6.8813814e+00 1.1005697e-04 4.4506284e-04 1.3326546e-03
6.8866366e+00 1.1387254e-04 4.5851406e-04 1.3702245e-03
6.8918919e+00 1.1775349e-04 4.7264816e-04 1.4079662e-03
6.8971471e+00 1.2189210e-04 4.8723963e-04 1.4479383e-03
6.9024024e+00 1.2603370e-04 5.0224090e-04 1.4869145e-03
6.9076577e+00 1.3037460e-04 5.1738035e-04 1.5290692e-03
6.9129129e+00 1.3484013e-04 5.3333156e-04 1.5712205e-03
6.9181682e+00 1.3941410e-04 5.4937076e-04 1.6149166e-03
6.9234234e+00 1.4412964e-04 5.6603256e-04 1.6600123e-03
6.9286787e+00 1.4901064e-04 5.8327544e-04 1.7054907e-03
6.9339339e+00 1.5398652e-04 6.0090653e-04 1.7521264e-03
6.9391892e+00 1.5921194e-04 6.1879441e-04 1.7996573e-03
6.9444444e+00 1.6453103e-04 6.3748985e-04 1.8481788e-03
6.9496997e+00 1.7014325e-04 6.5683740e-04 1.8983761e-03
6.9549550e+00 1.7596307e-04 6.7641654e-04 1.9489730e-03
6.9602102e+00 1.8177568e-04 6.9649222e-04 2.0015016e-03
6.9654655e+00 1.8788424e-04 7.1694210e-04 2.0558076e-03
6.9707207e+00 1.9408826e-04 7.3858965e-04 2.1117250e-03
6.9759760e+00 2.0053960e-04 7.6085205e-04 2.1681356e-03
6.9812312e+00 2.0720684e-04 7.8320281e-04 2.2250232e-03
6.9864865e+00 2.1392795e-04 8.0612417e-04 2.2840945e-03
6.9917417e+00 2.2105414e-04 8.3010250e-04 2.3451213e-03
6.9969970e+00 2.2838287e-04 8.5428584e-04 2.4069488e-03
7.0022523e+00 2.3594170e-04 8.7941246e-04 2.4696884e-03
7.0075075e+00 2.4360432e-04 9.0475339e-04 2.5337524e-03
7.0127628e+00 2.5166988e-04 9.3122518e-04 2.6012282e-03
7.0180180e+00 2.6007737e-04 9.5852047e-04 2.6690668e-03
7.0232733e+00 2.6854965e-04 9.8661913e-04 2.7393044e-03
7.0285285e+00 2.7727154e-04 1.0152356e-03 2.8096685e-03
7.0337838e+00 2.8620447e-04 1.0446609e-03 2.8815951e-03
7.0390390e+00 2.9549131e-04 1.0750184e-03 2.9543558e-03
7.0442943e+00 3.0521705e-04 1.1059591e-03 3.0325932e-03
7.0495495e+00 3.1509392e-04 1.1375505e-03 3.1102450e-03
7.0548048e+00 3.2528500e-04 1.1700673e-03 3.1890202e-03
7.0600601e+00 3.3553669e-04 1.2035957e-03 3.2727471e-03
7.0653153e+00 3.4624911e-04 1.2380785e-03 3.3551647e-03
7.0705706e+00 3.5750807e-04 1.2729182e-03 3.4394463e-03
7.0758258e+00 3.6899771e-04 1.3088567e-03 3.5276983e-03
7.0810811e+00 3.8068900e-04 1.3461212e-03 3.6175742e-03
7.0863363e+00 3.9293715e-04 1.3832043e-03 3.7091870e-03
7.0915916e+00 4.0542049e-04 1.4221528e-03 3.8032933e-03
7.0968468e+00 4.1799857e-04 1.4615971e-03 3.8995682e-03
7.1021021e+00 4.3141398e-04 1.5032351e-03 3.9980157e-03
7.1073574e+00 4.4502129e-04 1.5454206e-03 4.0980871e-03
7.1126126e+00 4.5909485e-04 1.5880061e-03 4.1979640e-03
7.1178679e+00 4.7349425e-04 1.6320882e-03 4.3036844e-03
7.1231231e+00 4.8844423e-04 1.6769526e-03 4.4118523e-03
7.1283784e+00 5.0356370e-04 1.7235901e-03 4.5205134e-03
7.1336336e+00 5.1965244e-04 1.7708493e-03 4.6335579e-03
7.1388889e+00 5.3581520e-04 1.8190919e-03 4.7461600e-03
7.1441441e+00 5.5226723e-04 1.8697328e-03 4.8635632e-03
7.1493994e+00 5.6929623e-04 1.9206608e-03 4.9824425e-03
7.1546547e+00 5.8717674e-04 1.9740910e-03 5.1068678e-03
7.1599099e+00 6.0533308e-04 2.0291086e-03 5.2320956e-03
7.1651652e+00 6.2426962e-04 2.0830490e-03 5.3591510e-03
7.1704204e+00 6.4362097e-04 2.1394243e-03 5.4914424e-03
7.1756757e+00 6.6319043e-04 2.1960558e-03 5.6254673e-03
7.1809309e+00 6.8349486e-04 2.2556160e-03 5.7606045e-03
7.1861862e+00 7.0465456e-04 2.3156508e-03 5.9037059e-03
7.1914414e+00 7.2598722e-04 2.3771314e-03 6.0470949e-03
7.1966967e+00 7.4788269e-04 2.4404943e-03 6.1951714e-03
7.2019520e+00 7.7057138e-04 2.5049325e-03 6.3458032e-03
7.2072072e+00 7.9361971e-04 2.5715762e-03 6.4978322e-03
7.2124625e+00 8.1712647e-04 2.6388542e-03 6.6520702e-03
7.2177177e+00 8.4151133e-04 2.7085426e-03 6.8104688e-03
7.2229730e+00 8.6695789e-04 2.7806244e-03 6.9695201e-03
7.2282282e+00 8.9298792e-04 2.8537553e-03 7.1349980e-03
7.2334835e+00 9.1965796e-04 2.9289223e-03 7.3073567e-03
7.2387387e+00 9.4704208e-04 3.0056290e-03 7.4809357e-03
7.2439940e+00 9.7495547e-04 3.0828972e-03 7.6581240e-03
7.2492492e+00 1.0039940e-03 3.1635897e-03 7.8389898e-03
7.2545045e+00 1.0333913e-03 3.2449950e-03 8.0215082e-03
7.2597598e+00 1.0634242e-03 3.3307668e-03 8.2080765e-03
7.2650150e+00 1.0951493e-03 3.4171978e-03 8.3965830e-03
7.2702703e+00 1.1278592e-03 3.5048188e-03 8.5861799e-03
7.2755255e+00 1.1610387e-03 3.5946582e-03 8.7821790e-03
7.2807808e+00 1.1949937e-03 3.6867880e-03 8.9820439e-03
7.2860360e+00 1.2299565e-03 3.7807333e-03 9.1902008e-03
7.2912913e+00 1.2652868e-03 3.8770321e-03 9.3950361e-03
7.2965465e+00 1.3026338e-03 3.9748914e-03 9.6047561e-03
7.3018018e+00 1.3401907e-03 4.0751737e-03 9.8243404e-03
7.3070571e+00 1.3792330e-03 4.1799217e-03 1.0049513e-02
7.3123123e+00 1.4194282e-03 4.2851063e-03 1.0273653e-02
7.3175676e+00 1.4606179e-03 4.3930578e-03 1.0505684e-02
7.3228228e+00 1.5027124e-03 4.5046895e-03 1.0741289e-02
7.3280781e+00 1.5467192e-03 4.6190833e-03 1.0982458e-02
7.3333333e+00 1.5919018e-03 4.7327952e-03 1.1227973e-02
7.3385886e+00 1.6371863e-03 4.8509726e-03 1.1469491e-02
7.3438438e+00 1.6842184e-03 4.9733088e-03 1.1722522e-02
7.3490991e+00 1.7322417e-03 5.0972451e-03 1.1981475e-02
7.3543544e+00 1.7810084e-03 5.2241211e-03 1.2238436e-02
7.3596096e+00 1.8311956e-03 5.3561610e-03 1.2509301e-02
7.3648649e+00 1.8830355e-03 5.4868411e-03 1.2779031e-02
7.3701201e+00 1.9359735e-03 5.6208398e-03 1.3056329e-02
7.3753754e+00 1.9896365e-03 5.7616237e-03 1.3345005e-02
7.3806306e+00 2.0455483e-03 5.9032983e-03 1.3635849e-02
7.3858859e+00 2.1021635e-03 6.0456505e-03 1.3925918e-02
7.3911411e+00 2.1609981e-03 6.1930030e-03 1.4220300e-02
7.3963964e+00 2.2203366e-03 6.3417036e-03 1.4522848e-02
7.4016517e+00 2.2819313e-03 6.4976736e-03 1.4833951e-02
7.4069069e+00 2.3461323e-03 6.6578158e-03 1.5146824e-02
7.4121622e+00 2.4106619e-03 6.8179632e-03 1.5474957e-02
7.4174174e+00 2.4784452e-03 6.9804042e-03 1.5809656e-02
7.4226727e+00 2.5459371e-03 7.1477991e-03 1.6138526e-02
7.4279279e+00 2.6161185e-03 7.3228513e-03 1.6479887e-02
7.4331832e+00 2.6878917e-03 7.4926984e-03 1.6829147e-02
7.4384384e+00 2.7610851e-03 7.6645894e-03 1.7179821e-02
7.4436937e+00 2.8354737e-03 7.8419454e-03 1.7539029e-02
7.4489489e+00 2.9120198e-03 8.0285827e-03 1.7904673e-02
7.4542042e+00 2.9926252e-03 8.2194912e-03 1.8271015e-02
7.4594595e+00 3.0739122e-03 8.4122457e-03 1.8654774e-02
7.4647147e+00 3.1574025e-03 8.6108837e-03 1.9039357e-02
7.4699700e+00 3.2419227e-03 8.8138479e-03 1.9435639e-02
7.4752252e+00 3.3289787e-03 9.0160788e-03 1.9839526e-02
7.4804805e+00 3.4178023e-03 9.2203237e-03 2.0237201e-02
7.4857357e+00 3.5086738e-03 9.4354974e-03 2.0666542e-02
7.4909910e+00 3.6005886e-03 9.6474205e-03 2.1095548e-02
7.4962462e+00 3.6972710e-03 9.8719425e-03 2.1532057e-02
7.5015015e+00 3.7949487e-03 1.0099767e-02 2.1969039e-02
7.5067568e+00 3.8965728e-03 1.0327881e-02 2.2409101e-02
7.5120120e+00 3.9992025e-03 1.0564331e-02 2.2852054e-02
7.5172673e+00 4.1058551e-03 1.0804721e-02 2.3303274e-02
7.5225225e+00 4.2123971e-03 1.1045263e-02 2.3767749e-02
7.5277778e+00 4.3209221e-03 1.1298793e-02 2.4236469e-02
7.5330330e+00 4.4333661e-03 1.1553614e-02 2.4710251e-02
7.5382883e+00 4.5505717e-03 1.1802364e-02 2.5220799e-02
7.5435435e+00 4.6688499e-03 1.2068513e-02 2.5722431e-02
7.5487988e+00 4.7898309e-03 1.2338448e-02 2.6221904e-02
7.5540541e+00 4.9146691e-03 1.2614628e-02 2.6743036e-02
7.5593093e+00 5.0425941e-03 1.2898374e-02 2.7271948e-02
7.5645646e+00 5.1725671e-03 1.3185874e-02 2.7791543e-02
7.5698198e+00 5.3031781e-03 1.3475298e-02 2.8321741e-02
7.5750751e+00 5.4402846e-03 1.3771009e-02 2.8886374e-02
7.5803303e+00 5.5766426e-03 1.4072169e-02 2.9433403e-02
7.5855856e+00 5.7238375e-03 1.4382062e-02 2.9993282e-02
7.5908408e+00 5.8677136e-03 1.4695021e-02 3.0562035e-02
7.5960961e+00 6.0171894e-03 1.5012793e-02 3.1137284e-02
7.6013514e+00 6.1702383e-03 1.5332499e-02 3.1732341e-02
7.6066066e+00 6.3265993e-03 1.5663518e-02 3.2339681e-02
7.6118619e+00 6.4830531e-03 1.6007624e-02 3.2962717e-02
7.6171171e+00 6.6457201e-03 1.6355944e-02 3.3587219e-02
7.6223724e+00 6.8143221e-03 1.6705258e-02 3.4217854e-02
7.6276276e+00 6.9840700e-03 1.7061887e-02 3.4841424e-02
7.6328829e+00 7.1544763e-03 1.7418598e-02 3.5494681e-02
7.6381381e+00 7.3300593e-03 1.7791192e-02 3.6154176e-02
7.6433934e+00 7.5075147e-03 1.8166092e-02 3.6806859e-02
7.6486486e+00 7.6937731e-03 1.8550503e-02 3.7466508e-02
7.6539039e+00 7.8810401e-03 1.8934260e-02 3.8171171e-02
7.6591592e+00 8.0734295e-03 1.9329068e-02 3.8875084e-02
7.6644144e+00 8.2707684e-03 1.9729398e-02 3.9590340e-02
7.6696697e+00 8.4729316e-03 2.0132038e-02 4.0338539e-02
7.6749249e+00 8.6783682e-03 2.0559266e-02 4.1101307e-02
7.6801802e+00 8.8903338e-03 2.0986709e-02 4.1849867e-02
7.6854354e+00 9.1050024e-03 2.1413457e-02 4.2626223e-02
7.6906907e+00 9.3237121e-03 2.1861106e-02 4.3375304e-02
7.6959459e+00 9.5456754e-03 2.2312016e-02 4.4148184e-02
7.7012012e+00 9.7773801e-03 2.2774920e-02 4.4936895e-02
7.7064565e+00 1.0014655e-02 2.3238569e-02 4.5731147e-02
7.7117117e+00 1.0254303e-02 2.3707697e-02 4.6559566e-02
7.7169670e+00 1.0497717e-02 2.4180217e-02 4.7413312e-02
7.7222222e+00 1.0747491e-02 2.4679352e-02 4.8247552e-02
7.7274775e+00 1.0999442e-02 2.5183961e-02 4.9098870e-02
7.7327327e+00 1.1257056e-02 2.5687903e-02 4.9973059e-02
7.7379880e+00 1.1527119e-02 2.6212029e-02 5.0838454e-02
7.7432432e+00 1.1793854e-02 2.6741846e-02 5.1717352e-02
7.7484985e+00 1.2066198e-02 2.7263800e-02 5.2643260e-02
7.7537538e+00 1.2340902e-02 2.7804177e-02 5.3570822e-02
7.7590090e+00 1.2629574e-02 2.8355492e-02 5.4477993e-02
7.7642643e+00 1.2921126e-02 2.8907061e-02 5.5395602e-02
7.7695195e+00 1.3215568e-02 2.9476383e-02 5.6352585e-02
7.7747748e+00 1.3517201e-02 3.0050532e-02 5.7312072e-02
7.7800300e+00 1.3830697e-02 3.0638689e-02 5.8239185e-02
7.7852853e+00 1.4146437e-02 3.1225375e-02 5.9201097e-02
7.7905405e+00 1.4469596e-02 3.1832429e-02 6.0198902e-02
7.7957958e+00 1.4800993e-02 3.2434686e-02 6.1200876e-02
7.8010511e+00 1.5136997e-02 3.3062621e-02 6.2229855e-02
7.8063063e+00 1.5480524e-02 3.3706337e-02 6.3275372e-02
7.8115616e+00 1.5834079e-02 3.4350567e-02 6.4320942e-02
7.8168168e+00 1.6191130e-02 3.5008911e-02 6.5399486e-02
7.8220721e+00 1.6558183e-02 3.5674467e-02 6.6480743e-02
7.8273273e+00 1.6924154e-02 3.6334627e-02 6.7584067e-02
7.8325826e+00 1.7303046e-02 3.7016871e-02 6.8704488e-02
7.8378378e+00 1.7695364e-02 3.7718555e-02 6.9833200e-02
7.8430931e+00 1.8090695e-02 3.8437565e-02 7.0957969e-02
7.8483483e+00 1.8490076e-02 3.9160310e-02 7.2110605e-02
7.8536036e+00 1.8891617e-02 3.9875295e-02 7.3291061e-02
7.8588589e+00 1.9312724e-02 4.0614108e-02 7.4487547e-02
7.8641141e+00 1.9735203e-02 4.1365860e-02 7.5647334e-02
7.8693694e+00 2.0155751e-02 4.2129807e-02 7.6852443e-02
7.8746246e+00 2.0595346e-02 4.2891027e-02 7.8084734e-02
7.8798799e+00 2.1036015e-02 4.3676040e-02 7.9336286e-02
7.8851351e+00 2.1486691e-02 4.4461068e-02 8.0588741e-02
7.8903904e+00 2.1943301e-02 4.5283245e-02 8.1835745e-02
7.8956456e+00 2.2417866e-02 4.6110674e-02 8.3111291e-02
7.9009009e+00 2.2897996e-02 4.6934595e-02 8.4390770e-02
7.9061562e+00 2.3396421e-02 4.7760835e-02 8.5697736e-02
7.9114114e+00 2.3884385e-02 4.8611427e-02 8.7051518e-02
7.9166667e+00 2.4391981e-02 4.9505913e-02 8.8400777e-02
7.9219219e+00 2.4908277e-02 5.0410924e-02 8.9776829e-02
7.9271772e+00 2.5433254e-02 5.1272059e-02 9.1140178e-02
7.9324324e+00 2.5967354e-02 5.2190258e-02 9.2528017e-02
7.9376877e+00 2.6506567e-02 5.3114976e-02 9.3956027e-02
7.9429429e+00 2.7053982e-02 5.4052803e-02 9.5364417e-02
7.9481982e+00 2.7614591e-02 5.5009062e-02 9.6814674e-02
7.9534535e+00 2.8180302e-02 5.5986361e-02 9.8273697e-02
7.9587087e+00 2.8759606e-02 5.6976011e-02 9.9686448e-02
7.9639640e+00 2.9347556e-02 5.7963601e-02 1.0119979e-01
7.9692192e+00 2.9961654e-02 5.8960056e-02 1.0273715e-01
7.9744745e+00 3.0563328e-02 5.9984779e-02 1.0427564e-01
7.9797297e+00 3.1179893e-02 6.1017828e-02 1.0580808e-01
7.9849850e+00 3.1812710e-02 6.2071452e-02 1.0737010e-01
7.9902402e+00 3.2471008e-02 6.3136408e-02 1.0893020e-01
7.9954955e+00 3.3119376e-02 6.4188695e-02 1.1051038e-01
8.0007508e+00 3.3784501e-02 6.5286714e-02 1.1210859e-01
8.0060060e+00 3.4466911e-02 6.6390656e-02 1.1372432e-01
8.0112613e+00 3.5165662e-02 6.7497214e-02 1.1539293e-01
8.0165165e+00 3.5858406e-02 6.8623930e-02 1.1704423e-01
8.0217718e+00 3.6558393e-02 6.9793674e-02 1.1871608e-01
8.0270270e+00 3.7287810e-02 7.0938230e-02 1.2037494e-01
8.0322823e+00 3.8018580e-02 7.2120097e-02 1.2207769e-01
8.0375375e+00 3.8758537e-02 7.3351926e-02 1.2383619e-01
8.0427928e+00 3.9536635e-02 7.4592219e-02 1.2560479e-01
8.0480480e+00 4.0304635e-02 7.5800761e-02 1.2731819e-01
8.0533033e+00 4.1104901e-02 7.7049866e-02 1.2912896e-01
8.0585586e+00 4.1901449e-02 7.8283406e-02 1.3089107e-01
8.0638138e+00 4.2720769e-02 7.9552662e-02 1.3270947e-01
8.0690691e+00 4.3557534e-02 8.0822337e-02 1.3455240e-01
8.0743243e+00 4.4391814e-02 8.2111493e-02 1.3637563e-01
8.0795796e+00 4.5246395e-02 8.3417606e-02 1.3827071e-01
8.0848348e+00 4.6117349e-02 8.4793642e-02 1.4012388e-01
8.0900901e+00 4.6988697e-02 8.6196400e-02 1.4199575e-01
8.0953453e+00 4.7876198e-02 8.7588792e-02 1.4387800e-01
8.1006006e+00 4.8767409e-02 8.8931224e-02 1.4592091e-01
8.1058559e+00 4.9692684e-02 9.0343481e-02 1.4784415e-01
8.1111111e+00 5.0630764e-02 9.1789592e-02 1.4989190e-01
8.1163664e+00 5.1602529e-02 9.3221045e-02 1.5191195e-01
8.1216216e+00 5.2582262e-02 9.4683131e-02 1.5395849e-01
8.1268769e+00 5.3577256e-02 9.6146172e-02 1.5596259e-01
8.1321321e+00 5.4585611e-02 9.7634732e-02 1.5805201e-01
8.1373874e+00 5.5576142e-02 9.9139898e-02 1.6014787e-01
8.1426426e+00 5.6613636e-02 1.0066001e-01 1.6219122e-01
8.1478979e+00 5.7666339e-02 1.0220518e-01 1.6433559e-01
8.1531532e+00 5.8724731e-02 1.0374892e-01 1.6649551e-01
8.1584084e+00 5.9780288e-02 1.0534040e-01 1.6863808e-01
8.1636637e+00 6.0884935e-02 1.0697692e-01 1.7084774e-01
8.1689189e+00 6.1988204e-02 1.0860521e-01 1.7307665e-01
8.1741742e+00 6.3107567e-02 1.1028374e-01 1.7519029e-01
8.1794294e+00 6.4229852e-02 1.1194463e-01 1.7745757e-01
8.1846847e+00 6.5378874e-02 1.1362348e-01 1.7977271e-01
8.1899399e+00 6.6556928e-02 1.1534059e-01 1.8206207e-01
8.1951952e+00 6.7705009e-02 1.1703752e-01 1.8444912e-01
8.2004505e+00 6.8912554e-02 1.1875351e-01 1.8675459e-01
8.2057057e+00 7.0110069e-02 1.2046767e-01 1.8914012e-01
8.2109610e+00 7.1316848e-02 1.2227461e-01 1.9142053e-01
8.2162162e+00 7.2569532e-02 1.2405467e-01 1.9385563e-01
8.2214715e+00 7.3815980e-02 1.2589295e-01 1.9623829e-01
8.2267267e+00 7.5068549e-02 1.2770962e-01 1.9864412e-01
8.2319820e+00 7.6357164e-02 1.2958266e-01 2.0112873e-01
8.2372372e+00 7.7712971e-02 1.3144967e-01 2.0360601e-01
8.2424925e+00 7.9068895e-02 1.3335130e-01 2.0609744e-01
8.2477477e+00 8.0424350e-02 1.3523387e-01 2.0861503e-01
8.2530030e+00 8.1763500e-02 1.3715147e-01 2.1113714e-01
8.2582583e+00 8.3204985e-02 1.3907045e-01 2.1376769e-01
8.2635135e+00 8.4577439e-02 1.4103735e-01 2.1628493e-01
8.2687688e+00 8.6048357e-02 1.4303200e-01 2.1878056e-01
8.2740240e+00 8.7492186e-02 1.4503421e-01 2.2131375e-01
8.2792793e+00 8.8856221e-02 1.4708666e-01 2.2397545e-01
8.2845345e+00 9.0308991e-02 1.4912083e-01 2.2660125e-01
8.2897898e+00 9.1802299e-02 1.5122084e-01 2.2923449e-01
8.2950450e+00 9.3308272e-02 1.5333983e-01 2.3187926e-01
8.3003003e+00 9.4816778e-02 1.5539599e-01 2.3457370e-01
8.3055556e+00 9.6372654e-02 1.5753205e-01 2.3729886e-01
8.3108108e+00 9.7929444e-02 1.5963856e-01 2.3998582e-01
8.3160661e+00 9.9507092e-02 1.6182215e-01 2.4275623e-01
8.3213213e+00 1.0110442e-01 1.6409245e-01 2.4538747e-01
8.3265766e+00 1.0273294e-01 1.6634978e-01 2.4805873e-01
8.3318318e+00 1.0442468e-01 1.6864444e-01 2.5088335e-01
8.3370871e+00 1.0609348e-01 1.7089708e-01 2.5362148e-01
8.3423423e+00 1.0777660e-01 1.7319356e-01 2.5636481e-01
8.3475976e+00 1.0953285e-01 1.7547653e-01 2.5925299e-01
8.3528529e+00 1.1124868e-01 1.7778446e-01 2.6221032e-01
8.3581081e+00 1.1305264e-01 1.8015739e-01 2.6516284e-01
8.3633634e+00 1.1480996e-01 1.8252851e-01 2.6807210e-01
8.3686186e+00 1.1661598e-01 1.8495415e-01 2.7089231e-01
8.3738739e+00 1.1842644e-01 1.8730079e-01 2.7381095e-01
8.3791291e+00 1.2020918e-01 1.8970177e-01 2.7675831e-01
8.3843844e+00 1.2207328e-01 1.9214813e-01 2.7970667e-01
8.3896396e+00 1.2398928e-01 1.9461923e-01 2.8270951e-01
8.3948949e+00 1.2591821e-01 1.9710865e-01 2.8577767e-01
8.4001502e+00 1.2782477e-01 1.9960955e-01 2.8879577e-01
8.4054054e+00 1.2981404e-01 2.0210002e-01 2.9186077e-01
8.4106607e+00 1.3172718e-01 2.0463622e-01 2.9498060e-01
8.4159159e+00 1.3369668e-01 2.0713323e-01 2.9814244e-01
8.4211712e+00 1.3576670e-01 2.0983311e-01 3.0116593e-01
8.4264264e+00 1.3785990e-01 2.1254271e-01 3.0429963e-01
8.4316817e+00 1.3994211e-01 2.1509785e-01 3.0747547e-01
8.4369369e+00 1.4197948e-01 2.1774646e-01 3.1050448e-01
8.4421922e+00 1.4413126e-01 2.2046375e-01 3.1371094e-01
8.4474474e+00 1.4631933e-01 2.2319160e-01 3.1689721e-01
8.4527027e+00 1.4849699e-01 2.2590936e-01 3.2010280e-01
8.4579580e+00 1.5062613e-01 2.2857810e-01 3.2337867e-01
8.4632132e+00 1.5276112e-01 2.3119997e-01 3.2659675e-01
8.4684685e+00 1.5494999e-01 2.3400513e-01 3.2984034e-01
8.4737237e+00 1.5715509e-01 2.3686635e-01 3.3320219e-01
8.4789790e+00 1.5945846e-01 2.3973331e-01 3.3663743e-01
8.4842342e+00 1.6173711e-01 2.4255737e-01 3.3996425e-01
8.4894895e+00 1.6406482e-01 2.4546776e-01 3.4317005e-01
8.4947447e+00 1.6641612e-01 2.4836272e-01 3.4667343e-01
8.5000000e+00 1.6875987e-01 2.5128499e-01 3.4996157e-01
8.5052553e+00 1.7110534e-01 2.5420059e-01 3.5342359e-01
8.5105105e+00 1.7346087e-01 2.5707553e-01 3.5692966e-01
8.5157658e+00 1.7596605e-01 2.6009221e-01 3.6032750e-01
8.5210210e+00 1.7843026e-01 2.6310374e-01 3.6378531e-01
8.5262763e+00 1.8088842e-01 2.6614802e-01 3.6720384e-01
8.5315315e+00 1.8333909e-01 2.6918042e-01 3.7059548e-01
8.5367868e+00 1.8586420e-01 2.7223876e-01 3.7420471e-01
8.5420420e+00 1.8840031e-01 2.7532987e-01 3.7769277e-01
8.5472973e+00 1.9092784e-01 2.7842626e-01 3.8121817e-01
8.5525526e+00 1.9350511e-01 2.8155119e-01 3.8483746e-01
8.5578078e+00 1.9612369e-01 2.8463100e-01 3.8840953e-01
8.5630631e+00 1.9877419e-01 2.8783670e-01 3.9200238e-01
8.5683183e+00 2.0140544e-01 2.9107482e-01 3.9555302e-01
8.5735736e+00 2.0410408e-01 2.9423961e-01 3.9920079e-01
8.5788288e+00 2.0687833e-01 2.9749486e-01 4.0290377e-01
8.5840841e+00 2.0965367e-01 3.0068555e-01 4.0651012e-01
8.5893393e+00 2.1244811e-01 3.0396834e-01 4.1013481e-01
8.5945946e+00 2.1520525e-01 3.0726370e-01 4.1390770e-01
8.5998498e+00 2.1806334e-01 3.1056667e-01 4.1758176e-01
8.6051051e+00 2.2081206e-01 3.1384679e-01 4.2120841e-01
8.6103604e+00 2.2364754e-01 3.1715030e-01 4.2493133e-01
8.6156156e+00 2.2651614e-01 3.2055431e-01 4.2857460e-01
8.6208709e+00 2.2941726e-01 3.2391381e-01 4.3225985e-01
8.6261261e+00 2.3233975e-01 3.2737425e-01 4.3595195e-01
8.6313814e+00 2.3533288e-01 3.3077386e-01 4.3975515e-01
8.6366366e+00 2.3833942e-01 3.3416797e-01 4.4347338e-01
8.6418919e+00 2.4135052e-01 3.3761824e-01 4.4725852e-01
8.6471471e+00 2.4440236e-01 3.4108687e-01 4.5095037e-01
8.6524024e+00 2.4747907e-01 3.4464707e-01 4.5475157e-01
8.6576577e+00 2.5055581e-01 3.4816872e-01 4.5858704e-01
8.6629129e+00 2.5366178e-01 3.5174867e-01 4.6254270e-01
8.6681682e+00 2.5681046e-01 3.5527935e-01 4.6636607e-01
8.6734234e+00 2.5995928e-01 3.5881415e-01 4.7014964e-01
8.6786787e+00 2.6302526e-01 3.6249224e-01 4.7399955e-01
8.6839339e+00 2.6621186e-01 3.6615602e-01 4.7803617e-01
8.6891892e+00 2.6953551e-01 3.6985129e-01 4.8193428e-01
8.6944444e+00 2.7277116e-01 3.7346755e-01 4.8584202e-01
8.6996997e+00 2.7607066e-01 3.7713123e-01 4.8992070e-01
8.7049550e+00 2.7933005e-01 3.8088323e-01 4.9373336e-01
8.7102102e+00 2.8273443e-01 3.8457092e-01 4.9755208e-01
8.7154655e+00 2.8614062e-01 3.8839105e-01 5.0159053e-01
8.7207207e+00 2.8954403e-01 3.9214929e-01 5.0571447e-01
8.7259760e+00 2.9301143e-01 3.9593659e-01 5.0959867e-01
8.7312312e+00 2.9639442e-01 3.9964099e-01 5.1351986e-01
8.7364865e+00 2.9998541e-01 4.0337960e-01 5.1757724e-01
8.7417417e+00 3.0352810e-01 4.0714660e-01 5.2157301e-01
8.7469970e+00 3.0706565e-01 4.1097526e-01 5.2557738e-01
8.7522523e+00 3.1063978e-01 4.1480282e-01 5.2948797e-01
8.7575075e+00 3.1426526e-01 4.1872938e-01 5.3335592e-01
8.7627628e+00 3.1788275e-01 4.2263943e-01 5.3726490e-01
8.7680180e+00 3.2141344e-01 4.2651731e-01 5.4138421e-01
8.7732733e+00 3.2503353e-01 4.3039819e-01 5.4544944e-01
8.7785285e+00 3.2856847e-01 4.3432154e-01 5.4956902e-01
8.7837838e+00 3.3217942e-01 4.3819490e-01 5.5355182e-01
8.7890390e+00 3.3578618e-01 4.4215255e-01 5.5761794e-01
8.7942943e+00 3.3950876e-01 4.4608275e-01 5.6176857e-01
8.7995495e+00 3.4323349e-01 4.5000121e-01 5.6584726e-01
8.8048048e+00 3.4697872e-01 4.5384244e-01 5.6992990e-01
8.8100601e+00 3.5068780e-01 4.5783229e-01 5.7406323e-01
8.8153153e+00 3.5455766e-01 4.6173135e-01 5.7803956e-01
8.8205706e+00 3.5828263e-01 4.6558990e-01 5.8189108e-01
8.8258258e+00 3.6211719e-01 4.6963339e-01 5.8587919e-01
8.8310811e+00 3.6605909e-01 4.7358032e-01 5.8986744e-01
8.8363363e+00 3.6983878e-01 4.7761811e-01 5.9386695e-01
8.8415916e+00 3.7371925e-01 4.8175546e-01 5.9794346e-01
8.8468468e+00 3.7758371e-01 4.8574285e-01 6.0195477e-01
8.8521021e+00 3.8147303e-01 4.8981784e-01 6.0609556e-01
8.8573574e+00 3.8544816e-01 4.9390087e-01 6.1035306e-01
8.8626126e+00 3.8929863e-01 4.9795461e-01 6.1427873e-01
8.8678679e+00 3.9337338e-01 5.0210548e-01 6.1829894e-01
8.8731231e+00 3.9732268e-01 5.0615466e-01 6.2248597e-01
8.8783784e+00 4.0123898e-01 5.1021025e-01 6.2660572e-01
8.8836336e+00 4.0519330e-01 5.1435745e-01 6.3061580e-01
8.8888889e+00 4.0923983e-01 5.1847527e-01 6.3474642e-01
8.8941441e+00 4.1319177e-01 5.2265441e-01 6.3882113e-01
8.8993994e+00 4.1730718e-01 5.2677282e-01 6.4270725e-01
8.9046547e+00 4.2134240e-01 5.3096112e-01 6.4670655e-01
8.9099099e+00 4.2546595e-01 5.3508036e-01 6.5078211e-01
8.9151652e+00 4.2963797e-01 5.3922314e-01 6.5482599e-01
8.9204204e+00 4.3382290e-01 5.4335886e-01 6.5873764e-01
8.9256757e+00 4.3807699e-01 5.4754585e-01 6.6279367e-01
8.9309309e+00 4.4242764e-01 5.5174071e-01 6.6688079e-01
8.9361862e+00 4.4658627e-01 5.5586982e-01 6.7094331e-01
8.9414414e+00 4.5080667e-01 5.6012223e-01 6.7501938e-01
8.9466967e+00 4.5487260e-01 5.6429418e-01 6.7886092e-01
8.9519520e+00 4.5906302e-01 5.6846757e-01 6.8289572e-01
8.9572072e+00 4.6335728e-01 5.7276554e-01 6.8698110e-01
8.9624625e+00 4.6763244e-01 5.7699545e-01 6.9104401e-01
8.9677177e+00 4.7203821e-01 5.8125253e-01 6.9499314e-01
8.9729730e+00 4.7649820e-01 5.8543182e-01 6.9891792e-01
8.9782282e+00 4.8092477e-01 5.8970790e-01 7.0280193e-01
8.9834835e+00 4.8527723e-01 5.9402191e-01 7.0678172e-01
8.9887387e+00 4.8962763e-01 5.9818966e-01 7.1063832e-01
8.9939940e+00 4.9406512e-01 6.0235132e-01 7.1457097e-01
8.9992492e+00 4.9848157e-01 6.0659566e-01 7.1854677e-01
9.0045045e+00 5.0304538e-01 6.1079184e-01 7.2267223e-01
9.0097598e+00 5.0750968e-01 6.1499714e-01 7.2675820e-01
9.0150150e+00 5.1189236e-01 6.1921517e-01 7.3054783e-01
9.0202703e+00 5.1640899e-01 6.2348279e-01 7.3444912e-01
9.0255255e+00 5.2089646e-01 6.2760278e-01 7.3821686e-01
9.0307808e+00 5.2532516e-01 6.3189414e-01 7.4192606e-01
9.0360360e+00 5.2956500e-01 6.3607697e-01 7.4588519e-01
9.0412913e+00 5.3406686e-01 6.4039461e-01 7.4969821e-01
9.0465465e+00 5.3844606e-01 6.4467955e-01 7.5342100e-01
9.0518018e+00 5.4289065e-01 6.4884455e-01 7.5735869e-01
9.0570571e+00 5.4746408e-01 6.5306759e-01 7.6119547e-01
9.0623123e+00 5.5182944e-01 6.5726161e-01 7.6491967e-01
9.0675676e+00 5.5624096e-01 6.6145069e-01 7.6869311e-01
9.0728228e+00 5.6076791e-01 6.6570196e-01 7.7237059e-01
9.0780781e+00 5.6526080e-01 6.6991829e-01 7.7619113e-01
9.0833333e+00 5.6973040e-01 6.7401246e-01 7.7995605e-01
9.0885886e+00 5.7424497e-01 6.7820987e-01 7.8374477e-01
9.0938438e+00 5.7869409e-01 6.8246311e-01 7.8737454e-01
9.0990991e+00 5.8316619e-01 6.8669778e-01 7.9105173e-01
9.1043544e+00 5.8763563e-01 6.9082402e-01 7.9483482e-01
9.1096096e+00 5.9214591e-01 6.9498402e-01 7.9849022e-01
9.1148649e+00 5.9657385e-01 6.9918117e-01 8.0217947e-01
9.1201201e+00 6.0111789e-01 7.0341281e-01 8.0593546e-01
9.1253754e+00 6.0550204e-01 7.0763319e-01 8.0963342e-01
9.1306306e+00 6.1002120e-01 7.1178427e-01 8.1312621e-01
9.1358859e+00 6.1446838e-01 7.1584262e-01 8.1661508e-01
9.1411411e+00 6.1898696e-01 7.2002765e-01 8.2028976e-01
9.1463964e+00 6.2348115e-01 7.2411136e-01 8.2375522e-01
9.1516517e+00 6.2784911e-01 7.2815227e-01 8.2731962e-01
9.1569069e+00 6.3221292e-01 7.3216648e-01 8.3097245e-01
9.1621622e+00 6.3669333e-01 7.3610993e-01 8.3443103e-01
9.1674174e+00 6.4119032e-01 7.4016849e-01 8.3787599e-01
9.1726727e+00 6.4553751e-01 7.4418745e-01 8.4144462e-01
9.1779279e+00 6.5004859e-01 7.4816678e-01 8.4476253e-01
9.1831832e+00 6.5450406e-01 7.5208352e-01 8.4802720e-01
9.1884384e+00 6.5904375e-01 7.5604585e-01 8.5139831e-01
9.1936937e+00 6.6349574e-01 7.5992633e-01 8.5460177e-01
9.1989489e+00 6.6789805e-01 7.6394011e-01 8.5798521e-01
9.2042042e+00 6.7224900e-01 7.6783674e-01 8.6118567e-01
9.2094595e+00 6.7653925e-01 7.7166441e-01 8.6454972e-01
9.2147147e+00 6.8100845e-01 7.7552368e-01 8.6784702e-01
9.2199700e+00 6.8539490e-01 7.7932135e-01 8.7103180e-01
9.2252252e+00 6.8977306e-01 7.8307066e-01 8.7429271e-01
9.2304805e+00 6.9408779e-01 7.8692169e-01 8.7746754e-01
9.2357357e+00 6.9841955e-01 7.9071464e-01 8.8052480e-01
9.2409910e+00 7.0271812e-01 7.9444545e-01 8.8362945e-01
9.2462462e+00 7.0698316e-01 7.9807912e-01 8.8665309e-01
9.2515015e+00 7.1132647e-01 8.0180964e-01 8.8950634e-01
9.2567568e+00 7.1562666e-01 8.0546450e-01 8.9249937e-01
9.2620120e+00 7.2008964e-01 8.0910146e-01 8.9543534e-01
9.2672673e+00 7.2431965e-01 8.1259397e-01 8.9869424e-01
9.2725225e+00 7.2865831e-01 8.1614517e-01 9.0158707e-01
9.2777778e+00 7.3288712e-01 8.1963268e-01 9.0447289e-01
9.2830330e+00 7.3706974e-01 8.2329916e-01 9.0746020e-01
9.2882883e+00 7.4107152e-01 8.2695176e-01 9.1026329e-01
9.2935435e+00 7.4516049e-01 8.3042539e-01 9.1324727e-01
9.2987988e+00 7.4929505e-01 8.3388782e-01 9.1614211e-01
9.3040541e+00 7.5342512e-01 8.3743797e-01 9.1877116e-01
9.3093093e+00 7.5763203e-01 8.4076124e-01 9.2147640e-01
9.3145646e+00 7.6165976e-01 8.4428174e-01 9.2409326e-01
9.3198198e+00 7.6559428e-01 8.4764669e-01 9.2698333e-01
9.3250751e+00 7.6956469e-01 8.5105710e-01 9.2964304e-01
9.3303303e+00 7.7369913e-01 8.5428119e-01 9.3232114e-01
9.3355856e+00 7.7756364e-01 8.5748167e-01 9.3505525e-01
9.3408408e+00 7.8122254e-01 8.6075235e-01 9.3774437e-01
9.3460961e+00 7.8518217e-01 8.6406534e-01 9.4039815e-01
9.3513514e+00 7.8914213e-01 8.6739934e-01 9.4306081e-01
9.3566066e+00 7.9295861e-01 8.7062796e-01 9.4557757e-01
9.3618619e+00 7.9691524e-01 8.7379125e-01 9.4806325e-01
9.3671171e+00 8.0048213e-01 8.7690149e-01 9.5062798e-01
9.3723724e+00 8.0430739e-01 8.7999673e-01 9.5289328e-01
9.3776276e+00 8.0785063e-01 8.8306205e-01 9.5533408e-01
9.3828829e+00 8.1148387e-01 8.8609411e-01 9.5786626e-01
9.3881381e+00 8.1500229e-01 8.8916374e-01 9.6046292e-01
9.3933934e+00 8.1842515e-01 8.9204887e-01 9.6278415e-01
9.3986486e+00 8.2190104e-01 8.9503660e-01 9.6505940e-01
9.4039039e+00 8.2527006e-01 8.9796450e-01 9.6736885e-01
9.4091592e+00 8.2861812e-01 9.0084626e-01 9.6958952e-01
9.4144144e+00 8.3207629e-01 9.0363924e-01 9.7186728e-01
9.4196697e+00 8.3531198e-01 9.0629029e-01 9.7417667e-01
9.4249249e+00 8.3861153e-01 9.0909713e-01 9.7628654e-01
9.4301802e+00 8.4185508e-01 9.1186374e-01 9.7845030e-01
9.4354354e+00 8.4500180e-01 9.1467566e-01 9.8055947e-01
9.4406907e+00 8.4826779e-01 9.1730532e-01 9.8274611e-01
9.4459459e+00 8.5135888e-01 9.1989865e-01 9.8483065e-01
9.4512012e+00 8.5441461e-01 9.2244695e-01 9.8680255e-01
9.4564565e+00 8.5727901e-01 9.2508483e-01 9.8869341e-01
9.4617117e+00 8.6044315e-01 9.2757518e-01 9.9052814e-01
9.4669670e+00 8.6320508e-01 9.3015446e-01 9.9261430e-01
9.4722222e+00 8.6587846e-01 9.3264596e-01 9.9473704e-01
9.4774775e+00 8.6882547e-01 9.3501015e-01 9.9641178e-01
9.4827327e+00 8.7148584e-01 9.3753035e-01 9.9836514e-01
9.4879880e+00 8.7407673e-01 9.3983707e-01 1.0003307e+00
9.4932432e+00 8.7674123e-01 9.4219968e-01 1.0021846e+00
9.4984985e+00 8.7933820e-01 9.4439829e-01 1.0040860e+00
9.5037538e+00 8.8188270e-01 9.4671425e-01 1.0058313e+00
9.5090090e+00 8.8431847e-01 9.4875042e-01 1.0075803e+00
9.5142643e+00 8.8672473e-01 9.5083343e-01 1.0094499e+00
9.5195195e+00 8.8915048e-01 9.5288328e-01 1.0111305e+00
9.5247748e+00 8.9147650e-01 9.5504114e-01 1.0127227e+00
9.5300300e+00 8.9378601e-01 9.5711947e-01 1.0142639e+00
9.5352853e+00 8.9599241e-01 9.5902384e-01 1.0158337e+00
9.5405405e+00 8.9819930e-01 9.6097510e-01 1.0174545e+00
9.5457958e+00 9.0027816e-01 9.6285429e-01 1.0189853e+00
9.5510511e+00 9.0220702e-01 9.6476459e-01 1.0206422e+00
9.5563063e+00 9.0411117e-01 9.6648780e-01 1.0219347e+00
9.5615616e+00 9.0604098e-01 9.6827101e-01 1.0233813e+00
9.5668168e+00 9.0787782e-01 9.7000751e-01 1.0248410e+00
9.5720721e+00 9.0950132e-01 9.7171498e-01 1.0262674e+00
9.5773273e+00 9.1108944e-01 9.7328882e-01 1.0276041e+00
9.5825826e+00 9.1276254e-01 9.7486497e-01 1.0290918e+00
9.5878378e+00 9.1420652e-01 9.7627466e-01 1.0303476e+00
9.5930931e+00 9.1559934e-01 9.7777683e-01 1.0316552e+00
9.5983483e+00 9.1694671e-01 9.7927255e-01 1.0329920e+00
9.6036036e+00 9.1822519e-01 9.8063429e-01 1.0343271e+00
9.6088589e+00 9.1958927e-01 9.8190767e-01 1.0354193e+00
9.6141141e+00 9.2077649e-01 9.8327508e-01 1.0365733e+00
9.6193694e+00 9.2161335e-01 9.8462329e-01 1.0377656e+00
9.6246246e+00 9.2262608e-01 9.8575160e-01 1.0388717e+00
9.6298799e+00 9.2355969e-01 9.8705008e-01 1.0399662e+00
9.6351351e+00 9.2449130e-01 9.8810326e-01 1.0411192e+00
9.6403904e+00 9.2521998e-01 9.8939615e-01 1.0421036e+00
9.6456456e+00 9.2590522e-01 9.9040364e-01 1.0430639e+00
9.6509009e+00 9.2645357e-01 9.9131955e-01 1.0441283e+00
9.6561562e+00 9.2693405e-01 9.9227553e-01 1.0450398e+00
9.6614114e+00 9.2720801e-01 9.9317917e-01 1.0459809e+00
9.6666667e+00 9.2761551e-01 9.9407824e-01 1.0470908e+00
9.6719219e+00 9.2790907e-01 9.9480112e-01 1.0479494e+00
9.6771772e+00 9.2810491e-01 9.9544066e-01 1.0488255e+00
9.6824324e+00 9.2824773e-01 9.9617843e-01 1.0497550e+00
9.6876877e+00 9.2816498e-01 9.9683892e-01 1.0506555e+00
9.6929429e+00 9.2816280e-01 9.9737727e-01 1.0515893e+00
9.6981982e+00 9.2812306e-01 9.9799700e-01 1.0523840e+00
9.7034535e+00 9.2795163e-01 9.9842654e-01 1.0531759e+00
9.7087087e+00 9.2754885e-01 9.9882950e-01 1.0540661e+00
9.7139640e+00 9.2721137e-01 9.9921841e-01 1.0546974e+00
9.7192192e+00 9.2675372e-01 9.9943555e-01 1.0553297e+00
9.7244745e+00 9.2616299e-01 9.9971728e-01 1.0559735e+00
9.7297297e+00 9.2564363e-01 9.9990040e-01 1.0564249e+00
9.7349850e+00 9.2507924e-01 1.0000000e+00 1.0568581e+00
9.7402402e+00 9.2456157e-01 9.9999966e-01 1.0572177e+00
9.7454955e+00 9.2382115e-01 9.9988125e-01 1.0576984e+00
9.7507508e+00 9.2315507e-01 9.9969764e-01 1.0580425e+00
9.7560060e+00 9.2234791e-01 9.9960540e-01 1.0584537e+00
9.7612613e+00 9.2165931e-01 9.9924976e-01 1.0588309e+00
9.7665165e+00 9.2083547e-01 9.9900484e-01 1.0591556e+00
9.7717718e+00 9.1992332e-01 9.9853745e-01 1.0594783e+00
9.7770270e+00 9.1901150e-01 9.9804175e-01 1.0595876e+00
9.7822823e+00 9.1768777e-01 9.9746834e-01 1.0597657e+00
9.7875375e+00 9.1650255e-01 9.9697707e-01 1.0599550e+00
9.7927928e+00 9.1522226e-01 9.9639512e-01 1.0601619e+00
9.7980480e+00 9.1395886e-01 9.9575157e-01 1.0602350e+00
9.8033033e+00 9.1253357e-01 9.9506545e-01 1.0603855e+00
9.8085586e+00 9.1098465e-01 9.9427988e-01 1.0603218e+00
9.8138138e+00 9.0949952e-01 9.9348743e-01 1.0602163e+00
9.8190691e+00 9.0781450e-01 9.9257248e-01 1.0603082e+00
9.8243243e+00 9.0609455e-01 9.9158558e-01 1.0600126e+00
9.8295796e+00 9.0437884e-01 9.9052083e-01 1.0597626e+00
9.8348348e+00 9.0279719e-01 9.8947652e-01 1.0594902e+00
9.8400901e+00 9.0111716e-01 9.8835826e-01 1.0592630e+00
9.8453453e+00 8.9915496e-01 9.8724571e-01 1.0588668e+00
9.8506006e+00 8.9732983e-01 9.8607736e-01 1.0582537e+00
9.8558559e+00 8.9558781e-01 9.8490383e-01 1.0577801e+00
9.8611111e+00 8.9352119e-01 9.8361809e-01 1.0570954e+00
9.8663664e+00 8.9142406e-01 9.8212778e-01 1.0565176e+00
9.8716216e+00 8.8931921e-01 9.8067945e-01 1.0557807e+00
9.8768769e+00 8.8719855e-01 9.7926297e-01 1.0550987e+00
9.8821321e+00 8.8498571e-01 9.7800036e-01 1.0544796e+00
9.8873874e+00 8.8268573e-01 9.7651625e-01 1.0537845e+00
9.8926426e+00 8.8040451e-01 9.7490761e-01 1.0530633e+00
9.8978979e+00 8.7822877e-01 9.7321412e-01 1.0521267e+00
9.9031532e+00 8.7575885e-01 9.7162752e-01 1.0511599e+00
9.9084084e+00 8.7319486e-01 9.6993463e-01 1.0501685e+00
9.9136637e+00 8.7087205e-01 9.6822128e-01 1.0491833e+00
9.9189189e+00 8.6842314e-01 9.6625745e-01 1.0480193e+00
9.9241742e+00 8.6562625e-01 9.6437046e-01 1.0469219e+00
9.9294294e+00 8.6311945e-01 9.6230047e-01 1.0458156e+00
9.9346847e+00 8.6047962e-01 9.6025069e-01 1.0445448e+00
9.9399399e+00 8.5776452e-01 9.5807834e-01 1.0431521e+00
9.9451952e+00 8.5502577e-01 9.5587071e-01 1.0417539e+00
9.9504505e+00 8.5220889e-01 9.5370404e-01 1.0403181e+00
9.9557057e+00 8.4945777e-01 9.5151511e-01 1.0387895e+00
9.9609610e+00 8.4647073e-01 9.4912730e-01 1.0371908e+00
9.9662162e+00 8.4341109e-01 9.4686356e-01 1.0355097e+00
9.9714715e+00 8.4029342e-01 9.4452785e-01 1.0338992e+00
9.9767267e+00 8.3738565e-01 9.4217876e-01 1.0319988e+00
9.9819820e+00 8.3438640e-01 9.3961439e-01 1.0302626e+00
9.9872372e+00 8.3130137e-01 9.3702201e-01 1.0283809e+00
9.9924925e+00 8.2812001e-01 9.3446787e-01 1.0264726e+00
9.9977477e+00 8.2509864e-01 9.3182743e-01 1.0244442e+00
1.0003003e+01 8.2194296e-01 9.2919182e-01 1.0224953e+00
1.0008258e+01 8.1891577e-01 9.2651098e-01 1.0205121e+00
1.0013514e+01 8.1576628e-01 9.2374301e-01 1.0183794e+00
1.0018769e+01 8.1259474e-01 9.2113534e-01 1.0162142e+00
1.0024024e+01 8.0919242e-01 9.1829090e-01 1.0139946e+00
1.0029279e+01 8.0571739e-01 9.1545002e-01 1.0117908e+00
1.0034535e+01 8.0249315e-01 9.1244789e-01 1.0095148e+00
1.0039790e+01 7.9918361e-01 9.0941110e-01 1.0070138e+00
1.0045045e+01 7.9566231e-01 9.0633405e-01 1.0045038e+00
1.0050300e+01 7.9209361e-01 9.0330926e-01 1.0021059e+00
1.0055556e+01 7.8850289e-01 9.0005438e-01 9.9948816e-01
1.0060811e+01 7.8494711e-01 8.9687598e-01 9.9686508e-01
1.0066066e+01 7.8135543e-01 8.9375313e-01 9.9432785e-01
1.0071321e+01 7.7768838e-01 8.9048404e-01 9.9161650e-01
1.0076577e+01 7.7410871e-01 8.8730097e-01 9.8898535e-01
1.0081832e+01 7.7045603e-01 8.8407037e-01 9.8622662e-01
1.0087087e+01 7.6667587e-01 8.8066694e-01 9.8329830e-01
1.0092342e+01 7.6297375e-01 8.7728951e-01 9.8038163e-01
1.0097598e+01 7.5917668e-01 8.7392369e-01 9.7747125e-01
1.0102853e+01 7.5545740e-01 8.7044721e-01 9.7448285e-01
1.0108108e+01 7.5169180e-01 8.6691750e-01 9.7158626e-01
1.0113363e+01 7.4790525e-01 8.6340242e-01 9.6842884e-01
1.0118619e+01 7.4406059e-01 8.5983407e-01 9.6545774e-01
1.0123874e+01 7.4026635e-01 8.5620760e-01 9.6228790e-01
1.0129129e+01 7.3642919e-01 8.5248114e-01 9.5901683e-01
1.0134384e+01 7.3249112e-01 8.4888027e-01 9.5573172e-01
1.0139640e+01 7.2857184e-01 8.4515995e-01 9.5232684e-01
1.0144895e+01 7.2453513e-01 8.4145754e-01 9.4903460e-01
1.0150150e+01 7.2054931e-01 8.3764496e-01 9.4565992e-01
1.0155405e+01 7.1656514e-01 8.3389746e-01 9.4219335e-01
1.0160661e+01 7.1267296e-01 8.3012512e-01 9.3874217e-01
1.0165916e+01 7.0849608e-01 8.2628209e-01 9.3519250e-01
1.0171171e+01 7.0441975e-01 8.2240540e-01 9.3156495e-01
1.0176426e+01 7.0039407e-01 8.1841473e-01 9.2788109e-01
1.0181682e+01 6.9628281e-01 8.1462992e-01 9.2426171e-01
1.0186937e+01 6.9223070e-01 8.1066939e-01 9.2063793e-01
1.0192192e+01 6.8810547e-01 8.0672311e-01 9.1683899e-01
1.0197447e+01 6.8385498e-01 8.0266829e-01 9.1296269e-01
1.0202703e+01 6.7980273e-01 7.9853084e-01 9.0916621e-01
1.0207958e+01 6.7553766e-01 7.9442958e-01 9.0544383e-01
1.0213213e+01 6.7135398e-01 7.9034609e-01 9.0155817e-01
1.0218468e+01 6.6718111e-01 7.8624688e-01 8.9748421e-01
1.0223724e+01 6.6301146e-01 7.8214067e-01 8.9362948e-01
1.0228979e+01 6.5886851e-01 7.7794069e-01 8.8961924e-01
1.0234234e+01 6.5467415e-01 7.7380399e-01 8.8554788e-01
1.0239489e+01 6.5042802e-01 7.6959582e-01 8.8150123e-01
1.0244745e+01 6.4620608e-01 7.6526816e-01 8.7736692e-01
1.0250000e+01 6.4180856e-01 7.6099399e-01 8.7314636e-01
