X KDE_INF KDE_MED KDE_SUP
5.0000000e+00 7.6321404e-12 2.3482189e-08 1.3526007e-05
5.0100100e+00 1.0354781e-11 2.9857553e-08 1.6055744e-05
5.0200200e+00 1.4027341e-11 3.7907183e-08 1.9061501e-05
5.0300300e+00 1.8923941e-11 4.8059319e-08 2.2573540e-05
5.0400400e+00 2.5435592e-11 6.0799353e-08 2.6726694e-05
5.0500501e+00 3.4200406e-11 7.6660649e-08 3.1451600e-05
5.0600601e+00 4.5877321e-11 9.6394531e-08 3.6992385e-05
5.0700701e+00 6.1372200e-11 1.2118040e-07 4.3495149e-05
5.0800801e+00 8.1772416e-11 1.5171102e-07 5.0875318e-05
5.0900901e+00 1.0887168e-10 1.8976044e-07 5.9662926e-05
5.1001001e+00 1.4493568e-10 2.3711994e-07 6.9481760e-05
5.1101101e+00 1.9266891e-10 2.9512902e-07 8.1086118e-05
5.1201201e+00 2.5562169e-10 3.6595766e-07 9.4359439e-05
5.1301301e+00 3.3853717e-10 4.5413857e-07 1.0933835e-04
5.1401401e+00 4.4696844e-10 5.6159357e-07 1.2630766e-04
5.1501502e+00 5.8774376e-10 6.9195878e-07 1.4570637e-04
5.1601602e+00 7.7410178e-10 8.5476478e-07 1.6757601e-04
5.1701702e+00 1.0149628e-09 1.0527154e-06 1.9279446e-04
5.1801802e+00 1.3280512e-09 1.2891737e-06 2.2078156e-04
5.1901902e+00 1.7334131e-09 1.5801385e-06 2.5266045e-04
5.2002002e+00 2.2599788e-09 1.9319620e-06 2.9036415e-04
5.2102102e+00 2.9392435e-09 2.3448952e-06 3.3089439e-04
5.2202202e+00 3.8139995e-09 2.8535283e-06 3.7624223e-04
5.2302302e+00 4.9386532e-09 3.4672849e-06 4.2484288e-04
5.2402402e+00 6.3623151e-09 4.1972930e-06 4.8123831e-04
5.2502503e+00 8.1933296e-09 5.0812664e-06 5.4387617e-04
5.2602603e+00 1.0505929e-08 6.1061680e-06 6.1150822e-04
5.2702703e+00 1.3473295e-08 7.3360485e-06 6.8446275e-04
5.2802803e+00 1.7248631e-08 8.8265951e-06 7.6934148e-04
5.2902903e+00 2.2036177e-08 1.0575043e-05 8.6090616e-04
5.3003003e+00 2.8141872e-08 1.2665123e-05 9.5732806e-04
5.3103103e+00 3.5830354e-08 1.5115111e-05 1.0622890e-03
5.3203203e+00 4.5483729e-08 1.7980626e-05 1.1837669e-03
5.3303303e+00 5.7501726e-08 2.1350393e-05 1.3189580e-03
5.3403403e+00 7.2822658e-08 2.5242852e-05 1.4610205e-03
5.3503504e+00 9.2034101e-08 2.9822075e-05 1.6084194e-03
5.3603604e+00 1.1596183e-07 3.5148665e-05 1.7665061e-03
5.3703704e+00 1.4534319e-07 4.1440722e-05 1.9389483e-03
5.3803804e+00 1.8211367e-07 4.8559335e-05 2.1246121e-03
5.3903904e+00 2.2667294e-07 5.7117313e-05 2.3171165e-03
5.4004004e+00 2.8297668e-07 6.6763605e-05 2.5059575e-03
5.4104104e+00 3.5291675e-07 7.8017032e-05 2.7188844e-03
5.4204204e+00 4.3841660e-07 9.0751980e-05 2.9489059e-03
5.4304304e+00 5.4480145e-07 1.0534086e-04 3.1690450e-03
5.4404404e+00 6.7312630e-07 1.2193281e-04 3.4169235e-03
5.4504505e+00 8.2948472e-07 1.4114961e-04 3.6735020e-03
5.4604605e+00 1.0228515e-06 1.6352346e-04 3.9545767e-03
5.4704705e+00 1.2550351e-06 1.8812873e-04 4.2219571e-03
5.4804805e+00 1.5318180e-06 2.1601361e-04 4.5001724e-03
5.4904905e+00 1.8693121e-06 2.4744604e-04 4.8050490e-03
5.5005005e+00 2.2754316e-06 2.8350325e-04 5.1055820e-03
5.5105105e+00 2.7808304e-06 3.2255409e-04 5.4140408e-03
5.5205205e+00 3.3751403e-06 3.6631515e-04 5.7316924e-03
5.5305305e+00 4.0932041e-06 4.1542584e-04 6.0838806e-03
5.5405405e+00 4.9563032e-06 4.6988198e-04 6.4184893e-03
5.5505506e+00 5.9877523e-06 5.2986614e-04 6.7780019e-03
5.5605606e+00 7.2270772e-06 5.9612624e-04 7.1014372e-03
5.5705706e+00 8.6961019e-06 6.7108524e-04 7.4304755e-03
5.5805806e+00 1.0463873e-05 7.5042556e-04 7.7654864e-03
5.5905906e+00 1.2515702e-05 8.3829614e-04 8.1015735e-03
5.6006006e+00 1.4963268e-05 9.3549982e-04 8.3981434e-03
5.6106106e+00 1.7889613e-05 1.0424948e-03 8.6681313e-03
5.6206206e+00 2.1354832e-05 1.1601255e-03 8.9557509e-03
5.6306306e+00 2.5292094e-05 1.2869449e-03 9.1732172e-03
5.6406406e+00 2.9991839e-05 1.4222058e-03 9.3786513e-03
5.6506507e+00 3.5475517e-05 1.5652746e-03 9.7340561e-03
5.6606607e+00 4.1774663e-05 1.7224143e-03 1.0143308e-02
5.6706707e+00 4.8965317e-05 1.8900071e-03 1.0604307e-02
5.6806807e+00 5.7403618e-05 2.0720625e-03 1.1078340e-02
5.6906907e+00 6.7152182e-05 2.2774856e-03 1.1550893e-02
5.7007007e+00 7.8199179e-05 2.4825836e-03 1.2057037e-02
5.7107107e+00 9.1238441e-05 2.7060179e-03 1.2570697e-02
5.7207207e+00 1.0590601e-04 2.9460313e-03 1.3108589e-02
5.7307307e+00 1.2299390e-04 3.1999471e-03 1.3645744e-02
5.7407407e+00 1.4212511e-04 3.4720287e-03 1.4158615e-02
5.7507508e+00 1.6433255e-04 3.7504901e-03 1.4672363e-02
5.7607608e+00 1.8907028e-04 4.0444587e-03 1.5204693e-02
5.7707708e+00 2.1686010e-04 4.3558807e-03 1.5710430e-02
5.7807808e+00 2.4894565e-04 4.6690014e-03 1.6246709e-02
5.7907908e+00 2.8421210e-04 4.9961777e-03 1.6751214e-02
5.8008008e+00 3.2336238e-04 5.3387240e-03 1.7266425e-02
5.8108108e+00 3.6903683e-04 5.6932648e-03 1.7713176e-02
5.8208208e+00 4.2091841e-04 6.0555332e-03 1.8109792e-02
5.8308308e+00 4.7734983e-04 6.4161784e-03 1.8419083e-02
5.8408408e+00 5.3983327e-04 6.7789280e-03 1.8796714e-02
5.8508509e+00 6.0775429e-04 7.1451722e-03 1.9252388e-02
5.8608609e+00 6.8643699e-04 7.4981161e-03 1.9792537e-02
5.8708709e+00 7.7029125e-04 7.8581013e-03 2.0293027e-02
5.8808809e+00 8.6339050e-04 8.1928078e-03 2.0891645e-02
5.8908909e+00 9.6827703e-04 8.5136615e-03 2.1459198e-02
5.9009009e+00 1.0823941e-03 8.8181967e-03 2.1987323e-02
5.9109109e+00 1.2057638e-03 9.0995524e-03 2.2578922e-02
5.9209209e+00 1.3390012e-03 9.3408788e-03 2.3165053e-02
5.9309309e+00 1.4892984e-03 9.6494077e-03 2.3805067e-02
5.9409409e+00 1.6515352e-03 1.0011420e-02 2.4347293e-02
5.9509510e+00 1.8230841e-03 1.0388690e-02 2.4916674e-02
5.9609610e+00 2.0122586e-03 1.0796530e-02 2.5500755e-02
5.9709710e+00 2.2105798e-03 1.1189676e-02 2.6061569e-02
5.9809810e+00 2.4215254e-03 1.1633534e-02 2.6654817e-02
5.9909910e+00 2.6521481e-03 1.2090240e-02 2.7201965e-02
6.0010010e+00 2.8742045e-03 1.2512558e-02 2.7721897e-02
6.0110110e+00 3.1432063e-03 1.2960997e-02 2.8270636e-02
6.0210210e+00 3.4051864e-03 1.3453377e-02 2.8842514e-02
6.0310310e+00 3.6889874e-03 1.3946166e-02 2.9438920e-02
6.0410410e+00 3.9870181e-03 1.4408176e-02 3.0060786e-02
6.0510511e+00 4.2995904e-03 1.4933487e-02 3.0673837e-02
6.0610611e+00 4.6376716e-03 1.5389174e-02 3.1257095e-02
6.0710711e+00 4.9701183e-03 1.5877617e-02 3.1872055e-02
6.0810811e+00 5.3028290e-03 1.6368896e-02 3.2497013e-02
6.0910911e+00 5.6505015e-03 1.6882130e-02 3.3154867e-02
6.1011011e+00 6.0063883e-03 1.7379840e-02 3.3834387e-02
6.1111111e+00 6.3612928e-03 1.7831277e-02 3.4462554e-02
6.1211211e+00 6.7138023e-03 1.8315428e-02 3.5159404e-02
6.1311311e+00 7.0811125e-03 1.8802197e-02 3.5795535e-02
6.1411411e+00 7.4667805e-03 1.9303797e-02 3.6444197e-02
6.1511512e+00 7.8383457e-03 1.9849892e-02 3.7046421e-02
6.1611612e+00 8.1802527e-03 2.0376806e-02 3.7715636e-02
6.1711712e+00 8.5469713e-03 2.0914313e-02 3.8398855e-02
6.1811812e+00 8.9256945e-03 2.1421307e-02 3.9074314e-02
6.1911912e+00 9.2930914e-03 2.1966950e-02 3.9801065e-02
6.2012012e+00 9.6619731e-03 2.2553715e-02 4.0542617e-02
6.2112112e+00 1.0059550e-02 2.3113140e-02 4.1283043e-02
6.2212212e+00 1.0448800e-02 2.3713358e-02 4.2086172e-02
6.2312312e+00 1.0864736e-02 2.4321374e-02 4.2851314e-02
6.2412412e+00 1.1340020e-02 2.4955227e-02 4.3609229e-02
6.2512513e+00 1.1777800e-02 2.5608175e-02 4.4345507e-02
6.2612613e+00 1.2248849e-02 2.6270944e-02 4.5201801e-02
6.2712713e+00 1.2711779e-02 2.6941300e-02 4.6018582e-02
6.2812813e+00 1.3215495e-02 2.7606806e-02 4.6813500e-02
6.2912913e+00 1.3695546e-02 2.8306892e-02 4.7644602e-02
6.3013013e+00 1.4203236e-02 2.9009082e-02 4.8478451e-02
6.3113113e+00 1.4778443e-02 2.9713149e-02 4.9428263e-02
6.3213213e+00 1.5295076e-02 3.0361532e-02 5.0350626e-02
6.3313313e+00 1.5863965e-02 3.1126717e-02 5.1282995e-02
6.3413413e+00 1.6437485e-02 3.1850595e-02 5.2166041e-02
6.3513514e+00 1.7040561e-02 3.2662719e-02 5.3105244e-02
6.3613614e+00 1.7655752e-02 3.3449043e-02 5.4085847e-02
6.3713714e+00 1.8302549e-02 3.4317732e-02 5.4964397e-02
6.3813814e+00 1.8929292e-02 3.5152493e-02 5.5937522e-02
6.3913914e+00 1.9588679e-02 3.6044753e-02 5.6918922e-02
6.4014014e+00 2.0246913e-02 3.6937208e-02 5.7996050e-02
6.4114114e+00 2.0885819e-02 3.7823931e-02 5.9081628e-02
6.4214214e+00 2.1553824e-02 3.8643441e-02 6.0203256e-02
6.4314314e+00 2.2253377e-02 3.9546076e-02 6.1301555e-02
6.4414414e+00 2.2918027e-02 4.0509995e-02 6.2416371e-02
6.4514515e+00 2.3643574e-02 4.1482672e-02 6.3564331e-02
6.4614615e+00 2.4381757e-02 4.2430814e-02 6.4682891e-02
6.4714715e+00 2.5184044e-02 4.3457228e-02 6.5846905e-02
6.4814815e+00 2.5927718e-02 4.4426715e-02 6.7036302e-02
6.4914915e+00 2.6727627e-02 4.5426453e-02 6.8270014e-02
6.5015015e+00 2.7531431e-02 4.6453390e-02 6.9556056e-02
6.5115115e+00 2.8302918e-02 4.7485189e-02 7.0883304e-02
6.5215215e+00 2.9130845e-02 4.8551995e-02 7.2165260e-02
6.5315315e+00 2.9963130e-02 4.9649309e-02 7.3438305e-02
6.5415415e+00 3.0829112e-02 5.0732057e-02 7.4800534e-02
6.5515516e+00 3.1717910e-02 5.1752391e-02 7.6226827e-02
6.5615616e+00 3.2518901e-02 5.2836931e-02 7.7568405e-02
6.5715716e+00 3.3349886e-02 5.3882433e-02 7.8852023e-02
6.5815816e+00 3.4206949e-02 5.4935628e-02 8.0214877e-02
6.5915916e+00 3.5111426e-02 5.6076038e-02 8.1644090e-02
6.6016016e+00 3.5998272e-02 5.7199104e-02 8.2959352e-02
6.6116116e+00 3.6981573e-02 5.8290138e-02 8.4347381e-02
6.6216216e+00 3.7936650e-02 5.9461729e-02 8.5671362e-02
6.6316316e+00 3.8857747e-02 6.0627271e-02 8.6968468e-02
6.6416416e+00 3.9776717e-02 6.1768118e-02 8.8258345e-02
6.6516517e+00 4.0748395e-02 6.2904386e-02 8.9640117e-02
6.6616617e+00 4.1661793e-02 6.4103983e-02 9.0969268e-02
6.6716717e+00 4.2621489e-02 6.5287391e-02 9.2307843e-02
6.6816817e+00 4.3516787e-02 6.6386500e-02 9.3435659e-02
6.6916917e+00 4.4496994e-02 6.7525136e-02 9.4748219e-02
6.7017017e+00 4.5446137e-02 6.8608628e-02 9.6082560e-02
6.7117117e+00 4.6400911e-02 6.9713046e-02 9.7414435e-02
6.7217217e+00 4.7295808e-02 7.0889744e-02 9.8750521e-02
6.7317317e+00 4.8243216e-02 7.2004164e-02 9.9975452e-02
6.7417417e+00 4.9146608e-02 7.3159397e-02 1.0129925e-01
6.7517518e+00 5.0095090e-02 7.4219496e-02 1.0259416e-01
6.7617618e+00 5.0946866e-02 7.5333731e-02 1.0379214e-01
6.7717718e+00 5.1906770e-02 7.6357529e-02 1.0499333e-01
6.7817818e+00 5.2743431e-02 7.7422981e-02 1.0622461e-01
6.7917918e+00 5.3697260e-02 7.8520428e-02 1.0742414e-01
6.8018018e+00 5.4589286e-02 7.9509354e-02 1.0855835e-01
6.8118118e+00 5.5529795e-02 8.0529179e-02 1.0974035e-01
6.8218218e+00 5.6420633e-02 8.1542094e-02 1.1098551e-01
6.8318318e+00 5.7192392e-02 8.2505508e-02 1.1211520e-01
6.8418418e+00 5.8044202e-02 8.3541294e-02 1.1323958e-01
6.8518519e+00 5.8842853e-02 8.4526794e-02 1.1420109e-01
6.8618619e+00 5.9692754e-02 8.5477360e-02 1.1522754e-01
6.8718719e+00 6.0475220e-02 8.6451309e-02 1.1621396e-01
6.8818819e+00 6.1237766e-02 8.7317201e-02 1.1731008e-01
6.8918919e+00 6.2014866e-02 8.8199103e-02 1.1824589e-01
6.9019019e+00 6.2839533e-02 8.9103012e-02 1.1926849e-01
6.9119119e+00 6.3655287e-02 8.9988234e-02 1.2040823e-01
6.9219219e+00 6.4390279e-02 9.0767479e-02 1.2128599e-01
6.9319319e+00 6.5106752e-02 9.1662346e-02 1.2222555e-01
6.9419419e+00 6.5863793e-02 9.2459416e-02 1.2311074e-01
6.9519520e+00 6.6583498e-02 9.3283427e-02 1.2401916e-01
6.9619620e+00 6.7286660e-02 9.4086210e-02 1.2489147e-01
6.9719720e+00 6.7978572e-02 9.4872035e-02 1.2590703e-01
6.9819820e+00 6.8695807e-02 9.5638655e-02 1.2684166e-01
6.9919920e+00 6.9398756e-02 9.6381137e-02 1.2771343e-01
7.0020020e+00 7.0134438e-02 9.7192144e-02 1.2845666e-01
7.0120120e+00 7.0833164e-02 9.8060325e-02 1.2942646e-01
7.0220220e+00 7.1541729e-02 9.8800583e-02 1.3021926e-01
7.0320320e+00 7.2105946e-02 9.9590764e-02 1.3126115e-01
7.0420420e+00 7.2758514e-02 1.0032243e-01 1.3206279e-01
7.0520521e+00 7.3370329e-02 1.0097693e-01 1.3287844e-01
7.0620621e+00 7.4058892e-02 1.0173454e-01 1.3367042e-01
7.0720721e+00 7.4676055e-02 1.0241887e-01 1.3447756e-01
7.0820821e+00 7.5334919e-02 1.0310294e-01 1.3547062e-01
7.0920921e+00 7.5871788e-02 1.0375799e-01 1.3626625e-01
7.1021021e+00 7.6497139e-02 1.0447754e-01 1.3715506e-01
7.1121121e+00 7.7091759e-02 1.0520485e-01 1.3806510e-01
7.1221221e+00 7.7750288e-02 1.0593679e-01 1.3889852e-01
7.1321321e+00 7.8431494e-02 1.0662835e-01 1.3973829e-01
7.1421421e+00 7.9078000e-02 1.0729662e-01 1.4059521e-01
7.1521522e+00 7.9725878e-02 1.0800526e-01 1.4147876e-01
7.1621622e+00 8.0367579e-02 1.0883473e-01 1.4226095e-01
7.1721722e+00 8.0929330e-02 1.0955467e-01 1.4311398e-01
7.1821822e+00 8.1471478e-02 1.1028394e-01 1.4400879e-01
7.1921922e+00 8.2145706e-02 1.1105700e-01 1.4490277e-01
7.2022022e+00 8.2788067e-02 1.1170444e-01 1.4585035e-01
7.2122122e+00 8.3445502e-02 1.1250709e-01 1.4660429e-01
7.2222222e+00 8.4061173e-02 1.1324177e-01 1.4745120e-01
7.2322322e+00 8.4655628e-02 1.1403860e-01 1.4816399e-01
7.2422422e+00 8.5366696e-02 1.1475909e-01 1.4886718e-01
7.2522523e+00 8.5980649e-02 1.1554281e-01 1.4976459e-01
7.2622623e+00 8.6639897e-02 1.1634319e-01 1.5057465e-01
7.2722723e+00 8.7232680e-02 1.1714389e-01 1.5136620e-01
7.2822823e+00 8.7910405e-02 1.1783539e-01 1.5219233e-01
7.2922923e+00 8.8565060e-02 1.1864726e-01 1.5307674e-01
7.3023023e+00 8.9266799e-02 1.1940731e-01 1.5377690e-01
7.3123123e+00 8.9933046e-02 1.2026604e-01 1.5474505e-01
7.3223223e+00 9.0634792e-02 1.2106468e-01 1.5562016e-01
7.3323323e+00 9.1264724e-02 1.2190818e-01 1.5642886e-01
7.3423423e+00 9.2112062e-02 1.2279872e-01 1.5724649e-01
7.3523524e+00 9.2865900e-02 1.2360077e-01 1.5813784e-01
7.3623624e+00 9.3544644e-02 1.2446425e-01 1.5906405e-01
7.3723724e+00 9.4346093e-02 1.2532661e-01 1.5994229e-01
7.3823824e+00 9.5101653e-02 1.2611633e-01 1.6104623e-01
7.3923924e+00 9.5775235e-02 1.2689479e-01 1.6192371e-01
7.4024024e+00 9.6686495e-02 1.2773638e-01 1.6282198e-01
7.4124124e+00 9.7420558e-02 1.2859085e-01 1.6382835e-01
7.4224224e+00 9.8202974e-02 1.2948624e-01 1.6484015e-01
7.4324324e+00 9.9114629e-02 1.3047348e-01 1.6591318e-01
7.4424424e+00 9.9870792e-02 1.3133040e-01 1.6681287e-01
7.4524525e+00 1.0072344e-01 1.3232908e-01 1.6781444e-01
7.4624625e+00 1.0157723e-01 1.3325400e-01 1.6885271e-01
7.4724725e+00 1.0245066e-01 1.3430528e-01 1.6998913e-01
7.4824825e+00 1.0352233e-01 1.3531413e-01 1.7110862e-01
7.4924925e+00 1.0458819e-01 1.3627291e-01 1.7222789e-01
7.5025025e+00 1.0562735e-01 1.3729326e-01 1.7331787e-01
7.5125125e+00 1.0669792e-01 1.3832210e-01 1.7457703e-01
7.5225225e+00 1.0781078e-01 1.3950842e-01 1.7568172e-01
7.5325325e+00 1.0884692e-01 1.4079196e-01 1.7695783e-01
7.5425425e+00 1.0999706e-01 1.4194957e-01 1.7825697e-01
7.5525526e+00 1.1120000e-01 1.4318355e-01 1.7968414e-01
7.5625626e+00 1.1241874e-01 1.4447842e-01 1.8112738e-01
7.5725726e+00 1.1377508e-01 1.4579294e-01 1.8253975e-01
7.5825826e+00 1.1501366e-01 1.4716305e-01 1.8409355e-01
7.5925926e+00 1.1630097e-01 1.4856299e-01 1.8571086e-01
7.6026026e+00 1.1765019e-01 1.5007895e-01 1.8727856e-01
7.6126126e+00 1.1900292e-01 1.5156437e-01 1.8886372e-01
7.6226226e+00 1.2048665e-01 1.5308781e-01 1.9046947e-01
7.6326326e+00 1.2194518e-01 1.5469867e-01 1.9219230e-01
7.6426426e+00 1.2347942e-01 1.5637408e-01 1.9400880e-01
7.6526527e+00 1.2503010e-01 1.5813119e-01 1.9582259e-01
7.6626627e+00 1.2678663e-01 1.5995413e-01 1.9774690e-01
7.6726727e+00 1.2827012e-01 1.6180432e-01 1.9962056e-01
7.6826827e+00 1.3006353e-01 1.6365170e-01 2.0163096e-01
7.6926927e+00 1.3185358e-01 1.6544375e-01 2.0362084e-01
7.7027027e+00 1.3371802e-01 1.6740599e-01 2.0568871e-01
7.7127127e+00 1.3557797e-01 1.6931141e-01 2.0790388e-01
7.7227227e+00 1.3738029e-01 1.7134887e-01 2.1023397e-01
7.7327327e+00 1.3931137e-01 1.7342230e-01 2.1253694e-01
7.7427427e+00 1.4132396e-01 1.7562590e-01 2.1475740e-01
7.7527528e+00 1.4330107e-01 1.7796052e-01 2.1711952e-01
7.7627628e+00 1.4536697e-01 1.8024319e-01 2.1962031e-01
7.7727728e+00 1.4751395e-01 1.8252145e-01 2.2195806e-01
7.7827828e+00 1.4963256e-01 1.8489314e-01 2.2441910e-01
7.7927928e+00 1.5180327e-01 1.8726542e-01 2.2682916e-01
7.8028028e+00 1.5405909e-01 1.8956748e-01 2.2939313e-01
7.8128128e+00 1.5632051e-01 1.9209400e-01 2.3202927e-01
7.8228228e+00 1.5861915e-01 1.9458677e-01 2.3479385e-01
7.8328328e+00 1.6088599e-01 1.9722371e-01 2.3762471e-01
7.8428428e+00 1.6327909e-01 1.9985611e-01 2.4034745e-01
7.8528529e+00 1.6554253e-01 2.0245719e-01 2.4324076e-01
7.8628629e+00 1.6790908e-01 2.0520885e-01 2.4608375e-01
7.8728729e+00 1.7044596e-01 2.0786978e-01 2.4900123e-01
7.8828829e+00 1.7282336e-01 2.1064807e-01 2.5195733e-01
7.8928929e+00 1.7528010e-01 2.1343876e-01 2.5511041e-01
7.9029029e+00 1.7789684e-01 2.1623242e-01 2.5822078e-01
7.9129129e+00 1.8039858e-01 2.1910826e-01 2.6129648e-01
7.9229229e+00 1.8307486e-01 2.2201128e-01 2.6449009e-01
7.9329329e+00 1.8561908e-01 2.2483817e-01 2.6741117e-01
7.9429429e+00 1.8824036e-01 2.2777384e-01 2.7064958e-01
7.9529530e+00 1.9087182e-01 2.3060250e-01 2.7385634e-01
7.9629630e+00 1.9360150e-01 2.3344446e-01 2.7713482e-01
7.9729730e+00 1.9630281e-01 2.3633631e-01 2.8031180e-01
7.9829830e+00 1.9910988e-01 2.3936722e-01 2.8341993e-01
7.9929930e+00 2.0183600e-01 2.4233394e-01 2.8635996e-01
8.0030030e+00 2.0449111e-01 2.4521154e-01 2.8940152e-01
8.0130130e+00 2.0722048e-01 2.4816041e-01 2.9285776e-01
8.0230230e+00 2.0992627e-01 2.5115549e-01 2.9612437e-01
8.0330330e+00 2.1255572e-01 2.5406982e-01 2.9916674e-01
8.0430430e+00 2.1528175e-01 2.5715704e-01 3.0254601e-01
8.0530531e+00 2.1798850e-01 2.6008635e-01 3.0582772e-01
8.0630631e+00 2.2061090e-01 2.6299745e-01 3.0916700e-01
8.0730731e+00 2.2334333e-01 2.6586781e-01 3.1213582e-01
8.0830831e+00 2.2597699e-01 2.6867297e-01 3.1522749e-01
8.0930931e+00 2.2862527e-01 2.7156613e-01 3.1819437e-01
8.1031031e+00 2.3139853e-01 2.7439035e-01 3.2112893e-01
8.1131131e+00 2.3388512e-01 2.7731210e-01 3.2405013e-01
8.1231231e+00 2.3638039e-01 2.8016674e-01 3.2703106e-01
8.1331331e+00 2.3902863e-01 2.8291143e-01 3.2994729e-01
8.1431431e+00 2.4153061e-01 2.8550719e-01 3.3292354e-01
8.1531532e+00 2.4395131e-01 2.8826993e-01 3.3589202e-01
8.1631632e+00 2.4645157e-01 2.9101980e-01 3.3861404e-01
8.1731732e+00 2.4883271e-01 2.9356278e-01 3.4131763e-01
8.1831832e+00 2.5121266e-01 2.9608182e-01 3.4401575e-01
8.1931932e+00 2.5363495e-01 2.9852897e-01 3.4673282e-01
8.2032032e+00 2.5608521e-01 3.0106565e-01 3.4935412e-01
8.2132132e+00 2.5851834e-01 3.0357821e-01 3.5212709e-01
8.2232232e+00 2.6085510e-01 3.0599960e-01 3.5475817e-01
8.2332332e+00 2.6306019e-01 3.0848602e-01 3.5742230e-01
8.2432432e+00 2.6543076e-01 3.1083061e-01 3.5988688e-01
8.2532533e+00 2.6771760e-01 3.1320052e-01 3.6238484e-01
8.2632633e+00 2.6998763e-01 3.1568714e-01 3.6473786e-01
8.2732733e+00 2.7235795e-01 3.1810251e-01 3.6694042e-01
8.2832833e+00 2.7460992e-01 3.2048739e-01 3.6948479e-01
8.2932933e+00 2.7683973e-01 3.2294824e-01 3.7175750e-01
8.3033033e+00 2.7923672e-01 3.2535702e-01 3.7410863e-01
8.3133133e+00 2.8154415e-01 3.2769956e-01 3.7658849e-01
8.3233233e+00 2.8382125e-01 3.3026203e-01 3.7904737e-01
8.3333333e+00 2.8621260e-01 3.3260574e-01 3.8152074e-01
8.3433433e+00 2.8862341e-01 3.3501169e-01 3.8399998e-01
8.3533534e+00 2.9094087e-01 3.3740290e-01 3.8652660e-01
8.3633634e+00 2.9335564e-01 3.4000066e-01 3.8916351e-01
8.3733734e+00 2.9587330e-01 3.4257176e-01 3.9187061e-01
8.3833834e+00 2.9838801e-01 3.4517234e-01 3.9460253e-01
8.3933934e+00 3.0097085e-01 3.4790361e-01 3.9751076e-01
8.4034034e+00 3.0369325e-01 3.5056897e-01 4.0037022e-01
8.4134134e+00 3.0645270e-01 3.5340483e-01 4.0351535e-01
8.4234234e+00 3.0928153e-01 3.5650173e-01 4.0657295e-01
8.4334334e+00 3.1220374e-01 3.5966525e-01 4.0973598e-01
8.4434434e+00 3.1530259e-01 3.6284222e-01 4.1294815e-01
8.4534535e+00 3.1861141e-01 3.6620977e-01 4.1636516e-01
8.4634635e+00 3.2201346e-01 3.6954919e-01 4.1989240e-01
8.4734735e+00 3.2548239e-01 3.7310369e-01 4.2371687e-01
8.4834835e+00 3.2895866e-01 3.7674044e-01 4.2737679e-01
8.4934935e+00 3.3269737e-01 3.8066108e-01 4.3143070e-01
8.5035035e+00 3.3658612e-01 3.8458385e-01 4.3563680e-01
8.5135135e+00 3.4060706e-01 3.8866727e-01 4.3989403e-01
8.5235235e+00 3.4473584e-01 3.9290311e-01 4.4454298e-01
8.5335335e+00 3.4920628e-01 3.9747848e-01 4.4918515e-01
8.5435435e+00 3.5358232e-01 4.0217356e-01 4.5391882e-01
8.5535536e+00 3.5825395e-01 4.0710587e-01 4.5905868e-01
8.5635636e+00 3.6296274e-01 4.1203862e-01 4.6433738e-01
8.5735736e+00 3.6797125e-01 4.1728703e-01 4.6997565e-01
8.5835836e+00 3.7311591e-01 4.2287050e-01 4.7553337e-01
8.5935936e+00 3.7835989e-01 4.2855598e-01 4.8147485e-01
8.6036036e+00 3.8379231e-01 4.3430456e-01 4.8747877e-01
8.6136136e+00 3.8947542e-01 4.4030481e-01 4.9367273e-01
8.6236236e+00 3.9543333e-01 4.4643253e-01 4.9986851e-01
8.6336336e+00 4.0124960e-01 4.5285555e-01 5.0655814e-01
8.6436436e+00 4.0748899e-01 4.5940706e-01 5.1357535e-01
8.6536537e+00 4.1379892e-01 4.6612566e-01 5.2079379e-01
8.6636637e+00 4.2039058e-01 4.7329498e-01 5.2828988e-01
8.6736737e+00 4.2707044e-01 4.8041831e-01 5.3589104e-01
8.6836837e+00 4.3405782e-01 4.8764763e-01 5.4353652e-01
8.6936937e+00 4.4105698e-01 4.9508022e-01 5.5136802e-01
8.7037037e+00 4.4840295e-01 5.0275170e-01 5.5930594e-01
8.7137137e+00 4.5578470e-01 5.1041741e-01 5.6731680e-01
8.7237237e+00 4.6323129e-01 5.1845841e-01 5.7548110e-01
8.7337337e+00 4.7093499e-01 5.2654908e-01 5.8403633e-01
8.7437437e+00 4.7894878e-01 5.3469670e-01 5.9254871e-01
8.7537538e+00 4.8687415e-01 5.4297133e-01 6.0133968e-01
8.7637638e+00 4.9498217e-01 5.5144625e-01 6.1019296e-01
8.7737738e+00 5.0327753e-01 5.6001918e-01 6.1922607e-01
8.7837838e+00 5.1146967e-01 5.6882521e-01 6.2856982e-01
8.7937938e+00 5.1991594e-01 5.7758148e-01 6.3794531e-01
8.8038038e+00 5.2819010e-01 5.8649079e-01 6.4725791e-01
8.8138138e+00 5.3669856e-01 5.9547155e-01 6.5686081e-01
8.8238238e+00 5.4527613e-01 6.0440339e-01 6.6607062e-01
8.8338338e+00 5.5386196e-01 6.1350701e-01 6.7559120e-01
8.8438438e+00 5.6246738e-01 6.2251502e-01 6.8507575e-01
8.8538539e+00 5.7108579e-01 6.3158212e-01 6.9458207e-01
8.8638639e+00 5.7988623e-01 6.4070453e-01 7.0393096e-01
8.8738739e+00 5.8880230e-01 6.4969843e-01 7.1309019e-01
8.8838839e+00 5.9737682e-01 6.5861279e-01 7.2261343e-01
8.8938939e+00 6.0596888e-01 6.6757636e-01 7.3229587e-01
8.9039039e+00 6.1473932e-01 6.7658476e-01 7.4169718e-01
8.9139139e+00 6.2311837e-01 6.8543984e-01 7.5114260e-01
8.9239239e+00 6.3141012e-01 6.9418021e-01 7.6022738e-01
8.9339339e+00 6.3939733e-01 7.0283453e-01 7.6953218e-01
8.9439439e+00 6.4770507e-01 7.1134853e-01 7.7864314e-01
8.9539540e+00 6.5579804e-01 7.1988413e-01 7.8739963e-01
8.9639640e+00 6.6380515e-01 7.2816655e-01 7.9583666e-01
8.9739740e+00 6.7167633e-01 7.3628224e-01 8.0432345e-01
8.9839840e+00 6.7918636e-01 7.4436796e-01 8.1257152e-01
8.9939940e+00 6.8640115e-01 7.5217613e-01 8.2069956e-01
9.0040040e+00 6.9364992e-01 7.5991544e-01 8.2844134e-01
9.0140140e+00 7.0066516e-01 7.6730240e-01 8.3588224e-01
9.0240240e+00 7.0758426e-01 7.7441609e-01 8.4329412e-01
9.0340340e+00 7.1423524e-01 7.8148160e-01 8.5069452e-01
9.0440440e+00 7.2049453e-01 7.8830573e-01 8.5782126e-01
9.0540541e+00 7.2642872e-01 7.9489367e-01 8.6438647e-01
9.0640641e+00 7.3256629e-01 8.0121411e-01 8.7086788e-01
9.0740741e+00 7.3853303e-01 8.0731734e-01 8.7705423e-01
9.0840841e+00 7.4447142e-01 8.1318727e-01 8.8336396e-01
9.0940941e+00 7.4982227e-01 8.1875857e-01 8.8912959e-01
9.1041041e+00 7.5482378e-01 8.2430571e-01 8.9464528e-01
9.1141141e+00 7.5982829e-01 8.2916358e-01 8.9973613e-01
9.1241241e+00 7.6441987e-01 8.3414064e-01 9.0459905e-01
9.1341341e+00 7.6884420e-01 8.3880803e-01 9.0929269e-01
9.1441441e+00 7.7325430e-01 8.4326327e-01 9.1400342e-01
9.1541542e+00 7.7767446e-01 8.4753021e-01 9.1837788e-01
9.1641642e+00 7.8174427e-01 8.5171310e-01 9.2224695e-01
9.1741742e+00 7.8541792e-01 8.5544143e-01 9.2609611e-01
9.1841842e+00 7.8887214e-01 8.5920259e-01 9.2957336e-01
9.1941942e+00 7.9203657e-01 8.6248514e-01 9.3300862e-01
9.2042042e+00 7.9539646e-01 8.6558915e-01 9.3614467e-01
9.2142142e+00 7.9871881e-01 8.6854023e-01 9.3888424e-01
9.2242242e+00 8.0173008e-01 8.7139367e-01 9.4178702e-01
9.2342342e+00 8.0448435e-01 8.7403305e-01 9.4422369e-01
9.2442442e+00 8.0679822e-01 8.7662399e-01 9.4656446e-01
9.2542543e+00 8.0962870e-01 8.7907407e-01 9.4924379e-01
9.2642643e+00 8.1215802e-01 8.8158517e-01 9.5148913e-01
9.2742743e+00 8.1470061e-01 8.8394097e-01 9.5394157e-01
9.2842843e+00 8.1697302e-01 8.8607290e-01 9.5641273e-01
9.2942943e+00 8.1953717e-01 8.8824282e-01 9.5877860e-01
9.3043043e+00 8.2205972e-01 8.9057682e-01 9.6107321e-01
9.3143143e+00 8.2413884e-01 8.9298008e-01 9.6304580e-01
9.3243243e+00 8.2649942e-01 8.9523458e-01 9.6521421e-01
9.3343343e+00 8.2901897e-01 8.9729607e-01 9.6726996e-01
9.3443443e+00 8.3130289e-01 8.9930370e-01 9.6969691e-01
9.3543544e+00 8.3337934e-01 9.0174344e-01 9.7176605e-01
9.3643644e+00 8.3583147e-01 9.0424923e-01 9.7404679e-01
9.3743744e+00 8.3822720e-01 9.0667086e-01 9.7636315e-01
9.3843844e+00 8.4049318e-01 9.0910725e-01 9.7903729e-01
9.3943944e+00 8.4328283e-01 9.1193069e-01 9.8166468e-01
9.4044044e+00 8.4600873e-01 9.1462471e-01 9.8429477e-01
9.4144144e+00 8.4873241e-01 9.1729484e-01 9.8714196e-01
9.4244244e+00 8.5152780e-01 9.2006664e-01 9.9022290e-01
9.4344344e+00 8.5428915e-01 9.2316700e-01 9.9301038e-01
9.4444444e+00 8.5734380e-01 9.2610767e-01 9.9611306e-01
9.4544545e+00 8.6043107e-01 9.2922892e-01 9.9897965e-01
9.4644645e+00 8.6353658e-01 9.3225219e-01 1.0020870e+00
9.4744745e+00 8.6657273e-01 9.3557388e-01 1.0056764e+00
9.4844845e+00 8.6950500e-01 9.3873769e-01 1.0087500e+00
9.4944945e+00 8.7257758e-01 9.4201066e-01 1.0123061e+00
9.5045045e+00 8.7585528e-01 9.4530059e-01 1.0160267e+00
9.5145145e+00 8.7892414e-01 9.4865408e-01 1.0196381e+00
9.5245245e+00 8.8215622e-01 9.5194860e-01 1.0232611e+00
9.5345345e+00 8.8515966e-01 9.5537541e-01 1.0267798e+00
9.5445445e+00 8.8833913e-01 9.5874907e-01 1.0302933e+00
9.5545546e+00 8.9142015e-01 9.6213195e-01 1.0338651e+00
9.5645646e+00 8.9454372e-01 9.6537212e-01 1.0371654e+00
9.5745746e+00 8.9754815e-01 9.6836001e-01 1.0404356e+00
9.5845846e+00 9.0068081e-01 9.7156079e-01 1.0437496e+00
9.5945946e+00 9.0351956e-01 9.7466782e-01 1.0468612e+00
9.6046046e+00 9.0634053e-01 9.7763871e-01 1.0499017e+00
9.6146146e+00 9.0905634e-01 9.8031121e-01 1.0525860e+00
9.6246246e+00 9.1166109e-01 9.8295939e-01 1.0552621e+00
9.6346346e+00 9.1398144e-01 9.8533938e-01 1.0579723e+00
9.6446446e+00 9.1640304e-01 9.8771709e-01 1.0604183e+00
9.6546547e+00 9.1864837e-01 9.8991662e-01 1.0626375e+00
9.6646647e+00 9.2057452e-01 9.9199459e-01 1.0647742e+00
9.6746747e+00 9.2230460e-01 9.9353714e-01 1.0669432e+00
9.6846847e+00 9.2350841e-01 9.9515324e-01 1.0687376e+00
9.6946947e+00 9.2470609e-01 9.9650673e-01 1.0704685e+00
9.7047047e+00 9.2584378e-01 9.9756735e-01 1.0714845e+00
9.7147147e+00 9.2672648e-01 9.9853822e-01 1.0723834e+00
9.7247247e+00 9.2719616e-01 9.9929967e-01 1.0730128e+00
9.7347347e+00 9.2776874e-01 9.9980259e-01 1.0734498e+00
9.7447447e+00 9.2796003e-01 1.0000000e+00 1.0734118e+00
9.7547548e+00 9.2796567e-01 9.9967912e-01 1.0730213e+00
9.7647648e+00 9.2757574e-01 9.9955341e-01 1.0730466e+00
9.7747748e+00 9.2709315e-01 9.9912400e-01 1.0724420e+00
9.7847848e+00 9.2641318e-01 9.9851068e-01 1.0712975e+00
9.7947948e+00 9.2530861e-01 9.9771109e-01 1.0704297e+00
9.8048048e+00 9.2436725e-01 9.9647165e-01 1.0693564e+00
9.8148148e+00 9.2332693e-01 9.9489332e-01 1.0677838e+00
9.8248248e+00 9.2195224e-01 9.9331593e-01 1.0659079e+00
9.8348348e+00 9.2004337e-01 9.9152184e-01 1.0640036e+00
9.8448448e+00 9.1823253e-01 9.8963172e-01 1.0616723e+00
9.8548549e+00 9.1652093e-01 9.8739670e-01 1.0592839e+00
9.8648649e+00 9.1436316e-01 9.8529601e-01 1.0566219e+00
9.8748749e+00 9.1202226e-01 9.8265564e-01 1.0542476e+00
9.8848849e+00 9.0968092e-01 9.8020300e-01 1.0514846e+00
9.8948949e+00 9.0723806e-01 9.7749483e-01 1.0486199e+00
9.9049049e+00 9.0479794e-01 9.7481891e-01 1.0458095e+00
9.9149149e+00 9.0223018e-01 9.7193453e-01 1.0431888e+00
9.9249249e+00 8.9940620e-01 9.6918078e-01 1.0402307e+00
9.9349349e+00 8.9682826e-01 9.6619930e-01 1.0374891e+00
9.9449449e+00 8.9424197e-01 9.6349683e-01 1.0344042e+00
9.9549550e+00 8.9158578e-01 9.6059178e-01 1.0315125e+00
9.9649650e+00 8.8899760e-01 9.5770035e-01 1.0289163e+00
9.9749750e+00 8.8651187e-01 9.5478090e-01 1.0259898e+00
9.9849850e+00 8.8397582e-01 9.5197717e-01 1.0232138e+00
9.9949950e+00 8.8150135e-01 9.4923875e-01 1.0204939e+00
1.0005005e+01 8.7887219e-01 9.4669137e-01 1.0178594e+00
1.0015015e+01 8.7648143e-01 9.4445709e-01 1.0152522e+00
1.0025025e+01 8.7418383e-01 9.4200978e-01 1.0126776e+00
1.0035035e+01 8.7209975e-01 9.3967803e-01 1.0103917e+00
1.0045045e+01 8.6967868e-01 9.3755672e-01 1.0079384e+00
1.0055055e+01 8.6779005e-01 9.3573160e-01 1.0059139e+00
1.0065065e+01 8.6582382e-01 9.3383550e-01 1.0036937e+00
1.0075075e+01 8.6402629e-01 9.3187264e-01 1.0016810e+00
1.0085085e+01 8.6264188e-01 9.3037571e-01 9.9995079e-01
1.0095095e+01 8.6111538e-01 9.2899520e-01 9.9878415e-01
1.0105105e+01 8.5968559e-01 9.2787451e-01 9.9746949e-01
1.0115115e+01 8.5843636e-01 9.2669171e-01 9.9641259e-01
1.0125125e+01 8.5718372e-01 9.2556188e-01 9.9549638e-01
1.0135135e+01 8.5630430e-01 9.2443176e-01 9.9465764e-01
1.0145145e+01 8.5553350e-01 9.2353282e-01 9.9377307e-01
1.0155155e+01 8.5460688e-01 9.2289647e-01 9.9300081e-01
1.0165165e+01 8.5384752e-01 9.2220360e-01 9.9243528e-01
1.0175175e+01 8.5337216e-01 9.2166129e-01 9.9194098e-01
1.0185185e+01 8.5304047e-01 9.2113724e-01 9.9193217e-01
1.0195195e+01 8.5269495e-01 9.2063192e-01 9.9162610e-01
1.0205205e+01 8.5246843e-01 9.2036683e-01 9.9149314e-01
1.0215215e+01 8.5204492e-01 9.2006934e-01 9.9140313e-01
1.0225225e+01 8.5182806e-01 9.1999185e-01 9.9126094e-01
1.0235235e+01 8.5182818e-01 9.1993690e-01 9.9116417e-01
1.0245245e+01 8.5149509e-01 9.1980720e-01 9.9079885e-01
1.0255255e+01 8.5128486e-01 9.1962938e-01 9.9072057e-01
1.0265265e+01 8.5111353e-01 9.1946960e-01 9.9053985e-01
1.0275275e+01 8.5080756e-01 9.1929859e-01 9.9030933e-01
1.0285285e+01 8.5061513e-01 9.1909647e-01 9.9018329e-01
1.0295295e+01 8.5005410e-01 9.1881613e-01 9.8978999e-01
1.0305305e+01 8.4967029e-01 9.1851343e-01 9.8943350e-01
1.0315315e+01 8.4925226e-01 9.1791558e-01 9.8894957e-01
1.0325325e+01 8.4863790e-01 9.1751435e-01 9.8821686e-01
1.0335335e+01 8.4783516e-01 9.1686376e-01 9.8767800e-01
1.0345345e+01 8.4696404e-01 9.1602745e-01 9.8652723e-01
1.0355355e+01 8.4605897e-01 9.1514168e-01 9.8556392e-01
1.0365365e+01 8.4519791e-01 9.1395541e-01 9.8464899e-01
1.0375375e+01 8.4381420e-01 9.1279159e-01 9.8350429e-01
1.0385385e+01 8.4227127e-01 9.1130766e-01 9.8204147e-01
1.0395395e+01 8.4066411e-01 9.0962781e-01 9.8024988e-01
1.0405405e+01 8.3875131e-01 9.0788081e-01 9.7873918e-01
1.0415415e+01 8.3661480e-01 9.0594087e-01 9.7668464e-01
1.0425425e+01 8.3435361e-01 9.0375239e-01 9.7441574e-01
1.0435435e+01 8.3210338e-01 9.0118262e-01 9.7191688e-01
1.0445445e+01 8.2907151e-01 8.9820371e-01 9.6908252e-01
1.0455455e+01 8.2628596e-01 8.9505073e-01 9.6604060e-01
1.0465465e+01 8.2317938e-01 8.9175098e-01 9.6270646e-01
1.0475475e+01 8.1956885e-01 8.8828855e-01 9.5930590e-01
1.0485485e+01 8.1584242e-01 8.8458569e-01 9.5536586e-01
1.0495495e+01 8.1192875e-01 8.8036468e-01 9.5116127e-01
1.0505506e+01 8.0747777e-01 8.7594414e-01 9.4661380e-01
1.0515516e+01 8.0282530e-01 8.7144610e-01 9.4187084e-01
1.0525526e+01 7.9820160e-01 8.6653136e-01 9.3680334e-01
1.0535536e+01 7.9298109e-01 8.6132972e-01 9.3122308e-01
1.0545546e+01 7.8758213e-01 8.5593648e-01 9.2552822e-01
1.0555556e+01 7.8178303e-01 8.4995253e-01 9.1980300e-01
1.0565566e+01 7.7575937e-01 8.4372293e-01 9.1346595e-01
1.0575576e+01 7.6951407e-01 8.3728728e-01 9.0690630e-01
1.0585586e+01 7.6294619e-01 8.3057146e-01 8.9980505e-01
1.0595596e+01 7.5616629e-01 8.2340902e-01 8.9260751e-01
1.0605606e+01 7.4882336e-01 8.1608080e-01 8.8502849e-01
1.0615616e+01 7.4144473e-01 8.0861145e-01 8.7710972e-01
1.0625626e+01 7.3382766e-01 8.0067916e-01 8.6871790e-01
1.0635636e+01 7.2581538e-01 7.9244713e-01 8.6035073e-01
1.0645646e+01 7.1768398e-01 7.8400937e-01 8.5164310e-01
1.0655656e+01 7.0922353e-01 7.7521456e-01 8.4260135e-01
1.0665666e+01 7.0053511e-01 7.6621450e-01 8.3353491e-01
1.0675676e+01 6.9169690e-01 7.5683438e-01 8.2432572e-01
1.0685686e+01 6.8268459e-01 7.4723224e-01 8.1454084e-01
1.0695696e+01 6.7336383e-01 7.3731788e-01 8.0463383e-01
1.0705706e+01 6.6375932e-01 7.2722316e-01 7.9400242e-01
1.0715716e+01 6.5374649e-01 7.1688434e-01 7.8307767e-01
1.0725726e+01 6.4390951e-01 7.0620434e-01 7.7242696e-01
1.0735736e+01 6.3363202e-01 6.9550726e-01 7.6139297e-01
1.0745746e+01 6.2303281e-01 6.8450854e-01 7.5014089e-01
1.0755756e+01 6.1228275e-01 6.7334266e-01 7.3853076e-01
1.0765766e+01 6.0135907e-01 6.6216608e-01 7.2684174e-01
1.0775776e+01 5.9023568e-01 6.5062915e-01 7.1493424e-01
1.0785786e+01 5.7908166e-01 6.3894766e-01 7.0285656e-01
1.0795796e+01 5.6773464e-01 6.2728584e-01 6.9046159e-01
1.0805806e+01 5.5649968e-01 6.1536935e-01 6.7800407e-01
1.0815816e+01 5.4504909e-01 6.0336784e-01 6.6550332e-01
1.0825826e+01 5.3353041e-01 5.9137540e-01 6.5295295e-01
1.0835836e+01 5.2173794e-01 5.7922266e-01 6.4025998e-01
1.0845846e+01 5.1011290e-01 5.6698104e-01 6.2718090e-01
1.0855856e+01 4.9833611e-01 5.5451066e-01 6.1426055e-01
1.0865866e+01 4.8637224e-01 5.4205577e-01 6.0143859e-01
1.0875876e+01 4.7457567e-01 5.2973864e-01 5.8814903e-01
1.0885886e+01 4.6269194e-01 5.1740406e-01 5.7503924e-01
1.0895896e+01 4.5086185e-01 5.0508841e-01 5.6171407e-01
1.0905906e+01 4.3901687e-01 4.9258032e-01 5.4860647e-01
1.0915916e+01 4.2731361e-01 4.8022120e-01 5.3544148e-01
1.0925926e+01 4.1568649e-01 4.6788399e-01 5.2231042e-01
1.0935936e+01 4.0393996e-01 4.5549857e-01 5.0920433e-01
1.0945946e+01 3.9249618e-01 4.4326896e-01 4.9613583e-01
1.0955956e+01 3.8090320e-01 4.3105647e-01 4.8285544e-01
1.0965966e+01 3.6959079e-01 4.1891618e-01 4.6980293e-01
1.0975976e+01 3.5847086e-01 4.0693476e-01 4.5699665e-01
1.0985986e+01 3.4723933e-01 3.9486813e-01 4.4418727e-01
1.0995996e+01 3.3604023e-01 3.8308758e-01 4.3173528e-01
1.1006006e+01 3.2527277e-01 3.7144853e-01 4.1923487e-01
1.1016016e+01 3.1459656e-01 3.5994157e-01 4.0701491e-01
1.1026026e+01 3.0400502e-01 3.4848655e-01 3.9500656e-01
1.1036036e+01 2.9352187e-01 3.3738986e-01 3.8301071e-01
1.1046046e+01 2.8325167e-01 3.2633593e-01 3.7114684e-01
1.1056056e+01 2.7312047e-01 3.1537361e-01 3.5957783e-01
1.1066066e+01 2.6328062e-01 3.0448390e-01 3.4816431e-01
1.1076076e+01 2.5352009e-01 2.9399578e-01 3.3674560e-01
1.1086086e+01 2.4386035e-01 2.8360926e-01 3.2561671e-01
1.1096096e+01 2.3448491e-01 2.7347153e-01 3.1480369e-01
1.1106106e+01 2.2529998e-01 2.6348255e-01 3.0420272e-01
1.1116116e+01 2.1634416e-01 2.5364997e-01 2.9353847e-01
1.1126126e+01 2.0758921e-01 2.4406543e-01 2.8332037e-01
1.1136136e+01 1.9904853e-01 2.3468615e-01 2.7314018e-01
1.1146146e+01 1.9056368e-01 2.2548090e-01 2.6312603e-01
1.1156156e+01 1.8226592e-01 2.1643975e-01 2.5325294e-01
1.1166166e+01 1.7437179e-01 2.0773577e-01 2.4386116e-01
1.1176176e+01 1.6656319e-01 1.9921056e-01 2.3455233e-01
1.1186186e+01 1.5892070e-01 1.9086667e-01 2.2548291e-01
1.1196196e+01 1.5164094e-01 1.8283726e-01 2.1665543e-01
1.1206206e+01 1.4450595e-01 1.7501054e-01 2.0804664e-01
1.1216216e+01 1.3764679e-01 1.6739881e-01 1.9968460e-01
1.1226226e+01 1.3094673e-01 1.5986166e-01 1.9155759e-01
1.1236236e+01 1.2438639e-01 1.5257919e-01 1.8360033e-01
1.1246246e+01 1.1817183e-01 1.4557122e-01 1.7597896e-01
1.1256256e+01 1.1215921e-01 1.3875863e-01 1.6839320e-01
1.1266266e+01 1.0623399e-01 1.3222447e-01 1.6100943e-01
1.1276276e+01 1.0052384e-01 1.2585522e-01 1.5394202e-01
1.1286286e+01 9.5092719e-02 1.1967271e-01 1.4696987e-01
1.1296296e+01 8.9838384e-02 1.1363143e-01 1.4021468e-01
1.1306306e+01 8.4792329e-02 1.0787085e-01 1.3359647e-01
1.1316316e+01 7.9949694e-02 1.0227709e-01 1.2732718e-01
1.1326326e+01 7.5371638e-02 9.6939733e-02 1.2125305e-01
1.1336336e+01 7.0938902e-02 9.1719815e-02 1.1527796e-01
1.1346346e+01 6.6680097e-02 8.6747562e-02 1.0956344e-01
1.1356356e+01 6.2569282e-02 8.1933161e-02 1.0398362e-01
1.1366366e+01 5.8646223e-02 7.7325529e-02 9.8548659e-02
1.1376376e+01 5.4915578e-02 7.2835384e-02 9.3413697e-02
1.1386386e+01 5.1381086e-02 6.8603390e-02 8.8416578e-02
1.1396396e+01 4.8003512e-02 6.4544364e-02 8.3649304e-02
1.1406406e+01 4.4767085e-02 6.0628240e-02 7.8977381e-02
1.1416416e+01 4.1689735e-02 5.6900427e-02 7.4517107e-02
1.1426426e+01 3.8774329e-02 5.3318283e-02 7.0292065e-02
1.1436436e+01 3.5997773e-02 4.9890512e-02 6.6274497e-02
1.1446446e+01 3.3359054e-02 4.6646513e-02 6.2418292e-02
1.1456456e+01 3.0865687e-02 4.3556735e-02 5.8737346e-02
1.1466466e+01 2.8540286e-02 4.0623086e-02 5.5134928e-02
1.1476476e+01 2.6362534e-02 3.7807427e-02 5.1729547e-02
1.1486486e+01 2.4317736e-02 3.5161901e-02 4.8482731e-02
1.1496496e+01 2.2377913e-02 3.2683778e-02 4.5443360e-02
1.1506507e+01 2.0564752e-02 3.0302337e-02 4.2483093e-02
1.1516517e+01 1.8887510e-02 2.8051053e-02 3.9691163e-02
1.1526527e+01 1.7297000e-02 2.5946169e-02 3.7014577e-02
1.1536537e+01 1.5819976e-02 2.3945887e-02 3.4517452e-02
1.1546547e+01 1.4444257e-02 2.2074141e-02 3.2112705e-02
1.1556557e+01 1.3167205e-02 2.0330562e-02 2.9835733e-02
1.1566567e+01 1.1984825e-02 1.8690968e-02 2.7697542e-02
1.1576577e+01 1.0896342e-02 1.7153008e-02 2.5655545e-02
1.1586587e+01 9.8843044e-03 1.5711115e-02 2.3753927e-02
1.1596597e+01 8.9521518e-03 1.4376871e-02 2.1986731e-02
1.1606607e+01 8.0907140e-03 1.3136016e-02 2.0303741e-02
1.1616617e+01 7.3043000e-03 1.1977579e-02 1.8729491e-02
1.1626627e+01 6.5853698e-03 1.0901692e-02 1.7250874e-02
1.1636637e+01 5.9209996e-03 9.9116017e-03 1.5859084e-02
1.1646647e+01 5.3157851e-03 8.9939290e-03 1.4562235e-02
1.1656657e+01 4.7620067e-03 8.1511394e-03 1.3350358e-02
1.1666667e+01 4.2589286e-03 7.3789209e-03 1.2207749e-02
1.1676677e+01 3.8063765e-03 6.6637250e-03 1.1151297e-02
1.1686687e+01 3.3935520e-03 6.0080049e-03 1.0175609e-02
1.1696697e+01 3.0183787e-03 5.4021176e-03 9.2833619e-03
1.1706707e+01 2.6754167e-03 4.8482267e-03 8.4380037e-03
1.1716717e+01 2.3722368e-03 4.3480980e-03 7.6640388e-03
1.1726727e+01 2.0977687e-03 3.8884064e-03 6.9597700e-03
1.1736737e+01 1.8489715e-03 3.4713773e-03 6.3089901e-03
1.1746747e+01 1.6296100e-03 3.0957899e-03 5.7106933e-03
1.1756757e+01 1.4317285e-03 2.7535876e-03 5.1581660e-03
1.1766767e+01 1.2553020e-03 2.4451683e-03 4.6532233e-03
1.1776777e+01 1.0979158e-03 2.1659132e-03 4.1892820e-03
1.1786787e+01 9.6079405e-04 1.9151596e-03 3.7712902e-03
1.1796797e+01 8.3742224e-04 1.6906986e-03 3.3898935e-03
1.1806807e+01 7.2938353e-04 1.4894923e-03 3.0328090e-03
1.1816817e+01 6.3478443e-04 1.3101658e-03 2.7133843e-03
1.1826827e+01 5.5054088e-04 1.1498667e-03 2.4209111e-03
1.1836837e+01 4.7639110e-04 1.0080520e-03 2.1567882e-03
1.1846847e+01 4.1111882e-04 8.8129247e-04 1.9175701e-03
1.1856857e+01 3.5368643e-04 7.6917578e-04 1.7033181e-03
1.1866867e+01 3.0426350e-04 6.7066513e-04 1.5083454e-03
1.1876877e+01 2.6115971e-04 5.8298130e-04 1.3334684e-03
1.1886887e+01 2.2358876e-04 5.0555553e-04 1.1758437e-03
1.1896897e+01 1.9078587e-04 4.3763912e-04 1.0376264e-03
1.1906907e+01 1.6278711e-04 3.7808097e-04 9.1172891e-04
1.1916917e+01 1.3869331e-04 3.2603857e-04 7.9923948e-04
1.1926927e+01 1.1780871e-04 2.8041371e-04 6.9994597e-04
1.1936937e+01 1.0001984e-04 2.4113825e-04 6.1205273e-04
1.1946947e+01 8.4705960e-05 2.0661054e-04 5.3430639e-04
1.1956957e+01 7.1548410e-05 1.7667541e-04 4.6610813e-04
1.1966967e+01 6.0240100e-05 1.5081748e-04 4.0552495e-04
1.1976977e+01 5.0699018e-05 1.2844907e-04 3.5177001e-04
1.1986987e+01 4.2558823e-05 1.0930316e-04 3.0485305e-04
1.1996997e+01 3.5646048e-05 9.2812746e-05 2.6329033e-04
1.2007007e+01 2.9784081e-05 7.8677998e-05 2.2666241e-04
1.2017017e+01 2.4855962e-05 6.6468633e-05 1.9481737e-04
1.2027027e+01 2.0683644e-05 5.6095079e-05 1.6732828e-04
1.2037037e+01 1.7170328e-05 4.7254450e-05 1.4380847e-04
1.2047047e+01 1.4232162e-05 3.9652784e-05 1.2284998e-04
1.2057057e+01 1.1770668e-05 3.3270106e-05 1.0491571e-04
1.2067067e+01 9.7262466e-06 2.7833392e-05 8.9394696e-05
1.2077077e+01 8.0076644e-06 2.3232393e-05 7.6188952e-05
1.2087087e+01 6.5811749e-06 1.9378822e-05 6.4581159e-05
1.2097097e+01 5.3977440e-06 1.6141042e-05 5.4804288e-05
1.2107107e+01 4.4160491e-06 1.3407194e-05 4.6281470e-05
1.2117117e+01 3.6023724e-06 1.1108942e-05 3.9055645e-05
1.2127127e+01 2.9355112e-06 9.1968465e-06 3.2950525e-05
1.2137137e+01 2.3895996e-06 7.5831207e-06 2.7714369e-05
1.2147147e+01 1.9395509e-06 6.2410384e-06 2.3268692e-05
1.2157157e+01 1.5692589e-06 5.1264759e-06 1.9451319e-05
1.2167167e+01 1.2689075e-06 4.1970379e-06 1.6236337e-05
1.2177177e+01 1.0237382e-06 3.4330127e-06 1.3550624e-05
1.2187187e+01 8.2347942e-07 2.8025687e-06 1.1284268e-05
1.2197197e+01 6.6065387e-07 2.2823412e-06 9.3661711e-06
1.2207207e+01 5.2936699e-07 1.8543065e-06 7.7606061e-06
1.2217217e+01 4.2318760e-07 1.5060523e-06 6.4170565e-06
1.2227227e+01 3.3744663e-07 1.2179717e-06 5.2945441e-06
1.2237237e+01 2.6898676e-07 9.8371856e-07 4.3583588e-06
1.2247247e+01 2.1422686e-07 7.9325134e-07 3.5705688e-06
1.2257257e+01 1.6974020e-07 6.3905820e-07 2.9295368e-06
1.2267267e+01 1.3432344e-07 5.1333857e-07 2.3921820e-06
1.2277277e+01 1.0606275e-07 4.1116605e-07 1.9504081e-06
1.2287287e+01 8.3585495e-08 3.2867102e-07 1.5855159e-06
1.2297297e+01 6.5785623e-08 2.6226181e-07 1.2884323e-06
1.2307307e+01 5.1588067e-08 2.0904713e-07 1.0461567e-06
1.2317317e+01 4.0403070e-08 1.6599865e-07 8.4742169e-07
1.2327327e+01 3.1545851e-08 1.3151424e-07 6.8369188e-07
1.2337337e+01 2.4617336e-08 1.0393519e-07 5.5222062e-07
1.2347347e+01 1.9140537e-08 8.2088829e-08 4.4479628e-07
1.2357357e+01 1.4857586e-08 6.4629685e-08 3.5670260e-07
1.2367367e+01 1.1516022e-08 5.0842220e-08 2.8597029e-07
1.2377377e+01 8.8954019e-09 3.9872807e-08 2.2837466e-07
1.2387387e+01 6.8565547e-09 3.1223460e-08 1.8206350e-07
1.2397397e+01 5.2732888e-09 2.4406083e-08 1.4470124e-07
1.2407407e+01 4.0472406e-09 1.9023265e-08 1.1494690e-07
1.2417417e+01 3.0997924e-09 1.4795534e-08 9.1097816e-08
1.2427427e+01 2.3703535e-09 1.1474798e-08 7.2097586e-08
1.2437437e+01 1.8076446e-09 8.8960925e-09 5.6967212e-08
1.2447447e+01 1.3751552e-09 6.8786185e-09 4.4890199e-08
1.2457457e+01 1.0453580e-09 5.3042513e-09 3.5272591e-08
1.2467467e+01 7.9239812e-10 4.0849420e-09 2.7665625e-08
1.2477477e+01 5.9958084e-10 3.1348747e-09 2.1620834e-08
1.2487487e+01 4.5254071e-10 2.4067386e-09 1.6898697e-08
1.2497497e+01 3.4081298e-10 1.8421620e-09 1.3175343e-08
1.2507508e+01 2.5593697e-10 1.4048312e-09 1.0246433e-08
1.2517518e+01 1.9199072e-10 1.0687578e-09 7.9507518e-09
1.2527528e+01 1.4356655e-10 8.1270328e-10 6.1556453e-09
1.2537538e+01 1.0736479e-10 6.1632202e-10 4.7507931e-09
1.2547548e+01 8.0071744e-11 4.6620387e-10 3.6592238e-09
1.2557558e+01 5.9603276e-11 3.5177416e-10 2.8128451e-09
1.2567568e+01 4.4216134e-11 2.6519522e-10 2.1567349e-09
1.2577578e+01 3.2708109e-11 1.9966220e-10 1.6484013e-09
1.2587588e+01 2.4162077e-11 1.4985203e-10 1.2605882e-09
1.2597598e+01 1.7830528e-11 1.1211538e-10 9.6222039e-10
1.2607608e+01 1.3129229e-11 8.3741172e-11 7.3134088e-10
1.2617618e+01 9.6460500e-12 6.2503872e-11 5.5545174e-10
1.2627628e+01 7.0616067e-12 4.6405700e-11 4.2097370e-10
1.2637638e+01 5.1616453e-12 3.4444599e-11 3.1822561e-10
1.2647648e+01 3.7653176e-12 2.5537109e-11 2.4039509e-10
1.2657658e+01 2.7388796e-12 1.8869722e-11 1.8068027e-10
1.2667668e+01 1.9908717e-12 1.3914047e-11 1.3557261e-10
1.2677678e+01 1.4445962e-12 1.0240869e-11 1.0140393e-10
1.2687688e+01 1.0441752e-12 7.5084995e-12 7.5894104e-11
1.2697698e+01 7.5351135e-13 5.5033381e-12 5.6738530e-11
1.2707708e+01 5.4229274e-13 4.0214903e-12 4.2292201e-11
1.2717718e+01 3.8980817e-13 2.9313005e-12 3.1404707e-11
1.2727728e+01 2.7930618e-13 2.1311344e-12 2.3301062e-11
1.2737738e+01 2.0003126e-13 1.5493406e-12 1.7232728e-11
1.2747748e+01 1.4290880e-13 1.1233149e-12 1.2730152e-11
1.2757758e+01 1.0174063e-13 8.1169319e-13 9.3649951e-12
1.2767768e+01 7.2334022e-14 5.8529509e-13 6.8794228e-12
1.2777778e+01 5.1285433e-14 4.2172739e-13 5.0491333e-12
1.2787788e+01 3.6254145e-14 3.0299778e-13 3.7007699e-12
1.2797798e+01 2.5576559e-14 2.1699583e-13 2.6992127e-12
1.2807808e+01 1.8002569e-14 1.5522913e-13 1.9628709e-12
1.2817818e+01 1.2647337e-14 1.1083248e-13 1.4298062e-12
1.2827828e+01 8.8706897e-15 7.9044151e-14 1.0367279e-12
1.2837838e+01 6.2053668e-15 5.6268638e-14 7.5126293e-13
1.2847848e+01 4.3389854e-15 3.9882682e-14 5.4299414e-13
1.2857858e+01 3.0267702e-15 2.8236655e-14 3.9202986e-13
1.2867868e+01 2.1077567e-15 1.9897050e-14 2.8174036e-13
1.2877878e+01 1.4625780e-15 1.4015660e-14 2.0216536e-13
1.2887888e+01 1.0135746e-15 9.8557572e-15 1.4472475e-13
1.2897898e+01 7.0032238e-16 6.9121743e-15 1.0350937e-13
1.2907908e+01 4.8295080e-16 4.8346028e-15 7.3787953e-14
1.2917918e+01 3.3212134e-16 3.3776288e-15 5.2563959e-14
1.2927928e+01 2.2823222e-16 2.3544428e-15 3.7287212e-14
1.2937938e+01 1.5617863e-16 1.6380751e-15 2.6377525e-14
1.2947948e+01 1.0665443e-16 1.1384927e-15 1.8646362e-14
1.2957958e+01 7.2725879e-17 7.8831933e-16 1.3157445e-14
1.2967968e+01 4.9472849e-17 5.4557976e-16 9.2594371e-15
1.2977978e+01 3.3569485e-17 3.7587321e-16 6.5048466e-15
1.2987988e+01 2.2739043e-17 2.5869779e-16 4.5635245e-15
1.2997998e+01 1.5360692e-17 1.7758856e-16 3.1946502e-15
1.3008008e+01 1.0358447e-17 1.2163865e-16 2.2291308e-15
1.3018018e+01 6.9750315e-18 8.3205026e-17 1.5526481e-15
1.3028028e+01 4.6881239e-18 5.6782858e-17 1.0785982e-15
1.3038038e+01 3.1412173e-18 3.8637138e-17 7.4851437e-16
1.3048048e+01 2.1019605e-18 2.6224047e-17 5.1872193e-16
1.3058058e+01 1.4018366e-18 1.7798439e-17 3.5773618e-16
1.3068068e+01 9.3501690e-19 1.2036294e-17 2.4634004e-16
1.3078078e+01 6.2105844e-19 8.1260144e-18 1.6910419e-16
1.3088088e+01 4.1180752e-19 5.4763636e-18 1.1611145e-16
1.3098098e+01 2.7226697e-19 3.6777099e-18 7.9541586e-17
1.3108108e+01 1.7981542e-19 2.4661478e-18 5.4381497e-17
1.3118118e+01 1.1840927e-19 1.6509815e-18 3.7032585e-17
1.3128128e+01 7.7901323e-20 1.1031798e-18 2.5185128e-17
1.3138138e+01 5.1094314e-20 7.3547645e-19 1.7090053e-17
1.3148148e+01 3.3408327e-20 4.8838452e-19 1.1575324e-17
1.3158158e+01 2.1807790e-20 3.2392440e-19 7.8267290e-18
1.3168168e+01 1.4210628e-20 2.1438121e-19 5.2735230e-18
1.3178178e+01 9.2269387e-21 1.4168905e-19 3.5493099e-18
1.3188188e+01 5.9870330e-21 9.3336126e-20 2.3790309e-18
1.3198198e+01 3.8803798e-21 6.1295849e-20 1.5921856e-18
1.3208208e+01 2.5038994e-21 4.0192747e-20 1.0615672e-18
1.3218218e+01 1.6124893e-21 2.6313278e-20 7.0811503e-19
1.3228228e+01 1.0365506e-21 1.7178480e-20 4.7049522e-19
1.3238238e+01 6.6462421e-22 1.1200942e-20 3.1219979e-19
1.3248248e+01 4.2527906e-22 7.2881899e-21 2.0698805e-19
1.3258258e+01 2.7191323e-22 4.7290922e-21 1.3695161e-19
1.3268268e+01 1.7341377e-22 3.0663349e-21 9.0330900e-20
1.3278278e+01 1.1033709e-22 1.9804477e-21 5.9427344e-20
1.3288288e+01 7.0085787e-23 1.2785951e-21 3.9068090e-20
1.3298298e+01 4.4340937e-23 8.2282824e-22 2.5635334e-20
1.3308308e+01 2.8030431e-23 5.2875023e-22 1.6735661e-20
1.3318318e+01 1.7660144e-23 3.3842151e-22 1.0934376e-20
1.3328328e+01 1.1098192e-23 2.1631869e-22 7.1185641e-21
1.3338338e+01 6.9697752e-24 1.3797967e-22 4.6262281e-21
1.3348348e+01 4.3625195e-24 8.7786191e-23 3.0008841e-21
1.3358358e+01 2.7262116e-24 5.5727800e-23 1.9435470e-21
1.3368368e+01 1.7008482e-24 3.5326892e-23 1.2564248e-21
1.3378378e+01 1.0591313e-24 2.2340858e-23 8.0974262e-22
1.3388388e+01 6.5782939e-25 1.4088114e-23 5.2096441e-22
1.3398398e+01 4.0755440e-25 8.8728013e-24 3.3437074e-22
1.3408408e+01 2.5189446e-25 5.5690421e-24 2.1408840e-22
1.3418418e+01 1.5534082e-25 3.4867252e-24 1.3646699e-22
1.3428428e+01 9.5514244e-26 2.1785758e-24 8.6908634e-23
1.3438438e+01 5.8638553e-26 1.3581434e-24 5.5280071e-23
1.3448448e+01 3.5996507e-26 8.4578731e-25 3.5064706e-23
1.3458458e+01 2.1999358e-26 5.2575121e-25 2.2193355e-23
1.3468468e+01 1.3432521e-26 3.2568737e-25 1.4019661e-23
1.3478478e+01 8.1840753e-27 2.0139830e-25 8.8205023e-24
1.3488488e+01 4.9690327e-27 1.2425753e-25 5.5451418e-24
1.3498498e+01 3.0116353e-27 7.6518641e-26 3.4749545e-24
1.3508509e+01 1.8215553e-27 4.6976997e-26 2.1760537e-24
1.3518519e+01 1.0986632e-27 2.8799817e-26 1.3597940e-24
1.3528529e+01 6.6257288e-28 1.7605442e-26 8.4879247e-25
1.3538539e+01 3.9827451e-28 1.0743209e-26 5.2873152e-25
1.3548549e+01 2.3833007e-28 6.5372234e-27 3.2806271e-25
1.3558559e+01 1.4250549e-28 3.9732548e-27 2.0282205e-25
1.3568569e+01 8.5081907e-29 2.4101168e-27 1.2530640e-25
1.3578579e+01 5.0681483e-29 1.4585481e-27 7.7272502e-26
1.3588589e+01 3.0122906e-29 8.8063543e-28 4.7543186e-26
1.3598599e+01 1.7894160e-29 5.3075369e-28 2.9195638e-26
1.3608609e+01 1.0572550e-29 3.1913274e-28 1.7887481e-26
1.3618619e+01 6.2512622e-30 1.9160341e-28 1.0917967e-26
1.3628629e+01 3.6859173e-30 1.1469969e-28 6.6618402e-27
1.3638639e+01 2.1708001e-30 6.8525632e-29 4.0610283e-27
1.3648649e+01 1.2741350e-30 4.0832542e-29 2.4648219e-27
1.3658659e+01 7.4593851e-31 2.4268244e-29 1.4962056e-27
1.3668669e+01 4.3599070e-31 1.4410680e-29 9.0566255e-28
1.3678679e+01 2.5415200e-31 8.5350504e-30 5.4585642e-28
1.3688689e+01 1.4776155e-31 5.0457799e-30 3.2777800e-28
1.3698699e+01 8.5880258e-32 2.9740105e-30 1.9685443e-28
1.3708709e+01 4.9767966e-32 1.7476829e-30 1.1802689e-28
1.3718719e+01 2.8759582e-32 1.0255068e-30 7.0512791e-29
1.3728729e+01 1.6562667e-32 6.0128491e-31 4.2033357e-29
1.3738739e+01 9.5245345e-33 3.5141729e-31 2.4999461e-29
1.3748749e+01 5.4639614e-33 2.0476467e-31 1.4857759e-29
1.3758759e+01 3.1367510e-33 1.1915710e-31 8.7902766e-30
1.3768769e+01 1.7918631e-33 6.9234410e-32 5.2037062e-30
1.3778779e+01 1.0216121e-33 4.0079340e-32 3.0669866e-30
1.3788789e+01 5.8174383e-34 2.3202580e-32 1.8050593e-30
1.3798799e+01 3.3040528e-34 1.3379381e-32 1.0588583e-30
1.3808809e+01 1.8721531e-34 7.6996396e-33 6.2083247e-31
1.3818819e+01 1.0588497e-34 4.4186339e-33 3.6297326e-31
1.3828829e+01 5.9684682e-35 2.5302377e-33 2.1216549e-31
1.3838839e+01 3.3622589e-35 1.4478151e-33 1.2363157e-31
1.3848849e+01 1.8891737e-35 8.2572223e-34 7.1970907e-32
1.3858859e+01 1.0583651e-35 4.7035652e-34 4.1809530e-32
1.3868869e+01 5.9229327e-36 2.6742601e-34 2.4232842e-32
1.3878879e+01 3.3041957e-36 1.5168580e-34 1.4005573e-32
1.3888889e+01 1.8392942e-36 8.5750431e-35 8.0579998e-33
1.3898899e+01 1.0219899e-36 4.8440071e-35 4.6253106e-33
1.3908909e+01 5.6670086e-37 2.7245811e-35 2.6538242e-33
1.3918919e+01 3.1361509e-37 1.5302368e-35 1.5177912e-33
1.3928929e+01 1.7311334e-37 8.5766769e-36 8.6590431e-34
1.3938939e+01 9.5306212e-38 4.7929664e-36 4.9356864e-34
1.3948949e+01 5.2313827e-38 2.6760007e-36 2.8022283e-34
1.3958959e+01 2.8655336e-38 1.4920376e-36 1.5880658e-34
1.3968969e+01 1.5691710e-38 8.2880985e-37 8.9800787e-35
1.3978979e+01 8.5759101e-39 4.5978449e-37 5.0676140e-35
1.3988989e+01 4.6720462e-39 2.5470805e-37 2.8545324e-35
1.3998999e+01 2.5413740e-39 1.4063581e-37 1.6058936e-35
1.4009009e+01 1.3785169e-39 7.7503461e-38 9.0207461e-36
1.4019019e+01 7.4552240e-40 4.2562316e-38 5.0523210e-36
1.4029029e+01 4.0250093e-40 2.3344749e-38 2.8230895e-36
1.4039039e+01 2.1657606e-40 1.2775990e-38 1.5735680e-36
1.4049049e+01 1.1624071e-40 6.9867479e-39 8.7481114e-37
1.4059059e+01 6.2309365e-41 3.8098651e-39 4.8588293e-37
1.4069069e+01 3.3383404e-41 2.0735902e-39 2.6908635e-37
1.4079079e+01 1.7844857e-41 1.1234947e-39 1.4864720e-37
1.4089089e+01 9.5226409e-42 6.0851366e-40 8.2009749e-38
1.4099099e+01 5.0675383e-42 3.2888099e-40 4.5109961e-38
1.4109109e+01 2.6915478e-42 1.7750235e-40 2.4778556e-38
1.4119119e+01 1.4264490e-42 9.5428428e-41 1.3594480e-38
1.4129129e+01 7.5392769e-43 5.1167654e-41 7.4262208e-39
1.4139139e+01 3.9754256e-43 2.7427937e-41 4.0338116e-39
1.4149149e+01 2.0941260e-43 1.4647005e-41 2.1941338e-39
1.4159159e+01 1.1000774e-43 7.8003006e-42 1.1922523e-39
1.4169169e+01 5.7614158e-44 4.1519337e-42 6.4673037e-40
1.4179179e+01 3.0148070e-44 2.2038561e-42 3.5012672e-40
1.4189189e+01 1.5732762e-44 1.1692373e-42 1.8900912e-40
1.4199199e+01 8.1789054e-45 6.1785642e-43 1.0191263e-40
1.4209209e+01 4.2445000e-45 3.2587050e-43 5.4782876e-41
1.4219219e+01 2.1996365e-45 1.7160406e-43 2.9369768e-41
1.4229229e+01 1.1367142e-45 9.0229833e-44 1.5708479e-41
1.4239239e+01 5.8592818e-46 4.7307597e-44 8.3928871e-42
1.4249249e+01 3.0174809e-46 2.4702539e-44 4.4690126e-42
1.4259259e+01 1.5499025e-46 1.2910427e-44 2.3724524e-42
1.4269269e+01 7.9429118e-47 6.7202393e-45 1.2567016e-42
1.4279279e+01 4.0553983e-47 3.4880540e-45 6.6428701e-43
1.4289289e+01 2.0703970e-47 1.8071806e-45 3.5083132e-43
1.4299299e+01 1.0533138e-47 9.3402400e-46 1.8437318e-43
1.4309309e+01 5.3446367e-48 4.8171729e-46 9.6880930e-44
1.4319319e+01 2.7104450e-48 2.4800546e-46 5.0734232e-44
1.4329329e+01 1.3717556e-48 1.2746071e-46 2.6535966e-44
1.4339339e+01 6.9256641e-49 6.5449935e-47 1.3865395e-44
1.4349349e+01 3.4875385e-49 3.3511597e-47 7.2193258e-45
1.4359359e+01 1.7500789e-49 1.7119957e-47 3.7557429e-45
1.4369369e+01 8.7766874e-50 8.7126612e-48 1.9455571e-45
1.4379379e+01 4.3892224e-50 4.4248287e-48 1.0071121e-45
1.4389389e+01 2.1899837e-50 2.2442640e-48 5.2044891e-46
1.4399399e+01 1.0912195e-50 1.1354686e-48 2.6794758e-46
1.4409409e+01 5.4278699e-51 5.7400762e-49 1.3796456e-46
1.4419419e+01 2.6913373e-51 2.8932190e-49 7.0881674e-47
1.4429429e+01 1.3303233e-51 1.4532309e-49 3.6337007e-47
1.4439439e+01 6.5691294e-52 7.2827029e-50 1.8583939e-47
1.4449449e+01 3.2382679e-52 3.6446415e-50 9.4658951e-48
1.4459459e+01 1.5913748e-52 1.8204895e-50 4.8147703e-48
1.4469469e+01 7.7960214e-53 9.0719351e-51 2.4457599e-48
1.4479479e+01 3.8197814e-53 4.5106725e-51 1.2372795e-48
1.4489489e+01 1.8640815e-53 2.2362648e-51 6.2442159e-49
1.4499499e+01 9.0861580e-54 1.1066036e-51 3.1483739e-49
1.4509510e+01 4.4175439e-54 5.4624095e-52 1.5825923e-49
1.4519520e+01 2.1450737e-54 2.6910228e-52 7.9542175e-50
1.4529530e+01 1.0387949e-54 1.3241634e-52 3.9828817e-50
1.4539540e+01 5.0177457e-55 6.5011522e-53 1.9882771e-50
1.4549550e+01 2.4163654e-55 3.1847154e-53 9.9199760e-51
1.4559560e+01 1.1625791e-55 1.5554973e-53 4.9388891e-51
1.4569570e+01 5.5796882e-56 7.5897791e-54 2.4510858e-51
1.4579580e+01 2.6694860e-56 3.6947179e-54 1.2146244e-51
1.4589590e+01 1.2766913e-56 1.7944660e-54 6.0101896e-52
1.4599600e+01 6.0888706e-57 8.6923734e-55 2.9669687e-52
1.4609610e+01 2.8983440e-57 4.2019195e-55 1.4614412e-52
1.4619620e+01 1.3753771e-57 2.0278895e-55 7.1849285e-53
1.4629630e+01 6.5170699e-58 9.7537351e-56 3.5165914e-53
1.4639640e+01 3.0803969e-58 4.6842589e-56 1.7143587e-53
1.4649650e+01 1.4520339e-58 2.2442870e-56 8.3394772e-54
1.4659660e+01 6.8333128e-59 1.0713123e-56 4.0586032e-54
1.4669670e+01 3.2067075e-59 5.1081245e-57 1.9717332e-54
1.4679680e+01 1.5014491e-59 2.4308262e-57 9.5587895e-55
1.4689690e+01 7.0185830e-60 1.1544812e-57 4.6274885e-55
1.4699700e+01 3.2745219e-60 5.4707911e-58 2.2328326e-55
1.4709710e+01 1.5238878e-60 2.5862086e-58 1.0756039e-55
1.4719720e+01 7.0763793e-61 1.2210447e-58 5.1706859e-56
1.4729730e+01 3.2789604e-61 5.7495846e-59 2.4804325e-56
1.4739740e+01 1.5164938e-61 2.6993681e-59 1.1834655e-56
1.4749750e+01 6.9936379e-62 1.2657182e-59 5.6438859e-57
1.4759760e+01 3.2190462e-62 5.9163133e-60 2.6896090e-57
1.4769770e+01 1.4787344e-62 2.7632978e-60 1.2792769e-57
1.4779780e+01 6.7781893e-63 1.2867921e-60 6.0728102e-58
1.4789790e+01 3.1000955e-63 5.9780936e-61 2.8728725e-58
1.4799800e+01 1.4157469e-63 2.7715128e-61 1.3571705e-58
1.4809810e+01 6.4486175e-64 1.2810492e-61 6.3888724e-59
1.4819820e+01 2.9308912e-64 5.9117449e-62 3.0041967e-59
1.4829830e+01 1.3292305e-64 2.7217763e-62 1.4105210e-59
1.4839840e+01 6.0165678e-65 1.2502930e-62 6.5994658e-60
1.4849850e+01 2.7152252e-65 5.7319531e-63 3.0840308e-60
1.4859860e+01 1.2211341e-65 2.6253129e-63 1.4385901e-60
1.4869870e+01 5.4815443e-66 1.1991105e-63 6.6927707e-61
1.4879880e+01 2.4603987e-66 5.4563759e-64 3.1011212e-61
1.4889890e+01 1.1004335e-66 2.4820354e-64 1.4355115e-61
1.4899900e+01 4.9180332e-67 1.1243593e-64 6.6379629e-62
1.4909910e+01 2.1907185e-67 5.0871398e-65 3.0626778e-62
1.4919920e+01 9.7338396e-68 2.2983138e-65 1.4074153e-62
1.4929930e+01 4.3194231e-68 1.0354492e-65 6.4643274e-63
1.4939940e+01 1.9096901e-68 4.6572687e-66 2.9628248e-63
1.4949950e+01 8.4310611e-69 2.0894181e-66 1.3544201e-63
1.4959960e+01 3.7152591e-69 9.3520427e-67 6.1705047e-64
1.4969970e+01 1.6340810e-69 4.1779916e-67 2.8042574e-64
1.4979980e+01 7.1677496e-70 1.8621987e-67 1.2725264e-64
1.4989990e+01 3.1406566e-70 8.2885345e-68 5.7663733e-65
1.5000000e+01 1.3719670e-70 3.6797652e-68 2.6019040e-65
