X KDE_INF KDE_MED KDE_SUP
-4.0000000e+00 7.4459663e-15 3.5865735e-11 3.4433697e-03
-3.9919920e+00 8.6393970e-15 4.0151167e-11 3.4499357e-03
-3.9839840e+00 1.0035456e-14 4.3772634e-11 3.5168955e-03
-3.9759760e+00 1.1612449e-14 4.8998100e-11 3.5217538e-03
-3.9679680e+00 1.3450784e-14 5.4457576e-11 3.5387370e-03
-3.9599600e+00 1.5589973e-14 5.9558084e-11 3.5734029e-03
-3.9519520e+00 1.8029909e-14 6.5957273e-11 3.6041915e-03
-3.9439439e+00 2.0784844e-14 7.3404444e-11 3.6780963e-03
-3.9359359e+00 2.3979727e-14 8.0833486e-11 3.7135648e-03
-3.9279279e+00 2.7795030e-14 9.0560391e-11 3.7919149e-03
-3.9199199e+00 3.2109420e-14 9.9956320e-11 3.8225402e-03
-3.9119119e+00 3.7105520e-14 1.1082957e-10 3.8159668e-03
-3.9039039e+00 4.2764715e-14 1.2401815e-10 3.8524009e-03
-3.8958959e+00 4.9390613e-14 1.3659821e-10 3.9118865e-03
-3.8878879e+00 5.7008023e-14 1.5259838e-10 3.9595827e-03
-3.8798799e+00 6.5726725e-14 1.7089066e-10 4.0271589e-03
-3.8718719e+00 7.6014107e-14 1.8708627e-10 4.0270979e-03
-3.8638639e+00 8.7503373e-14 2.0672664e-10 4.0365425e-03
-3.8558559e+00 1.0102045e-13 2.2849822e-10 4.0623584e-03
-3.8478478e+00 1.1640243e-13 2.5449510e-10 4.0739995e-03
-3.8398398e+00 1.3403183e-13 2.8037084e-10 4.1614308e-03
-3.8318318e+00 1.5471922e-13 3.1019470e-10 4.2072744e-03
-3.8238238e+00 1.7782166e-13 3.4055707e-10 4.2599494e-03
-3.8158158e+00 2.0493601e-13 3.7214277e-10 4.2961353e-03
-3.8078078e+00 2.3588601e-13 4.1137283e-10 4.2420825e-03
-3.7997998e+00 2.7162129e-13 4.5782896e-10 4.2721478e-03
-3.7917918e+00 3.1234791e-13 5.0576376e-10 4.2707970e-03
-3.7837838e+00 3.5902406e-13 5.6075733e-10 4.2619254e-03
-3.7757758e+00 4.1271520e-13 6.1834314e-10 4.3146607e-03
-3.7677678e+00 4.7447439e-13 6.7983533e-10 4.3612420e-03
-3.7597598e+00 5.4416789e-13 7.4986302e-10 4.4249840e-03
-3.7517518e+00 6.2494886e-13 8.3661350e-10 4.4801111e-03
-3.7437437e+00 7.1811679e-13 9.3254777e-10 4.4297675e-03
-3.7357357e+00 8.2331161e-13 1.0311797e-09 4.5186224e-03
-3.7277277e+00 9.4453848e-13 1.1343546e-09 4.5405911e-03
-3.7197197e+00 1.0834585e-12 1.2491793e-09 4.5899811e-03
-3.7117117e+00 1.2401824e-12 1.3805500e-09 4.5556681e-03
-3.7037037e+00 1.4209381e-12 1.5218319e-09 4.6482581e-03
-3.6956957e+00 1.6292959e-12 1.6888497e-09 4.7582120e-03
-3.6876877e+00 1.8684064e-12 1.8570405e-09 4.7459737e-03
-3.6796797e+00 2.1420116e-12 2.0612619e-09 4.7249072e-03
-3.6716717e+00 2.4518630e-12 2.2632204e-09 4.7495470e-03
-3.6636637e+00 2.8072639e-12 2.5088374e-09 4.8541211e-03
-3.6556557e+00 3.1940763e-12 2.7625946e-09 4.7946371e-03
-3.6476476e+00 3.6608950e-12 3.0622501e-09 4.8619470e-03
-3.6396396e+00 4.1792824e-12 3.3820069e-09 4.9145679e-03
-3.6316316e+00 4.7659903e-12 3.7071516e-09 4.9358181e-03
-3.6236236e+00 5.4533486e-12 4.0959395e-09 4.9894481e-03
-3.6156156e+00 6.2400963e-12 4.5214001e-09 5.0113133e-03
-3.6076076e+00 7.1410718e-12 4.9749327e-09 5.0017859e-03
-3.5995996e+00 8.1625782e-12 5.4738998e-09 5.0253635e-03
-3.5915916e+00 9.2856102e-12 5.9851871e-09 4.9342001e-03
-3.5835836e+00 1.0540452e-11 6.5620582e-09 4.9875232e-03
-3.5755756e+00 1.2007918e-11 7.2703143e-09 5.1018135e-03
-3.5675676e+00 1.3658357e-11 7.9452244e-09 5.0737741e-03
-3.5595596e+00 1.5556552e-11 8.7861666e-09 5.0798969e-03
-3.5515516e+00 1.7674852e-11 9.6057078e-09 5.1101945e-03
-3.5435435e+00 2.0116729e-11 1.0582060e-08 5.1487577e-03
-3.5355355e+00 2.2870253e-11 1.1618894e-08 5.1828230e-03
-3.5275275e+00 2.6037275e-11 1.2799234e-08 5.2243977e-03
-3.5195195e+00 2.9642821e-11 1.3991330e-08 5.2227323e-03
-3.5115115e+00 3.3649957e-11 1.5404337e-08 5.2393911e-03
-3.5035035e+00 3.8217473e-11 1.6810210e-08 5.3481299e-03
-3.4954955e+00 4.3340769e-11 1.8450247e-08 5.4577144e-03
-3.4874875e+00 4.9277787e-11 2.0342760e-08 5.5040398e-03
-3.4794795e+00 5.5786747e-11 2.1997142e-08 5.5399343e-03
-3.4714715e+00 6.3365924e-11 2.3934584e-08 5.5790024e-03
-3.4634635e+00 7.1863124e-11 2.6436742e-08 5.6447102e-03
-3.4554555e+00 8.1424240e-11 2.8610429e-08 5.6937814e-03
-3.4474474e+00 9.2154655e-11 3.0994306e-08 5.7196766e-03
-3.4394394e+00 1.0421167e-10 3.3999673e-08 5.7921797e-03
-3.4314314e+00 1.1797895e-10 3.7078968e-08 5.7363074e-03
-3.4234234e+00 1.3365676e-10 4.0503773e-08 5.7764853e-03
-3.4154154e+00 1.5122744e-10 4.4264276e-08 5.7796060e-03
-3.4074074e+00 1.7111720e-10 4.8516300e-08 5.8045222e-03
-3.3993994e+00 1.9331795e-10 5.3256656e-08 5.8069601e-03
-3.3913914e+00 2.1813775e-10 5.8041690e-08 5.8982823e-03
-3.3833834e+00 2.4637817e-10 6.3189688e-08 5.8953304e-03
-3.3753754e+00 2.7787788e-10 6.8695113e-08 5.9434804e-03
-3.3673674e+00 3.1355229e-10 7.5140404e-08 5.9612445e-03
-3.3593594e+00 3.5375003e-10 8.2659876e-08 6.0060722e-03
-3.3513514e+00 3.9801650e-10 9.0126638e-08 5.9873009e-03
-3.3433433e+00 4.4897482e-10 9.8658259e-08 6.0312315e-03
-3.3353353e+00 5.0582733e-10 1.0751976e-07 6.0843579e-03
-3.3273273e+00 5.7039968e-10 1.1759086e-07 6.0927130e-03
-3.3193193e+00 6.4160720e-10 1.2771464e-07 6.1105718e-03
-3.3113113e+00 7.2217379e-10 1.3960820e-07 6.2200357e-03
-3.3033033e+00 8.1198401e-10 1.5166932e-07 6.2971329e-03
-3.2952953e+00 9.1086148e-10 1.6494015e-07 6.3093632e-03
-3.2872873e+00 1.0218128e-09 1.7989184e-07 6.3000629e-03
-3.2792793e+00 1.1487983e-09 1.9414748e-07 6.4432338e-03
-3.2712713e+00 1.2904994e-09 2.1106510e-07 6.4902484e-03
-3.2632633e+00 1.4478110e-09 2.3023853e-07 6.4980044e-03
-3.2552553e+00 1.6233134e-09 2.5294293e-07 6.5755191e-03
-3.2472472e+00 1.8233851e-09 2.7358724e-07 6.6502283e-03
-3.2392392e+00 2.0424369e-09 2.9462286e-07 6.7342591e-03
-3.2312312e+00 2.2858716e-09 3.2047551e-07 6.7991105e-03
-3.2232232e+00 2.5619543e-09 3.4464918e-07 6.8735413e-03
-3.2152152e+00 2.8771498e-09 3.7636884e-07 6.8918032e-03
-3.2072072e+00 3.2251303e-09 4.0965554e-07 6.9543481e-03
-3.1991992e+00 3.6092037e-09 4.4719267e-07 7.1139096e-03
-3.1911912e+00 4.0497215e-09 4.8420725e-07 7.2159391e-03
-3.1831832e+00 4.5356001e-09 5.2462878e-07 7.2964939e-03
-3.1751752e+00 5.0740835e-09 5.7357261e-07 7.3459322e-03
-3.1671672e+00 5.6751903e-09 6.1376014e-07 7.4370729e-03
-3.1591592e+00 6.3440862e-09 6.6273440e-07 7.5325969e-03
-3.1511512e+00 7.0832562e-09 7.2166713e-07 7.5733545e-03
-3.1431431e+00 7.9253509e-09 7.8178036e-07 7.6686391e-03
-3.1351351e+00 8.8517191e-09 8.4987214e-07 7.7163616e-03
-3.1271271e+00 9.8855374e-09 9.1628480e-07 7.8274409e-03
-3.1191191e+00 1.1040453e-08 9.8135523e-07 7.9813533e-03
-3.1111111e+00 1.2322290e-08 1.0740811e-06 8.1488360e-03
-3.1031031e+00 1.3758917e-08 1.1606564e-06 8.3065668e-03
-3.0950951e+00 1.5342290e-08 1.2555110e-06 8.4508981e-03
-3.0870871e+00 1.7107594e-08 1.3613846e-06 8.4715567e-03
-3.0790791e+00 1.9043896e-08 1.4785730e-06 8.5181099e-03
-3.0710711e+00 2.1168215e-08 1.5886327e-06 8.6572294e-03
-3.0630631e+00 2.3571838e-08 1.7248468e-06 8.7474373e-03
-3.0550551e+00 2.6184313e-08 1.8731561e-06 8.7675991e-03
-3.0470470e+00 2.9175257e-08 2.0294462e-06 8.9242159e-03
-3.0390390e+00 3.2443742e-08 2.1978843e-06 8.9927997e-03
-3.0310310e+00 3.6095918e-08 2.3725994e-06 8.9173722e-03
-3.0230230e+00 4.0188673e-08 2.5714127e-06 9.0717828e-03
-3.0150150e+00 4.4666693e-08 2.7904139e-06 9.3086821e-03
-3.0070070e+00 4.9618968e-08 3.0216113e-06 9.4047091e-03
-2.9989990e+00 5.5092038e-08 3.2766977e-06 9.5315754e-03
-2.9909910e+00 6.1147537e-08 3.5592592e-06 9.6147895e-03
-2.9829830e+00 6.7696159e-08 3.8604571e-06 9.7540859e-03
-2.9749750e+00 7.5111924e-08 4.1454685e-06 9.8884216e-03
-2.9669670e+00 8.3163179e-08 4.4777249e-06 1.0101201e-02
-2.9589590e+00 9.2135779e-08 4.8680646e-06 1.0292907e-02
-2.9509510e+00 1.0202026e-07 5.2500355e-06 1.0422904e-02
-2.9429429e+00 1.1307711e-07 5.6657119e-06 1.0589906e-02
-2.9349349e+00 1.2514110e-07 6.1142611e-06 1.0819798e-02
-2.9269269e+00 1.3863682e-07 6.6035076e-06 1.0798275e-02
-2.9189189e+00 1.5282988e-07 7.1483997e-06 1.0924121e-02
-2.9109109e+00 1.6912313e-07 7.6985098e-06 1.1176655e-02
-2.9029029e+00 1.8692221e-07 8.2922746e-06 1.1403574e-02
-2.8948949e+00 2.0687243e-07 8.9482642e-06 1.1654555e-02
-2.8868869e+00 2.2863013e-07 9.6105913e-06 1.1863565e-02
-2.8788789e+00 2.5268004e-07 1.0366269e-05 1.2214755e-02
-2.8708709e+00 2.7832231e-07 1.1096608e-05 1.2545999e-02
-2.8628629e+00 3.0687076e-07 1.1886980e-05 1.2822190e-02
-2.8548549e+00 3.3877129e-07 1.2865744e-05 1.3010376e-02
-2.8468468e+00 3.7398786e-07 1.3818910e-05 1.3171111e-02
-2.8388388e+00 4.1217164e-07 1.4875284e-05 1.3377630e-02
-2.8308308e+00 4.5406164e-07 1.6045458e-05 1.3717045e-02
-2.8228228e+00 5.0075133e-07 1.7188858e-05 1.3976091e-02
-2.8148148e+00 5.5123194e-07 1.8492820e-05 1.4244797e-02
-2.8068068e+00 6.0801107e-07 1.9794978e-05 1.4540722e-02
-2.7987988e+00 6.6922369e-07 2.1376054e-05 1.4887787e-02
-2.7907908e+00 7.3737779e-07 2.2952308e-05 1.5179992e-02
-2.7827828e+00 8.1128619e-07 2.4716203e-05 1.5477860e-02
-2.7747748e+00 8.9359037e-07 2.6616817e-05 1.5715750e-02
-2.7667668e+00 9.8250886e-07 2.8573753e-05 1.5960033e-02
-2.7587588e+00 1.0805481e-06 3.0689865e-05 1.6405718e-02
-2.7507508e+00 1.1857672e-06 3.3001520e-05 1.6898342e-02
-2.7427427e+00 1.3027430e-06 3.5493264e-05 1.7106691e-02
-2.7347347e+00 1.4296354e-06 3.8031839e-05 1.7552607e-02
-2.7267267e+00 1.5709014e-06 4.0765600e-05 1.7896095e-02
-2.7187187e+00 1.7234898e-06 4.3786077e-05 1.8345731e-02
-2.7107107e+00 1.8906286e-06 4.6898714e-05 1.8781182e-02
-2.7027027e+00 2.0760558e-06 5.0083229e-05 1.9186726e-02
-2.6946947e+00 2.2744749e-06 5.3604417e-05 1.9585160e-02
-2.6866867e+00 2.4926077e-06 5.7928754e-05 2.0092598e-02
-2.6786787e+00 2.7261742e-06 6.2282401e-05 2.0611682e-02
-2.6706707e+00 2.9846328e-06 6.6549476e-05 2.1184578e-02
-2.6626627e+00 3.2708478e-06 7.1371162e-05 2.1797004e-02
-2.6546547e+00 3.5656676e-06 7.6541582e-05 2.2216421e-02
-2.6466466e+00 3.8864855e-06 8.2292828e-05 2.2697504e-02
-2.6386386e+00 4.2446845e-06 8.8095284e-05 2.3138879e-02
-2.6306306e+00 4.6394559e-06 9.4328081e-05 2.3679275e-02
-2.6226226e+00 5.0723263e-06 1.0064604e-04 2.4113110e-02
-2.6146146e+00 5.5397200e-06 1.0763295e-04 2.4549178e-02
-2.6066066e+00 6.0428286e-06 1.1525108e-04 2.5038315e-02
-2.5985986e+00 6.5934469e-06 1.2336913e-04 2.5592696e-02
-2.5905906e+00 7.1956806e-06 1.3195055e-04 2.6281202e-02
-2.5825826e+00 7.8611215e-06 1.4138621e-04 2.6829018e-02
-2.5745746e+00 8.5807381e-06 1.5163728e-04 2.7537901e-02
-2.5665666e+00 9.3322527e-06 1.6199628e-04 2.8222560e-02
-2.5585586e+00 1.0179056e-05 1.7246224e-04 2.8687320e-02
-2.5505506e+00 1.1074159e-05 1.8417284e-04 2.9296591e-02
-2.5425425e+00 1.2058746e-05 1.9652167e-04 2.9996779e-02
-2.5345345e+00 1.3135376e-05 2.1030306e-04 3.0499088e-02
-2.5265265e+00 1.4267767e-05 2.2468301e-04 3.1219768e-02
-2.5185185e+00 1.5517761e-05 2.3944307e-04 3.2018341e-02
-2.5105105e+00 1.6858714e-05 2.5565188e-04 3.2693324e-02
-2.5025025e+00 1.8295335e-05 2.7263577e-04 3.3346270e-02
-2.4944945e+00 1.9914138e-05 2.9094156e-04 3.3991807e-02
-2.4864865e+00 2.1641809e-05 3.1039772e-04 3.4871339e-02
-2.4784785e+00 2.3555065e-05 3.3000850e-04 3.5728377e-02
-2.4704705e+00 2.5591513e-05 3.5073355e-04 3.6320577e-02
-2.4624625e+00 2.7735157e-05 3.7359763e-04 3.7140519e-02
-2.4544545e+00 3.0108060e-05 3.9885151e-04 3.7877670e-02
-2.4464464e+00 3.2660908e-05 4.2473410e-04 3.8970231e-02
-2.4384384e+00 3.5435203e-05 4.5243343e-04 4.0111892e-02
-2.4304304e+00 3.8458260e-05 4.8316781e-04 4.0967038e-02
-2.4224224e+00 4.1624581e-05 5.1409449e-04 4.1824024e-02
-2.4144144e+00 4.5127539e-05 5.4691087e-04 4.2823085e-02
-2.4064064e+00 4.8863908e-05 5.7897899e-04 4.3492037e-02
-2.3983984e+00 5.2871427e-05 6.1569923e-04 4.4394529e-02
-2.3903904e+00 5.7197661e-05 6.5656997e-04 4.5419798e-02
-2.3823824e+00 6.1927969e-05 6.9864209e-04 4.6246452e-02
-2.3743744e+00 6.6931484e-05 7.4150270e-04 4.7175261e-02
-2.3663664e+00 7.2364400e-05 7.8705685e-04 4.8206068e-02
-2.3583584e+00 7.8103136e-05 8.3421398e-04 4.9168388e-02
-2.3503504e+00 8.4376019e-05 8.8635152e-04 5.0138486e-02
-2.3423423e+00 9.1071365e-05 9.4024569e-04 5.1258660e-02
-2.3343343e+00 9.8193629e-05 9.9927825e-04 5.2517260e-02
-2.3263263e+00 1.0578034e-04 1.0604438e-03 5.3576127e-02
-2.3183183e+00 1.1413752e-04 1.1252921e-03 5.4471699e-02
-2.3103103e+00 1.2314968e-04 1.1907153e-03 5.5838463e-02
-2.3023023e+00 1.3275268e-04 1.2640319e-03 5.6842767e-02
-2.2942943e+00 1.4311838e-04 1.3371195e-03 5.7848232e-02
-2.2862863e+00 1.5395494e-04 1.4146360e-03 5.9131639e-02
-2.2782783e+00 1.6559061e-04 1.4987099e-03 6.0499225e-02
-2.2702703e+00 1.7813620e-04 1.5840724e-03 6.1533441e-02
-2.2622623e+00 1.9158582e-04 1.6740256e-03 6.2883130e-02
-2.2542543e+00 2.0596522e-04 1.7752582e-03 6.4188676e-02
-2.2462462e+00 2.2167893e-04 1.8831490e-03 6.5453832e-02
-2.2382382e+00 2.3842213e-04 1.9958290e-03 6.6749086e-02
-2.2302302e+00 2.5653285e-04 2.1112280e-03 6.8108790e-02
-2.2222222e+00 2.7586687e-04 2.2306537e-03 6.9442728e-02
-2.2142142e+00 2.9645564e-04 2.3521529e-03 7.0789114e-02
-2.2062062e+00 3.1785839e-04 2.4879970e-03 7.2172174e-02
-2.1981982e+00 3.4078991e-04 2.6272107e-03 7.3487487e-02
-2.1901902e+00 3.6459558e-04 2.7775938e-03 7.4895732e-02
-2.1821822e+00 3.9116284e-04 2.9284033e-03 7.5993192e-02
-2.1741742e+00 4.1956811e-04 3.0894667e-03 7.7428632e-02
-2.1661662e+00 4.5028880e-04 3.2591206e-03 7.8847152e-02
-2.1581582e+00 4.8258488e-04 3.4402585e-03 8.0164095e-02
-2.1501502e+00 5.1691857e-04 3.6279446e-03 8.1539381e-02
-2.1421421e+00 5.5416097e-04 3.8235793e-03 8.3089132e-02
-2.1341341e+00 5.9187861e-04 4.0367034e-03 8.4569086e-02
-2.1261261e+00 6.3353472e-04 4.2563363e-03 8.6066348e-02
-2.1181181e+00 6.7668111e-04 4.4759885e-03 8.7598375e-02
-2.1101101e+00 7.2390189e-04 4.7048025e-03 8.9283986e-02
-2.1021021e+00 7.7301457e-04 4.9662535e-03 9.0650345e-02
-2.0940941e+00 8.2550201e-04 5.2284443e-03 9.2061436e-02
-2.0860861e+00 8.8131769e-04 5.5069181e-03 9.3739891e-02
-2.0780781e+00 9.4026020e-04 5.7938013e-03 9.5350674e-02
-2.0700701e+00 1.0030617e-03 6.0913152e-03 9.6717197e-02
-2.0620621e+00 1.0690887e-03 6.4070269e-03 9.8073139e-02
-2.0540541e+00 1.1402036e-03 6.7324837e-03 9.9390018e-02
-2.0460460e+00 1.2165912e-03 7.0679934e-03 1.0088647e-01
-2.0380380e+00 1.2977874e-03 7.4185055e-03 1.0264548e-01
-2.0300300e+00 1.3828624e-03 7.7939257e-03 1.0420223e-01
-2.0220220e+00 1.4728681e-03 8.1867137e-03 1.0579615e-01
-2.0140140e+00 1.5669720e-03 8.6079427e-03 1.0771910e-01
-2.0060060e+00 1.6672737e-03 9.0424063e-03 1.0928073e-01
-1.9979980e+00 1.7715211e-03 9.4908258e-03 1.1104602e-01
-1.9899900e+00 1.8818726e-03 9.9522662e-03 1.1264386e-01
-1.9819820e+00 1.9991396e-03 1.0446006e-02 1.1428338e-01
-1.9739740e+00 2.1267614e-03 1.0968350e-02 1.1579025e-01
-1.9659660e+00 2.2607029e-03 1.1475187e-02 1.1751205e-01
-1.9579580e+00 2.4045614e-03 1.2035022e-02 1.1892961e-01
-1.9499499e+00 2.5547063e-03 1.2607261e-02 1.2040017e-01
-1.9419419e+00 2.7132167e-03 1.3198301e-02 1.2200554e-01
-1.9339339e+00 2.8851294e-03 1.3812475e-02 1.2338927e-01
-1.9259259e+00 3.0611181e-03 1.4459501e-02 1.2490216e-01
-1.9179179e+00 3.2469525e-03 1.5140102e-02 1.2624234e-01
-1.9099099e+00 3.4459784e-03 1.5817489e-02 1.2768291e-01
-1.9019019e+00 3.6526934e-03 1.6500493e-02 1.2922114e-01
-1.8938939e+00 3.8680490e-03 1.7255981e-02 1.3066533e-01
-1.8858859e+00 4.0964828e-03 1.8070574e-02 1.3194279e-01
-1.8778779e+00 4.3343953e-03 1.8901614e-02 1.3336125e-01
-1.8698699e+00 4.5829569e-03 1.9758850e-02 1.3443624e-01
-1.8618619e+00 4.8497254e-03 2.0647768e-02 1.3543040e-01
-1.8538539e+00 5.1344525e-03 2.1595318e-02 1.3664766e-01
-1.8458458e+00 5.4315360e-03 2.2587622e-02 1.3776274e-01
-1.8378378e+00 5.7376668e-03 2.3617248e-02 1.3892786e-01
-1.8298298e+00 6.0601888e-03 2.4665289e-02 1.4024778e-01
-1.8218218e+00 6.3969980e-03 2.5756544e-02 1.4192165e-01
-1.8138138e+00 6.7493844e-03 2.6879038e-02 1.4318789e-01
-1.8058058e+00 7.1284928e-03 2.7987051e-02 1.4465183e-01
-1.7977978e+00 7.5149274e-03 2.9201383e-02 1.4630588e-01
-1.7897898e+00 7.9305230e-03 3.0450307e-02 1.4793671e-01
-1.7817818e+00 8.3559818e-03 3.1695733e-02 1.4982730e-01
-1.7737738e+00 8.8114220e-03 3.3036437e-02 1.5194455e-01
-1.7657658e+00 9.2886865e-03 3.4399243e-02 1.5456090e-01
-1.7577578e+00 9.7903474e-03 3.5878519e-02 1.5656325e-01
-1.7497497e+00 1.0297834e-02 3.7368438e-02 1.5868611e-01
-1.7417417e+00 1.0834661e-02 3.8921358e-02 1.6107858e-01
-1.7337337e+00 1.1394247e-02 4.0530903e-02 1.6356573e-01
-1.7257257e+00 1.1979529e-02 4.2140160e-02 1.6621662e-01
-1.7177177e+00 1.2605779e-02 4.3763926e-02 1.6880748e-01
-1.7097097e+00 1.3257394e-02 4.5467276e-02 1.7142324e-01
-1.7017017e+00 1.3926298e-02 4.7277981e-02 1.7419594e-01
-1.6936937e+00 1.4635550e-02 4.9102605e-02 1.7667547e-01
-1.6856857e+00 1.5363797e-02 5.1007677e-02 1.7961659e-01
-1.6776777e+00 1.6131940e-02 5.3061829e-02 1.8271526e-01
-1.6696697e+00 1.6914858e-02 5.5110106e-02 1.8558455e-01
-1.6616617e+00 1.7752766e-02 5.7117423e-02 1.8873448e-01
-1.6536537e+00 1.8610597e-02 5.9220192e-02 1.9179511e-01
-1.6456456e+00 1.9503867e-02 6.1476063e-02 1.9512299e-01
-1.6376376e+00 2.0455314e-02 6.3724364e-02 1.9833408e-01
-1.6296296e+00 2.1448475e-02 6.6023953e-02 2.0143781e-01
-1.6216216e+00 2.2465161e-02 6.8347128e-02 2.0479475e-01
-1.6136136e+00 2.3516676e-02 7.0835426e-02 2.0774044e-01
-1.6056056e+00 2.4647360e-02 7.3293730e-02 2.1125861e-01
-1.5975976e+00 2.5821435e-02 7.5933734e-02 2.1505449e-01
-1.5895896e+00 2.6997457e-02 7.8590426e-02 2.1856846e-01
-1.5815816e+00 2.8190944e-02 8.1238484e-02 2.2230754e-01
-1.5735736e+00 2.9503480e-02 8.4074317e-02 2.2576721e-01
-1.5655656e+00 3.0772975e-02 8.6916790e-02 2.2960556e-01
-1.5575576e+00 3.2188675e-02 8.9808203e-02 2.3275798e-01
-1.5495495e+00 3.3655054e-02 9.2793762e-02 2.3660039e-01
-1.5415415e+00 3.5144768e-02 9.5766027e-02 2.4051302e-01
-1.5335335e+00 3.6633226e-02 9.8787836e-02 2.4408643e-01
-1.5255255e+00 3.8242179e-02 1.0182747e-01 2.4754784e-01
-1.5175175e+00 3.9986666e-02 1.0502557e-01 2.5095504e-01
-1.5095095e+00 4.1710567e-02 1.0833096e-01 2.5451140e-01
-1.5015015e+00 4.3478018e-02 1.1158101e-01 2.5829415e-01
-1.4934935e+00 4.5348898e-02 1.1487613e-01 2.6205337e-01
-1.4854855e+00 4.7271552e-02 1.1836604e-01 2.6610273e-01
-1.4774775e+00 4.9240315e-02 1.2194980e-01 2.6962636e-01
-1.4694695e+00 5.1318796e-02 1.2535606e-01 2.7311624e-01
-1.4614615e+00 5.3370531e-02 1.2887364e-01 2.7673799e-01
-1.4534535e+00 5.5545370e-02 1.3237346e-01 2.8004840e-01
-1.4454454e+00 5.7746440e-02 1.3630574e-01 2.8360431e-01
-1.4374374e+00 6.0076787e-02 1.3988099e-01 2.8707354e-01
-1.4294294e+00 6.2434888e-02 1.4360213e-01 2.9076922e-01
-1.4214214e+00 6.4781374e-02 1.4725670e-01 2.9471824e-01
-1.4134134e+00 6.7288777e-02 1.5094706e-01 2.9848001e-01
-1.4054054e+00 6.9849547e-02 1.5478919e-01 3.0228289e-01
-1.3973974e+00 7.2597380e-02 1.5882017e-01 3.0652590e-01
-1.3893894e+00 7.5446986e-02 1.6272051e-01 3.1116020e-01
-1.3813814e+00 7.8263010e-02 1.6688610e-01 3.1578535e-01
-1.3733734e+00 8.1213488e-02 1.7115074e-01 3.2070707e-01
-1.3653654e+00 8.4242690e-02 1.7550260e-01 3.2545025e-01
-1.3573574e+00 8.7265309e-02 1.7968782e-01 3.3024388e-01
-1.3493493e+00 9.0295782e-02 1.8400757e-01 3.3501501e-01
-1.3413413e+00 9.3540823e-02 1.8846087e-01 3.3995250e-01
-1.3333333e+00 9.6835643e-02 1.9289691e-01 3.4513554e-01
-1.3253253e+00 1.0026121e-01 1.9744392e-01 3.5033024e-01
-1.3173173e+00 1.0360997e-01 2.0216503e-01 3.5535360e-01
-1.3093093e+00 1.0716393e-01 2.0681084e-01 3.6079540e-01
-1.3013013e+00 1.1075449e-01 2.1169693e-01 3.6631985e-01
-1.2932933e+00 1.1447573e-01 2.1670458e-01 3.7192140e-01
-1.2852853e+00 1.1819165e-01 2.2196255e-01 3.7708397e-01
-1.2772773e+00 1.2223331e-01 2.2714885e-01 3.8264326e-01
-1.2692693e+00 1.2611457e-01 2.3241558e-01 3.8851695e-01
-1.2612613e+00 1.3012918e-01 2.3801591e-01 3.9428089e-01
-1.2532533e+00 1.3409404e-01 2.4326688e-01 3.9977317e-01
-1.2452452e+00 1.3803778e-01 2.4877624e-01 4.0587766e-01
-1.2372372e+00 1.4213707e-01 2.5454299e-01 4.1172306e-01
-1.2292292e+00 1.4625907e-01 2.5968534e-01 4.1808388e-01
-1.2212212e+00 1.5063682e-01 2.6530381e-01 4.2419115e-01
-1.2132132e+00 1.5523321e-01 2.7117929e-01 4.3071658e-01
-1.2052052e+00 1.5967680e-01 2.7706244e-01 4.3747985e-01
-1.1971972e+00 1.6408248e-01 2.8284332e-01 4.4405039e-01
-1.1891892e+00 1.6866973e-01 2.8878515e-01 4.5037580e-01
-1.1811812e+00 1.7338212e-01 2.9507093e-01 4.5728801e-01
-1.1731732e+00 1.7806619e-01 3.0132756e-01 4.6433885e-01
-1.1651652e+00 1.8297019e-01 3.0740978e-01 4.7104358e-01
-1.1571572e+00 1.8789529e-01 3.1362291e-01 4.7809327e-01
-1.1491491e+00 1.9303834e-01 3.2005690e-01 4.8476344e-01
-1.1411411e+00 1.9823200e-01 3.2646118e-01 4.9192650e-01
-1.1331331e+00 2.0357844e-01 3.3302471e-01 4.9954069e-01
-1.1251251e+00 2.0891775e-01 3.3941010e-01 5.0707082e-01
-1.1171171e+00 2.1442504e-01 3.4613642e-01 5.1384981e-01
-1.1091091e+00 2.1975530e-01 3.5307534e-01 5.2127905e-01
-1.1011011e+00 2.2525432e-01 3.5992034e-01 5.2902723e-01
-1.0930931e+00 2.3061210e-01 3.6648963e-01 5.3670808e-01
-1.0850851e+00 2.3618529e-01 3.7353727e-01 5.4367398e-01
-1.0770771e+00 2.4183092e-01 3.8052824e-01 5.5218819e-01
-1.0690691e+00 2.4783392e-01 3.8771995e-01 5.6023630e-01
-1.0610611e+00 2.5371008e-01 3.9498468e-01 5.6802114e-01
-1.0530531e+00 2.5979097e-01 4.0237470e-01 5.7590576e-01
-1.0450450e+00 2.6578607e-01 4.0992111e-01 5.8387613e-01
-1.0370370e+00 2.7191202e-01 4.1733164e-01 5.9205418e-01
-1.0290290e+00 2.7797473e-01 4.2450537e-01 6.0039275e-01
-1.0210210e+00 2.8409593e-01 4.3205381e-01 6.0890441e-01
-1.0130130e+00 2.9040013e-01 4.3956800e-01 6.1712921e-01
-1.0050050e+00 2.9647316e-01 4.4719013e-01 6.2583356e-01
-9.9699700e-01 3.0270332e-01 4.5485787e-01 6.3440802e-01
-9.8898899e-01 3.0892477e-01 4.6243357e-01 6.4264202e-01
-9.8098098e-01 3.1548450e-01 4.7040148e-01 6.5091789e-01
-9.7297297e-01 3.2233401e-01 4.7829413e-01 6.5948939e-01
-9.6496496e-01 3.2869049e-01 4.8604493e-01 6.6784441e-01
-9.5695696e-01 3.3527447e-01 4.9398385e-01 6.7642342e-01
-9.4894895e-01 3.4216125e-01 5.0188509e-01 6.8493312e-01
-9.4094094e-01 3.4887099e-01 5.0985010e-01 6.9396171e-01
-9.3293293e-01 3.5565601e-01 5.1786242e-01 7.0233306e-01
-9.2492492e-01 3.6262532e-01 5.2590206e-01 7.1112754e-01
-9.1691692e-01 3.6955323e-01 5.3396931e-01 7.2014487e-01
-9.0890891e-01 3.7655372e-01 5.4201094e-01 7.2899947e-01
-9.0090090e-01 3.8353005e-01 5.5019491e-01 7.3749905e-01
-8.9289289e-01 3.9025302e-01 5.5847110e-01 7.4593639e-01
-8.8488488e-01 3.9694314e-01 5.6705395e-01 7.5500505e-01
-8.7687688e-01 4.0375925e-01 5.7531493e-01 7.6353088e-01
-8.6886887e-01 4.1105098e-01 5.8366687e-01 7.7221674e-01
-8.6086086e-01 4.1854517e-01 5.9194076e-01 7.8113381e-01
-8.5285285e-01 4.2572662e-01 6.0043723e-01 7.8981460e-01
-8.4484484e-01 4.3322586e-01 6.0868380e-01 7.9831573e-01
-8.3683684e-01 4.4045492e-01 6.1719818e-01 8.0709868e-01
-8.2882883e-01 4.4803066e-01 6.2565147e-01 8.1592306e-01
-8.2082082e-01 4.5564294e-01 6.3425166e-01 8.2480058e-01
-8.1281281e-01 4.6282633e-01 6.4284599e-01 8.3295066e-01
-8.0480480e-01 4.7040513e-01 6.5120533e-01 8.4171245e-01
-7.9679680e-01 4.7776949e-01 6.5938262e-01 8.5015507e-01
-7.8878879e-01 4.8478407e-01 6.6757305e-01 8.5916358e-01
-7.8078078e-01 4.9210787e-01 6.7570537e-01 8.6757657e-01
-7.7277277e-01 4.9974347e-01 6.8424948e-01 8.7613184e-01
-7.6476476e-01 5.0698977e-01 6.9260926e-01 8.8471078e-01
-7.5675676e-01 5.1462684e-01 7.0086913e-01 8.9268423e-01
-7.4874875e-01 5.2182321e-01 7.0880042e-01 9.0115031e-01
-7.4074074e-01 5.2934207e-01 7.1667677e-01 9.0961738e-01
-7.3273273e-01 5.3674498e-01 7.2459309e-01 9.1727379e-01
-7.2472472e-01 5.4383962e-01 7.3273220e-01 9.2525372e-01
-7.1671672e-01 5.5117801e-01 7.4053023e-01 9.3298705e-01
-7.0870871e-01 5.5863478e-01 7.4883168e-01 9.4063765e-01
-7.0070070e-01 5.6593533e-01 7.5662216e-01 9.4878764e-01
-6.9269269e-01 5.7312138e-01 7.6458422e-01 9.5659742e-01
-6.8468468e-01 5.7981407e-01 7.7235059e-01 9.6435704e-01
-6.7667668e-01 5.8694492e-01 7.8018099e-01 9.7247470e-01
-6.6866867e-01 5.9379487e-01 7.8798381e-01 9.8020709e-01
-6.6066066e-01 6.0103344e-01 7.9536629e-01 9.8807792e-01
-6.5265265e-01 6.0810399e-01 8.0293173e-01 9.9597348e-01
-6.4464464e-01 6.1536686e-01 8.1030674e-01 1.0033964e+00
-6.3663664e-01 6.2231450e-01 8.1740506e-01 1.0103926e+00
-6.2862863e-01 6.2932086e-01 8.2477980e-01 1.0178300e+00
-6.2062062e-01 6.3633742e-01 8.3165843e-01 1.0245337e+00
-6.1261261e-01 6.4303576e-01 8.3858444e-01 1.0318550e+00
-6.0460460e-01 6.4961188e-01 8.4527674e-01 1.0380343e+00
-5.9659660e-01 6.5651259e-01 8.5194747e-01 1.0447522e+00
-5.8858859e-01 6.6253723e-01 8.5839737e-01 1.0512849e+00
-5.8058058e-01 6.6869074e-01 8.6517302e-01 1.0575314e+00
-5.7257257e-01 6.7520162e-01 8.7099354e-01 1.0634777e+00
-5.6456456e-01 6.8149777e-01 8.7728381e-01 1.0694757e+00
-5.5655656e-01 6.8746894e-01 8.8333750e-01 1.0757163e+00
-5.4854855e-01 6.9341066e-01 8.8964852e-01 1.0818481e+00
-5.4054054e-01 6.9936722e-01 8.9570315e-01 1.0870833e+00
-5.3253253e-01 7.0488018e-01 9.0152672e-01 1.0927318e+00
-5.2452452e-01 7.1055299e-01 9.0723499e-01 1.0980581e+00
-5.1651652e-01 7.1549805e-01 9.1251947e-01 1.1031568e+00
-5.0850851e-01 7.2054914e-01 9.1784890e-01 1.1081561e+00
-5.0050050e-01 7.2567848e-01 9.2312498e-01 1.1128066e+00
-4.9249249e-01 7.3056947e-01 9.2831143e-01 1.1172501e+00
-4.8448448e-01 7.3521931e-01 9.3309863e-01 1.1220268e+00
-4.7647648e-01 7.3968621e-01 9.3815007e-01 1.1267279e+00
-4.6846847e-01 7.4417633e-01 9.4272177e-01 1.1313463e+00
-4.6046046e-01 7.4849092e-01 9.4708472e-01 1.1356332e+00
-4.5245245e-01 7.5320813e-01 9.5157647e-01 1.1396285e+00
-4.4444444e-01 7.5696914e-01 9.5621983e-01 1.1438663e+00
-4.3643644e-01 7.6106299e-01 9.6039539e-01 1.1477411e+00
-4.2842843e-01 7.6467332e-01 9.6416171e-01 1.1513277e+00
-4.2042042e-01 7.6881104e-01 9.6782590e-01 1.1544716e+00
-4.1241241e-01 7.7220575e-01 9.7126990e-01 1.1574409e+00
-4.0440440e-01 7.7510699e-01 9.7421341e-01 1.1596658e+00
-3.9639640e-01 7.7790375e-01 9.7741999e-01 1.1619944e+00
-3.8838839e-01 7.8082345e-01 9.8019424e-01 1.1648391e+00
-3.8038038e-01 7.8356202e-01 9.8290048e-01 1.1677811e+00
-3.7237237e-01 7.8641285e-01 9.8504635e-01 1.1694463e+00
-3.6436436e-01 7.8907967e-01 9.8699053e-01 1.1720404e+00
-3.5635636e-01 7.9158110e-01 9.8918503e-01 1.1741326e+00
-3.4834835e-01 7.9363415e-01 9.9153152e-01 1.1755722e+00
-3.4034034e-01 7.9533306e-01 9.9335036e-01 1.1766909e+00
-3.3233233e-01 7.9706345e-01 9.9465013e-01 1.1782241e+00
-3.2432432e-01 7.9829621e-01 9.9556945e-01 1.1793758e+00
-3.1631632e-01 7.9944137e-01 9.9645521e-01 1.1807825e+00
-3.0830831e-01 8.0024785e-01 9.9746965e-01 1.1822839e+00
-3.0030030e-01 8.0111485e-01 9.9834745e-01 1.1824296e+00
-2.9229229e-01 8.0121352e-01 9.9892729e-01 1.1828537e+00
-2.8428428e-01 8.0222330e-01 9.9938508e-01 1.1835089e+00
-2.7627628e-01 8.0297947e-01 9.9952557e-01 1.1829341e+00
-2.6826827e-01 8.0245720e-01 1.0000000e+00 1.1828224e+00
-2.6026026e-01 8.0238641e-01 9.9929033e-01 1.1826654e+00
-2.5225225e-01 8.0136469e-01 9.9904822e-01 1.1823299e+00
-2.4424424e-01 8.0084943e-01 9.9841072e-01 1.1819359e+00
-2.3623624e-01 8.0014404e-01 9.9773298e-01 1.1809530e+00
-2.2822823e-01 7.9903070e-01 9.9653200e-01 1.1800474e+00
-2.2022022e-01 7.9788638e-01 9.9507548e-01 1.1791734e+00
-2.1221221e-01 7.9643553e-01 9.9389987e-01 1.1780471e+00
-2.0420420e-01 7.9469886e-01 9.9237136e-01 1.1767444e+00
-1.9619620e-01 7.9199028e-01 9.9057699e-01 1.1753582e+00
-1.8818819e-01 7.8941351e-01 9.8826864e-01 1.1736409e+00
-1.8018018e-01 7.8698440e-01 9.8590936e-01 1.1720045e+00
-1.7217217e-01 7.8425519e-01 9.8386456e-01 1.1695955e+00
-1.6416416e-01 7.8107529e-01 9.8125194e-01 1.1665903e+00
-1.5615616e-01 7.7813346e-01 9.7853509e-01 1.1642093e+00
-1.4814815e-01 7.7476269e-01 9.7521204e-01 1.1613426e+00
-1.4014014e-01 7.7203733e-01 9.7189798e-01 1.1585293e+00
-1.3213213e-01 7.6823966e-01 9.6838353e-01 1.1558700e+00
-1.2412412e-01 7.6478929e-01 9.6496220e-01 1.1528631e+00
-1.1611612e-01 7.6146470e-01 9.6100528e-01 1.1499179e+00
-1.0810811e-01 7.5709149e-01 9.5708487e-01 1.1456882e+00
-1.0010010e-01 7.5323678e-01 9.5311416e-01 1.1415785e+00
-9.2092092e-02 7.4925427e-01 9.4852978e-01 1.1375736e+00
-8.4084084e-02 7.4486146e-01 9.4388468e-01 1.1342190e+00
-7.6076076e-02 7.4067344e-01 9.3941215e-01 1.1298918e+00
-6.8068068e-02 7.3614557e-01 9.3505682e-01 1.1251166e+00
-6.0060060e-02 7.3111801e-01 9.3024086e-01 1.1208254e+00
-5.2052052e-02 7.2595164e-01 9.2503348e-01 1.1158024e+00
-4.4044044e-02 7.2071236e-01 9.1987227e-01 1.1109373e+00
-3.6036036e-02 7.1560702e-01 9.1397864e-01 1.1053120e+00
-2.8028028e-02 7.1000223e-01 9.0844928e-01 1.1004454e+00
-2.0020020e-02 7.0471886e-01 9.0273381e-01 1.0954747e+00
-1.2012012e-02 6.9898860e-01 8.9672222e-01 1.0897528e+00
-4.0040040e-03 6.9297130e-01 8.9082568e-01 1.0840100e+00
4.0040040e-03 6.8773311e-01 8.8441613e-01 1.0778253e+00
1.2012012e-02 6.8211009e-01 8.7850401e-01 1.0713982e+00
2.0020020e-02 6.7665923e-01 8.7232803e-01 1.0651247e+00
2.8028028e-02 6.7045783e-01 8.6576829e-01 1.0589441e+00
3.6036036e-02 6.6372012e-01 8.5907696e-01 1.0525365e+00
4.4044044e-02 6.5707794e-01 8.5220700e-01 1.0457303e+00
5.2052052e-02 6.5064247e-01 8.4551562e-01 1.0386860e+00
6.0060060e-02 6.4389135e-01 8.3850157e-01 1.0315501e+00
6.8068068e-02 6.3752000e-01 8.3158649e-01 1.0243411e+00
7.6076076e-02 6.3099944e-01 8.2439617e-01 1.0169265e+00
8.4084084e-02 6.2478240e-01 8.1735284e-01 1.0095181e+00
9.2092092e-02 6.1783683e-01 8.1021054e-01 1.0018487e+00
1.0010010e-01 6.1134423e-01 8.0299878e-01 9.9496599e-01
1.0810811e-01 6.0472098e-01 7.9599746e-01 9.8693209e-01
1.1611612e-01 5.9808055e-01 7.8849162e-01 9.7867872e-01
1.2412412e-01 5.9126969e-01 7.8088621e-01 9.7078613e-01
1.3213213e-01 5.8424622e-01 7.7302447e-01 9.6286430e-01
1.4014014e-01 5.7782826e-01 7.6497095e-01 9.5493602e-01
1.4814815e-01 5.7115053e-01 7.5694041e-01 9.4688806e-01
1.5615616e-01 5.6443302e-01 7.4906524e-01 9.3835879e-01
1.6416416e-01 5.5737644e-01 7.4093749e-01 9.2975833e-01
1.7217217e-01 5.5092425e-01 7.3319262e-01 9.2113904e-01
1.8018018e-01 5.4384200e-01 7.2531526e-01 9.1284508e-01
1.8818819e-01 5.3683894e-01 7.1722514e-01 9.0438093e-01
1.9619620e-01 5.2970467e-01 7.0958311e-01 8.9555151e-01
2.0420420e-01 5.2253623e-01 7.0157609e-01 8.8686095e-01
2.1221221e-01 5.1536178e-01 6.9367596e-01 8.7829652e-01
2.2022022e-01 5.0837014e-01 6.8585212e-01 8.6983287e-01
2.2822823e-01 5.0119214e-01 6.7757961e-01 8.6074608e-01
2.3623624e-01 4.9432302e-01 6.6953745e-01 8.5226206e-01
2.4424424e-01 4.8744915e-01 6.6173313e-01 8.4395644e-01
2.5225225e-01 4.8061925e-01 6.5360264e-01 8.3499826e-01
2.6026026e-01 4.7393842e-01 6.4576499e-01 8.2593743e-01
2.6826827e-01 4.6715908e-01 6.3767478e-01 8.1694343e-01
2.7627628e-01 4.6058269e-01 6.2980105e-01 8.0781048e-01
2.8428428e-01 4.5398555e-01 6.2176106e-01 7.9866649e-01
2.9229229e-01 4.4778941e-01 6.1386782e-01 7.8934525e-01
3.0030030e-01 4.4110493e-01 6.0582827e-01 7.8055980e-01
3.0830831e-01 4.3447233e-01 5.9780182e-01 7.7168306e-01
3.1631632e-01 4.2818467e-01 5.8988984e-01 7.6272041e-01
3.2432432e-01 4.2174462e-01 5.8221189e-01 7.5402235e-01
3.3233233e-01 4.1508782e-01 5.7422677e-01 7.4477580e-01
3.4034034e-01 4.0880506e-01 5.6636867e-01 7.3601418e-01
3.4834835e-01 4.0244915e-01 5.5864754e-01 7.2713296e-01
3.5635636e-01 3.9585380e-01 5.5091628e-01 7.1831922e-01
3.6436436e-01 3.8952019e-01 5.4334402e-01 7.0936747e-01
3.7237237e-01 3.8354618e-01 5.3597193e-01 7.0065922e-01
3.8038038e-01 3.7754932e-01 5.2836443e-01 6.9148396e-01
3.8838839e-01 3.7138921e-01 5.2065269e-01 6.8303453e-01
3.9639640e-01 3.6512122e-01 5.1338579e-01 6.7430009e-01
4.0440440e-01 3.5927587e-01 5.0608057e-01 6.6560142e-01
4.1241241e-01 3.5334835e-01 4.9865780e-01 6.5668325e-01
4.2042042e-01 3.4758762e-01 4.9162419e-01 6.4806456e-01
4.2842843e-01 3.4181376e-01 4.8471666e-01 6.3986982e-01
4.3643644e-01 3.3620428e-01 4.7785849e-01 6.3166756e-01
4.4444444e-01 3.3044084e-01 4.7104587e-01 6.2365036e-01
4.5245245e-01 3.2472060e-01 4.6427777e-01 6.1513810e-01
4.6046046e-01 3.1889581e-01 4.5720748e-01 6.0688769e-01
4.6846847e-01 3.1331650e-01 4.5058980e-01 5.9923418e-01
4.7647648e-01 3.0780574e-01 4.4392011e-01 5.9155937e-01
4.8448448e-01 3.0243581e-01 4.3719407e-01 5.8359762e-01
4.9249249e-01 2.9685152e-01 4.3046776e-01 5.7631644e-01
5.0050050e-01 2.9132320e-01 4.2430312e-01 5.6886951e-01
5.0850851e-01 2.8601191e-01 4.1815471e-01 5.6155518e-01
5.1651652e-01 2.8061635e-01 4.1189514e-01 5.5436173e-01
5.2452452e-01 2.7535684e-01 4.0572229e-01 5.4709894e-01
5.3253253e-01 2.7007232e-01 3.9967334e-01 5.4021827e-01
5.4054054e-01 2.6486955e-01 3.9353086e-01 5.3363272e-01
5.4854855e-01 2.5993832e-01 3.8710286e-01 5.2730721e-01
5.5655656e-01 2.5438287e-01 3.8138951e-01 5.2063733e-01
5.6456456e-01 2.4938236e-01 3.7534774e-01 5.1463049e-01
5.7257257e-01 2.4417255e-01 3.6973991e-01 5.0822321e-01
5.8058058e-01 2.3890792e-01 3.6424440e-01 5.0215129e-01
5.8858859e-01 2.3381945e-01 3.5865622e-01 4.9628464e-01
5.9659660e-01 2.2898763e-01 3.5310972e-01 4.9073614e-01
6.0460460e-01 2.2404552e-01 3.4748082e-01 4.8481462e-01
6.1261261e-01 2.1926662e-01 3.4198088e-01 4.7928309e-01
6.2062062e-01 2.1444085e-01 3.3679627e-01 4.7421259e-01
6.2862863e-01 2.0993391e-01 3.3146115e-01 4.6881112e-01
6.3663664e-01 2.0528950e-01 3.2629458e-01 4.6372734e-01
6.4464464e-01 2.0032354e-01 3.2146675e-01 4.5895729e-01
6.5265265e-01 1.9570008e-01 3.1663528e-01 4.5394561e-01
6.6066066e-01 1.9124960e-01 3.1172135e-01 4.4922382e-01
6.6866867e-01 1.8696756e-01 3.0683641e-01 4.4420388e-01
6.7667668e-01 1.8245023e-01 3.0201861e-01 4.3982221e-01
6.8468468e-01 1.7783855e-01 2.9730078e-01 4.3529635e-01
6.9269269e-01 1.7389728e-01 2.9248900e-01 4.3102442e-01
7.0070070e-01 1.6960943e-01 2.8779750e-01 4.2659189e-01
7.0870871e-01 1.6495396e-01 2.8318160e-01 4.2222499e-01
7.1671672e-01 1.6058959e-01 2.7888025e-01 4.1767663e-01
7.2472472e-01 1.5646035e-01 2.7456454e-01 4.1319264e-01
7.3273273e-01 1.5225203e-01 2.7005702e-01 4.0927552e-01
7.4074074e-01 1.4814938e-01 2.6587676e-01 4.0514396e-01
7.4874875e-01 1.4390858e-01 2.6153525e-01 4.0127627e-01
7.5675676e-01 1.3952782e-01 2.5722116e-01 3.9750310e-01
7.6476476e-01 1.3526831e-01 2.5291955e-01 3.9368308e-01
7.7277277e-01 1.3087906e-01 2.4886429e-01 3.8980919e-01
7.8078078e-01 1.2666062e-01 2.4487403e-01 3.8582708e-01
7.8878879e-01 1.2244560e-01 2.4099165e-01 3.8232600e-01
7.9679680e-01 1.1818499e-01 2.3719918e-01 3.7890137e-01
8.0480480e-01 1.1401629e-01 2.3355576e-01 3.7526649e-01
8.1281281e-01 1.0999505e-01 2.2979943e-01 3.7172213e-01
8.2082082e-01 1.0612368e-01 2.2631954e-01 3.6821707e-01
8.2882883e-01 1.0232880e-01 2.2301446e-01 3.6470793e-01
8.3683684e-01 9.8697821e-02 2.1968572e-01 3.6116651e-01
8.4484484e-01 9.5167238e-02 2.1660954e-01 3.5808285e-01
8.5285285e-01 9.1650591e-02 2.1340663e-01 3.5499222e-01
8.6086086e-01 8.8361302e-02 2.1047652e-01 3.5178910e-01
8.6886887e-01 8.5079576e-02 2.0763652e-01 3.4879287e-01
8.7687688e-01 8.1945400e-02 2.0463034e-01 3.4554364e-01
8.8488488e-01 7.8860139e-02 2.0171892e-01 3.4251356e-01
8.9289289e-01 7.5915197e-02 1.9901841e-01 3.3926470e-01
9.0090090e-01 7.3073663e-02 1.9633272e-01 3.3635539e-01
9.0890891e-01 7.0228827e-02 1.9360788e-01 3.3357376e-01
9.1691692e-01 6.7486577e-02 1.9104120e-01 3.3064102e-01
9.2492492e-01 6.4832613e-02 1.8853963e-01 3.2789124e-01
9.3293293e-01 6.2297211e-02 1.8599886e-01 3.2514577e-01
9.4094094e-01 5.9803907e-02 1.8366069e-01 3.2249587e-01
9.4894895e-01 5.7505894e-02 1.8122902e-01 3.1975940e-01
9.5695696e-01 5.5176169e-02 1.7892130e-01 3.1691715e-01
9.6496496e-01 5.2925745e-02 1.7653090e-01 3.1397771e-01
9.7297297e-01 5.0684223e-02 1.7419782e-01 3.1134714e-01
9.8098098e-01 4.8574638e-02 1.7188225e-01 3.0829399e-01
9.8898899e-01 4.6563340e-02 1.6957145e-01 3.0535421e-01
9.9699700e-01 4.4574537e-02 1.6723014e-01 3.0243150e-01
1.0050050e+00 4.2736706e-02 1.6500043e-01 2.9970440e-01
1.0130130e+00 4.0925935e-02 1.6281151e-01 2.9676416e-01
1.0210210e+00 3.9173785e-02 1.6060580e-01 2.9397110e-01
1.0290290e+00 3.7466758e-02 1.5839043e-01 2.9107798e-01
1.0370370e+00 3.5820130e-02 1.5620985e-01 2.8820548e-01
1.0450450e+00 3.4251641e-02 1.5403066e-01 2.8546230e-01
1.0530531e+00 3.2740624e-02 1.5196791e-01 2.8242435e-01
1.0610611e+00 3.1314224e-02 1.4983694e-01 2.7968330e-01
1.0690691e+00 2.9900092e-02 1.4770756e-01 2.7671228e-01
1.0770771e+00 2.8553501e-02 1.4557001e-01 2.7361682e-01
1.0850851e+00 2.7251324e-02 1.4353830e-01 2.7062529e-01
1.0930931e+00 2.6020482e-02 1.4146340e-01 2.6762188e-01
1.1011011e+00 2.4827793e-02 1.3943014e-01 2.6447290e-01
1.1091091e+00 2.3682231e-02 1.3744274e-01 2.6124178e-01
1.1171171e+00 2.2566923e-02 1.3544182e-01 2.5806289e-01
1.1251251e+00 2.1511019e-02 1.3338014e-01 2.5494123e-01
1.1331331e+00 2.0493090e-02 1.3134321e-01 2.5178015e-01
1.1411411e+00 1.9508987e-02 1.2928988e-01 2.4851328e-01
1.1491491e+00 1.8571024e-02 1.2726440e-01 2.4520465e-01
1.1571572e+00 1.7682924e-02 1.2517071e-01 2.4190686e-01
1.1651652e+00 1.6827443e-02 1.2314644e-01 2.3853970e-01
1.1731732e+00 1.6001438e-02 1.2111062e-01 2.3520114e-01
1.1811812e+00 1.5206830e-02 1.1905383e-01 2.3184540e-01
1.1891892e+00 1.4457411e-02 1.1702414e-01 2.2843652e-01
1.1971972e+00 1.3737693e-02 1.1502378e-01 2.2481940e-01
1.2052052e+00 1.3041166e-02 1.1301219e-01 2.2146784e-01
1.2132132e+00 1.2376783e-02 1.1093527e-01 2.1802973e-01
1.2212212e+00 1.1751546e-02 1.0893188e-01 2.1457936e-01
1.2292292e+00 1.1149401e-02 1.0692805e-01 2.1113475e-01
1.2372372e+00 1.0576875e-02 1.0493636e-01 2.0763699e-01
1.2452452e+00 1.0023185e-02 1.0292285e-01 2.0405408e-01
1.2532533e+00 9.5019896e-03 1.0092577e-01 2.0050373e-01
1.2612613e+00 9.0086069e-03 9.8932646e-02 1.9694199e-01
1.2692693e+00 8.5349814e-03 9.6919060e-02 1.9343741e-01
1.2772773e+00 8.0823863e-03 9.4929911e-02 1.8995327e-01
1.2852853e+00 7.6526411e-03 9.2975178e-02 1.8646686e-01
1.2932933e+00 7.2459227e-03 9.1045233e-02 1.8288930e-01
1.3013013e+00 6.8539176e-03 8.9076474e-02 1.7926693e-01
1.3093093e+00 6.4808172e-03 8.7127976e-02 1.7578100e-01
1.3173173e+00 6.1239256e-03 8.5255665e-02 1.7225566e-01
1.3253253e+00 5.7847665e-03 8.3348228e-02 1.6886603e-01
1.3333333e+00 5.4664608e-03 8.1472002e-02 1.6537188e-01
1.3413413e+00 5.1621288e-03 7.9598843e-02 1.6192926e-01
1.3493493e+00 4.8701560e-03 7.7733630e-02 1.5843455e-01
1.3573574e+00 4.5986502e-03 7.5891464e-02 1.5500559e-01
1.3653654e+00 4.3386717e-03 7.4068353e-02 1.5161410e-01
1.3733734e+00 4.0903962e-03 7.2276400e-02 1.4830740e-01
1.3813814e+00 3.8582101e-03 7.0514326e-02 1.4498159e-01
1.3893894e+00 3.6361543e-03 6.8776660e-02 1.4158982e-01
1.3973974e+00 3.4255808e-03 6.7053985e-02 1.3830551e-01
1.4054054e+00 3.2261946e-03 6.5355172e-02 1.3507832e-01
1.4134134e+00 3.0339502e-03 6.3681799e-02 1.3181875e-01
1.4214214e+00 2.8546847e-03 6.2013157e-02 1.2856683e-01
1.4294294e+00 2.6858097e-03 6.0385219e-02 1.2543890e-01
1.4374374e+00 2.5249127e-03 5.8773523e-02 1.2238469e-01
1.4454454e+00 2.3731624e-03 5.7209142e-02 1.1929512e-01
1.4534535e+00 2.2313329e-03 5.5653156e-02 1.1626642e-01
1.4614615e+00 2.0970498e-03 5.4123054e-02 1.1323173e-01
1.4694695e+00 1.9698432e-03 5.2606103e-02 1.1023665e-01
1.4774775e+00 1.8497627e-03 5.1119198e-02 1.0732493e-01
1.4854855e+00 1.7373334e-03 4.9680677e-02 1.0444791e-01
1.4934935e+00 1.6297782e-03 4.8249559e-02 1.0162781e-01
1.5015015e+00 1.5287867e-03 4.6851707e-02 9.8838528e-02
1.5095095e+00 1.4328242e-03 4.5473619e-02 9.6089281e-02
1.5175175e+00 1.3429721e-03 4.4133381e-02 9.3356398e-02
1.5255255e+00 1.2582045e-03 4.2802741e-02 9.0676249e-02
1.5335335e+00 1.1785026e-03 4.1505074e-02 8.8045198e-02
1.5415415e+00 1.1035280e-03 4.0242607e-02 8.5446092e-02
1.5495495e+00 1.0329755e-03 3.8997405e-02 8.2919736e-02
1.5575576e+00 9.6722443e-04 3.7785105e-02 8.0412885e-02
1.5655656e+00 9.0473761e-04 3.6587322e-02 7.7971873e-02
1.5735736e+00 8.4523069e-04 3.5416157e-02 7.5595571e-02
1.5815816e+00 7.8941527e-04 3.4259596e-02 7.3266526e-02
1.5895896e+00 7.3754360e-04 3.3130166e-02 7.0955905e-02
1.5975976e+00 6.8852033e-04 3.2036514e-02 6.8690713e-02
1.6056056e+00 6.4291889e-04 3.0976250e-02 6.6490881e-02
1.6136136e+00 5.9978836e-04 2.9933150e-02 6.4360756e-02
1.6216216e+00 5.5911807e-04 2.8910321e-02 6.2243889e-02
1.6296296e+00 5.2092335e-04 2.7919353e-02 6.0179935e-02
1.6376376e+00 4.8612884e-04 2.6959555e-02 5.8165394e-02
1.6456456e+00 4.5310662e-04 2.6004495e-02 5.6195527e-02
1.6536537e+00 4.2223615e-04 2.5088359e-02 5.4282520e-02
1.6616617e+00 3.9280243e-04 2.4197679e-02 5.2413183e-02
1.6696697e+00 3.6571655e-04 2.3322198e-02 5.0609474e-02
1.6776777e+00 3.4057257e-04 2.2475518e-02 4.8829120e-02
1.6856857e+00 3.1645806e-04 2.1650132e-02 4.7106518e-02
1.6936937e+00 2.9429045e-04 2.0849868e-02 4.5417312e-02
1.7017017e+00 2.7351936e-04 2.0067561e-02 4.3783536e-02
1.7097097e+00 2.5444932e-04 1.9311156e-02 4.2174926e-02
1.7177177e+00 2.3625094e-04 1.8569069e-02 4.0623926e-02
1.7257257e+00 2.1950489e-04 1.7853549e-02 3.9119049e-02
1.7337337e+00 2.0383372e-04 1.7157664e-02 3.7643470e-02
1.7417417e+00 1.8901403e-04 1.6480179e-02 3.6212614e-02
1.7497497e+00 1.7535720e-04 1.5828351e-02 3.4831500e-02
1.7577578e+00 1.6256995e-04 1.5194797e-02 3.3491269e-02
1.7657658e+00 1.5075161e-04 1.4584920e-02 3.2197007e-02
1.7737738e+00 1.3970326e-04 1.3992112e-02 3.0922079e-02
1.7817818e+00 1.2930540e-04 1.3423200e-02 2.9700362e-02
1.7897898e+00 1.1972290e-04 1.2870187e-02 2.8505691e-02
1.7977978e+00 1.1087046e-04 1.2331506e-02 2.7350185e-02
1.8058058e+00 1.0262200e-04 1.1817575e-02 2.6234002e-02
1.8138138e+00 9.4927655e-05 1.1317507e-02 2.5157578e-02
1.8218218e+00 8.7848303e-05 1.0834708e-02 2.4118429e-02
1.8298298e+00 8.1145986e-05 1.0366372e-02 2.3113066e-02
1.8378378e+00 7.4966752e-05 9.9205965e-03 2.2146798e-02
1.8458458e+00 6.9257626e-05 9.4877929e-03 2.1210228e-02
1.8538539e+00 6.3990428e-05 9.0701251e-03 2.0300531e-02
1.8618619e+00 5.9080005e-05 8.6691495e-03 1.9433143e-02
1.8698699e+00 5.4474820e-05 8.2817290e-03 1.8594663e-02
1.8778779e+00 5.0251497e-05 7.9102166e-03 1.7786030e-02
1.8858859e+00 4.6325974e-05 7.5511576e-03 1.7000147e-02
1.8938939e+00 4.2699720e-05 7.2069393e-03 1.6246774e-02
1.9019019e+00 3.9348426e-05 6.8773082e-03 1.5528005e-02
1.9099099e+00 3.6232078e-05 6.5581873e-03 1.4829882e-02
1.9179179e+00 3.3351314e-05 6.2534112e-03 1.4157597e-02
1.9259259e+00 3.0704527e-05 5.9567552e-03 1.3519632e-02
1.9339339e+00 2.8265978e-05 5.6712978e-03 1.2891037e-02
1.9419419e+00 2.5986527e-05 5.4024476e-03 1.2300182e-02
1.9499499e+00 2.3895630e-05 5.1431732e-03 1.1724112e-02
1.9579580e+00 2.1964950e-05 4.8944215e-03 1.1175012e-02
1.9659660e+00 2.0173148e-05 4.6566714e-03 1.0647429e-02
1.9739740e+00 1.8524685e-05 4.4276644e-03 1.0147119e-02
1.9819820e+00 1.6997455e-05 4.2090834e-03 9.6613970e-03
1.9899900e+00 1.5612176e-05 3.9980610e-03 9.2016261e-03
1.9979980e+00 1.4321016e-05 3.7973769e-03 8.7600987e-03
2.0060060e+00 1.3134411e-05 3.6053650e-03 8.3287973e-03
2.0140140e+00 1.2053054e-05 3.4226166e-03 7.9151566e-03
2.0220220e+00 1.1042334e-05 3.2467577e-03 7.5223053e-03
2.0300300e+00 1.0112763e-05 3.0792171e-03 7.1493023e-03
2.0380380e+00 9.2668579e-06 2.9184514e-03 6.7912641e-03
2.0460460e+00 8.4761113e-06 2.7652057e-03 6.4437918e-03
2.0540541e+00 7.7529439e-06 2.6187111e-03 6.1167286e-03
2.0620621e+00 7.0888488e-06 2.4794478e-03 5.8035244e-03
2.0700701e+00 6.4827313e-06 2.3465440e-03 5.5023952e-03
2.0780781e+00 5.9239954e-06 2.2198343e-03 5.2189167e-03
2.0860861e+00 5.4100606e-06 2.1001996e-03 4.9456147e-03
2.0940941e+00 4.9405055e-06 1.9866746e-03 4.6876587e-03
2.1021021e+00 4.5140478e-06 1.8778194e-03 4.4394938e-03
2.1101101e+00 4.1202402e-06 1.7738964e-03 4.2041863e-03
2.1181181e+00 3.7567562e-06 1.6752837e-03 3.9815179e-03
2.1261261e+00 3.4263392e-06 1.5819866e-03 3.7683511e-03
2.1341341e+00 3.1219658e-06 1.4926141e-03 3.5699672e-03
2.1421421e+00 2.8455637e-06 1.4072429e-03 3.3757856e-03
2.1501502e+00 2.5927801e-06 1.3271435e-03 3.1890435e-03
2.1581582e+00 2.3617776e-06 1.2514100e-03 3.0124174e-03
2.1661662e+00 2.1491839e-06 1.1794631e-03 2.8448312e-03
2.1741742e+00 1.9538571e-06 1.1106371e-03 2.6852562e-03
2.1821822e+00 1.7791024e-06 1.0455876e-03 2.5341104e-03
2.1901902e+00 1.6177974e-06 9.8448065e-04 2.3914201e-03
2.1981982e+00 1.4718991e-06 9.2607161e-04 2.2539090e-03
2.2062062e+00 1.3378230e-06 8.7110546e-04 2.1246520e-03
2.2142142e+00 1.2147135e-06 8.1907612e-04 2.0026193e-03
2.2222222e+00 1.1035470e-06 7.6963958e-04 1.8876880e-03
2.2302302e+00 1.0017399e-06 7.2290486e-04 1.7777754e-03
2.2382382e+00 9.0955872e-07 6.7921596e-04 1.6751186e-03
2.2462462e+00 8.2496832e-07 6.3759781e-04 1.5761062e-03
2.2542543e+00 7.4812964e-07 5.9848311e-04 1.4831431e-03
2.2622623e+00 6.7818694e-07 5.6157046e-04 1.3954240e-03
2.2702703e+00 6.1439059e-07 5.2636781e-04 1.3122270e-03
2.2782783e+00 5.5664301e-07 4.9352783e-04 1.2344938e-03
2.2862863e+00 5.0388858e-07 4.6250087e-04 1.1606347e-03
2.2942943e+00 4.5657386e-07 4.3335879e-04 1.0902602e-03
2.3023023e+00 4.1299284e-07 4.0585784e-04 1.0231760e-03
2.3103103e+00 3.7348311e-07 3.7989991e-04 9.6057442e-04
2.3183183e+00 3.3760890e-07 3.5554426e-04 9.0064765e-04
2.3263263e+00 3.0505525e-07 3.3239712e-04 8.4445566e-04
2.3343343e+00 2.7556431e-07 3.1094022e-04 7.9210839e-04
2.3423423e+00 2.4897902e-07 2.9071829e-04 7.4234822e-04
2.3503504e+00 2.2484014e-07 2.7172049e-04 6.9612354e-04
2.3583584e+00 2.0302889e-07 2.5380964e-04 6.5190551e-04
2.3663664e+00 1.8325885e-07 2.3710162e-04 6.1082612e-04
2.3743744e+00 1.6539952e-07 2.2131746e-04 5.7193421e-04
2.3823824e+00 1.4916062e-07 2.0653485e-04 5.3498299e-04
2.3903904e+00 1.3439308e-07 1.9265501e-04 5.0085059e-04
2.3983984e+00 1.2116552e-07 1.7959302e-04 4.6819975e-04
2.4064064e+00 1.0909800e-07 1.6727720e-04 4.3766395e-04
2.4144144e+00 9.8172945e-08 1.5587634e-04 4.0889814e-04
2.4224224e+00 8.8390460e-08 1.4519891e-04 3.8197401e-04
2.4304304e+00 7.9503649e-08 1.3521475e-04 3.5655869e-04
2.4384384e+00 7.1532034e-08 1.2582310e-04 3.3265909e-04
2.4464464e+00 6.4318454e-08 1.1703291e-04 3.1046370e-04
2.4544545e+00 5.7772367e-08 1.0880729e-04 2.8974116e-04
2.4624625e+00 5.1876019e-08 1.0115561e-04 2.7023671e-04
2.4704705e+00 4.6585867e-08 9.4022000e-05 2.5193634e-04
2.4784785e+00 4.1834841e-08 8.7370758e-05 2.3486052e-04
2.4864865e+00 3.7550309e-08 8.1137022e-05 2.1895023e-04
2.4944945e+00 3.3692753e-08 7.5345193e-05 2.0388846e-04
2.5025025e+00 3.0210121e-08 6.9923357e-05 1.8980297e-04
2.5105105e+00 2.7085012e-08 6.4843566e-05 1.7653499e-04
2.5185185e+00 2.4275968e-08 6.0122872e-05 1.6425429e-04
2.5265265e+00 2.1764957e-08 5.5754187e-05 1.5271793e-04
2.5345345e+00 1.9498121e-08 5.1641814e-05 1.4203710e-04
2.5425425e+00 1.7459322e-08 4.7841911e-05 1.3193297e-04
2.5505506e+00 1.5624291e-08 4.4304303e-05 1.2264033e-04
2.5585586e+00 1.3988663e-08 4.1008954e-05 1.1382508e-04
2.5665666e+00 1.2509119e-08 3.7952634e-05 1.0560645e-04
2.5745746e+00 1.1185275e-08 3.5105483e-05 9.7998623e-05
2.5825826e+00 9.9893185e-09 3.2452652e-05 9.0873487e-05
2.5905906e+00 8.9198446e-09 2.9988312e-05 8.4196937e-05
2.5985986e+00 7.9586469e-09 2.7695864e-05 7.8005357e-05
2.6066066e+00 7.1076570e-09 2.5580611e-05 7.2229642e-05
2.6146146e+00 6.3401501e-09 2.3612764e-05 6.6897333e-05
2.6226226e+00 5.6558941e-09 2.1787750e-05 6.1963215e-05
2.6306306e+00 5.0466882e-09 2.0085597e-05 5.7319850e-05
2.6386386e+00 4.5023463e-09 1.8525084e-05 5.3002498e-05
2.6466466e+00 4.0118800e-09 1.7081725e-05 4.8970941e-05
2.6546547e+00 3.5747162e-09 1.5739853e-05 4.5244767e-05
2.6626627e+00 3.1852913e-09 1.4499316e-05 4.1796636e-05
2.6706707e+00 2.8347437e-09 1.3351793e-05 3.8583406e-05
2.6786787e+00 2.5210044e-09 1.2285656e-05 3.5620334e-05
2.6866867e+00 2.2412990e-09 1.1298650e-05 3.2889858e-05
2.6946947e+00 1.9919808e-09 1.0388695e-05 3.0354780e-05
2.7027027e+00 1.7698922e-09 9.5541384e-06 2.7984944e-05
2.7107107e+00 1.5725597e-09 8.7801029e-06 2.5817066e-05
2.7187187e+00 1.3968474e-09 8.0669270e-06 2.3783594e-05
2.7267267e+00 1.2399340e-09 7.4082882e-06 2.1897403e-05
2.7347347e+00 1.1004956e-09 6.8001307e-06 2.0165609e-05
2.7427427e+00 9.7673460e-10 6.2390543e-06 1.8555545e-05
2.7507508e+00 8.6570323e-10 5.7230992e-06 1.7075307e-05
2.7587588e+00 7.6712592e-10 5.2465247e-06 1.5704427e-05
2.7667668e+00 6.8012063e-10 4.8111591e-06 1.4439722e-05
2.7747748e+00 6.0304593e-10 4.4095211e-06 1.3272706e-05
2.7827828e+00 5.3419372e-10 4.0403111e-06 1.2198062e-05
2.7907908e+00 4.7295285e-10 3.7006335e-06 1.1208634e-05
2.7987988e+00 4.1847541e-10 3.3877234e-06 1.0289491e-05
2.8068068e+00 3.7029376e-10 3.0970490e-06 9.4424060e-06
2.8148148e+00 3.2727003e-10 2.8321147e-06 8.6594372e-06
2.8228228e+00 2.8938420e-10 2.5888512e-06 7.9380753e-06
2.8308308e+00 2.5575862e-10 2.3669218e-06 7.2780054e-06
2.8388388e+00 2.2580871e-10 2.1620148e-06 6.6690942e-06
2.8468468e+00 1.9946822e-10 1.9748542e-06 6.1077350e-06
2.8548549e+00 1.7594550e-10 1.8031451e-06 5.5966887e-06
2.8628629e+00 1.5519306e-10 1.6457073e-06 5.1248228e-06
2.8708709e+00 1.3689520e-10 1.5007818e-06 4.6915425e-06
2.8788789e+00 1.2071754e-10 1.3680287e-06 4.2923021e-06
2.8868869e+00 1.0645075e-10 1.2471427e-06 3.9244622e-06
2.8948949e+00 9.3715066e-11 1.1364988e-06 3.5870940e-06
2.9029029e+00 8.2575276e-11 1.0355894e-06 3.2787743e-06
2.9109109e+00 7.2639425e-11 9.4270773e-07 2.9956260e-06
2.9189189e+00 6.3914674e-11 8.5790153e-07 2.7349439e-06
2.9269269e+00 5.6211961e-11 7.8058022e-07 2.4967899e-06
2.9349349e+00 4.9416032e-11 7.1006627e-07 2.2774511e-06
2.9429429e+00 4.3434474e-11 6.4553699e-07 2.0780824e-06
2.9509510e+00 3.8170479e-11 5.8665526e-07 1.8943506e-06
2.9589590e+00 3.3560184e-11 5.3313998e-07 1.7264774e-06
2.9669670e+00 2.9478922e-11 4.8426474e-07 1.5745680e-06
2.9749750e+00 2.5855791e-11 4.3960334e-07 1.4331773e-06
2.9829830e+00 2.2671786e-11 3.9914614e-07 1.3046712e-06
2.9909910e+00 1.9887301e-11 3.6200805e-07 1.1879062e-06
2.9989990e+00 1.7435883e-11 3.2838769e-07 1.0814677e-06
3.0070070e+00 1.5298039e-11 2.9782497e-07 9.8268400e-07
3.0150150e+00 1.3397688e-11 2.6987830e-07 8.9272915e-07
3.0230230e+00 1.1726076e-11 2.4441366e-07 8.1103959e-07
3.0310310e+00 1.0272283e-11 2.2137977e-07 7.3682442e-07
3.0390390e+00 8.9857844e-12 2.0046558e-07 6.6924242e-07
3.0470470e+00 7.8645564e-12 1.8139994e-07 6.0752830e-07
3.0550551e+00 6.8852068e-12 1.6407221e-07 5.5156877e-07
3.0630631e+00 6.0148497e-12 1.4838518e-07 5.0041494e-07
3.0710711e+00 5.2568082e-12 1.3411267e-07 4.5390245e-07
3.0790791e+00 4.5908735e-12 1.2118576e-07 4.1146947e-07
3.0870871e+00 4.0080609e-12 1.0949321e-07 3.7281373e-07
3.0950951e+00 3.4988959e-12 9.8769310e-08 3.3772816e-07
3.1031031e+00 3.0548620e-12 8.9109143e-08 3.0559291e-07
3.1111111e+00 2.6659445e-12 8.0410155e-08 2.7667474e-07
3.1191191e+00 2.3235933e-12 7.2506887e-08 2.5048549e-07
3.1271271e+00 2.0248518e-12 6.5386353e-08 2.2667174e-07
3.1351351e+00 1.7644131e-12 5.8939544e-08 2.0496438e-07
3.1431431e+00 1.5370805e-12 5.3114493e-08 1.8523340e-07
3.1511512e+00 1.3382838e-12 4.7830981e-08 1.6722894e-07
3.1591592e+00 1.1645189e-12 4.3070527e-08 1.5094805e-07
3.1671672e+00 1.0137545e-12 3.8768051e-08 1.3637307e-07
3.1751752e+00 8.8249864e-13 3.4868523e-08 1.2310554e-07
3.1831832e+00 7.6777703e-13 3.1341086e-08 1.1104875e-07
3.1911912e+00 6.6714908e-13 2.8187026e-08 1.0014856e-07
3.1991992e+00 5.7975151e-13 2.5319917e-08 9.0318634e-08
3.2072072e+00 5.0322512e-13 2.2740365e-08 8.1398595e-08
3.2152152e+00 4.3675246e-13 2.0414364e-08 7.3404133e-08
3.2232232e+00 3.7913045e-13 1.8317070e-08 6.6164686e-08
3.2312312e+00 3.2884244e-13 1.6435735e-08 5.9612643e-08
3.2392392e+00 2.8524389e-13 1.4742053e-08 5.3613645e-08
3.2472472e+00 2.4728472e-13 1.3219104e-08 4.8190649e-08
3.2552553e+00 2.1419140e-13 1.1843938e-08 4.3340174e-08
3.2632633e+00 1.8557130e-13 1.0607986e-08 3.8957489e-08
3.2712713e+00 1.6072025e-13 9.5048113e-09 3.5019068e-08
3.2792793e+00 1.3911071e-13 8.5090472e-09 3.1438027e-08
3.2872873e+00 1.2035450e-13 7.6149193e-09 2.8234567e-08
3.2952953e+00 1.0415087e-13 6.8123940e-09 2.5342451e-08
3.3033033e+00 9.0063478e-14 6.0914481e-09 2.2715930e-08
3.3113113e+00 7.7846595e-14 5.4445881e-09 2.0378114e-08
3.3193193e+00 6.7285301e-14 4.8655100e-09 1.8268461e-08
3.3273273e+00 5.8166844e-14 4.3458269e-09 1.6366901e-08
3.3353353e+00 5.0257360e-14 3.8773250e-09 1.4673180e-08
3.3433433e+00 4.3391859e-14 3.4595221e-09 1.3149772e-08
3.3513514e+00 3.7418376e-14 3.0852724e-09 1.1768665e-08
3.3593594e+00 3.2266628e-14 2.7514007e-09 1.0534045e-08
3.3673674e+00 2.7812652e-14 2.4527515e-09 9.4228109e-09
3.3753754e+00 2.3971761e-14 2.1860441e-09 8.4188503e-09
3.3833834e+00 2.0666768e-14 1.9476674e-09 7.5235980e-09
3.3913914e+00 1.7807632e-14 1.7346464e-09 6.7276076e-09
3.3993994e+00 1.5336566e-14 1.5430042e-09 6.0117339e-09
3.4074074e+00 1.3197163e-14 1.3729585e-09 5.3713062e-09
3.4154154e+00 1.1341754e-14 1.2210501e-09 4.7972055e-09
3.4234234e+00 9.7483395e-15 1.0859395e-09 4.2846685e-09
3.4314314e+00 8.3795120e-15 9.6444864e-10 3.8240954e-09
3.4394394e+00 7.1999703e-15 8.5706881e-10 3.4083145e-09
3.4474474e+00 6.1889066e-15 7.6102336e-10 3.0408537e-09
3.4554555e+00 5.3159163e-15 6.7606330e-10 2.7089696e-09
3.4634635e+00 4.5607295e-15 6.0013960e-10 2.4141492e-09
3.4714715e+00 3.9137823e-15 5.3258227e-10 2.1515492e-09
3.4794795e+00 3.3583503e-15 4.7261065e-10 1.9156499e-09
3.4874875e+00 2.8815791e-15 4.1907556e-10 1.7050361e-09
3.4954955e+00 2.4717527e-15 3.7148587e-10 1.5162423e-09
3.5035035e+00 2.1166952e-15 3.2897235e-10 1.3487842e-09
3.5115115e+00 1.8132563e-15 2.9121871e-10 1.1976605e-09
3.5195195e+00 1.5521726e-15 2.5794592e-10 1.0646348e-09
3.5275275e+00 1.3280195e-15 2.2826229e-10 9.4573662e-10
3.5355355e+00 1.1365387e-15 2.0193083e-10 8.3986762e-10
3.5435435e+00 9.7118291e-16 1.7851884e-10 7.4532755e-10
3.5515516e+00 8.3076526e-16 1.5772625e-10 6.6133017e-10
3.5595596e+00 7.0977369e-16 1.3938652e-10 5.8658423e-10
3.5675676e+00 6.0624249e-16 1.2315663e-10 5.1987625e-10
3.5755756e+00 5.1792542e-16 1.0877004e-10 4.6053584e-10
3.5835836e+00 4.4231915e-16 9.5992479e-11 4.0801499e-10
3.5915916e+00 3.7770881e-16 8.4652087e-11 3.6114249e-10
3.5995996e+00 3.2228127e-16 7.4623848e-11 3.1969336e-10
3.6076076e+00 2.7493083e-16 6.5790635e-11 2.8282821e-10
3.6156156e+00 2.3450632e-16 5.7973413e-11 2.5020010e-10
3.6236236e+00 2.0002070e-16 5.1095927e-11 2.2121067e-10
3.6316316e+00 1.7036531e-16 4.4995635e-11 1.9562441e-10
3.6396396e+00 1.4518207e-16 3.9602080e-11 1.7299037e-10
3.6476476e+00 1.2358479e-16 3.4816741e-11 1.5279685e-10
3.6556557e+00 1.0522227e-16 3.0627113e-11 1.3494418e-10
3.6636637e+00 8.9542689e-17 2.6928027e-11 1.1913161e-10
3.6716717e+00 7.6068677e-17 2.3667790e-11 1.0514985e-10
3.6796797e+00 6.4595355e-17 2.0797480e-11 9.2719643e-11
3.6876877e+00 5.4882055e-17 1.8275050e-11 8.1770776e-11
3.6956957e+00 4.6653783e-17 1.6055957e-11 7.2043331e-11
3.7037037e+00 3.9586153e-17 1.4100988e-11 6.3455418e-11
3.7117117e+00 3.3578116e-17 1.2372534e-11 5.5858120e-11
3.7197197e+00 2.8476202e-17 1.0850605e-11 4.9194891e-11
3.7277277e+00 2.4165765e-17 9.5193089e-12 4.3339181e-11
3.7357357e+00 2.0491997e-17 8.3467300e-12 3.8107844e-11
3.7437437e+00 1.7369302e-17 7.3107985e-12 3.3488825e-11
3.7517518e+00 1.4706651e-17 6.4015441e-12 2.9426911e-11
3.7597598e+00 1.2458764e-17 5.6048701e-12 2.5861511e-11
3.7677678e+00 1.0550623e-17 4.9070315e-12 2.2721998e-11
3.7757758e+00 8.9263240e-18 4.2947958e-12 1.9952865e-11
3.7837838e+00 7.5481012e-18 3.7578429e-12 1.7521147e-11
3.7917918e+00 6.3820950e-18 3.2871987e-12 1.5367647e-11
3.7997998e+00 5.3929719e-18 2.8734622e-12 1.3478339e-11
3.8078078e+00 4.5566980e-18 2.5110103e-12 1.1818445e-11
3.8158158e+00 3.8502986e-18 2.1921595e-12 1.0367909e-11
3.8238238e+00 3.2506732e-18 1.9139636e-12 9.0867322e-12
3.8318318e+00 2.7439180e-18 1.6705857e-12 7.9570493e-12
3.8398398e+00 2.3154906e-18 1.4574417e-12 6.9634898e-12
3.8478478e+00 1.9531154e-18 1.2708833e-12 6.0941894e-12
3.8558559e+00 1.6467382e-18 1.1079416e-12 5.3325929e-12
3.8638639e+00 1.3867740e-18 9.6567836e-13 4.6647877e-12
3.8718719e+00 1.1684887e-18 8.4156335e-13 4.0777866e-12
3.8798799e+00 9.8408033e-19 7.3299859e-13 3.5629404e-12
3.8878879e+00 8.2894894e-19 6.3816138e-13 3.1135033e-12
3.8958959e+00 6.9801097e-19 5.5556352e-13 2.7179750e-12
3.9039039e+00 5.8750751e-19 4.8333628e-13 2.3733159e-12
3.9119119e+00 4.9416398e-19 4.2018683e-13 2.0700851e-12
3.9199199e+00 4.1566517e-19 3.6519814e-13 1.8064425e-12
3.9279279e+00 3.4912722e-19 3.1748612e-13 1.5756907e-12
3.9359359e+00 2.9334526e-19 2.7574124e-13 1.3732715e-12
3.9439439e+00 2.4646038e-19 2.3949740e-13 1.1967164e-12
3.9519520e+00 2.0701864e-19 2.0790520e-13 1.0431065e-12
3.9599600e+00 1.7373792e-19 1.8042041e-13 9.0826612e-13
3.9679680e+00 1.4576161e-19 1.5654917e-13 7.9042277e-13
3.9759760e+00 1.2223630e-19 1.3574027e-13 6.8744613e-13
3.9839840e+00 1.0247470e-19 1.1766724e-13 5.9760096e-13
3.9919920e+00 8.5940182e-20 1.0192275e-13 5.1965364e-13
4.0000000e+00 7.1971559e-20 8.8244962e-14 4.5145031e-13
