X KDE_INF KDE_MED KDE_SUP
-3.0000000e+00 1.6898678e-27 1.9234302e-02 5.7702907e-02
-2.9949950e+00 2.1750042e-27 1.9229037e-02 5.7687110e-02
-2.9899900e+00 2.7965628e-27 1.9213248e-02 5.7639743e-02
-2.9849850e+00 3.5908988e-27 1.9186962e-02 5.7560886e-02
-2.9799800e+00 4.6083347e-27 1.9150222e-02 5.7450666e-02
-2.9749750e+00 5.9136095e-27 1.9103089e-02 5.7309266e-02
-2.9699700e+00 7.5845799e-27 1.9045638e-02 5.7136915e-02
-2.9649650e+00 9.7377228e-27 1.8977966e-02 5.6933897e-02
-2.9599600e+00 1.2476335e-26 1.8900180e-02 5.6700540e-02
-2.9549550e+00 1.5973600e-26 1.8812409e-02 5.6437226e-02
-2.9499499e+00 2.0439058e-26 1.8714794e-02 5.6144381e-02
-2.9449449e+00 2.6152272e-26 1.8607492e-02 5.5822477e-02
-2.9399399e+00 3.3460941e-26 1.8490678e-02 5.5472033e-02
-2.9349349e+00 4.2788737e-26 1.8364537e-02 5.5093610e-02
-2.9299299e+00 5.4622024e-26 1.8229271e-02 5.4687812e-02
-2.9249249e+00 6.9678848e-26 1.8085095e-02 5.4255285e-02
-2.9199199e+00 8.8861717e-26 1.7932236e-02 5.3796709e-02
-2.9149149e+00 1.1340509e-25 1.7770936e-02 5.3312807e-02
-2.9099099e+00 1.4475339e-25 1.7601444e-02 5.2804333e-02
-2.9049049e+00 1.8470532e-25 1.7424025e-02 5.2272075e-02
-2.8998999e+00 2.3499410e-25 1.7238951e-02 5.1716854e-02
-2.8948949e+00 2.9881147e-25 1.7046506e-02 5.1139517e-02
-2.8898899e+00 3.7975224e-25 1.6846980e-02 5.0540941e-02
-2.8848849e+00 4.8235433e-25 1.6640675e-02 4.9922025e-02
-2.8798799e+00 6.1234305e-25 1.6427897e-02 4.9283692e-02
-2.8748749e+00 7.7693768e-25 1.6208962e-02 4.8626885e-02
-2.8698699e+00 9.8523622e-25 1.5984188e-02 4.7952564e-02
-2.8648649e+00 1.2486978e-24 1.5753902e-02 4.7261706e-02
-2.8598599e+00 1.5817996e-24 1.5518433e-02 4.6555300e-02
-2.8548549e+00 2.0027078e-24 1.5278115e-02 4.5834345e-02
-2.8498498e+00 2.5342340e-24 1.5033284e-02 4.5099851e-02
-2.8448448e+00 3.2054731e-24 1.4784277e-02 4.4352832e-02
-2.8398398e+00 4.0532068e-24 1.4531435e-02 4.3594306e-02
-2.8348348e+00 5.1223417e-24 1.4275098e-02 4.2825295e-02
-2.8298298e+00 6.4772605e-24 1.4015606e-02 4.2046817e-02
-2.8248248e+00 8.1900596e-24 1.3753296e-02 4.1259889e-02
-2.8198198e+00 1.0350120e-23 1.3488508e-02 4.0465524e-02
-2.8148148e+00 1.3072731e-23 1.3221575e-02 3.9664725e-02
-2.8098098e+00 1.6502507e-23 1.2952829e-02 3.8858488e-02
-2.8048048e+00 2.0824300e-23 1.2682599e-02 3.8047797e-02
-2.7997998e+00 2.6265060e-23 1.2411208e-02 3.7233624e-02
-2.7947948e+00 3.3061339e-23 1.2138975e-02 3.6416926e-02
-2.7897898e+00 4.1568899e-23 1.1866214e-02 3.5598641e-02
-2.7847848e+00 5.1875064e-23 1.1593231e-02 3.4779692e-02
-2.7797798e+00 6.5261509e-23 1.1320327e-02 3.3960980e-02
-2.7747748e+00 8.2057502e-23 1.1047795e-02 3.3143386e-02
-2.7697698e+00 1.0311983e-22 1.0775922e-02 3.2327766e-02
-2.7647648e+00 1.2948905e-22 1.0504985e-02 3.1514955e-02
-2.7597598e+00 1.6226485e-22 1.0235254e-02 3.0705761e-02
-2.7547548e+00 2.0326520e-22 9.9669884e-03 2.9900965e-02
-2.7497497e+00 2.5478097e-22 9.7004408e-03 2.9101322e-02
-2.7447447e+00 3.1942958e-22 9.4358528e-03 2.8307558e-02
-2.7397397e+00 3.9958751e-22 9.1734567e-03 2.7520370e-02
-2.7347347e+00 4.9990053e-22 8.9134749e-03 2.6740425e-02
-2.7297297e+00 6.2505434e-22 8.6561196e-03 2.5968359e-02
-2.7247247e+00 7.8132886e-22 8.4015928e-03 2.5204778e-02
-2.7197197e+00 9.7629518e-22 8.1500857e-03 2.4450257e-02
-2.7147147e+00 1.2192450e-21 7.9017793e-03 2.3705338e-02
-2.7097097e+00 1.5218204e-21 7.6568437e-03 2.2970531e-02
-2.7047047e+00 1.8978297e-21 7.4154387e-03 2.2246316e-02
-2.6996997e+00 2.3627596e-21 7.1777129e-03 2.1533139e-02
-2.6946947e+00 2.9388713e-21 6.9438046e-03 2.0831414e-02
-2.6896897e+00 3.6582986e-21 6.7138413e-03 2.0141524e-02
-2.6846847e+00 4.5536967e-21 6.4879400e-03 1.9463820e-02
-2.6796797e+00 5.6561679e-21 6.2662071e-03 1.8798621e-02
-2.6746747e+00 7.0305870e-21 6.0487389e-03 1.8146217e-02
-2.6696697e+00 8.7290474e-21 5.8356214e-03 1.7506864e-02
-2.6646647e+00 1.0838255e-20 5.6269305e-03 1.6880791e-02
-2.6596597e+00 1.3449766e-20 5.4227322e-03 1.6268197e-02
-2.6546547e+00 1.6678102e-20 5.2230832e-03 1.5669250e-02
-2.6496496e+00 2.0640467e-20 5.0280305e-03 1.5084091e-02
-2.6446446e+00 2.5530224e-20 4.8376119e-03 1.4512836e-02
-2.6396396e+00 3.1561816e-20 4.6518567e-03 1.3955570e-02
-2.6346346e+00 3.9007103e-20 4.4707851e-03 1.3412355e-02
-2.6296296e+00 4.8182329e-20 4.2944094e-03 1.2883228e-02
-2.6246246e+00 5.9483195e-20 4.1227335e-03 1.2368200e-02
-2.6196196e+00 7.3471271e-20 3.9557537e-03 1.1867261e-02
-2.6146146e+00 9.0872108e-20 3.7934591e-03 1.1380377e-02
-2.6096096e+00 1.1233922e-19 3.6358314e-03 1.0907494e-02
-2.6046046e+00 1.3867263e-19 3.4828458e-03 1.0448537e-02
-2.5995996e+00 1.7072498e-19 3.3344708e-03 1.0003412e-02
-2.5945946e+00 2.1007085e-19 3.1906691e-03 9.5720073e-03
-2.5895896e+00 2.5857209e-19 3.0513975e-03 9.1541925e-03
-2.5845846e+00 3.1775846e-19 2.9166074e-03 8.7498223e-03
-2.5795796e+00 3.9023759e-19 2.7862453e-03 8.3587358e-03
-2.5745746e+00 4.7928996e-19 2.6602526e-03 7.9807578e-03
-2.5695696e+00 5.8900543e-19 2.5385667e-03 7.6157002e-03
-2.5645646e+00 7.2344142e-19 2.4211208e-03 7.2633625e-03
-2.5595596e+00 8.8807685e-19 2.3078444e-03 6.9235331e-03
-2.5545546e+00 1.0897853e-18 2.1986634e-03 6.5959901e-03
-2.5495495e+00 1.3366999e-18 2.0935008e-03 6.2805025e-03
-2.5445445e+00 1.6362201e-18 1.9922769e-03 5.9768308e-03
-2.5395395e+00 2.0041526e-18 1.8949094e-03 5.6847282e-03
-2.5345345e+00 2.4567990e-18 1.8013137e-03 5.4039412e-03
-2.5295295e+00 3.0027997e-18 1.7114036e-03 5.1342108e-03
-2.5245245e+00 3.6655759e-18 1.6250911e-03 4.8752732e-03
-2.5195195e+00 4.4733077e-18 1.5422868e-03 4.6268603e-03
-2.5145145e+00 5.4560430e-18 1.4629003e-03 4.3887009e-03
-2.5095095e+00 6.6510351e-18 1.3868405e-03 4.1605214e-03
-2.5045045e+00 8.1043198e-18 1.3140154e-03 3.9420461e-03
-2.4994995e+00 9.8654433e-18 1.2443328e-03 3.7329985e-03
-2.4944945e+00 1.2002696e-17 1.1777005e-03 3.5331014e-03
-2.4894895e+00 1.4594971e-17 1.1140260e-03 3.3420779e-03
-2.4844845e+00 1.7752790e-17 1.0532172e-03 3.1596516e-03
-2.4794795e+00 2.1591008e-17 9.9518254e-04 2.9855476e-03
-2.4744745e+00 2.6253797e-17 9.3983091e-04 2.8194927e-03
-2.4694695e+00 3.1909972e-17 8.8707201e-04 2.6612160e-03
-2.4644645e+00 3.8793854e-17 8.3681642e-04 2.5104493e-03
-2.4594595e+00 4.7148210e-17 7.8897581e-04 2.3669274e-03
-2.4544545e+00 5.7265821e-17 7.4346299e-04 2.2303890e-03
-2.4494494e+00 6.9520349e-17 7.0019207e-04 2.1005762e-03
-2.4444444e+00 8.4174438e-17 6.5907858e-04 1.9772357e-03
-2.4394394e+00 1.0182233e-16 6.2003953e-04 1.8601186e-03
-2.4344344e+00 1.2311586e-16 5.8299353e-04 1.7489806e-03
-2.4294294e+00 1.4897730e-16 5.4786084e-04 1.6435825e-03
-2.4244244e+00 1.8020599e-16 5.1456347e-04 1.5436904e-03
-2.4194194e+00 2.1786159e-16 4.8302524e-04 1.4490757e-03
-2.4144144e+00 2.6324156e-16 4.5317179e-04 1.3595154e-03
-2.4094094e+00 3.1790004e-16 4.2493067e-04 1.2747920e-03
-2.4044044e+00 3.8372958e-16 3.9823136e-04 1.1946941e-03
-2.3993994e+00 4.6233410e-16 3.7300531e-04 1.1190159e-03
-2.3943944e+00 5.5694069e-16 3.4918594e-04 1.0475578e-03
-2.3893894e+00 6.7048912e-16 3.2670866e-04 9.8012598e-04
-2.3843844e+00 8.0860234e-16 3.0551091e-04 9.1653272e-04
-2.3793794e+00 9.7423582e-16 2.8553212e-04 8.5659635e-04
-2.3743744e+00 1.1743995e-15 2.6671374e-04 8.0014121e-04
-2.3693694e+00 1.4145642e-15 2.4899921e-04 7.4699764e-04
-2.3643644e+00 1.6981192e-15 2.3233398e-04 6.9700194e-04
-2.3593594e+00 2.0373493e-15 2.1666545e-04 6.4999636e-04
-2.3543544e+00 2.4452958e-15 2.0194299e-04 6.0582896e-04
-2.3493493e+00 2.9316345e-15 1.8811787e-04 5.6435361e-04
-2.3443443e+00 3.5081136e-15 1.7514329e-04 5.2542987e-04
-2.3393393e+00 4.1974315e-15 1.6297430e-04 4.8892291e-04
-2.3343343e+00 5.0308213e-15 1.5156779e-04 4.5470339e-04
-2.3293293e+00 6.0204464e-15 1.4088244e-04 4.2264738e-04
-2.3243243e+00 7.2002171e-15 1.3087871e-04 3.9263622e-04
-2.3193193e+00 8.6203399e-15 1.2151876e-04 3.6455643e-04
-2.3143143e+00 1.0314916e-14 1.1276642e-04 3.3829954e-04
-2.3093093e+00 1.2302815e-14 1.0458718e-04 3.1376215e-04
-2.3043043e+00 1.4690853e-14 9.6948097e-05 2.9084564e-04
-2.2992993e+00 1.7538134e-14 8.9817774e-05 2.6945615e-04
-2.2942943e+00 2.0916822e-14 8.3166315e-05 2.4950331e-04
-2.2892893e+00 2.4905929e-14 7.6965270e-05 2.3090704e-04
-2.2842843e+00 2.9623300e-14 7.1187594e-05 2.1358939e-04
-2.2792793e+00 3.5257058e-14 6.5807593e-05 1.9749889e-04
-2.2742743e+00 4.1904130e-14 6.0800880e-05 1.8259762e-04
-2.2692693e+00 4.9759735e-14 5.6144330e-05 1.6894827e-04
-2.2642643e+00 5.9027259e-14 5.1816027e-05 1.5773592e-04
-2.2592593e+00 7.0229599e-14 4.7795224e-05 1.4846816e-04
-2.2542543e+00 8.3474858e-14 4.4062290e-05 1.4486179e-04
-2.2492492e+00 9.9004677e-14 4.0598670e-05 1.4376807e-04
-2.2442442e+00 1.1729864e-13 3.7386838e-05 1.4370452e-04
-2.2392392e+00 1.3900555e-13 3.4410252e-05 1.3764095e-04
-2.2342342e+00 1.6402378e-13 3.1653311e-05 1.2661317e-04
-2.2292292e+00 1.9397806e-13 2.9101318e-05 1.1640518e-04
-2.2242242e+00 2.2960435e-13 2.6740428e-05 1.0696160e-04
-2.2192192e+00 2.7188546e-13 2.4557623e-05 9.8230336e-05
-2.2142142e+00 3.2075497e-13 2.2540658e-05 9.0162418e-05
-2.2092092e+00 3.7905242e-13 2.0678033e-05 8.2711833e-05
-2.2042042e+00 4.4676027e-13 1.8958950e-05 7.5835388e-05
-2.1991992e+00 5.2611892e-13 1.7373290e-05 6.9492566e-05
-2.1941942e+00 6.2030007e-13 1.5911552e-05 6.3645391e-05
-2.1891892e+00 7.2900666e-13 1.4564864e-05 5.8258291e-05
-2.1841842e+00 8.5977660e-13 1.3324879e-05 5.3297973e-05
-2.1791792e+00 1.0120231e-12 1.2183866e-05 4.8733300e-05
-2.1741742e+00 1.1930518e-12 1.1134488e-05 4.4535171e-05
-2.1691692e+00 1.4052896e-12 1.0170053e-05 4.0676409e-05
-2.1641642e+00 1.6492051e-12 9.2842195e-06 3.7131654e-05
-2.1591592e+00 1.9358588e-12 8.4711087e-06 3.3877261e-05
-2.1541542e+00 2.2752288e-12 7.7253235e-06 3.0891214e-05
-2.1491491e+00 2.6721109e-12 7.0417750e-06 2.8153135e-05
-2.1441441e+00 3.1356251e-12 6.4156861e-06 2.5644717e-05
-2.1391391e+00 3.6687378e-12 5.8426959e-06 2.3356393e-05
-2.1341341e+00 4.3004332e-12 5.3195749e-06 2.1305466e-05
-2.1291291e+00 5.0378817e-12 4.8422599e-06 1.9819673e-05
-2.1241241e+00 5.8590228e-12 4.4074401e-06 1.9097210e-05
-2.1191191e+00 6.8606923e-12 4.0142705e-06 1.9397236e-05
-2.1141141e+00 8.0237572e-12 3.6578558e-06 1.8096314e-05
-2.1091091e+00 9.3586664e-12 3.3394383e-06 1.6420095e-05
-2.1041041e+00 1.0907683e-11 3.0547128e-06 1.4890983e-05
-2.0990991e+00 1.2706583e-11 2.8160418e-06 1.3496878e-05
-2.0940941e+00 1.4792961e-11 2.6172193e-06 1.2226627e-05
-2.0890891e+00 1.7215841e-11 2.4560406e-06 1.1070321e-05
-2.0840841e+00 2.0045193e-11 2.3297480e-06 1.0064508e-05
-2.0790791e+00 2.3314676e-11 2.2651484e-06 1.0020417e-05
-2.0740741e+00 2.7171525e-11 2.2463035e-06 9.8264459e-06
-2.0690691e+00 3.1638271e-11 2.2822109e-06 8.8772792e-06
-2.0640641e+00 3.6824353e-11 2.3101558e-06 8.0563533e-06
-2.0590591e+00 4.2790361e-11 2.4001183e-06 8.0723425e-06
-2.0540541e+00 4.9686786e-11 2.1746025e-06 7.6112737e-06
-2.0490490e+00 5.7651948e-11 1.9602501e-06 7.5163617e-06
-2.0440440e+00 6.6840281e-11 1.7660592e-06 7.4633624e-06
-2.0390390e+00 7.7396538e-11 1.5902346e-06 7.7373781e-06
-2.0340340e+00 8.9626494e-11 1.4311308e-06 8.2355839e-06
-2.0290290e+00 1.0373355e-10 1.2872403e-06 8.8048050e-06
-2.0240240e+00 1.1989500e-10 1.1571832e-06 9.4578082e-06
-2.0190190e+00 1.3875638e-10 1.0396970e-06 1.0236766e-05
-2.0140140e+00 1.6058405e-10 9.3362757e-07 1.1099694e-05
-2.0090090e+00 1.8580497e-10 8.3792048e-07 1.1976066e-05
-2.0040040e+00 2.1494617e-10 7.5161293e-07 1.3068979e-05
-1.9989990e+00 2.4788967e-10 6.7382659e-07 1.4228725e-05
-1.9939940e+00 2.8656194e-10 6.0376109e-07 1.5391824e-05
-1.9889890e+00 3.3072359e-10 5.4068666e-07 1.6715489e-05
-1.9839840e+00 3.8131994e-10 4.8394085e-07 1.8243672e-05
-1.9789790e+00 4.3930817e-10 4.3292015e-07 1.9854838e-05
-1.9739740e+00 5.0520855e-10 3.8707631e-07 2.1506439e-05
-1.9689690e+00 5.8022578e-10 3.4591693e-07 2.3403291e-05
-1.9639640e+00 6.6678257e-10 3.0900202e-07 2.5421996e-05
-1.9589590e+00 7.6644870e-10 2.7594138e-07 2.7634627e-05
-1.9539540e+00 8.7897876e-10 2.4641264e-07 2.9894052e-05
-1.9489489e+00 1.0082753e-09 2.2018836e-07 3.2469219e-05
-1.9439439e+00 1.1581647e-09 1.9717951e-07 3.5203971e-05
-1.9389389e+00 1.3255528e-09 1.7742859e-07 3.8082079e-05
-1.9339339e+00 1.5176238e-09 1.6137895e-07 4.1351069e-05
-1.9289289e+00 1.7349218e-09 1.4990368e-07 4.4957187e-05
-1.9239239e+00 1.9856350e-09 1.4351744e-07 4.8668675e-05
-1.9189189e+00 2.2765007e-09 1.4203206e-07 5.2513367e-05
-1.9139139e+00 2.6028891e-09 1.4509650e-07 5.6839132e-05
-1.9089089e+00 2.9729994e-09 1.2880670e-07 6.1676579e-05
-1.9039039e+00 3.3984278e-09 1.1428804e-07 6.6551984e-05
-1.8988989e+00 3.8690535e-09 1.0138002e-07 7.2069777e-05
-1.8938939e+00 4.4072386e-09 9.0013331e-08 7.8057774e-05
-1.8888889e+00 5.0250154e-09 8.0648035e-08 8.4257433e-05
-1.8838839e+00 5.7182230e-09 7.4545948e-08 9.1287558e-05
-1.8788789e+00 6.5141445e-09 7.1731010e-08 9.8490082e-05
-1.8738739e+00 7.4368269e-09 7.2312746e-08 1.0622674e-04
-1.8688689e+00 8.4120215e-09 6.4975775e-08 1.1468384e-04
-1.8638639e+00 9.5632088e-09 5.8346396e-08 1.2310368e-04
-1.8588589e+00 1.0880513e-08 5.5764732e-08 1.3259856e-04
-1.8538539e+00 1.1171453e-08 5.5859141e-08 1.4227698e-04
-1.8488488e+00 9.8563883e-09 5.1181769e-08 1.5276063e-04
-1.8438438e+00 8.7009697e-09 5.2102481e-08 1.6366450e-04
-1.8388388e+00 7.6832645e-09 5.1382535e-08 1.7469368e-04
-1.8338338e+00 6.7934105e-09 5.2386407e-08 1.8750786e-04
-1.8288288e+00 6.0248831e-09 5.5170519e-08 2.0038343e-04
-1.8238238e+00 5.3760715e-09 5.9331693e-08 2.1445450e-04
-1.8188188e+00 4.8788876e-09 6.5144826e-08 2.2996305e-04
-1.8138138e+00 4.5040751e-09 7.1695268e-08 2.4682614e-04
-1.8088088e+00 4.3162613e-09 7.9305662e-08 2.6430832e-04
-1.8038038e+00 4.2654780e-09 8.8275893e-08 2.8281140e-04
-1.7987988e+00 4.3694733e-09 9.8208056e-08 3.0426098e-04
-1.7937938e+00 4.5521017e-09 1.0949181e-07 3.2156800e-04
-1.7887888e+00 4.2134580e-09 1.2199557e-07 3.4360686e-04
-1.7837838e+00 3.8191221e-09 1.3613696e-07 3.6783557e-04
-1.7787788e+00 3.5079596e-09 1.5231802e-07 3.9327731e-04
-1.7737738e+00 3.3323950e-09 1.7032030e-07 4.2098750e-04
-1.7687688e+00 3.2813973e-09 1.9047166e-07 4.5099471e-04
-1.7637638e+00 3.2160788e-09 2.1321647e-07 4.8167805e-04
-1.7587588e+00 3.0891120e-09 2.3864347e-07 5.0882981e-04
-1.7537538e+00 3.0140998e-09 2.6667151e-07 5.3803201e-04
-1.7487487e+00 2.9740102e-09 2.9779281e-07 5.7165805e-04
-1.7437437e+00 2.9986601e-09 3.3314665e-07 6.0711047e-04
-1.7387387e+00 3.0435719e-09 3.7227371e-07 6.4290917e-04
-1.7337337e+00 3.1379105e-09 4.1632370e-07 6.8180656e-04
-1.7287287e+00 3.2825119e-09 4.6538065e-07 7.2395441e-04
-1.7237237e+00 3.5367544e-09 5.1933372e-07 7.6161807e-04
-1.7187187e+00 3.8518069e-09 5.7981145e-07 8.0223089e-04
-1.7137137e+00 4.2735009e-09 6.4590740e-07 8.4599448e-04
-1.7087087e+00 4.7292472e-09 7.1907120e-07 8.9584523e-04
-1.7037037e+00 5.2989620e-09 7.9964332e-07 9.4468512e-04
-1.6986987e+00 5.9646006e-09 8.8817168e-07 9.9447070e-04
-1.6936937e+00 6.7220703e-09 9.8677860e-07 1.0536033e-03
-1.6886887e+00 7.6109537e-09 1.0972433e-06 1.1111626e-03
-1.6836837e+00 8.6170045e-09 1.2185835e-06 1.1657881e-03
-1.6786787e+00 9.7756397e-09 1.3517132e-06 1.2235176e-03
-1.6736737e+00 1.1079057e-08 1.4992410e-06 1.2915567e-03
-1.6686687e+00 1.2551891e-08 1.6628574e-06 1.3568326e-03
-1.6636637e+00 1.4261154e-08 1.8445164e-06 1.4294469e-03
-1.6586587e+00 1.6189401e-08 2.0423797e-06 1.4973795e-03
-1.6536537e+00 1.8371651e-08 2.2610342e-06 1.5653909e-03
-1.6486486e+00 2.0830698e-08 2.5001101e-06 1.6454623e-03
-1.6436436e+00 2.3600072e-08 2.7607224e-06 1.7329416e-03
-1.6386386e+00 2.6805127e-08 3.0511510e-06 1.8220052e-03
-1.6336336e+00 3.0382285e-08 3.3727651e-06 1.9146061e-03
-1.6286286e+00 3.4426175e-08 3.7220215e-06 2.0182209e-03
-1.6236236e+00 3.9024642e-08 4.1121493e-06 2.1103561e-03
-1.6186186e+00 4.4135628e-08 4.5386238e-06 2.2139203e-03
-1.6136136e+00 4.9967284e-08 5.0026573e-06 2.3170179e-03
-1.6086086e+00 5.6508742e-08 5.5186593e-06 2.4204224e-03
-1.6036036e+00 6.3796422e-08 6.0667410e-06 2.5335043e-03
-1.5985986e+00 7.2018985e-08 6.6726454e-06 2.6424857e-03
-1.5935936e+00 8.1312474e-08 7.3250981e-06 2.7625976e-03
-1.5885886e+00 9.1657586e-08 8.0623480e-06 2.8784192e-03
-1.5835836e+00 1.0342430e-07 8.8628492e-06 3.0020800e-03
-1.5785786e+00 1.1674943e-07 9.7519436e-06 3.1319201e-03
-1.5735736e+00 1.3132792e-07 1.0712650e-05 3.2682407e-03
-1.5685686e+00 1.4780629e-07 1.1766882e-05 3.4068650e-03
-1.5635636e+00 1.6624558e-07 1.2876737e-05 3.5370788e-03
-1.5585586e+00 1.8696586e-07 1.4124532e-05 3.6767415e-03
-1.5535536e+00 2.1009865e-07 1.5507332e-05 3.8241312e-03
-1.5485485e+00 2.3603223e-07 1.6997213e-05 3.9391871e-03
-1.5435435e+00 2.6505155e-07 1.8618108e-05 4.1186675e-03
-1.5385385e+00 2.9766458e-07 2.0332299e-05 4.2836156e-03
-1.5335335e+00 3.3415755e-07 2.2245409e-05 4.4394561e-03
-1.5285285e+00 3.7378934e-07 2.4309211e-05 4.5923488e-03
-1.5235235e+00 4.1844893e-07 2.6463248e-05 4.7615090e-03
-1.5185185e+00 4.6823748e-07 2.8905717e-05 4.9489256e-03
-1.5135135e+00 5.2365213e-07 3.1520441e-05 5.1429109e-03
-1.5085085e+00 5.8533675e-07 3.4352964e-05 5.3400456e-03
-1.5035035e+00 6.5464626e-07 3.7410869e-05 5.5083983e-03
-1.4984985e+00 7.3081826e-07 4.0742017e-05 5.7111825e-03
-1.4934935e+00 8.1704822e-07 4.4394674e-05 5.9117726e-03
-1.4884885e+00 9.1344201e-07 4.8254753e-05 6.1047738e-03
-1.4834835e+00 1.0194372e-06 5.2457077e-05 6.3085405e-03
-1.4784785e+00 1.1376944e-06 5.6979644e-05 6.5357026e-03
-1.4734735e+00 1.2664378e-06 6.1830793e-05 6.7348271e-03
-1.4684685e+00 1.4091766e-06 6.7054521e-05 6.9514568e-03
-1.4634635e+00 1.5676117e-06 7.2745195e-05 7.1716515e-03
-1.4584585e+00 1.7426478e-06 7.8552441e-05 7.3645159e-03
-1.4534535e+00 1.9335803e-06 8.5089018e-05 7.5764136e-03
-1.4484484e+00 2.1508444e-06 9.2112209e-05 7.7902567e-03
-1.4434434e+00 2.3886436e-06 9.9712787e-05 7.9991349e-03
-1.4384384e+00 2.6507265e-06 1.0775248e-04 8.2086981e-03
-1.4334334e+00 2.9411811e-06 1.1634633e-04 8.4527420e-03
-1.4284284e+00 3.2607184e-06 1.2571869e-04 8.6589118e-03
-1.4234234e+00 3.6114247e-06 1.3579418e-04 8.8682454e-03
-1.4184184e+00 4.0028489e-06 1.4635064e-04 9.1068329e-03
-1.4134134e+00 4.4371517e-06 1.5737129e-04 9.3214693e-03
-1.4084084e+00 4.9082670e-06 1.6928952e-04 9.5375454e-03
-1.4034034e+00 5.4279662e-06 1.8192804e-04 9.7668088e-03
-1.3983984e+00 5.9947304e-06 1.9612864e-04 1.0010395e-02
-1.3933934e+00 6.6205417e-06 2.1086552e-04 1.0272781e-02
-1.3883884e+00 7.3013202e-06 2.2712056e-04 1.0486608e-02
-1.3833834e+00 8.0565724e-06 2.4437889e-04 1.0794753e-02
-1.3783784e+00 8.8865600e-06 2.6222601e-04 1.1055143e-02
-1.3733734e+00 9.7883596e-06 2.8189527e-04 1.1347949e-02
-1.3683684e+00 1.0767725e-05 3.0250997e-04 1.1551881e-02
-1.3633634e+00 1.1850475e-05 3.2460464e-04 1.1750084e-02
-1.3583584e+00 1.3050703e-05 3.4814581e-04 1.2017792e-02
-1.3533534e+00 1.4328461e-05 3.7354402e-04 1.2219473e-02
-1.3483483e+00 1.5709873e-05 4.0047246e-04 1.2483657e-02
-1.3433433e+00 1.7264879e-05 4.2880924e-04 1.2695702e-02
-1.3383383e+00 1.8961659e-05 4.5881362e-04 1.2976514e-02
-1.3333333e+00 2.0817886e-05 4.9063772e-04 1.3237174e-02
-1.3283283e+00 2.2834725e-05 5.2492055e-04 1.3513916e-02
-1.3233233e+00 2.5046678e-05 5.5994572e-04 1.3685295e-02
-1.3183183e+00 2.7392283e-05 5.9760011e-04 1.3916036e-02
-1.3133133e+00 2.9984530e-05 6.3640705e-04 1.4192958e-02
-1.3083083e+00 3.2711542e-05 6.7811775e-04 1.4429648e-02
-1.3033033e+00 3.5802513e-05 7.2400719e-04 1.4688355e-02
-1.2982983e+00 3.9182574e-05 7.7142341e-04 1.4939904e-02
-1.2932933e+00 4.2785922e-05 8.1942033e-04 1.5186969e-02
-1.2882883e+00 4.6786656e-05 8.7183714e-04 1.5397219e-02
-1.2832833e+00 5.1095942e-05 9.2559065e-04 1.5668439e-02
-1.2782783e+00 5.5765555e-05 9.8466207e-04 1.5888028e-02
-1.2732733e+00 6.0775972e-05 1.0476767e-03 1.6156893e-02
-1.2682683e+00 6.6275749e-05 1.1116299e-03 1.6432586e-02
-1.2632633e+00 7.2151201e-05 1.1786968e-03 1.6653758e-02
-1.2582583e+00 7.8459234e-05 1.2513490e-03 1.6834061e-02
-1.2532533e+00 8.5294010e-05 1.3279508e-03 1.7066281e-02
-1.2482482e+00 9.2689850e-05 1.4090175e-03 1.7317222e-02
-1.2432432e+00 1.0068229e-04 1.4895761e-03 1.7575715e-02
-1.2382382e+00 1.0931132e-04 1.5783650e-03 1.7764799e-02
-1.2332332e+00 1.1864959e-04 1.6697265e-03 1.7969321e-02
-1.2282282e+00 1.2887553e-04 1.7648289e-03 1.8240674e-02
-1.2232232e+00 1.3957192e-04 1.8644198e-03 1.8417134e-02
-1.2182182e+00 1.5095963e-04 1.9658880e-03 1.8625910e-02
-1.2132132e+00 1.6355452e-04 2.0772302e-03 1.8790519e-02
-1.2082082e+00 1.7676168e-04 2.1905791e-03 1.8976136e-02
-1.2032032e+00 1.9120678e-04 2.3141762e-03 1.9125752e-02
-1.1981982e+00 2.0683198e-04 2.4390656e-03 1.9246393e-02
-1.1931932e+00 2.2325864e-04 2.5693314e-03 1.9352603e-02
-1.1881882e+00 2.4097992e-04 2.6967131e-03 1.9503017e-02
-1.1831832e+00 2.6047046e-04 2.8386574e-03 1.9704704e-02
-1.1781782e+00 2.8033751e-04 2.9852335e-03 1.9912233e-02
-1.1731732e+00 3.0182883e-04 3.1418785e-03 2.0171854e-02
-1.1681682e+00 3.2411025e-04 3.3062323e-03 2.0448816e-02
-1.1631632e+00 3.4904674e-04 3.4660194e-03 2.0781416e-02
-1.1581582e+00 3.7594651e-04 3.6427966e-03 2.1079453e-02
-1.1531532e+00 4.0446484e-04 3.8221289e-03 2.1411340e-02
-1.1481481e+00 4.3510485e-04 4.0040797e-03 2.1740691e-02
-1.1431431e+00 4.6726729e-04 4.1913846e-03 2.2199634e-02
-1.1381381e+00 5.0156585e-04 4.3877468e-03 2.2606490e-02
-1.1331331e+00 5.3812806e-04 4.5889173e-03 2.2983908e-02
-1.1281281e+00 5.7669717e-04 4.8054196e-03 2.3399085e-02
-1.1231231e+00 6.1847236e-04 5.0283028e-03 2.3780762e-02
-1.1181181e+00 6.6236449e-04 5.2555939e-03 2.4175474e-02
-1.1131131e+00 7.0842308e-04 5.4886810e-03 2.4599766e-02
-1.1081081e+00 7.5837159e-04 5.7247978e-03 2.5085339e-02
-1.1031031e+00 8.1109570e-04 5.9837763e-03 2.5564733e-02
-1.0980981e+00 8.6756183e-04 6.2481208e-03 2.6074936e-02
-1.0930931e+00 9.2705628e-04 6.5038650e-03 2.6534879e-02
-1.0880881e+00 9.8779038e-04 6.7854757e-03 2.7008810e-02
-1.0830831e+00 1.0548159e-03 7.0625408e-03 2.7532118e-02
-1.0780781e+00 1.1243229e-03 7.3474569e-03 2.8095023e-02
-1.0730731e+00 1.1977226e-03 7.6587801e-03 2.8561382e-02
-1.0680681e+00 1.2770234e-03 7.9771430e-03 2.9046654e-02
-1.0630631e+00 1.3614462e-03 8.3071728e-03 2.9566019e-02
-1.0580581e+00 1.4452659e-03 8.6331074e-03 3.0032552e-02
-1.0530531e+00 1.5378564e-03 8.9659433e-03 3.0468541e-02
-1.0480480e+00 1.6358542e-03 9.2985612e-03 3.1033219e-02
-1.0430430e+00 1.7360645e-03 9.6340630e-03 3.1523853e-02
-1.0380380e+00 1.8413178e-03 9.9912978e-03 3.2004028e-02
-1.0330330e+00 1.9522309e-03 1.0362923e-02 3.2606997e-02
-1.0280280e+00 2.0700662e-03 1.0734863e-02 3.3075526e-02
-1.0230230e+00 2.1922148e-03 1.1117093e-02 3.3577018e-02
-1.0180180e+00 2.3232247e-03 1.1530283e-02 3.4166079e-02
-1.0130130e+00 2.4614193e-03 1.1912712e-02 3.4753540e-02
-1.0080080e+00 2.6021952e-03 1.2330241e-02 3.5340035e-02
-1.0030030e+00 2.7506313e-03 1.2744291e-02 3.5905500e-02
-9.9799800e-01 2.9063461e-03 1.3148802e-02 3.6461578e-02
-9.9299299e-01 3.0708392e-03 1.3567137e-02 3.6979061e-02
-9.8798799e-01 3.2392870e-03 1.4004059e-02 3.7523242e-02
-9.8298298e-01 3.4169841e-03 1.4446283e-02 3.8061395e-02
-9.7797798e-01 3.6021442e-03 1.4890674e-02 3.8523551e-02
-9.7297297e-01 3.7923686e-03 1.5344723e-02 3.9026301e-02
-9.6796797e-01 3.9927007e-03 1.5782439e-02 3.9548765e-02
-9.6296296e-01 4.2031410e-03 1.6274064e-02 4.0082863e-02
-9.5795796e-01 4.4249566e-03 1.6760106e-02 4.0610532e-02
-9.5295295e-01 4.6508178e-03 1.7263771e-02 4.1205502e-02
-9.4794795e-01 4.8965299e-03 1.7748760e-02 4.1803258e-02
-9.4294294e-01 5.1445051e-03 1.8220992e-02 4.2463805e-02
-9.3793794e-01 5.4082186e-03 1.8729949e-02 4.3209544e-02
-9.3293293e-01 5.6713771e-03 1.9190761e-02 4.3911855e-02
-9.2792793e-01 5.9479570e-03 1.9647062e-02 4.4535485e-02
-9.2292292e-01 6.2384640e-03 2.0141959e-02 4.5131312e-02
-9.1791792e-01 6.5347056e-03 2.0652315e-02 4.5824396e-02
-9.1291291e-01 6.8440403e-03 2.1180453e-02 4.6569462e-02
-9.0790791e-01 7.1479229e-03 2.1708860e-02 4.7322285e-02
-9.0290290e-01 7.4704098e-03 2.2247715e-02 4.8180647e-02
-8.9789790e-01 7.8044491e-03 2.2808569e-02 4.8958234e-02
-8.9289289e-01 8.1475007e-03 2.3377289e-02 4.9697308e-02
-8.8788789e-01 8.4970133e-03 2.3965887e-02 5.0563331e-02
-8.8288288e-01 8.8759343e-03 2.4547560e-02 5.1354347e-02
-8.7787788e-01 9.2631453e-03 2.5191525e-02 5.2181531e-02
-8.7287287e-01 9.6551183e-03 2.5840544e-02 5.3006220e-02
-8.6786787e-01 1.0059128e-02 2.6484729e-02 5.3894998e-02
-8.6286286e-01 1.0461916e-02 2.7127112e-02 5.4680878e-02
-8.5785786e-01 1.0894780e-02 2.7799241e-02 5.5534829e-02
-8.5285285e-01 1.1324756e-02 2.8491510e-02 5.6466073e-02
-8.4784785e-01 1.1782069e-02 2.9179318e-02 5.7362894e-02
-8.4284284e-01 1.2240108e-02 2.9919503e-02 5.8236503e-02
-8.3783784e-01 1.2683182e-02 3.0622189e-02 5.9104173e-02
-8.3283283e-01 1.3152125e-02 3.1382577e-02 5.9956599e-02
-8.2782783e-01 1.3614187e-02 3.2117441e-02 6.0865736e-02
-8.2282282e-01 1.4114163e-02 3.2915789e-02 6.1854674e-02
-8.1781782e-01 1.4638430e-02 3.3659515e-02 6.2890632e-02
-8.1281281e-01 1.5152205e-02 3.4492113e-02 6.3805128e-02
-8.0780781e-01 1.5677218e-02 3.5279229e-02 6.4747494e-02
-8.0280280e-01 1.6232606e-02 3.6071639e-02 6.5707964e-02
-7.9779780e-01 1.6752686e-02 3.6894344e-02 6.6702975e-02
-7.9279279e-01 1.7296115e-02 3.7740403e-02 6.7636848e-02
-7.8778779e-01 1.7818563e-02 3.8580406e-02 6.8650110e-02
-7.8278278e-01 1.8373967e-02 3.9397318e-02 6.9631708e-02
-7.7777778e-01 1.8936521e-02 4.0256499e-02 7.0739987e-02
-7.7277277e-01 1.9487101e-02 4.1085571e-02 7.1813340e-02
-7.6776777e-01 2.0049584e-02 4.1967149e-02 7.2859538e-02
-7.6276276e-01 2.0615868e-02 4.2828732e-02 7.4012225e-02
-7.5775776e-01 2.1196902e-02 4.3691610e-02 7.5150444e-02
-7.5275275e-01 2.1771830e-02 4.4582356e-02 7.6205557e-02
-7.4774775e-01 2.2372325e-02 4.5515856e-02 7.7336844e-02
-7.4274274e-01 2.2930759e-02 4.6398897e-02 7.8495175e-02
-7.3773774e-01 2.3519654e-02 4.7366586e-02 7.9659341e-02
-7.3273273e-01 2.4162577e-02 4.8323973e-02 8.0827075e-02
-7.2772773e-01 2.4791176e-02 4.9268735e-02 8.2021146e-02
-7.2272272e-01 2.5475562e-02 5.0227356e-02 8.3187028e-02
-7.1771772e-01 2.6126418e-02 5.1188053e-02 8.4442146e-02
-7.1271271e-01 2.6783064e-02 5.2148486e-02 8.5644758e-02
-7.0770771e-01 2.7439420e-02 5.3077450e-02 8.6876956e-02
-7.0270270e-01 2.8128670e-02 5.4093091e-02 8.8200974e-02
-6.9769770e-01 2.8779131e-02 5.5149530e-02 8.9500734e-02
-6.9269269e-01 2.9463022e-02 5.6144842e-02 9.0746523e-02
-6.8768769e-01 3.0178868e-02 5.7167063e-02 9.2018833e-02
-6.8268268e-01 3.0918406e-02 5.8197348e-02 9.3326107e-02
-6.7767768e-01 3.1683726e-02 5.9211304e-02 9.4611791e-02
-6.7267267e-01 3.2422001e-02 6.0189758e-02 9.5894959e-02
-6.6766767e-01 3.3176097e-02 6.1196421e-02 9.7258286e-02
-6.6266266e-01 3.3904972e-02 6.2160630e-02 9.8651250e-02
-6.5765766e-01 3.4684887e-02 6.3199572e-02 9.9975383e-02
-6.5265265e-01 3.5429022e-02 6.4230677e-02 1.0129958e-01
-6.4764765e-01 3.6152228e-02 6.5194428e-02 1.0263839e-01
-6.4264264e-01 3.6956150e-02 6.6281464e-02 1.0396563e-01
-6.3763764e-01 3.7672037e-02 6.7282144e-02 1.0530588e-01
-6.3263263e-01 3.8529552e-02 6.8406235e-02 1.0679193e-01
-6.2762763e-01 3.9365020e-02 6.9477641e-02 1.0808107e-01
-6.2262262e-01 4.0179573e-02 7.0569448e-02 1.0948910e-01
-6.1761762e-01 4.0967015e-02 7.1732740e-02 1.1094240e-01
-6.1261261e-01 4.1786757e-02 7.2881936e-02 1.1234775e-01
-6.0760761e-01 4.2585917e-02 7.4104031e-02 1.1359250e-01
-6.0260260e-01 4.3390669e-02 7.5174333e-02 1.1500853e-01
-5.9759760e-01 4.4164011e-02 7.6322051e-02 1.1640848e-01
-5.9259259e-01 4.5014606e-02 7.7516823e-02 1.1784019e-01
-5.8758759e-01 4.5851912e-02 7.8651157e-02 1.1916968e-01
-5.8258258e-01 4.6713898e-02 7.9673451e-02 1.2051050e-01
-5.7757758e-01 4.7633684e-02 8.0860801e-02 1.2191224e-01
-5.7257257e-01 4.8435451e-02 8.2024222e-02 1.2336678e-01
-5.6756757e-01 4.9326993e-02 8.3183422e-02 1.2465872e-01
-5.6256256e-01 5.0148183e-02 8.4343018e-02 1.2604092e-01
-5.5755756e-01 5.0997258e-02 8.5496340e-02 1.2739630e-01
-5.5255255e-01 5.1986096e-02 8.6667882e-02 1.2875930e-01
-5.4754755e-01 5.2947325e-02 8.7812033e-02 1.3015988e-01
-5.4254254e-01 5.3834521e-02 8.8977230e-02 1.3167734e-01
-5.3753754e-01 5.4873732e-02 9.0160834e-02 1.3314454e-01
-5.3253253e-01 5.5868701e-02 9.1340386e-02 1.3469189e-01
-5.2752753e-01 5.6885306e-02 9.2640840e-02 1.3602540e-01
-5.2252252e-01 5.7940037e-02 9.3914757e-02 1.3752577e-01
-5.1751752e-01 5.8985768e-02 9.5174161e-02 1.3908889e-01
-5.1251251e-01 5.9949029e-02 9.6475505e-02 1.4057785e-01
-5.0750751e-01 6.0963556e-02 9.7732109e-02 1.4207127e-01
-5.0250250e-01 6.2000660e-02 9.8981788e-02 1.4353384e-01
-4.9749750e-01 6.3076429e-02 1.0028700e-01 1.4510241e-01
-4.9249249e-01 6.4098518e-02 1.0163870e-01 1.4651669e-01
-4.8748749e-01 6.5148501e-02 1.0286181e-01 1.4802961e-01
-4.8248248e-01 6.6350035e-02 1.0412795e-01 1.4947227e-01
-4.7747748e-01 6.7613058e-02 1.0549453e-01 1.5109159e-01
-4.7247247e-01 6.8767687e-02 1.0686017e-01 1.5263266e-01
-4.6746747e-01 6.9990364e-02 1.0819891e-01 1.5412977e-01
-4.6246246e-01 7.1206981e-02 1.0959479e-01 1.5564365e-01
-4.5745746e-01 7.2367110e-02 1.1101680e-01 1.5714609e-01
-4.5245245e-01 7.3549075e-02 1.1238115e-01 1.5861753e-01
-4.4744745e-01 7.4992709e-02 1.1382415e-01 1.6018099e-01
-4.4244244e-01 7.6271910e-02 1.1529047e-01 1.6176667e-01
-4.3743744e-01 7.7563113e-02 1.1673148e-01 1.6336558e-01
-4.3243243e-01 7.8886524e-02 1.1823219e-01 1.6503781e-01
-4.2742743e-01 8.0240943e-02 1.1973990e-01 1.6668262e-01
-4.2242242e-01 8.1663342e-02 1.2128842e-01 1.6838281e-01
-4.1741742e-01 8.3077236e-02 1.2282968e-01 1.7010955e-01
-4.1241241e-01 8.4449165e-02 1.2442167e-01 1.7174563e-01
-4.0740741e-01 8.5965505e-02 1.2603800e-01 1.7354499e-01
-4.0240240e-01 8.7415199e-02 1.2762351e-01 1.7536705e-01
-3.9739740e-01 8.8862970e-02 1.2927266e-01 1.7717997e-01
-3.9239239e-01 9.0390978e-02 1.3097290e-01 1.7899590e-01
-3.8738739e-01 9.1897145e-02 1.3271445e-01 1.8078855e-01
-3.8238238e-01 9.3400274e-02 1.3432675e-01 1.8266169e-01
-3.7737738e-01 9.5001408e-02 1.3608492e-01 1.8452504e-01
-3.7237237e-01 9.6702946e-02 1.3797041e-01 1.8652234e-01
-3.6736737e-01 9.8417555e-02 1.3970888e-01 1.8853593e-01
-3.6236236e-01 1.0015457e-01 1.4151433e-01 1.9054057e-01
-3.5735736e-01 1.0189520e-01 1.4335349e-01 1.9266593e-01
-3.5235235e-01 1.0367225e-01 1.4530250e-01 1.9489518e-01
-3.4734735e-01 1.0551921e-01 1.4721321e-01 1.9689022e-01
-3.4234234e-01 1.0729641e-01 1.4922409e-01 1.9894996e-01
-3.3733734e-01 1.0907298e-01 1.5124015e-01 2.0115039e-01
-3.3233233e-01 1.1096528e-01 1.5335832e-01 2.0323075e-01
-3.2732733e-01 1.1292450e-01 1.5531061e-01 2.0556826e-01
-3.2232232e-01 1.1490556e-01 1.5744936e-01 2.0791709e-01
-3.1731732e-01 1.1688050e-01 1.5967590e-01 2.1023106e-01
-3.1231231e-01 1.1885469e-01 1.6196528e-01 2.1253405e-01
-3.0730731e-01 1.2105621e-01 1.6415150e-01 2.1487094e-01
-3.0230230e-01 1.2312793e-01 1.6638736e-01 2.1743529e-01
-2.9729730e-01 1.2523564e-01 1.6870442e-01 2.1994124e-01
-2.9229229e-01 1.2736838e-01 1.7110011e-01 2.2255833e-01
-2.8728729e-01 1.2957980e-01 1.7343146e-01 2.2513330e-01
-2.8228228e-01 1.3184570e-01 1.7597178e-01 2.2772344e-01
-2.7727728e-01 1.3422919e-01 1.7853837e-01 2.3049613e-01
-2.7227227e-01 1.3656437e-01 1.8120375e-01 2.3325685e-01
-2.6726727e-01 1.3898934e-01 1.8380527e-01 2.3621357e-01
-2.6226226e-01 1.4133775e-01 1.8653598e-01 2.3917791e-01
-2.5725726e-01 1.4375099e-01 1.8932554e-01 2.4210631e-01
-2.5225225e-01 1.4622952e-01 1.9210710e-01 2.4516387e-01
-2.4724725e-01 1.4892973e-01 1.9495841e-01 2.4824785e-01
-2.4224224e-01 1.5155191e-01 1.9788236e-01 2.5135635e-01
-2.3723724e-01 1.5412177e-01 2.0067014e-01 2.5461605e-01
-2.3223223e-01 1.5684385e-01 2.0366891e-01 2.5779740e-01
-2.2722723e-01 1.5965363e-01 2.0675111e-01 2.6101129e-01
-2.2222222e-01 1.6233107e-01 2.0980252e-01 2.6431080e-01
-2.1721722e-01 1.6520978e-01 2.1291040e-01 2.6792370e-01
-2.1221221e-01 1.6809396e-01 2.1614067e-01 2.7148691e-01
-2.0720721e-01 1.7103639e-01 2.1946019e-01 2.7512435e-01
-2.0220220e-01 1.7415489e-01 2.2275139e-01 2.7874110e-01
-1.9719720e-01 1.7732706e-01 2.2613929e-01 2.8227458e-01
-1.9219219e-01 1.8049171e-01 2.2963876e-01 2.8587082e-01
-1.8718719e-01 1.8372914e-01 2.3331493e-01 2.8966271e-01
-1.8218218e-01 1.8687006e-01 2.3686073e-01 2.9345821e-01
-1.7717718e-01 1.9019768e-01 2.4037493e-01 2.9735748e-01
-1.7217217e-01 1.9369841e-01 2.4400974e-01 3.0133360e-01
-1.6716717e-01 1.9690654e-01 2.4783653e-01 3.0541000e-01
-1.6216216e-01 2.0031585e-01 2.5175112e-01 3.0961979e-01
-1.5715716e-01 2.0382745e-01 2.5560491e-01 3.1376924e-01
-1.5215215e-01 2.0742542e-01 2.5957770e-01 3.1795235e-01
-1.4714715e-01 2.1106531e-01 2.6359635e-01 3.2224571e-01
-1.4214214e-01 2.1482037e-01 2.6764983e-01 3.2662199e-01
-1.3713714e-01 2.1859745e-01 2.7169658e-01 3.3092243e-01
-1.3213213e-01 2.2240115e-01 2.7593644e-01 3.3539484e-01
-1.2712713e-01 2.2613622e-01 2.8021755e-01 3.3988917e-01
-1.2212212e-01 2.3012041e-01 2.8460925e-01 3.4442683e-01
-1.1711712e-01 2.3429697e-01 2.8907655e-01 3.4910423e-01
-1.1211211e-01 2.3845658e-01 2.9346242e-01 3.5377099e-01
-1.0710711e-01 2.4251914e-01 2.9799631e-01 3.5851739e-01
-1.0210210e-01 2.4672919e-01 3.0247554e-01 3.6349914e-01
-9.7097097e-02 2.5100046e-01 3.0715339e-01 3.6852049e-01
-9.2092092e-02 2.5527562e-01 3.1176378e-01 3.7361360e-01
-8.7087087e-02 2.5973810e-01 3.1646912e-01 3.7875169e-01
-8.2082082e-02 2.6406300e-01 3.2140984e-01 3.8377611e-01
-7.7077077e-02 2.6844991e-01 3.2624022e-01 3.8897852e-01
-7.2072072e-02 2.7289990e-01 3.3116514e-01 3.9433633e-01
-6.7067067e-02 2.7734202e-01 3.3608860e-01 3.9973043e-01
-6.2062062e-02 2.8208124e-01 3.4121719e-01 4.0514843e-01
-5.7057057e-02 2.8674861e-01 3.4624221e-01 4.1041800e-01
-5.2052052e-02 2.9160876e-01 3.5142844e-01 4.1601937e-01
-4.7047047e-02 2.9635963e-01 3.5661684e-01 4.2149464e-01
-4.2042042e-02 3.0121455e-01 3.6194057e-01 4.2711232e-01
-3.7037037e-02 3.0611167e-01 3.6718530e-01 4.3293458e-01
-3.2032032e-02 3.1112976e-01 3.7256293e-01 4.3857618e-01
-2.7027027e-02 3.1633092e-01 3.7795545e-01 4.4435165e-01
-2.2022022e-02 3.2160791e-01 3.8339712e-01 4.5020185e-01
-1.7017017e-02 3.2672384e-01 3.8897995e-01 4.5614825e-01
-1.2012012e-02 3.3192003e-01 3.9462105e-01 4.6193688e-01
-7.0070070e-03 3.3725615e-01 4.0032364e-01 4.6793729e-01
-2.0020020e-03 3.4263244e-01 4.0602364e-01 4.7409677e-01
3.0030030e-03 3.4813680e-01 4.1177421e-01 4.8011821e-01
8.0080080e-03 3.5368684e-01 4.1756262e-01 4.8602934e-01
1.3013013e-02 3.5911313e-01 4.2325056e-01 4.9221334e-01
1.8018018e-02 3.6455659e-01 4.2902574e-01 4.9833245e-01
2.3023023e-02 3.7001630e-01 4.3485969e-01 5.0447457e-01
2.8028028e-02 3.7572898e-01 4.4088522e-01 5.1071420e-01
3.3033033e-02 3.8145677e-01 4.4691020e-01 5.1686406e-01
3.8038038e-02 3.8712508e-01 4.5292974e-01 5.2331997e-01
4.3043043e-02 3.9306982e-01 4.5881943e-01 5.2973874e-01
4.8048048e-02 3.9878222e-01 4.6510770e-01 5.3620217e-01
5.3053053e-02 4.0458118e-01 4.7136903e-01 5.4252255e-01
5.8058058e-02 4.1040269e-01 4.7757639e-01 5.4891663e-01
6.3063063e-02 4.1617819e-01 4.8387830e-01 5.5538675e-01
6.8068068e-02 4.2203320e-01 4.9013311e-01 5.6179886e-01
7.3073073e-02 4.2809673e-01 4.9649053e-01 5.6842297e-01
7.8078078e-02 4.3424258e-01 5.0284280e-01 5.7487211e-01
8.3083083e-02 4.4037104e-01 5.0917155e-01 5.8158387e-01
8.8088088e-02 4.4640857e-01 5.1556448e-01 5.8819960e-01
9.3093093e-02 4.5270412e-01 5.2200961e-01 5.9504650e-01
9.8098098e-02 4.5882663e-01 5.2842859e-01 6.0158940e-01
1.0310310e-01 4.6503354e-01 5.3493391e-01 6.0829333e-01
1.0810811e-01 4.7121848e-01 5.4162028e-01 6.1489695e-01
1.1311311e-01 4.7746822e-01 5.4830320e-01 6.2152142e-01
1.1811812e-01 4.8378889e-01 5.5473300e-01 6.2800531e-01
1.2312312e-01 4.8998216e-01 5.6111825e-01 6.3470981e-01
1.2812813e-01 4.9632986e-01 5.6773183e-01 6.4165281e-01
1.3313313e-01 5.0276375e-01 5.7432441e-01 6.4838912e-01
1.3813814e-01 5.0902043e-01 5.8086706e-01 6.5519703e-01
1.4314314e-01 5.1537600e-01 5.8742317e-01 6.6203385e-01
1.4814815e-01 5.2184031e-01 5.9408047e-01 6.6875596e-01
1.5315315e-01 5.2827391e-01 6.0068255e-01 6.7542477e-01
1.5815816e-01 5.3483188e-01 6.0716121e-01 6.8222985e-01
1.6316316e-01 5.4135570e-01 6.1374686e-01 6.8891260e-01
1.6816817e-01 5.4786004e-01 6.2050860e-01 6.9567327e-01
1.7317317e-01 5.5442008e-01 6.2722848e-01 7.0260792e-01
1.7817818e-01 5.6084459e-01 6.3393488e-01 7.0950049e-01
1.8318318e-01 5.6729296e-01 6.4057716e-01 7.1622436e-01
1.8818819e-01 5.7359972e-01 6.4721290e-01 7.2293476e-01
1.9319319e-01 5.8026284e-01 6.5396014e-01 7.2965814e-01
1.9819820e-01 5.8676120e-01 6.6069882e-01 7.3632182e-01
2.0320320e-01 5.9312812e-01 6.6751389e-01 7.4313959e-01
2.0820821e-01 5.9955033e-01 6.7419666e-01 7.4992409e-01
2.1321321e-01 6.0596299e-01 6.8093548e-01 7.5680341e-01
2.1821822e-01 6.1247797e-01 6.8754661e-01 7.6347812e-01
2.2322322e-01 6.1883131e-01 6.9411665e-01 7.7015754e-01
2.2822823e-01 6.2516759e-01 7.0060806e-01 7.7680349e-01
2.3323323e-01 6.3163794e-01 7.0714623e-01 7.8344689e-01
2.3823824e-01 6.3802751e-01 7.1359037e-01 7.8999284e-01
2.4324324e-01 6.4455839e-01 7.2029249e-01 7.9681196e-01
2.4824825e-01 6.5108736e-01 7.2709644e-01 8.0314613e-01
2.5325325e-01 6.5752655e-01 7.3367647e-01 8.0946659e-01
2.5825826e-01 6.6381622e-01 7.4014480e-01 8.1598049e-01
2.6326326e-01 6.7011222e-01 7.4659452e-01 8.2246164e-01
2.6826827e-01 6.7640599e-01 7.5303923e-01 8.2904917e-01
2.7327327e-01 6.8278466e-01 7.5949352e-01 8.3552544e-01
2.7827828e-01 6.8897318e-01 7.6584611e-01 8.4193402e-01
2.8328328e-01 6.9498660e-01 7.7203025e-01 8.4835767e-01
2.8828829e-01 7.0128928e-01 7.7825735e-01 8.5446711e-01
2.9329329e-01 7.0739805e-01 7.8450223e-01 8.6066267e-01
2.9829830e-01 7.1370912e-01 7.9049521e-01 8.6671876e-01
3.0330330e-01 7.1972950e-01 7.9647880e-01 8.7283318e-01
3.0830831e-01 7.2566120e-01 8.0251034e-01 8.7885177e-01
3.1331331e-01 7.3176292e-01 8.0847462e-01 8.8494254e-01
3.1831832e-01 7.3749963e-01 8.1456576e-01 8.9112113e-01
3.2332332e-01 7.4341068e-01 8.2038928e-01 8.9698630e-01
3.2832833e-01 7.4913139e-01 8.2614155e-01 9.0288475e-01
3.3333333e-01 7.5478160e-01 8.3178838e-01 9.0864408e-01
3.3833834e-01 7.6049891e-01 8.3755370e-01 9.1442864e-01
3.4334334e-01 7.6626954e-01 8.4305276e-01 9.2019534e-01
3.4834835e-01 7.7196537e-01 8.4860870e-01 9.2569568e-01
3.5335335e-01 7.7730537e-01 8.5409711e-01 9.3103900e-01
3.5835836e-01 7.8266960e-01 8.5947968e-01 9.3640936e-01
3.6336336e-01 7.8799420e-01 8.6474321e-01 9.4173060e-01
3.6836837e-01 7.9331501e-01 8.7008077e-01 9.4703075e-01
3.7337337e-01 7.9855140e-01 8.7514761e-01 9.5236880e-01
3.7837838e-01 8.0367281e-01 8.8005018e-01 9.5755678e-01
3.8338338e-01 8.0878461e-01 8.8491337e-01 9.6252758e-01
3.8838839e-01 8.1374753e-01 8.8984831e-01 9.6744649e-01
3.9339339e-01 8.1879088e-01 8.9470064e-01 9.7241374e-01
3.9839840e-01 8.2348738e-01 8.9962388e-01 9.7704302e-01
4.0340340e-01 8.2798869e-01 9.0427844e-01 9.8174841e-01
4.0840841e-01 8.3261590e-01 9.0878349e-01 9.8654330e-01
4.1341341e-01 8.3714732e-01 9.1327551e-01 9.9082945e-01
4.1841842e-01 8.4157671e-01 9.1771494e-01 9.9536204e-01
4.2342342e-01 8.4602142e-01 9.2196814e-01 9.9967427e-01
4.2842843e-01 8.5014935e-01 9.2625392e-01 1.0039962e+00
4.3343343e-01 8.5421121e-01 9.3029282e-01 1.0080137e+00
4.3843844e-01 8.5825103e-01 9.3448108e-01 1.0120076e+00
4.4344344e-01 8.6210007e-01 9.3847072e-01 1.0157979e+00
4.4844845e-01 8.6586555e-01 9.4205500e-01 1.0194822e+00
4.5345345e-01 8.6950965e-01 9.4568490e-01 1.0231586e+00
4.5845846e-01 8.7306658e-01 9.4929536e-01 1.0266684e+00
4.6346346e-01 8.7639968e-01 9.5284745e-01 1.0302301e+00
4.6846847e-01 8.7976761e-01 9.5614861e-01 1.0336914e+00
4.7347347e-01 8.8273123e-01 9.5927234e-01 1.0371187e+00
4.7847848e-01 8.8603086e-01 9.6245071e-01 1.0400016e+00
4.8348348e-01 8.8914040e-01 9.6538616e-01 1.0428694e+00
4.8848849e-01 8.9214856e-01 9.6830412e-01 1.0457389e+00
4.9349349e-01 8.9504404e-01 9.7096977e-01 1.0486526e+00
4.9849850e-01 8.9774760e-01 9.7364838e-01 1.0511180e+00
5.0350350e-01 9.0037046e-01 9.7605821e-01 1.0534623e+00
5.0850851e-01 9.0286054e-01 9.7854024e-01 1.0557477e+00
5.1351351e-01 9.0518407e-01 9.8100684e-01 1.0578202e+00
5.1851852e-01 9.0716355e-01 9.8305742e-01 1.0597688e+00
5.2352352e-01 9.0926948e-01 9.8520473e-01 1.0617964e+00
5.2852853e-01 9.1122205e-01 9.8700448e-01 1.0636796e+00
5.3353353e-01 9.1301332e-01 9.8875498e-01 1.0652867e+00
5.3853854e-01 9.1465125e-01 9.9033142e-01 1.0667979e+00
5.4354354e-01 9.1603238e-01 9.9177438e-01 1.0682523e+00
5.4854855e-01 9.1754803e-01 9.9325141e-01 1.0695030e+00
5.5355355e-01 9.1844327e-01 9.9457044e-01 1.0705905e+00
5.5855856e-01 9.1949926e-01 9.9586039e-01 1.0714376e+00
5.6356356e-01 9.2017690e-01 9.9684509e-01 1.0723767e+00
5.6856857e-01 9.2076978e-01 9.9767567e-01 1.0733458e+00
5.7357357e-01 9.2152528e-01 9.9831205e-01 1.0741944e+00
5.7857858e-01 9.2202473e-01 9.9886965e-01 1.0747673e+00
5.8358358e-01 9.2228418e-01 9.9930230e-01 1.0750888e+00
5.8858859e-01 9.2265280e-01 9.9954882e-01 1.0754348e+00
5.9359359e-01 9.2275233e-01 9.9989361e-01 1.0755767e+00
5.9859860e-01 9.2253906e-01 1.0000000e+00 1.0756363e+00
6.0360360e-01 9.2234549e-01 9.9975716e-01 1.0752241e+00
6.0860861e-01 9.2207238e-01 9.9941097e-01 1.0747107e+00
6.1361361e-01 9.2155097e-01 9.9888809e-01 1.0744299e+00
6.1861862e-01 9.2099609e-01 9.9816911e-01 1.0737185e+00
6.2362362e-01 9.2013800e-01 9.9748133e-01 1.0728869e+00
6.2862863e-01 9.1915344e-01 9.9656371e-01 1.0720381e+00
6.3363363e-01 9.1827743e-01 9.9567267e-01 1.0710052e+00
6.3863864e-01 9.1723886e-01 9.9453244e-01 1.0699836e+00
6.4364364e-01 9.1592535e-01 9.9338917e-01 1.0686828e+00
6.4864865e-01 9.1461359e-01 9.9195557e-01 1.0672119e+00
6.5365365e-01 9.1294837e-01 9.9027223e-01 1.0657119e+00
6.5865866e-01 9.1130798e-01 9.8831630e-01 1.0640186e+00
6.6366366e-01 9.0936198e-01 9.8639879e-01 1.0622031e+00
6.6866867e-01 9.0728017e-01 9.8433434e-01 1.0601501e+00
6.7367367e-01 9.0520628e-01 9.8201289e-01 1.0581151e+00
6.7867868e-01 9.0298703e-01 9.7965982e-01 1.0558140e+00
6.8368368e-01 9.0081565e-01 9.7719331e-01 1.0535022e+00
6.8868869e-01 8.9820742e-01 9.7469673e-01 1.0509850e+00
6.9369369e-01 8.9568666e-01 9.7207129e-01 1.0485517e+00
6.9869870e-01 8.9313707e-01 9.6929434e-01 1.0457069e+00
7.0370370e-01 8.9032913e-01 9.6628619e-01 1.0426446e+00
7.0870871e-01 8.8748255e-01 9.6312049e-01 1.0393611e+00
7.1371371e-01 8.8423254e-01 9.5968856e-01 1.0360961e+00
7.1871872e-01 8.8095533e-01 9.5613682e-01 1.0328568e+00
7.2372372e-01 8.7755156e-01 9.5258089e-01 1.0292417e+00
7.2872873e-01 8.7400766e-01 9.4907908e-01 1.0256537e+00
7.3373373e-01 8.7040482e-01 9.4557064e-01 1.0219851e+00
7.3873874e-01 8.6651159e-01 9.4158504e-01 1.0182249e+00
7.4374374e-01 8.6250930e-01 9.3759743e-01 1.0143154e+00
7.4874875e-01 8.5837441e-01 9.3355009e-01 1.0104421e+00
7.5375375e-01 8.5422636e-01 9.2932555e-01 1.0061682e+00
7.5875876e-01 8.4995690e-01 9.2496325e-01 1.0016615e+00
7.6376376e-01 8.4562496e-01 9.2064403e-01 9.9717703e-01
7.6876877e-01 8.4131701e-01 9.1632532e-01 9.9258261e-01
7.7377377e-01 8.3657516e-01 9.1172120e-01 9.8778972e-01
7.7877878e-01 8.3186751e-01 9.0692663e-01 9.8297949e-01
7.8378378e-01 8.2705665e-01 9.0197326e-01 9.7787505e-01
7.8878879e-01 8.2219342e-01 8.9719897e-01 9.7304053e-01
7.9379379e-01 8.1738132e-01 8.9232070e-01 9.6789118e-01
7.9879880e-01 8.1226042e-01 8.8711483e-01 9.6283199e-01
8.0380380e-01 8.0696812e-01 8.8188168e-01 9.5733948e-01
8.0880881e-01 8.0192450e-01 8.7659843e-01 9.5201274e-01
8.1381381e-01 7.9654430e-01 8.7114803e-01 9.4666044e-01
8.1881882e-01 7.9123125e-01 8.6556697e-01 9.4098562e-01
8.2382382e-01 7.8569553e-01 8.6007587e-01 9.3552218e-01
8.2882883e-01 7.8013076e-01 8.5430010e-01 9.2989793e-01
8.3383383e-01 7.7445853e-01 8.4852590e-01 9.2417936e-01
8.3883884e-01 7.6868403e-01 8.4267745e-01 9.1806300e-01
8.4384384e-01 7.6272085e-01 8.3677601e-01 9.1215382e-01
8.4884885e-01 7.5676407e-01 8.3081753e-01 9.0620238e-01
8.5385385e-01 7.5089032e-01 8.2470658e-01 9.0015863e-01
8.5885886e-01 7.4483811e-01 8.1871805e-01 8.9390554e-01
8.6386386e-01 7.3859395e-01 8.1251476e-01 8.8761018e-01
8.6886887e-01 7.3255285e-01 8.0619531e-01 8.8114944e-01
8.7387387e-01 7.2635946e-01 7.9990405e-01 8.7452590e-01
8.7887888e-01 7.2019465e-01 7.9341151e-01 8.6799010e-01
8.8388388e-01 7.1407775e-01 7.8716851e-01 8.6166062e-01
8.8888889e-01 7.0782707e-01 7.8069695e-01 8.5512837e-01
8.9389389e-01 7.0144858e-01 7.7423157e-01 8.4852649e-01
8.9889890e-01 6.9510015e-01 7.6772931e-01 8.4182533e-01
9.0390390e-01 6.8892415e-01 7.6127070e-01 8.3514132e-01
9.0890891e-01 6.8232621e-01 7.5459520e-01 8.2850780e-01
9.1391391e-01 6.7580070e-01 7.4776737e-01 8.2187528e-01
9.1891892e-01 6.6919815e-01 7.4095485e-01 8.1496712e-01
9.2392392e-01 6.6262213e-01 7.3413140e-01 8.0806599e-01
9.2892893e-01 6.5588726e-01 7.2732848e-01 8.0111311e-01
9.3393393e-01 6.4934705e-01 7.2063632e-01 7.9423689e-01
9.3893894e-01 6.4285929e-01 7.1380215e-01 7.8723892e-01
9.4394394e-01 6.3624518e-01 7.0680643e-01 7.8015175e-01
9.4894895e-01 6.2957403e-01 6.9991155e-01 7.7318076e-01
9.5395395e-01 6.2296614e-01 6.9310255e-01 7.6619888e-01
9.5895896e-01 6.1620929e-01 6.8618211e-01 7.5913059e-01
9.6396396e-01 6.0949061e-01 6.7933248e-01 7.5204804e-01
9.6896897e-01 6.0257690e-01 6.7233244e-01 7.4509996e-01
9.7397397e-01 5.9580338e-01 6.6551499e-01 7.3812535e-01
9.7897898e-01 5.8883886e-01 6.5865176e-01 7.3110586e-01
9.8398398e-01 5.8222816e-01 6.5173665e-01 7.2385805e-01
9.8898899e-01 5.7534736e-01 6.4480233e-01 7.1682254e-01
9.9399399e-01 5.6869711e-01 6.3790075e-01 7.0955866e-01
9.9899900e-01 5.6199227e-01 6.3101981e-01 7.0235924e-01
1.0040040e+00 5.5523109e-01 6.2403795e-01 6.9517424e-01
1.0090090e+00 5.4836354e-01 6.1699084e-01 6.8804543e-01
1.0140140e+00 5.4128323e-01 6.0996203e-01 6.8088698e-01
1.0190190e+00 5.3432924e-01 6.0312486e-01 6.7377565e-01
1.0240240e+00 5.2758000e-01 5.9626602e-01 6.6677246e-01
1.0290290e+00 5.2068375e-01 5.8924404e-01 6.5973220e-01
1.0340340e+00 5.1402086e-01 5.8237097e-01 6.5251420e-01
1.0390390e+00 5.0733998e-01 5.7534489e-01 6.4533446e-01
1.0440440e+00 5.0053269e-01 5.6854484e-01 6.3829350e-01
1.0490490e+00 4.9365783e-01 5.6152682e-01 6.3101955e-01
1.0540541e+00 4.8703839e-01 5.5475896e-01 6.2389851e-01
1.0590591e+00 4.8034182e-01 5.4788958e-01 6.1671613e-01
1.0640641e+00 4.7357531e-01 5.4098492e-01 6.0972757e-01
1.0690691e+00 4.6677103e-01 5.3415841e-01 6.0264482e-01
1.0740741e+00 4.6009223e-01 5.2735995e-01 5.9543019e-01
1.0790791e+00 4.5358921e-01 5.2055971e-01 5.8834112e-01
1.0840841e+00 4.4703396e-01 5.1389473e-01 5.8114408e-01
1.0890891e+00 4.4049447e-01 5.0697379e-01 5.7403834e-01
1.0940941e+00 4.3406780e-01 5.0014855e-01 5.6702070e-01
1.0990991e+00 4.2762440e-01 4.9332002e-01 5.5994676e-01
1.1041041e+00 4.2116868e-01 4.8664277e-01 5.5284100e-01
1.1091091e+00 4.1471913e-01 4.7995559e-01 5.4579641e-01
1.1141141e+00 4.0851927e-01 4.7329127e-01 5.3889889e-01
1.1191191e+00 4.0209443e-01 4.6658043e-01 5.3224558e-01
1.1241241e+00 3.9594461e-01 4.6001264e-01 5.2536214e-01
1.1291291e+00 3.8980895e-01 4.5346821e-01 5.1861932e-01
1.1341341e+00 3.8382049e-01 4.4688395e-01 5.1174741e-01
1.1391391e+00 3.7760076e-01 4.4040834e-01 5.0497233e-01
1.1441441e+00 3.7159849e-01 4.3399951e-01 4.9816414e-01
1.1491491e+00 3.6551002e-01 4.2770938e-01 4.9149274e-01
1.1541542e+00 3.5943246e-01 4.2131043e-01 4.8467431e-01
1.1591592e+00 3.5347285e-01 4.1493929e-01 4.7792402e-01
1.1641642e+00 3.4750507e-01 4.0859752e-01 4.7123038e-01
1.1691692e+00 3.4158016e-01 4.0228541e-01 4.6465697e-01
1.1741742e+00 3.3568687e-01 3.9589173e-01 4.5802626e-01
1.1791792e+00 3.2986476e-01 3.8958363e-01 4.5145054e-01
1.1841842e+00 3.2407141e-01 3.8341474e-01 4.4501093e-01
1.1891892e+00 3.1837819e-01 3.7726042e-01 4.3848527e-01
1.1941942e+00 3.1262460e-01 3.7116094e-01 4.3205974e-01
1.1991992e+00 3.0698929e-01 3.6506016e-01 4.2553351e-01
1.2042042e+00 3.0137078e-01 3.5899635e-01 4.1905575e-01
1.2092092e+00 2.9585724e-01 3.5298150e-01 4.1261484e-01
1.2142142e+00 2.9038397e-01 3.4707236e-01 4.0633145e-01
1.2192192e+00 2.8485316e-01 3.4118135e-01 4.0013534e-01
1.2242242e+00 2.7951406e-01 3.3521709e-01 3.9388156e-01
1.2292292e+00 2.7418180e-01 3.2927254e-01 3.8778921e-01
1.2342342e+00 2.6876894e-01 3.2346152e-01 3.8170246e-01
1.2392392e+00 2.6359817e-01 3.1769146e-01 3.7532450e-01
1.2442442e+00 2.5845369e-01 3.1208692e-01 3.6915331e-01
1.2492492e+00 2.5324184e-01 3.0649162e-01 3.6296831e-01
1.2542543e+00 2.4819223e-01 3.0104234e-01 3.5688709e-01
1.2592593e+00 2.4307134e-01 2.9548214e-01 3.5077168e-01
1.2642643e+00 2.3797723e-01 2.8993872e-01 3.4474865e-01
1.2692693e+00 2.3311826e-01 2.8435620e-01 3.3886223e-01
1.2742743e+00 2.2814060e-01 2.7895620e-01 3.3282574e-01
1.2792793e+00 2.2324550e-01 2.7367058e-01 3.2695399e-01
1.2842843e+00 2.1855506e-01 2.6832393e-01 3.2124291e-01
1.2892893e+00 2.1375822e-01 2.6305243e-01 3.1549908e-01
1.2942943e+00 2.0897931e-01 2.5785290e-01 3.0984566e-01
1.2992993e+00 2.0432285e-01 2.5267247e-01 3.0413885e-01
1.3043043e+00 1.9964986e-01 2.4759876e-01 2.9856591e-01
1.3093093e+00 1.9506225e-01 2.4250041e-01 2.9296443e-01
1.3143143e+00 1.9066268e-01 2.3754722e-01 2.8747926e-01
1.3193193e+00 1.8626960e-01 2.3261983e-01 2.8191530e-01
1.3243243e+00 1.8183895e-01 2.2763937e-01 2.7649701e-01
1.3293293e+00 1.7752904e-01 2.2280292e-01 2.7113293e-01
1.3343343e+00 1.7332914e-01 2.1802525e-01 2.6588695e-01
1.3393393e+00 1.6913238e-01 2.1320600e-01 2.6068107e-01
1.3443443e+00 1.6508658e-01 2.0862738e-01 2.5550083e-01
1.3493493e+00 1.6099036e-01 2.0402388e-01 2.5034870e-01
1.3543544e+00 1.5697007e-01 1.9948409e-01 2.4531649e-01
1.3593594e+00 1.5302431e-01 1.9491238e-01 2.4028784e-01
1.3643644e+00 1.4910160e-01 1.9046179e-01 2.3535271e-01
1.3693694e+00 1.4518016e-01 1.8617069e-01 2.3048807e-01
1.3743744e+00 1.4150633e-01 1.8182623e-01 2.2571625e-01
1.3793794e+00 1.3781987e-01 1.7755339e-01 2.2085751e-01
1.3843844e+00 1.3419892e-01 1.7331622e-01 2.1616576e-01
1.3893894e+00 1.3054015e-01 1.6916472e-01 2.1139217e-01
1.3943944e+00 1.2697241e-01 1.6512372e-01 2.0678596e-01
1.3993994e+00 1.2347492e-01 1.6104064e-01 2.0223479e-01
1.4044044e+00 1.2007760e-01 1.5705267e-01 1.9783084e-01
1.4094094e+00 1.1669713e-01 1.5311634e-01 1.9345097e-01
1.4144144e+00 1.1344967e-01 1.4931461e-01 1.8914260e-01
1.4194194e+00 1.1022995e-01 1.4552208e-01 1.8488055e-01
1.4244244e+00 1.0709710e-01 1.4175018e-01 1.8066328e-01
1.4294294e+00 1.0403613e-01 1.3807397e-01 1.7635616e-01
1.4344344e+00 1.0100210e-01 1.3443429e-01 1.7224139e-01
1.4394394e+00 9.7949892e-02 1.3082182e-01 1.6813277e-01
1.4444444e+00 9.5041067e-02 1.2731057e-01 1.6414295e-01
1.4494494e+00 9.2213103e-02 1.2388520e-01 1.6018204e-01
1.4544545e+00 8.9402933e-02 1.2051466e-01 1.5620684e-01
1.4594595e+00 8.6594865e-02 1.1718866e-01 1.5237741e-01
1.4644645e+00 8.3845151e-02 1.1394311e-01 1.4856339e-01
1.4694695e+00 8.1181937e-02 1.1079310e-01 1.4484141e-01
1.4744745e+00 7.8610107e-02 1.0766613e-01 1.4127121e-01
1.4794795e+00 7.6020569e-02 1.0458839e-01 1.3770758e-01
1.4844845e+00 7.3534847e-02 1.0159837e-01 1.3418315e-01
1.4894895e+00 7.1122338e-02 9.8619123e-02 1.3068702e-01
1.4944945e+00 6.8763813e-02 9.5727147e-02 1.2727801e-01
1.4994995e+00 6.6422336e-02 9.2905401e-02 1.2390852e-01
1.5045045e+00 6.4184281e-02 9.0196930e-02 1.2059758e-01
1.5095095e+00 6.2054537e-02 8.7473611e-02 1.1736951e-01
1.5145145e+00 5.9941809e-02 8.4788599e-02 1.1418978e-01
1.5195195e+00 5.7826800e-02 8.2191579e-02 1.1106044e-01
1.5245245e+00 5.5793212e-02 7.9646236e-02 1.0797498e-01
1.5295295e+00 5.3814309e-02 7.7200627e-02 1.0495173e-01
1.5345345e+00 5.1891110e-02 7.4776805e-02 1.0201438e-01
1.5395395e+00 5.0035275e-02 7.2377243e-02 9.9085462e-02
1.5445445e+00 4.8229369e-02 7.0047448e-02 9.6226761e-02
1.5495495e+00 4.6414537e-02 6.7755878e-02 9.3450820e-02
1.5545546e+00 4.4707104e-02 6.5492650e-02 9.0706130e-02
1.5595596e+00 4.3000598e-02 6.3353439e-02 8.8038044e-02
1.5645646e+00 4.1380952e-02 6.1227725e-02 8.5419996e-02
1.5695696e+00 3.9797445e-02 5.9147059e-02 8.2838999e-02
1.5745746e+00 3.8241718e-02 5.7179211e-02 8.0307762e-02
1.5795796e+00 3.6762281e-02 5.5223643e-02 7.7891827e-02
1.5845846e+00 3.5312052e-02 5.3335755e-02 7.5498166e-02
1.5895896e+00 3.3894331e-02 5.1468359e-02 7.3134483e-02
1.5945946e+00 3.2513251e-02 4.9665250e-02 7.0814894e-02
1.5995996e+00 3.1181024e-02 4.7888340e-02 6.8556525e-02
1.6046046e+00 2.9884570e-02 4.6178165e-02 6.6296902e-02
1.6096096e+00 2.8658036e-02 4.4530972e-02 6.4142001e-02
1.6146146e+00 2.7477555e-02 4.2916815e-02 6.2038855e-02
1.6196196e+00 2.6320796e-02 4.1350839e-02 6.0041833e-02
1.6246246e+00 2.5162356e-02 3.9833466e-02 5.8073803e-02
1.6296296e+00 2.4082016e-02 3.8345936e-02 5.6134857e-02
1.6346346e+00 2.3013918e-02 3.6886273e-02 5.4272675e-02
1.6396396e+00 2.1987174e-02 3.5509070e-02 5.2468490e-02
1.6446446e+00 2.1011908e-02 3.4148338e-02 5.0631246e-02
1.6496496e+00 2.0055325e-02 3.2844605e-02 4.8869036e-02
1.6546547e+00 1.9155324e-02 3.1549550e-02 4.7154629e-02
1.6596597e+00 1.8270205e-02 3.0325243e-02 4.5497076e-02
1.6646647e+00 1.7430695e-02 2.9131875e-02 4.3898421e-02
1.6696697e+00 1.6602799e-02 2.7958311e-02 4.2293276e-02
1.6746747e+00 1.5823118e-02 2.6834144e-02 4.0747890e-02
1.6796797e+00 1.5073280e-02 2.5729593e-02 3.9255768e-02
1.6846847e+00 1.4348638e-02 2.4670056e-02 3.7788412e-02
1.6896897e+00 1.3648713e-02 2.3655942e-02 3.6388574e-02
1.6946947e+00 1.2979118e-02 2.2678160e-02 3.5033863e-02
1.6996997e+00 1.2335230e-02 2.1735268e-02 3.3693348e-02
1.7047047e+00 1.1718209e-02 2.0804200e-02 3.2396822e-02
1.7097097e+00 1.1127083e-02 1.9912004e-02 3.1135882e-02
1.7147147e+00 1.0561296e-02 1.9061919e-02 2.9917176e-02
1.7197197e+00 1.0000633e-02 1.8236874e-02 2.8720860e-02
1.7247247e+00 9.4843663e-03 1.7433317e-02 2.7580087e-02
1.7297297e+00 8.9800357e-03 1.6675688e-02 2.6479518e-02
1.7347347e+00 8.5046301e-03 1.5929478e-02 2.5409425e-02
1.7397397e+00 8.0372092e-03 1.5220486e-02 2.4375871e-02
1.7447447e+00 7.6029720e-03 1.4522179e-02 2.3372862e-02
1.7497497e+00 7.1804538e-03 1.3866618e-02 2.2404844e-02
1.7547548e+00 6.7841698e-03 1.3232667e-02 2.1474745e-02
1.7597598e+00 6.4006151e-03 1.2623729e-02 2.0570642e-02
1.7647648e+00 6.0409114e-03 1.2031860e-02 1.9691232e-02
1.7697698e+00 5.6980732e-03 1.1468485e-02 1.8840164e-02
1.7747748e+00 5.3736920e-03 1.0928592e-02 1.8021624e-02
1.7797798e+00 5.0643259e-03 1.0409534e-02 1.7223689e-02
1.7847848e+00 4.7685969e-03 9.9094175e-03 1.6452802e-02
1.7897898e+00 4.4926730e-03 9.4354124e-03 1.5716677e-02
1.7947948e+00 4.2293390e-03 8.9806184e-03 1.5006949e-02
1.7997998e+00 3.9775011e-03 8.5431158e-03 1.4326750e-02
1.8048048e+00 3.7374564e-03 8.1225382e-03 1.3665338e-02
1.8098098e+00 3.5169865e-03 7.7229668e-03 1.3027424e-02
1.8148148e+00 3.3038885e-03 7.3390768e-03 1.2420434e-02
1.8198198e+00 3.1035475e-03 6.9740277e-03 1.1834164e-02
1.8248248e+00 2.9149253e-03 6.6214750e-03 1.1271923e-02
1.8298298e+00 2.7356395e-03 6.2890691e-03 1.0732023e-02
1.8348348e+00 2.5664491e-03 5.9670306e-03 1.0214291e-02
1.8398398e+00 2.4058674e-03 5.6635222e-03 9.7149178e-03
1.8448448e+00 2.2516610e-03 5.3679763e-03 9.2408806e-03
1.8498498e+00 2.1072721e-03 5.0877673e-03 8.7821547e-03
1.8548549e+00 1.9717732e-03 4.8219478e-03 8.3416668e-03
1.8598599e+00 1.8443738e-03 4.5655192e-03 7.9234526e-03
1.8648649e+00 1.7238391e-03 4.3220829e-03 7.5262237e-03
1.8698699e+00 1.6110748e-03 4.0912992e-03 7.1450340e-03
1.8748749e+00 1.5051685e-03 3.8702455e-03 6.7782344e-03
1.8798799e+00 1.4058518e-03 3.6596161e-03 6.4274715e-03
1.8848849e+00 1.3124956e-03 3.4593808e-03 6.0926673e-03
1.8898899e+00 1.2234967e-03 3.2691144e-03 5.7724243e-03
1.8948949e+00 1.1409943e-03 3.0879322e-03 5.4675273e-03
1.8998999e+00 1.0638475e-03 2.9162250e-03 5.1754312e-03
1.9049049e+00 9.8996303e-04 2.7531286e-03 4.8972364e-03
1.9099099e+00 9.2122036e-04 2.5982154e-03 4.6313698e-03
1.9149149e+00 8.5761352e-04 2.4500529e-03 4.3785486e-03
1.9199199e+00 7.9806516e-04 2.3103716e-03 4.1381450e-03
1.9249249e+00 7.4193922e-04 2.1778257e-03 3.9099762e-03
1.9299299e+00 6.8999435e-04 2.0522188e-03 3.6915180e-03
1.9349349e+00 6.4091420e-04 1.9324985e-03 3.4838544e-03
1.9399399e+00 5.9472243e-04 1.8188808e-03 3.2844317e-03
1.9449449e+00 5.5127665e-04 1.7118085e-03 3.0965457e-03
1.9499499e+00 5.1092451e-04 1.6100643e-03 2.9177943e-03
1.9549550e+00 4.7368190e-04 1.5134281e-03 2.7484794e-03
1.9599600e+00 4.3892521e-04 1.4225621e-03 2.5879098e-03
1.9649650e+00 4.0674321e-04 1.3364581e-03 2.4347551e-03
1.9699700e+00 3.7647865e-04 1.2549870e-03 2.2900348e-03
1.9749750e+00 3.4828801e-04 1.1778878e-03 2.1523684e-03
1.9799800e+00 3.2215538e-04 1.1045493e-03 2.0223277e-03
1.9849850e+00 2.9794962e-04 1.0355932e-03 1.8997480e-03
1.9899900e+00 2.7535848e-04 9.7064772e-04 1.7836760e-03
1.9949950e+00 2.5422024e-04 9.0954020e-04 1.6739148e-03
2.0000000e+00 2.3457411e-04 8.5194138e-04 1.5694849e-03
