X KDE_INF KDE_MED KDE_SUP
5.0000000e+00 2.1588656e-05 6.0918258e-04 2.9387806e-02
5.0100100e+00 2.3127460e-05 6.4208116e-04 2.9994575e-02
5.0200200e+00 2.4737035e-05 6.7577452e-04 3.0553656e-02
5.0300300e+00 2.6481753e-05 7.1049043e-04 3.1146796e-02
5.0400400e+00 2.8332366e-05 7.4606413e-04 3.1696683e-02
5.0500501e+00 3.0331505e-05 7.8391634e-04 3.2220271e-02
5.0600601e+00 3.2412183e-05 8.2451835e-04 3.2773868e-02
5.0700701e+00 3.4645650e-05 8.6689335e-04 3.3327977e-02
5.0800801e+00 3.7038384e-05 9.1028233e-04 3.3902554e-02
5.0900901e+00 3.9557594e-05 9.5618348e-04 3.4511842e-02
5.1001001e+00 4.2276422e-05 1.0030622e-03 3.5065253e-02
5.1101101e+00 4.5192473e-05 1.0525234e-03 3.5652138e-02
5.1201201e+00 4.8247408e-05 1.1042707e-03 3.6207990e-02
5.1301301e+00 5.1459387e-05 1.1587136e-03 3.6732248e-02
5.1401401e+00 5.4908542e-05 1.2150309e-03 3.7261981e-02
5.1501502e+00 5.8486681e-05 1.2742587e-03 3.7669968e-02
5.1601602e+00 6.2346717e-05 1.3363339e-03 3.8196001e-02
5.1701702e+00 6.6455584e-05 1.4006957e-03 3.8685551e-02
5.1801802e+00 7.0882668e-05 1.4683187e-03 3.9125467e-02
5.1901902e+00 7.5533723e-05 1.5385426e-03 3.9585961e-02
5.2002002e+00 8.0342970e-05 1.6100251e-03 3.9990570e-02
5.2102102e+00 8.5520568e-05 1.6856437e-03 4.0438883e-02
5.2202202e+00 9.1085151e-05 1.7659715e-03 4.0930386e-02
5.2302302e+00 9.6956017e-05 1.8480865e-03 4.1249990e-02
5.2402402e+00 1.0308032e-04 1.9357464e-03 4.1608250e-02
5.2502503e+00 1.0978263e-04 2.0259142e-03 4.1908843e-02
5.2602603e+00 1.1678468e-04 2.1175747e-03 4.2208960e-02
5.2702703e+00 1.2424906e-04 2.2150783e-03 4.2569503e-02
5.2802803e+00 1.3215747e-04 2.3143919e-03 4.2996130e-02
5.2902903e+00 1.4058538e-04 2.4195960e-03 4.3359464e-02
5.3003003e+00 1.4939297e-04 2.5259601e-03 4.3671429e-02
5.3103103e+00 1.5855141e-04 2.6364150e-03 4.3926388e-02
5.3203203e+00 1.6825979e-04 2.7544060e-03 4.4248676e-02
5.3303303e+00 1.7858649e-04 2.8742928e-03 4.4522338e-02
5.3403403e+00 1.8946523e-04 3.0017384e-03 4.4716670e-02
5.3503504e+00 2.0131493e-04 3.1304789e-03 4.5024776e-02
5.3603604e+00 2.1367588e-04 3.2675528e-03 4.5292003e-02
5.3703704e+00 2.2697387e-04 3.4086079e-03 4.5530723e-02
5.3803804e+00 2.4084655e-04 3.5569877e-03 4.5727901e-02
5.3903904e+00 2.5540836e-04 3.7113714e-03 4.6043972e-02
5.4004004e+00 2.7087217e-04 3.8701610e-03 4.6211596e-02
5.4104104e+00 2.8688960e-04 4.0338084e-03 4.6446400e-02
5.4204204e+00 3.0403468e-04 4.2051554e-03 4.6576369e-02
5.4304304e+00 3.2196959e-04 4.3845368e-03 4.6770922e-02
5.4404404e+00 3.4118526e-04 4.5642619e-03 4.6969336e-02
5.4504505e+00 3.6138184e-04 4.7583019e-03 4.7093838e-02
5.4604605e+00 3.8259731e-04 4.9522718e-03 4.7289655e-02
5.4704705e+00 4.0521757e-04 5.1605518e-03 4.7467278e-02
5.4804805e+00 4.2841655e-04 5.3726139e-03 4.7673116e-02
5.4904905e+00 4.5240427e-04 5.5912713e-03 4.7899749e-02
5.5005005e+00 4.7812102e-04 5.8160577e-03 4.8054721e-02
5.5105105e+00 5.0558920e-04 6.0404059e-03 4.8295498e-02
5.5205205e+00 5.3424975e-04 6.2796383e-03 4.8444360e-02
5.5305305e+00 5.6557337e-04 6.5246371e-03 4.8687912e-02
5.5405405e+00 5.9796711e-04 6.7793657e-03 4.8849599e-02
5.5505506e+00 6.3149030e-04 7.0309888e-03 4.9000973e-02
5.5605606e+00 6.6658267e-04 7.3040260e-03 4.9169633e-02
5.5705706e+00 7.0347757e-04 7.5842817e-03 4.9336739e-02
5.5805806e+00 7.4271988e-04 7.8690571e-03 4.9502713e-02
5.5905906e+00 7.8346226e-04 8.1580477e-03 4.9623645e-02
5.6006006e+00 8.2649122e-04 8.4619594e-03 4.9770055e-02
5.6106106e+00 8.7298229e-04 8.7711628e-03 4.9952689e-02
5.6206206e+00 9.2063265e-04 9.0983946e-03 5.0092446e-02
5.6306306e+00 9.7027945e-04 9.4229347e-03 5.0290793e-02
5.6406406e+00 1.0231516e-03 9.7756290e-03 5.0501656e-02
5.6506507e+00 1.0786507e-03 1.0126581e-02 5.0739397e-02
5.6606607e+00 1.1367549e-03 1.0502584e-02 5.1052004e-02
5.6706707e+00 1.1967648e-03 1.0866052e-02 5.1360997e-02
5.6806807e+00 1.2606330e-03 1.1237685e-02 5.1645067e-02
5.6906907e+00 1.3280534e-03 1.1616564e-02 5.2075156e-02
5.7007007e+00 1.3972717e-03 1.2008821e-02 5.2419850e-02
5.7107107e+00 1.4711981e-03 1.2415797e-02 5.2884982e-02
5.7207207e+00 1.5494174e-03 1.2843690e-02 5.3398412e-02
5.7307307e+00 1.6289598e-03 1.3281310e-02 5.3806570e-02
5.7407407e+00 1.7124163e-03 1.3729229e-02 5.4250900e-02
5.7507508e+00 1.7984931e-03 1.4177809e-02 5.4694484e-02
5.7607608e+00 1.8882812e-03 1.4634168e-02 5.5177930e-02
5.7707708e+00 1.9848698e-03 1.5084940e-02 5.5642000e-02
5.7807808e+00 2.0844146e-03 1.5578124e-02 5.6077163e-02
5.7907908e+00 2.1889125e-03 1.6056190e-02 5.6622816e-02
5.8008008e+00 2.3015141e-03 1.6549309e-02 5.7140755e-02
5.8108108e+00 2.4173050e-03 1.7039413e-02 5.7757446e-02
5.8208208e+00 2.5341244e-03 1.7543969e-02 5.8260623e-02
5.8308308e+00 2.6584209e-03 1.8035902e-02 5.8942104e-02
5.8408408e+00 2.7928492e-03 1.8518323e-02 5.9581844e-02
5.8508509e+00 2.9259501e-03 1.9047867e-02 6.0235671e-02
5.8608609e+00 3.0688214e-03 1.9558024e-02 6.0884847e-02
5.8708709e+00 3.2188946e-03 2.0084154e-02 6.1550441e-02
5.8808809e+00 3.3766595e-03 2.0661828e-02 6.2333347e-02
5.8908909e+00 3.5433617e-03 2.1243015e-02 6.3026187e-02
5.9009009e+00 3.7103952e-03 2.1833315e-02 6.3806697e-02
5.9109109e+00 3.8846869e-03 2.2400147e-02 6.4463775e-02
5.9209209e+00 4.0603572e-03 2.2999233e-02 6.5158793e-02
5.9309309e+00 4.2489249e-03 2.3560869e-02 6.5905258e-02
5.9409409e+00 4.4383330e-03 2.4145127e-02 6.6612972e-02
5.9509510e+00 4.6435264e-03 2.4800096e-02 6.7415645e-02
5.9609610e+00 4.8576607e-03 2.5418497e-02 6.8183913e-02
5.9709710e+00 5.0782186e-03 2.6065208e-02 6.9064847e-02
5.9809810e+00 5.3092906e-03 2.6677056e-02 7.0064763e-02
5.9909910e+00 5.5416640e-03 2.7298670e-02 7.0970436e-02
6.0010010e+00 5.7941297e-03 2.7952582e-02 7.1796659e-02
6.0110110e+00 6.0445805e-03 2.8594833e-02 7.2714179e-02
6.0210210e+00 6.3149430e-03 2.9275097e-02 7.3637407e-02
6.0310310e+00 6.5917538e-03 2.9952196e-02 7.4410478e-02
6.0410410e+00 6.8738603e-03 3.0625595e-02 7.5385850e-02
6.0510511e+00 7.1698695e-03 3.1378093e-02 7.6350415e-02
6.0610611e+00 7.4858064e-03 3.2101049e-02 7.7316234e-02
6.0710711e+00 7.8089156e-03 3.2831208e-02 7.8319052e-02
6.0810811e+00 8.1507326e-03 3.3509343e-02 7.9328704e-02
6.0910911e+00 8.4899017e-03 3.4262315e-02 8.0442703e-02
6.1011011e+00 8.8355463e-03 3.4997847e-02 8.1379948e-02
6.1111111e+00 9.1835691e-03 3.5695765e-02 8.2494913e-02
6.1211211e+00 9.5618568e-03 3.6513879e-02 8.3627790e-02
6.1311311e+00 9.9540587e-03 3.7241015e-02 8.4784894e-02
6.1411411e+00 1.0336720e-02 3.8071729e-02 8.5921807e-02
6.1511512e+00 1.0755484e-02 3.8883605e-02 8.7156891e-02
6.1611612e+00 1.1178959e-02 3.9676500e-02 8.8236916e-02
6.1711712e+00 1.1617578e-02 4.0481307e-02 8.9438895e-02
6.1811812e+00 1.2043110e-02 4.1283112e-02 9.0781536e-02
6.1911912e+00 1.2502072e-02 4.2138543e-02 9.2069263e-02
6.2012012e+00 1.2987242e-02 4.3053993e-02 9.3323096e-02
6.2112112e+00 1.3481422e-02 4.3932061e-02 9.4504084e-02
6.2212212e+00 1.3985134e-02 4.4807921e-02 9.5647090e-02
6.2312312e+00 1.4497358e-02 4.5707353e-02 9.6886275e-02
6.2412412e+00 1.5024907e-02 4.6597014e-02 9.8161680e-02
6.2512513e+00 1.5552712e-02 4.7547800e-02 9.9518616e-02
6.2612613e+00 1.6094540e-02 4.8494002e-02 1.0080581e-01
6.2712713e+00 1.6644912e-02 4.9405263e-02 1.0212535e-01
6.2812813e+00 1.7226798e-02 5.0330197e-02 1.0346921e-01
6.2912913e+00 1.7859510e-02 5.1288708e-02 1.0482142e-01
6.3013013e+00 1.8462550e-02 5.2152113e-02 1.0631566e-01
6.3113113e+00 1.9092778e-02 5.3067855e-02 1.0759297e-01
6.3213213e+00 1.9750658e-02 5.4050748e-02 1.0897544e-01
6.3313313e+00 2.0433392e-02 5.5084107e-02 1.1036780e-01
6.3413413e+00 2.1107440e-02 5.6091857e-02 1.1177965e-01
6.3513514e+00 2.1808518e-02 5.7187736e-02 1.1324896e-01
6.3613614e+00 2.2558323e-02 5.8201732e-02 1.1474023e-01
6.3713714e+00 2.3312802e-02 5.9251697e-02 1.1620427e-01
6.3813814e+00 2.4079285e-02 6.0294269e-02 1.1778640e-01
6.3913914e+00 2.4848116e-02 6.1450013e-02 1.1932244e-01
6.4014014e+00 2.5637454e-02 6.2609078e-02 1.2098374e-01
6.4114114e+00 2.6465901e-02 6.3721016e-02 1.2274732e-01
6.4214214e+00 2.7308323e-02 6.4969779e-02 1.2442475e-01
6.4314314e+00 2.8168823e-02 6.6238209e-02 1.2618649e-01
6.4414414e+00 2.8995581e-02 6.7484320e-02 1.2786329e-01
6.4514515e+00 2.9911259e-02 6.8800079e-02 1.2966354e-01
6.4614615e+00 3.0874246e-02 7.0149326e-02 1.3147386e-01
6.4714715e+00 3.1774245e-02 7.1424709e-02 1.3330748e-01
6.4814815e+00 3.2720578e-02 7.2806269e-02 1.3513283e-01
6.4914915e+00 3.3718502e-02 7.4185922e-02 1.3682765e-01
6.5015015e+00 3.4760299e-02 7.5569029e-02 1.3859902e-01
6.5115115e+00 3.5771466e-02 7.7086487e-02 1.4042713e-01
6.5215215e+00 3.6889957e-02 7.8580591e-02 1.4236850e-01
6.5315315e+00 3.7977952e-02 8.0102920e-02 1.4441712e-01
6.5415415e+00 3.9131737e-02 8.1648664e-02 1.4636892e-01
6.5515516e+00 4.0258552e-02 8.3216633e-02 1.4833687e-01
6.5615616e+00 4.1394303e-02 8.4731939e-02 1.5039922e-01
6.5715716e+00 4.2600323e-02 8.6313317e-02 1.5250245e-01
6.5815816e+00 4.3879395e-02 8.7968322e-02 1.5464175e-01
6.5915916e+00 4.5114220e-02 8.9648507e-02 1.5669894e-01
6.6016016e+00 4.6393236e-02 9.1383739e-02 1.5900838e-01
6.6116116e+00 4.7680653e-02 9.3119046e-02 1.6108053e-01
6.6216216e+00 4.8995908e-02 9.4965133e-02 1.6321995e-01
6.6316316e+00 5.0379615e-02 9.6789767e-02 1.6551132e-01
6.6416416e+00 5.1833790e-02 9.8664385e-02 1.6771038e-01
6.6516517e+00 5.3273846e-02 1.0060306e-01 1.6998825e-01
6.6616617e+00 5.4750533e-02 1.0260719e-01 1.7225047e-01
6.6716717e+00 5.6246982e-02 1.0448275e-01 1.7468292e-01
6.6816817e+00 5.7774488e-02 1.0646102e-01 1.7694713e-01
6.6916917e+00 5.9267665e-02 1.0846733e-01 1.7939948e-01
6.7017017e+00 6.0737021e-02 1.1057753e-01 1.8176561e-01
6.7117117e+00 6.2408487e-02 1.1258453e-01 1.8410932e-01
6.7217217e+00 6.3980462e-02 1.1467964e-01 1.8636788e-01
6.7317317e+00 6.5667986e-02 1.1686717e-01 1.8883194e-01
6.7417417e+00 6.7372066e-02 1.1893985e-01 1.9134972e-01
6.7517518e+00 6.9120971e-02 1.2114803e-01 1.9392657e-01
6.7617618e+00 7.0849128e-02 1.2334049e-01 1.9641180e-01
6.7717718e+00 7.2420181e-02 1.2567716e-01 1.9906248e-01
6.7817818e+00 7.4269885e-02 1.2793483e-01 2.0175726e-01
6.7917918e+00 7.6091907e-02 1.3031300e-01 2.0448760e-01
6.8018018e+00 7.7871122e-02 1.3260605e-01 2.0724394e-01
6.8118118e+00 7.9731785e-02 1.3492392e-01 2.0998695e-01
6.8218218e+00 8.1667281e-02 1.3732311e-01 2.1274083e-01
6.8318318e+00 8.3554633e-02 1.3981167e-01 2.1559298e-01
6.8418418e+00 8.5519992e-02 1.4230169e-01 2.1831328e-01
6.8518519e+00 8.7547564e-02 1.4481228e-01 2.2126284e-01
6.8618619e+00 8.9600920e-02 1.4743204e-01 2.2431642e-01
6.8718719e+00 9.1660891e-02 1.5007450e-01 2.2713965e-01
6.8818819e+00 9.3798730e-02 1.5270992e-01 2.3010543e-01
6.8918919e+00 9.5914260e-02 1.5540048e-01 2.3317784e-01
6.9019019e+00 9.8099864e-02 1.5810636e-01 2.3602491e-01
6.9119119e+00 1.0031883e-01 1.6081394e-01 2.3902397e-01
6.9219219e+00 1.0269783e-01 1.6364772e-01 2.4219968e-01
6.9319319e+00 1.0503580e-01 1.6634694e-01 2.4535646e-01
6.9419419e+00 1.0734618e-01 1.6922522e-01 2.4849481e-01
6.9519520e+00 1.0977444e-01 1.7216150e-01 2.5162964e-01
6.9619620e+00 1.1228578e-01 1.7508564e-01 2.5493406e-01
6.9719720e+00 1.1480680e-01 1.7795808e-01 2.5809970e-01
6.9819820e+00 1.1719064e-01 1.8090158e-01 2.6126280e-01
6.9919920e+00 1.1965346e-01 1.8395598e-01 2.6468444e-01
7.0020020e+00 1.2210625e-01 1.8716159e-01 2.6797882e-01
7.0120120e+00 1.2467991e-01 1.9029810e-01 2.7152293e-01
7.0220220e+00 1.2744588e-01 1.9343885e-01 2.7497771e-01
7.0320320e+00 1.3008853e-01 1.9666023e-01 2.7839317e-01
7.0420420e+00 1.3284251e-01 1.9988635e-01 2.8181525e-01
7.0520521e+00 1.3554892e-01 2.0313205e-01 2.8538269e-01
7.0620621e+00 1.3830441e-01 2.0650492e-01 2.8880586e-01
7.0720721e+00 1.4105615e-01 2.0967203e-01 2.9246655e-01
7.0820821e+00 1.4392038e-01 2.1310680e-01 2.9620231e-01
7.0920921e+00 1.4684498e-01 2.1650968e-01 2.9997668e-01
7.1021021e+00 1.4985516e-01 2.2005507e-01 3.0389301e-01
7.1121121e+00 1.5274216e-01 2.2350284e-01 3.0770112e-01
7.1221221e+00 1.5576974e-01 2.2697187e-01 3.1163076e-01
7.1321321e+00 1.5885974e-01 2.3048915e-01 3.1536223e-01
7.1421421e+00 1.6182406e-01 2.3405801e-01 3.1934679e-01
7.1521522e+00 1.6508283e-01 2.3768864e-01 3.2335548e-01
7.1621622e+00 1.6833817e-01 2.4144287e-01 3.2726739e-01
7.1721722e+00 1.7147416e-01 2.4510677e-01 3.3154805e-01
7.1821822e+00 1.7460735e-01 2.4876736e-01 3.3553652e-01
7.1921922e+00 1.7782815e-01 2.5243533e-01 3.3964209e-01
7.2022022e+00 1.8113563e-01 2.5637072e-01 3.4371712e-01
7.2122122e+00 1.8461525e-01 2.6036923e-01 3.4799371e-01
7.2222222e+00 1.8786916e-01 2.6420874e-01 3.5233562e-01
7.2322322e+00 1.9112700e-01 2.6818637e-01 3.5648785e-01
7.2422422e+00 1.9465370e-01 2.7220054e-01 3.6082116e-01
7.2522523e+00 1.9829396e-01 2.7618637e-01 3.6521424e-01
7.2622623e+00 2.0175228e-01 2.8019708e-01 3.6945132e-01
7.2722723e+00 2.0521750e-01 2.8426810e-01 3.7401428e-01
7.2822823e+00 2.0862206e-01 2.8828259e-01 3.7859136e-01
7.2922923e+00 2.1237676e-01 2.9238523e-01 3.8308912e-01
7.3023023e+00 2.1606050e-01 2.9641917e-01 3.8757171e-01
7.3123123e+00 2.1967340e-01 3.0065564e-01 3.9229625e-01
7.3223223e+00 2.2338200e-01 3.0481483e-01 3.9687466e-01
7.3323323e+00 2.2721764e-01 3.0907449e-01 4.0140332e-01
7.3423423e+00 2.3094306e-01 3.1340042e-01 4.0597896e-01
7.3523524e+00 2.3469612e-01 3.1780370e-01 4.1059960e-01
7.3623624e+00 2.3871209e-01 3.2215561e-01 4.1536885e-01
7.3723724e+00 2.4256296e-01 3.2649179e-01 4.2040085e-01
7.3823824e+00 2.4657277e-01 3.3099557e-01 4.2534716e-01
7.3923924e+00 2.5075573e-01 3.3541226e-01 4.3036704e-01
7.4024024e+00 2.5491945e-01 3.3983213e-01 4.3518202e-01
7.4124124e+00 2.5899321e-01 3.4438543e-01 4.4010230e-01
7.4224224e+00 2.6312720e-01 3.4884892e-01 4.4536040e-01
7.4324324e+00 2.6737676e-01 3.5353595e-01 4.5042895e-01
7.4424424e+00 2.7164182e-01 3.5826993e-01 4.5549701e-01
7.4524525e+00 2.7575082e-01 3.6282602e-01 4.6058593e-01
7.4624625e+00 2.7991757e-01 3.6757896e-01 4.6571383e-01
7.4724725e+00 2.8418502e-01 3.7232041e-01 4.7110744e-01
7.4824825e+00 2.8838278e-01 3.7718390e-01 4.7639736e-01
7.4924925e+00 2.9278907e-01 3.8222722e-01 4.8164056e-01
7.5025025e+00 2.9718712e-01 3.8717624e-01 4.8699507e-01
7.5125125e+00 3.0145625e-01 3.9205311e-01 4.9243158e-01
7.5225225e+00 3.0580918e-01 3.9697786e-01 4.9787235e-01
7.5325325e+00 3.1020337e-01 4.0191414e-01 5.0314490e-01
7.5425425e+00 3.1472008e-01 4.0697808e-01 5.0861567e-01
7.5525526e+00 3.1909554e-01 4.1193478e-01 5.1397917e-01
7.5625626e+00 3.2358172e-01 4.1714218e-01 5.1939656e-01
7.5725726e+00 3.2803496e-01 4.2213477e-01 5.2475847e-01
7.5825826e+00 3.3268704e-01 4.2736096e-01 5.3017029e-01
7.5925926e+00 3.3735319e-01 4.3244640e-01 5.3585442e-01
7.6026026e+00 3.4203164e-01 4.3757801e-01 5.4126161e-01
7.6126126e+00 3.4677865e-01 4.4281388e-01 5.4669654e-01
7.6226226e+00 3.5151657e-01 4.4799063e-01 5.5214614e-01
7.6326326e+00 3.5610977e-01 4.5312245e-01 5.5772967e-01
7.6426426e+00 3.6098011e-01 4.5837054e-01 5.6326746e-01
7.6526527e+00 3.6547163e-01 4.6357181e-01 5.6898506e-01
7.6626627e+00 3.7048782e-01 4.6898921e-01 5.7432182e-01
7.6726727e+00 3.7523162e-01 4.7438977e-01 5.7975621e-01
7.6826827e+00 3.8006671e-01 4.7959729e-01 5.8549128e-01
7.6926927e+00 3.8472718e-01 4.8484994e-01 5.9122503e-01
7.7027027e+00 3.8971143e-01 4.8989200e-01 5.9711972e-01
7.7127127e+00 3.9465700e-01 4.9512739e-01 6.0266246e-01
7.7227227e+00 3.9955399e-01 5.0043844e-01 6.0836505e-01
7.7327327e+00 4.0458904e-01 5.0589918e-01 6.1401466e-01
7.7427427e+00 4.0950767e-01 5.1139790e-01 6.1965240e-01
7.7527528e+00 4.1455920e-01 5.1687926e-01 6.2550951e-01
7.7627628e+00 4.1975942e-01 5.2224442e-01 6.3118105e-01
7.7727728e+00 4.2486918e-01 5.2775877e-01 6.3696031e-01
7.7827828e+00 4.3003756e-01 5.3325750e-01 6.4298510e-01
7.7927928e+00 4.3523004e-01 5.3853475e-01 6.4874577e-01
7.8028028e+00 4.4061796e-01 5.4390502e-01 6.5440805e-01
7.8128128e+00 4.4577584e-01 5.4957775e-01 6.6010624e-01
7.8228228e+00 4.5087398e-01 5.5521575e-01 6.6607013e-01
7.8328328e+00 4.5601162e-01 5.6061563e-01 6.7197956e-01
7.8428428e+00 4.6115446e-01 5.6609325e-01 6.7774598e-01
7.8528529e+00 4.6658482e-01 5.7166704e-01 6.8361415e-01
7.8628629e+00 4.7205500e-01 5.7701612e-01 6.8942279e-01
7.8728729e+00 4.7741035e-01 5.8253020e-01 6.9512861e-01
7.8828829e+00 4.8265682e-01 5.8804709e-01 7.0094368e-01
7.8928929e+00 4.8790396e-01 5.9350248e-01 7.0655746e-01
7.9029029e+00 4.9328026e-01 5.9911619e-01 7.1222229e-01
7.9129129e+00 4.9873391e-01 6.0478728e-01 7.1792079e-01
7.9229229e+00 5.0427867e-01 6.1034308e-01 7.2383120e-01
7.9329329e+00 5.0961158e-01 6.1608455e-01 7.2962971e-01
7.9429429e+00 5.1501395e-01 6.2151518e-01 7.3523074e-01
7.9529530e+00 5.2024435e-01 6.2708379e-01 7.4129903e-01
7.9629630e+00 5.2573660e-01 6.3277112e-01 7.4698459e-01
7.9729730e+00 5.3134314e-01 6.3850322e-01 7.5282041e-01
7.9829830e+00 5.3670557e-01 6.4408326e-01 7.5855815e-01
7.9929930e+00 5.4196347e-01 6.4972720e-01 7.6442723e-01
8.0030030e+00 5.4741647e-01 6.5536932e-01 7.7016183e-01
8.0130130e+00 5.5283520e-01 6.6094148e-01 7.7599143e-01
8.0230230e+00 5.5814677e-01 6.6640684e-01 7.8166002e-01
8.0330330e+00 5.6375006e-01 6.7203696e-01 7.8719483e-01
8.0430430e+00 5.6902268e-01 6.7766161e-01 7.9260203e-01
8.0530531e+00 5.7439898e-01 6.8330507e-01 7.9826341e-01
8.0630631e+00 5.7980521e-01 6.8895197e-01 8.0379677e-01
8.0730731e+00 5.8546715e-01 6.9444702e-01 8.0951792e-01
8.0830831e+00 5.9072930e-01 7.0021487e-01 8.1495082e-01
8.0930931e+00 5.9604572e-01 7.0572997e-01 8.2028704e-01
8.1031031e+00 6.0132561e-01 7.1142765e-01 8.2575306e-01
8.1131131e+00 6.0673490e-01 7.1687375e-01 8.3129900e-01
8.1231231e+00 6.1229235e-01 7.2212171e-01 8.3681338e-01
8.1331331e+00 6.1762747e-01 7.2747205e-01 8.4214268e-01
8.1431431e+00 6.2294730e-01 7.3310209e-01 8.4742661e-01
8.1531532e+00 6.2853872e-01 7.3842266e-01 8.5259124e-01
8.1631632e+00 6.3377060e-01 7.4381965e-01 8.5749665e-01
8.1731732e+00 6.3911041e-01 7.4928420e-01 8.6286822e-01
8.1831832e+00 6.4441473e-01 7.5479611e-01 8.6828985e-01
8.1931932e+00 6.4949221e-01 7.6023369e-01 8.7331884e-01
8.2032032e+00 6.5458887e-01 7.6546768e-01 8.7852473e-01
8.2132132e+00 6.5987373e-01 7.7082600e-01 8.8355164e-01
8.2232232e+00 6.6502221e-01 7.7619554e-01 8.8912819e-01
8.2332332e+00 6.6999223e-01 7.8126478e-01 8.9418196e-01
8.2432432e+00 6.7516841e-01 7.8648993e-01 8.9912119e-01
8.2532533e+00 6.8030405e-01 7.9160567e-01 9.0408669e-01
8.2632633e+00 6.8545962e-01 7.9663877e-01 9.0897985e-01
8.2732733e+00 6.9052549e-01 8.0171549e-01 9.1413002e-01
8.2832833e+00 6.9537286e-01 8.0666333e-01 9.1912884e-01
8.2932933e+00 7.0028936e-01 8.1174632e-01 9.2393550e-01
8.3033033e+00 7.0529009e-01 8.1664283e-01 9.2892573e-01
8.3133133e+00 7.1023354e-01 8.2133170e-01 9.3368702e-01
8.3233233e+00 7.1508247e-01 8.2622606e-01 9.3872798e-01
8.3333333e+00 7.2004432e-01 8.3116087e-01 9.4346517e-01
8.3433433e+00 7.2475000e-01 8.3585667e-01 9.4811601e-01
8.3533534e+00 7.2957818e-01 8.4062358e-01 9.5296408e-01
8.3633634e+00 7.3401460e-01 8.4526719e-01 9.5754011e-01
8.3733734e+00 7.3873102e-01 8.4997259e-01 9.6234927e-01
8.3833834e+00 7.4344674e-01 8.5457595e-01 9.6683314e-01
8.3933934e+00 7.4803101e-01 8.5922259e-01 9.7118867e-01
8.4034034e+00 7.5233281e-01 8.6360419e-01 9.7563209e-01
8.4134134e+00 7.5661846e-01 8.6832828e-01 9.8019297e-01
8.4234234e+00 7.6083243e-01 8.7269721e-01 9.8467500e-01
8.4334334e+00 7.6517818e-01 8.7722188e-01 9.8895328e-01
8.4434434e+00 7.6961072e-01 8.8142354e-01 9.9344737e-01
8.4534535e+00 7.7380045e-01 8.8568334e-01 9.9753380e-01
8.4634635e+00 7.7809877e-01 8.8968888e-01 1.0014154e+00
8.4734735e+00 7.8227079e-01 8.9370323e-01 1.0054501e+00
8.4834835e+00 7.8626741e-01 8.9794101e-01 1.0096987e+00
8.4934935e+00 7.9003991e-01 9.0182408e-01 1.0137750e+00
8.5035035e+00 7.9400320e-01 9.0569125e-01 1.0175990e+00
8.5135135e+00 7.9787275e-01 9.0924897e-01 1.0214859e+00
8.5235235e+00 8.0177426e-01 9.1307485e-01 1.0251405e+00
8.5335335e+00 8.0544213e-01 9.1658022e-01 1.0287233e+00
8.5435435e+00 8.0893162e-01 9.2052249e-01 1.0323006e+00
8.5535536e+00 8.1269313e-01 9.2410019e-01 1.0357262e+00
8.5635636e+00 8.1587043e-01 9.2772014e-01 1.0391198e+00
8.5735736e+00 8.1952847e-01 9.3111592e-01 1.0424715e+00
8.5835836e+00 8.2267271e-01 9.3426584e-01 1.0460297e+00
8.5935936e+00 8.2612451e-01 9.3750124e-01 1.0491073e+00
8.6036036e+00 8.2918981e-01 9.4061101e-01 1.0522788e+00
8.6136136e+00 8.3232942e-01 9.4375883e-01 1.0552225e+00
8.6236236e+00 8.3558977e-01 9.4677421e-01 1.0582484e+00
8.6336336e+00 8.3844922e-01 9.4966735e-01 1.0610127e+00
8.6436436e+00 8.4130958e-01 9.5256195e-01 1.0637494e+00
8.6536537e+00 8.4443662e-01 9.5569994e-01 1.0662605e+00
8.6636637e+00 8.4748377e-01 9.5862038e-01 1.0689285e+00
8.6736737e+00 8.5044645e-01 9.6131206e-01 1.0715080e+00
8.6836837e+00 8.5287711e-01 9.6402193e-01 1.0739722e+00
8.6936937e+00 8.5551373e-01 9.6657839e-01 1.0764689e+00
8.7037037e+00 8.5781600e-01 9.6911557e-01 1.0789756e+00
8.7137137e+00 8.6017645e-01 9.7127665e-01 1.0812890e+00
8.7237237e+00 8.6237916e-01 9.7348959e-01 1.0836471e+00
8.7337337e+00 8.6455309e-01 9.7552577e-01 1.0859766e+00
8.7437437e+00 8.6644464e-01 9.7758424e-01 1.0883260e+00
8.7537538e+00 8.6823565e-01 9.7958650e-01 1.0905583e+00
8.7637638e+00 8.7017661e-01 9.8160298e-01 1.0923817e+00
8.7737738e+00 8.7175106e-01 9.8342614e-01 1.0943342e+00
8.7837838e+00 8.7330817e-01 9.8502994e-01 1.0961488e+00
8.7937938e+00 8.7491382e-01 9.8672413e-01 1.0976274e+00
8.8038038e+00 8.7629323e-01 9.8815150e-01 1.0992085e+00
8.8138138e+00 8.7768623e-01 9.8975218e-01 1.1003234e+00
8.8238238e+00 8.7926104e-01 9.9110450e-01 1.1017530e+00
8.8338338e+00 8.8010163e-01 9.9262285e-01 1.1031758e+00
8.8438438e+00 8.8124525e-01 9.9398288e-01 1.1044172e+00
8.8538539e+00 8.8221376e-01 9.9494475e-01 1.1055869e+00
8.8638639e+00 8.8320661e-01 9.9587662e-01 1.1066243e+00
8.8738739e+00 8.8419224e-01 9.9657424e-01 1.1073221e+00
8.8838839e+00 8.8479118e-01 9.9736249e-01 1.1080037e+00
8.8938939e+00 8.8568879e-01 9.9816578e-01 1.1086011e+00
8.9039039e+00 8.8606119e-01 9.9853786e-01 1.1091058e+00
8.9139139e+00 8.8623338e-01 9.9921639e-01 1.1094274e+00
8.9239239e+00 8.8656551e-01 9.9950728e-01 1.1096810e+00
8.9339339e+00 8.8678290e-01 9.9983649e-01 1.1099771e+00
8.9439439e+00 8.8676022e-01 9.9983971e-01 1.1099598e+00
8.9539540e+00 8.8664379e-01 1.0000000e+00 1.1101888e+00
8.9639640e+00 8.8657643e-01 9.9987210e-01 1.1100368e+00
8.9739740e+00 8.8631208e-01 9.9970221e-01 1.1097140e+00
8.9839840e+00 8.8628331e-01 9.9950968e-01 1.1098242e+00
8.9939940e+00 8.8592090e-01 9.9937384e-01 1.1096364e+00
9.0040040e+00 8.8563439e-01 9.9904948e-01 1.1093110e+00
9.0140140e+00 8.8518403e-01 9.9862152e-01 1.1088102e+00
9.0240240e+00 8.8441592e-01 9.9834433e-01 1.1082164e+00
9.0340340e+00 8.8371605e-01 9.9749663e-01 1.1076266e+00
9.0440440e+00 8.8298943e-01 9.9672725e-01 1.1065628e+00
9.0540541e+00 8.8221157e-01 9.9590706e-01 1.1057815e+00
9.0640641e+00 8.8119933e-01 9.9464603e-01 1.1046735e+00
9.0740741e+00 8.7997025e-01 9.9365679e-01 1.1033365e+00
9.0840841e+00 8.7875106e-01 9.9258804e-01 1.1020472e+00
9.0940941e+00 8.7771189e-01 9.9132539e-01 1.1006061e+00
9.1041041e+00 8.7648550e-01 9.8998048e-01 1.0993234e+00
9.1141141e+00 8.7500149e-01 9.8858945e-01 1.0980785e+00
9.1241241e+00 8.7349646e-01 9.8670217e-01 1.0965358e+00
9.1341341e+00 8.7202058e-01 9.8501080e-01 1.0950388e+00
9.1441441e+00 8.7036199e-01 9.8327509e-01 1.0933168e+00
9.1541542e+00 8.6857060e-01 9.8159555e-01 1.0914216e+00
9.1641642e+00 8.6655425e-01 9.7933284e-01 1.0894816e+00
9.1741742e+00 8.6433194e-01 9.7720200e-01 1.0873825e+00
9.1841842e+00 8.6231427e-01 9.7509280e-01 1.0853131e+00
9.1941942e+00 8.6039682e-01 9.7285429e-01 1.0833576e+00
9.2042042e+00 8.5821691e-01 9.7052211e-01 1.0810579e+00
9.2142142e+00 8.5607609e-01 9.6819016e-01 1.0787298e+00
9.2242242e+00 8.5365218e-01 9.6596233e-01 1.0763869e+00
9.2342342e+00 8.5128777e-01 9.6321416e-01 1.0738398e+00
9.2442442e+00 8.4895441e-01 9.6030206e-01 1.0712539e+00
9.2542543e+00 8.4655026e-01 9.5764585e-01 1.0684740e+00
9.2642643e+00 8.4395880e-01 9.5478143e-01 1.0656801e+00
9.2742743e+00 8.4096163e-01 9.5201433e-01 1.0627594e+00
9.2842843e+00 8.3806407e-01 9.4903808e-01 1.0596749e+00
9.2942943e+00 8.3536432e-01 9.4622235e-01 1.0567067e+00
9.3043043e+00 8.3243200e-01 9.4324183e-01 1.0533905e+00
9.3143143e+00 8.2942307e-01 9.4010011e-01 1.0502037e+00
9.3243243e+00 8.2647703e-01 9.3700200e-01 1.0468130e+00
9.3343343e+00 8.2334936e-01 9.3373490e-01 1.0434035e+00
9.3443443e+00 8.2025883e-01 9.3049256e-01 1.0400858e+00
9.3543544e+00 8.1719184e-01 9.2719634e-01 1.0366984e+00
9.3643644e+00 8.1375406e-01 9.2395012e-01 1.0332282e+00
9.3743744e+00 8.1038692e-01 9.2051708e-01 1.0298022e+00
9.3843844e+00 8.0695199e-01 9.1683694e-01 1.0261478e+00
9.3943944e+00 8.0329125e-01 9.1306690e-01 1.0221933e+00
9.4044044e+00 7.9975289e-01 9.0922678e-01 1.0183264e+00
9.4144144e+00 7.9591668e-01 9.0561311e-01 1.0142214e+00
9.4244244e+00 7.9241603e-01 9.0182239e-01 1.0101562e+00
9.4344344e+00 7.8892590e-01 8.9775779e-01 1.0064015e+00
9.4444444e+00 7.8514160e-01 8.9365948e-01 1.0022327e+00
9.4544545e+00 7.8100336e-01 8.8951269e-01 9.9830480e-01
9.4644645e+00 7.7713552e-01 8.8545563e-01 9.9422196e-01
9.4744745e+00 7.7303635e-01 8.8105623e-01 9.8971891e-01
9.4844845e+00 7.6901351e-01 8.7684528e-01 9.8557567e-01
9.4944945e+00 7.6521838e-01 8.7268685e-01 9.8129380e-01
9.5045045e+00 7.6123660e-01 8.6849008e-01 9.7684491e-01
9.5145145e+00 7.5701088e-01 8.6442701e-01 9.7265465e-01
9.5245245e+00 7.5265871e-01 8.6005981e-01 9.6831079e-01
9.5345345e+00 7.4823084e-01 8.5559986e-01 9.6381211e-01
9.5445445e+00 7.4392616e-01 8.5119416e-01 9.5923127e-01
9.5545546e+00 7.3962987e-01 8.4659263e-01 9.5454579e-01
9.5645646e+00 7.3542638e-01 8.4206369e-01 9.4988903e-01
9.5745746e+00 7.3103584e-01 8.3761004e-01 9.4546497e-01
9.5845846e+00 7.2673120e-01 8.3300167e-01 9.4092540e-01
9.5945946e+00 7.2211797e-01 8.2838057e-01 9.3615146e-01
9.6046046e+00 7.1776826e-01 8.2387717e-01 9.3141806e-01
9.6146146e+00 7.1324324e-01 8.1928748e-01 9.2684266e-01
9.6246246e+00 7.0858885e-01 8.1449414e-01 9.2192167e-01
9.6346346e+00 7.0403730e-01 8.0979819e-01 9.1700606e-01
9.6446446e+00 6.9944592e-01 8.0522464e-01 9.1203080e-01
9.6546547e+00 6.9485743e-01 8.0044593e-01 9.0708316e-01
9.6646647e+00 6.9032974e-01 7.9553501e-01 9.0236334e-01
9.6746747e+00 6.8582008e-01 7.9077303e-01 8.9757635e-01
9.6846847e+00 6.8105070e-01 7.8590863e-01 8.9254546e-01
9.6946947e+00 6.7633960e-01 7.8100553e-01 8.8734872e-01
9.7047047e+00 6.7147534e-01 7.7635423e-01 8.8217179e-01
9.7147147e+00 6.6684092e-01 7.7147352e-01 8.7725664e-01
9.7247247e+00 6.6195969e-01 7.6652513e-01 8.7223968e-01
9.7347347e+00 6.5719384e-01 7.6157130e-01 8.6704750e-01
9.7447447e+00 6.5232046e-01 7.5666081e-01 8.6205867e-01
9.7547548e+00 6.4761100e-01 7.5184455e-01 8.5701033e-01
9.7647648e+00 6.4256565e-01 7.4700712e-01 8.5160420e-01
9.7747748e+00 6.3781556e-01 7.4183344e-01 8.4646377e-01
9.7847848e+00 6.3329841e-01 7.3669152e-01 8.4153170e-01
9.7947948e+00 6.2837112e-01 7.3159996e-01 8.3662208e-01
9.8048048e+00 6.2349697e-01 7.2654827e-01 8.3165420e-01
9.8148148e+00 6.1880516e-01 7.2170091e-01 8.2636534e-01
9.8248248e+00 6.1401821e-01 7.1665587e-01 8.2125298e-01
9.8348348e+00 6.0895111e-01 7.1171363e-01 8.1622433e-01
9.8448448e+00 6.0414075e-01 7.0643826e-01 8.1101539e-01
9.8548549e+00 5.9920711e-01 7.0125991e-01 8.0599081e-01
9.8648649e+00 5.9403230e-01 6.9649131e-01 8.0092033e-01
9.8748749e+00 5.8890196e-01 6.9139532e-01 7.9592660e-01
9.8848849e+00 5.8433604e-01 6.8647204e-01 7.9081192e-01
9.8948949e+00 5.7975640e-01 6.8151591e-01 7.8570390e-01
9.9049049e+00 5.7479270e-01 6.7656273e-01 7.8062434e-01
9.9149149e+00 5.6994889e-01 6.7144804e-01 7.7548241e-01
9.9249249e+00 5.6539211e-01 6.6642073e-01 7.7040203e-01
9.9349349e+00 5.6035735e-01 6.6160787e-01 7.6531860e-01
9.9449449e+00 5.5564845e-01 6.5664598e-01 7.6052194e-01
9.9549550e+00 5.5082167e-01 6.5161576e-01 7.5542148e-01
9.9649650e+00 5.4594671e-01 6.4685065e-01 7.5044631e-01
9.9749750e+00 5.4132944e-01 6.4209717e-01 7.4518106e-01
9.9849850e+00 5.3645056e-01 6.3718148e-01 7.4011565e-01
9.9949950e+00 5.3170776e-01 6.3257208e-01 7.3533681e-01
1.0005005e+01 5.2706731e-01 6.2761342e-01 7.3042140e-01
1.0015015e+01 5.2239621e-01 6.2276606e-01 7.2555860e-01
1.0025025e+01 5.1774371e-01 6.1797731e-01 7.2070970e-01
1.0035035e+01 5.1310033e-01 6.1309696e-01 7.1585721e-01
1.0045045e+01 5.0865116e-01 6.0831212e-01 7.1092618e-01
1.0055055e+01 5.0392182e-01 6.0347510e-01 7.0601455e-01
1.0065065e+01 4.9925175e-01 5.9874347e-01 7.0107160e-01
1.0075075e+01 4.9484235e-01 5.9393570e-01 6.9634748e-01
1.0085085e+01 4.9031040e-01 5.8922582e-01 6.9154943e-01
1.0095095e+01 4.8555343e-01 5.8448549e-01 6.8651644e-01
1.0105105e+01 4.8093505e-01 5.7992277e-01 6.8164878e-01
1.0115115e+01 4.7617470e-01 5.7501981e-01 6.7679488e-01
1.0125125e+01 4.7162602e-01 5.7032444e-01 6.7195333e-01
1.0135135e+01 4.6717419e-01 5.6576487e-01 6.6729224e-01
1.0145145e+01 4.6263767e-01 5.6096215e-01 6.6260437e-01
1.0155155e+01 4.5785259e-01 5.5623365e-01 6.5800027e-01
1.0165165e+01 4.5330828e-01 5.5138160e-01 6.5315330e-01
1.0175175e+01 4.4851166e-01 5.4694561e-01 6.4837554e-01
1.0185185e+01 4.4409737e-01 5.4230076e-01 6.4387206e-01
1.0195195e+01 4.3977616e-01 5.3769074e-01 6.3912924e-01
1.0205205e+01 4.3511549e-01 5.3300521e-01 6.3479723e-01
1.0215215e+01 4.3072935e-01 5.2839516e-01 6.3037933e-01
1.0225225e+01 4.2595568e-01 5.2392460e-01 6.2595534e-01
1.0235235e+01 4.2156835e-01 5.1946133e-01 6.2151596e-01
1.0245245e+01 4.1726810e-01 5.1490799e-01 6.1711860e-01
1.0255255e+01 4.1291442e-01 5.1055074e-01 6.1262253e-01
1.0265265e+01 4.0858802e-01 5.0597557e-01 6.0812035e-01
1.0275275e+01 4.0422332e-01 5.0153397e-01 6.0335569e-01
1.0285285e+01 3.9979810e-01 4.9715540e-01 5.9881927e-01
1.0295295e+01 3.9558753e-01 4.9287688e-01 5.9450096e-01
1.0305305e+01 3.9138701e-01 4.8859728e-01 5.9025467e-01
1.0315315e+01 3.8726488e-01 4.8419897e-01 5.8564047e-01
1.0325325e+01 3.8300306e-01 4.7989858e-01 5.8137969e-01
1.0335335e+01 3.7892188e-01 4.7558705e-01 5.7715080e-01
1.0345345e+01 3.7462620e-01 4.7112987e-01 5.7290619e-01
1.0355355e+01 3.7048150e-01 4.6672689e-01 5.6850095e-01
1.0365365e+01 3.6637694e-01 4.6239318e-01 5.6432135e-01
1.0375375e+01 3.6232186e-01 4.5832713e-01 5.5987769e-01
1.0385385e+01 3.5799462e-01 4.5417734e-01 5.5549903e-01
1.0395395e+01 3.5393917e-01 4.4976305e-01 5.5113784e-01
1.0405405e+01 3.4963677e-01 4.4554102e-01 5.4685125e-01
1.0415415e+01 3.4527647e-01 4.4128900e-01 5.4243365e-01
1.0425425e+01 3.4121456e-01 4.3721825e-01 5.3804097e-01
1.0435435e+01 3.3719489e-01 4.3291046e-01 5.3399066e-01
1.0445445e+01 3.3330169e-01 4.2883150e-01 5.3001549e-01
1.0455455e+01 3.2944673e-01 4.2475008e-01 5.2605523e-01
1.0465465e+01 3.2561673e-01 4.2068731e-01 5.2180753e-01
1.0475475e+01 3.2166719e-01 4.1655028e-01 5.1760194e-01
1.0485485e+01 3.1780457e-01 4.1245511e-01 5.1334885e-01
1.0495495e+01 3.1397146e-01 4.0840942e-01 5.0915172e-01
1.0505506e+01 3.0984604e-01 4.0431044e-01 5.0509861e-01
1.0515516e+01 3.0590790e-01 4.0025145e-01 5.0099076e-01
1.0525526e+01 3.0206718e-01 3.9622627e-01 4.9663663e-01
1.0535536e+01 2.9818936e-01 3.9195516e-01 4.9253555e-01
1.0545546e+01 2.9433707e-01 3.8795946e-01 4.8849812e-01
1.0555556e+01 2.9064727e-01 3.8385762e-01 4.8439519e-01
1.0565566e+01 2.8678047e-01 3.7996821e-01 4.8037405e-01
1.0575576e+01 2.8308615e-01 3.7593157e-01 4.7630482e-01
1.0585586e+01 2.7934534e-01 3.7189719e-01 4.7232301e-01
1.0595596e+01 2.7560760e-01 3.6785572e-01 4.6836403e-01
1.0605606e+01 2.7188177e-01 3.6399860e-01 4.6433475e-01
1.0615616e+01 2.6833716e-01 3.6010870e-01 4.6021982e-01
1.0625626e+01 2.6489631e-01 3.5630965e-01 4.5594261e-01
1.0635636e+01 2.6132417e-01 3.5252974e-01 4.5173552e-01
1.0645646e+01 2.5795883e-01 3.4854868e-01 4.4759160e-01
1.0655656e+01 2.5446665e-01 3.4473647e-01 4.4349784e-01
1.0665666e+01 2.5093288e-01 3.4095899e-01 4.3929937e-01
1.0675676e+01 2.4734736e-01 3.3703866e-01 4.3524849e-01
1.0685686e+01 2.4388743e-01 3.3338450e-01 4.3121677e-01
1.0695696e+01 2.4049249e-01 3.2958633e-01 4.2721818e-01
1.0705706e+01 2.3707901e-01 3.2591330e-01 4.2299531e-01
1.0715716e+01 2.3374426e-01 3.2225104e-01 4.1867855e-01
1.0725726e+01 2.3036267e-01 3.1844422e-01 4.1475369e-01
1.0735736e+01 2.2702133e-01 3.1467420e-01 4.1050893e-01
1.0745746e+01 2.2384533e-01 3.1074794e-01 4.0631304e-01
1.0755756e+01 2.2059435e-01 3.0685037e-01 4.0231672e-01
1.0765766e+01 2.1730093e-01 3.0311791e-01 3.9816297e-01
1.0775776e+01 2.1403758e-01 2.9932451e-01 3.9400350e-01
1.0785786e+01 2.1094011e-01 2.9554485e-01 3.9011397e-01
1.0795796e+01 2.0772906e-01 2.9194577e-01 3.8601173e-01
1.0805806e+01 2.0453391e-01 2.8837657e-01 3.8205355e-01
1.0815816e+01 2.0136855e-01 2.8474594e-01 3.7778768e-01
1.0825826e+01 1.9826479e-01 2.8101912e-01 3.7359566e-01
1.0835836e+01 1.9502141e-01 2.7737242e-01 3.6955319e-01
1.0845846e+01 1.9187299e-01 2.7374841e-01 3.6557433e-01
1.0855856e+01 1.8871271e-01 2.7011548e-01 3.6147168e-01
1.0865866e+01 1.8562852e-01 2.6656152e-01 3.5749731e-01
1.0875876e+01 1.8259927e-01 2.6298216e-01 3.5345474e-01
1.0885886e+01 1.7953455e-01 2.5941488e-01 3.4935919e-01
1.0895896e+01 1.7665253e-01 2.5594258e-01 3.4541328e-01
1.0905906e+01 1.7377477e-01 2.5249960e-01 3.4157019e-01
1.0915916e+01 1.7087983e-01 2.4894628e-01 3.3773323e-01
1.0925926e+01 1.6819720e-01 2.4543995e-01 3.3364356e-01
1.0935936e+01 1.6541245e-01 2.4192274e-01 3.2950956e-01
1.0945946e+01 1.6259804e-01 2.3847080e-01 3.2540843e-01
1.0955956e+01 1.5978853e-01 2.3500332e-01 3.2148762e-01
1.0965966e+01 1.5710564e-01 2.3156999e-01 3.1748288e-01
1.0975976e+01 1.5436333e-01 2.2821215e-01 3.1334351e-01
1.0985986e+01 1.5165551e-01 2.2484783e-01 3.0940760e-01
1.0995996e+01 1.4895562e-01 2.2141851e-01 3.0525325e-01
1.1006006e+01 1.4625894e-01 2.1809633e-01 3.0119436e-01
1.1016016e+01 1.4353189e-01 2.1487757e-01 2.9724507e-01
1.1026026e+01 1.4094056e-01 2.1156263e-01 2.9324513e-01
1.1036036e+01 1.3844016e-01 2.0826444e-01 2.8920698e-01
1.1046046e+01 1.3586221e-01 2.0505992e-01 2.8520767e-01
1.1056056e+01 1.3335982e-01 2.0186393e-01 2.8114110e-01
1.1066066e+01 1.3082266e-01 1.9865751e-01 2.7728793e-01
1.1076076e+01 1.2835353e-01 1.9545444e-01 2.7344617e-01
1.1086086e+01 1.2590771e-01 1.9226644e-01 2.6948768e-01
1.1096096e+01 1.2341811e-01 1.8907218e-01 2.6563440e-01
1.1106106e+01 1.2096282e-01 1.8597518e-01 2.6173009e-01
1.1116116e+01 1.1859812e-01 1.8287212e-01 2.5773424e-01
1.1126126e+01 1.1627266e-01 1.7987819e-01 2.5384978e-01
1.1136136e+01 1.1399286e-01 1.7681120e-01 2.5010359e-01
1.1146146e+01 1.1178712e-01 1.7383171e-01 2.4617991e-01
1.1156156e+01 1.0944055e-01 1.7086554e-01 2.4243340e-01
1.1166166e+01 1.0726639e-01 1.6786263e-01 2.3871070e-01
1.1176176e+01 1.0511593e-01 1.6492531e-01 2.3500847e-01
1.1186186e+01 1.0293252e-01 1.6203052e-01 2.3124993e-01
1.1196196e+01 1.0077389e-01 1.5911482e-01 2.2756112e-01
1.1206206e+01 9.8666488e-02 1.5627663e-01 2.2383902e-01
1.1216216e+01 9.6584063e-02 1.5340924e-01 2.2010592e-01
1.1226226e+01 9.4492082e-02 1.5063762e-01 2.1651942e-01
1.1236236e+01 9.2485160e-02 1.4780818e-01 2.1297175e-01
1.1246246e+01 9.0498187e-02 1.4502787e-01 2.0923796e-01
1.1256256e+01 8.8501501e-02 1.4225634e-01 2.0562700e-01
1.1266266e+01 8.6566028e-02 1.3950243e-01 2.0212869e-01
1.1276276e+01 8.4639812e-02 1.3685706e-01 1.9862559e-01
1.1286286e+01 8.2777493e-02 1.3419067e-01 1.9518095e-01
1.1296296e+01 8.0907849e-02 1.3155456e-01 1.9177292e-01
1.1306306e+01 7.9055083e-02 1.2894256e-01 1.8828079e-01
1.1316316e+01 7.7280429e-02 1.2637482e-01 1.8491863e-01
1.1326326e+01 7.5515594e-02 1.2387917e-01 1.8151418e-01
1.1336336e+01 7.3767349e-02 1.2136614e-01 1.7816240e-01
1.1346346e+01 7.2040556e-02 1.1895263e-01 1.7489375e-01
1.1356356e+01 7.0333222e-02 1.1653030e-01 1.7152686e-01
1.1366366e+01 6.8655980e-02 1.1403277e-01 1.6821520e-01
1.1376376e+01 6.7003309e-02 1.1164871e-01 1.6496086e-01
1.1386386e+01 6.5365974e-02 1.0929463e-01 1.6172815e-01
1.1396396e+01 6.3798331e-02 1.0695370e-01 1.5856460e-01
1.1406406e+01 6.2270028e-02 1.0465120e-01 1.5544599e-01
1.1416416e+01 6.0702049e-02 1.0234753e-01 1.5235234e-01
1.1426426e+01 5.9202597e-02 1.0011463e-01 1.4931780e-01
1.1436436e+01 5.7678732e-02 9.7943244e-02 1.4629794e-01
1.1446446e+01 5.6219584e-02 9.5734926e-02 1.4328744e-01
1.1456456e+01 5.4780376e-02 9.3558399e-02 1.4026629e-01
1.1466466e+01 5.3380229e-02 9.1443055e-02 1.3727260e-01
1.1476476e+01 5.1973150e-02 8.9341953e-02 1.3432949e-01
1.1486486e+01 5.0617795e-02 8.7265365e-02 1.3141736e-01
1.1496496e+01 4.9308264e-02 8.5221685e-02 1.2862819e-01
1.1506507e+01 4.7999341e-02 8.3201763e-02 1.2582865e-01
1.1516517e+01 4.6674520e-02 8.1259324e-02 1.2306166e-01
1.1526527e+01 4.5427567e-02 7.9364977e-02 1.2031803e-01
1.1536537e+01 4.4195824e-02 7.7439702e-02 1.1759998e-01
1.1546547e+01 4.2980302e-02 7.5534998e-02 1.1494167e-01
1.1556557e+01 4.1786247e-02 7.3659577e-02 1.1228585e-01
1.1566567e+01 4.0633648e-02 7.1818112e-02 1.0967541e-01
1.1576577e+01 3.9501039e-02 7.0016508e-02 1.0715779e-01
1.1586587e+01 3.8404956e-02 6.8269359e-02 1.0463257e-01
1.1596597e+01 3.7293103e-02 6.6538339e-02 1.0216811e-01
1.1606607e+01 3.6242500e-02 6.4840588e-02 9.9697362e-02
1.1616617e+01 3.5196664e-02 6.3183580e-02 9.7262051e-02
1.1626627e+01 3.4188607e-02 6.1552929e-02 9.4941163e-02
1.1636637e+01 3.3194541e-02 5.9940759e-02 9.2621212e-02
1.1646647e+01 3.2239485e-02 5.8369599e-02 9.0286512e-02
1.1656657e+01 3.1277775e-02 5.6807503e-02 8.8073251e-02
1.1666667e+01 3.0348846e-02 5.5282969e-02 8.5869776e-02
1.1676677e+01 2.9470793e-02 5.3807246e-02 8.3716350e-02
1.1686687e+01 2.8578833e-02 5.2358078e-02 8.1591108e-02
1.1696697e+01 2.7741336e-02 5.0926035e-02 7.9538448e-02
1.1706707e+01 2.6870919e-02 4.9539398e-02 7.7497813e-02
1.1716717e+01 2.6047795e-02 4.8174809e-02 7.5469327e-02
1.1726727e+01 2.5256763e-02 4.6843819e-02 7.3469320e-02
1.1736737e+01 2.4459853e-02 4.5517455e-02 7.1495056e-02
1.1746747e+01 2.3706200e-02 4.4230037e-02 6.9566826e-02
1.1756757e+01 2.2969372e-02 4.2980645e-02 6.7702048e-02
1.1766767e+01 2.2252601e-02 4.1734251e-02 6.5887743e-02
1.1776777e+01 2.1545223e-02 4.0511919e-02 6.4084790e-02
1.1786787e+01 2.0840805e-02 3.9338537e-02 6.2296765e-02
1.1796797e+01 2.0177405e-02 3.8192507e-02 6.0560552e-02
1.1806807e+01 1.9530180e-02 3.7056236e-02 5.8843590e-02
1.1816817e+01 1.8907540e-02 3.5944977e-02 5.7189916e-02
1.1826827e+01 1.8297023e-02 3.4855143e-02 5.5581414e-02
1.1836837e+01 1.7692850e-02 3.3798597e-02 5.3999905e-02
1.1846847e+01 1.7115569e-02 3.2779631e-02 5.2442077e-02
1.1856857e+01 1.6539915e-02 3.1778781e-02 5.0925829e-02
1.1866867e+01 1.5978148e-02 3.0796073e-02 4.9435225e-02
1.1876877e+01 1.5456570e-02 2.9835225e-02 4.7984342e-02
1.1886887e+01 1.4932050e-02 2.8904840e-02 4.6566029e-02
1.1896897e+01 1.4421437e-02 2.7978034e-02 4.5193650e-02
1.1906907e+01 1.3926324e-02 2.7082567e-02 4.3810288e-02
1.1916917e+01 1.3437489e-02 2.6216946e-02 4.2469239e-02
1.1926927e+01 1.2972330e-02 2.5353461e-02 4.1153300e-02
1.1936937e+01 1.2520707e-02 2.4542935e-02 3.9875529e-02
1.1946947e+01 1.2088770e-02 2.3744943e-02 3.8642557e-02
1.1956957e+01 1.1665328e-02 2.2960394e-02 3.7433112e-02
1.1966967e+01 1.1257554e-02 2.2203935e-02 3.6256233e-02
1.1976977e+01 1.0868748e-02 2.1470338e-02 3.5121543e-02
1.1986987e+01 1.0474363e-02 2.0751558e-02 3.4002153e-02
1.1996997e+01 1.0097525e-02 2.0047995e-02 3.2910283e-02
1.2007007e+01 9.7353059e-03 1.9366061e-02 3.1828947e-02
1.2017017e+01 9.3795192e-03 1.8699277e-02 3.0788102e-02
1.2027027e+01 9.0279702e-03 1.8058078e-02 2.9768353e-02
1.2037037e+01 8.6922609e-03 1.7431379e-02 2.8772196e-02
1.2047047e+01 8.3773563e-03 1.6824488e-02 2.7812544e-02
1.2057057e+01 8.0604105e-03 1.6234848e-02 2.6878857e-02
1.2067067e+01 7.7506335e-03 1.5662954e-02 2.5976505e-02
1.2077077e+01 7.4663018e-03 1.5109214e-02 2.5092658e-02
1.2087087e+01 7.1870740e-03 1.4571045e-02 2.4237927e-02
1.2097097e+01 6.9099409e-03 1.4047718e-02 2.3392895e-02
1.2107107e+01 6.6394725e-03 1.3538954e-02 2.2584676e-02
1.2117117e+01 6.3808381e-03 1.3047332e-02 2.1791736e-02
1.2127127e+01 6.1337281e-03 1.2572286e-02 2.1024402e-02
1.2137137e+01 5.8917680e-03 1.2113266e-02 2.0286887e-02
1.2147147e+01 5.6612648e-03 1.1659957e-02 1.9565288e-02
1.2157157e+01 5.4307839e-03 1.1227957e-02 1.8860307e-02
1.2167167e+01 5.2154247e-03 1.0809275e-02 1.8177222e-02
1.2177177e+01 5.0112587e-03 1.0400116e-02 1.7516343e-02
1.2187187e+01 4.8092348e-03 1.0004869e-02 1.6873592e-02
1.2197197e+01 4.6157751e-03 9.6209498e-03 1.6243918e-02
1.2207207e+01 4.4283371e-03 9.2490349e-03 1.5645846e-02
1.2217217e+01 4.2510983e-03 8.8905831e-03 1.5065170e-02
1.2227227e+01 4.0754472e-03 8.5456228e-03 1.4497403e-02
1.2237237e+01 3.9067222e-03 8.2077567e-03 1.3949480e-02
1.2247247e+01 3.7418143e-03 7.8884375e-03 1.3417680e-02
1.2257257e+01 3.5857422e-03 7.5761992e-03 1.2902085e-02
1.2267267e+01 3.4317694e-03 7.2745630e-03 1.2404868e-02
1.2277277e+01 3.2847966e-03 6.9845996e-03 1.1925701e-02
1.2287287e+01 3.1480226e-03 6.7064240e-03 1.1462413e-02
1.2297297e+01 3.0155420e-03 6.4373437e-03 1.1014094e-02
1.2307307e+01 2.8857220e-03 6.1781447e-03 1.0581799e-02
1.2317317e+01 2.7638295e-03 5.9264631e-03 1.0164352e-02
1.2327327e+01 2.6417686e-03 5.6826727e-03 9.7638227e-03
1.2337337e+01 2.5259822e-03 5.4464060e-03 9.3716149e-03
1.2347347e+01 2.4140042e-03 5.2197372e-03 8.9959343e-03
1.2357357e+01 2.3069904e-03 5.0001912e-03 8.6297299e-03
1.2367367e+01 2.2045251e-03 4.7911063e-03 8.2766418e-03
1.2377377e+01 2.1060570e-03 4.5891432e-03 7.9401168e-03
1.2387387e+01 2.0096835e-03 4.3930521e-03 7.6131673e-03
1.2397397e+01 1.9180372e-03 4.2044607e-03 7.2980556e-03
1.2407407e+01 1.8303745e-03 4.0221396e-03 6.9958824e-03
1.2417417e+01 1.7468343e-03 3.8462029e-03 6.7035717e-03
1.2427427e+01 1.6663637e-03 3.6779156e-03 6.4219769e-03
1.2437437e+01 1.5902229e-03 3.5177230e-03 6.1504702e-03
1.2447447e+01 1.5161244e-03 3.3618082e-03 5.8882611e-03
1.2457457e+01 1.4449005e-03 3.2129215e-03 5.6376047e-03
1.2467467e+01 1.3768624e-03 3.0703062e-03 5.3966681e-03
1.2477477e+01 1.3119941e-03 2.9329534e-03 5.1645552e-03
1.2487487e+01 1.2510257e-03 2.8022097e-03 4.9405321e-03
1.2497497e+01 1.1919785e-03 2.6749320e-03 4.7234483e-03
1.2507508e+01 1.1362723e-03 2.5546524e-03 4.5123946e-03
1.2517518e+01 1.0822344e-03 2.4379491e-03 4.3115125e-03
1.2527528e+01 1.0308430e-03 2.3266342e-03 4.1202935e-03
1.2537538e+01 9.8168691e-04 2.2199814e-03 3.9368871e-03
1.2547548e+01 9.3408776e-04 2.1169537e-03 3.7609594e-03
1.2557558e+01 8.8864831e-04 2.0180051e-03 3.5887627e-03
1.2567568e+01 8.4521788e-04 1.9237289e-03 3.4264994e-03
1.2577578e+01 8.0304796e-04 1.8337627e-03 3.2703004e-03
1.2587588e+01 7.6358609e-04 1.7471649e-03 3.1209487e-03
1.2597598e+01 7.2589953e-04 1.6637992e-03 2.9768831e-03
1.2607608e+01 6.8924688e-04 1.5849038e-03 2.8395341e-03
1.2617618e+01 6.5387123e-04 1.5089630e-03 2.7073079e-03
1.2627628e+01 6.1982720e-04 1.4369600e-03 2.5795631e-03
1.2637638e+01 5.8893873e-04 1.3670367e-03 2.4587385e-03
1.2647648e+01 5.5893339e-04 1.3004243e-03 2.3420974e-03
1.2657658e+01 5.2989351e-04 1.2367081e-03 2.2322818e-03
1.2667668e+01 5.0227103e-04 1.1759757e-03 2.1251019e-03
1.2677678e+01 4.7607624e-04 1.1183146e-03 2.0231173e-03
1.2687688e+01 4.5125999e-04 1.0626731e-03 1.9252735e-03
1.2697698e+01 4.2759064e-04 1.0097716e-03 1.8321493e-03
1.2707708e+01 4.0535896e-04 9.5932202e-04 1.7426853e-03
1.2717718e+01 3.8386393e-04 9.1096796e-04 1.6577130e-03
1.2727728e+01 3.6364923e-04 8.6529843e-04 1.5763419e-03
1.2737738e+01 3.4413801e-04 8.2110200e-04 1.4983114e-03
1.2747748e+01 3.2575904e-04 7.7951453e-04 1.4243292e-03
1.2757758e+01 3.0814206e-04 7.4002045e-04 1.3530046e-03
1.2767768e+01 2.9129733e-04 7.0199801e-04 1.2851443e-03
1.2777778e+01 2.7541322e-04 6.6575208e-04 1.2211360e-03
1.2787788e+01 2.6053159e-04 6.3084248e-04 1.1596882e-03
1.2797798e+01 2.4618766e-04 5.9809829e-04 1.1004971e-03
1.2807808e+01 2.3272681e-04 5.6692267e-04 1.0444877e-03
1.2817818e+01 2.1996137e-04 5.3712190e-04 9.9037439e-04
1.2827828e+01 2.0773267e-04 5.0861327e-04 9.3952571e-04
1.2837838e+01 1.9618827e-04 4.8180001e-04 8.9065054e-04
1.2847848e+01 1.8517346e-04 4.5600727e-04 8.4491605e-04
1.2857858e+01 1.7490738e-04 4.3167017e-04 8.0062485e-04
1.2867868e+01 1.6511701e-04 4.0857629e-04 7.5873413e-04
1.2877878e+01 1.5569765e-04 3.8637230e-04 7.1850342e-04
1.2887888e+01 1.4676635e-04 3.6555201e-04 6.8056563e-04
1.2897898e+01 1.3835058e-04 3.4568952e-04 6.4441459e-04
1.2907908e+01 1.3037570e-04 3.2674732e-04 6.1006992e-04
1.2917918e+01 1.2279161e-04 3.0887193e-04 5.7761275e-04
1.2927928e+01 1.1577675e-04 2.9177057e-04 5.4657293e-04
1.2937938e+01 1.0899936e-04 2.7571482e-04 5.1696182e-04
1.2947948e+01 1.0261921e-04 2.6030811e-04 4.8878957e-04
1.2957958e+01 9.6666527e-05 2.4583535e-04 4.6211167e-04
1.2967968e+01 9.0957549e-05 2.3215255e-04 4.3696180e-04
1.2977978e+01 8.5582603e-05 2.1909842e-04 4.1289243e-04
1.2987988e+01 8.0568296e-05 2.0671454e-04 3.8993028e-04
1.2997998e+01 7.5818590e-05 1.9489215e-04 3.6821694e-04
1.3008008e+01 7.1424330e-05 1.8381752e-04 3.4771159e-04
1.3018018e+01 6.7158345e-05 1.7330170e-04 3.2824271e-04
1.3028028e+01 6.3113663e-05 1.6335063e-04 3.0977127e-04
1.3038038e+01 5.9288085e-05 1.5395355e-04 2.9227751e-04
1.3048048e+01 5.5677012e-05 1.4502312e-04 2.7557578e-04
1.3058058e+01 5.2285964e-05 1.3663347e-04 2.5986530e-04
1.3068068e+01 4.9071115e-05 1.2858893e-04 2.4500178e-04
1.3078078e+01 4.6045240e-05 1.2105004e-04 2.3105533e-04
1.3088088e+01 4.3186255e-05 1.1392028e-04 2.1772409e-04
1.3098098e+01 4.0539974e-05 1.0714484e-04 2.0518420e-04
1.3108108e+01 3.8044785e-05 1.0080861e-04 1.9330241e-04
1.3118118e+01 3.5678591e-05 9.4774728e-05 1.8209341e-04
1.3128128e+01 3.3438539e-05 8.9115725e-05 1.7145418e-04
1.3138138e+01 3.1338019e-05 8.3757178e-05 1.6140389e-04
1.3148148e+01 2.9341987e-05 7.8702922e-05 1.5189937e-04
1.3158158e+01 2.7490371e-05 7.3905761e-05 1.4291329e-04
1.3168168e+01 2.5750807e-05 6.9422482e-05 1.3437415e-04
1.3178178e+01 2.4115014e-05 6.5184143e-05 1.2626320e-04
1.3188188e+01 2.2547962e-05 6.1175245e-05 1.1868191e-04
1.3198198e+01 2.1096827e-05 5.7413513e-05 1.1155770e-04
1.3208208e+01 1.9740997e-05 5.3840856e-05 1.0477922e-04
1.3218218e+01 1.8470717e-05 5.0500621e-05 9.8473452e-05
1.3228228e+01 1.7275755e-05 4.7363371e-05 9.2495175e-05
1.3238238e+01 1.6166950e-05 4.4406896e-05 8.6837881e-05
1.3248248e+01 1.5116091e-05 4.1632485e-05 8.1483290e-05
1.3258258e+01 1.4121202e-05 3.9013538e-05 7.6468714e-05
1.3268268e+01 1.3187964e-05 3.6545428e-05 7.1713347e-05
1.3278278e+01 1.2309016e-05 3.4223164e-05 6.7277897e-05
1.3288288e+01 1.1488572e-05 3.2052197e-05 6.3086627e-05
1.3298298e+01 1.0724246e-05 3.0008843e-05 5.9122605e-05
1.3308308e+01 1.0006779e-05 2.8084080e-05 5.5401851e-05
1.3318318e+01 9.3426138e-06 2.6276736e-05 5.1908866e-05
1.3328328e+01 8.7141175e-06 2.4577384e-05 4.8609927e-05
1.3338338e+01 8.1258955e-06 2.2992137e-05 4.5516076e-05
1.3348348e+01 7.5784195e-06 2.1494759e-05 4.2598598e-05
1.3358358e+01 7.0658575e-06 2.0089488e-05 3.9877431e-05
1.3368368e+01 6.5856067e-06 1.8774848e-05 3.7318930e-05
1.3378378e+01 6.1360692e-06 1.7538769e-05 3.4920040e-05
1.3388388e+01 5.7093808e-06 1.6381827e-05 3.2656437e-05
1.3398398e+01 5.3187062e-06 1.5306067e-05 3.0541837e-05
1.3408408e+01 4.9458755e-06 1.4293159e-05 2.8562631e-05
1.3418418e+01 4.6049914e-06 1.3342597e-05 2.6705028e-05
1.3428428e+01 4.2804871e-06 1.2447762e-05 2.4946017e-05
1.3438438e+01 3.9800980e-06 1.1615250e-05 2.3307033e-05
1.3448448e+01 3.7031296e-06 1.0838961e-05 2.1763130e-05
1.3458458e+01 3.4372063e-06 1.0101429e-05 2.0324004e-05
1.3468468e+01 3.1944375e-06 9.4157603e-06 1.8975565e-05
1.3478478e+01 2.9682321e-06 8.7756057e-06 1.7703539e-05
1.3488488e+01 2.7544749e-06 8.1753685e-06 1.6517657e-05
1.3498498e+01 2.5600623e-06 7.6167237e-06 1.5414683e-05
1.3508509e+01 2.3780310e-06 7.0912004e-06 1.4377645e-05
1.3518519e+01 2.2067969e-06 6.5989374e-06 1.3401520e-05
1.3528529e+01 2.0470965e-06 6.1423742e-06 1.2489781e-05
1.3538539e+01 1.8986056e-06 5.7159123e-06 1.1636802e-05
1.3548549e+01 1.7603805e-06 5.3183078e-06 1.0840957e-05
1.3558559e+01 1.6322650e-06 4.9461344e-06 1.0093029e-05
1.3568569e+01 1.5117037e-06 4.6020863e-06 9.3964449e-06
1.3578579e+01 1.4005406e-06 4.2796780e-06 8.7461119e-06
1.3588589e+01 1.2980147e-06 3.9785000e-06 8.1388157e-06
1.3598599e+01 1.2021260e-06 3.6982515e-06 7.5733261e-06
1.3608609e+01 1.1128186e-06 3.4352706e-06 7.0439089e-06
1.3618619e+01 1.0300272e-06 3.1917633e-06 6.5478965e-06
1.3628629e+01 9.5446489e-07 2.9645476e-06 6.0900640e-06
1.3638639e+01 8.8362333e-07 2.7521281e-06 5.6595847e-06
1.3648649e+01 8.1814981e-07 2.5533785e-06 5.2595309e-06
1.3658659e+01 7.5731558e-07 2.3688864e-06 4.8846010e-06
1.3668669e+01 7.0039944e-07 2.1971665e-06 4.5372231e-06
1.3678679e+01 6.4693368e-07 2.0372376e-06 4.2134020e-06
1.3688689e+01 5.9794717e-07 1.8886489e-06 3.9134721e-06
1.3698699e+01 5.5236177e-07 1.7504763e-06 3.6324889e-06
1.3708709e+01 5.1032293e-07 1.6215942e-06 3.3711320e-06
1.3718719e+01 4.7167724e-07 1.5019249e-06 3.1267305e-06
1.3728729e+01 4.3545302e-07 1.3912249e-06 2.8976488e-06
1.3738739e+01 4.0224155e-07 1.2879380e-06 2.6864881e-06
1.3748749e+01 3.7138771e-07 1.1915089e-06 2.4888644e-06
1.3758759e+01 3.4239203e-07 1.1029711e-06 2.3054417e-06
1.3768769e+01 3.1600231e-07 1.0199052e-06 2.1353289e-06
1.3778779e+01 2.9146792e-07 9.4301270e-07 1.9775401e-06
1.3788789e+01 2.6879697e-07 8.7182507e-07 1.8306276e-06
1.3798799e+01 2.4778450e-07 8.0582053e-07 1.6945278e-06
1.3808809e+01 2.2830074e-07 7.4467935e-07 1.5686141e-06
1.3818819e+01 2.1024176e-07 6.8779897e-07 1.4511637e-06
1.3828829e+01 1.9374967e-07 6.3558358e-07 1.3423855e-06
1.3838839e+01 1.7830351e-07 5.8693269e-07 1.2415051e-06
1.3848849e+01 1.6416410e-07 5.4164731e-07 1.1480291e-06
1.3858859e+01 1.5102177e-07 4.9980773e-07 1.0616205e-06
1.3868869e+01 1.3886490e-07 4.6094291e-07 9.8102013e-07
1.3878879e+01 1.2785066e-07 4.2534007e-07 9.0665079e-07
1.3888889e+01 1.1758867e-07 3.9227924e-07 8.3720133e-07
1.3898899e+01 1.0810377e-07 3.6164569e-07 7.7270899e-07
1.3908909e+01 9.9312923e-08 3.3345513e-07 7.1306406e-07
1.3918919e+01 9.1232557e-08 3.0742721e-07 6.5785075e-07
1.3928929e+01 8.3744884e-08 2.8332745e-07 6.0696640e-07
1.3938939e+01 7.6815287e-08 2.6101743e-07 5.5991830e-07
1.3948949e+01 7.0491672e-08 2.4049918e-07 5.1614001e-07
1.3958959e+01 6.4692099e-08 2.2141868e-07 4.7579618e-07
1.3968969e+01 5.9339569e-08 2.0376974e-07 4.3850674e-07
1.3978979e+01 5.4506106e-08 1.8744003e-07 4.0413155e-07
1.3988989e+01 4.9975027e-08 1.7245443e-07 3.7233761e-07
1.3998999e+01 4.5814476e-08 1.5868359e-07 3.4288395e-07
1.4009009e+01 4.1989028e-08 1.4587487e-07 3.1567461e-07
1.4019019e+01 3.8465018e-08 1.3414650e-07 2.9054525e-07
1.4029029e+01 3.5230468e-08 1.2335229e-07 2.6741562e-07
1.4039039e+01 3.2294348e-08 1.1341954e-07 2.4601551e-07
1.4049049e+01 2.9573193e-08 1.0418534e-07 2.2644288e-07
1.4059059e+01 2.7083558e-08 9.5670953e-08 2.0817268e-07
1.4069069e+01 2.4771341e-08 8.7797241e-08 1.9145734e-07
1.4079079e+01 2.2679220e-08 8.0574506e-08 1.7598706e-07
1.4089089e+01 2.0744479e-08 7.3935717e-08 1.6169195e-07
1.4099099e+01 1.8976837e-08 6.7837393e-08 1.4857023e-07
1.4109109e+01 1.7351164e-08 6.2191118e-08 1.3647089e-07
1.4119119e+01 1.5856418e-08 5.7004825e-08 1.2531088e-07
1.4129129e+01 1.4487914e-08 5.2247285e-08 1.1505725e-07
1.4139139e+01 1.3231209e-08 4.7859880e-08 1.0559282e-07
1.4149149e+01 1.2076202e-08 4.3846659e-08 9.6868189e-08
1.4159159e+01 1.1015846e-08 4.0125979e-08 8.8805960e-08
1.4169169e+01 1.0045076e-08 3.6741765e-08 8.1482750e-08
1.4179179e+01 9.1666110e-09 3.3640914e-08 7.4679159e-08
1.4189189e+01 8.3579502e-09 3.0811555e-08 6.8413012e-08
1.4199199e+01 7.6221481e-09 2.8179069e-08 6.2697254e-08
1.4209209e+01 6.9545222e-09 2.5787249e-08 5.7440139e-08
1.4219219e+01 6.3380415e-09 2.3592367e-08 5.2598261e-08
1.4229229e+01 5.7753799e-09 2.1567744e-08 4.8134735e-08
1.4239239e+01 5.2679928e-09 1.9711844e-08 4.4071121e-08
1.4249249e+01 4.7995557e-09 1.8017613e-08 4.0312084e-08
1.4259259e+01 4.3699397e-09 1.6459635e-08 3.6881220e-08
1.4269269e+01 3.9766548e-09 1.5040380e-08 3.3714391e-08
1.4279279e+01 3.6166328e-09 1.3734142e-08 3.0829380e-08
1.4289289e+01 3.2909368e-09 1.2540426e-08 2.8196087e-08
1.4299299e+01 2.9936330e-09 1.1447241e-08 2.5769172e-08
1.4309309e+01 2.7219411e-09 1.0449543e-08 2.3558024e-08
1.4319319e+01 2.4712778e-09 9.5334022e-09 2.1516192e-08
1.4329329e+01 2.2471604e-09 8.6942255e-09 1.9652179e-08
1.4339339e+01 2.0414670e-09 7.9285959e-09 1.7946085e-08
1.4349349e+01 1.8546584e-09 7.2274476e-09 1.6384575e-08
1.4359359e+01 1.6831239e-09 6.5843878e-09 1.4949569e-08
1.4369369e+01 1.5270749e-09 5.9994038e-09 1.3637950e-08
1.4379379e+01 1.3849285e-09 5.4666171e-09 1.2441873e-08
1.4389389e+01 1.2578868e-09 4.9788036e-09 1.1342965e-08
1.4399399e+01 1.1415129e-09 4.5326067e-09 1.0338669e-08
1.4409409e+01 1.0346610e-09 4.1236684e-09 9.4226708e-09
1.4419419e+01 9.3823850e-10 3.7505644e-09 8.5850621e-09
1.4429429e+01 8.5037055e-10 3.4121066e-09 7.8241633e-09
1.4439439e+01 7.7048907e-10 3.1041070e-09 7.1239526e-09
1.4449449e+01 6.9860903e-10 2.8234232e-09 6.4885262e-09
1.4459459e+01 6.3249893e-10 2.5666582e-09 5.9052400e-09
1.4469469e+01 5.7245252e-10 2.3320895e-09 5.3734952e-09
1.4479479e+01 5.1809431e-10 2.1193450e-09 4.8895901e-09
1.4489489e+01 4.6863763e-10 1.9255287e-09 4.4461933e-09
1.4499499e+01 4.2419950e-10 1.7478176e-09 4.0432019e-09
1.4509510e+01 3.8359341e-10 1.5868469e-09 3.6757428e-09
1.4519520e+01 3.4689807e-10 1.4408405e-09 3.3409508e-09
1.4529530e+01 3.1371214e-10 1.3076867e-09 3.0366555e-09
1.4539540e+01 2.8366569e-10 1.1859967e-09 2.7594075e-09
1.4549550e+01 2.5644986e-10 1.0762126e-09 2.5059487e-09
1.4559560e+01 2.3170541e-10 9.7545590e-10 2.2756143e-09
1.4569570e+01 2.0932427e-10 8.8373532e-10 2.0660067e-09
1.4579580e+01 1.8905240e-10 8.0054388e-10 1.8747668e-09
1.4589590e+01 1.7060090e-10 7.2522742e-10 1.7009101e-09
1.4599600e+01 1.5384748e-10 6.5727407e-10 1.5423402e-09
1.4609610e+01 1.3868243e-10 5.9496017e-10 1.3981762e-09
1.4619620e+01 1.2500776e-10 5.3855976e-10 1.2671804e-09
1.4629630e+01 1.1273537e-10 4.8711746e-10 1.1485563e-09
1.4639640e+01 1.0172213e-10 4.4055211e-10 1.0404886e-09
1.4649650e+01 9.1703060e-11 3.9854410e-10 9.4267182e-10
1.4659660e+01 8.2658373e-11 3.6037281e-10 8.5367224e-10
1.4669670e+01 7.4463597e-11 3.2562706e-10 7.7277874e-10
1.4679680e+01 6.7066058e-11 2.9424933e-10 6.9922120e-10
1.4689690e+01 6.0367149e-11 2.6584368e-10 6.3309649e-10
1.4699700e+01 5.4341181e-11 2.4011775e-10 5.7242994e-10
1.4709710e+01 4.8939679e-11 2.1688283e-10 5.1753011e-10
1.4719720e+01 4.4003234e-11 1.9578627e-10 4.6800472e-10
1.4729730e+01 3.9568433e-11 1.7670070e-10 4.2282205e-10
1.4739740e+01 3.5590852e-11 1.5936064e-10 3.8207203e-10
1.4749750e+01 3.1968535e-11 1.4378412e-10 3.4530375e-10
1.4759760e+01 2.8732954e-11 1.2970402e-10 3.1193176e-10
1.4769770e+01 2.5830978e-11 1.1694923e-10 2.8172634e-10
1.4779780e+01 2.3188492e-11 1.0547670e-10 2.5442391e-10
1.4789790e+01 2.0808702e-11 9.5086419e-11 2.2973652e-10
1.4799800e+01 1.8687485e-11 8.5658140e-11 2.0734380e-10
1.4809810e+01 1.6777297e-11 7.7170996e-11 1.8708770e-10
1.4819820e+01 1.5053972e-11 6.9460652e-11 1.6877158e-10
1.4829830e+01 1.3504449e-11 6.2531337e-11 1.5216445e-10
1.4839840e+01 1.2112624e-11 5.6293547e-11 1.3718970e-10
1.4849850e+01 1.0867197e-11 5.0653543e-11 1.2364024e-10
1.4859860e+01 9.7462759e-12 4.5588862e-11 1.1140050e-10
1.4869870e+01 8.7401598e-12 4.0989380e-11 1.0036634e-10
1.4879880e+01 7.8347122e-12 3.6848449e-11 9.0384443e-11
1.4889890e+01 7.0207572e-12 3.3127898e-11 8.1391273e-11
1.4899900e+01 6.2873038e-12 2.9770698e-11 7.3250545e-11
1.4909910e+01 5.6280238e-12 2.6732870e-11 6.5881378e-11
1.4919920e+01 5.0362917e-12 2.4030667e-11 5.9258038e-11
1.4929930e+01 4.5087353e-12 2.1576824e-11 5.3266034e-11
1.4939940e+01 4.0356055e-12 1.9360111e-11 4.7905509e-11
1.4949950e+01 3.6129528e-12 1.7375172e-11 4.3059978e-11
1.4959960e+01 3.2298597e-12 1.5595853e-11 3.8696006e-11
1.4969970e+01 2.8884116e-12 1.3995706e-11 3.4755758e-11
1.4979980e+01 2.5819554e-12 1.2550830e-11 3.1222038e-11
1.4989990e+01 2.3085926e-12 1.1255606e-11 2.8050470e-11
1.5000000e+01 2.0633941e-12 1.0086861e-11 2.5180686e-11
