X KDE_INF KDE_MED KDE_SUP
-2.5000000e+01 3.7871250e-08 9.2788578e-08 1.7040898e-07
-2.4984985e+01 4.3267003e-08 1.0570108e-07 1.9374909e-07
-2.4969970e+01 4.9386759e-08 1.2031573e-07 2.2017905e-07
-2.4954955e+01 5.6353254e-08 1.3684672e-07 2.5008016e-07
-2.4939940e+01 6.4333734e-08 1.5561372e-07 2.8383611e-07
-2.4924925e+01 7.3332790e-08 1.7692392e-07 3.2200314e-07
-2.4909910e+01 8.3579725e-08 2.0088641e-07 3.6520037e-07
-2.4894895e+01 9.5253313e-08 2.2807419e-07 4.1367610e-07
-2.4879880e+01 1.0837914e-07 2.5870757e-07 4.6857293e-07
-2.4864865e+01 1.2331254e-07 2.9327277e-07 5.3032564e-07
-2.4849850e+01 1.4007843e-07 3.3243917e-07 6.0000395e-07
-2.4834835e+01 1.5913455e-07 3.7670492e-07 6.7854198e-07
-2.4819820e+01 1.8070650e-07 4.2641698e-07 7.6695250e-07
-2.4804805e+01 2.0508279e-07 4.8234112e-07 8.6635381e-07
-2.4789790e+01 2.3250714e-07 5.4538756e-07 9.7830760e-07
-2.4774775e+01 2.6358605e-07 6.1624772e-07 1.1041522e-06
-2.4759760e+01 2.9865712e-07 6.9598010e-07 1.2441183e-06
-2.4744745e+01 3.3800163e-07 7.8558201e-07 1.4018139e-06
-2.4729730e+01 3.8246585e-07 8.8633340e-07 1.5785099e-06
-2.4714715e+01 4.3249603e-07 9.9928599e-07 1.7761285e-06
-2.4699700e+01 4.8884203e-07 1.1253949e-06 1.9985349e-06
-2.4684685e+01 5.5180172e-07 1.2676543e-06 2.2475222e-06
-2.4669670e+01 6.2270208e-07 1.4272736e-06 2.5252504e-06
-2.4654655e+01 7.0274225e-07 1.6055419e-06 2.8353439e-06
-2.4639640e+01 7.9203204e-07 1.8050182e-06 3.1821181e-06
-2.4624625e+01 8.9275596e-07 2.0290841e-06 3.5681889e-06
-2.4609610e+01 1.0058352e-06 2.2801286e-06 4.0010355e-06
-2.4594595e+01 1.1330241e-06 2.5596134e-06 4.4853442e-06
-2.4579580e+01 1.2758511e-06 2.8727443e-06 5.0246317e-06
-2.4564565e+01 1.4352113e-06 3.2215778e-06 5.6229102e-06
-2.4549550e+01 1.6121564e-06 3.6115088e-06 6.2908415e-06
-2.4534535e+01 1.8112351e-06 4.0438758e-06 7.0364365e-06
-2.4519520e+01 2.0318598e-06 4.5260353e-06 7.8623705e-06
-2.4504505e+01 2.2801984e-06 5.0616520e-06 8.7833719e-06
-2.4489489e+01 2.5589882e-06 5.6576179e-06 9.8041651e-06
-2.4474474e+01 2.8710796e-06 6.3210877e-06 1.0931601e-05
-2.4459459e+01 3.2157620e-06 7.0620672e-06 1.2191429e-05
-2.4444444e+01 3.5996736e-06 7.8829970e-06 1.3584979e-05
-2.4429429e+01 4.0250670e-06 8.7951108e-06 1.5130397e-05
-2.4414414e+01 4.5009779e-06 9.7998326e-06 1.6842261e-05
-2.4399399e+01 5.0300563e-06 1.0920687e-05 1.8734746e-05
-2.4384384e+01 5.6182092e-06 1.2159681e-05 2.0823539e-05
-2.4369369e+01 6.2752410e-06 1.3532928e-05 2.3131380e-05
-2.4354354e+01 7.0004309e-06 1.5047075e-05 2.5685137e-05
-2.4339339e+01 7.8096017e-06 1.6734440e-05 2.8510977e-05
-2.4324324e+01 8.7019292e-06 1.8597187e-05 3.1630240e-05
-2.4309309e+01 9.6881362e-06 2.0653940e-05 3.5062455e-05
-2.4294294e+01 1.0782752e-05 2.2916269e-05 3.8864691e-05
-2.4279279e+01 1.1993942e-05 2.5427790e-05 4.3024642e-05
-2.4264264e+01 1.3337537e-05 2.8171623e-05 4.7617322e-05
-2.4249249e+01 1.4823900e-05 3.1206835e-05 5.2665796e-05
-2.4234234e+01 1.6464768e-05 3.4553711e-05 5.8236235e-05
-2.4219219e+01 1.8276011e-05 3.8243142e-05 6.4349211e-05
-2.4204204e+01 2.0269763e-05 4.2303172e-05 7.1044638e-05
-2.4189189e+01 2.2475366e-05 4.6744156e-05 7.8425643e-05
-2.4174174e+01 2.4914506e-05 5.1653955e-05 8.6529351e-05
-2.4159159e+01 2.7588534e-05 5.7027066e-05 9.5435785e-05
-2.4144144e+01 3.0542407e-05 6.2949268e-05 1.0517560e-04
-2.4129129e+01 3.3810849e-05 6.9410655e-05 1.1585754e-04
-2.4114114e+01 3.7383134e-05 7.6529777e-05 1.2749339e-04
-2.4099099e+01 4.1308488e-05 8.4336916e-05 1.4029014e-04
-2.4084084e+01 4.5634682e-05 9.2843767e-05 1.5427162e-04
-2.4069069e+01 5.0373032e-05 1.0219907e-04 1.6953589e-04
-2.4054054e+01 5.5595241e-05 1.1240656e-04 1.8622608e-04
-2.4039039e+01 6.1300385e-05 1.2356392e-04 2.0437964e-04
-2.4024024e+01 6.7605069e-05 1.3579281e-04 2.2422564e-04
-2.4009009e+01 7.4436801e-05 1.4919118e-04 2.4572486e-04
-2.3993994e+01 8.1951663e-05 1.6378079e-04 2.6916367e-04
-2.3978979e+01 9.0207802e-05 1.7967001e-04 2.9471518e-04
-2.3963964e+01 9.9246373e-05 1.9695484e-04 3.2257083e-04
-2.3948949e+01 1.0908838e-04 2.1577632e-04 3.5272313e-04
-2.3933934e+01 1.1978595e-04 2.3627230e-04 3.8582015e-04
-2.3918919e+01 1.3152152e-04 2.5867787e-04 4.2169450e-04
-2.3903904e+01 1.4431318e-04 2.8300316e-04 4.6053975e-04
-2.3888889e+01 1.5824003e-04 3.0941285e-04 5.0256503e-04
-2.3873874e+01 1.7348301e-04 3.3815545e-04 5.4838262e-04
-2.3858859e+01 1.9011286e-04 3.6929519e-04 5.9786855e-04
-2.3843844e+01 2.0816810e-04 4.0309290e-04 6.5156092e-04
-2.3828829e+01 2.2789043e-04 4.3994887e-04 7.0960384e-04
-2.3813814e+01 2.4900961e-04 4.7964552e-04 7.7212999e-04
-2.3798799e+01 2.7221792e-04 5.2293851e-04 8.3996339e-04
-2.3783784e+01 2.9744321e-04 5.6951867e-04 9.1358622e-04
-2.3768769e+01 3.2449834e-04 6.2017905e-04 9.9295840e-04
-2.3753754e+01 3.5390974e-04 6.7482754e-04 1.0789480e-03
-2.3738739e+01 3.8585579e-04 7.3390709e-04 1.1706140e-03
-2.3723724e+01 4.2034357e-04 7.9747806e-04 1.2698409e-03
-2.3708709e+01 4.5809269e-04 8.6609029e-04 1.3767796e-03
-2.3693694e+01 4.9900167e-04 9.4036785e-04 1.4921831e-03
-2.3678679e+01 5.4272841e-04 1.0201608e-03 1.6168186e-03
-2.3663664e+01 5.9021218e-04 1.1062168e-03 1.7501770e-03
-2.3648649e+01 6.4198412e-04 1.1989886e-03 1.8935890e-03
-2.3633634e+01 6.9733191e-04 1.2991516e-03 2.0466590e-03
-2.3618619e+01 7.5715731e-04 1.4065047e-03 2.2131978e-03
-2.3603604e+01 8.2104581e-04 1.5215095e-03 2.3901009e-03
-2.3588589e+01 8.9013967e-04 1.6455138e-03 2.5811459e-03
-2.3573574e+01 9.6478319e-04 1.7785683e-03 2.7856570e-03
-2.3558559e+01 1.0448314e-03 1.9225141e-03 3.0030097e-03
-2.3543544e+01 1.1310650e-03 2.0755407e-03 3.2370990e-03
-2.3528529e+01 1.2230875e-03 2.2404613e-03 3.4872128e-03
-2.3513514e+01 1.3226208e-03 2.4168012e-03 3.7548485e-03
-2.3498498e+01 1.4284078e-03 2.6055836e-03 4.0416586e-03
-2.3483483e+01 1.5439539e-03 2.8055637e-03 4.3470910e-03
-2.3468468e+01 1.6653255e-03 3.0191871e-03 4.6726687e-03
-2.3453453e+01 1.7981961e-03 3.2472884e-03 5.0206886e-03
-2.3438438e+01 1.9392140e-03 3.4928390e-03 5.3917837e-03
-2.3423423e+01 2.0905960e-03 3.7548370e-03 5.7843248e-03
-2.3408408e+01 2.2526139e-03 4.0339308e-03 6.2017093e-03
-2.3393393e+01 2.4252454e-03 4.3342960e-03 6.6470036e-03
-2.3378378e+01 2.6100485e-03 4.6502205e-03 7.1231516e-03
-2.3363363e+01 2.8066325e-03 4.9875407e-03 7.6267582e-03
-2.3348348e+01 3.0182766e-03 5.3465047e-03 8.1626471e-03
-2.3333333e+01 3.2412996e-03 5.7269871e-03 8.7327387e-03
-2.3318318e+01 3.4820480e-03 6.1332935e-03 9.3357819e-03
-2.3303303e+01 3.7355152e-03 6.5655663e-03 9.9726418e-03
-2.3288288e+01 4.0064519e-03 7.0216674e-03 1.0648179e-02
-2.3273273e+01 4.2945588e-03 7.5052381e-03 1.1363912e-02
-2.3258258e+01 4.6031732e-03 8.0202915e-03 1.2118579e-02
-2.3243243e+01 4.9310430e-03 8.5706141e-03 1.2928344e-02
-2.3228228e+01 5.2792894e-03 9.1470837e-03 1.3775736e-02
-2.3213213e+01 5.6455323e-03 9.7619974e-03 1.4667035e-02
-2.3198198e+01 6.0359023e-03 1.0411146e-02 1.5613452e-02
-2.3183183e+01 6.4506036e-03 1.1096857e-02 1.6610758e-02
-2.3168168e+01 6.8905846e-03 1.1822702e-02 1.7660071e-02
-2.3153153e+01 7.3547533e-03 1.2588434e-02 1.8770671e-02
-2.3138138e+01 7.8450769e-03 1.3399900e-02 1.9937722e-02
-2.3123123e+01 8.3623653e-03 1.4255020e-02 2.1164931e-02
-2.3108108e+01 8.9123310e-03 1.5158224e-02 2.2469905e-02
-2.3093093e+01 9.5028890e-03 1.6101294e-02 2.3824416e-02
-2.3078078e+01 1.0115644e-02 1.7101313e-02 2.5258675e-02
-2.3063063e+01 1.0774818e-02 1.8150026e-02 2.6750166e-02
-2.3048048e+01 1.1463689e-02 1.9253121e-02 2.8323550e-02
-2.3033033e+01 1.2189068e-02 2.0407754e-02 2.9976665e-02
-2.3018018e+01 1.2949460e-02 2.1622505e-02 3.1697849e-02
-2.3003003e+01 1.3754836e-02 2.2900623e-02 3.3511704e-02
-2.2987988e+01 1.4600388e-02 2.4236368e-02 3.5385099e-02
-2.2972973e+01 1.5495237e-02 2.5633204e-02 3.7362982e-02
-2.2957958e+01 1.6436256e-02 2.7104151e-02 3.9454339e-02
-2.2942943e+01 1.7421165e-02 2.8641252e-02 4.1611620e-02
-2.2927928e+01 1.8451892e-02 3.0252067e-02 4.3892554e-02
-2.2912913e+01 1.9535006e-02 3.1932485e-02 4.6259575e-02
-2.2897898e+01 2.0669408e-02 3.3686897e-02 4.8735880e-02
-2.2882883e+01 2.1862438e-02 3.5515329e-02 5.1325456e-02
-2.2867868e+01 2.3085597e-02 3.7432003e-02 5.3991122e-02
-2.2852853e+01 2.4382627e-02 3.9426416e-02 5.6783429e-02
-2.2837838e+01 2.5739426e-02 4.1499905e-02 5.9684415e-02
-2.2822823e+01 2.7154792e-02 4.3680379e-02 6.2713167e-02
-2.2807808e+01 2.8626495e-02 4.5951471e-02 6.5845825e-02
-2.2792793e+01 3.0175193e-02 4.8322890e-02 6.9119858e-02
-2.2777778e+01 3.1798546e-02 5.0781424e-02 7.2513776e-02
-2.2762763e+01 3.3483934e-02 5.3327625e-02 7.6012944e-02
-2.2747748e+01 3.5253671e-02 5.5983706e-02 7.9642687e-02
-2.2732733e+01 3.7048849e-02 5.8751084e-02 8.3393403e-02
-2.2717718e+01 3.8947999e-02 6.1618645e-02 8.7286000e-02
-2.2702703e+01 4.0955129e-02 6.4543335e-02 9.1325444e-02
-2.2687688e+01 4.3009444e-02 6.7609809e-02 9.5455148e-02
-2.2672673e+01 4.5126684e-02 7.0769433e-02 9.9706882e-02
-2.2657658e+01 4.7350935e-02 7.4059128e-02 1.0416331e-01
-2.2642643e+01 4.9674329e-02 7.7482295e-02 1.0882674e-01
-2.2627628e+01 5.2069103e-02 8.1032074e-02 1.1356491e-01
-2.2612613e+01 5.4545800e-02 8.4692975e-02 1.1848103e-01
-2.2597598e+01 5.7144024e-02 8.8448926e-02 1.2350942e-01
-2.2582583e+01 5.9816756e-02 9.2347328e-02 1.2871033e-01
-2.2567568e+01 6.2569759e-02 9.6373459e-02 1.3409143e-01
-2.2552553e+01 6.5420210e-02 1.0047749e-01 1.3956162e-01
-2.2537538e+01 6.8340443e-02 1.0473084e-01 1.4519800e-01
-2.2522523e+01 7.1376718e-02 1.0913312e-01 1.5099812e-01
-2.2507508e+01 7.4445142e-02 1.1368059e-01 1.5692259e-01
-2.2492492e+01 7.7621758e-02 1.1830822e-01 1.6308178e-01
-2.2477477e+01 8.0927694e-02 1.2307004e-01 1.6934686e-01
-2.2462462e+01 8.4363730e-02 1.2790739e-01 1.7578226e-01
-2.2447447e+01 8.7889955e-02 1.3296452e-01 1.8240505e-01
-2.2432432e+01 9.1501779e-02 1.3810827e-01 1.8911796e-01
-2.2417417e+01 9.5236031e-02 1.4335555e-01 1.9604953e-01
-2.2402402e+01 9.9127681e-02 1.4880715e-01 2.0311514e-01
-2.2387387e+01 1.0304695e-01 1.5435748e-01 2.1036364e-01
-2.2372372e+01 1.0714261e-01 1.5991137e-01 2.1769861e-01
-2.2357357e+01 1.1126773e-01 1.6569058e-01 2.2516116e-01
-2.2342342e+01 1.1558332e-01 1.7167079e-01 2.3278648e-01
-2.2327327e+01 1.1995069e-01 1.7766357e-01 2.4070257e-01
-2.2312312e+01 1.2443686e-01 1.8387803e-01 2.4871777e-01
-2.2297297e+01 1.2897218e-01 1.9014879e-01 2.5683742e-01
-2.2282282e+01 1.3359618e-01 1.9657123e-01 2.6490651e-01
-2.2267267e+01 1.3836114e-01 2.0309165e-01 2.7322899e-01
-2.2252252e+01 1.4328093e-01 2.0964117e-01 2.8177115e-01
-2.2237237e+01 1.4829653e-01 2.1655099e-01 2.9041547e-01
-2.2222222e+01 1.5332286e-01 2.2347265e-01 2.9912195e-01
-2.2207207e+01 1.5850925e-01 2.3044167e-01 3.0809527e-01
-2.2192192e+01 1.6380639e-01 2.3754628e-01 3.1717435e-01
-2.2177177e+01 1.6914796e-01 2.4470034e-01 3.2624293e-01
-2.2162162e+01 1.7465197e-01 2.5199768e-01 3.3555779e-01
-2.2147147e+01 1.8013271e-01 2.5940724e-01 3.4488157e-01
-2.2132132e+01 1.8590504e-01 2.6691766e-01 3.5427145e-01
-2.2117117e+01 1.9157527e-01 2.7463372e-01 3.6390245e-01
-2.2102102e+01 1.9731649e-01 2.8232150e-01 3.7358828e-01
-2.2087087e+01 2.0326071e-01 2.9015143e-01 3.8301745e-01
-2.2072072e+01 2.0931158e-01 2.9796892e-01 3.9299689e-01
-2.2057057e+01 2.1543679e-01 3.0591601e-01 4.0259383e-01
-2.2042042e+01 2.2176307e-01 3.1390564e-01 4.1253590e-01
-2.2027027e+01 2.2804912e-01 3.2207068e-01 4.2243359e-01
-2.2012012e+01 2.3434152e-01 3.3025030e-01 4.3230669e-01
-2.1996997e+01 2.4081020e-01 3.3857210e-01 4.4234758e-01
-2.1981982e+01 2.4736763e-01 3.4685052e-01 4.5261043e-01
-2.1966967e+01 2.5394938e-01 3.5529950e-01 4.6271629e-01
-2.1951952e+01 2.6056823e-01 3.6374008e-01 4.7280451e-01
-2.1936937e+01 2.6714896e-01 3.7214117e-01 4.8300028e-01
-2.1921922e+01 2.7373343e-01 3.8049427e-01 4.9304789e-01
-2.1906907e+01 2.8071054e-01 3.8885921e-01 5.0332805e-01
-2.1891892e+01 2.8764738e-01 3.9726386e-01 5.1345981e-01
-2.1876877e+01 2.9447845e-01 4.0578997e-01 5.2376100e-01
-2.1861862e+01 3.0115987e-01 4.1436561e-01 5.3403667e-01
-2.1846847e+01 3.0821116e-01 4.2279257e-01 5.4423389e-01
-2.1831832e+01 3.1544534e-01 4.3135944e-01 5.5431439e-01
-2.1816817e+01 3.2239351e-01 4.3987773e-01 5.6442575e-01
-2.1801802e+01 3.2952137e-01 4.4844479e-01 5.7458278e-01
-2.1786787e+01 3.3659714e-01 4.5694576e-01 5.8464610e-01
-2.1771772e+01 3.4369508e-01 4.6550711e-01 5.9459715e-01
-2.1756757e+01 3.5076557e-01 4.7387854e-01 6.0455151e-01
-2.1741742e+01 3.5792828e-01 4.8236623e-01 6.1432882e-01
-2.1726727e+01 3.6526545e-01 4.9097185e-01 6.2397451e-01
-2.1711712e+01 3.7252915e-01 4.9957774e-01 6.3367843e-01
-2.1696697e+01 3.7972214e-01 5.0800415e-01 6.4310147e-01
-2.1681682e+01 3.8689925e-01 5.1627387e-01 6.5264591e-01
-2.1666667e+01 3.9407641e-01 5.2448745e-01 6.6207929e-01
-2.1651652e+01 4.0137925e-01 5.3264703e-01 6.7143642e-01
-2.1636637e+01 4.0845270e-01 5.4082265e-01 6.8051341e-01
-2.1621622e+01 4.1588450e-01 5.4889253e-01 6.8947897e-01
-2.1606607e+01 4.2289594e-01 5.5699769e-01 6.9853841e-01
-2.1591592e+01 4.3004147e-01 5.6501442e-01 7.0741758e-01
-2.1576577e+01 4.3710126e-01 5.7290852e-01 7.1618266e-01
-2.1561562e+01 4.4427338e-01 5.8061149e-01 7.2503418e-01
-2.1546547e+01 4.5159567e-01 5.8825128e-01 7.3327702e-01
-2.1531532e+01 4.5862332e-01 5.9592396e-01 7.4189036e-01
-2.1516517e+01 4.6534770e-01 6.0352316e-01 7.5001281e-01
-2.1501502e+01 4.7190603e-01 6.1118836e-01 7.5794565e-01
-2.1486486e+01 4.7867847e-01 6.1866613e-01 7.6588617e-01
-2.1471471e+01 4.8532489e-01 6.2599385e-01 7.7386752e-01
-2.1456456e+01 4.9187807e-01 6.3335765e-01 7.8169673e-01
-2.1441441e+01 4.9853412e-01 6.4043705e-01 7.8919449e-01
-2.1426426e+01 5.0496030e-01 6.4756028e-01 7.9683399e-01
-2.1411411e+01 5.1139893e-01 6.5467433e-01 8.0406779e-01
-2.1396396e+01 5.1791530e-01 6.6129222e-01 8.1134579e-01
-2.1381381e+01 5.2435119e-01 6.6846383e-01 8.1836343e-01
-2.1366366e+01 5.3104553e-01 6.7462237e-01 8.2519818e-01
-2.1351351e+01 5.3729946e-01 6.8108867e-01 8.3202495e-01
-2.1336336e+01 5.4373270e-01 6.8754587e-01 8.3841588e-01
-2.1321321e+01 5.4970600e-01 6.9378505e-01 8.4486416e-01
-2.1306306e+01 5.5583591e-01 7.0000802e-01 8.5080086e-01
-2.1291291e+01 5.6171694e-01 7.0620842e-01 8.5716804e-01
-2.1276276e+01 5.6724573e-01 7.1214219e-01 8.6327964e-01
-2.1261261e+01 5.7309600e-01 7.1790460e-01 8.6915901e-01
-2.1246246e+01 5.7908021e-01 7.2357652e-01 8.7465765e-01
-2.1231231e+01 5.8454602e-01 7.2935752e-01 8.7996778e-01
-2.1216216e+01 5.9001229e-01 7.3477379e-01 8.8501674e-01
-2.1201201e+01 5.9512547e-01 7.4021463e-01 8.9045951e-01
-2.1186186e+01 6.0069485e-01 7.4562111e-01 8.9553794e-01
-2.1171171e+01 6.0609165e-01 7.5072391e-01 9.0057222e-01
-2.1156156e+01 6.1089059e-01 7.5578863e-01 9.0580027e-01
-2.1141141e+01 6.1558211e-01 7.6050987e-01 9.1060585e-01
-2.1126126e+01 6.2033185e-01 7.6538575e-01 9.1476524e-01
-2.1111111e+01 6.2557281e-01 7.6998586e-01 9.1901692e-01
-2.1096096e+01 6.3083268e-01 7.7478554e-01 9.2316947e-01
-2.1081081e+01 6.3549368e-01 7.7941764e-01 9.2784327e-01
-2.1066066e+01 6.4033959e-01 7.8379304e-01 9.3217731e-01
-2.1051051e+01 6.4503998e-01 7.8821053e-01 9.3604388e-01
-2.1036036e+01 6.4917083e-01 7.9233970e-01 9.3970637e-01
-2.1021021e+01 6.5342731e-01 7.9650689e-01 9.4324953e-01
-2.1006006e+01 6.5774744e-01 8.0089235e-01 9.4733899e-01
-2.0990991e+01 6.6148382e-01 8.0488843e-01 9.5134233e-01
-2.0975976e+01 6.6559406e-01 8.0858040e-01 9.5497075e-01
-2.0960961e+01 6.6929497e-01 8.1222932e-01 9.5898906e-01
-2.0945946e+01 6.7312578e-01 8.1591435e-01 9.6219941e-01
-2.0930931e+01 6.7703826e-01 8.1968660e-01 9.6577994e-01
-2.0915916e+01 6.8082352e-01 8.2329984e-01 9.6883603e-01
-2.0900901e+01 6.8393180e-01 8.2678708e-01 9.7206931e-01
-2.0885886e+01 6.8725195e-01 8.3023533e-01 9.7562347e-01
-2.0870871e+01 6.9054212e-01 8.3322546e-01 9.7912420e-01
-2.0855856e+01 6.9410405e-01 8.3648260e-01 9.8219060e-01
-2.0840841e+01 6.9745019e-01 8.3974406e-01 9.8548018e-01
-2.0825826e+01 7.0086014e-01 8.4283997e-01 9.8862956e-01
-2.0810811e+01 7.0397161e-01 8.4594641e-01 9.9200421e-01
-2.0795796e+01 7.0702254e-01 8.4883682e-01 9.9465588e-01
-2.0780781e+01 7.1007086e-01 8.5186332e-01 9.9710453e-01
-2.0765766e+01 7.1329072e-01 8.5479581e-01 1.0001592e+00
-2.0750751e+01 7.1582379e-01 8.5768181e-01 1.0029244e+00
-2.0735736e+01 7.1822181e-01 8.6035345e-01 1.0054209e+00
-2.0720721e+01 7.2092612e-01 8.6297103e-01 1.0084165e+00
-2.0705706e+01 7.2345721e-01 8.6573296e-01 1.0112589e+00
-2.0690691e+01 7.2596726e-01 8.6828968e-01 1.0140532e+00
-2.0675676e+01 7.2860647e-01 8.7076499e-01 1.0164620e+00
-2.0660661e+01 7.3141141e-01 8.7352957e-01 1.0190520e+00
-2.0645646e+01 7.3369152e-01 8.7601209e-01 1.0215910e+00
-2.0630631e+01 7.3593372e-01 8.7823714e-01 1.0242093e+00
-2.0615616e+01 7.3833184e-01 8.8073418e-01 1.0267043e+00
-2.0600601e+01 7.4086143e-01 8.8317105e-01 1.0290386e+00
-2.0585586e+01 7.4333229e-01 8.8593316e-01 1.0314317e+00
-2.0570571e+01 7.4606801e-01 8.8829058e-01 1.0338911e+00
-2.0555556e+01 7.4873447e-01 8.9051769e-01 1.0360950e+00
-2.0540541e+01 7.5090703e-01 8.9281855e-01 1.0384533e+00
-2.0525526e+01 7.5326576e-01 8.9486908e-01 1.0403502e+00
-2.0510511e+01 7.5592655e-01 8.9717992e-01 1.0425598e+00
-2.0495495e+01 7.5830194e-01 8.9907654e-01 1.0445779e+00
-2.0480480e+01 7.6061464e-01 9.0116826e-01 1.0469469e+00
-2.0465465e+01 7.6277379e-01 9.0349594e-01 1.0493521e+00
-2.0450450e+01 7.6529921e-01 9.0544318e-01 1.0514947e+00
-2.0435435e+01 7.6744632e-01 9.0751804e-01 1.0537124e+00
-2.0420420e+01 7.6968602e-01 9.0988601e-01 1.0560070e+00
-2.0405405e+01 7.7207242e-01 9.1206199e-01 1.0580316e+00
-2.0390390e+01 7.7441289e-01 9.1416716e-01 1.0597932e+00
-2.0375375e+01 7.7656166e-01 9.1592943e-01 1.0614844e+00
-2.0360360e+01 7.7869892e-01 9.1825912e-01 1.0632604e+00
-2.0345345e+01 7.8088845e-01 9.2022424e-01 1.0652503e+00
-2.0330330e+01 7.8279084e-01 9.2276705e-01 1.0671423e+00
-2.0315315e+01 7.8499827e-01 9.2483173e-01 1.0692263e+00
-2.0300300e+01 7.8750235e-01 9.2713529e-01 1.0714749e+00
-2.0285285e+01 7.8958783e-01 9.2907971e-01 1.0733971e+00
-2.0270270e+01 7.9158854e-01 9.3093193e-01 1.0751667e+00
-2.0255255e+01 7.9374074e-01 9.3283573e-01 1.0767240e+00
-2.0240240e+01 7.9574945e-01 9.3505851e-01 1.0786208e+00
-2.0225225e+01 7.9785824e-01 9.3726944e-01 1.0803584e+00
-2.0210210e+01 7.9996705e-01 9.3927509e-01 1.0824377e+00
-2.0195195e+01 8.0244261e-01 9.4129563e-01 1.0842478e+00
-2.0180180e+01 8.0464287e-01 9.4350292e-01 1.0861126e+00
-2.0165165e+01 8.0669492e-01 9.4533612e-01 1.0877475e+00
-2.0150150e+01 8.0863806e-01 9.4740408e-01 1.0892649e+00
-2.0135135e+01 8.1064681e-01 9.4934053e-01 1.0915099e+00
-2.0120120e+01 8.1265338e-01 9.5142920e-01 1.0934041e+00
-2.0105105e+01 8.1456994e-01 9.5352588e-01 1.0949686e+00
-2.0090090e+01 8.1593583e-01 9.5548885e-01 1.0973181e+00
-2.0075075e+01 8.1810855e-01 9.5750912e-01 1.0990826e+00
-2.0060060e+01 8.2016874e-01 9.5969228e-01 1.1012413e+00
-2.0045045e+01 8.2162994e-01 9.6129354e-01 1.1029480e+00
-2.0030030e+01 8.2360393e-01 9.6300803e-01 1.1046401e+00
-2.0015015e+01 8.2538135e-01 9.6476293e-01 1.1065055e+00
-2.0000000e+01 8.2711239e-01 9.6669362e-01 1.1085179e+00
-1.9984985e+01 8.2887682e-01 9.6801180e-01 1.1100101e+00
-1.9969970e+01 8.3042343e-01 9.6977259e-01 1.1118829e+00
-1.9954955e+01 8.3190703e-01 9.7140434e-01 1.1142335e+00
-1.9939940e+01 8.3320994e-01 9.7360895e-01 1.1161304e+00
-1.9924925e+01 8.3476478e-01 9.7539204e-01 1.1178339e+00
-1.9909910e+01 8.3666115e-01 9.7727302e-01 1.1191750e+00
-1.9894895e+01 8.3803317e-01 9.7898663e-01 1.1209148e+00
-1.9879880e+01 8.3925044e-01 9.8027082e-01 1.1225212e+00
-1.9864865e+01 8.4044123e-01 9.8172232e-01 1.1240262e+00
-1.9849850e+01 8.4136344e-01 9.8308686e-01 1.1257593e+00
-1.9834835e+01 8.4250750e-01 9.8481384e-01 1.1276982e+00
-1.9819820e+01 8.4364018e-01 9.8668898e-01 1.1295687e+00
-1.9804805e+01 8.4442659e-01 9.8815523e-01 1.1314074e+00
-1.9789790e+01 8.4514686e-01 9.8944847e-01 1.1332049e+00
-1.9774775e+01 8.4585131e-01 9.9044112e-01 1.1344628e+00
-1.9759760e+01 8.4632412e-01 9.9166388e-01 1.1362909e+00
-1.9744745e+01 8.4731674e-01 9.9270719e-01 1.1382018e+00
-1.9729730e+01 8.4848378e-01 9.9369054e-01 1.1398735e+00
-1.9714715e+01 8.4884152e-01 9.9459392e-01 1.1413501e+00
-1.9699700e+01 8.4910555e-01 9.9565936e-01 1.1431985e+00
-1.9684685e+01 8.4993360e-01 9.9654752e-01 1.1444895e+00
-1.9669670e+01 8.5023724e-01 9.9720943e-01 1.1458371e+00
-1.9654655e+01 8.5028485e-01 9.9767096e-01 1.1469212e+00
-1.9639640e+01 8.5016200e-01 9.9876722e-01 1.1481790e+00
-1.9624625e+01 8.5035107e-01 9.9932939e-01 1.1491140e+00
-1.9609610e+01 8.5041783e-01 9.9942515e-01 1.1502539e+00
-1.9594595e+01 8.5028166e-01 9.9956309e-01 1.1510625e+00
-1.9579580e+01 8.4968778e-01 1.0000000e+00 1.1520240e+00
-1.9564565e+01 8.4970529e-01 9.9986040e-01 1.1525445e+00
-1.9549550e+01 8.4979098e-01 9.9956171e-01 1.1528251e+00
-1.9534535e+01 8.4893973e-01 9.9983134e-01 1.1534981e+00
-1.9519520e+01 8.4853132e-01 9.9992225e-01 1.1540454e+00
-1.9504505e+01 8.4779334e-01 9.9970475e-01 1.1542190e+00
-1.9489489e+01 8.4692400e-01 9.9931231e-01 1.1539887e+00
-1.9474474e+01 8.4603255e-01 9.9880835e-01 1.1539214e+00
-1.9459459e+01 8.4527252e-01 9.9788145e-01 1.1535858e+00
-1.9444444e+01 8.4451108e-01 9.9685933e-01 1.1535628e+00
-1.9429429e+01 8.4380315e-01 9.9604612e-01 1.1532282e+00
-1.9414414e+01 8.4266943e-01 9.9486827e-01 1.1524499e+00
-1.9399399e+01 8.4181906e-01 9.9368559e-01 1.1517940e+00
-1.9384384e+01 8.4067776e-01 9.9243428e-01 1.1507736e+00
-1.9369369e+01 8.3919825e-01 9.9074344e-01 1.1496906e+00
-1.9354354e+01 8.3784305e-01 9.8933385e-01 1.1486966e+00
-1.9339339e+01 8.3623039e-01 9.8763241e-01 1.1470846e+00
-1.9324324e+01 8.3421661e-01 9.8607321e-01 1.1456875e+00
-1.9309309e+01 8.3248766e-01 9.8406242e-01 1.1439804e+00
-1.9294294e+01 8.3065966e-01 9.8231308e-01 1.1417867e+00
-1.9279279e+01 8.2851533e-01 9.8034725e-01 1.1398652e+00
-1.9264264e+01 8.2602138e-01 9.7804427e-01 1.1379462e+00
-1.9249249e+01 8.2354475e-01 9.7564181e-01 1.1355254e+00
-1.9234234e+01 8.2088746e-01 9.7337050e-01 1.1327016e+00
-1.9219219e+01 8.1798196e-01 9.7077504e-01 1.1300984e+00
-1.9204204e+01 8.1521480e-01 9.6814239e-01 1.1273869e+00
-1.9189189e+01 8.1266423e-01 9.6534361e-01 1.1242391e+00
-1.9174174e+01 8.0990016e-01 9.6205974e-01 1.1208513e+00
-1.9159159e+01 8.0694989e-01 9.5902418e-01 1.1175177e+00
-1.9144144e+01 8.0368741e-01 9.5592508e-01 1.1139408e+00
-1.9129129e+01 8.0059629e-01 9.5282001e-01 1.1105203e+00
-1.9114114e+01 7.9739808e-01 9.4947106e-01 1.1069526e+00
-1.9099099e+01 7.9384468e-01 9.4595038e-01 1.1031676e+00
-1.9084084e+01 7.9024837e-01 9.4226527e-01 1.0988230e+00
-1.9069069e+01 7.8688684e-01 9.3863520e-01 1.0949382e+00
-1.9054054e+01 7.8315262e-01 9.3455337e-01 1.0906636e+00
-1.9039039e+01 7.7943445e-01 9.3050055e-01 1.0858741e+00
-1.9024024e+01 7.7540625e-01 9.2621813e-01 1.0815578e+00
-1.9009009e+01 7.7170688e-01 9.2198143e-01 1.0768675e+00
-1.8993994e+01 7.6795161e-01 9.1772774e-01 1.0721874e+00
-1.8978979e+01 7.6378494e-01 9.1330820e-01 1.0669611e+00
-1.8963964e+01 7.5934835e-01 9.0863997e-01 1.0618327e+00
-1.8948949e+01 7.5502340e-01 9.0412588e-01 1.0568264e+00
-1.8933934e+01 7.5059178e-01 8.9939161e-01 1.0514221e+00
-1.8918919e+01 7.4628525e-01 8.9427798e-01 1.0462818e+00
-1.8903904e+01 7.4200147e-01 8.8932396e-01 1.0407216e+00
-1.8888889e+01 7.3755136e-01 8.8455732e-01 1.0354935e+00
-1.8873874e+01 7.3322894e-01 8.7936884e-01 1.0295330e+00
-1.8858859e+01 7.2861285e-01 8.7405350e-01 1.0241734e+00
-1.8843844e+01 7.2358304e-01 8.6882338e-01 1.0184407e+00
-1.8828829e+01 7.1891099e-01 8.6336205e-01 1.0123817e+00
-1.8813814e+01 7.1437977e-01 8.5807196e-01 1.0067669e+00
-1.8798799e+01 7.0954965e-01 8.5278424e-01 1.0009184e+00
-1.8783784e+01 7.0485462e-01 8.4704046e-01 9.9472459e-01
-1.8768769e+01 6.9973948e-01 8.4157579e-01 9.8867400e-01
-1.8753754e+01 6.9491318e-01 8.3610047e-01 9.8277122e-01
-1.8738739e+01 6.9000197e-01 8.3044523e-01 9.7679264e-01
-1.8723724e+01 6.8490700e-01 8.2481374e-01 9.7070491e-01
-1.8708709e+01 6.8006481e-01 8.1922658e-01 9.6448625e-01
-1.8693694e+01 6.7473224e-01 8.1339839e-01 9.5808198e-01
-1.8678679e+01 6.6950009e-01 8.0751427e-01 9.5174877e-01
-1.8663664e+01 6.6426795e-01 8.0203054e-01 9.4551568e-01
-1.8648649e+01 6.5922873e-01 7.9625552e-01 9.3900518e-01
-1.8633634e+01 6.5428568e-01 7.9045883e-01 9.3278122e-01
-1.8618619e+01 6.4879498e-01 7.8461620e-01 9.2640174e-01
-1.8603604e+01 6.4368553e-01 7.7892749e-01 9.1992873e-01
-1.8588589e+01 6.3788326e-01 7.7322175e-01 9.1385495e-01
-1.8573574e+01 6.3281269e-01 7.6739792e-01 9.0753422e-01
-1.8558559e+01 6.2764524e-01 7.6130666e-01 9.0140804e-01
-1.8543544e+01 6.2233877e-01 7.5551344e-01 8.9506012e-01
-1.8528529e+01 6.1671112e-01 7.4973739e-01 8.8888896e-01
-1.8513514e+01 6.1178953e-01 7.4392035e-01 8.8255755e-01
-1.8498498e+01 6.0651334e-01 7.3800759e-01 8.7679228e-01
-1.8483483e+01 6.0166553e-01 7.3227004e-01 8.7061645e-01
-1.8468468e+01 5.9640077e-01 7.2637215e-01 8.6510423e-01
-1.8453453e+01 5.9110771e-01 7.2066267e-01 8.5906398e-01
-1.8438438e+01 5.8604251e-01 7.1505527e-01 8.5301016e-01
-1.8423423e+01 5.8062882e-01 7.0928031e-01 8.4669766e-01
-1.8408408e+01 5.7566386e-01 7.0384776e-01 8.4092391e-01
-1.8393393e+01 5.7068786e-01 6.9799723e-01 8.3494198e-01
-1.8378378e+01 5.6565699e-01 6.9270101e-01 8.2880469e-01
-1.8363363e+01 5.6062043e-01 6.8723756e-01 8.2281674e-01
-1.8348348e+01 5.5569789e-01 6.8174774e-01 8.1706362e-01
-1.8333333e+01 5.5046964e-01 6.7661192e-01 8.1120020e-01
-1.8318318e+01 5.4568905e-01 6.7097617e-01 8.0532034e-01
-1.8303303e+01 5.4040745e-01 6.6549598e-01 7.9964761e-01
-1.8288288e+01 5.3563067e-01 6.6013801e-01 7.9410472e-01
-1.8273273e+01 5.3067677e-01 6.5493813e-01 7.8840922e-01
-1.8258258e+01 5.2621462e-01 6.4990249e-01 7.8332460e-01
-1.8243243e+01 5.2181425e-01 6.4497596e-01 7.7787113e-01
-1.8228228e+01 5.1726218e-01 6.3992448e-01 7.7274659e-01
-1.8213213e+01 5.1243087e-01 6.3512979e-01 7.6728848e-01
-1.8198198e+01 5.0802035e-01 6.3031078e-01 7.6200896e-01
-1.8183183e+01 5.0342373e-01 6.2531679e-01 7.5681041e-01
-1.8168168e+01 4.9875963e-01 6.2053571e-01 7.5169360e-01
-1.8153153e+01 4.9459578e-01 6.1579536e-01 7.4671004e-01
-1.8138138e+01 4.8997441e-01 6.1121324e-01 7.4205292e-01
-1.8123123e+01 4.8556318e-01 6.0691135e-01 7.3753920e-01
-1.8108108e+01 4.8130436e-01 6.0234487e-01 7.3253569e-01
-1.8093093e+01 4.7721538e-01 5.9790921e-01 7.2801678e-01
-1.8078078e+01 4.7306757e-01 5.9333372e-01 7.2325498e-01
-1.8063063e+01 4.6879254e-01 5.8896752e-01 7.1861845e-01
-1.8048048e+01 4.6431928e-01 5.8461350e-01 7.1409267e-01
-1.8033033e+01 4.6004196e-01 5.8002568e-01 7.0975349e-01
-1.8018018e+01 4.5568934e-01 5.7583823e-01 7.0563235e-01
-1.8003003e+01 4.5150559e-01 5.7167785e-01 7.0130903e-01
-1.7987988e+01 4.4715760e-01 5.6772603e-01 6.9702118e-01
-1.7972973e+01 4.4282411e-01 5.6366694e-01 6.9284466e-01
-1.7957958e+01 4.3883864e-01 5.5955048e-01 6.8870983e-01
-1.7942943e+01 4.3493761e-01 5.5587095e-01 6.8459877e-01
-1.7927928e+01 4.3135849e-01 5.5181816e-01 6.8068471e-01
-1.7912913e+01 4.2725223e-01 5.4797071e-01 6.7651345e-01
-1.7897898e+01 4.2333542e-01 5.4416234e-01 6.7279923e-01
-1.7882883e+01 4.1924704e-01 5.4054469e-01 6.6892357e-01
-1.7867868e+01 4.1559488e-01 5.3669026e-01 6.6486352e-01
-1.7852853e+01 4.1184771e-01 5.3288200e-01 6.6134403e-01
-1.7837838e+01 4.0807987e-01 5.2919226e-01 6.5809079e-01
-1.7822823e+01 4.0428505e-01 5.2558459e-01 6.5433141e-01
-1.7807808e+01 4.0069125e-01 5.2191785e-01 6.5043534e-01
-1.7792793e+01 3.9698829e-01 5.1843968e-01 6.4702231e-01
-1.7777778e+01 3.9310777e-01 5.1468299e-01 6.4330208e-01
-1.7762763e+01 3.8947262e-01 5.1107629e-01 6.3939085e-01
-1.7747748e+01 3.8582626e-01 5.0767376e-01 6.3563643e-01
-1.7732733e+01 3.8208726e-01 5.0397899e-01 6.3198435e-01
-1.7717718e+01 3.7859767e-01 5.0033719e-01 6.2868746e-01
-1.7702703e+01 3.7486695e-01 4.9665790e-01 6.2473432e-01
-1.7687688e+01 3.7131663e-01 4.9297700e-01 6.2133314e-01
-1.7672673e+01 3.6755845e-01 4.8918116e-01 6.1767515e-01
-1.7657658e+01 3.6419613e-01 4.8541283e-01 6.1444372e-01
-1.7642643e+01 3.6057041e-01 4.8174807e-01 6.1108785e-01
-1.7627628e+01 3.5712729e-01 4.7805381e-01 6.0763754e-01
-1.7612613e+01 3.5354454e-01 4.7440907e-01 6.0376284e-01
-1.7597598e+01 3.5020811e-01 4.7066447e-01 5.9973596e-01
-1.7582583e+01 3.4652562e-01 4.6695515e-01 5.9613709e-01
-1.7567568e+01 3.4336320e-01 4.6343498e-01 5.9271668e-01
-1.7552553e+01 3.3964101e-01 4.6007451e-01 5.8914981e-01
-1.7537538e+01 3.3619632e-01 4.5635115e-01 5.8527420e-01
-1.7522523e+01 3.3264962e-01 4.5266053e-01 5.8184857e-01
-1.7507508e+01 3.2930423e-01 4.4878304e-01 5.7818869e-01
-1.7492492e+01 3.2578027e-01 4.4519916e-01 5.7439383e-01
-1.7477477e+01 3.2233805e-01 4.4114185e-01 5.7055638e-01
-1.7462462e+01 3.1891571e-01 4.3744208e-01 5.6662977e-01
-1.7447447e+01 3.1544974e-01 4.3362212e-01 5.6306578e-01
-1.7432432e+01 3.1198234e-01 4.2988827e-01 5.5941590e-01
-1.7417417e+01 3.0845722e-01 4.2615604e-01 5.5545045e-01
-1.7402402e+01 3.0509596e-01 4.2212449e-01 5.5149297e-01
-1.7387387e+01 3.0150687e-01 4.1850358e-01 5.4746326e-01
-1.7372372e+01 2.9823776e-01 4.1470644e-01 5.4350180e-01
-1.7357357e+01 2.9473798e-01 4.1090534e-01 5.3950216e-01
-1.7342342e+01 2.9125620e-01 4.0710774e-01 5.3520410e-01
-1.7327327e+01 2.8760145e-01 4.0318460e-01 5.3094558e-01
-1.7312312e+01 2.8425043e-01 3.9922808e-01 5.2645114e-01
-1.7297297e+01 2.8081915e-01 3.9525414e-01 5.2219560e-01
-1.7282282e+01 2.7748210e-01 3.9151682e-01 5.1813571e-01
-1.7267267e+01 2.7408132e-01 3.8735882e-01 5.1350129e-01
-1.7252252e+01 2.7068225e-01 3.8338233e-01 5.0892924e-01
-1.7237237e+01 2.6716298e-01 3.7963311e-01 5.0460920e-01
-1.7222222e+01 2.6391603e-01 3.7571162e-01 5.0016519e-01
-1.7207207e+01 2.6057616e-01 3.7173147e-01 4.9554829e-01
-1.7192192e+01 2.5738848e-01 3.6778097e-01 4.9098226e-01
-1.7177177e+01 2.5411719e-01 3.6375151e-01 4.8653313e-01
-1.7162162e+01 2.5079637e-01 3.5971146e-01 4.8201408e-01
-1.7147147e+01 2.4759480e-01 3.5575770e-01 4.7725106e-01
-1.7132132e+01 2.4428412e-01 3.5176399e-01 4.7269248e-01
-1.7117117e+01 2.4117058e-01 3.4786884e-01 4.6796071e-01
-1.7102102e+01 2.3779150e-01 3.4382129e-01 4.6305967e-01
-1.7087087e+01 2.3431271e-01 3.3974402e-01 4.5836643e-01
-1.7072072e+01 2.3116603e-01 3.3559509e-01 4.5348626e-01
-1.7057057e+01 2.2793307e-01 3.3156948e-01 4.4858474e-01
-1.7042042e+01 2.2484903e-01 3.2753390e-01 4.4375463e-01
-1.7027027e+01 2.2158129e-01 3.2339197e-01 4.3895424e-01
-1.7012012e+01 2.1839005e-01 3.1930222e-01 4.3407102e-01
-1.6996997e+01 2.1543090e-01 3.1527257e-01 4.2941608e-01
-1.6981982e+01 2.1233953e-01 3.1133126e-01 4.2447995e-01
-1.6966967e+01 2.0969335e-01 3.0744001e-01 4.1920404e-01
-1.6951952e+01 2.0679773e-01 3.0359166e-01 4.1434551e-01
-1.6936937e+01 2.0394313e-01 2.9981551e-01 4.0940357e-01
-1.6921922e+01 2.0108064e-01 2.9591517e-01 4.0454432e-01
-1.6906907e+01 1.9832307e-01 2.9210695e-01 3.9960944e-01
-1.6891892e+01 1.9555157e-01 2.8823707e-01 3.9467572e-01
-1.6876877e+01 1.9248320e-01 2.8438358e-01 3.9019970e-01
-1.6861862e+01 1.8985686e-01 2.8081615e-01 3.8531534e-01
-1.6846847e+01 1.8715314e-01 2.7685275e-01 3.8062602e-01
-1.6831832e+01 1.8447724e-01 2.7326662e-01 3.7573217e-01
-1.6816817e+01 1.8186506e-01 2.6949836e-01 3.7137287e-01
-1.6801802e+01 1.7925667e-01 2.6585783e-01 3.6686196e-01
-1.6786787e+01 1.7692382e-01 2.6239388e-01 3.6248520e-01
-1.6771772e+01 1.7442654e-01 2.5892704e-01 3.5813479e-01
-1.6756757e+01 1.7185899e-01 2.5553213e-01 3.5359736e-01
-1.6741742e+01 1.6944604e-01 2.5214120e-01 3.4922728e-01
-1.6726727e+01 1.6703002e-01 2.4869291e-01 3.4479318e-01
-1.6711712e+01 1.6461233e-01 2.4552849e-01 3.4052093e-01
-1.6696697e+01 1.6222628e-01 2.4241341e-01 3.3622050e-01
-1.6681682e+01 1.6001864e-01 2.3933636e-01 3.3214238e-01
-1.6666667e+01 1.5783389e-01 2.3640494e-01 3.2804436e-01
-1.6651652e+01 1.5596559e-01 2.3336487e-01 3.2396702e-01
-1.6636637e+01 1.5380068e-01 2.3054073e-01 3.1998760e-01
-1.6621622e+01 1.5185062e-01 2.2768266e-01 3.1627484e-01
-1.6606607e+01 1.4998569e-01 2.2495429e-01 3.1261714e-01
-1.6591592e+01 1.4820515e-01 2.2224633e-01 3.0878430e-01
-1.6576577e+01 1.4627467e-01 2.1956495e-01 3.0551067e-01
-1.6561562e+01 1.4451807e-01 2.1724063e-01 3.0223699e-01
-1.6546547e+01 1.4288223e-01 2.1478465e-01 2.9903224e-01
-1.6531532e+01 1.4105151e-01 2.1248812e-01 2.9592243e-01
-1.6516517e+01 1.3930380e-01 2.1022319e-01 2.9297867e-01
-1.6501502e+01 1.3768622e-01 2.0813523e-01 2.9004954e-01
-1.6486486e+01 1.3626196e-01 2.0611869e-01 2.8726581e-01
-1.6471471e+01 1.3469791e-01 2.0403755e-01 2.8470349e-01
-1.6456456e+01 1.3325536e-01 2.0215746e-01 2.8248134e-01
-1.6441441e+01 1.3166395e-01 2.0026540e-01 2.8014347e-01
-1.6426426e+01 1.3017725e-01 1.9834707e-01 2.7788073e-01
-1.6411411e+01 1.2869679e-01 1.9663410e-01 2.7569570e-01
-1.6396396e+01 1.2728972e-01 1.9489266e-01 2.7363068e-01
-1.6381381e+01 1.2573595e-01 1.9324963e-01 2.7155275e-01
-1.6366366e+01 1.2457810e-01 1.9172792e-01 2.6960236e-01
-1.6351351e+01 1.2321011e-01 1.9034888e-01 2.6799276e-01
-1.6336336e+01 1.2199252e-01 1.8902736e-01 2.6650324e-01
-1.6321321e+01 1.2065376e-01 1.8774780e-01 2.6507856e-01
-1.6306306e+01 1.1958402e-01 1.8649139e-01 2.6373189e-01
-1.6291291e+01 1.1843355e-01 1.8526761e-01 2.6255926e-01
-1.6276276e+01 1.1739097e-01 1.8410031e-01 2.6168138e-01
-1.6261261e+01 1.1625696e-01 1.8296634e-01 2.6092453e-01
-1.6246246e+01 1.1514985e-01 1.8201125e-01 2.5988701e-01
-1.6231231e+01 1.1420160e-01 1.8111689e-01 2.5897932e-01
-1.6216216e+01 1.1302143e-01 1.8022644e-01 2.5865660e-01
-1.6201201e+01 1.1204135e-01 1.7942545e-01 2.5826458e-01
-1.6186186e+01 1.1101123e-01 1.7870957e-01 2.5772227e-01
-1.6171171e+01 1.0997699e-01 1.7795759e-01 2.5744095e-01
-1.6156156e+01 1.0906076e-01 1.7731549e-01 2.5713089e-01
-1.6141141e+01 1.0806070e-01 1.7662764e-01 2.5692060e-01
-1.6126126e+01 1.0715512e-01 1.7610155e-01 2.5680619e-01
-1.6111111e+01 1.0643110e-01 1.7562239e-01 2.5681376e-01
-1.6096096e+01 1.0557429e-01 1.7522823e-01 2.5677482e-01
-1.6081081e+01 1.0481629e-01 1.7486254e-01 2.5706763e-01
-1.6066066e+01 1.0414345e-01 1.7455655e-01 2.5741527e-01
-1.6051051e+01 1.0348791e-01 1.7422768e-01 2.5756120e-01
-1.6036036e+01 1.0268624e-01 1.7401607e-01 2.5794504e-01
-1.6021021e+01 1.0193491e-01 1.7369099e-01 2.5819923e-01
-1.6006006e+01 1.0116765e-01 1.7355213e-01 2.5871240e-01
-1.5990991e+01 1.0058050e-01 1.7327257e-01 2.5923538e-01
-1.5975976e+01 9.9862658e-02 1.7315599e-01 2.5997042e-01
-1.5960961e+01 9.9045446e-02 1.7313874e-01 2.6057891e-01
-1.5945946e+01 9.8463914e-02 1.7302245e-01 2.6114651e-01
-1.5930931e+01 9.7880189e-02 1.7287148e-01 2.6157664e-01
-1.5915916e+01 9.7183690e-02 1.7276325e-01 2.6215110e-01
-1.5900901e+01 9.6637784e-02 1.7268101e-01 2.6269995e-01
-1.5885886e+01 9.6077633e-02 1.7261590e-01 2.6335397e-01
-1.5870871e+01 9.5430440e-02 1.7252384e-01 2.6384830e-01
-1.5855856e+01 9.4719680e-02 1.7235814e-01 2.6450347e-01
-1.5840841e+01 9.4086548e-02 1.7231585e-01 2.6499853e-01
-1.5825826e+01 9.3492244e-02 1.7235816e-01 2.6560915e-01
-1.5810811e+01 9.2766902e-02 1.7226679e-01 2.6597695e-01
-1.5795796e+01 9.1941828e-02 1.7235363e-01 2.6640243e-01
-1.5780781e+01 9.1188091e-02 1.7242544e-01 2.6681081e-01
-1.5765766e+01 9.0233790e-02 1.7241046e-01 2.6726388e-01
-1.5750751e+01 8.9338909e-02 1.7258182e-01 2.6773408e-01
-1.5735736e+01 8.8430574e-02 1.7262038e-01 2.6789207e-01
-1.5720721e+01 8.7485675e-02 1.7269359e-01 2.6808001e-01
-1.5705706e+01 8.6358210e-02 1.7277415e-01 2.6853650e-01
-1.5690691e+01 8.5304253e-02 1.7271634e-01 2.6883343e-01
-1.5675676e+01 8.4096163e-02 1.7262499e-01 2.6929079e-01
-1.5660661e+01 8.3065268e-02 1.7254777e-01 2.6985836e-01
-1.5645646e+01 8.1884670e-02 1.7230712e-01 2.7042675e-01
-1.5630631e+01 8.0576267e-02 1.7216049e-01 2.7071770e-01
-1.5615616e+01 7.9319634e-02 1.7188524e-01 2.7090031e-01
-1.5600601e+01 7.7983855e-02 1.7166733e-01 2.7116875e-01
-1.5585586e+01 7.6695149e-02 1.7126276e-01 2.7116002e-01
-1.5570571e+01 7.5432453e-02 1.7095741e-01 2.7094761e-01
-1.5555556e+01 7.4453665e-02 1.7046196e-01 2.7060329e-01
-1.5540541e+01 7.3556514e-02 1.6989299e-01 2.7043119e-01
-1.5525526e+01 7.2655627e-02 1.6937282e-01 2.6992143e-01
-1.5510511e+01 7.1880763e-02 1.6873334e-01 2.6921733e-01
-1.5495495e+01 7.1089572e-02 1.6808735e-01 2.6828505e-01
-1.5480480e+01 7.0321183e-02 1.6734766e-01 2.6703537e-01
-1.5465465e+01 6.9658611e-02 1.6649281e-01 2.6569154e-01
-1.5450450e+01 6.8915522e-02 1.6552471e-01 2.6404725e-01
-1.5435435e+01 6.8384487e-02 1.6454498e-01 2.6228948e-01
-1.5420420e+01 6.7781728e-02 1.6347735e-01 2.6043651e-01
-1.5405405e+01 6.7181852e-02 1.6236768e-01 2.5848100e-01
-1.5390390e+01 6.6616537e-02 1.6111399e-01 2.5629104e-01
-1.5375375e+01 6.6063991e-02 1.5989562e-01 2.5399253e-01
-1.5360360e+01 6.5566915e-02 1.5859809e-01 2.5139994e-01
-1.5345345e+01 6.5088860e-02 1.5732188e-01 2.4892137e-01
-1.5330330e+01 6.4601714e-02 1.5595637e-01 2.4635168e-01
-1.5315315e+01 6.4161106e-02 1.5458256e-01 2.4386130e-01
-1.5300300e+01 6.3813290e-02 1.5302628e-01 2.4169542e-01
-1.5285285e+01 6.3423460e-02 1.5141254e-01 2.3968140e-01
-1.5270270e+01 6.3103164e-02 1.4970569e-01 2.3768758e-01
-1.5255255e+01 6.2820336e-02 1.4781952e-01 2.3611892e-01
-1.5240240e+01 6.2517640e-02 1.4593736e-01 2.3429280e-01
-1.5225225e+01 6.2238179e-02 1.4396145e-01 2.3213240e-01
-1.5210210e+01 6.1962665e-02 1.4191477e-01 2.3025180e-01
-1.5195195e+01 6.1572504e-02 1.3972083e-01 2.2803977e-01
-1.5180180e+01 6.0940529e-02 1.3750421e-01 2.2574198e-01
-1.5165165e+01 6.0380647e-02 1.3518180e-01 2.2334646e-01
-1.5150150e+01 5.9992435e-02 1.3286275e-01 2.2040998e-01
-1.5135135e+01 5.9570389e-02 1.3037667e-01 2.1750180e-01
-1.5120120e+01 5.8884044e-02 1.2790525e-01 2.1467673e-01
-1.5105105e+01 5.8016376e-02 1.2536054e-01 2.1164110e-01
-1.5090090e+01 5.7115916e-02 1.2317013e-01 2.0867244e-01
-1.5075075e+01 5.6113467e-02 1.2126396e-01 2.0607125e-01
-1.5060060e+01 5.4892670e-02 1.1953426e-01 2.0322752e-01
-1.5045045e+01 5.3661342e-02 1.1803512e-01 2.0026116e-01
-1.5030030e+01 5.2193000e-02 1.1639696e-01 1.9716505e-01
-1.5015015e+01 5.0695765e-02 1.1464546e-01 1.9409034e-01
-1.5000000e+01 4.9182062e-02 1.1282990e-01 1.9092134e-01
-1.4984985e+01 4.7761172e-02 1.1083747e-01 1.8758492e-01
-1.4969970e+01 4.6439033e-02 1.0879388e-01 1.8422334e-01
-1.4954955e+01 4.5251478e-02 1.0663398e-01 1.8065048e-01
-1.4939940e+01 4.4044988e-02 1.0443710e-01 1.7740730e-01
-1.4924925e+01 4.2909065e-02 1.0226312e-01 1.7420998e-01
-1.4909910e+01 4.1711983e-02 9.9994352e-02 1.7092066e-01
-1.4894895e+01 4.0525790e-02 9.7741317e-02 1.6754043e-01
-1.4879880e+01 3.9475429e-02 9.5501564e-02 1.6443631e-01
-1.4864865e+01 3.8405838e-02 9.3390732e-02 1.6116096e-01
-1.4849850e+01 3.7405894e-02 9.1160460e-02 1.5799623e-01
-1.4834835e+01 3.6438831e-02 8.9010243e-02 1.5469872e-01
-1.4819820e+01 3.5485507e-02 8.6822818e-02 1.5136982e-01
-1.4804805e+01 3.4547744e-02 8.4642801e-02 1.4803328e-01
-1.4789790e+01 3.3632351e-02 8.2510564e-02 1.4476256e-01
-1.4774775e+01 3.2696034e-02 8.0357510e-02 1.4154283e-01
-1.4759760e+01 3.1723626e-02 7.8257430e-02 1.3818140e-01
-1.4744745e+01 3.0727000e-02 7.6229833e-02 1.3477040e-01
-1.4729730e+01 2.9685987e-02 7.4217310e-02 1.3141077e-01
-1.4714715e+01 2.8761262e-02 7.2197564e-02 1.2803583e-01
-1.4699700e+01 2.7826274e-02 7.0213518e-02 1.2490313e-01
-1.4684685e+01 2.6839059e-02 6.8240649e-02 1.2162192e-01
-1.4669670e+01 2.5868828e-02 6.6239054e-02 1.1856049e-01
-1.4654655e+01 2.4980735e-02 6.4309929e-02 1.1537043e-01
-1.4639640e+01 2.4041120e-02 6.2437802e-02 1.1232769e-01
-1.4624625e+01 2.3197128e-02 6.0570231e-02 1.0923655e-01
-1.4609610e+01 2.2311773e-02 5.8741060e-02 1.0614802e-01
-1.4594595e+01 2.1454049e-02 5.6911611e-02 1.0306958e-01
-1.4579580e+01 2.0624392e-02 5.5101997e-02 1.0009786e-01
-1.4564565e+01 1.9795581e-02 5.3354683e-02 9.7191952e-02
-1.4549550e+01 1.9031028e-02 5.1617624e-02 9.4302070e-02
-1.4534535e+01 1.8264536e-02 4.9893116e-02 9.1489956e-02
-1.4519520e+01 1.7532565e-02 4.8220817e-02 8.8649373e-02
-1.4504505e+01 1.6763565e-02 4.6590952e-02 8.5902129e-02
-1.4489489e+01 1.6024868e-02 4.4952474e-02 8.3168163e-02
-1.4474474e+01 1.5353971e-02 4.3397825e-02 8.0501913e-02
-1.4459459e+01 1.4715556e-02 4.1847447e-02 7.7856905e-02
-1.4444444e+01 1.4096836e-02 4.0326054e-02 7.5284010e-02
-1.4429429e+01 1.3447076e-02 3.8849210e-02 7.2748887e-02
-1.4414414e+01 1.2840437e-02 3.7408088e-02 7.0280631e-02
-1.4399399e+01 1.2273015e-02 3.6020194e-02 6.7887397e-02
-1.4384384e+01 1.1686480e-02 3.4656316e-02 6.5489727e-02
-1.4369369e+01 1.1142337e-02 3.3332590e-02 6.3155833e-02
-1.4354354e+01 1.0608298e-02 3.2030279e-02 6.0883427e-02
-1.4339339e+01 1.0095729e-02 3.0764747e-02 5.8658569e-02
-1.4324324e+01 9.6085892e-03 2.9561991e-02 5.6429957e-02
-1.4309309e+01 9.1481735e-03 2.8377256e-02 5.4325907e-02
-1.4294294e+01 8.7056473e-03 2.7231453e-02 5.2267356e-02
-1.4279279e+01 8.2794473e-03 2.6113788e-02 5.0242027e-02
-1.4264264e+01 7.8609689e-03 2.5048319e-02 4.8289809e-02
-1.4249249e+01 7.4716342e-03 2.3997497e-02 4.6342029e-02
-1.4234234e+01 7.0953411e-03 2.3000933e-02 4.4517619e-02
-1.4219219e+01 6.7195346e-03 2.2010063e-02 4.2663542e-02
-1.4204204e+01 6.3756068e-03 2.1064256e-02 4.0899757e-02
-1.4189189e+01 6.0463085e-03 2.0157871e-02 3.9223126e-02
-1.4174174e+01 5.7234607e-03 1.9288534e-02 3.7585898e-02
-1.4159159e+01 5.4157905e-03 1.8434755e-02 3.5997207e-02
-1.4144144e+01 5.1182450e-03 1.7607330e-02 3.4437634e-02
-1.4129129e+01 4.8396203e-03 1.6796008e-02 3.2906451e-02
-1.4114114e+01 4.5691152e-03 1.6025461e-02 3.1446087e-02
-1.4099099e+01 4.3081663e-03 1.5277532e-02 3.0033435e-02
-1.4084084e+01 4.0658984e-03 1.4556914e-02 2.8677544e-02
-1.4069069e+01 3.8311782e-03 1.3867720e-02 2.7355604e-02
-1.4054054e+01 3.6103508e-03 1.3193332e-02 2.6081089e-02
-1.4039039e+01 3.4012904e-03 1.2563601e-02 2.4875419e-02
-1.4024024e+01 3.2001050e-03 1.1944190e-02 2.3703017e-02
-1.4009009e+01 3.0081274e-03 1.1357453e-02 2.2583796e-02
-1.3993994e+01 2.8299687e-03 1.0792727e-02 2.1497172e-02
-1.3978979e+01 2.6594927e-03 1.0256672e-02 2.0440647e-02
-1.3963964e+01 2.4951088e-03 9.7356592e-03 1.9425136e-02
-1.3948949e+01 2.3386770e-03 9.2344756e-03 1.8440374e-02
-1.3933934e+01 2.1942376e-03 8.7602043e-03 1.7511676e-02
-1.3918919e+01 2.0575420e-03 8.3036960e-03 1.6624622e-02
-1.3903904e+01 1.9239300e-03 7.8620558e-03 1.5771184e-02
-1.3888889e+01 1.7987759e-03 7.4452895e-03 1.4942915e-02
-1.3873874e+01 1.6825247e-03 7.0465179e-03 1.4165586e-02
-1.3858859e+01 1.5726405e-03 6.6620898e-03 1.3414493e-02
-1.3843844e+01 1.4709406e-03 6.2940892e-03 1.2687853e-02
-1.3828829e+01 1.3743161e-03 5.9437891e-03 1.1991567e-02
-1.3813814e+01 1.2820839e-03 5.6089208e-03 1.1332517e-02
-1.3798799e+01 1.1965813e-03 5.2894361e-03 1.0712541e-02
-1.3783784e+01 1.1153950e-03 4.9903009e-03 1.0115505e-02
-1.3768769e+01 1.0387569e-03 4.6995930e-03 9.5499180e-03
-1.3753754e+01 9.6704738e-04 4.4285231e-03 9.0051206e-03
-1.3738739e+01 8.9969586e-04 4.1704409e-03 8.4947941e-03
-1.3723724e+01 8.3661080e-04 3.9273696e-03 8.0076994e-03
-1.3708709e+01 7.7774980e-04 3.6947489e-03 7.5420075e-03
-1.3693694e+01 7.2164591e-04 3.4744406e-03 7.0985800e-03
-1.3678679e+01 6.6954074e-04 3.2623682e-03 6.6831136e-03
-1.3663664e+01 6.2134363e-04 3.0613980e-03 6.2849783e-03
-1.3648649e+01 5.7626751e-04 2.8715457e-03 5.9085673e-03
-1.3633634e+01 5.3411494e-04 2.6901817e-03 5.5471990e-03
-1.3618619e+01 4.9457756e-04 2.5215300e-03 5.2042069e-03
-1.3603604e+01 4.5795148e-04 2.3625494e-03 4.8821522e-03
-1.3588589e+01 4.2371085e-04 2.2112672e-03 4.5767077e-03
-1.3573574e+01 3.9182322e-04 2.0670442e-03 4.2892610e-03
-1.3558559e+01 3.6249938e-04 1.9338433e-03 4.0192711e-03
-1.3543544e+01 3.3526045e-04 1.8064494e-03 3.7645249e-03
-1.3528529e+01 3.0941453e-04 1.6866995e-03 3.5219081e-03
-1.3513514e+01 2.8550482e-04 1.5735836e-03 3.2930394e-03
-1.3498498e+01 2.6310120e-04 1.4677184e-03 3.0777404e-03
-1.3483483e+01 2.4234038e-04 1.3680988e-03 2.8735250e-03
-1.3468468e+01 2.2335244e-04 1.2746380e-03 2.6843523e-03
-1.3453453e+01 2.0549315e-04 1.1863254e-03 2.5041301e-03
-1.3438438e+01 1.8890373e-04 1.1033266e-03 2.3345006e-03
-1.3423423e+01 1.7357710e-04 1.0262578e-03 2.1737131e-03
-1.3408408e+01 1.5948950e-04 9.5411891e-04 2.0244861e-03
-1.3393393e+01 1.4636779e-04 8.8614775e-04 1.8844006e-03
-1.3378378e+01 1.3430158e-04 8.2228230e-04 1.7532371e-03
-1.3363363e+01 1.2323272e-04 7.6325948e-04 1.6306800e-03
-1.3348348e+01 1.1282168e-04 7.0781448e-04 1.5160615e-03
-1.3333333e+01 1.0337954e-04 6.5609904e-04 1.4076992e-03
-1.3318318e+01 9.4663951e-05 6.0816883e-04 1.3068515e-03
-1.3303303e+01 8.6587488e-05 5.6324944e-04 1.2128034e-03
-1.3288288e+01 7.9223896e-05 5.2151957e-04 1.1254691e-03
-1.3273273e+01 7.2364066e-05 4.8253188e-04 1.0433497e-03
-1.3258258e+01 6.6075315e-05 4.4601383e-04 9.6619861e-04
-1.3243243e+01 6.0309667e-05 4.1188479e-04 8.9463435e-04
-1.3228228e+01 5.5015610e-05 3.8026149e-04 8.2838050e-04
-1.3213213e+01 5.0150288e-05 3.5109031e-04 7.6581470e-04
-1.3198198e+01 4.5677865e-05 3.2372973e-04 7.0859142e-04
-1.3183183e+01 4.1580707e-05 2.9825353e-04 6.5460750e-04
-1.3168168e+01 3.7803633e-05 2.7468999e-04 6.0422995e-04
-1.3153153e+01 3.4364210e-05 2.5274176e-04 5.5763491e-04
-1.3138138e+01 3.1224054e-05 2.3250862e-04 5.1419360e-04
-1.3123123e+01 2.8355552e-05 2.1378634e-04 4.7409283e-04
-1.3108108e+01 2.5742627e-05 1.9646343e-04 4.3698977e-04
-1.3093093e+01 2.3358559e-05 1.8031458e-04 4.0265786e-04
-1.3078078e+01 2.1204715e-05 1.6552870e-04 3.7059328e-04
-1.3063063e+01 1.9217591e-05 1.5187430e-04 3.4079596e-04
-1.3048048e+01 1.7418500e-05 1.3921402e-04 3.1309982e-04
-1.3033033e+01 1.5763112e-05 1.2755059e-04 2.8771102e-04
-1.3018018e+01 1.4280157e-05 1.1681130e-04 2.6424463e-04
-1.3003003e+01 1.2913097e-05 1.0690853e-04 2.4259619e-04
-1.2987988e+01 1.1673772e-05 9.7877168e-05 2.2248201e-04
-1.2972973e+01 1.0535701e-05 8.9502364e-05 2.0390794e-04
-1.2957958e+01 9.5095202e-06 8.1781520e-05 1.8673096e-04
-1.2942943e+01 8.5865270e-06 7.4673104e-05 1.7090490e-04
-1.2927928e+01 7.7367250e-06 6.8165462e-05 1.5630005e-04
-1.2912913e+01 6.9708177e-06 6.2203852e-05 1.4291377e-04
-1.2897898e+01 6.2821455e-06 5.6728514e-05 1.3063548e-04
-1.2882883e+01 5.6516851e-06 5.1688302e-05 1.1931599e-04
-1.2867868e+01 5.0874742e-06 4.7113025e-05 1.0896041e-04
-1.2852853e+01 4.5708450e-06 4.2852431e-05 9.9446338e-05
-1.2837838e+01 4.1072844e-06 3.8977513e-05 9.0701565e-05
-1.2822823e+01 3.6859398e-06 3.5412151e-05 8.2614996e-05
-1.2807808e+01 3.3093433e-06 3.2178469e-05 7.5228390e-05
-1.2792793e+01 2.9702492e-06 2.9213813e-05 6.8523124e-05
-1.2777778e+01 2.6649954e-06 2.6525416e-05 6.2326209e-05
-1.2762763e+01 2.3870799e-06 2.4054101e-05 5.6651673e-05
-1.2747748e+01 2.1391649e-06 2.1797159e-05 5.1527909e-05
-1.2732733e+01 1.9158476e-06 1.9746348e-05 4.6816290e-05
-1.2717718e+01 1.7141210e-06 1.7896407e-05 4.2514840e-05
-1.2702703e+01 1.5321898e-06 1.6189667e-05 3.8622952e-05
-1.2687688e+01 1.3687580e-06 1.4653939e-05 3.5028422e-05
-1.2672673e+01 1.2208899e-06 1.3241417e-05 3.1783063e-05
-1.2657658e+01 1.0899507e-06 1.1957305e-05 2.8783107e-05
-1.2642643e+01 9.7126757e-07 1.0794513e-05 2.6054946e-05
-1.2627628e+01 8.6603835e-07 9.7428178e-06 2.3582396e-05
-1.2612613e+01 7.7119261e-07 8.7828561e-06 2.1327193e-05
-1.2597598e+01 6.8620292e-07 7.9138688e-06 1.9268214e-05
-1.2582583e+01 6.1059986e-07 7.1256456e-06 1.7423277e-05
-1.2567568e+01 5.4323832e-07 6.4087108e-06 1.5726066e-05
-1.2552553e+01 4.8331889e-07 5.7677865e-06 1.4195399e-05
-1.2537538e+01 4.2904816e-07 5.1848169e-06 1.2807890e-05
-1.2522523e+01 3.8109747e-07 4.6584943e-06 1.1542539e-05
-1.2507508e+01 3.3805474e-07 4.1841996e-06 1.0398616e-05
-1.2492492e+01 2.9965643e-07 3.7543567e-06 9.3639262e-06
-1.2477477e+01 2.6553136e-07 3.3680062e-06 8.4268653e-06
-1.2462462e+01 2.3523682e-07 3.0193677e-06 7.5734929e-06
-1.2447447e+01 2.0820527e-07 2.7074220e-06 6.8036809e-06
-1.2432432e+01 1.8396992e-07 2.4227729e-06 6.1125868e-06
-1.2417417e+01 1.6262966e-07 2.1668230e-06 5.4889487e-06
-1.2402402e+01 1.4380402e-07 1.9382423e-06 4.9234317e-06
-1.2387387e+01 1.2695759e-07 1.7327520e-06 4.4144861e-06
-1.2372372e+01 1.1202214e-07 1.5485354e-06 3.9553118e-06
-1.2357357e+01 9.8814000e-08 1.3830500e-06 3.5412831e-06
-1.2342342e+01 8.7135981e-08 1.2342140e-06 3.1691483e-06
-1.2327327e+01 7.6793239e-08 1.1006597e-06 2.8363002e-06
-1.2312312e+01 6.7603437e-08 9.8069918e-07 2.5354467e-06
-1.2297297e+01 5.9482604e-08 8.7339574e-07 2.2649633e-06
-1.2282282e+01 5.2331627e-08 7.7749832e-07 2.0232639e-06
-1.2267267e+01 4.5998887e-08 6.9151668e-07 1.8068765e-06
-1.2252252e+01 4.0393091e-08 6.1522898e-07 1.6118002e-06
-1.2237237e+01 3.5435039e-08 5.4697188e-07 1.4363919e-06
-1.2222222e+01 3.1086044e-08 4.8568260e-07 1.2803618e-06
-1.2207207e+01 2.7260216e-08 4.3114940e-07 1.1404055e-06
-1.2192192e+01 2.3898884e-08 3.8256134e-07 1.0149042e-06
-1.2177177e+01 2.0946678e-08 3.3919071e-07 9.0313670e-07
-1.2162162e+01 1.8327050e-08 3.0068052e-07 8.0252470e-07
-1.2147147e+01 1.6037164e-08 2.6635069e-07 7.1412015e-07
-1.2132132e+01 1.4017757e-08 2.3589074e-07 6.3436034e-07
-1.2117117e+01 1.2262932e-08 2.0871766e-07 5.6338490e-07
-1.2102102e+01 1.0710241e-08 1.8450525e-07 5.0002266e-07
-1.2087087e+01 9.3528545e-09 1.6303231e-07 4.4339953e-07
-1.2072072e+01 8.1621008e-09 1.4394226e-07 3.9282479e-07
-1.2057057e+01 7.1183912e-09 1.2710442e-07 3.4768275e-07
-1.2042042e+01 6.2045626e-09 1.1218198e-07 3.0769820e-07
-1.2027027e+01 5.4052487e-09 9.8875317e-08 2.7213471e-07
-1.2012012e+01 4.7059950e-09 8.7069258e-08 2.4053328e-07
-1.1996997e+01 4.0963918e-09 7.6624703e-08 2.1257574e-07
-1.1981982e+01 3.5634101e-09 6.7451720e-08 1.8776567e-07
-1.1966967e+01 3.0951037e-09 5.9362239e-08 1.6569205e-07
-1.1951952e+01 2.6867685e-09 5.2176045e-08 1.4617335e-07
-1.1936937e+01 2.3308506e-09 4.5842847e-08 1.2879088e-07
-1.1921922e+01 2.0211420e-09 4.0195723e-08 1.1346762e-07
-1.1906907e+01 1.7530023e-09 3.5278968e-08 9.9855920e-08
-1.1891892e+01 1.5188714e-09 3.0940964e-08 8.7885254e-08
-1.1876877e+01 1.3152329e-09 2.7127352e-08 7.7254133e-08
-1.1861862e+01 1.1389346e-09 2.3761257e-08 6.7862331e-08
-1.1846847e+01 9.8473483e-10 2.0797620e-08 5.9559830e-08
-1.1831832e+01 8.5106245e-10 1.8186597e-08 5.2299436e-08
-1.1816817e+01 7.3458012e-10 1.5907994e-08 4.5906094e-08
-1.1801802e+01 6.3427832e-10 1.3900460e-08 4.0242687e-08
-1.1786787e+01 5.4723824e-10 1.2141321e-08 3.5271742e-08
-1.1771772e+01 4.7190513e-10 1.0600981e-08 3.0898100e-08
-1.1756757e+01 4.0689575e-10 9.2492568e-09 2.7032195e-08
-1.1741742e+01 3.5047101e-10 8.0638340e-09 2.3654604e-08
-1.1726727e+01 3.0156098e-10 7.0289750e-09 2.0677151e-08
-1.1711712e+01 2.5963921e-10 6.1234596e-09 1.8062997e-08
-1.1696697e+01 2.2328214e-10 5.3335996e-09 1.5780728e-08
-1.1681682e+01 1.9190180e-10 4.6399884e-09 1.3789021e-08
-1.1666667e+01 1.6472522e-10 4.0360898e-09 1.2034250e-08
-1.1651652e+01 1.4149617e-10 3.5044116e-09 1.0496065e-08
-1.1636637e+01 1.2140516e-10 3.0420066e-09 9.1515304e-09
-1.1621622e+01 1.0411290e-10 2.6418250e-09 7.9732700e-09
-1.1606607e+01 8.9246273e-11 2.2923411e-09 6.9405041e-09
-1.1591592e+01 7.6479571e-11 1.9878222e-09 6.0385842e-09
-1.1576577e+01 6.5499506e-11 1.7216572e-09 5.2483389e-09
-1.1561562e+01 5.6026234e-11 1.4912017e-09 4.5610600e-09
-1.1546547e+01 4.7900515e-11 1.2899937e-09 3.9615292e-09
-1.1531532e+01 4.0932798e-11 1.1158926e-09 3.4383141e-09
-1.1516517e+01 3.4955586e-11 9.6485518e-10 2.9831923e-09
-1.1501502e+01 2.9835657e-11 8.3358737e-10 2.5835697e-09
-1.1486486e+01 2.5456691e-11 7.1911157e-10 2.2385724e-09
-1.1471471e+01 2.1704431e-11 6.2028674e-10 1.9381530e-09
-1.1456456e+01 1.8482039e-11 5.3502976e-10 1.6783957e-09
-1.1441441e+01 1.5735130e-11 4.6142936e-10 1.4518731e-09
-1.1426426e+01 1.3390460e-11 3.9734578e-10 1.2557989e-09
-1.1411411e+01 1.1387140e-11 3.4213824e-10 1.0850386e-09
-1.1396396e+01 9.6807780e-12 2.9433246e-10 9.3634856e-10
-1.1381381e+01 8.2212960e-12 2.5306547e-10 8.0787443e-10
-1.1366366e+01 6.9801692e-12 2.1741442e-10 6.9668680e-10
-1.1351351e+01 5.9233321e-12 1.8675181e-10 6.0070931e-10
-1.1336336e+01 5.0244483e-12 1.6029548e-10 5.1732421e-10
-1.1321321e+01 4.2586322e-12 1.3758167e-10 4.4551698e-10
-1.1306306e+01 3.6062819e-12 1.1792637e-10 3.8335808e-10
-1.1291291e+01 3.0515134e-12 1.0104556e-10 3.3010708e-10
-1.1276276e+01 2.5792744e-12 8.6516814e-11 2.8380012e-10
-1.1261261e+01 2.1812834e-12 7.4042030e-11 2.4359939e-10
-1.1246246e+01 1.8434034e-12 6.3336433e-11 2.0897277e-10
-1.1231231e+01 1.5565906e-12 5.4128008e-11 1.7921583e-10
-1.1216216e+01 1.3119822e-12 4.6280935e-11 1.5359921e-10
-1.1201201e+01 1.1070903e-12 3.9540848e-11 1.3151974e-10
-1.1186186e+01 9.3361326e-13 3.3750394e-11 1.1269989e-10
-1.1171171e+01 7.8662806e-13 2.8782636e-11 9.6433227e-11
-1.1156156e+01 6.6229086e-13 2.4524906e-11 8.2500170e-11
-1.1141141e+01 5.5709733e-13 2.0897530e-11 7.0508539e-11
-1.1126126e+01 4.6854226e-13 1.7789084e-11 6.0215753e-11
-1.1111111e+01 3.9382223e-13 1.5133984e-11 5.1366285e-11
-1.1096096e+01 3.3085598e-13 1.2869153e-11 4.3816225e-11
-1.1081081e+01 2.7729271e-13 1.0928005e-11 3.7381658e-11
-1.1066066e+01 2.3262210e-13 9.2845625e-12 3.1876486e-11
-1.1051051e+01 1.9519359e-13 7.8800808e-12 2.7165549e-11
-1.1036036e+01 1.6365007e-13 6.6868724e-12 2.3135338e-11
-1.1021021e+01 1.3707476e-13 5.6710596e-12 1.9684119e-11
-1.1006006e+01 1.1472340e-13 4.8074198e-12 1.6738372e-11
-1.0990991e+01 9.5989133e-14 4.0726026e-12 1.4235199e-11
-1.0975976e+01 8.0264058e-14 3.4485699e-12 1.2087792e-11
-1.0960961e+01 6.7096893e-14 2.9177937e-12 1.0262755e-11
-1.0945946e+01 5.6017161e-14 2.4666637e-12 8.7201595e-12
-1.0930931e+01 4.6778518e-14 2.0835468e-12 7.3984307e-12
-1.0915916e+01 3.9047888e-14 1.7595583e-12 6.2676009e-12
-1.0900901e+01 3.2527977e-14 1.4855965e-12 5.3083675e-12
-1.0885886e+01 2.7097620e-14 1.2525257e-12 4.4922366e-12
-1.0870871e+01 2.2547923e-14 1.0558984e-12 3.8000652e-12
-1.0855856e+01 1.8762953e-14 8.8960713e-13 3.2132436e-12
-1.0840841e+01 1.5605063e-14 7.4915041e-13 2.7143557e-12
-1.0825826e+01 1.2967163e-14 6.3066624e-13 2.2928304e-12
-1.0810811e+01 1.0777082e-14 5.3069261e-13 1.9338270e-12
-1.0795796e+01 8.9493086e-15 4.4636535e-13 1.6324322e-12
-1.0780781e+01 7.4291521e-15 3.7496066e-13 1.3761639e-12
-1.0765766e+01 6.1607168e-15 3.1475239e-13 1.1594660e-12
-1.0750751e+01 5.1059193e-15 2.6416826e-13 9.7692519e-13
-1.0735736e+01 4.2287866e-15 2.2159781e-13 8.2229913e-13
-1.0720721e+01 3.5021198e-15 1.8576021e-13 6.9151315e-13
-1.0705706e+01 2.8968620e-15 1.5556779e-13 5.8128897e-13
-1.0690691e+01 2.3960599e-15 1.3024430e-13 4.8860563e-13
-1.0675676e+01 1.9792421e-15 1.0904600e-13 4.1024131e-13
-1.0660661e+01 1.6349208e-15 9.1148682e-14 3.4423292e-13
-1.0645646e+01 1.3500110e-15 7.6134369e-14 2.8881206e-13
-1.0630631e+01 1.1138433e-15 6.3583507e-14 2.4209802e-13
-1.0615616e+01 9.1847270e-16 5.3040492e-14 2.0285089e-13
-1.0600601e+01 7.5687497e-16 4.4242126e-14 1.6978993e-13
-1.0585586e+01 6.2368390e-16 3.6887957e-14 1.4210093e-13
-1.0570571e+01 5.1354759e-16 3.0738049e-14 1.1896727e-13
-1.0555556e+01 4.2266724e-16 2.5610803e-14 9.9439515e-14
-1.0540541e+01 3.4767916e-16 2.1328736e-14 8.3092282e-14
-1.0525526e+01 2.8561023e-16 1.7744341e-14 6.9366765e-14
-1.0510511e+01 2.3461756e-16 1.4759292e-14 5.7893268e-14
-1.0495495e+01 1.9261711e-16 1.2254842e-14 4.8299580e-14
-1.0480480e+01 1.5800412e-16 1.0174711e-14 4.0229312e-14
-1.0465465e+01 1.2942848e-16 8.4415020e-15 3.3492953e-14
-1.0450450e+01 1.0603540e-16 7.0025636e-15 2.7869738e-14
-1.0435435e+01 8.6758809e-17 5.8076872e-15 2.3176921e-14
-1.0420420e+01 7.1006468e-17 4.8139806e-15 1.9256723e-14
-1.0405405e+01 5.8072936e-17 3.9857008e-15 1.6002977e-14
-1.0390390e+01 4.7464368e-17 3.2991845e-15 1.3293746e-14
-1.0375375e+01 3.8792955e-17 2.7289450e-15 1.1037843e-14
-1.0360360e+01 3.1687267e-17 2.2559421e-15 9.1570819e-15
-1.0345345e+01 2.5846915e-17 1.8626106e-15 7.5868802e-15
-1.0330330e+01 2.1066469e-17 1.5368340e-15 6.2853713e-15
-1.0315315e+01 1.7176023e-17 1.2683015e-15 5.2025957e-15
-1.0300300e+01 1.3994571e-17 1.0453527e-15 4.3038846e-15
-1.0285285e+01 1.1396846e-17 8.6144082e-16 3.5605950e-15
-1.0270270e+01 9.2759191e-18 7.0955052e-16 2.9436824e-15
-1.0255255e+01 7.5452976e-18 5.8414504e-16 2.4316287e-15
-1.0240240e+01 6.1339885e-18 4.8075504e-16 2.0070181e-15
-1.0225225e+01 4.9831590e-18 3.9524015e-16 1.6559955e-15
-1.0210210e+01 4.0458863e-18 3.2486645e-16 1.3662423e-15
-1.0195195e+01 3.2810686e-18 2.6683613e-16 1.1261856e-15
-1.0180180e+01 2.6582822e-18 2.1903552e-16 9.2787685e-16
-1.0165165e+01 2.1535694e-18 1.7958504e-16 7.6388636e-16
-1.0150150e+01 1.7438524e-18 1.4721429e-16 6.2846182e-16
-1.0135135e+01 1.4119742e-18 1.2053617e-16 5.1667451e-16
-1.0120120e+01 1.1414319e-18 9.8637032e-17 4.2484399e-16
-1.0105105e+01 9.2225938e-19 8.0732166e-17 3.4871118e-16
-1.0090090e+01 7.4463588e-19 6.6030146e-17 2.8615868e-16
-1.0075075e+01 6.0120532e-19 5.3972923e-17 2.3475903e-16
-1.0060060e+01 4.8524558e-19 4.4076847e-17 1.9240427e-16
-1.0045045e+01 3.9097194e-19 3.5999010e-17 1.5763161e-16
-1.0030030e+01 3.1513330e-19 2.9363286e-17 1.2911234e-16
-1.0015015e+01 2.5380352e-19 2.3951258e-17 1.0564542e-16
-1.0000000e+01 2.0431042e-19 1.9527180e-17 8.6470579e-17
