X KDE_INF KDE_MED KDE_SUP
-1.4000000e+01 5.5018129e-18 2.6260273e-12 4.7862487e-04
-1.3990991e+01 6.6275734e-18 2.9869828e-12 4.8669709e-04
-1.3981982e+01 7.9880924e-18 3.4020091e-12 5.0608224e-04
-1.3972973e+01 9.6100578e-18 3.9274134e-12 5.2556211e-04
-1.3963964e+01 1.1559568e-17 4.5223853e-12 5.4141848e-04
-1.3954955e+01 1.3874874e-17 5.2139650e-12 5.6566702e-04
-1.3945946e+01 1.6631571e-17 5.9966061e-12 5.8714732e-04
-1.3936937e+01 1.9960743e-17 6.9167483e-12 6.1520817e-04
-1.3927928e+01 2.3910489e-17 7.8983538e-12 6.2384184e-04
-1.3918919e+01 2.8630642e-17 9.0845150e-12 6.3831226e-04
-1.3909910e+01 3.4338293e-17 1.0378336e-11 6.5793282e-04
-1.3900901e+01 4.1184316e-17 1.1831381e-11 6.8438455e-04
-1.3891892e+01 4.9267260e-17 1.3549203e-11 7.1659931e-04
-1.3882883e+01 5.8898472e-17 1.5201247e-11 7.4421018e-04
-1.3873874e+01 7.0291123e-17 1.7488778e-11 7.6743222e-04
-1.3864865e+01 8.3985747e-17 2.0035032e-11 7.9759713e-04
-1.3855856e+01 1.0030670e-16 2.3062611e-11 8.3205145e-04
-1.3846847e+01 1.1999087e-16 2.6313320e-11 8.6371346e-04
-1.3837838e+01 1.4335293e-16 3.0004546e-11 8.9259410e-04
-1.3828829e+01 1.7112060e-16 3.4158330e-11 9.2673271e-04
-1.3819820e+01 2.0341390e-16 3.8910028e-11 9.4205855e-04
-1.3810811e+01 2.4230378e-16 4.4382391e-11 9.7210957e-04
-1.3801802e+01 2.8922035e-16 5.0525146e-11 9.9629888e-04
-1.3792793e+01 3.4447225e-16 5.7489646e-11 1.0239969e-03
-1.3783784e+01 4.1028298e-16 6.5668379e-11 1.0576153e-03
-1.3774775e+01 4.8838563e-16 7.4475726e-11 1.1064321e-03
-1.3765766e+01 5.8048207e-16 8.4745703e-11 1.1482887e-03
-1.3756757e+01 6.8973535e-16 9.5928969e-11 1.1656318e-03
-1.3747748e+01 8.1888570e-16 1.0862917e-10 1.1871872e-03
-1.3738739e+01 9.7422961e-16 1.2382290e-10 1.2341261e-03
-1.3729730e+01 1.1582650e-15 1.3997104e-10 1.2645508e-03
-1.3720721e+01 1.3751990e-15 1.5835901e-10 1.3148133e-03
-1.3711712e+01 1.6306544e-15 1.8038652e-10 1.3595700e-03
-1.3702703e+01 1.9344845e-15 2.0526023e-10 1.3975316e-03
-1.3693694e+01 2.2919161e-15 2.3374150e-10 1.4352498e-03
-1.3684685e+01 2.7121655e-15 2.6487260e-10 1.4749410e-03
-1.3675676e+01 3.2098903e-15 2.9902783e-10 1.5345213e-03
-1.3666667e+01 3.7999256e-15 3.3795688e-10 1.5797480e-03
-1.3657658e+01 4.4976505e-15 3.8257546e-10 1.6425396e-03
-1.3648649e+01 5.3178166e-15 4.2916447e-10 1.7034730e-03
-1.3639640e+01 6.2908848e-15 4.8313682e-10 1.7454396e-03
-1.3630631e+01 7.4380497e-15 5.4401279e-10 1.7994827e-03
-1.3621622e+01 8.7864856e-15 6.1518955e-10 1.8625292e-03
-1.3612613e+01 1.0403089e-14 7.0055273e-10 1.8889110e-03
-1.3603604e+01 1.2270893e-14 7.9026521e-10 1.9884052e-03
-1.3594595e+01 1.4459000e-14 8.9290967e-10 2.0562214e-03
-1.3585586e+01 1.7021932e-14 9.9739720e-10 2.1083740e-03
-1.3576577e+01 2.0017560e-14 1.1238496e-09 2.1757151e-03
-1.3567568e+01 2.3628926e-14 1.2692482e-09 2.2622097e-03
-1.3558559e+01 2.7737167e-14 1.4337142e-09 2.3228130e-03
-1.3549550e+01 3.2638632e-14 1.5968189e-09 2.3983575e-03
-1.3540541e+01 3.8357479e-14 1.7820236e-09 2.4275641e-03
-1.3531532e+01 4.5016639e-14 2.0058459e-09 2.5006707e-03
-1.3522523e+01 5.2909442e-14 2.2457999e-09 2.5514010e-03
-1.3513514e+01 6.2124139e-14 2.5121046e-09 2.6276295e-03
-1.3504505e+01 7.3022006e-14 2.8045545e-09 2.6923474e-03
-1.3495495e+01 8.5434263e-14 3.1251857e-09 2.7672460e-03
-1.3486486e+01 1.0023959e-13 3.4765180e-09 2.8703745e-03
-1.3477477e+01 1.1753413e-13 3.9104105e-09 2.9396911e-03
-1.3468468e+01 1.3778349e-13 4.3677426e-09 3.0203101e-03
-1.3459459e+01 1.6121738e-13 4.8500477e-09 3.1105246e-03
-1.3450450e+01 1.8836784e-13 5.4448319e-09 3.1857266e-03
-1.3441441e+01 2.2051772e-13 6.0564557e-09 3.2465496e-03
-1.3432432e+01 2.5832266e-13 6.6911355e-09 3.3278585e-03
-1.3423423e+01 3.0138709e-13 7.4812986e-09 3.4206068e-03
-1.3414414e+01 3.5242660e-13 8.3045636e-09 3.4803171e-03
-1.3405405e+01 4.1150432e-13 9.1404560e-09 3.5419295e-03
-1.3396396e+01 4.8059931e-13 1.0193826e-08 3.5549590e-03
-1.3387387e+01 5.6148450e-13 1.1389256e-08 3.6564683e-03
-1.3378378e+01 6.5383502e-13 1.2699036e-08 3.7466211e-03
-1.3369369e+01 7.6218391e-13 1.4098617e-08 3.7952420e-03
-1.3360360e+01 8.9008044e-13 1.5732644e-08 3.8621836e-03
-1.3351351e+01 1.0388190e-12 1.7465044e-08 3.9387153e-03
-1.3342342e+01 1.2083847e-12 1.9160096e-08 4.0138476e-03
-1.3333333e+01 1.4031608e-12 2.1225385e-08 4.0825981e-03
-1.3324324e+01 1.6312281e-12 2.3322148e-08 4.1935790e-03
-1.3315315e+01 1.8985216e-12 2.5902286e-08 4.2831196e-03
-1.3306306e+01 2.2053113e-12 2.8674521e-08 4.4194737e-03
-1.3297297e+01 2.5564351e-12 3.1768330e-08 4.5300921e-03
-1.3288288e+01 2.9704320e-12 3.4968228e-08 4.6082042e-03
-1.3279279e+01 3.4548732e-12 3.8784973e-08 4.7490752e-03
-1.3270270e+01 4.0017132e-12 4.2249652e-08 4.8638103e-03
-1.3261261e+01 4.6456273e-12 4.6601518e-08 4.9387570e-03
-1.3252252e+01 5.3733955e-12 5.1909695e-08 5.0550729e-03
-1.3243243e+01 6.2267928e-12 5.7147474e-08 5.1883689e-03
-1.3234234e+01 7.2163500e-12 6.2846648e-08 5.3207313e-03
-1.3225225e+01 8.3452628e-12 6.9699610e-08 5.5009825e-03
-1.3216216e+01 9.6497674e-12 7.6801110e-08 5.6116584e-03
-1.3207207e+01 1.1160839e-11 8.4396564e-08 5.7646358e-03
-1.3198198e+01 1.2912468e-11 9.2415800e-08 5.8583749e-03
-1.3189189e+01 1.4923180e-11 1.0230429e-07 5.9931398e-03
-1.3180180e+01 1.7128937e-11 1.1333369e-07 6.1233482e-03
-1.3171171e+01 1.9759026e-11 1.2538236e-07 6.2008944e-03
-1.3162162e+01 2.2769512e-11 1.3836397e-07 6.3803064e-03
-1.3153153e+01 2.6300819e-11 1.5185096e-07 6.5330317e-03
-1.3144144e+01 3.0348027e-11 1.6579715e-07 6.6371969e-03
-1.3135135e+01 3.4980671e-11 1.8224427e-07 6.7012732e-03
-1.3126126e+01 4.0087583e-11 2.0079970e-07 6.8002477e-03
-1.3117117e+01 4.6289107e-11 2.2077438e-07 6.9298733e-03
-1.3108108e+01 5.3273179e-11 2.3966488e-07 7.1025037e-03
-1.3099099e+01 6.1202808e-11 2.6406421e-07 7.2320385e-03
-1.3090090e+01 7.0488303e-11 2.9077540e-07 7.3676299e-03
-1.3081081e+01 8.0975073e-11 3.2155320e-07 7.4987305e-03
-1.3072072e+01 9.2883825e-11 3.5425903e-07 7.6635028e-03
-1.3063063e+01 1.0629204e-10 3.8766291e-07 7.7876217e-03
-1.3054054e+01 1.2160085e-10 4.2717171e-07 7.9749816e-03
-1.3045045e+01 1.3895218e-10 4.6558524e-07 8.1395255e-03
-1.3036036e+01 1.5932630e-10 5.1149992e-07 8.3610355e-03
-1.3027027e+01 1.8248061e-10 5.5873738e-07 8.6368216e-03
-1.3018018e+01 2.0923561e-10 6.0853961e-07 8.8730931e-03
-1.3009009e+01 2.3929795e-10 6.6671545e-07 9.0609162e-03
-1.3000000e+01 2.7344380e-10 7.2500362e-07 9.3012308e-03
-1.2990991e+01 3.1285401e-10 7.9608521e-07 9.4900005e-03
-1.2981982e+01 3.5729606e-10 8.7488164e-07 9.8101206e-03
-1.2972973e+01 4.0725628e-10 9.5711492e-07 1.0008719e-02
-1.2963964e+01 4.6558835e-10 1.0374513e-06 1.0256821e-02
-1.2954955e+01 5.3213485e-10 1.1348302e-06 1.0539852e-02
-1.2945946e+01 6.0645055e-10 1.2385502e-06 1.0725660e-02
-1.2936937e+01 6.9117589e-10 1.3410873e-06 1.0970660e-02
-1.2927928e+01 7.8651511e-10 1.4589445e-06 1.1122248e-02
-1.2918919e+01 8.9652794e-10 1.5952559e-06 1.1381662e-02
-1.2909910e+01 1.0203523e-09 1.7486946e-06 1.1570590e-02
-1.2900901e+01 1.1616002e-09 1.8934846e-06 1.1799334e-02
-1.2891892e+01 1.3226298e-09 2.0686015e-06 1.1974316e-02
-1.2882883e+01 1.5012159e-09 2.2485843e-06 1.2242931e-02
-1.2873874e+01 1.7090764e-09 2.4546153e-06 1.2421157e-02
-1.2864865e+01 1.9402522e-09 2.6467997e-06 1.2616056e-02
-1.2855856e+01 2.2023487e-09 2.9035096e-06 1.2878626e-02
-1.2846847e+01 2.4959177e-09 3.1568896e-06 1.3126839e-02
-1.2837838e+01 2.8345292e-09 3.4369325e-06 1.3358405e-02
-1.2828829e+01 3.2199460e-09 3.7347692e-06 1.3636367e-02
-1.2819820e+01 3.6472554e-09 4.0754184e-06 1.3849735e-02
-1.2810811e+01 4.1261105e-09 4.4166527e-06 1.4109997e-02
-1.2801802e+01 4.6780132e-09 4.7744261e-06 1.4434337e-02
-1.2792793e+01 5.2841033e-09 5.1800749e-06 1.4583823e-02
-1.2783784e+01 5.9796585e-09 5.6128847e-06 1.5041705e-02
-1.2774775e+01 6.7650787e-09 6.0886289e-06 1.5244920e-02
-1.2765766e+01 7.6485914e-09 6.5712778e-06 1.5577613e-02
-1.2756757e+01 8.6446126e-09 6.9898926e-06 1.5839653e-02
-1.2747748e+01 9.7751925e-09 7.6022013e-06 1.6108739e-02
-1.2738739e+01 1.1040050e-08 8.2592073e-06 1.6437143e-02
-1.2729730e+01 1.2470790e-08 8.8618172e-06 1.6779912e-02
-1.2720721e+01 1.4029335e-08 9.6018712e-06 1.7036136e-02
-1.2711712e+01 1.5845059e-08 1.0281589e-05 1.7400414e-02
-1.2702703e+01 1.7802534e-08 1.0960003e-05 1.7729470e-02
-1.2693694e+01 2.0084844e-08 1.1825824e-05 1.8087752e-02
-1.2684685e+01 2.2584135e-08 1.2746275e-05 1.8486616e-02
-1.2675676e+01 2.5408486e-08 1.3752430e-05 1.8945847e-02
-1.2666667e+01 2.8634406e-08 1.4858344e-05 1.9314693e-02
-1.2657658e+01 3.2253429e-08 1.6000461e-05 1.9605932e-02
-1.2648649e+01 3.6230770e-08 1.7301214e-05 2.0009685e-02
-1.2639640e+01 4.0598251e-08 1.8717052e-05 2.0448205e-02
-1.2630631e+01 4.5683562e-08 2.0111618e-05 2.0886366e-02
-1.2621622e+01 5.1309082e-08 2.1629688e-05 2.1229729e-02
-1.2612613e+01 5.7521602e-08 2.3300728e-05 2.1515075e-02
-1.2603604e+01 6.4297603e-08 2.5072347e-05 2.1775277e-02
-1.2594595e+01 7.1980142e-08 2.7119267e-05 2.2169105e-02
-1.2585586e+01 8.0843940e-08 2.9265545e-05 2.2537361e-02
-1.2576577e+01 9.0716300e-08 3.1540260e-05 2.2876036e-02
-1.2567568e+01 1.0148239e-07 3.3817690e-05 2.3267018e-02
-1.2558559e+01 1.1355330e-07 3.6096938e-05 2.3583755e-02
-1.2549550e+01 1.2722954e-07 3.8908415e-05 2.3815919e-02
-1.2540541e+01 1.4248651e-07 4.2030846e-05 2.4118803e-02
-1.2531532e+01 1.5958411e-07 4.5091257e-05 2.4413979e-02
-1.2522523e+01 1.7840923e-07 4.8067304e-05 2.4800643e-02
-1.2513514e+01 1.9940655e-07 5.1457199e-05 2.5102039e-02
-1.2504505e+01 2.2277762e-07 5.4706041e-05 2.5455237e-02
-1.2495495e+01 2.4871142e-07 5.8302066e-05 2.5807641e-02
-1.2486486e+01 2.7725274e-07 6.2216405e-05 2.6129883e-02
-1.2477477e+01 3.0935562e-07 6.6722363e-05 2.6526013e-02
-1.2468468e+01 3.4469248e-07 7.1304164e-05 2.6909984e-02
-1.2459459e+01 3.8341683e-07 7.6319863e-05 2.7209401e-02
-1.2450450e+01 4.2664584e-07 8.0950195e-05 2.7648485e-02
-1.2441441e+01 4.7529569e-07 8.6484959e-05 2.8001701e-02
-1.2432432e+01 5.2933902e-07 9.2805942e-05 2.8275114e-02
-1.2423423e+01 5.8760798e-07 9.7540501e-05 2.8601886e-02
-1.2414414e+01 6.5401701e-07 1.0427234e-04 2.8967464e-02
-1.2405405e+01 7.2445027e-07 1.1173769e-04 2.9406912e-02
-1.2396396e+01 8.0422921e-07 1.1950310e-04 2.9796151e-02
-1.2387387e+01 8.9092418e-07 1.2675854e-04 3.0152988e-02
-1.2378378e+01 9.8823609e-07 1.3574364e-04 3.0410779e-02
-1.2369369e+01 1.0935169e-06 1.4427676e-04 3.0623692e-02
-1.2360360e+01 1.2108342e-06 1.5421491e-04 3.0978463e-02
-1.2351351e+01 1.3391072e-06 1.6479209e-04 3.1408774e-02
-1.2342342e+01 1.4843427e-06 1.7480964e-04 3.1968944e-02
-1.2333333e+01 1.6431178e-06 1.8532831e-04 3.2326865e-02
-1.2324324e+01 1.8205317e-06 1.9793460e-04 3.2734946e-02
-1.2315315e+01 2.0183493e-06 2.1040488e-04 3.3241223e-02
-1.2306306e+01 2.2359019e-06 2.2231057e-04 3.3683682e-02
-1.2297297e+01 2.4703319e-06 2.3632576e-04 3.4017171e-02
-1.2288288e+01 2.7292478e-06 2.5198604e-04 3.4407862e-02
-1.2279279e+01 3.0152683e-06 2.6734173e-04 3.4698328e-02
-1.2270270e+01 3.3258555e-06 2.8487820e-04 3.5168621e-02
-1.2261261e+01 3.6726803e-06 3.0291087e-04 3.5427318e-02
-1.2252252e+01 4.0489280e-06 3.2082971e-04 3.5760069e-02
-1.2243243e+01 4.4643242e-06 3.4081689e-04 3.6086030e-02
-1.2234234e+01 4.9077621e-06 3.6078239e-04 3.6577848e-02
-1.2225225e+01 5.4013007e-06 3.8203587e-04 3.6915583e-02
-1.2216216e+01 5.9451850e-06 4.0463025e-04 3.7248010e-02
-1.2207207e+01 6.5407762e-06 4.2934766e-04 3.7586574e-02
-1.2198198e+01 7.1896869e-06 4.5698859e-04 3.8028903e-02
-1.2189189e+01 7.9109632e-06 4.8367299e-04 3.8315102e-02
-1.2180180e+01 8.6825244e-06 5.0928036e-04 3.8573379e-02
-1.2171171e+01 9.5274388e-06 5.4174089e-04 3.8990466e-02
-1.2162162e+01 1.0445716e-05 5.7344300e-04 3.9436111e-02
-1.2153153e+01 1.1472924e-05 6.0602668e-04 3.9783890e-02
-1.2144144e+01 1.2578888e-05 6.4337958e-04 4.0123109e-02
-1.2135135e+01 1.3809921e-05 6.7890495e-04 4.0481887e-02
-1.2126126e+01 1.5077780e-05 7.1879561e-04 4.0731444e-02
-1.2117117e+01 1.6546393e-05 7.5994340e-04 4.1072002e-02
-1.2108108e+01 1.8108619e-05 8.0490876e-04 4.1478073e-02
-1.2099099e+01 1.9828250e-05 8.4978615e-04 4.1911690e-02
-1.2090090e+01 2.1713265e-05 9.0004800e-04 4.2207441e-02
-1.2081081e+01 2.3751441e-05 9.5033552e-04 4.2534857e-02
-1.2072072e+01 2.5979130e-05 1.0017654e-03 4.2959049e-02
-1.2063063e+01 2.8403984e-05 1.0596774e-03 4.3223356e-02
-1.2054054e+01 3.1043148e-05 1.1168483e-03 4.3584683e-02
-1.2045045e+01 3.3910584e-05 1.1783858e-03 4.3922763e-02
-1.2036036e+01 3.6989398e-05 1.2412244e-03 4.4341346e-02
-1.2027027e+01 4.0389047e-05 1.3061169e-03 4.4782326e-02
-1.2018018e+01 4.4026827e-05 1.3769031e-03 4.5015090e-02
-1.2009009e+01 4.7984453e-05 1.4532481e-03 4.5313031e-02
-1.2000000e+01 5.2234318e-05 1.5210531e-03 4.5636122e-02
-1.1990991e+01 5.6838676e-05 1.5924919e-03 4.5977694e-02
-1.1981982e+01 6.1929166e-05 1.6776650e-03 4.6236366e-02
-1.1972973e+01 6.7485722e-05 1.7541396e-03 4.6470851e-02
-1.1963964e+01 7.3316160e-05 1.8421971e-03 4.6731184e-02
-1.1954955e+01 7.9777160e-05 1.9268575e-03 4.7158171e-02
-1.1945946e+01 8.6521683e-05 2.0296824e-03 4.7513771e-02
-1.1936937e+01 9.3863863e-05 2.1279735e-03 4.7798040e-02
-1.1927928e+01 1.0189580e-04 2.2318608e-03 4.8237148e-02
-1.1918919e+01 1.1079957e-04 2.3221838e-03 4.8467503e-02
-1.1909910e+01 1.2016959e-04 2.4341327e-03 4.8647832e-02
-1.1900901e+01 1.3033964e-04 2.5534702e-03 4.8773341e-02
-1.1891892e+01 1.4140622e-04 2.6697051e-03 4.8980091e-02
-1.1882883e+01 1.5314869e-04 2.7883473e-03 4.9310312e-02
-1.1873874e+01 1.6579852e-04 2.9155525e-03 4.9611402e-02
-1.1864865e+01 1.7956171e-04 3.0504944e-03 4.9936360e-02
-1.1855856e+01 1.9435610e-04 3.1904025e-03 5.0169011e-02
-1.1846847e+01 2.1047560e-04 3.3446859e-03 5.0401539e-02
-1.1837838e+01 2.2755559e-04 3.4975576e-03 5.0617750e-02
-1.1828829e+01 2.4608322e-04 3.6524318e-03 5.0873087e-02
-1.1819820e+01 2.6581118e-04 3.8148633e-03 5.1099633e-02
-1.1810811e+01 2.8689794e-04 3.9772819e-03 5.1274956e-02
-1.1801802e+01 3.0922916e-04 4.1442321e-03 5.1587488e-02
-1.1792793e+01 3.3369503e-04 4.3442342e-03 5.1903976e-02
-1.1783784e+01 3.5963638e-04 4.5503946e-03 5.2076830e-02
-1.1774775e+01 3.8752448e-04 4.7513614e-03 5.2237163e-02
-1.1765766e+01 4.1757016e-04 4.9626043e-03 5.2478770e-02
-1.1756757e+01 4.4937620e-04 5.1718578e-03 5.2666608e-02
-1.1747748e+01 4.8419810e-04 5.3994513e-03 5.2820384e-02
-1.1738739e+01 5.2047866e-04 5.6451807e-03 5.2934943e-02
-1.1729730e+01 5.5993326e-04 5.8855635e-03 5.3092150e-02
-1.1720721e+01 6.0204827e-04 6.1597711e-03 5.3373368e-02
-1.1711712e+01 6.4812211e-04 6.4026137e-03 5.3618976e-02
-1.1702703e+01 6.9565481e-04 6.6674360e-03 5.4031616e-02
-1.1693694e+01 7.4693848e-04 6.9494866e-03 5.4417660e-02
-1.1684685e+01 8.0225838e-04 7.2619876e-03 5.4809576e-02
-1.1675676e+01 8.5882475e-04 7.5502379e-03 5.5394402e-02
-1.1666667e+01 9.2051302e-04 7.8560259e-03 5.5765949e-02
-1.1657658e+01 9.8543629e-04 8.1774189e-03 5.6320043e-02
-1.1648649e+01 1.0554736e-03 8.4798457e-03 5.6984650e-02
-1.1639640e+01 1.1299351e-03 8.8453249e-03 5.7508580e-02
-1.1630631e+01 1.2103386e-03 9.1902010e-03 5.8055850e-02
-1.1621622e+01 1.2956271e-03 9.5735981e-03 5.8783675e-02
-1.1612613e+01 1.3857712e-03 9.9591753e-03 5.9427671e-02
-1.1603604e+01 1.4817972e-03 1.0371593e-02 6.0153206e-02
-1.1594595e+01 1.5855948e-03 1.0771126e-02 6.0854975e-02
-1.1585586e+01 1.6922310e-03 1.1210948e-02 6.1417212e-02
-1.1576577e+01 1.8047103e-03 1.1645936e-02 6.2131853e-02
-1.1567568e+01 1.9222783e-03 1.2110519e-02 6.3013484e-02
-1.1558559e+01 2.0534631e-03 1.2624112e-02 6.3779412e-02
-1.1549550e+01 2.1905474e-03 1.3139831e-02 6.4624742e-02
-1.1540541e+01 2.3337318e-03 1.3625646e-02 6.5651402e-02
-1.1531532e+01 2.4871202e-03 1.4167786e-02 6.6563856e-02
-1.1522523e+01 2.6456894e-03 1.4709439e-02 6.7295312e-02
-1.1513514e+01 2.8153636e-03 1.5219238e-02 6.8397456e-02
-1.1504505e+01 2.9966272e-03 1.5812161e-02 6.9293622e-02
-1.1495495e+01 3.1888979e-03 1.6403237e-02 7.0240311e-02
-1.1486486e+01 3.3898176e-03 1.7005229e-02 7.1044885e-02
-1.1477477e+01 3.6053669e-03 1.7650961e-02 7.2020223e-02
-1.1468468e+01 3.8321497e-03 1.8283033e-02 7.3069182e-02
-1.1459459e+01 4.0578273e-03 1.8964758e-02 7.4001424e-02
-1.1450450e+01 4.3089488e-03 1.9612507e-02 7.5053421e-02
-1.1441441e+01 4.5726235e-03 2.0299245e-02 7.6061422e-02
-1.1432432e+01 4.8487713e-03 2.1073751e-02 7.7215359e-02
-1.1423423e+01 5.1472675e-03 2.1858592e-02 7.8367934e-02
-1.1414414e+01 5.4546010e-03 2.2577498e-02 7.9143485e-02
-1.1405405e+01 5.7774104e-03 2.3383006e-02 8.0408335e-02
-1.1396396e+01 6.1175591e-03 2.4251117e-02 8.1473494e-02
-1.1387387e+01 6.4685289e-03 2.5109083e-02 8.2653235e-02
-1.1378378e+01 6.8454268e-03 2.5994211e-02 8.3819196e-02
-1.1369369e+01 7.2416718e-03 2.6871013e-02 8.4920347e-02
-1.1360360e+01 7.6461278e-03 2.7734212e-02 8.6072641e-02
-1.1351351e+01 8.0875264e-03 2.8634027e-02 8.7250526e-02
-1.1342342e+01 8.5525145e-03 2.9570260e-02 8.8734659e-02
-1.1333333e+01 9.0316557e-03 3.0619476e-02 8.9827664e-02
-1.1324324e+01 9.5257783e-03 3.1656095e-02 9.0978836e-02
-1.1315315e+01 1.0040858e-02 3.2727304e-02 9.2254050e-02
-1.1306306e+01 1.0589645e-02 3.3846975e-02 9.3720132e-02
-1.1297297e+01 1.1177012e-02 3.5041838e-02 9.5114765e-02
-1.1288288e+01 1.1770115e-02 3.6225428e-02 9.6482747e-02
-1.1279279e+01 1.2409793e-02 3.7443973e-02 9.7878651e-02
-1.1270270e+01 1.3084597e-02 3.8735280e-02 9.9418709e-02
-1.1261261e+01 1.3778435e-02 3.9992692e-02 1.0088391e-01
-1.1252252e+01 1.4495216e-02 4.1328568e-02 1.0231337e-01
-1.1243243e+01 1.5251733e-02 4.2609658e-02 1.0394672e-01
-1.1234234e+01 1.6032246e-02 4.3948771e-02 1.0537472e-01
-1.1225225e+01 1.6846138e-02 4.5425507e-02 1.0699223e-01
-1.1216216e+01 1.7702185e-02 4.6873461e-02 1.0842414e-01
-1.1207207e+01 1.8598159e-02 4.8298808e-02 1.0998344e-01
-1.1198198e+01 1.9522912e-02 4.9863753e-02 1.1153237e-01
-1.1189189e+01 2.0488128e-02 5.1450544e-02 1.1308654e-01
-1.1180180e+01 2.1500217e-02 5.2998524e-02 1.1461769e-01
-1.1171171e+01 2.2525126e-02 5.4588865e-02 1.1640714e-01
-1.1162162e+01 2.3595101e-02 5.6188960e-02 1.1800321e-01
-1.1153153e+01 2.4710513e-02 5.7825072e-02 1.1963310e-01
-1.1144144e+01 2.5857749e-02 5.9540964e-02 1.2161000e-01
-1.1135135e+01 2.7107575e-02 6.1265671e-02 1.2344413e-01
-1.1126126e+01 2.8356347e-02 6.3011703e-02 1.2539717e-01
-1.1117117e+01 2.9638122e-02 6.4844703e-02 1.2752428e-01
-1.1108108e+01 3.1023337e-02 6.6773842e-02 1.2963311e-01
-1.1099099e+01 3.2403122e-02 6.8765182e-02 1.3186005e-01
-1.1090090e+01 3.3802141e-02 7.0767711e-02 1.3408446e-01
-1.1081081e+01 3.5263975e-02 7.2738505e-02 1.3645499e-01
-1.1072072e+01 3.6761630e-02 7.4863780e-02 1.3888055e-01
-1.1063063e+01 3.8365614e-02 7.7077872e-02 1.4140514e-01
-1.1054054e+01 3.9982518e-02 7.9369877e-02 1.4408124e-01
-1.1045045e+01 4.1668563e-02 8.1632095e-02 1.4686607e-01
-1.1036036e+01 4.3411617e-02 8.4020603e-02 1.4966496e-01
-1.1027027e+01 4.5254767e-02 8.6460830e-02 1.5263936e-01
-1.1018018e+01 4.7095639e-02 8.8994303e-02 1.5552656e-01
-1.1009009e+01 4.9021327e-02 9.1561993e-02 1.5877606e-01
-1.1000000e+01 5.0991159e-02 9.4175653e-02 1.6183936e-01
-1.0990991e+01 5.2998580e-02 9.6966431e-02 1.6529478e-01
-1.0981982e+01 5.5102174e-02 9.9802569e-02 1.6844215e-01
-1.0972973e+01 5.7312448e-02 1.0255075e-01 1.7180083e-01
-1.0963964e+01 5.9516181e-02 1.0538513e-01 1.7509165e-01
-1.0954955e+01 6.1793349e-02 1.0842219e-01 1.7869815e-01
-1.0945946e+01 6.4176358e-02 1.1153639e-01 1.8231876e-01
-1.0936937e+01 6.6520175e-02 1.1466927e-01 1.8586503e-01
-1.0927928e+01 6.8889960e-02 1.1792893e-01 1.8966203e-01
-1.0918919e+01 7.1516914e-02 1.2114510e-01 1.9353196e-01
-1.0909910e+01 7.4149253e-02 1.2458952e-01 1.9743661e-01
-1.0900901e+01 7.6854860e-02 1.2816435e-01 2.0163972e-01
-1.0891892e+01 7.9573974e-02 1.3171847e-01 2.0580414e-01
-1.0882883e+01 8.2329688e-02 1.3529449e-01 2.0992033e-01
-1.0873874e+01 8.5194788e-02 1.3908028e-01 2.1417580e-01
-1.0864865e+01 8.8041859e-02 1.4286153e-01 2.1868038e-01
-1.0855856e+01 9.1120147e-02 1.4671628e-01 2.2312710e-01
-1.0846847e+01 9.4169633e-02 1.5077439e-01 2.2788601e-01
-1.0837838e+01 9.7292436e-02 1.5480415e-01 2.3268834e-01
-1.0828829e+01 1.0062247e-01 1.5898626e-01 2.3736975e-01
-1.0819820e+01 1.0404647e-01 1.6309503e-01 2.4247121e-01
-1.0810811e+01 1.0741664e-01 1.6744743e-01 2.4749969e-01
-1.0801802e+01 1.1099160e-01 1.7191512e-01 2.5270075e-01
-1.0792793e+01 1.1453729e-01 1.7629877e-01 2.5792867e-01
-1.0783784e+01 1.1817093e-01 1.8078341e-01 2.6338250e-01
-1.0774775e+01 1.2200736e-01 1.8543495e-01 2.6875776e-01
-1.0765766e+01 1.2583859e-01 1.9015266e-01 2.7444404e-01
-1.0756757e+01 1.2972666e-01 1.9501980e-01 2.8020186e-01
-1.0747748e+01 1.3382347e-01 1.9991128e-01 2.8576468e-01
-1.0738739e+01 1.3784555e-01 2.0498935e-01 2.9171846e-01
-1.0729730e+01 1.4199148e-01 2.1011954e-01 2.9775248e-01
-1.0720721e+01 1.4610205e-01 2.1533732e-01 3.0345582e-01
-1.0711712e+01 1.5032271e-01 2.2067113e-01 3.0954164e-01
-1.0702703e+01 1.5477610e-01 2.2613585e-01 3.1556368e-01
-1.0693694e+01 1.5927222e-01 2.3169504e-01 3.2194912e-01
-1.0684685e+01 1.6398288e-01 2.3735634e-01 3.2813394e-01
-1.0675676e+01 1.6858704e-01 2.4303881e-01 3.3453006e-01
-1.0666667e+01 1.7347563e-01 2.4890927e-01 3.4113631e-01
-1.0657658e+01 1.7825774e-01 2.5469460e-01 3.4779429e-01
-1.0648649e+01 1.8315921e-01 2.6075305e-01 3.5441796e-01
-1.0639640e+01 1.8805361e-01 2.6674782e-01 3.6114498e-01
-1.0630631e+01 1.9325138e-01 2.7275825e-01 3.6814599e-01
-1.0621622e+01 1.9845329e-01 2.7904429e-01 3.7509173e-01
-1.0612613e+01 2.0372007e-01 2.8532052e-01 3.8236456e-01
-1.0603604e+01 2.0905892e-01 2.9180675e-01 3.8951508e-01
-1.0594595e+01 2.1438006e-01 2.9828052e-01 3.9682702e-01
-1.0585586e+01 2.2008413e-01 3.0485053e-01 4.0410123e-01
-1.0576577e+01 2.2554176e-01 3.1155715e-01 4.1176228e-01
-1.0567568e+01 2.3125440e-01 3.1801528e-01 4.1909135e-01
-1.0558559e+01 2.3714428e-01 3.2481862e-01 4.2677995e-01
-1.0549550e+01 2.4309621e-01 3.3174501e-01 4.3442299e-01
-1.0540541e+01 2.4908896e-01 3.3879862e-01 4.4186307e-01
-1.0531532e+01 2.5504994e-01 3.4578231e-01 4.4992732e-01
-1.0522523e+01 2.6100193e-01 3.5285758e-01 4.5801519e-01
-1.0513514e+01 2.6726027e-01 3.6003306e-01 4.6578483e-01
-1.0504505e+01 2.7344087e-01 3.6723942e-01 4.7375882e-01
-1.0495495e+01 2.7981108e-01 3.7452825e-01 4.8220064e-01
-1.0486486e+01 2.8631753e-01 3.8200095e-01 4.9034664e-01
-1.0477477e+01 2.9289209e-01 3.8972873e-01 4.9839612e-01
-1.0468468e+01 2.9942968e-01 3.9726392e-01 5.0679466e-01
-1.0459459e+01 3.0605811e-01 4.0489487e-01 5.1514536e-01
-1.0450450e+01 3.1270989e-01 4.1264059e-01 5.2344799e-01
-1.0441441e+01 3.1942585e-01 4.2030128e-01 5.3186663e-01
-1.0432432e+01 3.2616723e-01 4.2811269e-01 5.4024327e-01
-1.0423423e+01 3.3303886e-01 4.3584718e-01 5.4878182e-01
-1.0414414e+01 3.3997519e-01 4.4371133e-01 5.5746400e-01
-1.0405405e+01 3.4685309e-01 4.5180592e-01 5.6610457e-01
-1.0396396e+01 3.5390833e-01 4.6007068e-01 5.7513777e-01
-1.0387387e+01 3.6075905e-01 4.6804384e-01 5.8386505e-01
-1.0378378e+01 3.6804769e-01 4.7632260e-01 5.9269468e-01
-1.0369369e+01 3.7531207e-01 4.8424451e-01 6.0176112e-01
-1.0360360e+01 3.8255026e-01 4.9259370e-01 6.1039830e-01
-1.0351351e+01 3.9014930e-01 5.0051015e-01 6.1954683e-01
-1.0342342e+01 3.9771426e-01 5.0878642e-01 6.2847407e-01
-1.0333333e+01 4.0529230e-01 5.1711511e-01 6.3749482e-01
-1.0324324e+01 4.1306147e-01 5.2542626e-01 6.4645073e-01
-1.0315315e+01 4.2052783e-01 5.3370760e-01 6.5539953e-01
-1.0306306e+01 4.2819521e-01 5.4212751e-01 6.6410529e-01
-1.0297297e+01 4.3609785e-01 5.5034464e-01 6.7323388e-01
-1.0288288e+01 4.4384022e-01 5.5881314e-01 6.8230284e-01
-1.0279279e+01 4.5150952e-01 5.6721767e-01 6.9088115e-01
-1.0270270e+01 4.5925700e-01 5.7531918e-01 6.9973829e-01
-1.0261261e+01 4.6692625e-01 5.8374821e-01 7.0880772e-01
-1.0252252e+01 4.7470138e-01 5.9190277e-01 7.1774457e-01
-1.0243243e+01 4.8227631e-01 6.0053846e-01 7.2669735e-01
-1.0234234e+01 4.8986274e-01 6.0879466e-01 7.3575533e-01
-1.0225225e+01 4.9747222e-01 6.1719928e-01 7.4442141e-01
-1.0216216e+01 5.0518042e-01 6.2565009e-01 7.5352467e-01
-1.0207207e+01 5.1297456e-01 6.3413357e-01 7.6220916e-01
-1.0198198e+01 5.2059174e-01 6.4237644e-01 7.7115155e-01
-1.0189189e+01 5.2863294e-01 6.5051550e-01 7.7987219e-01
-1.0180180e+01 5.3638351e-01 6.5897054e-01 7.8861764e-01
-1.0171171e+01 5.4387314e-01 6.6729262e-01 7.9714695e-01
-1.0162162e+01 5.5155711e-01 6.7557916e-01 8.0560487e-01
-1.0153153e+01 5.5889693e-01 6.8382942e-01 8.1415383e-01
-1.0144144e+01 5.6671341e-01 6.9189320e-01 8.2275876e-01
-1.0135135e+01 5.7443347e-01 7.0015002e-01 8.3102937e-01
-1.0126126e+01 5.8204597e-01 7.0817799e-01 8.3940791e-01
-1.0117117e+01 5.8957292e-01 7.1624068e-01 8.4780653e-01
-1.0108108e+01 5.9706548e-01 7.2430552e-01 8.5652176e-01
-1.0099099e+01 6.0446691e-01 7.3225060e-01 8.6458628e-01
-1.0090090e+01 6.1227526e-01 7.4012015e-01 8.7287595e-01
-1.0081081e+01 6.1957561e-01 7.4804691e-01 8.8086274e-01
-1.0072072e+01 6.2682454e-01 7.5620557e-01 8.8876723e-01
-1.0063063e+01 6.3408366e-01 7.6392461e-01 8.9663159e-01
-1.0054054e+01 6.4126822e-01 7.7160165e-01 9.0436258e-01
-1.0045045e+01 6.4843694e-01 7.7903199e-01 9.1250434e-01
-1.0036036e+01 6.5533898e-01 7.8659453e-01 9.2022834e-01
-1.0027027e+01 6.6241934e-01 7.9397123e-01 9.2810273e-01
-1.0018018e+01 6.6935622e-01 8.0103573e-01 9.3543734e-01
-1.0009009e+01 6.7665888e-01 8.0853557e-01 9.4289218e-01
-1.0000000e+01 6.8362309e-01 8.1554227e-01 9.5019403e-01
-9.9909910e+00 6.9047696e-01 8.2251259e-01 9.5757885e-01
-9.9819820e+00 6.9724448e-01 8.2984902e-01 9.6496937e-01
-9.9729730e+00 7.0392741e-01 8.3697908e-01 9.7226274e-01
-9.9639640e+00 7.1019012e-01 8.4361166e-01 9.7883443e-01
-9.9549550e+00 7.1674064e-01 8.5025419e-01 9.8574080e-01
-9.9459459e+00 7.2313460e-01 8.5690601e-01 9.9219350e-01
-9.9369369e+00 7.2906637e-01 8.6313033e-01 9.9900484e-01
-9.9279279e+00 7.3499656e-01 8.6920638e-01 1.0057765e+00
-9.9189189e+00 7.4101942e-01 8.7527862e-01 1.0117255e+00
-9.9099099e+00 7.4678788e-01 8.8146596e-01 1.0181011e+00
-9.9009009e+00 7.5261519e-01 8.8727300e-01 1.0241539e+00
-9.8918919e+00 7.5851811e-01 8.9297932e-01 1.0303444e+00
-9.8828829e+00 7.6374849e-01 8.9861456e-01 1.0362445e+00
-9.8738739e+00 7.6912347e-01 9.0407733e-01 1.0421613e+00
-9.8648649e+00 7.7408679e-01 9.0949279e-01 1.0478541e+00
-9.8558559e+00 7.7935968e-01 9.1477800e-01 1.0532687e+00
-9.8468468e+00 7.8414696e-01 9.1974734e-01 1.0582539e+00
-9.8378378e+00 7.8930259e-01 9.2458840e-01 1.0633278e+00
-9.8288288e+00 7.9400711e-01 9.2928690e-01 1.0683376e+00
-9.8198198e+00 7.9858749e-01 9.3408506e-01 1.0732683e+00
-9.8108108e+00 8.0305225e-01 9.3854220e-01 1.0778298e+00
-9.8018018e+00 8.0737915e-01 9.4276410e-01 1.0822369e+00
-9.7927928e+00 8.1130135e-01 9.4688309e-01 1.0865994e+00
-9.7837838e+00 8.1504017e-01 9.5103000e-01 1.0910501e+00
-9.7747748e+00 8.1926415e-01 9.5455718e-01 1.0948446e+00
-9.7657658e+00 8.2313193e-01 9.5878331e-01 1.0984926e+00
-9.7567568e+00 8.2671833e-01 9.6244023e-01 1.1018136e+00
-9.7477477e+00 8.3042296e-01 9.6582775e-01 1.1053612e+00
-9.7387387e+00 8.3387462e-01 9.6926200e-01 1.1084925e+00
-9.7297297e+00 8.3691511e-01 9.7233663e-01 1.1118521e+00
-9.7207207e+00 8.3954470e-01 9.7527054e-01 1.1144913e+00
-9.7117117e+00 8.4247124e-01 9.7816593e-01 1.1169310e+00
-9.7027027e+00 8.4519091e-01 9.8047025e-01 1.1194031e+00
-9.6936937e+00 8.4766972e-01 9.8295780e-01 1.1218289e+00
-9.6846847e+00 8.5003003e-01 9.8562780e-01 1.1238846e+00
-9.6756757e+00 8.5193605e-01 9.8781253e-01 1.1259580e+00
-9.6666667e+00 8.5398830e-01 9.8957263e-01 1.1280041e+00
-9.6576577e+00 8.5532973e-01 9.9117750e-01 1.1295382e+00
-9.6486486e+00 8.5681391e-01 9.9280237e-01 1.1308011e+00
-9.6396396e+00 8.5815442e-01 9.9467046e-01 1.1322982e+00
-9.6306306e+00 8.5954803e-01 9.9637455e-01 1.1334302e+00
-9.6216216e+00 8.6056124e-01 9.9733028e-01 1.1346552e+00
-9.6126126e+00 8.6131776e-01 9.9803111e-01 1.1351574e+00
-9.6036036e+00 8.6198177e-01 9.9868120e-01 1.1354579e+00
-9.5945946e+00 8.6230240e-01 9.9921212e-01 1.1358552e+00
-9.5855856e+00 8.6268856e-01 9.9969038e-01 1.1361119e+00
-9.5765766e+00 8.6309591e-01 9.9979597e-01 1.1363678e+00
-9.5675676e+00 8.6312199e-01 1.0000000e+00 1.1362852e+00
-9.5585586e+00 8.6362951e-01 9.9977090e-01 1.1360024e+00
-9.5495495e+00 8.6362392e-01 9.9958268e-01 1.1355154e+00
-9.5405405e+00 8.6300453e-01 9.9861351e-01 1.1348950e+00
-9.5315315e+00 8.6276126e-01 9.9784316e-01 1.1342383e+00
-9.5225225e+00 8.6232623e-01 9.9678183e-01 1.1336685e+00
-9.5135135e+00 8.6184815e-01 9.9583137e-01 1.1324213e+00
-9.5045045e+00 8.6068261e-01 9.9464940e-01 1.1309822e+00
-9.4954955e+00 8.5997918e-01 9.9327060e-01 1.1296453e+00
-9.4864865e+00 8.5855410e-01 9.9197126e-01 1.1279550e+00
-9.4774775e+00 8.5731587e-01 9.9032723e-01 1.1262813e+00
-9.4684685e+00 8.5563576e-01 9.8855965e-01 1.1239587e+00
-9.4594595e+00 8.5391745e-01 9.8666644e-01 1.1216369e+00
-9.4504505e+00 8.5193658e-01 9.8471510e-01 1.1192359e+00
-9.4414414e+00 8.4984422e-01 9.8249634e-01 1.1171183e+00
-9.4324324e+00 8.4757309e-01 9.8016259e-01 1.1144558e+00
-9.4234234e+00 8.4499928e-01 9.7752455e-01 1.1117093e+00
-9.4144144e+00 8.4245787e-01 9.7477196e-01 1.1091018e+00
-9.4054054e+00 8.3981690e-01 9.7165899e-01 1.1062188e+00
-9.3963964e+00 8.3712037e-01 9.6874656e-01 1.1030745e+00
-9.3873874e+00 8.3421781e-01 9.6581383e-01 1.0997618e+00
-9.3783784e+00 8.3133765e-01 9.6248614e-01 1.0963724e+00
-9.3693694e+00 8.2822316e-01 9.5905665e-01 1.0929757e+00
-9.3603604e+00 8.2462616e-01 9.5523389e-01 1.0895170e+00
-9.3513514e+00 8.2098541e-01 9.5175583e-01 1.0854359e+00
-9.3423423e+00 8.1699917e-01 9.4801110e-01 1.0815715e+00
-9.3333333e+00 8.1341742e-01 9.4375135e-01 1.0775340e+00
-9.3243243e+00 8.0944902e-01 9.3957514e-01 1.0734493e+00
-9.3153153e+00 8.0552014e-01 9.3563695e-01 1.0690401e+00
-9.3063063e+00 8.0123616e-01 9.3132617e-01 1.0646272e+00
-9.2972973e+00 7.9712357e-01 9.2705723e-01 1.0601716e+00
-9.2882883e+00 7.9234298e-01 9.2265565e-01 1.0555140e+00
-9.2792793e+00 7.8769806e-01 9.1800184e-01 1.0504660e+00
-9.2702703e+00 7.8292176e-01 9.1307528e-01 1.0454024e+00
-9.2612613e+00 7.7779376e-01 9.0845757e-01 1.0407469e+00
-9.2522523e+00 7.7307751e-01 9.0341835e-01 1.0356628e+00
-9.2432432e+00 7.6814852e-01 8.9831368e-01 1.0302612e+00
-9.2342342e+00 7.6345650e-01 8.9308292e-01 1.0248947e+00
-9.2252252e+00 7.5857104e-01 8.8795434e-01 1.0198174e+00
-9.2162162e+00 7.5301620e-01 8.8276094e-01 1.0145970e+00
-9.2072072e+00 7.4766872e-01 8.7742377e-01 1.0091722e+00
-9.1981982e+00 7.4213971e-01 8.7185637e-01 1.0037190e+00
-9.1891892e+00 7.3643692e-01 8.6620648e-01 9.9832885e-01
-9.1801802e+00 7.3123510e-01 8.6082071e-01 9.9253882e-01
-9.1711712e+00 7.2582388e-01 8.5490993e-01 9.8667098e-01
-9.1621622e+00 7.2021379e-01 8.4911569e-01 9.8059092e-01
-9.1531532e+00 7.1458824e-01 8.4278250e-01 9.7467110e-01
-9.1441441e+00 7.0870976e-01 8.3676677e-01 9.6890870e-01
-9.1351351e+00 7.0279895e-01 8.3087236e-01 9.6292930e-01
-9.1261261e+00 6.9707314e-01 8.2456918e-01 9.5699078e-01
-9.1171171e+00 6.9099169e-01 8.1829400e-01 9.5082212e-01
-9.1081081e+00 6.8474934e-01 8.1194109e-01 9.4484373e-01
-9.0990991e+00 6.7872702e-01 8.0586539e-01 9.3847144e-01
-9.0900901e+00 6.7270476e-01 7.9933888e-01 9.3164895e-01
-9.0810811e+00 6.6649723e-01 7.9262568e-01 9.2510488e-01
-9.0720721e+00 6.6038438e-01 7.8611823e-01 9.1843800e-01
-9.0630631e+00 6.5438891e-01 7.7967656e-01 9.1237101e-01
-9.0540541e+00 6.4783325e-01 7.7320698e-01 9.0593249e-01
-9.0450450e+00 6.4137687e-01 7.6669514e-01 8.9895718e-01
-9.0360360e+00 6.3499042e-01 7.5989305e-01 8.9272106e-01
-9.0270270e+00 6.2828682e-01 7.5346775e-01 8.8599942e-01
-9.0180180e+00 6.2165472e-01 7.4669854e-01 8.7984942e-01
-9.0090090e+00 6.1498339e-01 7.4028746e-01 8.7304723e-01
-9.0000000e+00 6.0855837e-01 7.3376822e-01 8.6659007e-01
-8.9909910e+00 6.0200085e-01 7.2702115e-01 8.5959352e-01
-8.9819820e+00 5.9540658e-01 7.2040842e-01 8.5308150e-01
-8.9729730e+00 5.8851849e-01 7.1377665e-01 8.4667143e-01
-8.9639640e+00 5.8193760e-01 7.0680387e-01 8.3988525e-01
-8.9549550e+00 5.7529741e-01 7.0029032e-01 8.3264722e-01
-8.9459459e+00 5.6834196e-01 6.9341656e-01 8.2615350e-01
-8.9369369e+00 5.6168114e-01 6.8653475e-01 8.1891106e-01
-8.9279279e+00 5.5489008e-01 6.7983520e-01 8.1175384e-01
-8.9189189e+00 5.4840220e-01 6.7285829e-01 8.0477573e-01
-8.9099099e+00 5.4176127e-01 6.6591492e-01 7.9803054e-01
-8.9009009e+00 5.3516502e-01 6.5897175e-01 7.9120256e-01
-8.8918919e+00 5.2869116e-01 6.5203250e-01 7.8450059e-01
-8.8828829e+00 5.2221957e-01 6.4531801e-01 7.7792827e-01
-8.8738739e+00 5.1587911e-01 6.3859479e-01 7.7053506e-01
-8.8648649e+00 5.0969717e-01 6.3153605e-01 7.6346528e-01
-8.8558559e+00 5.0316406e-01 6.2458435e-01 7.5677453e-01
-8.8468468e+00 4.9656076e-01 6.1756804e-01 7.4992260e-01
-8.8378378e+00 4.8973724e-01 6.1084400e-01 7.4329225e-01
-8.8288288e+00 4.8314544e-01 6.0407724e-01 7.3631562e-01
-8.8198198e+00 4.7645875e-01 5.9715058e-01 7.2941081e-01
-8.8108108e+00 4.6968152e-01 5.9042306e-01 7.2271961e-01
-8.8018018e+00 4.6323124e-01 5.8358642e-01 7.1569419e-01
-8.7927928e+00 4.5711837e-01 5.7686883e-01 7.0877927e-01
-8.7837838e+00 4.5085941e-01 5.7040020e-01 7.0210382e-01
-8.7747748e+00 4.4433509e-01 5.6362706e-01 6.9521458e-01
-8.7657658e+00 4.3804848e-01 5.5690263e-01 6.8870507e-01
-8.7567568e+00 4.3201297e-01 5.5017460e-01 6.8206777e-01
-8.7477477e+00 4.2606625e-01 5.4375965e-01 6.7542106e-01
-8.7387387e+00 4.1975212e-01 5.3715982e-01 6.6874428e-01
-8.7297297e+00 4.1371466e-01 5.3049546e-01 6.6208930e-01
-8.7207207e+00 4.0756394e-01 5.2409137e-01 6.5547868e-01
-8.7117117e+00 4.0154523e-01 5.1795237e-01 6.4899479e-01
-8.7027027e+00 3.9599595e-01 5.1159676e-01 6.4221561e-01
-8.6936937e+00 3.9029095e-01 5.0528173e-01 6.3581419e-01
-8.6846847e+00 3.8425446e-01 4.9897678e-01 6.2913527e-01
-8.6756757e+00 3.7849908e-01 4.9267793e-01 6.2254142e-01
-8.6666667e+00 3.7252893e-01 4.8647890e-01 6.1631926e-01
-8.6576577e+00 3.6663443e-01 4.8039615e-01 6.0985461e-01
-8.6486486e+00 3.6097773e-01 4.7425619e-01 6.0320077e-01
-8.6396396e+00 3.5521928e-01 4.6818288e-01 5.9663256e-01
-8.6306306e+00 3.4948762e-01 4.6226780e-01 5.9011148e-01
-8.6216216e+00 3.4381791e-01 4.5632609e-01 5.8421624e-01
-8.6126126e+00 3.3834786e-01 4.5052055e-01 5.7756203e-01
-8.6036036e+00 3.3296318e-01 4.4473532e-01 5.7147728e-01
-8.5945946e+00 3.2753868e-01 4.3900491e-01 5.6513615e-01
-8.5855856e+00 3.2209180e-01 4.3344295e-01 5.5896132e-01
-8.5765766e+00 3.1676080e-01 4.2773606e-01 5.5311266e-01
-8.5675676e+00 3.1160272e-01 4.2238045e-01 5.4715509e-01
-8.5585586e+00 3.0667827e-01 4.1682170e-01 5.4152105e-01
-8.5495495e+00 3.0158265e-01 4.1146127e-01 5.3573664e-01
-8.5405405e+00 2.9672131e-01 4.0580341e-01 5.2995498e-01
-8.5315315e+00 2.9190623e-01 4.0069601e-01 5.2454605e-01
-8.5225225e+00 2.8721659e-01 3.9564578e-01 5.1877304e-01
-8.5135135e+00 2.8256967e-01 3.9036855e-01 5.1339178e-01
-8.5045045e+00 2.7793345e-01 3.8504082e-01 5.0755796e-01
-8.4954955e+00 2.7324826e-01 3.8003991e-01 5.0178630e-01
-8.4864865e+00 2.6847617e-01 3.7532555e-01 4.9629127e-01
-8.4774775e+00 2.6416865e-01 3.7041848e-01 4.9113862e-01
-8.4684685e+00 2.5973332e-01 3.6545189e-01 4.8586256e-01
-8.4594595e+00 2.5557475e-01 3.6073237e-01 4.8042667e-01
-8.4504505e+00 2.5127301e-01 3.5598723e-01 4.7523664e-01
-8.4414414e+00 2.4701310e-01 3.5147806e-01 4.7013074e-01
-8.4324324e+00 2.4266893e-01 3.4668607e-01 4.6509634e-01
-8.4234234e+00 2.3868625e-01 3.4177973e-01 4.6014103e-01
-8.4144144e+00 2.3452753e-01 3.3694545e-01 4.5509760e-01
-8.4054054e+00 2.3071733e-01 3.3255808e-01 4.5043509e-01
-8.3963964e+00 2.2685778e-01 3.2823164e-01 4.4553298e-01
-8.3873874e+00 2.2298972e-01 3.2388584e-01 4.4073895e-01
-8.3783784e+00 2.1908856e-01 3.1948810e-01 4.3601735e-01
-8.3693694e+00 2.1558905e-01 3.1540641e-01 4.3146927e-01
-8.3603604e+00 2.1186781e-01 3.1123218e-01 4.2698838e-01
-8.3513514e+00 2.0813323e-01 3.0705056e-01 4.2257410e-01
-8.3423423e+00 2.0464245e-01 3.0314330e-01 4.1797247e-01
-8.3333333e+00 2.0121626e-01 2.9914145e-01 4.1359974e-01
-8.3243243e+00 1.9777952e-01 2.9534487e-01 4.0929983e-01
-8.3153153e+00 1.9447182e-01 2.9154932e-01 4.0489758e-01
-8.3063063e+00 1.9106423e-01 2.8766528e-01 4.0057045e-01
-8.2972973e+00 1.8788121e-01 2.8389730e-01 3.9662003e-01
-8.2882883e+00 1.8453057e-01 2.7988918e-01 3.9287031e-01
-8.2792793e+00 1.8131928e-01 2.7627800e-01 3.8911234e-01
-8.2702703e+00 1.7816061e-01 2.7253719e-01 3.8517265e-01
-8.2612613e+00 1.7514006e-01 2.6889217e-01 3.8133600e-01
-8.2522523e+00 1.7233895e-01 2.6534292e-01 3.7783433e-01
-8.2432432e+00 1.6944749e-01 2.6184076e-01 3.7404364e-01
-8.2342342e+00 1.6651028e-01 2.5838219e-01 3.7056675e-01
-8.2252252e+00 1.6386608e-01 2.5491839e-01 3.6682914e-01
-8.2162162e+00 1.6117996e-01 2.5151874e-01 3.6275584e-01
-8.2072072e+00 1.5841448e-01 2.4826686e-01 3.5887970e-01
-8.1981982e+00 1.5558000e-01 2.4507770e-01 3.5491728e-01
-8.1891892e+00 1.5280462e-01 2.4181739e-01 3.5164300e-01
-8.1801802e+00 1.5018539e-01 2.3896648e-01 3.4850888e-01
-8.1711712e+00 1.4762519e-01 2.3591012e-01 3.4513883e-01
-8.1621622e+00 1.4530116e-01 2.3323336e-01 3.4169260e-01
-8.1531532e+00 1.4300979e-01 2.3035814e-01 3.3847105e-01
-8.1441441e+00 1.4057143e-01 2.2753155e-01 3.3540724e-01
-8.1351351e+00 1.3812465e-01 2.2487272e-01 3.3228309e-01
-8.1261261e+00 1.3599584e-01 2.2210815e-01 3.2920934e-01
-8.1171171e+00 1.3353004e-01 2.1938823e-01 3.2620718e-01
-8.1081081e+00 1.3131874e-01 2.1678676e-01 3.2304232e-01
-8.0990991e+00 1.2908539e-01 2.1425148e-01 3.1998025e-01
-8.0900901e+00 1.2691301e-01 2.1159705e-01 3.1692456e-01
-8.0810811e+00 1.2486508e-01 2.0903554e-01 3.1405373e-01
-8.0720721e+00 1.2275712e-01 2.0660493e-01 3.1080456e-01
-8.0630631e+00 1.2070524e-01 2.0387252e-01 3.0769826e-01
-8.0540541e+00 1.1871664e-01 2.0139146e-01 3.0514692e-01
-8.0450450e+00 1.1693878e-01 1.9888326e-01 3.0228393e-01
-8.0360360e+00 1.1498836e-01 1.9645304e-01 2.9942003e-01
-8.0270270e+00 1.1300745e-01 1.9394090e-01 2.9680071e-01
-8.0180180e+00 1.1111194e-01 1.9152234e-01 2.9407570e-01
-8.0090090e+00 1.0920225e-01 1.8923273e-01 2.9157958e-01
-8.0000000e+00 1.0719978e-01 1.8684620e-01 2.8880250e-01
-7.9909910e+00 1.0539286e-01 1.8447364e-01 2.8586980e-01
-7.9819820e+00 1.0375004e-01 1.8212823e-01 2.8326034e-01
-7.9729730e+00 1.0196005e-01 1.7997545e-01 2.8072560e-01
-7.9639640e+00 1.0014651e-01 1.7789336e-01 2.7810021e-01
-7.9549550e+00 9.8461420e-02 1.7583639e-01 2.7550098e-01
-7.9459459e+00 9.6894809e-02 1.7384608e-01 2.7307533e-01
-7.9369369e+00 9.5211681e-02 1.7187434e-01 2.7064186e-01
-7.9279279e+00 9.3579145e-02 1.6979440e-01 2.6807663e-01
-7.9189189e+00 9.2080129e-02 1.6760954e-01 2.6549991e-01
-7.9099099e+00 9.0499306e-02 1.6562208e-01 2.6305290e-01
-7.9009009e+00 8.8759935e-02 1.6379254e-01 2.6087314e-01
-7.8918919e+00 8.7250760e-02 1.6187835e-01 2.5855896e-01
-7.8828829e+00 8.5724756e-02 1.5987978e-01 2.5618335e-01
-7.8738739e+00 8.4309799e-02 1.5805028e-01 2.5370375e-01
-7.8648649e+00 8.2711717e-02 1.5643675e-01 2.5137348e-01
-7.8558559e+00 8.1108555e-02 1.5458082e-01 2.4883868e-01
-7.8468468e+00 7.9643969e-02 1.5283957e-01 2.4671521e-01
-7.8378378e+00 7.8238387e-02 1.5087342e-01 2.4464351e-01
-7.8288288e+00 7.6914449e-02 1.4904905e-01 2.4203241e-01
-7.8198198e+00 7.5704826e-02 1.4730335e-01 2.3959809e-01
-7.8108108e+00 7.4556297e-02 1.4549758e-01 2.3725063e-01
-7.8018018e+00 7.3235716e-02 1.4380873e-01 2.3499536e-01
-7.7927928e+00 7.1892637e-02 1.4202652e-01 2.3271704e-01
-7.7837838e+00 7.0686046e-02 1.4020548e-01 2.3057724e-01
-7.7747748e+00 6.9636802e-02 1.3850305e-01 2.2851238e-01
-7.7657658e+00 6.8323234e-02 1.3677324e-01 2.2655608e-01
-7.7567568e+00 6.7204402e-02 1.3506717e-01 2.2420763e-01
-7.7477477e+00 6.6093981e-02 1.3339553e-01 2.2205073e-01
-7.7387387e+00 6.5138907e-02 1.3193210e-01 2.1989472e-01
-7.7297297e+00 6.4089308e-02 1.3017291e-01 2.1790104e-01
-7.7207207e+00 6.2947849e-02 1.2861376e-01 2.1562852e-01
-7.7117117e+00 6.1977743e-02 1.2704062e-01 2.1371341e-01
-7.7027027e+00 6.0967293e-02 1.2534477e-01 2.1178193e-01
-7.6936937e+00 5.9964103e-02 1.2381625e-01 2.0973030e-01
-7.6846847e+00 5.8950690e-02 1.2227430e-01 2.0760088e-01
-7.6756757e+00 5.8058356e-02 1.2073785e-01 2.0555845e-01
-7.6666667e+00 5.7136175e-02 1.1937807e-01 2.0401863e-01
-7.6576577e+00 5.6245729e-02 1.1781784e-01 2.0225166e-01
-7.6486486e+00 5.5345023e-02 1.1641242e-01 2.0046859e-01
-7.6396396e+00 5.4547028e-02 1.1495690e-01 1.9852925e-01
-7.6306306e+00 5.3689158e-02 1.1356461e-01 1.9670846e-01
-7.6216216e+00 5.2830140e-02 1.1217942e-01 1.9487277e-01
-7.6126126e+00 5.2019189e-02 1.1089298e-01 1.9307626e-01
-7.6036036e+00 5.1157295e-02 1.0945064e-01 1.9143233e-01
-7.5945946e+00 5.0319300e-02 1.0806538e-01 1.8976739e-01
-7.5855856e+00 4.9493398e-02 1.0672189e-01 1.8805416e-01
-7.5765766e+00 4.8720442e-02 1.0545613e-01 1.8631995e-01
-7.5675676e+00 4.7862178e-02 1.0413163e-01 1.8462818e-01
-7.5585586e+00 4.7049864e-02 1.0290385e-01 1.8296840e-01
-7.5495495e+00 4.6192499e-02 1.0178690e-01 1.8132216e-01
-7.5405405e+00 4.5474930e-02 1.0065435e-01 1.7987547e-01
-7.5315315e+00 4.4611299e-02 9.9589713e-02 1.7831267e-01
-7.5225225e+00 4.3827134e-02 9.8271583e-02 1.7702300e-01
-7.5135135e+00 4.2989582e-02 9.7020309e-02 1.7551626e-01
-7.5045045e+00 4.2211681e-02 9.5785053e-02 1.7432022e-01
-7.4954955e+00 4.1411591e-02 9.4602761e-02 1.7270242e-01
-7.4864865e+00 4.0551562e-02 9.3455562e-02 1.7124583e-01
-7.4774775e+00 3.9734910e-02 9.2251716e-02 1.6990971e-01
-7.4684685e+00 3.8910616e-02 9.1136605e-02 1.6850663e-01
-7.4594595e+00 3.8174818e-02 9.0023573e-02 1.6705655e-01
-7.4504505e+00 3.7334696e-02 8.9019718e-02 1.6560762e-01
-7.4414414e+00 3.6646952e-02 8.7974325e-02 1.6442556e-01
-7.4324324e+00 3.5973383e-02 8.6824838e-02 1.6334242e-01
-7.4234234e+00 3.5302866e-02 8.5860852e-02 1.6201981e-01
-7.4144144e+00 3.4660042e-02 8.4831273e-02 1.6090226e-01
-7.4054054e+00 3.3906644e-02 8.3854253e-02 1.5966806e-01
-7.3963964e+00 3.3135523e-02 8.2928775e-02 1.5843599e-01
-7.3873874e+00 3.2300041e-02 8.1837491e-02 1.5716094e-01
-7.3783784e+00 3.1610715e-02 8.0852080e-02 1.5587634e-01
-7.3693694e+00 3.0998643e-02 7.9849752e-02 1.5475311e-01
-7.3603604e+00 3.0356878e-02 7.8975209e-02 1.5385351e-01
-7.3513514e+00 2.9756911e-02 7.8144668e-02 1.5300218e-01
-7.3423423e+00 2.9130350e-02 7.7393797e-02 1.5211618e-01
-7.3333333e+00 2.8459232e-02 7.6458676e-02 1.5119550e-01
-7.3243243e+00 2.7752293e-02 7.5570086e-02 1.5020476e-01
-7.3153153e+00 2.7083416e-02 7.4633844e-02 1.4912438e-01
-7.3063063e+00 2.6405409e-02 7.3942080e-02 1.4828723e-01
-7.2972973e+00 2.5728750e-02 7.3008369e-02 1.4723758e-01
-7.2882883e+00 2.5023472e-02 7.2162979e-02 1.4622021e-01
-7.2792793e+00 2.4346613e-02 7.1382030e-02 1.4538539e-01
-7.2702703e+00 2.3656725e-02 7.0548754e-02 1.4441685e-01
-7.2612613e+00 2.2998458e-02 6.9917582e-02 1.4361020e-01
-7.2522523e+00 2.2345228e-02 6.9184136e-02 1.4292643e-01
-7.2432432e+00 2.1738445e-02 6.8404582e-02 1.4228628e-01
-7.2342342e+00 2.1027616e-02 6.7667698e-02 1.4169232e-01
-7.2252252e+00 2.0354607e-02 6.6940801e-02 1.4101092e-01
-7.2162162e+00 1.9729668e-02 6.6119850e-02 1.4017626e-01
-7.2072072e+00 1.9111864e-02 6.5375236e-02 1.3942215e-01
-7.1981982e+00 1.8520116e-02 6.4654333e-02 1.3871253e-01
-7.1891892e+00 1.7909414e-02 6.4002077e-02 1.3797068e-01
-7.1801802e+00 1.7308958e-02 6.3298390e-02 1.3700127e-01
-7.1711712e+00 1.6727778e-02 6.2634124e-02 1.3642317e-01
-7.1621622e+00 1.6148755e-02 6.1952964e-02 1.3564306e-01
-7.1531532e+00 1.5590109e-02 6.1252398e-02 1.3497033e-01
-7.1441441e+00 1.4996744e-02 6.0718976e-02 1.3422484e-01
-7.1351351e+00 1.4447636e-02 6.0089088e-02 1.3352146e-01
-7.1261261e+00 1.3870264e-02 5.9567714e-02 1.3291376e-01
-7.1171171e+00 1.3315718e-02 5.8939582e-02 1.3218138e-01
-7.1081081e+00 1.2817636e-02 5.8438441e-02 1.3138082e-01
-7.0990991e+00 1.2352702e-02 5.7890766e-02 1.3093981e-01
-7.0900901e+00 1.1862612e-02 5.7370880e-02 1.3013542e-01
-7.0810811e+00 1.1393208e-02 5.6780368e-02 1.2934614e-01
-7.0720721e+00 1.0922468e-02 5.6267559e-02 1.2870017e-01
-7.0630631e+00 1.0478728e-02 5.5771105e-02 1.2811412e-01
-7.0540541e+00 1.0062084e-02 5.5286328e-02 1.2744734e-01
-7.0450450e+00 9.6051853e-03 5.4909110e-02 1.2687935e-01
-7.0360360e+00 9.2028662e-03 5.4531338e-02 1.2618437e-01
-7.0270270e+00 8.8144634e-03 5.4177553e-02 1.2548946e-01
-7.0180180e+00 8.4196333e-03 5.3878548e-02 1.2488157e-01
-7.0090090e+00 8.0568892e-03 5.3500802e-02 1.2414182e-01
-7.0000000e+00 7.6742786e-03 5.3222211e-02 1.2353703e-01
-6.9909910e+00 7.3517811e-03 5.2912008e-02 1.2320199e-01
-6.9819820e+00 7.0128474e-03 5.2704429e-02 1.2266003e-01
-6.9729730e+00 6.6940799e-03 5.2437156e-02 1.2207585e-01
-6.9639640e+00 6.3803154e-03 5.2166270e-02 1.2119558e-01
-6.9549550e+00 6.0886055e-03 5.1869187e-02 1.2040385e-01
-6.9459459e+00 5.8060958e-03 5.1608946e-02 1.1956034e-01
-6.9369369e+00 5.5190414e-03 5.1295666e-02 1.1882251e-01
-6.9279279e+00 5.2514395e-03 5.0983569e-02 1.1795187e-01
-6.9189189e+00 4.9855177e-03 5.0625176e-02 1.1716313e-01
-6.9099099e+00 4.7472977e-03 5.0335865e-02 1.1651902e-01
-6.9009009e+00 4.5039732e-03 4.9995538e-02 1.1582902e-01
-6.8918919e+00 4.2817019e-03 4.9618309e-02 1.1520492e-01
-6.8828829e+00 4.0569279e-03 4.9266948e-02 1.1440538e-01
-6.8738739e+00 3.8386331e-03 4.8923470e-02 1.1367985e-01
-6.8648649e+00 3.6321356e-03 4.8484949e-02 1.1284290e-01
-6.8558559e+00 3.4428991e-03 4.8102602e-02 1.1220030e-01
-6.8468468e+00 3.2581076e-03 4.7710164e-02 1.1144859e-01
-6.8378378e+00 3.0756793e-03 4.7240220e-02 1.1081425e-01
-6.8288288e+00 2.9054320e-03 4.6751808e-02 1.1030199e-01
-6.8198198e+00 2.7449137e-03 4.6312008e-02 1.0957531e-01
-6.8108108e+00 2.5928020e-03 4.5877077e-02 1.0889882e-01
-6.8018018e+00 2.4540860e-03 4.5371687e-02 1.0835994e-01
-6.7927928e+00 2.3224954e-03 4.4857290e-02 1.0796747e-01
-6.7837838e+00 2.2017377e-03 4.4224504e-02 1.0726513e-01
-6.7747748e+00 2.0818048e-03 4.3584976e-02 1.0678697e-01
-6.7657658e+00 1.9626486e-03 4.2974707e-02 1.0630007e-01
-6.7567568e+00 1.8469681e-03 4.2356360e-02 1.0603597e-01
-6.7477477e+00 1.7421122e-03 4.1781219e-02 1.0584182e-01
-6.7387387e+00 1.6394742e-03 4.1156597e-02 1.0551197e-01
-6.7297297e+00 1.5414913e-03 4.0535657e-02 1.0533792e-01
-6.7207207e+00 1.4535310e-03 3.9817574e-02 1.0497671e-01
-6.7117117e+00 1.3670635e-03 3.9084000e-02 1.0460232e-01
-6.7027027e+00 1.2856145e-03 3.8446630e-02 1.0413581e-01
-6.6936937e+00 1.2092360e-03 3.7731526e-02 1.0380686e-01
-6.6846847e+00 1.1350891e-03 3.6982207e-02 1.0324695e-01
-6.6756757e+00 1.0636396e-03 3.6377201e-02 1.0289271e-01
-6.6666667e+00 9.9814487e-04 3.5727018e-02 1.0225849e-01
-6.6576577e+00 9.3646393e-04 3.5021293e-02 1.0173700e-01
-6.6486486e+00 8.7496414e-04 3.4293645e-02 1.0110454e-01
-6.6396396e+00 8.2216384e-04 3.3649212e-02 1.0022113e-01
-6.6306306e+00 7.6956214e-04 3.2911876e-02 9.9523446e-02
-6.6216216e+00 7.2041799e-04 3.2245200e-02 9.8907340e-02
-6.6126126e+00 6.7448295e-04 3.1611950e-02 9.8068623e-02
-6.6036036e+00 6.3044674e-04 3.0943061e-02 9.7130878e-02
-6.5945946e+00 5.9013463e-04 3.0253141e-02 9.6288106e-02
-6.5855856e+00 5.5149074e-04 2.9552064e-02 9.5477178e-02
-6.5765766e+00 5.1556798e-04 2.8830483e-02 9.4449678e-02
-6.5675676e+00 4.8239081e-04 2.8119286e-02 9.3447513e-02
-6.5585586e+00 4.5051141e-04 2.7420263e-02 9.2335535e-02
-6.5495495e+00 4.2072572e-04 2.6689368e-02 9.1341945e-02
-6.5405405e+00 3.9085323e-04 2.6020305e-02 9.0339595e-02
-6.5315315e+00 3.6423871e-04 2.5305767e-02 8.9242903e-02
-6.5225225e+00 3.3911080e-04 2.4613713e-02 8.8099129e-02
-6.5135135e+00 3.1488284e-04 2.3978299e-02 8.7093661e-02
-6.5045045e+00 2.9268914e-04 2.3309158e-02 8.6197006e-02
-6.4954955e+00 2.7216239e-04 2.2698954e-02 8.4932739e-02
-6.4864865e+00 2.5410205e-04 2.1987671e-02 8.3811099e-02
-6.4774775e+00 2.3655928e-04 2.1383666e-02 8.2640960e-02
-6.4684685e+00 2.1977983e-04 2.0789229e-02 8.1586688e-02
-6.4594595e+00 2.0386897e-04 2.0177497e-02 8.0343718e-02
-6.4504505e+00 1.8893191e-04 1.9556227e-02 7.9303333e-02
-6.4414414e+00 1.7505129e-04 1.8991983e-02 7.8222501e-02
-6.4324324e+00 1.6217392e-04 1.8413092e-02 7.7024411e-02
-6.4234234e+00 1.5001079e-04 1.7839194e-02 7.5879139e-02
-6.4144144e+00 1.3871219e-04 1.7255388e-02 7.4741093e-02
-6.4054054e+00 1.2841196e-04 1.6646086e-02 7.3497413e-02
-6.3963964e+00 1.1876492e-04 1.6114942e-02 7.2196393e-02
-6.3873874e+00 1.0990545e-04 1.5592482e-02 7.0962130e-02
-6.3783784e+00 1.0159208e-04 1.5065458e-02 6.9696967e-02
-6.3693694e+00 9.3789326e-05 1.4590152e-02 6.8405819e-02
-6.3603604e+00 8.6532130e-05 1.4071625e-02 6.7338381e-02
-6.3513514e+00 7.9710015e-05 1.3557116e-02 6.6043716e-02
-6.3423423e+00 7.3521764e-05 1.3076876e-02 6.4820986e-02
-6.3333333e+00 6.7829718e-05 1.2655050e-02 6.3662260e-02
-6.3243243e+00 6.2353751e-05 1.2216880e-02 6.2492899e-02
-6.3153153e+00 5.7609520e-05 1.1748346e-02 6.1353129e-02
-6.3063063e+00 5.2938991e-05 1.1355941e-02 6.0194235e-02
-6.2972973e+00 4.8704864e-05 1.0929389e-02 5.9078504e-02
-6.2882883e+00 4.4753132e-05 1.0528425e-02 5.8062921e-02
-6.2792793e+00 4.1218369e-05 1.0120371e-02 5.6996992e-02
-6.2702703e+00 3.7827835e-05 9.7282885e-03 5.5990943e-02
-6.2612613e+00 3.4718578e-05 9.3539472e-03 5.5056333e-02
-6.2522523e+00 3.1844307e-05 8.9785354e-03 5.4042223e-02
-6.2432432e+00 2.9306984e-05 8.6145537e-03 5.3061581e-02
-6.2342342e+00 2.6886911e-05 8.2458617e-03 5.2637274e-02
-6.2252252e+00 2.4638431e-05 7.9156072e-03 5.2405355e-02
-6.2162162e+00 2.2623733e-05 7.5881410e-03 5.2002809e-02
-6.2072072e+00 2.0681465e-05 7.2717992e-03 5.1360355e-02
-6.1981982e+00 1.8928522e-05 6.9649910e-03 5.0801126e-02
-6.1891892e+00 1.7286837e-05 6.6647083e-03 5.0273639e-02
-6.1801802e+00 1.5767953e-05 6.3630731e-03 4.9612941e-02
-6.1711712e+00 1.4396620e-05 6.0694070e-03 4.8786656e-02
-6.1621622e+00 1.3156926e-05 5.8005002e-03 4.8122663e-02
-6.1531532e+00 1.2011911e-05 5.5360560e-03 4.7440676e-02
-6.1441441e+00 1.0960511e-05 5.2814332e-03 4.6578693e-02
-6.1351351e+00 9.9758084e-06 5.0307816e-03 4.5768231e-02
-6.1261261e+00 9.0867090e-06 4.7942880e-03 4.5035790e-02
-6.1171171e+00 8.2762828e-06 4.5596205e-03 4.4390614e-02
-6.1081081e+00 7.5471064e-06 4.3448503e-03 4.3637932e-02
-6.0990991e+00 6.8663286e-06 4.1428164e-03 4.2845338e-02
-6.0900901e+00 6.2557714e-06 3.9466644e-03 4.1964238e-02
-6.0810811e+00 5.6837665e-06 3.7603521e-03 4.1234604e-02
-6.0720721e+00 5.1778658e-06 3.5699520e-03 4.0341226e-02
-6.0630631e+00 4.7054382e-06 3.4020905e-03 3.9606882e-02
-6.0540541e+00 4.2764271e-06 3.2352781e-03 3.8749897e-02
-6.0450450e+00 3.8794336e-06 3.0716311e-03 3.8023857e-02
-6.0360360e+00 3.5177404e-06 2.9110460e-03 3.7277618e-02
-6.0270270e+00 3.1837987e-06 2.7642866e-03 3.6474676e-02
-6.0180180e+00 2.8898963e-06 2.6191686e-03 3.5695664e-02
-6.0090090e+00 2.6187471e-06 2.4794342e-03 3.4927454e-02
-6.0000000e+00 2.3721394e-06 2.3454764e-03 3.4108823e-02
-5.9909910e+00 2.1501156e-06 2.2176626e-03 3.3239814e-02
-5.9819820e+00 1.9471746e-06 2.1023203e-03 3.2474699e-02
-5.9729730e+00 1.7629840e-06 1.9940509e-03 3.1692861e-02
-5.9639640e+00 1.5962491e-06 1.8862265e-03 3.0888911e-02
-5.9549550e+00 1.4433565e-06 1.7833055e-03 3.0201220e-02
-5.9459459e+00 1.3028612e-06 1.6831239e-03 2.9405782e-02
-5.9369369e+00 1.1758282e-06 1.5869247e-03 2.8686950e-02
-5.9279279e+00 1.0614747e-06 1.4988253e-03 2.7869952e-02
-5.9189189e+00 9.5564965e-07 1.4112528e-03 2.7081129e-02
-5.9099099e+00 8.6342929e-07 1.3303358e-03 2.6295182e-02
-5.9009009e+00 7.7966864e-07 1.2545928e-03 2.5652477e-02
-5.8918919e+00 7.0213493e-07 1.1816047e-03 2.4902656e-02
-5.8828829e+00 6.3254503e-07 1.1101555e-03 2.4177872e-02
-5.8738739e+00 5.6894100e-07 1.0451608e-03 2.3451739e-02
-5.8648649e+00 5.1158332e-07 9.8271345e-04 2.2796304e-02
-5.8558559e+00 4.5998473e-07 9.2484204e-04 2.2117983e-02
-5.8468468e+00 4.1382671e-07 8.6690236e-04 2.1421845e-02
-5.8378378e+00 3.7167858e-07 8.1440911e-04 2.0773374e-02
-5.8288288e+00 3.3363825e-07 7.6380135e-04 2.0115324e-02
-5.8198198e+00 2.9928094e-07 7.1698474e-04 1.9465765e-02
-5.8108108e+00 2.6833947e-07 6.7269653e-04 1.8834124e-02
-5.8018018e+00 2.4047507e-07 6.3059962e-04 1.8209873e-02
-5.7927928e+00 2.1539217e-07 5.9018504e-04 1.7593347e-02
-5.7837838e+00 1.9283222e-07 5.5219812e-04 1.7028174e-02
-5.7747748e+00 1.7269512e-07 5.1648643e-04 1.6473206e-02
-5.7657658e+00 1.5438296e-07 4.8288322e-04 1.5924454e-02
-5.7567568e+00 1.3796356e-07 4.5045587e-04 1.5344012e-02
-5.7477477e+00 1.2338076e-07 4.2058273e-04 1.4835020e-02
-5.7387387e+00 1.1028221e-07 3.9228040e-04 1.4393737e-02
-5.7297297e+00 9.8553860e-08 3.6605483e-04 1.3832629e-02
-5.7207207e+00 8.7901739e-08 3.4055444e-04 1.3370220e-02
-5.7117117e+00 7.8563243e-08 3.1726840e-04 1.2863026e-02
-5.7027027e+00 7.0200816e-08 2.9527007e-04 1.2376193e-02
-5.6936937e+00 6.2658625e-08 2.7429927e-04 1.1911323e-02
-5.6846847e+00 5.5894720e-08 2.5495601e-04 1.1489919e-02
-5.6756757e+00 4.9790656e-08 2.3730417e-04 1.1029557e-02
-5.6666667e+00 4.4352740e-08 2.2074052e-04 1.0553061e-02
-5.6576577e+00 3.9484465e-08 2.0548316e-04 1.0154934e-02
-5.6486486e+00 3.5105181e-08 1.9088770e-04 9.7151701e-03
-5.6396396e+00 3.1222403e-08 1.7750845e-04 9.3111332e-03
-5.6306306e+00 2.7747737e-08 1.6475749e-04 8.9452153e-03
-5.6216216e+00 2.4646810e-08 1.5286984e-04 8.5812335e-03
-5.6126126e+00 2.1908498e-08 1.4166629e-04 8.2082176e-03
-5.6036036e+00 1.9438395e-08 1.3171904e-04 7.8570775e-03
-5.5945946e+00 1.7258465e-08 1.2206769e-04 7.5258126e-03
-5.5855856e+00 1.5302657e-08 1.1307099e-04 7.1906321e-03
-5.5765766e+00 1.3561772e-08 1.0453119e-04 6.8910929e-03
-5.5675676e+00 1.2013417e-08 9.6677750e-05 6.5775514e-03
-5.5585586e+00 1.0636353e-08 8.9401536e-05 6.3030082e-03
-5.5495495e+00 9.4152757e-09 8.2553249e-05 6.0039900e-03
-5.5405405e+00 8.3259420e-09 7.6312641e-05 5.7201360e-03
-5.5315315e+00 7.3520554e-09 7.0458516e-05 5.4458813e-03
-5.5225225e+00 6.4941930e-09 6.5084468e-05 5.1986835e-03
-5.5135135e+00 5.7218651e-09 5.9975046e-05 4.9448864e-03
-5.5045045e+00 5.0544442e-09 5.5198396e-05 4.6885825e-03
-5.4954955e+00 4.4686724e-09 5.0878531e-05 4.4615820e-03
-5.4864865e+00 3.9404127e-09 4.6761199e-05 4.2456866e-03
-5.4774775e+00 3.4744667e-09 4.2961724e-05 4.0311310e-03
-5.4684685e+00 3.0653269e-09 3.9530244e-05 3.8164024e-03
-5.4594595e+00 2.7019909e-09 3.6342171e-05 3.6156735e-03
-5.4504505e+00 2.3719608e-09 3.3381556e-05 3.4286200e-03
-5.4414414e+00 2.0851111e-09 3.0739717e-05 3.2558053e-03
-5.4324324e+00 1.8350047e-09 2.8206492e-05 3.0868265e-03
-5.4234234e+00 1.6134646e-09 2.5906887e-05 2.9236000e-03
-5.4144144e+00 1.4196191e-09 2.3816344e-05 2.7730791e-03
-5.4054054e+00 1.2450495e-09 2.1805625e-05 2.6268486e-03
-5.3963964e+00 1.0908805e-09 1.9928080e-05 2.4793707e-03
-5.3873874e+00 9.5605826e-10 1.8225306e-05 2.3460331e-03
-5.3783784e+00 8.3919723e-10 1.6682480e-05 2.2112768e-03
-5.3693694e+00 7.3683134e-10 1.5249542e-05 2.0980246e-03
-5.3603604e+00 6.4618457e-10 1.3957626e-05 1.9796877e-03
-5.3513514e+00 5.6580727e-10 1.2742739e-05 1.8686233e-03
-5.3423423e+00 4.9552022e-10 1.1651868e-05 1.7644756e-03
-5.3333333e+00 4.3348220e-10 1.0655204e-05 1.6598869e-03
-5.3243243e+00 3.7890042e-10 9.7413231e-06 1.5622807e-03
-5.3153153e+00 3.3104440e-10 8.8943390e-06 1.4721548e-03
-5.3063063e+00 2.8919626e-10 8.1201794e-06 1.3860409e-03
-5.2972973e+00 2.5248844e-10 7.4093293e-06 1.3048839e-03
-5.2882883e+00 2.2067099e-10 6.7525826e-06 1.2232456e-03
-5.2792793e+00 1.9284833e-10 6.1563290e-06 1.1473593e-03
-5.2702703e+00 1.6816667e-10 5.6091949e-06 1.0813538e-03
-5.2612613e+00 1.4635170e-10 5.1109325e-06 1.0155397e-03
-5.2522523e+00 1.2767438e-10 4.6472726e-06 9.5095427e-04
-5.2432432e+00 1.1142828e-10 4.2232519e-06 8.9437231e-04
-5.2342342e+00 9.6907632e-11 3.8282045e-06 8.3712431e-04
-5.2252252e+00 8.4368182e-11 3.4764417e-06 7.8402545e-04
-5.2162162e+00 7.3528436e-11 3.1557348e-06 7.3464760e-04
-5.2072072e+00 6.4051640e-11 2.8638408e-06 6.8745604e-04
-5.1981982e+00 5.5710229e-11 2.5963033e-06 6.4383894e-04
-5.1891892e+00 4.8377375e-11 2.3536964e-06 6.0269821e-04
-5.1801802e+00 4.1952017e-11 2.1310964e-06 5.6188043e-04
-5.1711712e+00 3.6363637e-11 1.9283569e-06 5.2474001e-04
-5.1621622e+00 3.1592097e-11 1.7466868e-06 4.8951228e-04
-5.1531532e+00 2.7406577e-11 1.5773112e-06 4.5678644e-04
-5.1441441e+00 2.3769587e-11 1.4263491e-06 4.2606140e-04
-5.1351351e+00 2.0584125e-11 1.2884463e-06 3.9723455e-04
-5.1261261e+00 1.7842362e-11 1.1621006e-06 3.7005932e-04
-5.1171171e+00 1.5469516e-11 1.0497781e-06 3.4467307e-04
-5.1081081e+00 1.3406010e-11 9.4721345e-07 3.2232804e-04
-5.0990991e+00 1.1603494e-11 8.5444523e-07 2.9956492e-04
-5.0900901e+00 1.0034268e-11 7.6965243e-07 2.7791249e-04
-5.0810811e+00 8.6715282e-12 6.9388988e-07 2.5893533e-04
-5.0720721e+00 7.4851806e-12 6.2545268e-07 2.4036096e-04
-5.0630631e+00 6.4626187e-12 5.6315981e-07 2.2292154e-04
-5.0540541e+00 5.5773940e-12 5.0756986e-07 2.0706824e-04
-5.0450450e+00 4.8157417e-12 4.5720891e-07 1.9205382e-04
-5.0360360e+00 4.1529548e-12 4.1123931e-07 1.7787208e-04
-5.0270270e+00 3.5786629e-12 3.7006203e-07 1.6509422e-04
-5.0180180e+00 3.0759161e-12 3.3219654e-07 1.5294705e-04
-5.0090090e+00 2.6473713e-12 2.9860127e-07 1.4149928e-04
-5.0000000e+00 2.2772150e-12 2.6826800e-07 1.3143423e-04
