X KDE_INF KDE_MED KDE_SUP
-2.5000000e+01 2.2193210e-08 2.2353524e-07 4.6531724e-07
-2.4984985e+01 2.5420509e-08 2.5162979e-07 5.2314997e-07
-2.4969970e+01 2.9101595e-08 2.8320129e-07 5.8785754e-07
-2.4954955e+01 3.3273803e-08 3.1850828e-07 6.6004863e-07
-2.4939940e+01 3.8052183e-08 3.5807994e-07 7.4098546e-07
-2.4924925e+01 4.3455163e-08 4.0240330e-07 8.3135067e-07
-2.4909910e+01 4.9600697e-08 4.5171300e-07 9.3205690e-07
-2.4894895e+01 5.6572573e-08 5.0696072e-07 1.0444147e-06
-2.4879880e+01 6.4481814e-08 5.6870843e-07 1.1696966e-06
-2.4864865e+01 7.3504415e-08 6.3748878e-07 1.3091595e-06
-2.4849850e+01 8.3715784e-08 7.1441565e-07 1.4647187e-06
-2.4834835e+01 9.5323201e-08 7.9997835e-07 1.6377606e-06
-2.4819820e+01 1.0845538e-07 8.9525387e-07 1.8300606e-06
-2.4804805e+01 1.2330758e-07 1.0016984e-06 2.0442436e-06
-2.4789790e+01 1.4018598e-07 1.1195541e-06 2.2826715e-06
-2.4774775e+01 1.5922791e-07 1.2513149e-06 2.5470051e-06
-2.4759760e+01 1.8078901e-07 1.3972001e-06 2.8412420e-06
-2.4744745e+01 2.0520624e-07 1.5597847e-06 3.1653668e-06
-2.4729730e+01 2.3258733e-07 1.7395002e-06 3.5246187e-06
-2.4714715e+01 2.6365418e-07 1.9394085e-06 3.9238346e-06
-2.4699700e+01 2.9874707e-07 2.1608104e-06 4.3637946e-06
-2.4684685e+01 3.3818527e-07 2.4073538e-06 4.8521793e-06
-2.4669670e+01 3.8271617e-07 2.6809146e-06 5.3926905e-06
-2.4654655e+01 4.3266404e-07 2.9822902e-06 5.9899092e-06
-2.4639640e+01 4.8872505e-07 3.3155749e-06 6.6473744e-06
-2.4624625e+01 5.5208599e-07 3.6851646e-06 7.3754686e-06
-2.4609610e+01 6.2348950e-07 4.0940656e-06 8.1764660e-06
-2.4594595e+01 7.0335604e-07 4.5470908e-06 9.0585017e-06
-2.4579580e+01 7.9328544e-07 5.0452125e-06 1.0032879e-05
-2.4564565e+01 8.9389609e-07 5.5937753e-06 1.1105167e-05
-2.4549550e+01 1.0064530e-06 6.1986396e-06 1.2283247e-05
-2.4534535e+01 1.1332159e-06 6.8654801e-06 1.3585725e-05
-2.4519520e+01 1.2749587e-06 7.6028463e-06 1.5017786e-05
-2.4504505e+01 1.4337706e-06 8.4137955e-06 1.6594290e-05
-2.4489489e+01 1.6113812e-06 9.3057574e-06 1.8313622e-05
-2.4474474e+01 1.8098705e-06 1.0284314e-05 2.0204405e-05
-2.4459459e+01 2.0310035e-06 1.1362301e-05 2.2265948e-05
-2.4444444e+01 2.2779771e-06 1.2548650e-05 2.4546431e-05
-2.4429429e+01 2.5524555e-06 1.3857639e-05 2.7051291e-05
-2.4414414e+01 2.8596852e-06 1.5287839e-05 2.9775733e-05
-2.4399399e+01 3.2017943e-06 1.6856659e-05 3.2765485e-05
-2.4384384e+01 3.5823026e-06 1.8575261e-05 3.6038577e-05
-2.4369369e+01 4.0074226e-06 2.0462178e-05 3.9619042e-05
-2.4354354e+01 4.4794294e-06 2.2514589e-05 4.3515525e-05
-2.4339339e+01 5.0012940e-06 2.4767530e-05 4.7784815e-05
-2.4324324e+01 5.5781121e-06 2.7232775e-05 5.2430181e-05
-2.4309309e+01 6.2241834e-06 2.9925954e-05 5.7488060e-05
-2.4294294e+01 6.9434021e-06 3.2873939e-05 6.3012335e-05
-2.4279279e+01 7.7404647e-06 3.6085405e-05 6.9022303e-05
-2.4264264e+01 8.6271338e-06 3.9594999e-05 7.5562583e-05
-2.4249249e+01 9.6035109e-06 4.3422112e-05 8.2666202e-05
-2.4234234e+01 1.0687155e-05 4.7575793e-05 9.0411044e-05
-2.4219219e+01 1.1888454e-05 5.2115839e-05 9.8793089e-05
-2.4204204e+01 1.3216041e-05 5.7047680e-05 1.0790316e-04
-2.4189189e+01 1.4679146e-05 6.2414480e-05 1.1780181e-04
-2.4174174e+01 1.6298566e-05 6.8290671e-05 1.2855681e-04
-2.4159159e+01 1.8086786e-05 7.4671099e-05 1.4022068e-04
-2.4144144e+01 2.0062273e-05 8.1600384e-05 1.5286721e-04
-2.4129129e+01 2.2239417e-05 8.9124726e-05 1.6657631e-04
-2.4114114e+01 2.4636264e-05 9.7325387e-05 1.8147416e-04
-2.4099099e+01 2.7275247e-05 1.0622055e-04 1.9751021e-04
-2.4084084e+01 3.0177230e-05 1.1583954e-04 2.1484989e-04
-2.4069069e+01 3.3377209e-05 1.2628786e-04 2.3356867e-04
-2.4054054e+01 3.6886527e-05 1.3753978e-04 2.5371857e-04
-2.4039039e+01 4.0723584e-05 1.4967029e-04 2.7554775e-04
-2.4024024e+01 4.4950785e-05 1.6290843e-04 2.9912609e-04
-2.4009009e+01 4.9600127e-05 1.7722558e-04 3.2454438e-04
-2.3993994e+01 5.4707807e-05 1.9268593e-04 3.5182195e-04
-2.3978979e+01 6.0310038e-05 2.0938324e-04 3.8129846e-04
-2.3963964e+01 6.6418901e-05 2.2739649e-04 4.1291187e-04
-2.3948949e+01 7.3149097e-05 2.4678999e-04 4.4708477e-04
-2.3933934e+01 8.0446477e-05 2.6773691e-04 4.8381309e-04
-2.3918919e+01 8.8436626e-05 2.9030644e-04 5.2330407e-04
-2.3903904e+01 9.7165064e-05 3.1464303e-04 5.6559033e-04
-2.3888889e+01 1.0673200e-04 3.4073085e-04 6.1144756e-04
-2.3873874e+01 1.1720050e-04 3.6862620e-04 6.6032909e-04
-2.3858859e+01 1.2857713e-04 3.9886229e-04 7.1257705e-04
-2.3843844e+01 1.4101712e-04 4.3133337e-04 7.6913483e-04
-2.3828829e+01 1.5456386e-04 4.6624018e-04 8.2960386e-04
-2.3813814e+01 1.6940039e-04 5.0394808e-04 8.9398161e-04
-2.3798799e+01 1.8547206e-04 5.4406549e-04 9.6305765e-04
-2.3783784e+01 2.0288396e-04 5.8731311e-04 1.0372014e-03
-2.3768769e+01 2.2173978e-04 6.3323701e-04 1.1162292e-03
-2.3753754e+01 2.4233058e-04 6.8292387e-04 1.2007604e-03
-2.3738739e+01 2.6464150e-04 7.3599685e-04 1.2904976e-03
-2.3723724e+01 2.8892294e-04 7.9311052e-04 1.3867075e-03
-2.3708709e+01 3.1506001e-04 8.5405862e-04 1.4890996e-03
-2.3693694e+01 3.4372836e-04 9.1934627e-04 1.5979709e-03
-2.3678679e+01 3.7453140e-04 9.8892175e-04 1.7136131e-03
-2.3663664e+01 4.0788135e-04 1.0630789e-03 1.8371972e-03
-2.3648649e+01 4.4386472e-04 1.1422687e-03 1.9679707e-03
-2.3633634e+01 4.8271485e-04 1.2270079e-03 2.1080810e-03
-2.3618619e+01 5.2502147e-04 1.3171503e-03 2.2571902e-03
-2.3603604e+01 5.7019474e-04 1.4135100e-03 2.4144373e-03
-2.3588589e+01 6.1938476e-04 1.5161372e-03 2.5823924e-03
-2.3573574e+01 6.7238720e-04 1.6255432e-03 2.7618220e-03
-2.3558559e+01 7.2947168e-04 1.7417625e-03 2.9533230e-03
-2.3543544e+01 7.9074383e-04 1.8661741e-03 3.1543994e-03
-2.3528529e+01 8.5718093e-04 1.9973521e-03 3.3679751e-03
-2.3513514e+01 9.2838368e-04 2.1373549e-03 3.5923353e-03
-2.3498498e+01 1.0048897e-03 2.2867025e-03 3.8306874e-03
-2.3483483e+01 1.0868558e-03 2.4449974e-03 4.0809770e-03
-2.3468468e+01 1.1751701e-03 2.6126704e-03 4.3480404e-03
-2.3453453e+01 1.2699834e-03 2.7914225e-03 4.6293461e-03
-2.3438438e+01 1.3716340e-03 2.9805761e-03 4.9264996e-03
-2.3423423e+01 1.4812506e-03 3.1806052e-03 5.2438422e-03
-2.3408408e+01 1.5980893e-03 3.3926106e-03 5.5759488e-03
-2.3393393e+01 1.7228286e-03 3.6182868e-03 5.9306072e-03
-2.3378378e+01 1.8562009e-03 3.8567643e-03 6.2977138e-03
-2.3363363e+01 1.9987482e-03 4.1085054e-03 6.6892442e-03
-2.3348348e+01 2.1506524e-03 4.3774991e-03 7.0987262e-03
-2.3333333e+01 2.3132016e-03 4.6599164e-03 7.5309376e-03
-2.3318318e+01 2.4874350e-03 4.9585717e-03 7.9863115e-03
-2.3303303e+01 2.6723955e-03 5.2728001e-03 8.4700427e-03
-2.3288288e+01 2.8715943e-03 5.6067556e-03 8.9769977e-03
-2.3273273e+01 3.0832199e-03 5.9599632e-03 9.4992613e-03
-2.3258258e+01 3.3074326e-03 6.3329811e-03 1.0056059e-02
-2.3243243e+01 3.5471885e-03 6.7293281e-03 1.0641187e-02
-2.3228228e+01 3.8003703e-03 7.1449683e-03 1.1253385e-02
-2.3213213e+01 4.0699600e-03 7.5798686e-03 1.1892813e-02
-2.3198198e+01 4.3574289e-03 8.0398175e-03 1.2563158e-02
-2.3183183e+01 4.6628003e-03 8.5213863e-03 1.3272227e-02
-2.3168168e+01 4.9825721e-03 9.0332023e-03 1.4006557e-02
-2.3153153e+01 5.3231940e-03 9.5729046e-03 1.4789152e-02
-2.3138138e+01 5.6863848e-03 1.0136480e-02 1.5594340e-02
-2.3123123e+01 6.0669696e-03 1.0727121e-02 1.6446018e-02
-2.3108108e+01 6.4707999e-03 1.1356137e-02 1.7337580e-02
-2.3093093e+01 6.8992072e-03 1.2012163e-02 1.8264310e-02
-2.3078078e+01 7.3509492e-03 1.2701911e-02 1.9232551e-02
-2.3063063e+01 7.8237835e-03 1.3413997e-02 2.0238250e-02
-2.3048048e+01 8.3246807e-03 1.4164556e-02 2.1303244e-02
-2.3033033e+01 8.8496687e-03 1.4949845e-02 2.2393967e-02
-2.3018018e+01 9.4074506e-03 1.5771405e-02 2.3542586e-02
-2.3003003e+01 9.9893157e-03 1.6633943e-02 2.4735079e-02
-2.2987988e+01 1.0602947e-02 1.7543998e-02 2.5981063e-02
-2.2972973e+01 1.1244640e-02 1.8484039e-02 2.7281030e-02
-2.2957958e+01 1.1908895e-02 1.9460663e-02 2.8627872e-02
-2.2942943e+01 1.2620249e-02 2.0483285e-02 3.0045455e-02
-2.2927928e+01 1.3370714e-02 2.1554512e-02 3.1511531e-02
-2.2912913e+01 1.4144945e-02 2.2664174e-02 3.3028595e-02
-2.2897898e+01 1.4953775e-02 2.3824717e-02 3.4610207e-02
-2.2882883e+01 1.5790734e-02 2.5033587e-02 3.6244633e-02
-2.2867868e+01 1.6685081e-02 2.6286403e-02 3.7934969e-02
-2.2852853e+01 1.7609875e-02 2.7603025e-02 3.9677486e-02
-2.2837838e+01 1.8581475e-02 2.8972122e-02 4.1499056e-02
-2.2822823e+01 1.9582775e-02 3.0404775e-02 4.3407406e-02
-2.2807808e+01 2.0638563e-02 3.1869064e-02 4.5355415e-02
-2.2792793e+01 2.1723088e-02 3.3389010e-02 4.7389566e-02
-2.2777778e+01 2.2852141e-02 3.4975768e-02 4.9469843e-02
-2.2762763e+01 2.4056209e-02 3.6621109e-02 5.1606139e-02
-2.2747748e+01 2.5275289e-02 3.8328842e-02 5.3837363e-02
-2.2732733e+01 2.6536741e-02 4.0108712e-02 5.6139472e-02
-2.2717718e+01 2.7868818e-02 4.1956034e-02 5.8498510e-02
-2.2702703e+01 2.9244383e-02 4.3860164e-02 6.0945852e-02
-2.2687688e+01 3.0664797e-02 4.5824356e-02 6.3537599e-02
-2.2672673e+01 3.2149426e-02 4.7869616e-02 6.6153422e-02
-2.2657658e+01 3.3700241e-02 4.9960270e-02 6.8839674e-02
-2.2642643e+01 3.5270925e-02 5.2130726e-02 7.1627492e-02
-2.2627628e+01 3.6899331e-02 5.4336510e-02 7.4497362e-02
-2.2612613e+01 3.8584735e-02 5.6640638e-02 7.7433809e-02
-2.2597598e+01 4.0366031e-02 5.9018635e-02 8.0469389e-02
-2.2582583e+01 4.2211942e-02 6.1471100e-02 8.3595166e-02
-2.2567568e+01 4.4059255e-02 6.3980752e-02 8.6814964e-02
-2.2552553e+01 4.5976940e-02 6.6567107e-02 9.0071981e-02
-2.2537538e+01 4.8001835e-02 6.9237491e-02 9.3409758e-02
-2.2522523e+01 5.0097146e-02 7.1984164e-02 9.6854381e-02
-2.2507508e+01 5.2264982e-02 7.4822933e-02 1.0034345e-01
-2.2492492e+01 5.4428025e-02 7.7728240e-02 1.0394921e-01
-2.2477477e+01 5.6667561e-02 8.0691613e-02 1.0769011e-01
-2.2462462e+01 5.9009851e-02 8.3767680e-02 1.1147615e-01
-2.2447447e+01 6.1411921e-02 8.6875907e-02 1.1540484e-01
-2.2432432e+01 6.3854007e-02 9.0084150e-02 1.1944091e-01
-2.2417417e+01 6.6429791e-02 9.3355433e-02 1.2352035e-01
-2.2402402e+01 6.9018994e-02 9.6734641e-02 1.2771036e-01
-2.2387387e+01 7.1676452e-02 1.0019842e-01 1.3197209e-01
-2.2372372e+01 7.4370150e-02 1.0368724e-01 1.3630751e-01
-2.2357357e+01 7.7186726e-02 1.0731432e-01 1.4077163e-01
-2.2342342e+01 8.0077070e-02 1.1097544e-01 1.4522127e-01
-2.2327327e+01 8.2978385e-02 1.1471278e-01 1.4980761e-01
-2.2312312e+01 8.5968472e-02 1.1849403e-01 1.5451675e-01
-2.2297297e+01 8.8993416e-02 1.2240602e-01 1.5932769e-01
-2.2282282e+01 9.2089976e-02 1.2631668e-01 1.6412878e-01
-2.2267267e+01 9.5290599e-02 1.3035718e-01 1.6912506e-01
-2.2252252e+01 9.8630185e-02 1.3448208e-01 1.7416578e-01
-2.2237237e+01 1.0189686e-01 1.3870171e-01 1.7932321e-01
-2.2222222e+01 1.0526980e-01 1.4292679e-01 1.8453640e-01
-2.2207207e+01 1.0872603e-01 1.4729376e-01 1.8985219e-01
-2.2192192e+01 1.1221905e-01 1.5174670e-01 1.9518130e-01
-2.2177177e+01 1.1583192e-01 1.5631007e-01 2.0062017e-01
-2.2162162e+01 1.1952787e-01 1.6084672e-01 2.0620579e-01
-2.2147147e+01 1.2318138e-01 1.6548848e-01 2.1179598e-01
-2.2132132e+01 1.2700452e-01 1.7021444e-01 2.1736513e-01
-2.2117117e+01 1.3086693e-01 1.7497724e-01 2.2296149e-01
-2.2102102e+01 1.3478102e-01 1.7986106e-01 2.2877054e-01
-2.2087087e+01 1.3884099e-01 1.8475299e-01 2.3458990e-01
-2.2072072e+01 1.4288846e-01 1.8972902e-01 2.4047605e-01
-2.2057057e+01 1.4702799e-01 1.9478093e-01 2.4643814e-01
-2.2042042e+01 1.5122518e-01 1.9991230e-01 2.5241528e-01
-2.2027027e+01 1.5554803e-01 2.0505956e-01 2.5844725e-01
-2.2012012e+01 1.6004648e-01 2.1020541e-01 2.6451993e-01
-2.1996997e+01 1.6444023e-01 2.1542903e-01 2.7073996e-01
-2.1981982e+01 1.6894401e-01 2.2071850e-01 2.7696239e-01
-2.1966967e+01 1.7349626e-01 2.2605030e-01 2.8322193e-01
-2.1951952e+01 1.7806864e-01 2.3143405e-01 2.8955874e-01
-2.1936937e+01 1.8282369e-01 2.3682939e-01 2.9585144e-01
-2.1921922e+01 1.8757153e-01 2.4235864e-01 3.0214919e-01
-2.1906907e+01 1.9241658e-01 2.4801528e-01 3.0860184e-01
-2.1891892e+01 1.9715589e-01 2.5370466e-01 3.1515929e-01
-2.1876877e+01 2.0202554e-01 2.5947623e-01 3.2170643e-01
-2.1861862e+01 2.0702294e-01 2.6526952e-01 3.2828499e-01
-2.1846847e+01 2.1191342e-01 2.7095042e-01 3.3486088e-01
-2.1831832e+01 2.1693957e-01 2.7672761e-01 3.4136573e-01
-2.1816817e+01 2.2202902e-01 2.8266780e-01 3.4802209e-01
-2.1801802e+01 2.2715442e-01 2.8862340e-01 3.5473240e-01
-2.1786787e+01 2.3238721e-01 2.9456927e-01 3.6137974e-01
-2.1771772e+01 2.3779207e-01 3.0066945e-01 3.6805486e-01
-2.1756757e+01 2.4318764e-01 3.0664730e-01 3.7474326e-01
-2.1741742e+01 2.4865166e-01 3.1264861e-01 3.8145703e-01
-2.1726727e+01 2.5395311e-01 3.1880799e-01 3.8806015e-01
-2.1711712e+01 2.5956186e-01 3.2497831e-01 3.9469435e-01
-2.1696697e+01 2.6501537e-01 3.3119533e-01 4.0152742e-01
-2.1681682e+01 2.7060011e-01 3.3758115e-01 4.0840465e-01
-2.1666667e+01 2.7629798e-01 3.4387406e-01 4.1519455e-01
-2.1651652e+01 2.8191704e-01 3.5021539e-01 4.2200562e-01
-2.1636637e+01 2.8761008e-01 3.5649029e-01 4.2884920e-01
-2.1621622e+01 2.9345562e-01 3.6277209e-01 4.3572247e-01
-2.1606607e+01 2.9927997e-01 3.6920694e-01 4.4263803e-01
-2.1591592e+01 3.0519794e-01 3.7566560e-01 4.4956760e-01
-2.1576577e+01 3.1105492e-01 3.8208906e-01 4.5643833e-01
-2.1561562e+01 3.1704137e-01 3.8836879e-01 4.6339527e-01
-2.1546547e+01 3.2308402e-01 3.9479467e-01 4.7044969e-01
-2.1531532e+01 3.2914282e-01 4.0127187e-01 4.7724159e-01
-2.1516517e+01 3.3528337e-01 4.0785282e-01 4.8420957e-01
-2.1501502e+01 3.4156561e-01 4.1443098e-01 4.9113373e-01
-2.1486486e+01 3.4779869e-01 4.2097340e-01 4.9791023e-01
-2.1471471e+01 3.5398184e-01 4.2752390e-01 5.0493898e-01
-2.1456456e+01 3.6025604e-01 4.3414597e-01 5.1182643e-01
-2.1441441e+01 3.6656551e-01 4.4083416e-01 5.1877484e-01
-2.1426426e+01 3.7282727e-01 4.4748488e-01 5.2578889e-01
-2.1411411e+01 3.7914273e-01 4.5411118e-01 5.3269124e-01
-2.1396396e+01 3.8576333e-01 4.6079269e-01 5.3963854e-01
-2.1381381e+01 3.9223142e-01 4.6753059e-01 5.4655953e-01
-2.1366366e+01 3.9871737e-01 4.7424729e-01 5.5348248e-01
-2.1351351e+01 4.0540784e-01 4.8100350e-01 5.6025041e-01
-2.1336336e+01 4.1182586e-01 4.8762763e-01 5.6743877e-01
-2.1321321e+01 4.1839845e-01 4.9448055e-01 5.7435471e-01
-2.1306306e+01 4.2500554e-01 5.0122031e-01 5.8139343e-01
-2.1291291e+01 4.3173646e-01 5.0817105e-01 5.8857575e-01
-2.1276276e+01 4.3844986e-01 5.1492430e-01 5.9579816e-01
-2.1261261e+01 4.4493502e-01 5.2177904e-01 6.0292484e-01
-2.1246246e+01 4.5167214e-01 5.2886013e-01 6.1004232e-01
-2.1231231e+01 4.5852010e-01 5.3585155e-01 6.1716670e-01
-2.1216216e+01 4.6520393e-01 5.4285777e-01 6.2431091e-01
-2.1201201e+01 4.7199636e-01 5.4991616e-01 6.3171583e-01
-2.1186186e+01 4.7892171e-01 5.5699082e-01 6.3885940e-01
-2.1171171e+01 4.8554260e-01 5.6399437e-01 6.4611192e-01
-2.1156156e+01 4.9233033e-01 5.7087542e-01 6.5338788e-01
-2.1141141e+01 4.9930647e-01 5.7802443e-01 6.6077309e-01
-2.1126126e+01 5.0594961e-01 5.8505640e-01 6.6797440e-01
-2.1111111e+01 5.1271672e-01 5.9214049e-01 6.7519225e-01
-2.1096096e+01 5.1960357e-01 5.9928317e-01 6.8233687e-01
-2.1081081e+01 5.2645212e-01 6.0646775e-01 6.8955365e-01
-2.1066066e+01 5.3323444e-01 6.1325109e-01 6.9684938e-01
-2.1051051e+01 5.4015499e-01 6.2050937e-01 7.0444969e-01
-2.1036036e+01 5.4678300e-01 6.2758853e-01 7.1192814e-01
-2.1021021e+01 5.5349241e-01 6.3479736e-01 7.1943465e-01
-2.1006006e+01 5.6038914e-01 6.4190679e-01 7.2674871e-01
-2.0990991e+01 5.6713053e-01 6.4903170e-01 7.3439208e-01
-2.0975976e+01 5.7389505e-01 6.5619108e-01 7.4164531e-01
-2.0960961e+01 5.8066483e-01 6.6335396e-01 7.4910429e-01
-2.0945946e+01 5.8723600e-01 6.7054589e-01 7.5672735e-01
-2.0930931e+01 5.9375074e-01 6.7774589e-01 7.6430955e-01
-2.0915916e+01 6.0035495e-01 6.8486540e-01 7.7170219e-01
-2.0900901e+01 6.0702393e-01 6.9186704e-01 7.7915259e-01
-2.0885886e+01 6.1379357e-01 6.9896960e-01 7.8692711e-01
-2.0870871e+01 6.2026607e-01 7.0618326e-01 7.9440930e-01
-2.0855856e+01 6.2719782e-01 7.1322670e-01 8.0166851e-01
-2.0840841e+01 6.3407621e-01 7.2018205e-01 8.0899607e-01
-2.0825826e+01 6.4080711e-01 7.2716499e-01 8.1658928e-01
-2.0810811e+01 6.4742889e-01 7.3408955e-01 8.2410522e-01
-2.0795796e+01 6.5406595e-01 7.4104728e-01 8.3159038e-01
-2.0780781e+01 6.6059127e-01 7.4770016e-01 8.3881762e-01
-2.0765766e+01 6.6692525e-01 7.5471752e-01 8.4597689e-01
-2.0750751e+01 6.7340943e-01 7.6170471e-01 8.5319344e-01
-2.0735736e+01 6.7969132e-01 7.6844104e-01 8.6037334e-01
-2.0720721e+01 6.8600766e-01 7.7543317e-01 8.6765875e-01
-2.0705706e+01 6.9216622e-01 7.8209276e-01 8.7480065e-01
-2.0690691e+01 6.9837011e-01 7.8895219e-01 8.8209904e-01
-2.0675676e+01 7.0427481e-01 7.9551613e-01 8.8903033e-01
-2.0660661e+01 7.1051689e-01 8.0199991e-01 8.9585033e-01
-2.0645646e+01 7.1640846e-01 8.0862427e-01 9.0271758e-01
-2.0630631e+01 7.2234424e-01 8.1500687e-01 9.0978610e-01
-2.0615616e+01 7.2860746e-01 8.2154099e-01 9.1625951e-01
-2.0600601e+01 7.3452576e-01 8.2794787e-01 9.2276123e-01
-2.0585586e+01 7.4029679e-01 8.3410942e-01 9.2915736e-01
-2.0570571e+01 7.4607823e-01 8.4016104e-01 9.3570122e-01
-2.0555556e+01 7.5204688e-01 8.4607985e-01 9.4201463e-01
-2.0540541e+01 7.5770543e-01 8.5219003e-01 9.4837287e-01
-2.0525526e+01 7.6333850e-01 8.5815391e-01 9.5483694e-01
-2.0510511e+01 7.6894978e-01 8.6392238e-01 9.6101977e-01
-2.0495495e+01 7.7438817e-01 8.6963318e-01 9.6680828e-01
-2.0480480e+01 7.7972261e-01 8.7528377e-01 9.7270274e-01
-2.0465465e+01 7.8502240e-01 8.8079265e-01 9.7848959e-01
-2.0450450e+01 7.9022056e-01 8.8620127e-01 9.8384783e-01
-2.0435435e+01 7.9540372e-01 8.9160849e-01 9.8948162e-01
-2.0420420e+01 8.0036550e-01 8.9686058e-01 9.9497066e-01
-2.0405405e+01 8.0544299e-01 9.0191888e-01 1.0001658e+00
-2.0390390e+01 8.1026841e-01 9.0699368e-01 1.0053951e+00
-2.0375375e+01 8.1525287e-01 9.1179673e-01 1.0104684e+00
-2.0360360e+01 8.2006727e-01 9.1678183e-01 1.0152218e+00
-2.0345345e+01 8.2473220e-01 9.2146547e-01 1.0198940e+00
-2.0330330e+01 8.2914263e-01 9.2602110e-01 1.0246153e+00
-2.0315315e+01 8.3368031e-01 9.3024511e-01 1.0288379e+00
-2.0300300e+01 8.3777188e-01 9.3462944e-01 1.0331372e+00
-2.0285285e+01 8.4174711e-01 9.3877602e-01 1.0373252e+00
-2.0270270e+01 8.4573824e-01 9.4286052e-01 1.0411967e+00
-2.0255255e+01 8.4955440e-01 9.4664650e-01 1.0451065e+00
-2.0240240e+01 8.5329920e-01 9.5047319e-01 1.0487903e+00
-2.0225225e+01 8.5682740e-01 9.5412151e-01 1.0526714e+00
-2.0210210e+01 8.6040833e-01 9.5760794e-01 1.0559369e+00
-2.0195195e+01 8.6355232e-01 9.6089983e-01 1.0591890e+00
-2.0180180e+01 8.6716957e-01 9.6418572e-01 1.0620189e+00
-2.0165165e+01 8.7032561e-01 9.6714847e-01 1.0650973e+00
-2.0150150e+01 8.7356890e-01 9.7028317e-01 1.0682142e+00
-2.0135135e+01 8.7648634e-01 9.7285816e-01 1.0706051e+00
-2.0120120e+01 8.7911609e-01 9.7560312e-01 1.0733543e+00
-2.0105105e+01 8.8180265e-01 9.7829189e-01 1.0757304e+00
-2.0090090e+01 8.8420134e-01 9.8075198e-01 1.0779406e+00
-2.0075075e+01 8.8650609e-01 9.8303951e-01 1.0800646e+00
-2.0060060e+01 8.8871074e-01 9.8523561e-01 1.0821396e+00
-2.0045045e+01 8.9083627e-01 9.8730514e-01 1.0839722e+00
-2.0030030e+01 8.9262822e-01 9.8932841e-01 1.0857826e+00
-2.0015015e+01 8.9446461e-01 9.9098856e-01 1.0874827e+00
-2.0000000e+01 8.9597416e-01 9.9263380e-01 1.0891443e+00
-1.9984985e+01 8.9730712e-01 9.9409914e-01 1.0903749e+00
-1.9969970e+01 8.9865064e-01 9.9521083e-01 1.0915759e+00
-1.9954955e+01 8.9982279e-01 9.9628233e-01 1.0924709e+00
-1.9939940e+01 9.0091002e-01 9.9734691e-01 1.0934908e+00
-1.9924925e+01 9.0154948e-01 9.9818185e-01 1.0941235e+00
-1.9909910e+01 9.0229497e-01 9.9879983e-01 1.0945165e+00
-1.9894895e+01 9.0289678e-01 9.9937023e-01 1.0948608e+00
-1.9879880e+01 9.0311540e-01 9.9987496e-01 1.0954157e+00
-1.9864865e+01 9.0344230e-01 1.0000000e+00 1.0956333e+00
-1.9849850e+01 9.0352311e-01 9.9998226e-01 1.0953329e+00
-1.9834835e+01 9.0357671e-01 9.9988253e-01 1.0953128e+00
-1.9819820e+01 9.0351200e-01 9.9953668e-01 1.0949588e+00
-1.9804805e+01 9.0321618e-01 9.9930271e-01 1.0946096e+00
-1.9789790e+01 9.0288945e-01 9.9875592e-01 1.0941219e+00
-1.9774775e+01 9.0236921e-01 9.9813158e-01 1.0936074e+00
-1.9759760e+01 9.0146989e-01 9.9727379e-01 1.0929437e+00
-1.9744745e+01 9.0048056e-01 9.9623535e-01 1.0920208e+00
-1.9729730e+01 8.9947710e-01 9.9532257e-01 1.0912838e+00
-1.9714715e+01 8.9833703e-01 9.9411618e-01 1.0900676e+00
-1.9699700e+01 8.9689793e-01 9.9270566e-01 1.0889006e+00
-1.9684685e+01 8.9554673e-01 9.9129336e-01 1.0879756e+00
-1.9669670e+01 8.9412085e-01 9.8989904e-01 1.0865571e+00
-1.9654655e+01 8.9234968e-01 9.8779804e-01 1.0848130e+00
-1.9639640e+01 8.9058329e-01 9.8587918e-01 1.0829949e+00
-1.9624625e+01 8.8856281e-01 9.8384326e-01 1.0811290e+00
-1.9609610e+01 8.8659648e-01 9.8168717e-01 1.0790950e+00
-1.9594595e+01 8.8441562e-01 9.7953180e-01 1.0769679e+00
-1.9579580e+01 8.8254289e-01 9.7725522e-01 1.0744623e+00
-1.9564565e+01 8.8035286e-01 9.7487165e-01 1.0721194e+00
-1.9549550e+01 8.7776029e-01 9.7219427e-01 1.0693411e+00
-1.9534535e+01 8.7516770e-01 9.6948201e-01 1.0665176e+00
-1.9519520e+01 8.7243648e-01 9.6668510e-01 1.0637877e+00
-1.9504505e+01 8.6937489e-01 9.6386908e-01 1.0607107e+00
-1.9489489e+01 8.6668609e-01 9.6097207e-01 1.0577156e+00
-1.9474474e+01 8.6367625e-01 9.5781070e-01 1.0545297e+00
-1.9459459e+01 8.6043391e-01 9.5457325e-01 1.0512350e+00
-1.9444444e+01 8.5747897e-01 9.5131954e-01 1.0481429e+00
-1.9429429e+01 8.5423942e-01 9.4802331e-01 1.0447854e+00
-1.9414414e+01 8.5093817e-01 9.4456971e-01 1.0411054e+00
-1.9399399e+01 8.4731523e-01 9.4087340e-01 1.0373435e+00
-1.9384384e+01 8.4365415e-01 9.3706255e-01 1.0335567e+00
-1.9369369e+01 8.3999803e-01 9.3332554e-01 1.0297135e+00
-1.9354354e+01 8.3638185e-01 9.2941221e-01 1.0256252e+00
-1.9339339e+01 8.3247378e-01 9.2557627e-01 1.0213912e+00
-1.9324324e+01 8.2878505e-01 9.2155004e-01 1.0173323e+00
-1.9309309e+01 8.2492692e-01 9.1750511e-01 1.0129613e+00
-1.9294294e+01 8.2100338e-01 9.1314246e-01 1.0086780e+00
-1.9279279e+01 8.1691872e-01 9.0885584e-01 1.0043138e+00
-1.9264264e+01 8.1283558e-01 9.0468864e-01 9.9992025e-01
-1.9249249e+01 8.0856380e-01 9.0021594e-01 9.9512021e-01
-1.9234234e+01 8.0458414e-01 8.9598568e-01 9.9065203e-01
-1.9219219e+01 8.0035952e-01 8.9157131e-01 9.8599744e-01
-1.9204204e+01 7.9601900e-01 8.8683335e-01 9.8100916e-01
-1.9189189e+01 7.9166782e-01 8.8220625e-01 9.7616560e-01
-1.9174174e+01 7.8722619e-01 8.7748106e-01 9.7145041e-01
-1.9159159e+01 7.8282308e-01 8.7270457e-01 9.6653096e-01
-1.9144144e+01 7.7817867e-01 8.6800738e-01 9.6150745e-01
-1.9129129e+01 7.7354703e-01 8.6310836e-01 9.5633298e-01
-1.9114114e+01 7.6868089e-01 8.5811384e-01 9.5131138e-01
-1.9099099e+01 7.6381643e-01 8.5317233e-01 9.4628252e-01
-1.9084084e+01 7.5908015e-01 8.4830291e-01 9.4108761e-01
-1.9069069e+01 7.5427715e-01 8.4334266e-01 9.3587121e-01
-1.9054054e+01 7.4951707e-01 8.3816700e-01 9.3074982e-01
-1.9039039e+01 7.4468150e-01 8.3317184e-01 9.2585391e-01
-1.9024024e+01 7.3989930e-01 8.2809414e-01 9.2050790e-01
-1.9009009e+01 7.3518616e-01 8.2297783e-01 9.1523895e-01
-1.8993994e+01 7.3034490e-01 8.1786985e-01 9.1026063e-01
-1.8978979e+01 7.2553334e-01 8.1284079e-01 9.0491651e-01
-1.8963964e+01 7.2074142e-01 8.0776399e-01 8.9973170e-01
-1.8948949e+01 7.1589855e-01 8.0253303e-01 8.9428547e-01
-1.8933934e+01 7.1118224e-01 7.9727420e-01 8.8890864e-01
-1.8918919e+01 7.0612949e-01 7.9207681e-01 8.8362654e-01
-1.8903904e+01 7.0108173e-01 7.8702081e-01 8.7841667e-01
-1.8888889e+01 6.9611404e-01 7.8223153e-01 8.7301874e-01
-1.8873874e+01 6.9124343e-01 7.7707293e-01 8.6777173e-01
-1.8858859e+01 6.8620838e-01 7.7199069e-01 8.6250403e-01
-1.8843844e+01 6.8130063e-01 7.6686127e-01 8.5730827e-01
-1.8828829e+01 6.7649527e-01 7.6189634e-01 8.5214449e-01
-1.8813814e+01 6.7180037e-01 7.5696126e-01 8.4699377e-01
-1.8798799e+01 6.6701980e-01 7.5195998e-01 8.4186888e-01
-1.8783784e+01 6.6224600e-01 7.4681105e-01 8.3661810e-01
-1.8768769e+01 6.5723681e-01 7.4168234e-01 8.3139107e-01
-1.8753754e+01 6.5243983e-01 7.3652350e-01 8.2597665e-01
-1.8738739e+01 6.4761040e-01 7.3151830e-01 8.2084137e-01
-1.8723724e+01 6.4289625e-01 7.2653869e-01 8.1560586e-01
-1.8708709e+01 6.3803464e-01 7.2165419e-01 8.1051587e-01
-1.8693694e+01 6.3324801e-01 7.1668012e-01 8.0547818e-01
-1.8678679e+01 6.2874460e-01 7.1176947e-01 8.0038668e-01
-1.8663664e+01 6.2398292e-01 7.0681073e-01 7.9524879e-01
-1.8648649e+01 6.1945815e-01 7.0204410e-01 7.9025564e-01
-1.8633634e+01 6.1486951e-01 6.9733050e-01 7.8530115e-01
-1.8618619e+01 6.1028493e-01 6.9257129e-01 7.8056954e-01
-1.8603604e+01 6.0576616e-01 6.8793308e-01 7.7578449e-01
-1.8588589e+01 6.0133497e-01 6.8330397e-01 7.7089240e-01
-1.8573574e+01 5.9679121e-01 6.7862852e-01 7.6623155e-01
-1.8558559e+01 5.9229504e-01 6.7421496e-01 7.6180747e-01
-1.8543544e+01 5.8778374e-01 6.6984642e-01 7.5717070e-01
-1.8528529e+01 5.8339944e-01 6.6536274e-01 7.5252105e-01
-1.8513514e+01 5.7939665e-01 6.6079569e-01 7.4798016e-01
-1.8498498e+01 5.7528058e-01 6.5655319e-01 7.4318213e-01
-1.8483483e+01 5.7124581e-01 6.5239923e-01 7.3895300e-01
-1.8468468e+01 5.6729204e-01 6.4819552e-01 7.3459289e-01
-1.8453453e+01 5.6333617e-01 6.4403979e-01 7.3018278e-01
-1.8438438e+01 5.5929584e-01 6.3983511e-01 7.2580570e-01
-1.8423423e+01 5.5532544e-01 6.3575935e-01 7.2165587e-01
-1.8408408e+01 5.5148342e-01 6.3164657e-01 7.1739696e-01
-1.8393393e+01 5.4779843e-01 6.2784390e-01 7.1317606e-01
-1.8378378e+01 5.4397032e-01 6.2394304e-01 7.0907871e-01
-1.8363363e+01 5.4031901e-01 6.2021189e-01 7.0527821e-01
-1.8348348e+01 5.3690551e-01 6.1637680e-01 7.0132929e-01
-1.8333333e+01 5.3325026e-01 6.1266682e-01 6.9716594e-01
-1.8318318e+01 5.2968191e-01 6.0922928e-01 6.9319996e-01
-1.8303303e+01 5.2622590e-01 6.0584401e-01 6.8921613e-01
-1.8288288e+01 5.2295906e-01 6.0240866e-01 6.8557447e-01
-1.8273273e+01 5.1971842e-01 5.9904271e-01 6.8189793e-01
-1.8258258e+01 5.1663774e-01 5.9579830e-01 6.7829953e-01
-1.8243243e+01 5.1348556e-01 5.9259168e-01 6.7476111e-01
-1.8228228e+01 5.1036495e-01 5.8949217e-01 6.7117761e-01
-1.8213213e+01 5.0731764e-01 5.8621768e-01 6.6764985e-01
-1.8198198e+01 5.0437894e-01 5.8300621e-01 6.6452667e-01
-1.8183183e+01 5.0151349e-01 5.8007260e-01 6.6145436e-01
-1.8168168e+01 4.9867310e-01 5.7696102e-01 6.5833034e-01
-1.8153153e+01 4.9593188e-01 5.7399240e-01 6.5531211e-01
-1.8138138e+01 4.9318623e-01 5.7121255e-01 6.5225824e-01
-1.8123123e+01 4.9048586e-01 5.6862567e-01 6.4941520e-01
-1.8108108e+01 4.8784122e-01 5.6594214e-01 6.4650688e-01
-1.8093093e+01 4.8536882e-01 5.6330123e-01 6.4375202e-01
-1.8078078e+01 4.8264572e-01 5.6063122e-01 6.4094094e-01
-1.8063063e+01 4.8035227e-01 5.5799902e-01 6.3818995e-01
-1.8048048e+01 4.7784689e-01 5.5542571e-01 6.3573408e-01
-1.8033033e+01 4.7554275e-01 5.5301372e-01 6.3350006e-01
-1.8018018e+01 4.7334146e-01 5.5064212e-01 6.3099247e-01
-1.8003003e+01 4.7120659e-01 5.4841422e-01 6.2846406e-01
-1.7987988e+01 4.6893823e-01 5.4620386e-01 6.2612016e-01
-1.7972973e+01 4.6651230e-01 5.4402308e-01 6.2387656e-01
-1.7957958e+01 4.6427941e-01 5.4179972e-01 6.2178119e-01
-1.7942943e+01 4.6232821e-01 5.3969857e-01 6.1968901e-01
-1.7927928e+01 4.6038483e-01 5.3760659e-01 6.1768334e-01
-1.7912913e+01 4.5842680e-01 5.3548088e-01 6.1564315e-01
-1.7897898e+01 4.5645261e-01 5.3352442e-01 6.1358162e-01
-1.7882883e+01 4.5449405e-01 5.3154185e-01 6.1168869e-01
-1.7867868e+01 4.5257711e-01 5.2963154e-01 6.0991220e-01
-1.7852853e+01 4.5054157e-01 5.2781447e-01 6.0820111e-01
-1.7837838e+01 4.4864470e-01 5.2586758e-01 6.0659143e-01
-1.7822823e+01 4.4704657e-01 5.2408934e-01 6.0489423e-01
-1.7807808e+01 4.4514298e-01 5.2231134e-01 6.0344852e-01
-1.7792793e+01 4.4338722e-01 5.2071687e-01 6.0185894e-01
-1.7777778e+01 4.4169128e-01 5.1920682e-01 6.0021714e-01
-1.7762763e+01 4.4028414e-01 5.1748520e-01 5.9882497e-01
-1.7747748e+01 4.3858830e-01 5.1587127e-01 5.9738898e-01
-1.7732733e+01 4.3687372e-01 5.1426888e-01 5.9595661e-01
-1.7717718e+01 4.3526976e-01 5.1288340e-01 5.9462149e-01
-1.7702703e+01 4.3352986e-01 5.1131163e-01 5.9327381e-01
-1.7687688e+01 4.3199977e-01 5.0967156e-01 5.9193934e-01
-1.7672673e+01 4.3044588e-01 5.0820064e-01 5.9051907e-01
-1.7657658e+01 4.2882067e-01 5.0671312e-01 5.8930527e-01
-1.7642643e+01 4.2720779e-01 5.0538333e-01 5.8798063e-01
-1.7627628e+01 4.2563586e-01 5.0399402e-01 5.8652961e-01
-1.7612613e+01 4.2401765e-01 5.0258832e-01 5.8534242e-01
-1.7597598e+01 4.2247024e-01 5.0130211e-01 5.8385966e-01
-1.7582583e+01 4.2097049e-01 4.9992175e-01 5.8259984e-01
-1.7567568e+01 4.1940900e-01 4.9836207e-01 5.8137574e-01
-1.7552553e+01 4.1807731e-01 4.9723425e-01 5.8009155e-01
-1.7537538e+01 4.1659093e-01 4.9575603e-01 5.7896959e-01
-1.7522523e+01 4.1521319e-01 4.9449814e-01 5.7786540e-01
-1.7507508e+01 4.1371405e-01 4.9303556e-01 5.7668262e-01
-1.7492492e+01 4.1226068e-01 4.9162450e-01 5.7524676e-01
-1.7477477e+01 4.1089803e-01 4.9026735e-01 5.7401671e-01
-1.7462462e+01 4.0929728e-01 4.8886301e-01 5.7260141e-01
-1.7447447e+01 4.0783345e-01 4.8745422e-01 5.7130647e-01
-1.7432432e+01 4.0627263e-01 4.8607986e-01 5.6990963e-01
-1.7417417e+01 4.0479930e-01 4.8465172e-01 5.6861565e-01
-1.7402402e+01 4.0346395e-01 4.8320927e-01 5.6720608e-01
-1.7387387e+01 4.0199528e-01 4.8183705e-01 5.6591907e-01
-1.7372372e+01 4.0081423e-01 4.8044932e-01 5.6447867e-01
-1.7357357e+01 3.9941101e-01 4.7905073e-01 5.6294270e-01
-1.7342342e+01 3.9793607e-01 4.7753452e-01 5.6146217e-01
-1.7327327e+01 3.9652539e-01 4.7600995e-01 5.5986737e-01
-1.7312312e+01 3.9507720e-01 4.7457333e-01 5.5837514e-01
-1.7297297e+01 3.9358667e-01 4.7289962e-01 5.5680963e-01
-1.7282282e+01 3.9208964e-01 4.7141130e-01 5.5510999e-01
-1.7267267e+01 3.9044076e-01 4.6975645e-01 5.5356159e-01
-1.7252252e+01 3.8902202e-01 4.6804128e-01 5.5200023e-01
-1.7237237e+01 3.8733336e-01 4.6628607e-01 5.5016535e-01
-1.7222222e+01 3.8571253e-01 4.6477306e-01 5.4845864e-01
-1.7207207e+01 3.8408845e-01 4.6302188e-01 5.4688501e-01
-1.7192192e+01 3.8248116e-01 4.6135609e-01 5.4491839e-01
-1.7177177e+01 3.8068601e-01 4.5950737e-01 5.4333950e-01
-1.7162162e+01 3.7895406e-01 4.5776661e-01 5.4163851e-01
-1.7147147e+01 3.7710254e-01 4.5598755e-01 5.3975629e-01
-1.7132132e+01 3.7536436e-01 4.5427648e-01 5.3774515e-01
-1.7117117e+01 3.7382123e-01 4.5260709e-01 5.3580716e-01
-1.7102102e+01 3.7208167e-01 4.5079269e-01 5.3381346e-01
-1.7087087e+01 3.7057057e-01 4.4892743e-01 5.3170450e-01
-1.7072072e+01 3.6903992e-01 4.4694567e-01 5.2965633e-01
-1.7057057e+01 3.6732663e-01 4.4508760e-01 5.2736505e-01
-1.7042042e+01 3.6562894e-01 4.4308726e-01 5.2513145e-01
-1.7027027e+01 3.6382341e-01 4.4114634e-01 5.2304342e-01
-1.7012012e+01 3.6213060e-01 4.3924133e-01 5.2088897e-01
-1.6996997e+01 3.6034411e-01 4.3724712e-01 5.1862124e-01
-1.6981982e+01 3.5855288e-01 4.3531800e-01 5.1654217e-01
-1.6966967e+01 3.5685383e-01 4.3342288e-01 5.1426332e-01
-1.6951952e+01 3.5496014e-01 4.3124285e-01 5.1199532e-01
-1.6936937e+01 3.5313024e-01 4.2919926e-01 5.0939647e-01
-1.6921922e+01 3.5129819e-01 4.2707610e-01 5.0688478e-01
-1.6906907e+01 3.4936980e-01 4.2491995e-01 5.0449521e-01
-1.6891892e+01 3.4779509e-01 4.2281020e-01 5.0198345e-01
-1.6876877e+01 3.4592700e-01 4.2063560e-01 4.9953259e-01
-1.6861862e+01 3.4402784e-01 4.1835584e-01 4.9684029e-01
-1.6846847e+01 3.4210776e-01 4.1619927e-01 4.9422472e-01
-1.6831832e+01 3.3995885e-01 4.1400141e-01 4.9157481e-01
-1.6816817e+01 3.3799845e-01 4.1170152e-01 4.8902167e-01
-1.6801802e+01 3.3583375e-01 4.0949693e-01 4.8665599e-01
-1.6786787e+01 3.3391278e-01 4.0726549e-01 4.8423030e-01
-1.6771772e+01 3.3194755e-01 4.0495225e-01 4.8170281e-01
-1.6756757e+01 3.3000051e-01 4.0262088e-01 4.7905143e-01
-1.6741742e+01 3.2788224e-01 4.0039093e-01 4.7649107e-01
-1.6726727e+01 3.2597822e-01 3.9804234e-01 4.7388121e-01
-1.6711712e+01 3.2398831e-01 3.9563042e-01 4.7132432e-01
-1.6696697e+01 3.2188357e-01 3.9323474e-01 4.6869447e-01
-1.6681682e+01 3.1980871e-01 3.9100023e-01 4.6589461e-01
-1.6666667e+01 3.1773764e-01 3.8848594e-01 4.6311044e-01
-1.6651652e+01 3.1566330e-01 3.8612352e-01 4.6069285e-01
-1.6636637e+01 3.1343139e-01 3.8369851e-01 4.5814352e-01
-1.6621622e+01 3.1126955e-01 3.8129160e-01 4.5569380e-01
-1.6606607e+01 3.0912439e-01 3.7896823e-01 4.5315538e-01
-1.6591592e+01 3.0693369e-01 3.7660391e-01 4.5037816e-01
-1.6576577e+01 3.0476771e-01 3.7413886e-01 4.4775932e-01
-1.6561562e+01 3.0257455e-01 3.7172280e-01 4.4520766e-01
-1.6546547e+01 3.0031101e-01 3.6923414e-01 4.4234132e-01
-1.6531532e+01 2.9808124e-01 3.6689845e-01 4.3970843e-01
-1.6516517e+01 2.9581345e-01 3.6435341e-01 4.3709596e-01
-1.6501502e+01 2.9347137e-01 3.6201718e-01 4.3441854e-01
-1.6486486e+01 2.9120323e-01 3.5940691e-01 4.3178406e-01
-1.6471471e+01 2.8887124e-01 3.5694686e-01 4.2926576e-01
-1.6456456e+01 2.8654626e-01 3.5464216e-01 4.2663609e-01
-1.6441441e+01 2.8413423e-01 3.5221159e-01 4.2416693e-01
-1.6426426e+01 2.8183491e-01 3.4962636e-01 4.2154663e-01
-1.6411411e+01 2.7944429e-01 3.4707057e-01 4.1897832e-01
-1.6396396e+01 2.7713125e-01 3.4435784e-01 4.1620750e-01
-1.6381381e+01 2.7478490e-01 3.4173313e-01 4.1364452e-01
-1.6366366e+01 2.7253404e-01 3.3918113e-01 4.1091582e-01
-1.6351351e+01 2.7028387e-01 3.3662517e-01 4.0829378e-01
-1.6336336e+01 2.6792168e-01 3.3407745e-01 4.0534709e-01
-1.6321321e+01 2.6543753e-01 3.3158844e-01 4.0277162e-01
-1.6306306e+01 2.6307314e-01 3.2910990e-01 4.0027247e-01
-1.6291291e+01 2.6074880e-01 3.2657561e-01 3.9764658e-01
-1.6276276e+01 2.5836684e-01 3.2413375e-01 3.9489006e-01
-1.6261261e+01 2.5602804e-01 3.2157638e-01 3.9226007e-01
-1.6246246e+01 2.5365562e-01 3.1890860e-01 3.8957735e-01
-1.6231231e+01 2.5128727e-01 3.1643806e-01 3.8713725e-01
-1.6216216e+01 2.4881312e-01 3.1392861e-01 3.8461499e-01
-1.6201201e+01 2.4638398e-01 3.1140632e-01 3.8199298e-01
-1.6186186e+01 2.4385103e-01 3.0894157e-01 3.7927412e-01
-1.6171171e+01 2.4137186e-01 3.0642870e-01 3.7640276e-01
-1.6156156e+01 2.3889756e-01 3.0388467e-01 3.7368881e-01
-1.6141141e+01 2.3655785e-01 3.0146924e-01 3.7096229e-01
-1.6126126e+01 2.3412782e-01 2.9895032e-01 3.6827750e-01
-1.6111111e+01 2.3180657e-01 2.9637182e-01 3.6554317e-01
-1.6096096e+01 2.2943778e-01 2.9392387e-01 3.6288652e-01
-1.6081081e+01 2.2702375e-01 2.9133390e-01 3.6028586e-01
-1.6066066e+01 2.2474047e-01 2.8877821e-01 3.5755984e-01
-1.6051051e+01 2.2241647e-01 2.8608838e-01 3.5495062e-01
-1.6036036e+01 2.2017217e-01 2.8348155e-01 3.5236319e-01
-1.6021021e+01 2.1769256e-01 2.8092947e-01 3.4952802e-01
-1.6006006e+01 2.1537338e-01 2.7815198e-01 3.4665100e-01
-1.5990991e+01 2.1297680e-01 2.7553968e-01 3.4386160e-01
-1.5975976e+01 2.1069877e-01 2.7309099e-01 3.4135793e-01
-1.5960961e+01 2.0836094e-01 2.7050872e-01 3.3850328e-01
-1.5945946e+01 2.0603759e-01 2.6792218e-01 3.3589679e-01
-1.5930931e+01 2.0377455e-01 2.6535868e-01 3.3298540e-01
-1.5915916e+01 2.0158145e-01 2.6281232e-01 3.3011595e-01
-1.5900901e+01 1.9925530e-01 2.6019753e-01 3.2737625e-01
-1.5885886e+01 1.9705551e-01 2.5764006e-01 3.2441808e-01
-1.5870871e+01 1.9477355e-01 2.5509002e-01 3.2163651e-01
-1.5855856e+01 1.9263184e-01 2.5251059e-01 3.1895985e-01
-1.5840841e+01 1.9038912e-01 2.4987165e-01 3.1621051e-01
-1.5825826e+01 1.8817318e-01 2.4728435e-01 3.1317602e-01
-1.5810811e+01 1.8601188e-01 2.4475728e-01 3.1035636e-01
-1.5795796e+01 1.8390305e-01 2.4233066e-01 3.0758433e-01
-1.5780781e+01 1.8173614e-01 2.3993991e-01 3.0462728e-01
-1.5765766e+01 1.7966380e-01 2.3749373e-01 3.0167865e-01
-1.5750751e+01 1.7760444e-01 2.3502653e-01 2.9865015e-01
-1.5735736e+01 1.7548065e-01 2.3248421e-01 2.9577886e-01
-1.5720721e+01 1.7332416e-01 2.3001344e-01 2.9293160e-01
-1.5705706e+01 1.7119119e-01 2.2764423e-01 2.9003126e-01
-1.5690691e+01 1.6913618e-01 2.2522771e-01 2.8715583e-01
-1.5675676e+01 1.6705232e-01 2.2262791e-01 2.8418566e-01
-1.5660661e+01 1.6502940e-01 2.2019331e-01 2.8129996e-01
-1.5645646e+01 1.6307437e-01 2.1782849e-01 2.7841098e-01
-1.5630631e+01 1.6095469e-01 2.1526409e-01 2.7564333e-01
-1.5615616e+01 1.5888919e-01 2.1287474e-01 2.7272372e-01
-1.5600601e+01 1.5682221e-01 2.1046284e-01 2.6989648e-01
-1.5585586e+01 1.5487014e-01 2.0805990e-01 2.6707166e-01
-1.5570571e+01 1.5291711e-01 2.0571026e-01 2.6440408e-01
-1.5555556e+01 1.5090468e-01 2.0340794e-01 2.6171790e-01
-1.5540541e+01 1.4891183e-01 2.0112965e-01 2.5893521e-01
-1.5525526e+01 1.4680329e-01 1.9876164e-01 2.5629192e-01
-1.5510511e+01 1.4495857e-01 1.9642320e-01 2.5354489e-01
-1.5495495e+01 1.4305509e-01 1.9417658e-01 2.5086537e-01
-1.5480480e+01 1.4108996e-01 1.9194633e-01 2.4829675e-01
-1.5465465e+01 1.3926920e-01 1.8979436e-01 2.4571048e-01
-1.5450450e+01 1.3745099e-01 1.8750045e-01 2.4306531e-01
-1.5435435e+01 1.3578286e-01 1.8520868e-01 2.4061548e-01
-1.5420420e+01 1.3392844e-01 1.8303723e-01 2.3816062e-01
-1.5405405e+01 1.3213962e-01 1.8092150e-01 2.3572347e-01
-1.5390390e+01 1.3043461e-01 1.7886326e-01 2.3323315e-01
-1.5375375e+01 1.2869212e-01 1.7687926e-01 2.3084519e-01
-1.5360360e+01 1.2706302e-01 1.7476700e-01 2.2857447e-01
-1.5345345e+01 1.2529515e-01 1.7267543e-01 2.2621220e-01
-1.5330330e+01 1.2343604e-01 1.7066750e-01 2.2398990e-01
-1.5315315e+01 1.2163142e-01 1.6857988e-01 2.2167635e-01
-1.5300300e+01 1.1992719e-01 1.6653284e-01 2.1947488e-01
-1.5285285e+01 1.1811475e-01 1.6458971e-01 2.1745315e-01
-1.5270270e+01 1.1640556e-01 1.6264890e-01 2.1512722e-01
-1.5255255e+01 1.1481355e-01 1.6065277e-01 2.1295353e-01
-1.5240240e+01 1.1317483e-01 1.5877308e-01 2.1081109e-01
-1.5225225e+01 1.1140405e-01 1.5690313e-01 2.0881720e-01
-1.5210210e+01 1.0977767e-01 1.5494504e-01 2.0676140e-01
-1.5195195e+01 1.0816624e-01 1.5314506e-01 2.0474433e-01
-1.5180180e+01 1.0655239e-01 1.5137077e-01 2.0290197e-01
-1.5165165e+01 1.0490363e-01 1.4963731e-01 2.0104674e-01
-1.5150150e+01 1.0320456e-01 1.4792702e-01 1.9910034e-01
-1.5135135e+01 1.0154637e-01 1.4610192e-01 1.9730645e-01
-1.5120120e+01 1.0005837e-01 1.4433905e-01 1.9551643e-01
-1.5105105e+01 9.8421982e-02 1.4268974e-01 1.9375176e-01
-1.5090090e+01 9.6984054e-02 1.4099475e-01 1.9197994e-01
-1.5075075e+01 9.5439214e-02 1.3926213e-01 1.9033914e-01
-1.5060060e+01 9.4067529e-02 1.3765170e-01 1.8842285e-01
-1.5045045e+01 9.2584766e-02 1.3602058e-01 1.8661875e-01
-1.5030030e+01 9.1054267e-02 1.3439870e-01 1.8487977e-01
-1.5015015e+01 8.9561721e-02 1.3285967e-01 1.8324154e-01
-1.5000000e+01 8.8256983e-02 1.3131541e-01 1.8150488e-01
-1.4984985e+01 8.6852793e-02 1.2963907e-01 1.7982941e-01
-1.4969970e+01 8.5507257e-02 1.2812411e-01 1.7829701e-01
-1.4954955e+01 8.4209386e-02 1.2661024e-01 1.7654819e-01
-1.4939940e+01 8.2777861e-02 1.2510569e-01 1.7501142e-01
-1.4924925e+01 8.1361487e-02 1.2361168e-01 1.7338298e-01
-1.4909910e+01 7.9938649e-02 1.2214642e-01 1.7186070e-01
-1.4894895e+01 7.8635414e-02 1.2062890e-01 1.7023034e-01
-1.4879880e+01 7.7299981e-02 1.1912433e-01 1.6856867e-01
-1.4864865e+01 7.5951094e-02 1.1767244e-01 1.6694212e-01
-1.4849850e+01 7.4659157e-02 1.1618023e-01 1.6539761e-01
-1.4834835e+01 7.3371266e-02 1.1473348e-01 1.6404660e-01
-1.4819820e+01 7.2156374e-02 1.1334440e-01 1.6262285e-01
-1.4804805e+01 7.0855272e-02 1.1195097e-01 1.6109194e-01
-1.4789790e+01 6.9605053e-02 1.1051367e-01 1.5962941e-01
-1.4774775e+01 6.8353652e-02 1.0910782e-01 1.5804498e-01
-1.4759760e+01 6.7135800e-02 1.0772662e-01 1.5658478e-01
-1.4744745e+01 6.5923414e-02 1.0632288e-01 1.5506068e-01
-1.4729730e+01 6.4657506e-02 1.0496777e-01 1.5345498e-01
-1.4714715e+01 6.3489420e-02 1.0359022e-01 1.5187247e-01
-1.4699700e+01 6.2300081e-02 1.0226084e-01 1.5035520e-01
-1.4684685e+01 6.1092185e-02 1.0094299e-01 1.4877783e-01
-1.4669670e+01 5.9972324e-02 9.9672656e-02 1.4706803e-01
-1.4654655e+01 5.8857435e-02 9.8261311e-02 1.4546266e-01
-1.4639640e+01 5.7795041e-02 9.6920148e-02 1.4391752e-01
-1.4624625e+01 5.6723542e-02 9.5589482e-02 1.4242931e-01
-1.4609610e+01 5.5634727e-02 9.4258045e-02 1.4094245e-01
-1.4594595e+01 5.4564073e-02 9.2800112e-02 1.3944509e-01
-1.4579580e+01 5.3507254e-02 9.1473734e-02 1.3778178e-01
-1.4564565e+01 5.2494454e-02 9.0110961e-02 1.3623747e-01
-1.4549550e+01 5.1419552e-02 8.8764842e-02 1.3472094e-01
-1.4534535e+01 5.0261484e-02 8.7482704e-02 1.3294094e-01
-1.4519520e+01 4.9253883e-02 8.6176258e-02 1.3139111e-01
-1.4504505e+01 4.8197815e-02 8.4851327e-02 1.2976942e-01
-1.4489489e+01 4.7171066e-02 8.3567847e-02 1.2812285e-01
-1.4474474e+01 4.6133786e-02 8.2269502e-02 1.2648401e-01
-1.4459459e+01 4.5144722e-02 8.0915990e-02 1.2476655e-01
-1.4444444e+01 4.4143076e-02 7.9570216e-02 1.2315249e-01
-1.4429429e+01 4.3143716e-02 7.8274941e-02 1.2147756e-01
-1.4414414e+01 4.2214237e-02 7.7064676e-02 1.1990149e-01
-1.4399399e+01 4.1229605e-02 7.5734413e-02 1.1828487e-01
-1.4384384e+01 4.0274443e-02 7.4439697e-02 1.1656351e-01
-1.4369369e+01 3.9356965e-02 7.3164023e-02 1.1490187e-01
-1.4354354e+01 3.8429420e-02 7.1966883e-02 1.1318460e-01
-1.4339339e+01 3.7548205e-02 7.0675343e-02 1.1146743e-01
-1.4324324e+01 3.6703180e-02 6.9380874e-02 1.0980460e-01
-1.4309309e+01 3.5789224e-02 6.8151769e-02 1.0808789e-01
-1.4294294e+01 3.4918589e-02 6.6870867e-02 1.0639876e-01
-1.4279279e+01 3.4061342e-02 6.5574608e-02 1.0468684e-01
-1.4264264e+01 3.3206282e-02 6.4280099e-02 1.0299643e-01
-1.4249249e+01 3.2396906e-02 6.2981655e-02 1.0129187e-01
-1.4234234e+01 3.1622270e-02 6.1734724e-02 9.9598737e-02
-1.4219219e+01 3.0832700e-02 6.0473732e-02 9.8016532e-02
-1.4204204e+01 3.0045445e-02 5.9193829e-02 9.6265633e-02
-1.4189189e+01 2.9255296e-02 5.7899528e-02 9.4635938e-02
-1.4174174e+01 2.8481682e-02 5.6688718e-02 9.3013786e-02
-1.4159159e+01 2.7707745e-02 5.5469553e-02 9.1437026e-02
-1.4144144e+01 2.7008834e-02 5.4265123e-02 8.9782850e-02
-1.4129129e+01 2.6279891e-02 5.3101264e-02 8.8154018e-02
-1.4114114e+01 2.5584139e-02 5.1982279e-02 8.6567991e-02
-1.4099099e+01 2.4952748e-02 5.0853855e-02 8.4957484e-02
-1.4084084e+01 2.4329997e-02 4.9707912e-02 8.3294222e-02
-1.4069069e+01 2.3709796e-02 4.8516631e-02 8.1700876e-02
-1.4054054e+01 2.3080125e-02 4.7364174e-02 8.0043131e-02
-1.4039039e+01 2.2462489e-02 4.6274209e-02 7.8454357e-02
-1.4024024e+01 2.1800884e-02 4.5176361e-02 7.6882797e-02
-1.4009009e+01 2.1167668e-02 4.4099143e-02 7.5385071e-02
-1.3993994e+01 2.0545220e-02 4.3010784e-02 7.3917260e-02
-1.3978979e+01 1.9949143e-02 4.1943425e-02 7.2372864e-02
-1.3963964e+01 1.9323318e-02 4.0951107e-02 7.0829601e-02
-1.3948949e+01 1.8759005e-02 3.9930927e-02 6.9301853e-02
-1.3933934e+01 1.8199967e-02 3.8873856e-02 6.7830266e-02
-1.3918919e+01 1.7639077e-02 3.7876325e-02 6.6314290e-02
-1.3903904e+01 1.7079408e-02 3.6894151e-02 6.4926397e-02
-1.3888889e+01 1.6529857e-02 3.5877293e-02 6.3558090e-02
-1.3873874e+01 1.6006362e-02 3.4912425e-02 6.2157091e-02
-1.3858859e+01 1.5475433e-02 3.3977455e-02 6.0876410e-02
-1.3843844e+01 1.4958290e-02 3.3021006e-02 5.9562696e-02
-1.3828829e+01 1.4465809e-02 3.2106881e-02 5.8322764e-02
-1.3813814e+01 1.4005412e-02 3.1224480e-02 5.7137284e-02
-1.3798799e+01 1.3537007e-02 3.0331000e-02 5.5916442e-02
-1.3783784e+01 1.3091456e-02 2.9473007e-02 5.4681498e-02
-1.3768769e+01 1.2661288e-02 2.8624422e-02 5.3438977e-02
-1.3753754e+01 1.2229556e-02 2.7761057e-02 5.2351575e-02
-1.3738739e+01 1.1788012e-02 2.6977599e-02 5.1225967e-02
-1.3723724e+01 1.1364099e-02 2.6180327e-02 5.0113233e-02
-1.3708709e+01 1.0944729e-02 2.5433091e-02 4.9091012e-02
-1.3693694e+01 1.0558487e-02 2.4690786e-02 4.8094644e-02
-1.3678679e+01 1.0160130e-02 2.4000652e-02 4.7002574e-02
-1.3663664e+01 9.7784094e-03 2.3283311e-02 4.5930471e-02
-1.3648649e+01 9.4454002e-03 2.2595913e-02 4.4994172e-02
-1.3633634e+01 9.0664929e-03 2.1886439e-02 4.4112046e-02
-1.3618619e+01 8.7229013e-03 2.1181728e-02 4.3272298e-02
-1.3603604e+01 8.3759686e-03 2.0472906e-02 4.2360505e-02
-1.3588589e+01 8.0580764e-03 1.9812682e-02 4.1491071e-02
-1.3573574e+01 7.7360829e-03 1.9178046e-02 4.0611045e-02
-1.3558559e+01 7.4203200e-03 1.8549940e-02 3.9732003e-02
-1.3543544e+01 7.1252266e-03 1.7931935e-02 3.8945328e-02
-1.3528529e+01 6.8490900e-03 1.7342870e-02 3.8202168e-02
-1.3513514e+01 6.5730497e-03 1.6775137e-02 3.7400901e-02
-1.3498498e+01 6.3116697e-03 1.6219504e-02 3.6679916e-02
-1.3483483e+01 6.0437424e-03 1.5667856e-02 3.5965655e-02
-1.3468468e+01 5.7950250e-03 1.5152431e-02 3.5253452e-02
-1.3453453e+01 5.5525208e-03 1.4637722e-02 3.4647627e-02
-1.3438438e+01 5.3260812e-03 1.4133597e-02 3.3993246e-02
-1.3423423e+01 5.1155267e-03 1.3673426e-02 3.3456990e-02
-1.3408408e+01 4.9071838e-03 1.3233131e-02 3.2908512e-02
-1.3393393e+01 4.7083501e-03 1.2770733e-02 3.2416870e-02
-1.3378378e+01 4.5106771e-03 1.2335270e-02 3.1936910e-02
-1.3363363e+01 4.3329520e-03 1.1884465e-02 3.1453304e-02
-1.3348348e+01 4.1498666e-03 1.1474306e-02 3.0961317e-02
-1.3333333e+01 3.9789392e-03 1.1085889e-02 3.0588015e-02
-1.3318318e+01 3.8207901e-03 1.0721006e-02 3.0188362e-02
-1.3303303e+01 3.6693632e-03 1.0358677e-02 2.9790149e-02
-1.3288288e+01 3.5225272e-03 9.9973571e-03 2.9505921e-02
-1.3273273e+01 3.3848438e-03 9.6356069e-03 2.9202300e-02
-1.3258258e+01 3.2614039e-03 9.2986543e-03 2.8879492e-02
-1.3243243e+01 3.1338419e-03 8.9906205e-03 2.8589892e-02
-1.3228228e+01 3.0194165e-03 8.6952884e-03 2.8288099e-02
-1.3213213e+01 2.9039621e-03 8.4242376e-03 2.8040087e-02
-1.3198198e+01 2.8032620e-03 8.1455934e-03 2.7852858e-02
-1.3183183e+01 2.7005499e-03 7.9057187e-03 2.7627253e-02
-1.3168168e+01 2.6059062e-03 7.6568018e-03 2.7419456e-02
-1.3153153e+01 2.5073009e-03 7.4481144e-03 2.7200941e-02
-1.3138138e+01 2.4140414e-03 7.2303735e-03 2.7062116e-02
-1.3123123e+01 2.3263629e-03 7.0279044e-03 2.6964530e-02
-1.3108108e+01 2.2432957e-03 6.8474730e-03 2.6797726e-02
-1.3093093e+01 2.1825997e-03 6.6629046e-03 2.6723613e-02
-1.3078078e+01 2.1203570e-03 6.5156038e-03 2.6651582e-02
-1.3063063e+01 2.0582393e-03 6.3714603e-03 2.6520270e-02
-1.3048048e+01 2.0025940e-03 6.2475694e-03 2.6413661e-02
-1.3033033e+01 1.9449446e-03 6.1336418e-03 2.6365950e-02
-1.3018018e+01 1.8922673e-03 6.0536097e-03 2.6363675e-02
-1.3003003e+01 1.8370507e-03 5.9734183e-03 2.6353486e-02
-1.2987988e+01 1.7908071e-03 5.9208260e-03 2.6360224e-02
-1.2972973e+01 1.7400320e-03 5.8616121e-03 2.6372496e-02
-1.2957958e+01 1.6894769e-03 5.8117976e-03 2.6394329e-02
-1.2942943e+01 1.6349329e-03 5.8063444e-03 2.6396800e-02
-1.2927928e+01 1.5879869e-03 5.7848197e-03 2.6377657e-02
-1.2912913e+01 1.5479281e-03 5.7865484e-03 2.6439862e-02
-1.2897898e+01 1.5089020e-03 5.8036802e-03 2.6579928e-02
-1.2882883e+01 1.4640942e-03 5.8308722e-03 2.6667364e-02
-1.2867868e+01 1.4236005e-03 5.8605215e-03 2.6735143e-02
-1.2852853e+01 1.3843708e-03 5.9076681e-03 2.6764545e-02
-1.2837838e+01 1.3440606e-03 5.9726406e-03 2.6821712e-02
-1.2822823e+01 1.3050167e-03 6.0521450e-03 2.6891219e-02
-1.2807808e+01 1.2630741e-03 6.1394082e-03 2.6994523e-02
-1.2792793e+01 1.2334301e-03 6.2393111e-03 2.7117144e-02
-1.2777778e+01 1.1974116e-03 6.3486958e-03 2.7226870e-02
-1.2762763e+01 1.1546533e-03 6.4759531e-03 2.7359218e-02
-1.2747748e+01 1.1209355e-03 6.5959616e-03 2.7465834e-02
-1.2732733e+01 1.0823116e-03 6.7324196e-03 2.7675454e-02
-1.2717718e+01 1.0541578e-03 6.8789649e-03 2.7879317e-02
-1.2702703e+01 1.0189723e-03 7.0263242e-03 2.8046931e-02
-1.2687688e+01 9.8026035e-04 7.1893626e-03 2.8312111e-02
-1.2672673e+01 9.4526926e-04 7.3470108e-03 2.8502308e-02
-1.2657658e+01 9.0590132e-04 7.5106288e-03 2.8680767e-02
-1.2642643e+01 8.6843816e-04 7.6879665e-03 2.8916470e-02
-1.2627628e+01 8.3116443e-04 7.8851595e-03 2.9210740e-02
-1.2612613e+01 8.0401509e-04 8.0954242e-03 2.9451899e-02
-1.2597598e+01 7.6430310e-04 8.3050171e-03 2.9709969e-02
-1.2582583e+01 7.2555977e-04 8.5133294e-03 3.0044120e-02
-1.2567568e+01 6.9641279e-04 8.7343834e-03 3.0351203e-02
-1.2552553e+01 6.6429148e-04 8.9570776e-03 3.0713636e-02
-1.2537538e+01 6.3189821e-04 9.2092986e-03 3.1077129e-02
-1.2522523e+01 6.0161790e-04 9.4523702e-03 3.1439941e-02
-1.2507508e+01 5.7565581e-04 9.7123521e-03 3.1742076e-02
-1.2492492e+01 5.5201418e-04 9.9914148e-03 3.2173924e-02
-1.2477477e+01 5.3175535e-04 1.0255592e-02 3.2551788e-02
-1.2462462e+01 5.1137025e-04 1.0519202e-02 3.2984639e-02
-1.2447447e+01 4.8657062e-04 1.0782237e-02 3.3448515e-02
-1.2432432e+01 4.6372537e-04 1.1070937e-02 3.3971760e-02
-1.2417417e+01 4.3791616e-04 1.1360981e-02 3.4411661e-02
-1.2402402e+01 4.2142825e-04 1.1650605e-02 3.4887200e-02
-1.2387387e+01 4.0226418e-04 1.1961519e-02 3.5313244e-02
-1.2372372e+01 3.8635162e-04 1.2274936e-02 3.5755342e-02
-1.2357357e+01 3.6607035e-04 1.2589031e-02 3.6264223e-02
-1.2342342e+01 3.5387876e-04 1.2910468e-02 3.6878462e-02
-1.2327327e+01 3.3677563e-04 1.3235850e-02 3.7374543e-02
-1.2312312e+01 3.2225875e-04 1.3545090e-02 3.7924070e-02
-1.2297297e+01 3.0838908e-04 1.3865357e-02 3.8389796e-02
-1.2282282e+01 2.9619867e-04 1.4163838e-02 3.8876663e-02
-1.2267267e+01 2.8398297e-04 1.4502933e-02 3.9370607e-02
-1.2252252e+01 2.7328852e-04 1.4821285e-02 3.9855288e-02
-1.2237237e+01 2.6184675e-04 1.5140430e-02 4.0463216e-02
-1.2222222e+01 2.4999956e-04 1.5459647e-02 4.1024832e-02
-1.2207207e+01 2.3815041e-04 1.5820796e-02 4.1530478e-02
-1.2192192e+01 2.2810054e-04 1.6144470e-02 4.2059294e-02
-1.2177177e+01 2.1840620e-04 1.6460928e-02 4.2615782e-02
-1.2162162e+01 2.1128322e-04 1.6808977e-02 4.3101181e-02
-1.2147147e+01 2.0360460e-04 1.7139388e-02 4.3554920e-02
-1.2132132e+01 1.9310164e-04 1.7447468e-02 4.4099500e-02
-1.2117117e+01 1.8934433e-04 1.7786709e-02 4.4643819e-02
-1.2102102e+01 1.8067330e-04 1.8091459e-02 4.5197000e-02
-1.2087087e+01 1.7517031e-04 1.8425521e-02 4.5645136e-02
-1.2072072e+01 1.7110862e-04 1.8759128e-02 4.6141812e-02
-1.2057057e+01 1.6900017e-04 1.9043286e-02 4.6700148e-02
-1.2042042e+01 1.6530865e-04 1.9351741e-02 4.7188987e-02
-1.2027027e+01 1.6126791e-04 1.9658626e-02 4.7604189e-02
-1.2012012e+01 1.5697191e-04 1.9940609e-02 4.8127378e-02
-1.1996997e+01 1.5298243e-04 2.0237269e-02 4.8457605e-02
-1.1981982e+01 1.4766491e-04 2.0533195e-02 4.8789863e-02
-1.1966967e+01 1.4417693e-04 2.0816803e-02 4.9029797e-02
-1.1951952e+01 1.3951042e-04 2.1082628e-02 4.9579705e-02
-1.1936937e+01 1.3616419e-04 2.1349578e-02 5.0201466e-02
-1.1921922e+01 1.3632077e-04 2.1606691e-02 5.0707719e-02
-1.1906907e+01 1.3314583e-04 2.1860412e-02 5.1310768e-02
-1.1891892e+01 1.2953954e-04 2.2108043e-02 5.1901657e-02
-1.1876877e+01 1.2372574e-04 2.2344897e-02 5.2506929e-02
-1.1861862e+01 1.2359218e-04 2.2566813e-02 5.3022208e-02
-1.1846847e+01 1.2068491e-04 2.2765911e-02 5.3582321e-02
-1.1831832e+01 1.1623900e-04 2.2982952e-02 5.4139977e-02
-1.1816817e+01 1.1144497e-04 2.3185074e-02 5.4577774e-02
-1.1801802e+01 1.0980249e-04 2.3370258e-02 5.4978046e-02
-1.1786787e+01 1.0714892e-04 2.3523283e-02 5.5420570e-02
-1.1771772e+01 1.0205976e-04 2.3693702e-02 5.5878175e-02
-1.1756757e+01 9.9569981e-05 2.3838075e-02 5.6209023e-02
-1.1741742e+01 9.5836185e-05 2.3967418e-02 5.6630670e-02
-1.1726727e+01 9.4676175e-05 2.4093281e-02 5.7157724e-02
-1.1711712e+01 9.3967126e-05 2.4191530e-02 5.7432550e-02
-1.1696697e+01 9.2629198e-05 2.4277170e-02 5.7798999e-02
-1.1681682e+01 9.0517178e-05 2.4340835e-02 5.8211912e-02
-1.1666667e+01 8.8224130e-05 2.4386806e-02 5.8548917e-02
-1.1651652e+01 8.8725739e-05 2.4423754e-02 5.8860444e-02
-1.1636637e+01 8.7676537e-05 2.4447583e-02 5.9171874e-02
-1.1621622e+01 8.5637783e-05 2.4466378e-02 5.9552683e-02
-1.1606607e+01 8.3655561e-05 2.4479389e-02 5.9899690e-02
-1.1591592e+01 8.1275819e-05 2.4489434e-02 6.0191742e-02
-1.1576577e+01 8.0340644e-05 2.4495335e-02 6.0316075e-02
-1.1561562e+01 7.8215493e-05 2.4502407e-02 6.0480183e-02
-1.1546547e+01 7.7428460e-05 2.4507371e-02 6.0652434e-02
-1.1531532e+01 7.7399519e-05 2.4508083e-02 6.0793126e-02
-1.1516517e+01 7.5638400e-05 2.4508948e-02 6.0936664e-02
-1.1501502e+01 7.4888811e-05 2.4510297e-02 6.0962787e-02
-1.1486486e+01 7.1856934e-05 2.4511368e-02 6.0985126e-02
-1.1471471e+01 7.1136484e-05 2.4510841e-02 6.1023307e-02
-1.1456456e+01 6.7463072e-05 2.4512069e-02 6.1067052e-02
-1.1441441e+01 6.6934535e-05 2.4511144e-02 6.1118450e-02
-1.1426426e+01 6.6600406e-05 2.4511411e-02 6.1154779e-02
-1.1411411e+01 6.3797304e-05 2.4510130e-02 6.1218054e-02
-1.1396396e+01 6.0465445e-05 2.4508143e-02 6.1200151e-02
-1.1381381e+01 6.0289640e-05 2.4505827e-02 6.0957005e-02
-1.1366366e+01 5.8760433e-05 2.4502025e-02 6.0974202e-02
-1.1351351e+01 5.9858018e-05 2.4497387e-02 6.0834967e-02
-1.1336336e+01 5.9646265e-05 2.4490287e-02 6.0658695e-02
-1.1321321e+01 5.8779781e-05 2.4483685e-02 6.0550227e-02
-1.1306306e+01 5.7644932e-05 2.4476128e-02 6.0218310e-02
-1.1291291e+01 5.7822147e-05 2.4463253e-02 6.0021836e-02
-1.1276276e+01 5.8104964e-05 2.4450301e-02 5.9692109e-02
-1.1261261e+01 5.7962020e-05 2.4434678e-02 5.9193583e-02
-1.1246246e+01 5.7338867e-05 2.4413503e-02 5.8783510e-02
-1.1231231e+01 5.7029680e-05 2.4387735e-02 5.8454084e-02
-1.1216216e+01 5.6338109e-05 2.4358625e-02 5.8040143e-02
-1.1201201e+01 5.4494199e-05 2.4320419e-02 5.7599438e-02
-1.1186186e+01 5.1671305e-05 2.4269763e-02 5.7126092e-02
-1.1171171e+01 5.0691028e-05 2.4209890e-02 5.6688517e-02
-1.1156156e+01 4.9487654e-05 2.4141722e-02 5.6137332e-02
-1.1141141e+01 4.9437838e-05 2.4061373e-02 5.5632016e-02
-1.1126126e+01 4.7764235e-05 2.3978661e-02 5.5117238e-02
-1.1111111e+01 4.7288512e-05 2.3878636e-02 5.4587811e-02
-1.1096096e+01 4.6275513e-05 2.3749576e-02 5.4009560e-02
-1.1081081e+01 4.5261754e-05 2.3614857e-02 5.3467059e-02
-1.1066066e+01 4.3347203e-05 2.3476712e-02 5.2768284e-02
-1.1051051e+01 4.1810006e-05 2.3314988e-02 5.2079409e-02
-1.1036036e+01 4.1724727e-05 2.3128184e-02 5.1360770e-02
-1.1021021e+01 4.0146795e-05 2.2936462e-02 5.0812183e-02
-1.1006006e+01 3.9217561e-05 2.2721747e-02 5.0163165e-02
-1.0990991e+01 3.8391944e-05 2.2504843e-02 4.9579260e-02
-1.0975976e+01 3.7173314e-05 2.2285148e-02 4.9112990e-02
-1.0960961e+01 3.6108102e-05 2.2043045e-02 4.8931145e-02
-1.0945946e+01 3.4672487e-05 2.1784877e-02 4.8701189e-02
-1.0930931e+01 3.3630451e-05 2.1500680e-02 4.8367187e-02
-1.0915916e+01 3.2581605e-05 2.1210560e-02 4.8007276e-02
-1.0900901e+01 3.1761230e-05 2.0928332e-02 4.7511363e-02
-1.0885886e+01 3.0985502e-05 2.0671808e-02 4.7011519e-02
-1.0870871e+01 3.0035122e-05 2.0356161e-02 4.6569063e-02
-1.0855856e+01 2.8618982e-05 2.0021393e-02 4.6098944e-02
-1.0840841e+01 2.8091351e-05 1.9721119e-02 4.5590564e-02
-1.0825826e+01 2.7450578e-05 1.9397478e-02 4.4967642e-02
-1.0810811e+01 2.6724548e-05 1.9041379e-02 4.4312364e-02
-1.0795796e+01 2.6232259e-05 1.8697970e-02 4.3792299e-02
-1.0780781e+01 2.5860572e-05 1.8383595e-02 4.3270445e-02
-1.0765766e+01 2.6218000e-05 1.8024208e-02 4.2777194e-02
-1.0750751e+01 2.5513035e-05 1.7698626e-02 4.2216735e-02
-1.0735736e+01 2.4458280e-05 1.7345933e-02 4.1648711e-02
-1.0720721e+01 2.4064515e-05 1.6992561e-02 4.1012591e-02
-1.0705706e+01 2.3522708e-05 1.6631707e-02 4.0408401e-02
-1.0690691e+01 2.2514843e-05 1.6270649e-02 3.9731810e-02
-1.0675676e+01 2.1371322e-05 1.5888724e-02 3.9076133e-02
-1.0660661e+01 2.0725102e-05 1.5539946e-02 3.8396742e-02
-1.0645646e+01 1.9401242e-05 1.5157350e-02 3.7824681e-02
-1.0630631e+01 1.8544104e-05 1.4797460e-02 3.7269570e-02
-1.0615616e+01 1.7396780e-05 1.4433978e-02 3.6767124e-02
-1.0600601e+01 1.6485117e-05 1.4075205e-02 3.6121799e-02
-1.0585586e+01 1.5886172e-05 1.3711359e-02 3.5596893e-02
-1.0570571e+01 1.5442125e-05 1.3340708e-02 3.4993747e-02
-1.0555556e+01 1.4728573e-05 1.2973158e-02 3.4424781e-02
-1.0540541e+01 1.4196355e-05 1.2612482e-02 3.3790745e-02
-1.0525526e+01 1.3823938e-05 1.2249275e-02 3.3268069e-02
-1.0510511e+01 1.3378160e-05 1.1885133e-02 3.2704412e-02
-1.0495495e+01 1.3194620e-05 1.1531914e-02 3.2140591e-02
-1.0480480e+01 1.2679394e-05 1.1172926e-02 3.1573387e-02
-1.0465465e+01 1.2255219e-05 1.0830209e-02 3.1078504e-02
-1.0450450e+01 1.1755272e-05 1.0490011e-02 3.0527565e-02
-1.0435435e+01 1.1142100e-05 1.0164787e-02 3.0032381e-02
-1.0420420e+01 1.0452185e-05 9.8185298e-03 2.9552318e-02
-1.0405405e+01 9.8749216e-06 9.4926766e-03 2.9046397e-02
-1.0390390e+01 9.4898468e-06 9.1620259e-03 2.8587081e-02
-1.0375375e+01 9.0887526e-06 8.8347213e-03 2.8138450e-02
-1.0360360e+01 8.4328518e-06 8.5256825e-03 2.7686907e-02
-1.0345345e+01 7.8644443e-06 8.2192530e-03 2.7239731e-02
-1.0330330e+01 7.6886034e-06 7.9348045e-03 2.6799382e-02
-1.0315315e+01 7.3955715e-06 7.6517360e-03 2.6361413e-02
-1.0300300e+01 6.7977178e-06 7.3560829e-03 2.5963655e-02
-1.0285285e+01 6.2883465e-06 7.0766220e-03 2.5600492e-02
-1.0270270e+01 5.9644236e-06 6.7969003e-03 2.5066511e-02
-1.0255255e+01 5.5561076e-06 6.5411014e-03 2.4737841e-02
-1.0240240e+01 5.3468612e-06 6.2909825e-03 2.4500971e-02
-1.0225225e+01 5.0523968e-06 6.0355217e-03 2.4352634e-02
-1.0210210e+01 4.7602260e-06 5.7965335e-03 2.4157824e-02
-1.0195195e+01 4.4096144e-06 5.5721849e-03 2.3935248e-02
-1.0180180e+01 4.1910268e-06 5.3381717e-03 2.3684750e-02
-1.0165165e+01 3.9180507e-06 5.1293030e-03 2.3475592e-02
-1.0150150e+01 3.6510422e-06 4.9224602e-03 2.3190951e-02
-1.0135135e+01 3.4432577e-06 4.7226501e-03 2.2953984e-02
-1.0120120e+01 3.2574278e-06 4.5210670e-03 2.2725850e-02
-1.0105105e+01 3.0812827e-06 4.3256718e-03 2.2435353e-02
-1.0090090e+01 2.9058964e-06 4.1392642e-03 2.2200635e-02
-1.0075075e+01 2.7207884e-06 3.9498045e-03 2.1927643e-02
-1.0060060e+01 2.5646576e-06 3.7748075e-03 2.1690820e-02
-1.0045045e+01 2.3834198e-06 3.5946701e-03 2.1397266e-02
-1.0030030e+01 2.2633232e-06 3.4245754e-03 2.1093083e-02
-1.0015015e+01 2.1426805e-06 3.2575578e-03 2.0833179e-02
-1.0000000e+01 2.0581789e-06 3.1021997e-03 2.0626299e-02
