X KDE_INF KDE_MED KDE_SUP
-3.0000000e+00 1.6740933e-25 1.4135496e-18 1.1900385e-10
-2.9949950e+00 2.1361478e-25 1.7336994e-18 1.3808011e-10
-2.9899900e+00 2.7249193e-25 2.1258593e-18 1.6012657e-10
-2.9849850e+00 3.4706924e-25 2.6050949e-18 1.8559141e-10
-2.9799800e+00 4.4198828e-25 3.1915203e-18 2.1513684e-10
-2.9749750e+00 5.6258655e-25 3.9102491e-18 2.4923665e-10
-2.9699700e+00 7.1533899e-25 4.7836651e-18 2.8783686e-10
-2.9649650e+00 9.0921651e-25 5.8478516e-18 3.3227394e-10
-2.9599600e+00 1.1556319e-24 7.1448724e-18 3.8321564e-10
-2.9549550e+00 1.4682318e-24 8.7318765e-18 4.4265420e-10
-2.9499499e+00 1.8639941e-24 1.0657419e-17 5.1105968e-10
-2.9449449e+00 2.3636585e-24 1.3000478e-17 5.8950215e-10
-2.9399399e+00 2.9961747e-24 1.5850004e-17 6.7915252e-10
-2.9349349e+00 3.7976187e-24 1.9302497e-17 7.8111096e-10
-2.9299299e+00 4.8153531e-24 2.3487885e-17 8.9788505e-10
-2.9249249e+00 6.0904584e-24 2.8588114e-17 1.0315525e-09
-2.9199199e+00 7.7034930e-24 3.4781229e-17 1.1839954e-09
-2.9149149e+00 9.7470735e-24 4.2326517e-17 1.3581710e-09
-2.9099099e+00 1.2329352e-23 5.1444744e-17 1.5610276e-09
-2.9049049e+00 1.5581725e-23 6.2478488e-17 1.7952199e-09
-2.8998999e+00 1.9685550e-23 7.5823257e-17 2.0595765e-09
-2.8948949e+00 2.4833331e-23 9.1969410e-17 2.3573124e-09
-2.8898899e+00 3.1330868e-23 1.1157276e-16 2.6966125e-09
-2.8848849e+00 3.9522534e-23 1.3515058e-16 3.0879102e-09
-2.8798799e+00 4.9757839e-23 1.6369157e-16 3.5300780e-09
-2.8748749e+00 6.2678292e-23 1.9805106e-16 4.0333563e-09
-2.8698699e+00 7.8895765e-23 2.3966193e-16 4.5924650e-09
-2.8648649e+00 9.9178452e-23 2.8986340e-16 5.2391171e-09
-2.8598599e+00 1.2467601e-22 3.5078796e-16 5.9735505e-09
-2.8548549e+00 1.5642570e-22 4.2405193e-16 6.7789390e-09
-2.8498498e+00 1.9639472e-22 5.1223365e-16 7.7465658e-09
-2.8448448e+00 2.4655923e-22 6.1814463e-16 8.8338140e-09
-2.8398398e+00 3.0941813e-22 7.4498649e-16 1.0057844e-08
-2.8348348e+00 3.8789876e-22 8.9811865e-16 1.1441693e-08
-2.8298298e+00 4.8558480e-22 1.0828648e-15 1.3007926e-08
-2.8248248e+00 6.0886928e-22 1.3048852e-15 1.4774503e-08
-2.8198198e+00 7.6238134e-22 1.5728077e-15 1.6771807e-08
-2.8148148e+00 9.5468506e-22 1.8924530e-15 1.9075896e-08
-2.8098098e+00 1.1950111e-21 2.2723617e-15 2.1716080e-08
-2.8048048e+00 1.4928512e-21 2.7284299e-15 2.4630359e-08
-2.7997998e+00 1.8661685e-21 3.2794370e-15 2.7919224e-08
-2.7947948e+00 2.3311501e-21 3.9289937e-15 3.1654439e-08
-2.7897898e+00 2.9075029e-21 4.7116324e-15 3.5743901e-08
-2.7847848e+00 3.6244183e-21 5.6424745e-15 4.0437925e-08
-2.7797798e+00 4.5143197e-21 6.7671557e-15 4.5702298e-08
-2.7747748e+00 5.6208565e-21 8.1074086e-15 5.1623731e-08
-2.7697698e+00 7.0009156e-21 9.7017196e-15 5.8280452e-08
-2.7647648e+00 8.7094601e-21 1.1603834e-14 6.5759515e-08
-2.7597598e+00 1.0827620e-20 1.3882315e-14 7.4157736e-08
-2.7547548e+00 1.3461058e-20 1.6597550e-14 8.3582720e-08
-2.7497497e+00 1.6705976e-20 1.9810900e-14 9.4153985e-08
-2.7447447e+00 2.0740135e-20 2.3640218e-14 1.0628227e-07
-2.7397397e+00 2.5724109e-20 2.8196432e-14 1.1991036e-07
-2.7347347e+00 3.1877501e-20 3.3647022e-14 1.3516937e-07
-2.7297297e+00 3.9580546e-20 4.0083473e-14 1.5200445e-07
-2.7247247e+00 4.9037977e-20 4.7717316e-14 1.7068868e-07
-2.7197197e+00 6.0826707e-20 5.6818903e-14 1.9172451e-07
-2.7147147e+00 7.5307102e-20 6.7516282e-14 2.1513867e-07
-2.7097097e+00 9.3116877e-20 8.0214061e-14 2.4161317e-07
-2.7047047e+00 1.1496267e-19 9.5222855e-14 2.7092932e-07
-2.6996997e+00 1.4205387e-19 1.1294892e-13 3.0413432e-07
-2.6946947e+00 1.7532125e-19 1.3402775e-13 3.4167245e-07
-2.6896897e+00 2.1608523e-19 1.5902899e-13 3.8263884e-07
-2.6846847e+00 2.6658863e-19 1.8835025e-13 4.2821681e-07
-2.6796797e+00 3.2843525e-19 2.2294900e-13 4.8103335e-07
-2.6746747e+00 4.0418402e-19 2.6398073e-13 5.3954907e-07
-2.6696697e+00 4.9734860e-19 3.1251920e-13 6.0370607e-07
-2.6646647e+00 6.1227224e-19 3.6969091e-13 6.7403577e-07
-2.6596597e+00 7.5233805e-19 4.3672914e-13 7.5290798e-07
-2.6546547e+00 9.2443760e-19 5.1613238e-13 8.4292332e-07
-2.6496496e+00 1.1361520e-18 6.0939003e-13 9.3901017e-07
-2.6446446e+00 1.3939549e-18 7.1970322e-13 1.0455284e-06
-2.6396396e+00 1.7088232e-18 8.4807352e-13 1.1634640e-06
-2.6346346e+00 2.0936728e-18 9.9879387e-13 1.2781964e-06
-2.6296296e+00 2.5646863e-18 1.1756568e-12 1.4275156e-06
-2.6246246e+00 3.1475494e-18 1.3844527e-12 1.5887875e-06
-2.6196196e+00 3.8518513e-18 1.6291737e-12 1.7697663e-06
-2.6146146e+00 4.7084209e-18 1.9184520e-12 1.9691157e-06
-2.6096096e+00 5.7533712e-18 2.2550597e-12 2.1870383e-06
-2.6046046e+00 7.0302065e-18 2.6482579e-12 2.4331776e-06
-2.5995996e+00 8.5883502e-18 3.1118293e-12 2.6979688e-06
-2.5945946e+00 1.0493674e-17 3.6506377e-12 3.0024057e-06
-2.5895896e+00 1.2816115e-17 4.2803689e-12 3.3249200e-06
-2.5845846e+00 1.5635094e-17 5.0201304e-12 3.6775238e-06
-2.5795796e+00 1.9063928e-17 5.8821083e-12 4.0826732e-06
-2.5745746e+00 2.3232008e-17 6.8882344e-12 4.5331801e-06
-2.5695696e+00 2.8284748e-17 8.0653729e-12 5.0056313e-06
-2.5645646e+00 3.4389486e-17 9.4372638e-12 5.5259032e-06
-2.5595596e+00 4.1830624e-17 1.1035704e-11 6.1106187e-06
-2.5545546e+00 5.0897705e-17 1.2891082e-11 6.7437672e-06
-2.5495495e+00 6.1859630e-17 1.5053848e-11 7.4363295e-06
-2.5445445e+00 7.5054192e-17 1.7571811e-11 8.1905574e-06
-2.5395395e+00 9.1013499e-17 2.0504664e-11 9.0448214e-06
-2.5345345e+00 1.1043411e-16 2.3930079e-11 9.9668869e-06
-2.5295295e+00 1.3398959e-16 2.7828944e-11 1.0956462e-05
-2.5245245e+00 1.6262257e-16 3.2387319e-11 1.1988819e-05
-2.5195195e+00 1.9718458e-16 3.7737117e-11 1.3212153e-05
-2.5145145e+00 2.3871081e-16 4.3871045e-11 1.4524669e-05
-2.5095095e+00 2.8914410e-16 5.1010107e-11 1.5934556e-05
-2.5045045e+00 3.5014566e-16 5.9267735e-11 1.7468760e-05
-2.4994995e+00 4.2257235e-16 6.8983497e-11 1.9113558e-05
-2.4944945e+00 5.0998163e-16 8.0099535e-11 2.0955101e-05
-2.4894895e+00 6.1616072e-16 9.2960736e-11 2.2908479e-05
-2.4844845e+00 7.4413594e-16 1.0802806e-10 2.5026635e-05
-2.4794795e+00 8.9859540e-16 1.2518931e-10 2.7371428e-05
-2.4744745e+00 1.0822673e-15 1.4493882e-10 2.9919716e-05
-2.4694695e+00 1.3041212e-15 1.6787158e-10 3.2647757e-05
-2.4644645e+00 1.5717890e-15 1.9403123e-10 3.5679256e-05
-2.4594595e+00 1.8944810e-15 2.2447891e-10 3.8479787e-05
-2.4544545e+00 2.2770396e-15 2.5942540e-10 4.2039649e-05
-2.4494494e+00 2.7351271e-15 3.0014158e-10 4.5857157e-05
-2.4444444e+00 3.2836944e-15 3.4697635e-10 4.9673076e-05
-2.4394394e+00 3.9430559e-15 3.9997699e-10 5.3941410e-05
-2.4344344e+00 4.7330930e-15 4.6190281e-10 5.8815284e-05
-2.4294294e+00 5.6802335e-15 5.3278362e-10 6.4035617e-05
-2.4244244e+00 6.8026504e-15 6.1349944e-10 6.9768076e-05
-2.4194194e+00 8.1484691e-15 7.0653381e-10 7.5879738e-05
-2.4144144e+00 9.7458251e-15 8.1220702e-10 8.2418664e-05
-2.4094094e+00 1.1643325e-14 9.3569065e-10 8.9585530e-05
-2.4044044e+00 1.3929483e-14 1.0764827e-09 9.7516115e-05
-2.3993994e+00 1.6662557e-14 1.2365198e-09 1.0594708e-04
-2.3943944e+00 1.9901667e-14 1.4196855e-09 1.1474237e-04
-2.3893894e+00 2.3757722e-14 1.6301165e-09 1.2447338e-04
-2.3843844e+00 2.8353036e-14 1.8732639e-09 1.3476851e-04
-2.3793794e+00 3.3842988e-14 2.1452646e-09 1.4565522e-04
-2.3743744e+00 4.0383857e-14 2.4551511e-09 1.5734632e-04
-2.3693694e+00 4.8113756e-14 2.8104392e-09 1.6969475e-04
-2.3643644e+00 5.7360185e-14 3.2182373e-09 1.8349285e-04
-2.3593594e+00 6.8252813e-14 3.6865303e-09 1.9487356e-04
-2.3543544e+00 8.1286278e-14 4.2113727e-09 2.1009116e-04
-2.3493493e+00 9.6603541e-14 4.8186758e-09 2.2646535e-04
-2.3443443e+00 1.1472134e-13 5.5028546e-09 2.4384376e-04
-2.3393393e+00 1.3612050e-13 6.2737183e-09 2.6239786e-04
-2.3343343e+00 1.6155893e-13 7.1486644e-09 2.8030043e-04
-2.3293293e+00 1.9172370e-13 8.1413021e-09 2.7352417e-04
-2.3243243e+00 2.2698768e-13 9.2779362e-09 2.5410186e-04
-2.3193193e+00 2.6859101e-13 1.0566854e-08 2.3592945e-04
-2.3143143e+00 3.1832361e-13 1.2038880e-08 2.1893673e-04
-2.3093093e+00 3.7683485e-13 1.3680568e-08 2.0305668e-04
-2.3043043e+00 4.4578275e-13 1.5532672e-08 1.8822535e-04
-2.2992993e+00 5.2717576e-13 1.7630773e-08 1.7438178e-04
-2.2942943e+00 6.2299721e-13 2.0049881e-08 1.6146794e-04
-2.2892893e+00 7.3610410e-13 2.2770479e-08 1.4942867e-04
-2.2842843e+00 8.6864388e-13 2.5839431e-08 1.3821275e-04
-2.2792793e+00 1.0245246e-12 2.9327369e-08 1.2777822e-04
-2.2742743e+00 1.2065009e-12 3.3217301e-08 1.1815842e-04
-2.2692693e+00 1.4233778e-12 3.7651533e-08 1.0985613e-04
-2.2642643e+00 1.6791008e-12 4.2623683e-08 1.0535831e-04
-2.2592593e+00 1.9735924e-12 4.8320714e-08 1.0829205e-04
-2.2542543e+00 2.3220009e-12 5.4735872e-08 1.1394837e-04
-2.2492492e+00 2.7304696e-12 6.1858528e-08 1.2227253e-04
-2.2442442e+00 3.2032814e-12 6.9916583e-08 1.3120125e-04
-2.2392392e+00 3.7620576e-12 7.9011145e-08 1.3361539e-04
-2.2342342e+00 4.4183501e-12 8.9122393e-08 1.2291014e-04
-2.2292292e+00 5.1828779e-12 1.0028086e-07 1.1300072e-04
-2.2242242e+00 6.0831330e-12 1.1284497e-07 1.0384531e-04
-2.2192192e+00 7.1267203e-12 1.2728045e-07 9.6971036e-05
-2.2142142e+00 8.3501810e-12 1.4340714e-07 9.7901487e-05
-2.2092092e+00 9.7787716e-12 1.6124480e-07 1.0345707e-04
-2.2042042e+00 1.1443946e-11 1.8105914e-07 1.1041979e-04
-2.1991992e+00 1.3381375e-11 2.0353217e-07 1.0121777e-04
-2.1941942e+00 1.5637231e-11 2.2889871e-07 1.0424544e-04
-2.1891892e+00 1.8243798e-11 2.5692416e-07 1.1182590e-04
-2.1841842e+00 2.1320168e-11 2.8850583e-07 1.1479051e-04
-2.1791792e+00 2.4911722e-11 3.2350957e-07 1.2058342e-04
-2.1741742e+00 2.9094959e-11 3.6252439e-07 1.2969800e-04
-2.1691692e+00 3.3939129e-11 4.0681594e-07 1.3967690e-04
-2.1641642e+00 3.9544894e-11 4.5554781e-07 1.5084140e-04
-2.1591592e+00 4.6066080e-11 5.1051711e-07 1.6230383e-04
-2.1541542e+00 5.3661965e-11 5.7173200e-07 1.7510064e-04
-2.1491491e+00 6.2383443e-11 6.4037514e-07 1.8886741e-04
-2.1441441e+00 7.2592545e-11 7.1621639e-07 2.0394852e-04
-2.1391391e+00 8.4437485e-11 8.0022879e-07 2.1980301e-04
-2.1341341e+00 9.7933641e-11 8.9281778e-07 2.3693055e-04
-2.1291291e+00 1.1362902e-10 9.9625013e-07 2.5577636e-04
-2.1241241e+00 1.3184060e-10 1.1100793e-06 2.7621561e-04
-2.1191191e+00 1.5256153e-10 1.2358798e-06 2.9799026e-04
-2.1141141e+00 1.7708081e-10 1.3724620e-06 3.2099976e-04
-2.1091091e+00 2.0524222e-10 1.5271650e-06 3.4412083e-04
-2.1041041e+00 2.3731951e-10 1.6980409e-06 3.7073981e-04
-2.0990991e+00 2.7420970e-10 1.8888972e-06 3.9849628e-04
-2.0940941e+00 3.1718898e-10 2.1012153e-06 4.2944764e-04
-2.0890891e+00 3.6591441e-10 2.3340313e-06 4.6114851e-04
-2.0840841e+00 4.2248369e-10 2.5868912e-06 4.9449037e-04
-2.0790791e+00 4.8829533e-10 2.8579649e-06 5.3123022e-04
-2.0740741e+00 5.6329553e-10 3.1663161e-06 5.7109498e-04
-2.0690691e+00 6.5018207e-10 2.8731528e-06 6.1331338e-04
-2.0640641e+00 7.4886882e-10 2.6239497e-06 6.5616585e-04
-2.0590591e+00 8.6417892e-10 2.7187877e-06 7.0191417e-04
-2.0540541e+00 9.9560595e-10 2.9416116e-06 7.4884138e-04
-2.0490490e+00 1.1456455e-09 3.2189063e-06 8.0167641e-04
-2.0440440e+00 1.3168068e-09 3.4288497e-06 8.5514333e-04
-2.0390390e+00 1.5100138e-09 3.1562214e-06 9.1163614e-04
-2.0340340e+00 1.7350811e-09 3.3668930e-06 9.7187059e-04
-2.0290290e+00 1.9890541e-09 3.6628067e-06 1.0367751e-03
-2.0240240e+00 2.2811049e-09 3.6740352e-06 1.1013588e-03
-2.0190190e+00 2.6165023e-09 4.0218642e-06 1.1732422e-03
-2.0140140e+00 2.9995867e-09 4.3040566e-06 1.2444396e-03
-2.0090090e+00 3.4396588e-09 4.7259538e-06 1.3240564e-03
-2.0040040e+00 3.9406182e-09 5.1935944e-06 1.4104355e-03
-1.9989990e+00 4.5143678e-09 5.7163971e-06 1.4997351e-03
-1.9939940e+00 5.1673476e-09 6.2663494e-06 1.5885843e-03
-1.9889890e+00 5.9035192e-09 6.8740029e-06 1.6833774e-03
-1.9839840e+00 6.7447389e-09 7.5881116e-06 1.7881111e-03
-1.9789790e+00 7.6997635e-09 8.3597369e-06 1.8921921e-03
-1.9739740e+00 8.7720116e-09 9.2215180e-06 2.0023111e-03
-1.9689690e+00 1.0005783e-08 1.0155831e-05 2.1171054e-03
-1.9639640e+00 1.1405160e-08 1.1194845e-05 2.2396336e-03
-1.9589590e+00 1.3023626e-08 1.2275514e-05 2.3671228e-03
-1.9539540e+00 1.4847701e-08 1.3493867e-05 2.5050541e-03
-1.9489489e+00 1.6905428e-08 1.4826981e-05 2.6452163e-03
-1.9439439e+00 1.9239633e-08 1.6299050e-05 2.7952789e-03
-1.9389389e+00 2.1860227e-08 1.7869646e-05 2.9468453e-03
-1.9339339e+00 2.4792289e-08 1.9621300e-05 3.1017370e-03
-1.9289289e+00 2.8180031e-08 2.1521472e-05 3.2737955e-03
-1.9239239e+00 3.1978718e-08 2.3608227e-05 3.4514000e-03
-1.9189189e+00 3.6228179e-08 2.5859242e-05 3.6170990e-03
-1.9139139e+00 4.1082299e-08 2.8294021e-05 3.8038859e-03
-1.9089089e+00 4.6651556e-08 3.0919075e-05 3.9949754e-03
-1.9039039e+00 5.2811226e-08 3.3835230e-05 4.1928501e-03
-1.8988989e+00 5.9775253e-08 3.6994081e-05 4.3863389e-03
-1.8938939e+00 6.2936264e-08 4.0386795e-05 4.6179859e-03
-1.8888889e+00 6.8395058e-08 4.4097668e-05 4.8440088e-03
-1.8838839e+00 7.5357966e-08 4.8139128e-05 5.0712353e-03
-1.8788789e+00 8.2149555e-08 5.2432015e-05 5.2987825e-03
-1.8738739e+00 8.9294442e-08 5.7166285e-05 5.5310652e-03
-1.8688689e+00 9.6728734e-08 6.2282582e-05 5.7884149e-03
-1.8638639e+00 1.0663210e-07 6.7940049e-05 6.0538724e-03
-1.8588589e+00 1.1748379e-07 7.3622428e-05 6.2965920e-03
-1.8538539e+00 1.3085902e-07 7.9939525e-05 6.5749086e-03
-1.8488488e+00 1.4611436e-07 8.6689637e-05 6.8510264e-03
-1.8438438e+00 1.6375805e-07 9.4081775e-05 7.1526475e-03
-1.8388388e+00 1.8319885e-07 1.0199987e-04 7.4533367e-03
-1.8338338e+00 2.0540487e-07 1.1100116e-04 7.7980014e-03
-1.8288288e+00 2.3024118e-07 1.2026600e-04 8.1261278e-03
-1.8238238e+00 2.5807630e-07 1.3019162e-04 8.4469353e-03
-1.8188188e+00 2.8928104e-07 1.4101120e-04 8.7800569e-03
-1.8138138e+00 3.2464560e-07 1.5264298e-04 9.1296821e-03
-1.8088088e+00 3.6266253e-07 1.6536917e-04 9.5041590e-03
-1.8038038e+00 4.0696728e-07 1.7827700e-04 9.8714587e-03
-1.7987988e+00 4.5568232e-07 1.9293833e-04 1.0258829e-02
-1.7937938e+00 5.1007802e-07 2.0852920e-04 1.0649879e-02
-1.7887888e+00 5.7191211e-07 2.2541691e-04 1.1004959e-02
-1.7837838e+00 6.4033244e-07 2.4285600e-04 1.1409413e-02
-1.7787788e+00 7.1477112e-07 2.6179784e-04 1.1832188e-02
-1.7737738e+00 7.9860248e-07 2.8193951e-04 1.2230103e-02
-1.7687688e+00 8.9178672e-07 3.0324869e-04 1.2652208e-02
-1.7637638e+00 9.9538512e-07 3.2599645e-04 1.3116003e-02
-1.7587588e+00 1.1107650e-06 3.5099291e-04 1.3607724e-02
-1.7537538e+00 1.2379788e-06 3.7745085e-04 1.4044097e-02
-1.7487487e+00 1.3811855e-06 4.0540235e-04 1.4488014e-02
-1.7437437e+00 1.5401967e-06 4.3356539e-04 1.4970993e-02
-1.7387387e+00 1.7146653e-06 4.6682693e-04 1.5414164e-02
-1.7337337e+00 1.9089509e-06 5.0155665e-04 1.5875340e-02
-1.7287287e+00 2.1257192e-06 5.3686557e-04 1.6359371e-02
-1.7237237e+00 2.3647939e-06 5.7465898e-04 1.6863439e-02
-1.7187187e+00 2.6279178e-06 6.1509260e-04 1.7375298e-02
-1.7137137e+00 2.9179101e-06 6.5953325e-04 1.7861592e-02
-1.7087087e+00 3.2420558e-06 7.0748461e-04 1.8343540e-02
-1.7037037e+00 3.6014031e-06 7.5617739e-04 1.8792762e-02
-1.6986987e+00 3.9930036e-06 8.0819774e-04 1.9313027e-02
-1.6936937e+00 4.4210637e-06 8.6180793e-04 1.9897646e-02
-1.6886887e+00 4.8947057e-06 9.1839832e-04 2.0443133e-02
-1.6836837e+00 5.4256986e-06 9.7605298e-04 2.0948450e-02
-1.6786787e+00 6.0148410e-06 1.0388870e-03 2.1505961e-02
-1.6736737e+00 6.6494749e-06 1.1049218e-03 2.2042214e-02
-1.6686687e+00 7.3621014e-06 1.1748172e-03 2.2576921e-02
-1.6636637e+00 8.1351989e-06 1.2490761e-03 2.3141158e-02
-1.6586587e+00 8.9970503e-06 1.3294759e-03 2.3688106e-02
-1.6536537e+00 9.9237092e-06 1.4152835e-03 2.4207458e-02
-1.6486486e+00 1.0936113e-05 1.5005421e-03 2.4721144e-02
-1.6436436e+00 1.2040874e-05 1.5893633e-03 2.5157614e-02
-1.6386386e+00 1.3287484e-05 1.6866487e-03 2.5696195e-02
-1.6336336e+00 1.4628273e-05 1.7932563e-03 2.6294286e-02
-1.6286286e+00 1.6094505e-05 1.9015047e-03 2.6797254e-02
-1.6236236e+00 1.7701741e-05 2.0107916e-03 2.7288751e-02
-1.6186186e+00 1.9473640e-05 2.1293404e-03 2.7827500e-02
-1.6136136e+00 2.1383172e-05 2.2483347e-03 2.8293036e-02
-1.6086086e+00 2.3465559e-05 2.3736062e-03 2.8788800e-02
-1.6036036e+00 2.5795842e-05 2.5141377e-03 2.9307009e-02
-1.5985986e+00 2.8309250e-05 2.6560231e-03 2.9762291e-02
-1.5935936e+00 3.1042523e-05 2.8027045e-03 3.0172514e-02
-1.5885886e+00 3.4019191e-05 2.9567663e-03 3.0633681e-02
-1.5835836e+00 3.7266994e-05 3.1202895e-03 3.1043756e-02
-1.5785786e+00 4.0808487e-05 3.2833574e-03 3.1540743e-02
-1.5735736e+00 4.4622711e-05 3.4542792e-03 3.1941575e-02
-1.5685686e+00 4.8810137e-05 3.6268530e-03 3.2411530e-02
-1.5635636e+00 5.3425475e-05 3.8164129e-03 3.2837210e-02
-1.5585586e+00 5.8352369e-05 4.0081416e-03 3.3235441e-02
-1.5535536e+00 6.3634529e-05 4.2127800e-03 3.3564918e-02
-1.5485485e+00 6.9466949e-05 4.4290998e-03 3.3933355e-02
-1.5435435e+00 7.5761940e-05 4.6548861e-03 3.4275263e-02
-1.5385385e+00 8.2527943e-05 4.8812603e-03 3.4613248e-02
-1.5335335e+00 8.9827910e-05 5.1157723e-03 3.4942797e-02
-1.5285285e+00 9.7713490e-05 5.3756927e-03 3.5222430e-02
-1.5235235e+00 1.0616590e-04 5.6253670e-03 3.5568207e-02
-1.5185185e+00 1.1535885e-04 5.8807054e-03 3.5873099e-02
-1.5135135e+00 1.2540090e-04 6.1382111e-03 3.6144965e-02
-1.5085085e+00 1.3594879e-04 6.4054797e-03 3.6444881e-02
-1.5035035e+00 1.4754974e-04 6.6989884e-03 3.6684229e-02
-1.4984985e+00 1.5996551e-04 7.0034857e-03 3.6932801e-02
-1.4934935e+00 1.7361844e-04 7.3047683e-03 3.7107999e-02
-1.4884885e+00 1.8815206e-04 7.6223939e-03 3.7241671e-02
-1.4834835e+00 2.0361511e-04 7.9430568e-03 3.7377358e-02
-1.4784785e+00 2.2014528e-04 8.2933378e-03 3.7521443e-02
-1.4734735e+00 2.3826648e-04 8.6428496e-03 3.7722100e-02
-1.4684685e+00 2.5768710e-04 8.9593013e-03 3.8036949e-02
-1.4634635e+00 2.7831444e-04 9.3196918e-03 3.8461793e-02
-1.4584585e+00 2.9939534e-04 9.6921034e-03 3.8995856e-02
-1.4534535e+00 3.2342226e-04 1.0057233e-02 3.9589736e-02
-1.4484484e+00 3.4934257e-04 1.0427941e-02 4.0199990e-02
-1.4434434e+00 3.7600339e-04 1.0825296e-02 4.0873970e-02
-1.4384384e+00 4.0455952e-04 1.1231811e-02 4.1588312e-02
-1.4334334e+00 4.3527556e-04 1.1645110e-02 4.2464139e-02
-1.4284284e+00 4.6833450e-04 1.2063876e-02 4.3185886e-02
-1.4234234e+00 5.0429968e-04 1.2480182e-02 4.4047217e-02
-1.4184184e+00 5.4226481e-04 1.2862638e-02 4.4945019e-02
-1.4134134e+00 5.8347605e-04 1.3318332e-02 4.5833210e-02
-1.4084084e+00 6.2702735e-04 1.3749412e-02 4.6669071e-02
-1.4034034e+00 6.7479796e-04 1.4202495e-02 4.7557673e-02
-1.3983984e+00 7.2003158e-04 1.4689717e-02 4.8313055e-02
-1.3933934e+00 7.7183027e-04 1.5174359e-02 4.9130534e-02
-1.3883884e+00 8.2658681e-04 1.5655830e-02 5.0094094e-02
-1.3833834e+00 8.8455570e-04 1.6117744e-02 5.0903111e-02
-1.3783784e+00 9.4833104e-04 1.6535691e-02 5.1813203e-02
-1.3733734e+00 1.0144444e-03 1.7025586e-02 5.2712981e-02
-1.3683684e+00 1.0825406e-03 1.7538655e-02 5.3491856e-02
-1.3633634e+00 1.1539864e-03 1.8028701e-02 5.4317954e-02
-1.3583584e+00 1.2306092e-03 1.8456590e-02 5.5172390e-02
-1.3533534e+00 1.3094843e-03 1.8954513e-02 5.6102460e-02
-1.3483483e+00 1.3999737e-03 1.9448884e-02 5.7027586e-02
-1.3433433e+00 1.4940922e-03 1.9940916e-02 5.7845157e-02
-1.3383383e+00 1.5918314e-03 2.0421795e-02 5.8605239e-02
-1.3333333e+00 1.6966708e-03 2.0954738e-02 5.9530799e-02
-1.3283283e+00 1.8049954e-03 2.1509819e-02 6.0237925e-02
-1.3233233e+00 1.9254649e-03 2.2032403e-02 6.1000560e-02
-1.3183183e+00 2.0459186e-03 2.2571909e-02 6.1656154e-02
-1.3133133e+00 2.1744687e-03 2.3109058e-02 6.2458984e-02
-1.3083083e+00 2.3097562e-03 2.3663270e-02 6.3219843e-02
-1.3033033e+00 2.4509637e-03 2.4179638e-02 6.4112038e-02
-1.2982983e+00 2.6007960e-03 2.4738819e-02 6.4814783e-02
-1.2932933e+00 2.7573072e-03 2.5309844e-02 6.5556890e-02
-1.2882883e+00 2.9215534e-03 2.5898998e-02 6.6302526e-02
-1.2832833e+00 3.0948726e-03 2.6423939e-02 6.7007705e-02
-1.2782783e+00 3.2749492e-03 2.6972844e-02 6.7859004e-02
-1.2732733e+00 3.4590324e-03 2.7488769e-02 6.8660665e-02
-1.2682683e+00 3.6587287e-03 2.8039818e-02 6.9303210e-02
-1.2632633e+00 3.8645934e-03 2.8632093e-02 7.0114859e-02
-1.2582583e+00 4.0775269e-03 2.9256626e-02 7.0867566e-02
-1.2532533e+00 4.2990949e-03 2.9793342e-02 7.1538821e-02
-1.2482482e+00 4.5271900e-03 3.0297656e-02 7.2157845e-02
-1.2432432e+00 4.7641617e-03 3.0781674e-02 7.2854420e-02
-1.2382382e+00 5.0259831e-03 3.1338188e-02 7.3389068e-02
-1.2332332e+00 5.2938246e-03 3.1907648e-02 7.3990548e-02
-1.2282282e+00 5.5630923e-03 3.2474948e-02 7.4561048e-02
-1.2232232e+00 5.8664434e-03 3.3050985e-02 7.5010786e-02
-1.2182182e+00 6.1710004e-03 3.3602543e-02 7.5585848e-02
-1.2132132e+00 6.4744812e-03 3.4136790e-02 7.6229202e-02
-1.2082082e+00 6.7890026e-03 3.4678827e-02 7.6875006e-02
-1.2032032e+00 7.1221392e-03 3.5237291e-02 7.7553550e-02
-1.1981982e+00 7.4516537e-03 3.5702894e-02 7.8156176e-02
-1.1931932e+00 7.8294584e-03 3.6205087e-02 7.8818739e-02
-1.1881882e+00 8.2080317e-03 3.6729240e-02 7.9457001e-02
-1.1831832e+00 8.5963879e-03 3.7210375e-02 8.0108382e-02
-1.1781782e+00 8.9965647e-03 3.7583122e-02 8.0849936e-02
-1.1731732e+00 9.3682052e-03 3.8036112e-02 8.1622725e-02
-1.1681682e+00 9.8063125e-03 3.8558413e-02 8.2362846e-02
-1.1631632e+00 1.0225969e-02 3.9034602e-02 8.3174790e-02
-1.1581582e+00 1.0681228e-02 3.9684649e-02 8.3994592e-02
-1.1531532e+00 1.1122444e-02 4.0322169e-02 8.4923450e-02
-1.1481481e+00 1.1608749e-02 4.0987044e-02 8.5755621e-02
-1.1431431e+00 1.2099643e-02 4.1649062e-02 8.6750850e-02
-1.1381381e+00 1.2560612e-02 4.2321824e-02 8.7652058e-02
-1.1331331e+00 1.3073040e-02 4.3058150e-02 8.8651450e-02
-1.1281281e+00 1.3565438e-02 4.3789896e-02 8.9668073e-02
-1.1231231e+00 1.4093454e-02 4.4496165e-02 9.0771155e-02
-1.1181181e+00 1.4630799e-02 4.5225074e-02 9.1728109e-02
-1.1131131e+00 1.5146262e-02 4.6001976e-02 9.2777224e-02
-1.1081081e+00 1.5763447e-02 4.6817709e-02 9.3779672e-02
-1.1031031e+00 1.6350248e-02 4.7612250e-02 9.4935917e-02
-1.0980981e+00 1.6924111e-02 4.8441021e-02 9.6170702e-02
-1.0930931e+00 1.7511181e-02 4.9273811e-02 9.7391647e-02
-1.0880881e+00 1.8095263e-02 5.0157615e-02 9.8593721e-02
-1.0830831e+00 1.8649151e-02 5.1006381e-02 9.9713892e-02
-1.0780781e+00 1.9313131e-02 5.1950537e-02 1.0071407e-01
-1.0730731e+00 1.9979423e-02 5.2860614e-02 1.0210251e-01
-1.0680681e+00 2.0628731e-02 5.3881112e-02 1.0341518e-01
-1.0630631e+00 2.1294746e-02 5.4927583e-02 1.0455502e-01
-1.0580581e+00 2.1956216e-02 5.6024835e-02 1.0575522e-01
-1.0530531e+00 2.2701603e-02 5.7058467e-02 1.0715115e-01
-1.0480480e+00 2.3419459e-02 5.8106873e-02 1.0851761e-01
-1.0430430e+00 2.4124119e-02 5.9165653e-02 1.0978511e-01
-1.0380380e+00 2.4862779e-02 6.0272420e-02 1.1117482e-01
-1.0330330e+00 2.5579226e-02 6.1318796e-02 1.1251482e-01
-1.0280280e+00 2.6325998e-02 6.2481286e-02 1.1389954e-01
-1.0230230e+00 2.7127106e-02 6.3572004e-02 1.1516911e-01
-1.0180180e+00 2.7905305e-02 6.4827610e-02 1.1659399e-01
-1.0130130e+00 2.8637906e-02 6.5939575e-02 1.1817224e-01
-1.0080080e+00 2.9445806e-02 6.7143225e-02 1.1959919e-01
-1.0030030e+00 3.0224676e-02 6.8354353e-02 1.2097738e-01
-9.9799800e-01 3.1075088e-02 6.9578648e-02 1.2261346e-01
-9.9299299e-01 3.1948157e-02 7.0850642e-02 1.2416894e-01
-9.8798799e-01 3.2723976e-02 7.2041816e-02 1.2587360e-01
-9.8298298e-01 3.3547320e-02 7.3223635e-02 1.2744178e-01
-9.7797798e-01 3.4424156e-02 7.4437150e-02 1.2916471e-01
-9.7297297e-01 3.5322917e-02 7.5731271e-02 1.3082222e-01
-9.6796797e-01 3.6140954e-02 7.7019693e-02 1.3247199e-01
-9.6296296e-01 3.6989938e-02 7.8371139e-02 1.3410209e-01
-9.5795796e-01 3.7837197e-02 7.9658817e-02 1.3587589e-01
-9.5295295e-01 3.8675105e-02 8.1066740e-02 1.3769877e-01
-9.4794795e-01 3.9589516e-02 8.2433555e-02 1.3956856e-01
-9.4294294e-01 4.0535216e-02 8.3839729e-02 1.4144208e-01
-9.3793794e-01 4.1449995e-02 8.5257417e-02 1.4328152e-01
-9.3293293e-01 4.2388093e-02 8.6738298e-02 1.4504915e-01
-9.2792793e-01 4.3360780e-02 8.8220480e-02 1.4689800e-01
-9.2292292e-01 4.4261624e-02 8.9739974e-02 1.4860365e-01
-9.1791792e-01 4.5228548e-02 9.1172718e-02 1.5058273e-01
-9.1291291e-01 4.6221738e-02 9.2649853e-02 1.5245769e-01
-9.0790791e-01 4.7172465e-02 9.4152074e-02 1.5442588e-01
-9.0290290e-01 4.8266369e-02 9.5787809e-02 1.5617859e-01
-8.9789790e-01 4.9445492e-02 9.7363930e-02 1.5810483e-01
-8.9289289e-01 5.0574874e-02 9.8884744e-02 1.6001945e-01
-8.8788789e-01 5.1743945e-02 1.0045922e-01 1.6197873e-01
-8.8288288e-01 5.2960026e-02 1.0202946e-01 1.6387232e-01
-8.7787788e-01 5.4073813e-02 1.0359102e-01 1.6591539e-01
-8.7287287e-01 5.5293276e-02 1.0525211e-01 1.6800160e-01
-8.6786787e-01 5.6515545e-02 1.0692213e-01 1.6993454e-01
-8.6286286e-01 5.7895323e-02 1.0868584e-01 1.7208716e-01
-8.5785786e-01 5.9190672e-02 1.1036398e-01 1.7422118e-01
-8.5285285e-01 6.0505861e-02 1.1217627e-01 1.7644552e-01
-8.4784785e-01 6.1895101e-02 1.1391439e-01 1.7855003e-01
-8.4284284e-01 6.3214625e-02 1.1559841e-01 1.8072904e-01
-8.3783784e-01 6.4623808e-02 1.1732995e-01 1.8265276e-01
-8.3283283e-01 6.5995932e-02 1.1906057e-01 1.8480109e-01
-8.2782783e-01 6.7457248e-02 1.2085034e-01 1.8695215e-01
-8.2282282e-01 6.8903277e-02 1.2266349e-01 1.8913631e-01
-8.1781782e-01 7.0392793e-02 1.2449682e-01 1.9124617e-01
-8.1281281e-01 7.1875649e-02 1.2644335e-01 1.9351983e-01
-8.0780781e-01 7.3386570e-02 1.2837087e-01 1.9580872e-01
-8.0280280e-01 7.5003920e-02 1.3020164e-01 1.9807847e-01
-7.9779780e-01 7.6601208e-02 1.3216790e-01 2.0052285e-01
-7.9279279e-01 7.8298513e-02 1.3405988e-01 2.0274244e-01
-7.8778779e-01 7.9964769e-02 1.3606481e-01 2.0513913e-01
-7.8278278e-01 8.1641276e-02 1.3809251e-01 2.0738407e-01
-7.7777778e-01 8.3412122e-02 1.4028014e-01 2.0967986e-01
-7.7277277e-01 8.4997847e-02 1.4227665e-01 2.1208734e-01
-7.6776777e-01 8.6844494e-02 1.4433683e-01 2.1455715e-01
-7.6276276e-01 8.8644334e-02 1.4653293e-01 2.1707579e-01
-7.5775776e-01 9.0410969e-02 1.4871326e-01 2.1961092e-01
-7.5275275e-01 9.2124829e-02 1.5082020e-01 2.2189933e-01
-7.4774775e-01 9.3888918e-02 1.5303496e-01 2.2448952e-01
-7.4274274e-01 9.5615686e-02 1.5532657e-01 2.2695869e-01
-7.3773774e-01 9.7655620e-02 1.5759660e-01 2.2948172e-01
-7.3273273e-01 9.9684084e-02 1.5976874e-01 2.3208475e-01
-7.2772773e-01 1.0185365e-01 1.6213030e-01 2.3468851e-01
-7.2272272e-01 1.0397324e-01 1.6447850e-01 2.3715673e-01
-7.1771772e-01 1.0606801e-01 1.6689301e-01 2.3982570e-01
-7.1271271e-01 1.0829067e-01 1.6928727e-01 2.4243525e-01
-7.0770771e-01 1.1046195e-01 1.7185612e-01 2.4521828e-01
-7.0270270e-01 1.1241350e-01 1.7423858e-01 2.4816135e-01
-6.9769770e-01 1.1469332e-01 1.7675718e-01 2.5116544e-01
-6.9269269e-01 1.1685518e-01 1.7928159e-01 2.5413213e-01
-6.8768769e-01 1.1899568e-01 1.8186885e-01 2.5709806e-01
-6.8268268e-01 1.2131765e-01 1.8456487e-01 2.6000307e-01
-6.7767768e-01 1.2356493e-01 1.8721202e-01 2.6307673e-01
-6.7267267e-01 1.2592526e-01 1.8995848e-01 2.6601866e-01
-6.6766767e-01 1.2822595e-01 1.9269913e-01 2.6883912e-01
-6.6266266e-01 1.3067714e-01 1.9531645e-01 2.7193956e-01
-6.5765766e-01 1.3316841e-01 1.9808770e-01 2.7500483e-01
-6.5265265e-01 1.3554225e-01 2.0083990e-01 2.7812857e-01
-6.4764765e-01 1.3809492e-01 2.0382208e-01 2.8137645e-01
-6.4264264e-01 1.4087945e-01 2.0672548e-01 2.8468849e-01
-6.3763764e-01 1.4339268e-01 2.0967126e-01 2.8791094e-01
-6.3263263e-01 1.4624296e-01 2.1257462e-01 2.9113662e-01
-6.2762763e-01 1.4893746e-01 2.1548630e-01 2.9466993e-01
-6.2262262e-01 1.5180018e-01 2.1852861e-01 2.9786738e-01
-6.1761762e-01 1.5441452e-01 2.2161665e-01 3.0137614e-01
-6.1261261e-01 1.5704793e-01 2.2485747e-01 3.0481960e-01
-6.0760761e-01 1.5978060e-01 2.2789114e-01 3.0832060e-01
-6.0260260e-01 1.6259884e-01 2.3121196e-01 3.1192298e-01
-5.9759760e-01 1.6527965e-01 2.3450923e-01 3.1563096e-01
-5.9259259e-01 1.6819365e-01 2.3777795e-01 3.1922574e-01
-5.8758759e-01 1.7107167e-01 2.4094450e-01 3.2305420e-01
-5.8258258e-01 1.7387566e-01 2.4432887e-01 3.2673918e-01
-5.7757758e-01 1.7663332e-01 2.4780307e-01 3.3019113e-01
-5.7257257e-01 1.7963656e-01 2.5113078e-01 3.3385187e-01
-5.6756757e-01 1.8246397e-01 2.5472326e-01 3.3777510e-01
-5.6256256e-01 1.8538944e-01 2.5809933e-01 3.4174454e-01
-5.5755756e-01 1.8829463e-01 2.6153757e-01 3.4564524e-01
-5.5255255e-01 1.9106640e-01 2.6496473e-01 3.4956461e-01
-5.4754755e-01 1.9415616e-01 2.6849626e-01 3.5355668e-01
-5.4254254e-01 1.9708957e-01 2.7223249e-01 3.5769358e-01
-5.3753754e-01 2.0020978e-01 2.7576857e-01 3.6194303e-01
-5.3253253e-01 2.0335609e-01 2.7943693e-01 3.6609995e-01
-5.2752753e-01 2.0631779e-01 2.8304087e-01 3.7028123e-01
-5.2252252e-01 2.0939427e-01 2.8646853e-01 3.7445054e-01
-5.1751752e-01 2.1244301e-01 2.9018353e-01 3.7891332e-01
-5.1251251e-01 2.1550815e-01 2.9402758e-01 3.8303792e-01
-5.0750751e-01 2.1871710e-01 2.9770397e-01 3.8740483e-01
-5.0250250e-01 2.2195143e-01 3.0141299e-01 3.9174994e-01
-4.9749750e-01 2.2504685e-01 3.0525281e-01 3.9606105e-01
-4.9249249e-01 2.2811142e-01 3.0913034e-01 4.0034056e-01
-4.8748749e-01 2.3132078e-01 3.1289946e-01 4.0457068e-01
-4.8248248e-01 2.3455747e-01 3.1672130e-01 4.0886858e-01
-4.7747748e-01 2.3770186e-01 3.2059875e-01 4.1292564e-01
-4.7247247e-01 2.4095879e-01 3.2450407e-01 4.1712867e-01
-4.6746747e-01 2.4417979e-01 3.2834580e-01 4.2135045e-01
-4.6246246e-01 2.4719375e-01 3.3238467e-01 4.2547903e-01
-4.5745746e-01 2.5048185e-01 3.3626686e-01 4.3015464e-01
-4.5245245e-01 2.5369061e-01 3.4009848e-01 4.3441958e-01
-4.4744745e-01 2.5673383e-01 3.4395190e-01 4.3870786e-01
-4.4244244e-01 2.6011343e-01 3.4761646e-01 4.4308358e-01
-4.3743744e-01 2.6326642e-01 3.5137000e-01 4.4750201e-01
-4.3243243e-01 2.6637323e-01 3.5507975e-01 4.5153887e-01
-4.2742743e-01 2.6930872e-01 3.5863706e-01 4.5602122e-01
-4.2242242e-01 2.7225548e-01 3.6240399e-01 4.6008303e-01
-4.1741742e-01 2.7519167e-01 3.6596876e-01 4.6422942e-01
-4.1241241e-01 2.7819296e-01 3.6968448e-01 4.6845747e-01
-4.0740741e-01 2.8115103e-01 3.7327472e-01 4.7275857e-01
-4.0240240e-01 2.8401047e-01 3.7664183e-01 4.7688381e-01
-3.9739740e-01 2.8687896e-01 3.8011745e-01 4.8092858e-01
-3.9239239e-01 2.8980216e-01 3.8349364e-01 4.8482541e-01
-3.8738739e-01 2.9282232e-01 3.8694742e-01 4.8857188e-01
-3.8238238e-01 2.9561188e-01 3.9024749e-01 4.9231052e-01
-3.7737738e-01 2.9837478e-01 3.9360341e-01 4.9600316e-01
-3.7237237e-01 3.0118148e-01 3.9682491e-01 4.9990398e-01
-3.6736737e-01 3.0370035e-01 3.9993163e-01 5.0359056e-01
-3.6236236e-01 3.0660862e-01 4.0310791e-01 5.0705006e-01
-3.5735736e-01 3.0906230e-01 4.0633158e-01 5.1070449e-01
-3.5235235e-01 3.1166471e-01 4.0950211e-01 5.1431789e-01
-3.4734735e-01 3.1437651e-01 4.1244735e-01 5.1748667e-01
-3.4234234e-01 3.1714158e-01 4.1531220e-01 5.2088111e-01
-3.3733734e-01 3.1961544e-01 4.1816882e-01 5.2410125e-01
-3.3233233e-01 3.2199447e-01 4.2100797e-01 5.2733529e-01
-3.2732733e-01 3.2437247e-01 4.2367202e-01 5.3058265e-01
-3.2232232e-01 3.2696384e-01 4.2632079e-01 5.3376624e-01
-3.1731732e-01 3.2912779e-01 4.2887520e-01 5.3648136e-01
-3.1231231e-01 3.3133957e-01 4.3142024e-01 5.3959756e-01
-3.0730731e-01 3.3354268e-01 4.3402291e-01 5.4237330e-01
-3.0230230e-01 3.3568514e-01 4.3636410e-01 5.4507281e-01
-2.9729730e-01 3.3760913e-01 4.3886580e-01 5.4777445e-01
-2.9229229e-01 3.3957348e-01 4.4099295e-01 5.5030682e-01
-2.8728729e-01 3.4142280e-01 4.4309677e-01 5.5274181e-01
-2.8228228e-01 3.4325643e-01 4.4528495e-01 5.5503079e-01
-2.7727728e-01 3.4499861e-01 4.4726087e-01 5.5730222e-01
-2.7227227e-01 3.4684452e-01 4.4918947e-01 5.5935230e-01
-2.6726727e-01 3.4848391e-01 4.5106205e-01 5.6125202e-01
-2.6226226e-01 3.5016556e-01 4.5282358e-01 5.6310573e-01
-2.5725726e-01 3.5175063e-01 4.5453809e-01 5.6466302e-01
-2.5225225e-01 3.5330470e-01 4.5611289e-01 5.6638039e-01
-2.4724725e-01 3.5496874e-01 4.5770677e-01 5.6807300e-01
-2.4224224e-01 3.5654661e-01 4.5928392e-01 5.6969536e-01
-2.3723724e-01 3.5800522e-01 4.6063049e-01 5.7126703e-01
-2.3223223e-01 3.5930288e-01 4.6176114e-01 5.7243644e-01
-2.2722723e-01 3.6041192e-01 4.6293459e-01 5.7373354e-01
-2.2222222e-01 3.6166048e-01 4.6403951e-01 5.7508176e-01
-2.1721722e-01 3.6317935e-01 4.6525749e-01 5.7603471e-01
-2.1221221e-01 3.6428733e-01 4.6633859e-01 5.7731626e-01
-2.0720721e-01 3.6534277e-01 4.6712316e-01 5.7832681e-01
-2.0220220e-01 3.6612542e-01 4.6780483e-01 5.7886598e-01
-1.9719720e-01 3.6680166e-01 4.6848879e-01 5.7965994e-01
-1.9219219e-01 3.6750082e-01 4.6917849e-01 5.8028407e-01
-1.8718719e-01 3.6815742e-01 4.6987670e-01 5.8092840e-01
-1.8218218e-01 3.6886038e-01 4.7053901e-01 5.8139196e-01
-1.7717718e-01 3.6970270e-01 4.7121990e-01 5.8166919e-01
-1.7217217e-01 3.7077687e-01 4.7173509e-01 5.8197151e-01
-1.6716717e-01 3.7145230e-01 4.7214295e-01 5.8217288e-01
-1.6216216e-01 3.7216670e-01 4.7262368e-01 5.8237976e-01
-1.5715716e-01 3.7276621e-01 4.7280600e-01 5.8249877e-01
-1.5215215e-01 3.7316288e-01 4.7304853e-01 5.8244423e-01
-1.4714715e-01 3.7345515e-01 4.7350975e-01 5.8252903e-01
-1.4214214e-01 3.7417706e-01 4.7366073e-01 5.8221178e-01
-1.3713714e-01 3.7466304e-01 4.7393319e-01 5.8216593e-01
-1.3213213e-01 3.7505161e-01 4.7410913e-01 5.8192865e-01
-1.2712713e-01 3.7545433e-01 4.7409270e-01 5.8182813e-01
-1.2212212e-01 3.7561596e-01 4.7407392e-01 5.8144668e-01
-1.1711712e-01 3.7600601e-01 4.7399003e-01 5.8107943e-01
-1.1211211e-01 3.7626187e-01 4.7396146e-01 5.8060599e-01
-1.0710711e-01 3.7635011e-01 4.7400067e-01 5.8005376e-01
-1.0210210e-01 3.7693144e-01 4.7386887e-01 5.7956948e-01
-9.7097097e-02 3.7738867e-01 4.7384369e-01 5.7908172e-01
-9.2092092e-02 3.7757156e-01 4.7369114e-01 5.7870289e-01
-8.7087087e-02 3.7785082e-01 4.7366941e-01 5.7853856e-01
-8.2082082e-02 3.7813963e-01 4.7360187e-01 5.7813574e-01
-7.7077077e-02 3.7851557e-01 4.7355659e-01 5.7780311e-01
-7.2072072e-02 3.7894998e-01 4.7349043e-01 5.7742328e-01
-6.7067067e-02 3.7928508e-01 4.7367041e-01 5.7710949e-01
-6.2062062e-02 3.7965069e-01 4.7368789e-01 5.7664859e-01
-5.7057057e-02 3.8005597e-01 4.7349320e-01 5.7636739e-01
-5.2052052e-02 3.8049513e-01 4.7347281e-01 5.7577231e-01
-4.7047047e-02 3.8093046e-01 4.7344871e-01 5.7547617e-01
-4.2042042e-02 3.8139992e-01 4.7339256e-01 5.7515606e-01
-3.7037037e-02 3.8188379e-01 4.7367030e-01 5.7471475e-01
-3.2032032e-02 3.8253463e-01 4.7396018e-01 5.7467445e-01
-2.7027027e-02 3.8283057e-01 4.7425193e-01 5.7436174e-01
-2.2022022e-02 3.8331698e-01 4.7446218e-01 5.7422431e-01
-1.7017017e-02 3.8395877e-01 4.7468786e-01 5.7414352e-01
-1.2012012e-02 3.8456371e-01 4.7516287e-01 5.7399200e-01
-7.0070070e-03 3.8521768e-01 4.7573080e-01 5.7419172e-01
-2.0020020e-03 3.8588215e-01 4.7609357e-01 5.7437518e-01
3.0030030e-03 3.8697525e-01 4.7655747e-01 5.7457699e-01
8.0080080e-03 3.8784020e-01 4.7709844e-01 5.7478557e-01
1.3013013e-02 3.8855519e-01 4.7752600e-01 5.7491175e-01
1.8018018e-02 3.8912976e-01 4.7823614e-01 5.7522578e-01
2.3023023e-02 3.9011156e-01 4.7888645e-01 5.7556081e-01
2.8028028e-02 3.9109831e-01 4.7990366e-01 5.7613240e-01
3.3033033e-02 3.9224895e-01 4.8087798e-01 5.7645452e-01
3.8038038e-02 3.9349531e-01 4.8195203e-01 5.7713959e-01
4.3043043e-02 3.9446423e-01 4.8316857e-01 5.7807742e-01
4.8048048e-02 3.9582815e-01 4.8433762e-01 5.7931009e-01
5.3053053e-02 3.9724797e-01 4.8555605e-01 5.8048237e-01
5.8058058e-02 3.9865453e-01 4.8670586e-01 5.8167022e-01
6.3063063e-02 4.0009926e-01 4.8808040e-01 5.8314780e-01
6.8068068e-02 4.0183014e-01 4.8957108e-01 5.8428061e-01
7.3073073e-02 4.0343178e-01 4.9128752e-01 5.8555471e-01
7.8078078e-02 4.0518175e-01 4.9285285e-01 5.8728063e-01
8.3083083e-02 4.0726955e-01 4.9485540e-01 5.8884976e-01
8.8088088e-02 4.0916782e-01 4.9685543e-01 5.9057383e-01
9.3093093e-02 4.1112299e-01 4.9913624e-01 5.9265344e-01
9.8098098e-02 4.1369539e-01 5.0145583e-01 5.9457599e-01
1.0310310e-01 4.1593361e-01 5.0357580e-01 5.9700688e-01
1.0810811e-01 4.1828326e-01 5.0595003e-01 5.9943270e-01
1.1311311e-01 4.2078362e-01 5.0849002e-01 6.0198874e-01
1.1811812e-01 4.2356435e-01 5.1124700e-01 6.0461407e-01
1.2312312e-01 4.2628264e-01 5.1412978e-01 6.0742205e-01
1.2812813e-01 4.2927507e-01 5.1715935e-01 6.1005466e-01
1.3313313e-01 4.3217741e-01 5.2001925e-01 6.1296929e-01
1.3813814e-01 4.3515649e-01 5.2321352e-01 6.1626422e-01
1.4314314e-01 4.3828603e-01 5.2655129e-01 6.1986390e-01
1.4814815e-01 4.4157609e-01 5.2984174e-01 6.2333146e-01
1.5315315e-01 4.4505527e-01 5.3324011e-01 6.2708763e-01
1.5815816e-01 4.4840901e-01 5.3697472e-01 6.3087954e-01
1.6316316e-01 4.5222354e-01 5.4090812e-01 6.3487666e-01
1.6816817e-01 4.5605374e-01 5.4467775e-01 6.3868804e-01
1.7317317e-01 4.5998868e-01 5.4890154e-01 6.4259733e-01
1.7817818e-01 4.6377424e-01 5.5303095e-01 6.4649179e-01
1.8318318e-01 4.6786401e-01 5.5723607e-01 6.5107415e-01
1.8818819e-01 4.7194897e-01 5.6162672e-01 6.5578057e-01
1.9319319e-01 4.7639730e-01 5.6619131e-01 6.6042898e-01
1.9819820e-01 4.8105025e-01 5.7083941e-01 6.6508087e-01
2.0320320e-01 4.8558228e-01 5.7575974e-01 6.7019409e-01
2.0820821e-01 4.9031141e-01 5.8045783e-01 6.7516468e-01
2.1321321e-01 4.9486628e-01 5.8525540e-01 6.8019904e-01
2.1821822e-01 4.9983798e-01 5.9033281e-01 6.8536697e-01
2.2322322e-01 5.0498789e-01 5.9536303e-01 6.9071922e-01
2.2822823e-01 5.1013604e-01 6.0054717e-01 6.9620370e-01
2.3323323e-01 5.1512212e-01 6.0600167e-01 7.0191427e-01
2.3823824e-01 5.2008076e-01 6.1139302e-01 7.0762150e-01
2.4324324e-01 5.2551372e-01 6.1720212e-01 7.1338790e-01
2.4824825e-01 5.3112750e-01 6.2330241e-01 7.1934497e-01
2.5325325e-01 5.3653413e-01 6.2898920e-01 7.2560166e-01
2.5825826e-01 5.4203738e-01 6.3490582e-01 7.3155615e-01
2.6326326e-01 5.4770836e-01 6.4114189e-01 7.3767140e-01
2.6826827e-01 5.5353221e-01 6.4726134e-01 7.4424378e-01
2.7327327e-01 5.5933556e-01 6.5366520e-01 7.5064918e-01
2.7827828e-01 5.6517045e-01 6.5996868e-01 7.5742390e-01
2.8328328e-01 5.7128530e-01 6.6625020e-01 7.6426865e-01
2.8828829e-01 5.7743422e-01 6.7276480e-01 7.7129254e-01
2.9329329e-01 5.8382548e-01 6.7935387e-01 7.7848496e-01
2.9829830e-01 5.9018988e-01 6.8610236e-01 7.8497646e-01
3.0330330e-01 5.9640103e-01 6.9276797e-01 7.9195201e-01
3.0830831e-01 6.0257848e-01 6.9932910e-01 7.9868166e-01
3.1331331e-01 6.0909020e-01 7.0616917e-01 8.0577907e-01
3.1831832e-01 6.1561508e-01 7.1288768e-01 8.1284165e-01
3.2332332e-01 6.2220543e-01 7.1973224e-01 8.1992616e-01
3.2832833e-01 6.2869693e-01 7.2662745e-01 8.2708299e-01
3.3333333e-01 6.3524154e-01 7.3355609e-01 8.3425304e-01
3.3833834e-01 6.4160696e-01 7.4043620e-01 8.4195042e-01
3.4334334e-01 6.4827379e-01 7.4729185e-01 8.4923095e-01
3.4834835e-01 6.5489193e-01 7.5447513e-01 8.5643258e-01
3.5335335e-01 6.6159220e-01 7.6178849e-01 8.6376747e-01
3.5835836e-01 6.6828652e-01 7.6875893e-01 8.7117995e-01
3.6336336e-01 6.7495653e-01 7.7549259e-01 8.7854597e-01
3.6836837e-01 6.8153960e-01 7.8233760e-01 8.8610683e-01
3.7337337e-01 6.8829907e-01 7.8946098e-01 8.9393968e-01
3.7837838e-01 6.9491552e-01 7.9662576e-01 9.0119782e-01
3.8338338e-01 7.0160184e-01 8.0354588e-01 9.0810597e-01
3.8838839e-01 7.0807705e-01 8.1046409e-01 9.1556538e-01
3.9339339e-01 7.1488340e-01 8.1738902e-01 9.2306205e-01
3.9839840e-01 7.2139813e-01 8.2421848e-01 9.3015828e-01
4.0340340e-01 7.2794879e-01 8.3099921e-01 9.3740183e-01
4.0840841e-01 7.3455840e-01 8.3776880e-01 9.4433579e-01
4.1341341e-01 7.4100549e-01 8.4441316e-01 9.5158955e-01
4.1841842e-01 7.4743684e-01 8.5106845e-01 9.5884225e-01
4.2342342e-01 7.5370856e-01 8.5775374e-01 9.6607508e-01
4.2842843e-01 7.5972907e-01 8.6444567e-01 9.7297111e-01
4.3343343e-01 7.6587847e-01 8.7098569e-01 9.8009661e-01
4.3843844e-01 7.7175731e-01 8.7749471e-01 9.8686274e-01
4.4344344e-01 7.7769052e-01 8.8380391e-01 9.9333823e-01
4.4844845e-01 7.8323712e-01 8.8976066e-01 9.9995647e-01
4.5345345e-01 7.8897489e-01 8.9594697e-01 1.0061805e+00
4.5845846e-01 7.9442671e-01 9.0192490e-01 1.0127931e+00
4.6346346e-01 7.9985531e-01 9.0751105e-01 1.0191618e+00
4.6846847e-01 8.0497645e-01 9.1319029e-01 1.0254785e+00
4.7347347e-01 8.1021439e-01 9.1878552e-01 1.0314704e+00
4.7847848e-01 8.1497391e-01 9.2426056e-01 1.0372808e+00
4.8348348e-01 8.1993853e-01 9.2946030e-01 1.0431240e+00
4.8848849e-01 8.2437581e-01 9.3468917e-01 1.0485086e+00
4.9349349e-01 8.2925875e-01 9.3955080e-01 1.0537660e+00
4.9849850e-01 8.3359233e-01 9.4451979e-01 1.0591771e+00
5.0350350e-01 8.3807409e-01 9.4921361e-01 1.0643761e+00
5.0850851e-01 8.4214848e-01 9.5352411e-01 1.0691945e+00
5.1351351e-01 8.4605116e-01 9.5800486e-01 1.0737574e+00
5.1851852e-01 8.4965998e-01 9.6214629e-01 1.0782840e+00
5.2352352e-01 8.5337948e-01 9.6622302e-01 1.0824458e+00
5.2852853e-01 8.5684532e-01 9.6997624e-01 1.0866446e+00
5.3353353e-01 8.6006266e-01 9.7346104e-01 1.0907973e+00
5.3853854e-01 8.6306258e-01 9.7691833e-01 1.0944296e+00
5.4354354e-01 8.6562931e-01 9.7995247e-01 1.0979358e+00
5.4854855e-01 8.6814037e-01 9.8296478e-01 1.1013072e+00
5.5355355e-01 8.7048365e-01 9.8582628e-01 1.1042181e+00
5.5855856e-01 8.7267175e-01 9.8845363e-01 1.1067254e+00
5.6356356e-01 8.7479660e-01 9.9052192e-01 1.1093619e+00
5.6856857e-01 8.7617803e-01 9.9261489e-01 1.1114507e+00
5.7357357e-01 8.7777316e-01 9.9444671e-01 1.1134239e+00
5.7857858e-01 8.7902588e-01 9.9568978e-01 1.1149038e+00
5.8358358e-01 8.8049825e-01 9.9699239e-01 1.1162444e+00
5.8858859e-01 8.8139919e-01 9.9819155e-01 1.1175134e+00
5.9359359e-01 8.8217786e-01 9.9906013e-01 1.1183736e+00
5.9859860e-01 8.8282361e-01 9.9959945e-01 1.1190002e+00
6.0360360e-01 8.8300814e-01 9.9997391e-01 1.1194830e+00
6.0860861e-01 8.8284699e-01 1.0000000e+00 1.1194481e+00
6.1361361e-01 8.8243417e-01 9.9970623e-01 1.1195257e+00
6.1861862e-01 8.8226526e-01 9.9943956e-01 1.1190166e+00
6.2362362e-01 8.8146571e-01 9.9890949e-01 1.1184441e+00
6.2862863e-01 8.8063689e-01 9.9789261e-01 1.1173805e+00
6.3363363e-01 8.7958017e-01 9.9683047e-01 1.1160092e+00
6.3863864e-01 8.7825412e-01 9.9562995e-01 1.1147120e+00
6.4364364e-01 8.7652424e-01 9.9433766e-01 1.1129521e+00
6.4864865e-01 8.7476809e-01 9.9260807e-01 1.1110230e+00
6.5365365e-01 8.7255332e-01 9.9041086e-01 1.1090085e+00
6.5865866e-01 8.7040315e-01 9.8830459e-01 1.1064462e+00
6.6366366e-01 8.6838517e-01 9.8558650e-01 1.1033392e+00
6.6866867e-01 8.6596025e-01 9.8282404e-01 1.1005502e+00
6.7367367e-01 8.6276506e-01 9.8005158e-01 1.0971483e+00
6.7867868e-01 8.5951458e-01 9.7668474e-01 1.0935874e+00
6.8368368e-01 8.5631506e-01 9.7304703e-01 1.0898499e+00
6.8868869e-01 8.5299437e-01 9.6919216e-01 1.0856342e+00
6.9369369e-01 8.4904741e-01 9.6532830e-01 1.0812349e+00
6.9869870e-01 8.4514014e-01 9.6109886e-01 1.0768997e+00
7.0370370e-01 8.4090439e-01 9.5679113e-01 1.0723685e+00
7.0870871e-01 8.3657485e-01 9.5217014e-01 1.0674281e+00
7.1371371e-01 8.3207768e-01 9.4739342e-01 1.0624788e+00
7.1871872e-01 8.2729643e-01 9.4265050e-01 1.0571459e+00
7.2372372e-01 8.2257118e-01 9.3721814e-01 1.0516800e+00
7.2872873e-01 8.1779300e-01 9.3173405e-01 1.0458050e+00
7.3373373e-01 8.1290673e-01 9.2639627e-01 1.0399827e+00
7.3873874e-01 8.0747052e-01 9.2055845e-01 1.0338687e+00
7.4374374e-01 8.0179907e-01 9.1442320e-01 1.0276064e+00
7.4874875e-01 7.9606442e-01 9.0825412e-01 1.0207831e+00
7.5375375e-01 7.9000478e-01 9.0205581e-01 1.0139060e+00
7.5875876e-01 7.8378457e-01 8.9568514e-01 1.0069950e+00
7.6376376e-01 7.7764423e-01 8.8913317e-01 1.0000153e+00
7.6876877e-01 7.7142453e-01 8.8254349e-01 9.9289742e-01
7.7377377e-01 7.6507513e-01 8.7573206e-01 9.8562787e-01
7.7877878e-01 7.5854307e-01 8.6857547e-01 9.7832603e-01
7.8378378e-01 7.5197492e-01 8.6130852e-01 9.7055562e-01
7.8878879e-01 7.4511829e-01 8.5409459e-01 9.6284533e-01
7.9379379e-01 7.3805660e-01 8.4647748e-01 9.5473084e-01
7.9879880e-01 7.3128392e-01 8.3876342e-01 9.4657481e-01
8.0380380e-01 7.2405616e-01 8.3124663e-01 9.3821051e-01
8.0880881e-01 7.1689660e-01 8.2317520e-01 9.3011696e-01
8.1381381e-01 7.0967650e-01 8.1525599e-01 9.2142291e-01
8.1881882e-01 7.0233328e-01 8.0726556e-01 9.1306724e-01
8.2382382e-01 6.9450933e-01 7.9930928e-01 9.0441869e-01
8.2882883e-01 6.8689020e-01 7.9111498e-01 8.9571222e-01
8.3383383e-01 6.7903600e-01 7.8270295e-01 8.8714396e-01
8.3883884e-01 6.7125475e-01 7.7440383e-01 8.7857579e-01
8.4384384e-01 6.6314029e-01 7.6587684e-01 8.6979151e-01
8.4884885e-01 6.5515683e-01 7.5748139e-01 8.6106937e-01
8.5385385e-01 6.4728328e-01 7.4889396e-01 8.5186799e-01
8.5885886e-01 6.3885691e-01 7.4024321e-01 8.4294876e-01
8.6386386e-01 6.3059835e-01 7.3167359e-01 8.3428881e-01
8.6886887e-01 6.2234594e-01 7.2306920e-01 8.2485881e-01
8.7387387e-01 6.1409887e-01 7.1454174e-01 8.1565859e-01
8.7887888e-01 6.0594691e-01 7.0578913e-01 8.0663472e-01
8.8388388e-01 5.9747708e-01 6.9701858e-01 7.9745334e-01
8.8888889e-01 5.8909538e-01 6.8823406e-01 7.8830243e-01
8.9389389e-01 5.8083100e-01 6.7946174e-01 7.7907163e-01
8.9889890e-01 5.7225714e-01 6.7042577e-01 7.6979382e-01
9.0390390e-01 5.6386985e-01 6.6130409e-01 7.6007539e-01
9.0890891e-01 5.5525301e-01 6.5226063e-01 7.5089679e-01
9.1391391e-01 5.4697102e-01 6.4340668e-01 7.4183786e-01
9.1891892e-01 5.3830641e-01 6.3449027e-01 7.3284078e-01
9.2392392e-01 5.2981032e-01 6.2567451e-01 7.2350277e-01
9.2892893e-01 5.2124008e-01 6.1682608e-01 7.1428076e-01
9.3393393e-01 5.1272940e-01 6.0801637e-01 7.0516351e-01
9.3893894e-01 5.0442463e-01 5.9906184e-01 6.9590345e-01
9.4394394e-01 4.9595182e-01 5.9004102e-01 6.8648536e-01
9.4894895e-01 4.8739586e-01 5.8107712e-01 6.7730644e-01
9.5395395e-01 4.7911674e-01 5.7208725e-01 6.6809753e-01
9.5895896e-01 4.7071076e-01 5.6305629e-01 6.5903517e-01
9.6396396e-01 4.6264955e-01 5.5430117e-01 6.4995499e-01
9.6896897e-01 4.5440293e-01 5.4548367e-01 6.4100000e-01
9.7397397e-01 4.4629041e-01 5.3678365e-01 6.3205210e-01
9.7897898e-01 4.3825814e-01 5.2833743e-01 6.2323362e-01
9.8398398e-01 4.3034484e-01 5.1965407e-01 6.1440273e-01
9.8898899e-01 4.2209853e-01 5.1113680e-01 6.0557231e-01
9.9399399e-01 4.1432840e-01 5.0262281e-01 5.9653565e-01
9.9899900e-01 4.0628238e-01 4.9405755e-01 5.8773250e-01
1.0040040e+00 3.9831228e-01 4.8585232e-01 5.7875280e-01
1.0090090e+00 3.9051310e-01 4.7743463e-01 5.7005614e-01
1.0140140e+00 3.8262212e-01 4.6911681e-01 5.6152217e-01
1.0190190e+00 3.7503121e-01 4.6085372e-01 5.5289346e-01
1.0240240e+00 3.6746631e-01 4.5270743e-01 5.4409193e-01
1.0290290e+00 3.5998179e-01 4.4456077e-01 5.3564421e-01
1.0340340e+00 3.5253232e-01 4.3637280e-01 5.2701895e-01
1.0390390e+00 3.4509156e-01 4.2861431e-01 5.1870148e-01
1.0440440e+00 3.3771255e-01 4.2080457e-01 5.1014304e-01
1.0490490e+00 3.3047501e-01 4.1301608e-01 5.0169855e-01
1.0540541e+00 3.2327704e-01 4.0524029e-01 4.9339874e-01
1.0590591e+00 3.1632779e-01 3.9741873e-01 4.8512746e-01
1.0640641e+00 3.0941852e-01 3.8986977e-01 4.7687218e-01
1.0690691e+00 3.0261317e-01 3.8228906e-01 4.6862280e-01
1.0740741e+00 2.9595692e-01 3.7492891e-01 4.6057701e-01
1.0790791e+00 2.8926125e-01 3.6764277e-01 4.5247346e-01
1.0840841e+00 2.8272636e-01 3.6041241e-01 4.4451375e-01
1.0890891e+00 2.7620014e-01 3.5319771e-01 4.3627713e-01
1.0940941e+00 2.6979720e-01 3.4605375e-01 4.2841377e-01
1.0990991e+00 2.6347860e-01 3.3895499e-01 4.2072417e-01
1.1041041e+00 2.5725101e-01 3.3199799e-01 4.1298499e-01
1.1091091e+00 2.5115006e-01 3.2507973e-01 4.0541488e-01
1.1141141e+00 2.4525843e-01 3.1815588e-01 3.9782235e-01
1.1191191e+00 2.3931261e-01 3.1140842e-01 3.9037783e-01
1.1241241e+00 2.3357368e-01 3.0478990e-01 3.8285871e-01
1.1291291e+00 2.2796968e-01 2.9820380e-01 3.7565859e-01
1.1341341e+00 2.2249517e-01 2.9172788e-01 3.6823084e-01
1.1391391e+00 2.1712072e-01 2.8543024e-01 3.6098417e-01
1.1441441e+00 2.1169517e-01 2.7919435e-01 3.5389715e-01
1.1491491e+00 2.0639748e-01 2.7296013e-01 3.4690288e-01
1.1541542e+00 2.0119655e-01 2.6680737e-01 3.3997500e-01
1.1591592e+00 1.9608528e-01 2.6068144e-01 3.3296502e-01
1.1641642e+00 1.9111268e-01 2.5480317e-01 3.2598490e-01
1.1691692e+00 1.8612997e-01 2.4895224e-01 3.1922650e-01
1.1741742e+00 1.8144909e-01 2.4326814e-01 3.1245273e-01
1.1791792e+00 1.7681400e-01 2.3764812e-01 3.0591145e-01
1.1841842e+00 1.7228525e-01 2.3216099e-01 2.9931423e-01
1.1891892e+00 1.6765325e-01 2.2676248e-01 2.9301434e-01
1.1941942e+00 1.6346163e-01 2.2135146e-01 2.8666817e-01
1.1991992e+00 1.5903640e-01 2.1609258e-01 2.8038652e-01
1.2042042e+00 1.5478018e-01 2.1098755e-01 2.7430120e-01
1.2092092e+00 1.5063164e-01 2.0584248e-01 2.6841474e-01
1.2142142e+00 1.4659830e-01 2.0086280e-01 2.6256533e-01
1.2192192e+00 1.4267649e-01 1.9605997e-01 2.5669115e-01
1.2242242e+00 1.3889395e-01 1.9128364e-01 2.5098159e-01
1.2292292e+00 1.3519915e-01 1.8656051e-01 2.4537157e-01
1.2342342e+00 1.3142857e-01 1.8200222e-01 2.3996251e-01
1.2392392e+00 1.2785222e-01 1.7747443e-01 2.3468320e-01
1.2442442e+00 1.2426739e-01 1.7301771e-01 2.2937692e-01
1.2492492e+00 1.2088350e-01 1.6878109e-01 2.2429364e-01
1.2542543e+00 1.1756640e-01 1.6461018e-01 2.1918944e-01
1.2592593e+00 1.1431312e-01 1.6049654e-01 2.1408153e-01
1.2642643e+00 1.1111809e-01 1.5652835e-01 2.0924282e-01
1.2692693e+00 1.0806664e-01 1.5268912e-01 2.0442958e-01
1.2742743e+00 1.0498149e-01 1.4888914e-01 1.9976579e-01
1.2792793e+00 1.0204074e-01 1.4527880e-01 1.9530211e-01
1.2842843e+00 9.9124373e-02 1.4167431e-01 1.9082459e-01
1.2892893e+00 9.6307052e-02 1.3817916e-01 1.8643359e-01
1.2942943e+00 9.3593112e-02 1.3478518e-01 1.8229621e-01
1.2992993e+00 9.0959793e-02 1.3135609e-01 1.7826217e-01
1.3043043e+00 8.8350443e-02 1.2821735e-01 1.7432596e-01
1.3093093e+00 8.5719123e-02 1.2511700e-01 1.7049022e-01
1.3143143e+00 8.3226318e-02 1.2203131e-01 1.6669576e-01
1.3193193e+00 8.0808801e-02 1.1896054e-01 1.6311857e-01
1.3243243e+00 7.8483034e-02 1.1597535e-01 1.5964327e-01
1.3293293e+00 7.6198255e-02 1.1314425e-01 1.5635871e-01
1.3343343e+00 7.4076053e-02 1.1052313e-01 1.5299097e-01
1.3393393e+00 7.1903185e-02 1.0786306e-01 1.4987933e-01
1.3443443e+00 6.9882212e-02 1.0533015e-01 1.4678395e-01
1.3493493e+00 6.7699314e-02 1.0280189e-01 1.4381261e-01
1.3543544e+00 6.5668446e-02 1.0037900e-01 1.4096094e-01
1.3593594e+00 6.3579085e-02 9.7974214e-02 1.3823034e-01
1.3643644e+00 6.1720109e-02 9.5538034e-02 1.3562605e-01
1.3693694e+00 5.9771336e-02 9.3245108e-02 1.3306075e-01
1.3743744e+00 5.7874623e-02 9.1070022e-02 1.3068199e-01
1.3793794e+00 5.6065639e-02 8.8980963e-02 1.2828387e-01
1.3843844e+00 5.4207906e-02 8.6912820e-02 1.2612920e-01
1.3893894e+00 5.2538876e-02 8.4974278e-02 1.2395981e-01
1.3943944e+00 5.0819968e-02 8.2978828e-02 1.2206001e-01
1.3993994e+00 4.9114049e-02 8.1103029e-02 1.2008444e-01
1.4044044e+00 4.7551208e-02 7.9271616e-02 1.1826399e-01
1.4094094e+00 4.5950225e-02 7.7492610e-02 1.1642888e-01
1.4144144e+00 4.4434470e-02 7.5782817e-02 1.1473048e-01
1.4194194e+00 4.2981526e-02 7.4074262e-02 1.1302629e-01
1.4244244e+00 4.1536828e-02 7.2474888e-02 1.1157047e-01
1.4294294e+00 4.0055487e-02 7.0930498e-02 1.1005032e-01
1.4344344e+00 3.8515893e-02 6.9401457e-02 1.0858020e-01
1.4394394e+00 3.7025928e-02 6.7867506e-02 1.0732896e-01
1.4444444e+00 3.5509183e-02 6.6383102e-02 1.0603623e-01
1.4494494e+00 3.3992108e-02 6.4955289e-02 1.0480886e-01
1.4544545e+00 3.2533562e-02 6.3588511e-02 1.0365755e-01
1.4594595e+00 3.1082613e-02 6.2258674e-02 1.0252597e-01
1.4644645e+00 2.9681649e-02 6.0990346e-02 1.0135877e-01
1.4694695e+00 2.8335832e-02 5.9817506e-02 1.0032468e-01
1.4744745e+00 2.7051224e-02 5.8706243e-02 9.9373255e-02
1.4794795e+00 2.5840321e-02 5.7688499e-02 9.8433295e-02
1.4844845e+00 2.4630304e-02 5.6714698e-02 9.7555012e-02
1.4894895e+00 2.3490366e-02 5.5782879e-02 9.6732030e-02
1.4944945e+00 2.2389946e-02 5.4954146e-02 9.5903547e-02
1.4994995e+00 2.1308704e-02 5.4163327e-02 9.5205343e-02
1.5045045e+00 2.0284651e-02 5.3403811e-02 9.4460880e-02
1.5095095e+00 1.9321967e-02 5.2707304e-02 9.3753341e-02
1.5145145e+00 1.8370263e-02 5.2031429e-02 9.3101280e-02
1.5195195e+00 1.7472786e-02 5.1383990e-02 9.2491687e-02
1.5245245e+00 1.6605594e-02 5.0767451e-02 9.1894910e-02
1.5295295e+00 1.5793373e-02 5.0182404e-02 9.1264520e-02
1.5345345e+00 1.5004272e-02 4.9622434e-02 9.0662222e-02
1.5395395e+00 1.4229630e-02 4.9081889e-02 9.0079921e-02
1.5445445e+00 1.3483972e-02 4.8550268e-02 8.9454219e-02
1.5495495e+00 1.2779845e-02 4.8030950e-02 8.8841581e-02
1.5545546e+00 1.2101592e-02 4.7514394e-02 8.8230179e-02
1.5595596e+00 1.1466443e-02 4.7010615e-02 8.7610234e-02
1.5645646e+00 1.0857123e-02 4.6515303e-02 8.6984213e-02
1.5695696e+00 1.0266063e-02 4.6016507e-02 8.6343358e-02
1.5745746e+00 9.7130253e-03 4.5522557e-02 8.5679811e-02
1.5795796e+00 9.1873765e-03 4.5032707e-02 8.5011423e-02
1.5845846e+00 8.6956942e-03 4.4544977e-02 8.4333281e-02
1.5895896e+00 8.2140481e-03 4.4053689e-02 8.3643009e-02
1.5945946e+00 7.7637705e-03 4.3566038e-02 8.2936098e-02
1.5995996e+00 7.3298330e-03 4.3079523e-02 8.2203401e-02
1.6046046e+00 6.9067748e-03 4.2592318e-02 8.1474136e-02
1.6096096e+00 6.5128964e-03 4.2100401e-02 8.0716065e-02
1.6146146e+00 6.1295592e-03 4.1606430e-02 7.9940971e-02
1.6196196e+00 5.7766356e-03 4.1109113e-02 7.9154158e-02
1.6246246e+00 5.4416017e-03 4.0606967e-02 7.8339684e-02
1.6296296e+00 5.1203990e-03 4.0103164e-02 7.7508952e-02
1.6346346e+00 4.8157551e-03 3.9596935e-02 7.6670029e-02
1.6396396e+00 4.5229037e-03 3.9085635e-02 7.5808699e-02
1.6446446e+00 4.2470118e-03 3.8571865e-02 7.4931343e-02
1.6496496e+00 3.9846898e-03 3.8054007e-02 7.4037399e-02
1.6546547e+00 3.7426998e-03 3.7530206e-02 7.3120668e-02
1.6596597e+00 3.5144170e-03 3.7004285e-02 7.2191715e-02
1.6646647e+00 3.2920535e-03 3.6473536e-02 7.1239877e-02
1.6696697e+00 3.0881833e-03 3.5937157e-02 7.0273817e-02
1.6746747e+00 2.8922555e-03 3.5395482e-02 6.9291745e-02
1.6796797e+00 2.7087192e-03 3.4849544e-02 6.8296410e-02
1.6846847e+00 2.5373439e-03 3.4297835e-02 6.7287404e-02
1.6896897e+00 2.3722511e-03 3.3744061e-02 6.6265574e-02
1.6946947e+00 2.2185545e-03 3.3184725e-02 6.5232692e-02
1.6996997e+00 2.0751655e-03 3.2622826e-02 6.4184432e-02
1.7047047e+00 1.9384434e-03 3.2058707e-02 6.3126872e-02
1.7097097e+00 1.8098019e-03 3.1490273e-02 6.2056421e-02
1.7147147e+00 1.6899422e-03 3.0918813e-02 6.0977642e-02
1.7197197e+00 1.5750091e-03 3.0344708e-02 5.9889136e-02
1.7247247e+00 1.4689190e-03 2.9768813e-02 5.8792848e-02
1.7297297e+00 1.3692283e-03 2.9190676e-02 5.7688350e-02
1.7347347e+00 1.2754692e-03 2.8612667e-02 5.6580344e-02
1.7397397e+00 1.1877060e-03 2.8032076e-02 5.5466779e-02
1.7447447e+00 1.1048740e-03 2.7452568e-02 5.4348824e-02
1.7497497e+00 1.0272715e-03 2.6871958e-02 5.3229194e-02
1.7547548e+00 9.5552564e-04 2.6290514e-02 5.2103754e-02
1.7597598e+00 8.8940970e-04 2.5709481e-02 5.0979513e-02
1.7647648e+00 8.2705851e-04 2.5130271e-02 4.9855759e-02
1.7697698e+00 7.6808680e-04 2.4552373e-02 4.8731483e-02
1.7747748e+00 7.1223064e-04 2.3977224e-02 4.7609135e-02
1.7797798e+00 6.6116881e-04 2.3403116e-02 4.6488177e-02
1.7847848e+00 6.1362292e-04 2.2830964e-02 4.5372165e-02
1.7897898e+00 5.6837255e-04 2.2262659e-02 4.4260135e-02
1.7947948e+00 5.2711575e-04 2.1698137e-02 4.3153461e-02
1.7997998e+00 4.8814542e-04 2.1137285e-02 4.2055220e-02
1.8048048e+00 4.5263120e-04 2.0580758e-02 4.0962126e-02
1.8098098e+00 4.1913013e-04 2.0029940e-02 3.9878428e-02
1.8148148e+00 3.8791818e-04 1.9483302e-02 3.8801573e-02
1.8198198e+00 3.5886961e-04 1.8942394e-02 3.7734279e-02
1.8248248e+00 3.3184877e-04 1.8406677e-02 3.6676589e-02
1.8298298e+00 3.0665735e-04 1.7877425e-02 3.5631511e-02
1.8348348e+00 2.8330087e-04 1.7354509e-02 3.4597710e-02
1.8398398e+00 2.6145751e-04 1.6838097e-02 3.3575244e-02
1.8448448e+00 2.4145597e-04 1.6329131e-02 3.2565868e-02
1.8498498e+00 2.2275285e-04 1.5827432e-02 3.1572142e-02
1.8548549e+00 2.0537354e-04 1.5332684e-02 3.0592027e-02
1.8598599e+00 1.8932267e-04 1.4845921e-02 2.9627567e-02
1.8648649e+00 1.7445261e-04 1.4366945e-02 2.8677424e-02
1.8698699e+00 1.6070588e-04 1.3896190e-02 2.7743035e-02
1.8748749e+00 1.4805180e-04 1.3433904e-02 2.6824665e-02
1.8798799e+00 1.3628352e-04 1.2980139e-02 2.5923618e-02
1.8848849e+00 1.2541435e-04 1.2535448e-02 2.5039642e-02
1.8898899e+00 1.1538172e-04 1.2098949e-02 2.4171638e-02
1.8948949e+00 1.0611346e-04 1.1672708e-02 2.3321739e-02
1.8998999e+00 9.7418603e-05 1.1254875e-02 2.2489250e-02
1.9049049e+00 8.9488806e-05 1.0845938e-02 2.1675596e-02
1.9099099e+00 8.2117262e-05 1.0446703e-02 2.0879911e-02
1.9149149e+00 7.5340952e-05 1.0056470e-02 2.0102976e-02
1.9199199e+00 6.9001970e-05 9.6757475e-03 1.9344768e-02
1.9249249e+00 6.3178199e-05 9.3046461e-03 1.8604865e-02
1.9299299e+00 5.7822682e-05 8.9429781e-03 1.7883361e-02
1.9349349e+00 5.2908497e-05 8.5907237e-03 1.7180780e-02
1.9399399e+00 4.8398245e-05 8.2480396e-03 1.6497470e-02
1.9449449e+00 4.4247117e-05 7.9146076e-03 1.5832204e-02
1.9499499e+00 4.0362217e-05 7.5904647e-03 1.5185528e-02
1.9549550e+00 3.6846723e-05 7.2759329e-03 1.4557340e-02
1.9599600e+00 3.3642601e-05 6.9705929e-03 1.3947554e-02
1.9649650e+00 3.0689704e-05 6.6742931e-03 1.3356095e-02
1.9699700e+00 2.7975446e-05 6.3874313e-03 1.2782759e-02
1.9749750e+00 2.5472682e-05 6.1093775e-03 1.2227352e-02
1.9799800e+00 2.3199924e-05 5.8402367e-03 1.1690079e-02
1.9849850e+00 2.1098906e-05 5.5799285e-03 1.1170390e-02
1.9899900e+00 1.9202255e-05 5.3283807e-03 1.0667830e-02
1.9949950e+00 1.7474819e-05 5.0854262e-03 1.0182521e-02
2.0000000e+00 1.5868300e-05 4.8509007e-03 9.7138925e-03
