X KDE_INF KDE_MED KDE_SUP
5.0000000e+00 1.1537152e-17 2.7875009e-13 6.1215387e-13
5.0240240e+00 1.3491475e-17 3.1827336e-13 6.9868084e-13
5.0480480e+00 1.5772588e-17 3.6328288e-13 7.9705566e-13
5.0720721e+00 1.8429984e-17 4.1452330e-13 9.0923834e-13
5.0960961e+00 2.1520967e-17 4.7289860e-13 1.0369760e-12
5.1201201e+00 2.5133479e-17 5.3926897e-13 1.1821282e-12
5.1441441e+00 2.9342704e-17 6.1473454e-13 1.3472492e-12
5.1681682e+00 3.4250870e-17 7.0053394e-13 1.5348693e-12
5.1921922e+00 3.9960032e-17 7.9805003e-13 1.7482065e-12
5.2162162e+00 4.6607266e-17 9.0884628e-13 1.9904182e-12
5.2402402e+00 5.4350101e-17 1.0346897e-12 2.2655571e-12
5.2642643e+00 6.3368312e-17 1.1775767e-12 2.5778355e-12
5.2882883e+00 7.3826872e-17 1.3397620e-12 2.9323213e-12
5.3123123e+00 8.6038981e-17 1.5239096e-12 3.3342225e-12
5.3363363e+00 1.0022812e-16 1.7327668e-12 3.7903449e-12
5.3603604e+00 1.1669923e-16 1.9696214e-12 4.3069439e-12
5.3843844e+00 1.3580624e-16 2.2379904e-12 4.8919246e-12
5.4084084e+00 1.5801983e-16 2.5421026e-12 5.5541700e-12
5.4324324e+00 1.8378302e-16 2.8868999e-12 6.3044321e-12
5.4564565e+00 2.1360435e-16 3.2770669e-12 7.1569221e-12
5.4804805e+00 2.4834469e-16 3.7187610e-12 8.1204662e-12
5.5045045e+00 2.8835122e-16 4.2191376e-12 9.2108758e-12
5.5285285e+00 3.3490432e-16 4.7847051e-12 1.0443446e-11
5.5525526e+00 3.8902659e-16 5.4243293e-12 1.1836854e-11
5.5765766e+00 4.5164735e-16 6.1474682e-12 1.3411526e-11
5.6006006e+00 5.2417386e-16 6.9650049e-12 1.5191451e-11
5.6246246e+00 6.0806138e-16 7.8886573e-12 1.7202173e-11
5.6486486e+00 7.0511814e-16 8.9316593e-12 1.9478400e-11
5.6726727e+00 8.1738606e-16 1.0109289e-11 2.2044665e-11
5.6966967e+00 9.4711052e-16 1.1438484e-11 2.4938783e-11
5.7207207e+00 1.0974476e-15 1.2938255e-11 2.8200639e-11
5.7447447e+00 1.2707674e-15 1.4629933e-11 3.1880543e-11
5.7687688e+00 1.4705322e-15 1.6538765e-11 3.6023975e-11
5.7927928e+00 1.7022889e-15 1.8689049e-11 4.0703614e-11
5.8168168e+00 1.9684761e-15 2.1112063e-11 4.5973643e-11
5.8408408e+00 2.2762395e-15 2.3841498e-11 5.1909118e-11
5.8648649e+00 2.6318084e-15 2.6915086e-11 5.8587728e-11
5.8888889e+00 3.0417520e-15 3.0375077e-11 6.6104196e-11
5.9129129e+00 3.5162110e-15 3.4268758e-11 7.4559411e-11
5.9369369e+00 4.0616121e-15 3.8649041e-11 8.4081660e-11
5.9609610e+00 4.6902894e-15 4.3575107e-11 9.4786142e-11
5.9849850e+00 5.4128326e-15 4.9113178e-11 1.0681856e-10
6.0090090e+00 6.2464610e-15 5.5337209e-11 1.2035175e-10
6.0330330e+00 7.2082585e-15 6.2329818e-11 1.3552845e-10
6.0570571e+00 8.3154137e-15 7.0183312e-11 1.5258920e-10
6.0810811e+00 9.5918869e-15 7.9003624e-11 1.7176103e-10
6.1051051e+00 1.1057334e-14 8.8900280e-11 1.9325912e-10
6.1291291e+00 1.2744390e-14 1.0000422e-10 2.1737975e-10
6.1531532e+00 1.4677240e-14 1.1245867e-10 2.4444850e-10
6.1771772e+00 1.6901614e-14 1.2642324e-10 2.7477134e-10
6.2012012e+00 1.9446578e-14 1.4207585e-10 3.0865930e-10
6.2252252e+00 2.2371895e-14 1.5961475e-10 3.4664408e-10
6.2492492e+00 2.5735579e-14 1.7926072e-10 3.8923896e-10
6.2732733e+00 2.9580254e-14 2.0125961e-10 4.3698902e-10
6.2972973e+00 3.4000380e-14 2.2589044e-10 4.9031462e-10
6.3213213e+00 3.9067151e-14 2.5344758e-10 5.5006659e-10
6.3453453e+00 4.4864961e-14 2.8427410e-10 6.1682740e-10
6.3693694e+00 5.1520980e-14 3.1874678e-10 6.9146692e-10
6.3933934e+00 5.9127392e-14 3.5728411e-10 7.7478315e-10
6.4174174e+00 6.7845738e-14 4.0035104e-10 8.6793238e-10
6.4414414e+00 7.7815858e-14 4.4846533e-10 9.7201359e-10
6.4654655e+00 8.9242457e-14 5.0220022e-10 1.0880917e-09
6.4894895e+00 1.0230593e-13 5.6219158e-10 1.2177868e-09
6.5135135e+00 1.1727861e-13 6.2914565e-10 1.3626612e-09
6.5375375e+00 1.3437306e-13 7.0384572e-10 1.5243606e-09
6.5615616e+00 1.5395269e-13 7.8717365e-10 1.7041000e-09
6.5855856e+00 1.7627978e-13 8.8006785e-10 1.9045313e-09
6.6096096e+00 2.0174671e-13 9.8360607e-10 2.1284937e-09
6.6336336e+00 2.3078856e-13 1.0989696e-09 2.3777947e-09
6.6576577e+00 2.6395835e-13 1.2274664e-09 2.6551827e-09
6.6816817e+00 3.0177437e-13 1.3705440e-09 2.9634802e-09
6.7057057e+00 3.4490383e-13 1.5298039e-09 3.3075998e-09
6.7297297e+00 3.9412295e-13 1.7070177e-09 3.6900027e-09
6.7537538e+00 4.5046444e-13 1.9041437e-09 4.1151383e-09
6.7777778e+00 5.1420697e-13 2.1233465e-09 4.5884666e-09
6.8018018e+00 5.8695720e-13 2.3670176e-09 5.1138028e-09
6.8258258e+00 6.6982766e-13 2.6377980e-09 5.6976732e-09
6.8498498e+00 7.6442194e-13 2.9386039e-09 6.3468730e-09
6.8738739e+00 8.7161969e-13 3.2726535e-09 7.0671833e-09
6.8978979e+00 9.9379237e-13 3.6434974e-09 7.8659935e-09
6.9219219e+00 1.1331288e-12 4.0553462e-09 8.7526125e-09
6.9459459e+00 1.2909367e-12 4.5119565e-09 9.7358529e-09
6.9699700e+00 1.4698002e-12 5.0183545e-09 1.0826043e-08
6.9939940e+00 1.6739065e-12 5.5797820e-09 1.2034296e-08
7.0180180e+00 1.9046585e-12 6.2020118e-09 1.3373333e-08
7.0420420e+00 2.1682342e-12 6.8913992e-09 1.4857373e-08
7.0660661e+00 2.4666686e-12 7.6549384e-09 1.6499933e-08
7.0900901e+00 2.8058729e-12 8.5003237e-09 1.8317718e-08
7.1141141e+00 3.1913960e-12 9.4360167e-09 2.0329263e-08
7.1381381e+00 3.6276437e-12 1.0471320e-08 2.2554404e-08
7.1621622e+00 4.1243477e-12 1.1616455e-08 2.5015000e-08
7.1861862e+00 4.6856943e-12 1.2882652e-08 2.7737653e-08
7.2102102e+00 5.3199207e-12 1.4282244e-08 3.0752408e-08
7.2342342e+00 6.0401750e-12 1.5828767e-08 3.4069544e-08
7.2582583e+00 6.8579373e-12 1.7537078e-08 3.7737163e-08
7.2822823e+00 7.7806420e-12 1.9423472e-08 4.1796309e-08
7.3063063e+00 8.8241154e-12 2.1505819e-08 4.6268799e-08
7.3303303e+00 1.0007978e-11 2.3803709e-08 5.1197365e-08
7.3543544e+00 1.1344491e-11 2.6338439e-08 5.6629021e-08
7.3783784e+00 1.2861498e-11 2.9135158e-08 6.2630821e-08
7.4024024e+00 1.4573451e-11 3.2216595e-08 6.9233323e-08
7.4264264e+00 1.6504895e-11 3.5612401e-08 7.6509927e-08
7.4504505e+00 1.8678182e-11 3.9353402e-08 8.4537151e-08
7.4744745e+00 2.1132670e-11 4.3473313e-08 9.3393851e-08
7.4984985e+00 2.3902603e-11 4.8009121e-08 1.0311338e-07
7.5225225e+00 2.7027674e-11 5.3001333e-08 1.1380757e-07
7.5465465e+00 3.0546380e-11 5.8493732e-08 1.2557133e-07
7.5705706e+00 3.4530435e-11 6.4534415e-08 1.3850432e-07
7.5945946e+00 3.9002478e-11 7.1176898e-08 1.5272021e-07
7.6186186e+00 4.4058028e-11 7.8477837e-08 1.6834086e-07
7.6426426e+00 4.9744676e-11 8.6499709e-08 1.8549945e-07
7.6666667e+00 5.6127114e-11 9.5310758e-08 2.0434186e-07
7.6906907e+00 6.3321750e-11 1.0498443e-07 2.2503198e-07
7.7147147e+00 7.1395145e-11 1.1560231e-07 2.4776709e-07
7.7387387e+00 8.0464975e-11 1.2725290e-07 2.7264988e-07
7.7627628e+00 9.0653754e-11 1.4003237e-07 2.9997454e-07
7.7867868e+00 1.0214932e-10 1.5404543e-07 3.2990878e-07
7.8108108e+00 1.1508301e-10 1.6940600e-07 3.6271270e-07
7.8348348e+00 1.2961226e-10 1.8623651e-07 3.9871095e-07
7.8588589e+00 1.4595623e-10 2.0467211e-07 4.3807534e-07
7.8828829e+00 1.6425580e-10 2.2485920e-07 4.8117041e-07
7.9069069e+00 1.8479318e-10 2.4695688e-07 5.2833392e-07
7.9309309e+00 2.0776480e-10 2.7113842e-07 5.7993265e-07
7.9549550e+00 2.3361561e-10 2.9759509e-07 6.3646768e-07
7.9789790e+00 2.6233749e-10 3.2653646e-07 6.9821836e-07
8.0030030e+00 2.9461392e-10 3.5816878e-07 7.6561422e-07
8.0270270e+00 3.3083641e-10 3.9273842e-07 8.3942681e-07
8.0510511e+00 3.7145730e-10 4.3050210e-07 9.2010397e-07
8.0750751e+00 4.1696035e-10 4.7174373e-07 1.0080054e-06
8.0990991e+00 4.6806168e-10 5.1676356e-07 1.1039473e-06
8.1231231e+00 5.2492833e-10 5.6589663e-07 1.2086298e-06
8.1471471e+00 5.8884779e-10 6.1950072e-07 1.3229536e-06
8.1711712e+00 6.6021986e-10 6.7796302e-07 1.4483562e-06
8.1951952e+00 7.3987909e-10 7.4170240e-07 1.5847016e-06
8.2192192e+00 8.2898026e-10 8.1117182e-07 1.7329506e-06
8.2432432e+00 9.2835369e-10 8.8686092e-07 1.8944041e-06
8.2672673e+00 1.0394243e-09 9.6929880e-07 2.0701444e-06
8.2912913e+00 1.1639866e-09 1.0590542e-06 2.2612902e-06
8.3153153e+00 1.3023263e-09 1.1567610e-06 2.4692862e-06
8.3393393e+00 1.4561121e-09 1.2630859e-06 2.6955414e-06
8.3633634e+00 1.6282780e-09 1.3787340e-06 2.9419367e-06
8.3873874e+00 1.8206049e-09 1.5044814e-06 3.2094421e-06
8.4114114e+00 2.0340513e-09 1.6411625e-06 3.5001350e-06
8.4354354e+00 2.2723540e-09 1.7896787e-06 3.8169800e-06
8.4594595e+00 2.5371553e-09 1.9510007e-06 4.1611901e-06
8.4834835e+00 2.8313518e-09 2.1261719e-06 4.5336101e-06
8.5075075e+00 3.1591747e-09 2.3163995e-06 4.9377624e-06
8.5315315e+00 3.5246304e-09 2.5227663e-06 5.3762026e-06
8.5555556e+00 3.9313704e-09 2.7465717e-06 5.8516789e-06
8.5795796e+00 4.3835655e-09 2.9892971e-06 6.3671454e-06
8.6036036e+00 4.8873073e-09 3.2524592e-06 6.9257766e-06
8.6276276e+00 5.4455719e-09 3.5376524e-06 7.5317876e-06
8.6516517e+00 6.0669716e-09 3.8466434e-06 8.1888079e-06
8.6756757e+00 6.7540869e-09 4.1813258e-06 8.8987011e-06
8.6996997e+00 7.5189243e-09 4.5435834e-06 9.6670053e-06
8.7237237e+00 8.3661593e-09 4.9355606e-06 1.0500625e-05
8.7477477e+00 9.3064402e-09 5.3596632e-06 1.1401099e-05
8.7717718e+00 1.0344440e-08 5.8184006e-06 1.2374008e-05
8.7957958e+00 1.1498308e-08 6.3142686e-06 1.3426313e-05
8.8198198e+00 1.2770202e-08 6.8500104e-06 1.4564149e-05
8.8438438e+00 1.4182433e-08 7.4287662e-06 1.5791240e-05
8.8678679e+00 1.5760756e-08 8.0538573e-06 1.7116841e-05
8.8918919e+00 1.7501420e-08 8.7290245e-06 1.8547501e-05
8.9159159e+00 1.9425788e-08 9.4576456e-06 2.0090404e-05
8.9399399e+00 2.1554802e-08 1.0243569e-05 2.1754623e-05
8.9639640e+00 2.3912235e-08 1.1091472e-05 2.3549795e-05
8.9879880e+00 2.6535045e-08 1.2005967e-05 2.5487327e-05
9.0120120e+00 2.9392762e-08 1.2991774e-05 2.7572638e-05
9.0360360e+00 3.2572688e-08 1.4053845e-05 2.9818706e-05
9.0600601e+00 3.6100327e-08 1.5197651e-05 3.2237312e-05
9.0840841e+00 3.9982089e-08 1.6428741e-05 3.4841311e-05
9.1081081e+00 4.4251489e-08 1.7753709e-05 3.7642462e-05
9.1321321e+00 4.8970872e-08 1.9179335e-05 4.0657395e-05
9.1561562e+00 5.4170434e-08 2.0712941e-05 4.3897647e-05
9.1801802e+00 5.9911427e-08 2.2362019e-05 4.7380834e-05
9.2042042e+00 6.6223597e-08 2.4134340e-05 5.1124084e-05
9.2282282e+00 7.3177528e-08 2.6040938e-05 5.5144853e-05
9.2522523e+00 8.0858126e-08 2.8088611e-05 5.9462864e-05
9.2762763e+00 8.9316949e-08 3.0287896e-05 6.4098296e-05
9.3003003e+00 9.8640562e-08 3.2646654e-05 6.9073284e-05
9.3243243e+00 1.0889164e-07 3.5178496e-05 7.4410057e-05
9.3483483e+00 1.2017645e-07 3.7894096e-05 8.0133948e-05
9.3723724e+00 1.3260385e-07 4.0805225e-05 8.6267556e-05
9.3963964e+00 1.4621059e-07 4.3926536e-05 9.2842623e-05
9.4204204e+00 1.6113162e-07 4.7272078e-05 9.9886940e-05
9.4444444e+00 1.7753277e-07 5.0854348e-05 1.0743052e-04
9.4684685e+00 1.9570273e-07 5.4691213e-05 1.1550621e-04
9.4924925e+00 2.1553655e-07 5.8799569e-05 1.2414981e-04
9.5165165e+00 2.3732003e-07 6.3195016e-05 1.3339684e-04
9.5405405e+00 2.6109823e-07 6.7897094e-05 1.4328638e-04
9.5645646e+00 2.8729922e-07 7.2928827e-05 1.5385946e-04
9.5885886e+00 3.1619559e-07 7.8308975e-05 1.6515840e-04
9.6126126e+00 3.4788298e-07 8.4059389e-05 1.7723227e-04
9.6366366e+00 3.8239680e-07 9.0204975e-05 1.9011964e-04
9.6606607e+00 4.2025224e-07 9.6765925e-05 2.0389105e-04
9.6846847e+00 4.6169959e-07 1.0377472e-04 2.1857993e-04
9.7087087e+00 5.0694150e-07 1.1125156e-04 2.3425110e-04
9.7327327e+00 5.5639197e-07 1.1922640e-04 2.5097532e-04
9.7567568e+00 6.1062301e-07 1.2773778e-04 2.6880351e-04
9.7807808e+00 6.7015264e-07 1.3680153e-04 2.8779233e-04
9.8048048e+00 7.3502304e-07 1.4646644e-04 3.0801703e-04
9.8288288e+00 8.0547647e-07 1.5676728e-04 3.2956284e-04
9.8528529e+00 8.8265318e-07 1.6773580e-04 3.5249887e-04
9.8768769e+00 9.6768195e-07 1.7941761e-04 3.7692357e-04
9.9009009e+00 1.0603066e-06 1.9185107e-04 4.0291365e-04
9.9249249e+00 1.1608826e-06 2.0508699e-04 4.3055124e-04
9.9489489e+00 1.2713771e-06 2.1914467e-04 4.5993096e-04
9.9729730e+00 1.3911756e-06 2.3411807e-04 4.9113882e-04
9.9969970e+00 1.5222268e-06 2.5001502e-04 5.2427947e-04
1.0021021e+01 1.6647217e-06 2.6689650e-04 5.5951210e-04
1.0045045e+01 1.8199363e-06 2.8485748e-04 5.9691453e-04
1.0069069e+01 1.9888628e-06 3.0392740e-04 6.3662173e-04
1.0093093e+01 2.1718434e-06 3.2414454e-04 6.7880591e-04
1.0117117e+01 2.3721797e-06 3.4558779e-04 7.2347910e-04
1.0141141e+01 2.5900210e-06 3.6835397e-04 7.7083861e-04
1.0165165e+01 2.8276589e-06 3.9248577e-04 8.2106301e-04
1.0189189e+01 3.0875233e-06 4.1803156e-04 8.7431710e-04
1.0213213e+01 3.3691236e-06 4.4510002e-04 9.3074844e-04
1.0237237e+01 3.6740963e-06 4.7389253e-04 9.9044525e-04
1.0261261e+01 4.0057857e-06 5.0428198e-04 1.0536338e-03
1.0285285e+01 4.3649995e-06 5.3649920e-04 1.1204892e-03
1.0309309e+01 4.7559189e-06 5.7060137e-04 1.1911514e-03
1.0333333e+01 5.1807904e-06 6.0661907e-04 1.2658974e-03
1.0357357e+01 5.6408258e-06 6.4476394e-04 1.3448089e-03
1.0381381e+01 6.1378912e-06 6.8505544e-04 1.4283091e-03
1.0405405e+01 6.6772505e-06 7.2758148e-04 1.5163280e-03
1.0429429e+01 7.2621089e-06 7.7247795e-04 1.6095454e-03
1.0453453e+01 7.8963057e-06 8.1992561e-04 1.7078376e-03
1.0477477e+01 8.5836419e-06 8.7004040e-04 1.8115255e-03
1.0501502e+01 9.3272034e-06 9.2290656e-04 1.9208440e-03
1.0525526e+01 1.0130526e-05 9.7869555e-04 2.0361495e-03
1.0549550e+01 1.1003873e-05 1.0375139e-03 2.1577919e-03
1.0573574e+01 1.1947791e-05 1.0995636e-03 2.2857126e-03
1.0597598e+01 1.2966254e-05 1.1648790e-03 2.4208023e-03
1.0621622e+01 1.4067247e-05 1.2336791e-03 2.5625296e-03
1.0645646e+01 1.5254574e-05 1.3062400e-03 2.7119308e-03
1.0669670e+01 1.6536263e-05 1.3825833e-03 2.8691915e-03
1.0693694e+01 1.7923351e-05 1.4628097e-03 3.0344411e-03
1.0717718e+01 1.9421674e-05 1.5471863e-03 3.2079496e-03
1.0741742e+01 2.1038475e-05 1.6361212e-03 3.3907186e-03
1.0765766e+01 2.2789189e-05 1.7292902e-03 3.5831115e-03
1.0789790e+01 2.4664542e-05 1.8274377e-03 3.7847822e-03
1.0813814e+01 2.6684690e-05 1.9303097e-03 3.9965233e-03
1.0837838e+01 2.8871377e-05 2.0385832e-03 4.2187926e-03
1.0861862e+01 3.1222368e-05 2.1527422e-03 4.4521720e-03
1.0885886e+01 3.3775839e-05 2.2723325e-03 4.6964783e-03
1.0909910e+01 3.6508724e-05 2.3975996e-03 4.9532792e-03
1.0933934e+01 3.9435306e-05 2.5290224e-03 5.2220730e-03
1.0957958e+01 4.2580333e-05 2.6666172e-03 5.5033839e-03
1.0981982e+01 4.5963800e-05 2.8110090e-03 5.7982036e-03
1.1006006e+01 4.9615715e-05 2.9618758e-03 6.1068275e-03
1.1030030e+01 5.3530502e-05 3.1199628e-03 6.4297166e-03
1.1054054e+01 5.7755691e-05 3.2856848e-03 6.7675643e-03
1.1078078e+01 6.2288104e-05 3.4589240e-03 7.1214784e-03
1.1102102e+01 6.7157894e-05 3.6400852e-03 7.4916859e-03
1.1126126e+01 7.2381730e-05 3.8298043e-03 7.8785912e-03
1.1150150e+01 7.7979886e-05 4.0280330e-03 8.2809837e-03
1.1174174e+01 8.3979774e-05 4.2353823e-03 8.7021877e-03
1.1198198e+01 9.0425786e-05 4.4517752e-03 9.1421335e-03
1.1222222e+01 9.7333070e-05 4.6781736e-03 9.6011172e-03
1.1246246e+01 1.0474609e-04 4.9137826e-03 1.0078492e-02
1.1270270e+01 1.1265436e-04 5.1599562e-03 1.0578227e-02
1.1294294e+01 1.2113701e-04 5.4173148e-03 1.1098246e-02
1.1318318e+01 1.3023616e-04 5.6859083e-03 1.1640330e-02
1.1342342e+01 1.3991954e-04 5.9648935e-03 1.2205553e-02
1.1366366e+01 1.5027962e-04 6.2559764e-03 1.2792738e-02
1.1390390e+01 1.6134412e-04 6.5597267e-03 1.3405123e-02
1.1414414e+01 1.7318847e-04 6.8754340e-03 1.4041709e-02
1.1438438e+01 1.8583147e-04 7.2050331e-03 1.4704610e-02
1.1462462e+01 1.9939594e-04 7.5460719e-03 1.5391910e-02
1.1486486e+01 2.1387397e-04 7.9018246e-03 1.6108798e-02
1.1510511e+01 2.2937317e-04 8.2714919e-03 1.6855871e-02
1.1534535e+01 2.4581372e-04 8.6571611e-03 1.7630458e-02
1.1558559e+01 2.6340365e-04 9.0578674e-03 1.8433968e-02
1.1582583e+01 2.8215325e-04 9.4726519e-03 1.9268427e-02
1.1606607e+01 3.0205409e-04 9.9046120e-03 2.0134354e-02
1.1630631e+01 3.2334619e-04 1.0353288e-02 2.1034774e-02
1.1654655e+01 3.4599449e-04 1.0817318e-02 2.1964145e-02
1.1678679e+01 3.7020825e-04 1.1299373e-02 2.2931064e-02
1.1702703e+01 3.9589212e-04 1.1799000e-02 2.3930954e-02
1.1726727e+01 4.2327512e-04 1.2317497e-02 2.4964142e-02
1.1750751e+01 4.5223269e-04 1.2851376e-02 2.6035701e-02
1.1774775e+01 4.8320295e-04 1.3406951e-02 2.7145313e-02
1.1798799e+01 5.1614671e-04 1.3981981e-02 2.8290515e-02
1.1822823e+01 5.5121647e-04 1.4579103e-02 2.9476156e-02
1.1846847e+01 5.8828091e-04 1.5197515e-02 3.0708942e-02
1.1870871e+01 6.2764508e-04 1.5834853e-02 3.1980160e-02
1.1894895e+01 6.6943309e-04 1.6498417e-02 3.3286685e-02
1.1918919e+01 7.1379745e-04 1.7179402e-02 3.4640962e-02
1.1942943e+01 7.6096563e-04 1.7891097e-02 3.6037079e-02
1.1966967e+01 8.1084410e-04 1.8621606e-02 3.7477524e-02
1.1990991e+01 8.6368908e-04 1.9372559e-02 3.8962183e-02
1.2015015e+01 9.1987272e-04 2.0152314e-02 4.0494678e-02
1.2039039e+01 9.7938827e-04 2.0959500e-02 4.2073501e-02
1.2063063e+01 1.0422627e-03 2.1785326e-02 4.3695634e-02
1.2087087e+01 1.1092323e-03 2.2640596e-02 4.5366937e-02
1.2111111e+01 1.1801002e-03 2.3524943e-02 4.7094716e-02
1.2135135e+01 1.2546580e-03 2.4436566e-02 4.8879776e-02
1.2159159e+01 1.3336126e-03 2.5368056e-02 5.0700564e-02
1.2183183e+01 1.4178126e-03 2.6334028e-02 5.2576621e-02
1.2207207e+01 1.5060831e-03 2.7324990e-02 5.4509292e-02
1.2231231e+01 1.5994117e-03 2.8338226e-02 5.6496879e-02
1.2255255e+01 1.6980177e-03 2.9384107e-02 5.8543743e-02
1.2279279e+01 1.8021588e-03 3.0456257e-02 6.0646297e-02
1.2303303e+01 1.9123321e-03 3.1565331e-02 6.2801576e-02
1.2327327e+01 2.0282016e-03 3.2707777e-02 6.4998838e-02
1.2351351e+01 2.1495499e-03 3.3871360e-02 6.7263648e-02
1.2375375e+01 2.2789648e-03 3.5071985e-02 6.9582383e-02
1.2399399e+01 2.4148902e-03 3.6297671e-02 7.1954174e-02
1.2423423e+01 2.5577183e-03 3.7564265e-02 7.4382288e-02
1.2447447e+01 2.7083628e-03 3.8869026e-02 7.6879153e-02
1.2471471e+01 2.8671504e-03 4.0206529e-02 7.9430847e-02
1.2495495e+01 3.0351394e-03 4.1561719e-02 8.2053509e-02
1.2519520e+01 3.2109228e-03 4.2954769e-02 8.4742555e-02
1.2543544e+01 3.3973794e-03 4.4394059e-02 8.7475329e-02
1.2567568e+01 3.5906859e-03 4.5862334e-02 9.0263873e-02
1.2591592e+01 3.7959072e-03 4.7372990e-02 9.3126587e-02
1.2615616e+01 4.0102668e-03 4.8911304e-02 9.6035957e-02
1.2639640e+01 4.2376285e-03 5.0486735e-02 9.9016179e-02
1.2663664e+01 4.4742813e-03 5.2095996e-02 1.0208250e-01
1.2687688e+01 4.7245057e-03 5.3740529e-02 1.0519252e-01
1.2711712e+01 4.9861072e-03 5.5422773e-02 1.0836662e-01
1.2735736e+01 5.2616942e-03 5.7126001e-02 1.1157815e-01
1.2759760e+01 5.5491889e-03 5.8883017e-02 1.1486711e-01
1.2783784e+01 5.8519615e-03 6.0659477e-02 1.1820728e-01
1.2807808e+01 6.1678707e-03 6.2481141e-02 1.2164640e-01
1.2831832e+01 6.4972653e-03 6.4321371e-02 1.2510198e-01
1.2855856e+01 6.8447375e-03 6.6211439e-02 1.2864052e-01
1.2879880e+01 7.2086282e-03 6.8138684e-02 1.3223599e-01
1.2903904e+01 7.5906380e-03 7.0122350e-02 1.3589222e-01
1.2927928e+01 7.9894168e-03 7.2130282e-02 1.3966520e-01
1.2951952e+01 8.4042729e-03 7.4177761e-02 1.4341823e-01
1.2975976e+01 8.8401047e-03 7.6230792e-02 1.4723992e-01
1.3000000e+01 9.2944079e-03 7.8352487e-02 1.5111664e-01
1.3024024e+01 9.7681795e-03 8.0500367e-02 1.5508247e-01
1.3048048e+01 1.0264332e-02 8.2700928e-02 1.5906926e-01
1.3072072e+01 1.0783656e-02 8.4934697e-02 1.6317754e-01
1.3096096e+01 1.1327583e-02 8.7186693e-02 1.6730691e-01
1.3120120e+01 1.1892693e-02 8.9484158e-02 1.7144060e-01
1.3144144e+01 1.2476818e-02 9.1797104e-02 1.7568653e-01
1.3168168e+01 1.3083409e-02 9.4160812e-02 1.7996616e-01
1.3192192e+01 1.3717192e-02 9.6596357e-02 1.8433067e-01
1.3216216e+01 1.4380889e-02 9.9037656e-02 1.8878355e-01
1.3240240e+01 1.5077807e-02 1.0151503e-01 1.9322219e-01
1.3264264e+01 1.5804151e-02 1.0401789e-01 1.9772571e-01
1.3288288e+01 1.6559897e-02 1.0654860e-01 2.0221999e-01
1.3312312e+01 1.7345472e-02 1.0913395e-01 2.0684241e-01
1.3336336e+01 1.8158821e-02 1.1176673e-01 2.1153182e-01
1.3360360e+01 1.9006437e-02 1.1439119e-01 2.1616552e-01
1.3384384e+01 1.9894609e-02 1.1709425e-01 2.2078024e-01
1.3408408e+01 2.0808077e-02 1.1979173e-01 2.2555768e-01
1.3432432e+01 2.1752400e-02 1.2256008e-01 2.3033453e-01
1.3456456e+01 2.2733668e-02 1.2533112e-01 2.3512229e-01
1.3480480e+01 2.3755524e-02 1.2814820e-01 2.4000887e-01
1.3504505e+01 2.4825939e-02 1.3100133e-01 2.4492762e-01
1.3528529e+01 2.5922189e-02 1.3388615e-01 2.4986127e-01
1.3552553e+01 2.7058095e-02 1.3680467e-01 2.5482786e-01
1.3576577e+01 2.8248033e-02 1.3973339e-01 2.5983265e-01
1.3600601e+01 2.9484465e-02 1.4265020e-01 2.6488025e-01
1.3624625e+01 3.0754625e-02 1.4562220e-01 2.6992742e-01
1.3648649e+01 3.2066406e-02 1.4869678e-01 2.7503467e-01
1.3672673e+01 3.3429599e-02 1.5177336e-01 2.8002450e-01
1.3696697e+01 3.4837044e-02 1.5485000e-01 2.8525197e-01
1.3720721e+01 3.6284385e-02 1.5801425e-01 2.9035197e-01
1.3744745e+01 3.7785545e-02 1.6120442e-01 2.9546633e-01
1.3768769e+01 3.9334565e-02 1.6436255e-01 3.0062845e-01
1.3792793e+01 4.0948064e-02 1.6762282e-01 3.0582548e-01
1.3816817e+01 4.2637738e-02 1.7089307e-01 3.1115868e-01
1.3840841e+01 4.4351998e-02 1.7420735e-01 3.1641820e-01
1.3864865e+01 4.6131394e-02 1.7761467e-01 3.2164751e-01
1.3888889e+01 4.7972836e-02 1.8100960e-01 3.2698089e-01
1.3912913e+01 4.9877711e-02 1.8440028e-01 3.3225208e-01
1.3936937e+01 5.1834367e-02 1.8780646e-01 3.3753876e-01
1.3960961e+01 5.3839287e-02 1.9132686e-01 3.4288064e-01
1.3984985e+01 5.5913450e-02 1.9486791e-01 3.4817632e-01
1.4009009e+01 5.8056976e-02 1.9837079e-01 3.5350801e-01
1.4033033e+01 6.0235905e-02 2.0195931e-01 3.5897024e-01
1.4057057e+01 6.2500532e-02 2.0563235e-01 3.6432742e-01
1.4081081e+01 6.4844342e-02 2.0928319e-01 3.6974669e-01
1.4105105e+01 6.7245556e-02 2.1305471e-01 3.7515974e-01
1.4129129e+01 6.9732520e-02 2.1683921e-01 3.8059681e-01
1.4153153e+01 7.2258329e-02 2.2061731e-01 3.8591438e-01
1.4177177e+01 7.4850723e-02 2.2437223e-01 3.9128263e-01
1.4201201e+01 7.7527208e-02 2.2810359e-01 3.9665145e-01
1.4225225e+01 8.0281874e-02 2.3195722e-01 4.0214228e-01
1.4249249e+01 8.3093548e-02 2.3595580e-01 4.0758871e-01
1.4273273e+01 8.5993652e-02 2.3986853e-01 4.1280225e-01
1.4297297e+01 8.8974486e-02 2.4391490e-01 4.1813942e-01
1.4321321e+01 9.1949150e-02 2.4787579e-01 4.2329586e-01
1.4345345e+01 9.5078277e-02 2.5197499e-01 4.2857623e-01
1.4369369e+01 9.8278252e-02 2.5609902e-01 4.3390342e-01
1.4393393e+01 1.0156666e-01 2.6017509e-01 4.3920919e-01
1.4417417e+01 1.0491597e-01 2.6433814e-01 4.4436639e-01
1.4441441e+01 1.0829408e-01 2.6853049e-01 4.4941683e-01
1.4465465e+01 1.1177375e-01 2.7274041e-01 4.5452582e-01
1.4489489e+01 1.1537242e-01 2.7697655e-01 4.5964675e-01
1.4513514e+01 1.1909357e-01 2.8113982e-01 4.6483888e-01
1.4537538e+01 1.2289270e-01 2.8547883e-01 4.6986851e-01
1.4561562e+01 1.2671065e-01 2.8983365e-01 4.7492215e-01
1.4585586e+01 1.3065669e-01 2.9434707e-01 4.7999980e-01
1.4609610e+01 1.3462426e-01 2.9898281e-01 4.8514861e-01
1.4633634e+01 1.3871095e-01 3.0347299e-01 4.9017702e-01
1.4657658e+01 1.4285308e-01 3.0817383e-01 4.9518592e-01
1.4681682e+01 1.4715386e-01 3.1262303e-01 5.0016995e-01
1.4705706e+01 1.5158389e-01 3.1741790e-01 5.0516612e-01
1.4729730e+01 1.5611610e-01 3.2196125e-01 5.1020121e-01
1.4753754e+01 1.6076607e-01 3.2653608e-01 5.1510656e-01
1.4777778e+01 1.6545117e-01 3.3134625e-01 5.1994346e-01
1.4801802e+01 1.7015595e-01 3.3596667e-01 5.2467700e-01
1.4825826e+01 1.7491037e-01 3.4087658e-01 5.2961194e-01
1.4849850e+01 1.7988107e-01 3.4564347e-01 5.3472063e-01
1.4873874e+01 1.8496539e-01 3.5041751e-01 5.3944332e-01
1.4897898e+01 1.8970109e-01 3.5534653e-01 5.4419323e-01
1.4921922e+01 1.9459020e-01 3.6096828e-01 5.4926159e-01
1.4945946e+01 1.9934806e-01 3.6644382e-01 5.5400876e-01
1.4969970e+01 2.0364186e-01 3.7158975e-01 5.5876593e-01
1.4993994e+01 2.0777715e-01 3.7687276e-01 5.6408392e-01
1.5018018e+01 2.1229628e-01 3.8197589e-01 5.6891136e-01
1.5042042e+01 2.1658526e-01 3.8700704e-01 5.7387015e-01
1.5066066e+01 2.2082939e-01 3.9207035e-01 5.7865382e-01
1.5090090e+01 2.2534013e-01 3.9711094e-01 5.8373337e-01
1.5114114e+01 2.2971503e-01 4.0192630e-01 5.8910273e-01
1.5138138e+01 2.3445881e-01 4.0666971e-01 5.9425269e-01
1.5162162e+01 2.3882257e-01 4.1155206e-01 5.9924505e-01
1.5186186e+01 2.4330712e-01 4.1633630e-01 6.0450524e-01
1.5210210e+01 2.4799148e-01 4.2117849e-01 6.1024138e-01
1.5234234e+01 2.5302131e-01 4.2590012e-01 6.1574684e-01
1.5258258e+01 2.5794237e-01 4.3094873e-01 6.2145153e-01
1.5282282e+01 2.6303192e-01 4.3621167e-01 6.2706154e-01
1.5306306e+01 2.6805015e-01 4.4122489e-01 6.3281240e-01
1.5330330e+01 2.7342654e-01 4.4667368e-01 6.3831334e-01
1.5354354e+01 2.7843064e-01 4.5213246e-01 6.4341543e-01
1.5378378e+01 2.8402444e-01 4.5787166e-01 6.4875235e-01
1.5402402e+01 2.8897980e-01 4.6346118e-01 6.5382687e-01
1.5426426e+01 2.9425077e-01 4.6867726e-01 6.5937242e-01
1.5450450e+01 2.9934863e-01 4.7417247e-01 6.6473918e-01
1.5474474e+01 3.0471287e-01 4.7956601e-01 6.7023115e-01
1.5498498e+01 3.0982415e-01 4.8506953e-01 6.7541327e-01
1.5522523e+01 3.1465096e-01 4.9069100e-01 6.8055840e-01
1.5546547e+01 3.1994281e-01 4.9613849e-01 6.8630447e-01
1.5570571e+01 3.2507800e-01 5.0164103e-01 6.9132891e-01
1.5594595e+01 3.3021847e-01 5.0691219e-01 6.9682389e-01
1.5618619e+01 3.3555504e-01 5.1213792e-01 7.0228860e-01
1.5642643e+01 3.4118362e-01 5.1734669e-01 7.0753695e-01
1.5666667e+01 3.4611384e-01 5.2251559e-01 7.1332290e-01
1.5690691e+01 3.5110053e-01 5.2754988e-01 7.1982847e-01
1.5714715e+01 3.5583146e-01 5.3270553e-01 7.2619682e-01
1.5738739e+01 3.6078622e-01 5.3824173e-01 7.3246488e-01
1.5762763e+01 3.6535912e-01 5.4371744e-01 7.3831824e-01
1.5786787e+01 3.7053656e-01 5.4947186e-01 7.4352816e-01
1.5810811e+01 3.7576926e-01 5.5522076e-01 7.4956228e-01
1.5834835e+01 3.8033691e-01 5.6080791e-01 7.5537886e-01
1.5858859e+01 3.8544703e-01 5.6625747e-01 7.6094100e-01
1.5882883e+01 3.9041503e-01 5.7191462e-01 7.6633624e-01
1.5906907e+01 3.9589550e-01 5.7732781e-01 7.7197798e-01
1.5930931e+01 4.0112883e-01 5.8309538e-01 7.7781760e-01
1.5954955e+01 4.0646992e-01 5.8850155e-01 7.8342877e-01
1.5978979e+01 4.1182809e-01 5.9369685e-01 7.8930634e-01
1.6003003e+01 4.1716177e-01 5.9926390e-01 7.9504870e-01
1.6027027e+01 4.2243443e-01 6.0444787e-01 8.0053235e-01
1.6051051e+01 4.2728420e-01 6.1009897e-01 8.0640682e-01
1.6075075e+01 4.3235250e-01 6.1544591e-01 8.1243732e-01
1.6099099e+01 4.3785570e-01 6.2096460e-01 8.1838383e-01
1.6123123e+01 4.4292401e-01 6.2682072e-01 8.2468527e-01
1.6147147e+01 4.4795953e-01 6.3228289e-01 8.3063915e-01
1.6171171e+01 4.5306306e-01 6.3818225e-01 8.3592248e-01
1.6195195e+01 4.5861501e-01 6.4367913e-01 8.4137631e-01
1.6219219e+01 4.6399186e-01 6.4933135e-01 8.4660387e-01
1.6243243e+01 4.6933814e-01 6.5488451e-01 8.5210663e-01
1.6267267e+01 4.7441131e-01 6.6016335e-01 8.5803662e-01
1.6291291e+01 4.7956055e-01 6.6531440e-01 8.6357708e-01
1.6315315e+01 4.8463906e-01 6.7093879e-01 8.6917807e-01
1.6339339e+01 4.8962508e-01 6.7623178e-01 8.7455386e-01
1.6363363e+01 4.9470948e-01 6.8177558e-01 8.8034930e-01
1.6387387e+01 5.0006052e-01 6.8724948e-01 8.8608227e-01
1.6411411e+01 5.0496809e-01 6.9320560e-01 8.9228463e-01
1.6435435e+01 5.1032477e-01 6.9875416e-01 8.9850801e-01
1.6459459e+01 5.1591425e-01 7.0397595e-01 9.0433819e-01
1.6483483e+01 5.2103852e-01 7.0954697e-01 9.0995628e-01
1.6507508e+01 5.2622019e-01 7.1502423e-01 9.1520461e-01
1.6531532e+01 5.3184377e-01 7.2042547e-01 9.2112828e-01
1.6555556e+01 5.3708391e-01 7.2584031e-01 9.2676139e-01
1.6579580e+01 5.4207386e-01 7.3128923e-01 9.3175290e-01
1.6603604e+01 5.4718970e-01 7.3682170e-01 9.3692786e-01
1.6627628e+01 5.5200740e-01 7.4239942e-01 9.4182224e-01
1.6651652e+01 5.5752744e-01 7.4788667e-01 9.4726528e-01
1.6675676e+01 5.6264059e-01 7.5338458e-01 9.5210283e-01
1.6699700e+01 5.6841798e-01 7.5919746e-01 9.5726132e-01
1.6723724e+01 5.7415844e-01 7.6469218e-01 9.6191423e-01
1.6747748e+01 5.7990915e-01 7.7033272e-01 9.6711869e-01
1.6771772e+01 5.8503306e-01 7.7516981e-01 9.7217392e-01
1.6795796e+01 5.9050879e-01 7.8016621e-01 9.7702682e-01
1.6819820e+01 5.9558755e-01 7.8498743e-01 9.8241090e-01
1.6843844e+01 6.0093757e-01 7.8975013e-01 9.8797852e-01
1.6867868e+01 6.0626502e-01 7.9505217e-01 9.9306670e-01
1.6891892e+01 6.1125076e-01 8.0020508e-01 9.9762020e-01
1.6915916e+01 6.1634202e-01 8.0529170e-01 1.0024493e+00
1.6939940e+01 6.2160623e-01 8.1035520e-01 1.0070276e+00
1.6963964e+01 6.2722949e-01 8.1542629e-01 1.0116538e+00
1.6987988e+01 6.3292244e-01 8.2016321e-01 1.0159143e+00
1.7012012e+01 6.3755200e-01 8.2541413e-01 1.0208796e+00
1.7036036e+01 6.4257433e-01 8.3025257e-01 1.0250534e+00
1.7060060e+01 6.4774169e-01 8.3519628e-01 1.0295217e+00
1.7084084e+01 6.5312199e-01 8.3972206e-01 1.0332529e+00
1.7108108e+01 6.5821396e-01 8.4453528e-01 1.0378134e+00
1.7132132e+01 6.6293705e-01 8.4945645e-01 1.0422609e+00
1.7156156e+01 6.6777062e-01 8.5433725e-01 1.0460341e+00
1.7180180e+01 6.7215796e-01 8.5921790e-01 1.0499022e+00
1.7204204e+01 6.7651865e-01 8.6414596e-01 1.0536255e+00
1.7228228e+01 6.8150967e-01 8.6901979e-01 1.0577030e+00
1.7252252e+01 6.8606428e-01 8.7405970e-01 1.0614586e+00
1.7276276e+01 6.9079760e-01 8.7882604e-01 1.0654866e+00
1.7300300e+01 6.9509526e-01 8.8342050e-01 1.0684414e+00
1.7324324e+01 6.9976831e-01 8.8780047e-01 1.0718455e+00
1.7348348e+01 7.0504815e-01 8.9211518e-01 1.0751762e+00
1.7372372e+01 7.0983687e-01 8.9596369e-01 1.0785477e+00
1.7396396e+01 7.1444079e-01 8.9952332e-01 1.0818311e+00
1.7420420e+01 7.1917804e-01 9.0380778e-01 1.0851837e+00
1.7444444e+01 7.2374144e-01 9.0783288e-01 1.0890191e+00
1.7468468e+01 7.2857559e-01 9.1132901e-01 1.0924242e+00
1.7492492e+01 7.3323055e-01 9.1501331e-01 1.0957903e+00
1.7516517e+01 7.3730532e-01 9.1883716e-01 1.0986012e+00
1.7540541e+01 7.4136575e-01 9.2272312e-01 1.1017151e+00
1.7564565e+01 7.4510817e-01 9.2586843e-01 1.1047942e+00
1.7588589e+01 7.4908954e-01 9.2951529e-01 1.1075499e+00
1.7612613e+01 7.5263219e-01 9.3273299e-01 1.1106405e+00
1.7636637e+01 7.5615423e-01 9.3605596e-01 1.1135724e+00
1.7660661e+01 7.6010864e-01 9.3963110e-01 1.1165418e+00
1.7684685e+01 7.6400236e-01 9.4259757e-01 1.1186456e+00
1.7708709e+01 7.6789734e-01 9.4515283e-01 1.1212346e+00
1.7732733e+01 7.7109131e-01 9.4805918e-01 1.1231414e+00
1.7756757e+01 7.7443848e-01 9.5147725e-01 1.1253730e+00
1.7780781e+01 7.7748354e-01 9.5455122e-01 1.1279961e+00
1.7804805e+01 7.8095836e-01 9.5737470e-01 1.1302754e+00
1.7828829e+01 7.8370453e-01 9.6017954e-01 1.1326498e+00
1.7852853e+01 7.8710509e-01 9.6280329e-01 1.1348985e+00
1.7876877e+01 7.9010119e-01 9.6517422e-01 1.1371912e+00
1.7900901e+01 7.9259096e-01 9.6763931e-01 1.1390718e+00
1.7924925e+01 7.9596181e-01 9.6973398e-01 1.1408498e+00
1.7948949e+01 7.9848821e-01 9.7266343e-01 1.1424311e+00
1.7972973e+01 8.0104248e-01 9.7491093e-01 1.1446263e+00
1.7996997e+01 8.0299274e-01 9.7707248e-01 1.1462729e+00
1.8021021e+01 8.0498597e-01 9.7872412e-01 1.1477646e+00
1.8045045e+01 8.0690110e-01 9.8073929e-01 1.1492342e+00
1.8069069e+01 8.0870817e-01 9.8274267e-01 1.1505334e+00
1.8093093e+01 8.1062413e-01 9.8402455e-01 1.1520591e+00
1.8117117e+01 8.1222895e-01 9.8584245e-01 1.1534710e+00
1.8141141e+01 8.1386012e-01 9.8695273e-01 1.1550263e+00
1.8165165e+01 8.1581673e-01 9.8891497e-01 1.1567471e+00
1.8189189e+01 8.1722063e-01 9.9094100e-01 1.1585887e+00
1.8213213e+01 8.1867113e-01 9.9245082e-01 1.1600444e+00
1.8237237e+01 8.1996894e-01 9.9389072e-01 1.1611095e+00
1.8261261e+01 8.2078213e-01 9.9475948e-01 1.1623418e+00
1.8285285e+01 8.2171923e-01 9.9540653e-01 1.1633330e+00
1.8309309e+01 8.2266016e-01 9.9623969e-01 1.1640667e+00
1.8333333e+01 8.2329588e-01 9.9714723e-01 1.1644773e+00
1.8357357e+01 8.2363239e-01 9.9774697e-01 1.1653629e+00
1.8381381e+01 8.2388947e-01 9.9828191e-01 1.1659175e+00
1.8405405e+01 8.2433673e-01 9.9871983e-01 1.1663054e+00
1.8429429e+01 8.2467017e-01 9.9869228e-01 1.1668331e+00
1.8453453e+01 8.2436830e-01 9.9896803e-01 1.1674710e+00
1.8477477e+01 8.2436171e-01 9.9947447e-01 1.1683318e+00
1.8501502e+01 8.2378045e-01 9.9982465e-01 1.1688579e+00
1.8525526e+01 8.2349866e-01 9.9983409e-01 1.1690200e+00
1.8549550e+01 8.2298009e-01 1.0000000e+00 1.1692493e+00
1.8573574e+01 8.2268747e-01 9.9998072e-01 1.1692462e+00
1.8597598e+01 8.2166463e-01 9.9966796e-01 1.1692012e+00
1.8621622e+01 8.2054602e-01 9.9950984e-01 1.1692479e+00
1.8645646e+01 8.1946508e-01 9.9918732e-01 1.1692731e+00
1.8669670e+01 8.1793969e-01 9.9844206e-01 1.1689072e+00
1.8693694e+01 8.1641870e-01 9.9801007e-01 1.1684459e+00
1.8717718e+01 8.1453374e-01 9.9665844e-01 1.1686727e+00
1.8741742e+01 8.1302034e-01 9.9525096e-01 1.1682259e+00
1.8765766e+01 8.1052361e-01 9.9427721e-01 1.1678768e+00
1.8789790e+01 8.0824265e-01 9.9324510e-01 1.1669230e+00
1.8813814e+01 8.0626073e-01 9.9181409e-01 1.1660999e+00
1.8837838e+01 8.0435934e-01 9.9034242e-01 1.1651655e+00
1.8861862e+01 8.0177500e-01 9.8849880e-01 1.1642749e+00
1.8885886e+01 7.9915645e-01 9.8667105e-01 1.1633674e+00
1.8909910e+01 7.9665156e-01 9.8483376e-01 1.1620469e+00
1.8933934e+01 7.9383629e-01 9.8295458e-01 1.1609781e+00
1.8957958e+01 7.9093616e-01 9.8082812e-01 1.1596050e+00
1.8981982e+01 7.8748668e-01 9.7930213e-01 1.1579289e+00
1.9006006e+01 7.8402949e-01 9.7704780e-01 1.1568605e+00
1.9030030e+01 7.8056428e-01 9.7463105e-01 1.1555402e+00
1.9054054e+01 7.7734284e-01 9.7204578e-01 1.1540657e+00
1.9078078e+01 7.7376820e-01 9.6904813e-01 1.1521507e+00
1.9102102e+01 7.6979551e-01 9.6598666e-01 1.1498438e+00
1.9126126e+01 7.6617263e-01 9.6288608e-01 1.1475623e+00
1.9150150e+01 7.6211863e-01 9.5968843e-01 1.1457677e+00
1.9174174e+01 7.5821631e-01 9.5626805e-01 1.1437363e+00
1.9198198e+01 7.5376985e-01 9.5283073e-01 1.1413316e+00
1.9222222e+01 7.4973655e-01 9.4909733e-01 1.1390028e+00
1.9246246e+01 7.4561005e-01 9.4553954e-01 1.1367821e+00
1.9270270e+01 7.4114348e-01 9.4155576e-01 1.1342913e+00
1.9294294e+01 7.3623551e-01 9.3757510e-01 1.1320399e+00
1.9318318e+01 7.3130518e-01 9.3325889e-01 1.1292499e+00
1.9342342e+01 7.2639149e-01 9.2897678e-01 1.1259835e+00
1.9366366e+01 7.2120743e-01 9.2468229e-01 1.1227352e+00
1.9390390e+01 7.1566163e-01 9.2002046e-01 1.1195517e+00
1.9414414e+01 7.1054252e-01 9.1537678e-01 1.1156500e+00
1.9438438e+01 7.0503726e-01 9.1059615e-01 1.1114740e+00
1.9462462e+01 6.9926452e-01 9.0602942e-01 1.1078125e+00
1.9486486e+01 6.9375308e-01 9.0128768e-01 1.1039050e+00
1.9510511e+01 6.8846569e-01 8.9626512e-01 1.1001466e+00
1.9534535e+01 6.8270157e-01 8.9104957e-01 1.0957531e+00
1.9558559e+01 6.7666279e-01 8.8547195e-01 1.0914687e+00
1.9582583e+01 6.7065643e-01 8.8001194e-01 1.0871409e+00
1.9606607e+01 6.6471275e-01 8.7489367e-01 1.0822170e+00
1.9630631e+01 6.5845454e-01 8.6954267e-01 1.0778344e+00
1.9654655e+01 6.5185344e-01 8.6409200e-01 1.0730800e+00
1.9678679e+01 6.4569994e-01 8.5804439e-01 1.0683561e+00
1.9702703e+01 6.3971084e-01 8.5225410e-01 1.0635884e+00
1.9726727e+01 6.3350937e-01 8.4598163e-01 1.0581058e+00
1.9750751e+01 6.2709806e-01 8.3986979e-01 1.0524128e+00
1.9774775e+01 6.2006950e-01 8.3361720e-01 1.0466394e+00
1.9798799e+01 6.1288580e-01 8.2744092e-01 1.0412509e+00
1.9822823e+01 6.0622909e-01 8.2092425e-01 1.0357242e+00
1.9846847e+01 5.9921207e-01 8.1439928e-01 1.0305920e+00
1.9870871e+01 5.9167062e-01 8.0778770e-01 1.0247500e+00
1.9894895e+01 5.8450161e-01 8.0128128e-01 1.0189291e+00
1.9918919e+01 5.7714509e-01 7.9460533e-01 1.0132119e+00
1.9942943e+01 5.7005878e-01 7.8783946e-01 1.0074109e+00
1.9966967e+01 5.6332927e-01 7.8101247e-01 1.0009115e+00
1.9990991e+01 5.5662201e-01 7.7380624e-01 9.9411793e-01
2.0015015e+01 5.5051911e-01 7.6701176e-01 9.8698024e-01
2.0039039e+01 5.4407498e-01 7.5976470e-01 9.7972350e-01
2.0063063e+01 5.3751164e-01 7.5249101e-01 9.7181299e-01
2.0087087e+01 5.3095625e-01 7.4491951e-01 9.6416027e-01
2.0111111e+01 5.2412505e-01 7.3735502e-01 9.5664956e-01
2.0135135e+01 5.1762083e-01 7.2978600e-01 9.4896997e-01
2.0159159e+01 5.1061379e-01 7.2208112e-01 9.4110891e-01
2.0183183e+01 5.0344501e-01 7.1433796e-01 9.3393322e-01
2.0207207e+01 4.9610692e-01 7.0654519e-01 9.2572979e-01
2.0231231e+01 4.8875483e-01 6.9863765e-01 9.1741136e-01
2.0255255e+01 4.8159450e-01 6.9055764e-01 9.0924575e-01
2.0279279e+01 4.7427940e-01 6.8256832e-01 9.0113397e-01
2.0303303e+01 4.6723273e-01 6.7447421e-01 8.9284483e-01
2.0327327e+01 4.6013261e-01 6.6659032e-01 8.8426242e-01
2.0351351e+01 4.5291267e-01 6.5835698e-01 8.7551122e-01
2.0375375e+01 4.4622348e-01 6.5025120e-01 8.6688825e-01
2.0399399e+01 4.3908847e-01 6.4212987e-01 8.5850125e-01
2.0423423e+01 4.3209964e-01 6.3405333e-01 8.5024358e-01
2.0447447e+01 4.2493020e-01 6.2606404e-01 8.4140868e-01
2.0471471e+01 4.1768231e-01 6.1803261e-01 8.3226155e-01
2.0495495e+01 4.1060683e-01 6.0961645e-01 8.2281113e-01
2.0519520e+01 4.0378911e-01 6.0132521e-01 8.1343058e-01
2.0543544e+01 3.9700375e-01 5.9336605e-01 8.0429255e-01
2.0567568e+01 3.9006848e-01 5.8510756e-01 7.9516568e-01
2.0591592e+01 3.8309983e-01 5.7705302e-01 7.8576178e-01
2.0615616e+01 3.7628749e-01 5.6884381e-01 7.7620604e-01
2.0639640e+01 3.6969558e-01 5.6071444e-01 7.6654028e-01
2.0663664e+01 3.6294868e-01 5.5219634e-01 7.5712277e-01
2.0687688e+01 3.5620995e-01 5.4413983e-01 7.4753208e-01
2.0711712e+01 3.4958146e-01 5.3574374e-01 7.3754756e-01
2.0735736e+01 3.4323138e-01 5.2771145e-01 7.2795988e-01
2.0759760e+01 3.3674308e-01 5.1944682e-01 7.1839681e-01
2.0783784e+01 3.3014515e-01 5.1152668e-01 7.0865791e-01
2.0807808e+01 3.2362268e-01 5.0327317e-01 6.9873749e-01
2.0831832e+01 3.1699507e-01 4.9487178e-01 6.8911241e-01
2.0855856e+01 3.1061350e-01 4.8684539e-01 6.7936247e-01
2.0879880e+01 3.0425419e-01 4.7885138e-01 6.6925461e-01
2.0903904e+01 2.9795421e-01 4.7086719e-01 6.5941092e-01
2.0927928e+01 2.9168071e-01 4.6260901e-01 6.4963902e-01
2.0951952e+01 2.8541253e-01 4.5471063e-01 6.4007808e-01
2.0975976e+01 2.7934403e-01 4.4672812e-01 6.3057252e-01
2.1000000e+01 2.7350059e-01 4.3889955e-01 6.2075250e-01
2.1024024e+01 2.6749409e-01 4.3101197e-01 6.1102374e-01
2.1048048e+01 2.6149349e-01 4.2320208e-01 6.0129351e-01
2.1072072e+01 2.5552451e-01 4.1518943e-01 5.9132588e-01
2.1096096e+01 2.4972742e-01 4.0719778e-01 5.8143012e-01
2.1120120e+01 2.4387363e-01 3.9920795e-01 5.7138078e-01
2.1144144e+01 2.3809736e-01 3.9157852e-01 5.6163621e-01
2.1168168e+01 2.3258482e-01 3.8387874e-01 5.5172126e-01
2.1192192e+01 2.2702489e-01 3.7636101e-01 5.4182878e-01
2.1216216e+01 2.2153030e-01 3.6888847e-01 5.3217662e-01
2.1240240e+01 2.1624581e-01 3.6141213e-01 5.2259071e-01
2.1264264e+01 2.1100905e-01 3.5397479e-01 5.1278924e-01
2.1288288e+01 2.0574537e-01 3.4659918e-01 5.0332140e-01
2.1312312e+01 2.0069440e-01 3.3949209e-01 4.9395793e-01
2.1336336e+01 1.9568077e-01 3.3227223e-01 4.8451627e-01
2.1360360e+01 1.9076558e-01 3.2537424e-01 4.7526493e-01
2.1384384e+01 1.8583752e-01 3.1836685e-01 4.6604310e-01
2.1408408e+01 1.8091668e-01 3.1146442e-01 4.5691888e-01
2.1432432e+01 1.7633753e-01 3.0464828e-01 4.4778173e-01
2.1456456e+01 1.7180355e-01 2.9783096e-01 4.3890895e-01
2.1480480e+01 1.6720691e-01 2.9114744e-01 4.3000021e-01
2.1504505e+01 1.6286765e-01 2.8466703e-01 4.2085958e-01
2.1528529e+01 1.5848378e-01 2.7824630e-01 4.1200381e-01
2.1552553e+01 1.5417475e-01 2.7172991e-01 4.0317888e-01
2.1576577e+01 1.5003286e-01 2.6527986e-01 3.9450389e-01
2.1600601e+01 1.4590376e-01 2.5900330e-01 3.8585738e-01
2.1624625e+01 1.4187790e-01 2.5273355e-01 3.7744078e-01
2.1648649e+01 1.3783058e-01 2.4657118e-01 3.6907416e-01
2.1672673e+01 1.3405786e-01 2.4053175e-01 3.6073891e-01
2.1696697e+01 1.3042749e-01 2.3455839e-01 3.5265398e-01
2.1720721e+01 1.2655803e-01 2.2862028e-01 3.4462472e-01
2.1744745e+01 1.2296844e-01 2.2283067e-01 3.3663043e-01
2.1768769e+01 1.1940176e-01 2.1720619e-01 3.2867775e-01
2.1792793e+01 1.1583839e-01 2.1154057e-01 3.2094480e-01
2.1816817e+01 1.1236594e-01 2.0585772e-01 3.1309006e-01
2.1840841e+01 1.0899278e-01 2.0042655e-01 3.0539452e-01
2.1864865e+01 1.0559103e-01 1.9507717e-01 2.9785333e-01
2.1888889e+01 1.0227501e-01 1.8987782e-01 2.9038561e-01
2.1912913e+01 9.9182219e-02 1.8466502e-01 2.8313731e-01
2.1936937e+01 9.5960903e-02 1.7963919e-01 2.7593143e-01
2.1960961e+01 9.2805428e-02 1.7459168e-01 2.6881790e-01
2.1984985e+01 8.9857730e-02 1.6966766e-01 2.6183344e-01
2.2009009e+01 8.6876075e-02 1.6492923e-01 2.5504884e-01
2.2033033e+01 8.4056301e-02 1.6019976e-01 2.4831620e-01
2.2057057e+01 8.1223484e-02 1.5561292e-01 2.4176296e-01
2.2081081e+01 7.8490325e-02 1.5100130e-01 2.3524324e-01
2.2105105e+01 7.5757246e-02 1.4644655e-01 2.2883535e-01
2.2129129e+01 7.3173919e-02 1.4204049e-01 2.2256246e-01
2.2153153e+01 7.0607994e-02 1.3772023e-01 2.1633296e-01
2.2177177e+01 6.8077946e-02 1.3360178e-01 2.1018212e-01
2.2201201e+01 6.5635704e-02 1.2945949e-01 2.0422249e-01
2.2225225e+01 6.3218912e-02 1.2548725e-01 1.9839843e-01
2.2249249e+01 6.0937281e-02 1.2154229e-01 1.9258105e-01
2.2273273e+01 5.8693249e-02 1.1768921e-01 1.8699479e-01
2.2297297e+01 5.6522651e-02 1.1398247e-01 1.8155866e-01
2.2321321e+01 5.4431172e-02 1.1035424e-01 1.7619895e-01
2.2345345e+01 5.2419847e-02 1.0679168e-01 1.7088256e-01
2.2369369e+01 5.0425966e-02 1.0335647e-01 1.6576504e-01
2.2393393e+01 4.8471891e-02 1.0000403e-01 1.6081648e-01
2.2417417e+01 4.6595471e-02 9.6683225e-02 1.5585337e-01
2.2441441e+01 4.4776798e-02 9.3461853e-02 1.5094270e-01
2.2465465e+01 4.3028905e-02 9.0358087e-02 1.4628173e-01
2.2489489e+01 4.1328633e-02 8.7309143e-02 1.4162650e-01
2.2513514e+01 3.9676999e-02 8.4347429e-02 1.3715424e-01
2.2537538e+01 3.8085290e-02 8.1478838e-02 1.3274029e-01
2.2561562e+01 3.6544095e-02 7.8675574e-02 1.2845514e-01
2.2585586e+01 3.5036451e-02 7.5971829e-02 1.2429610e-01
2.2609610e+01 3.3607400e-02 7.3345853e-02 1.2021719e-01
2.2633634e+01 3.2211893e-02 7.0791879e-02 1.1630174e-01
2.2657658e+01 3.0884500e-02 6.8267012e-02 1.1239671e-01
2.2681682e+01 2.9592058e-02 6.5854232e-02 1.0864153e-01
2.2705706e+01 2.8351190e-02 6.3493197e-02 1.0499450e-01
2.2729730e+01 2.7145205e-02 6.1203668e-02 1.0141853e-01
2.2753754e+01 2.5996175e-02 5.8950347e-02 9.7957582e-02
2.2777778e+01 2.4885098e-02 5.6757023e-02 9.4576469e-02
2.2801802e+01 2.3819887e-02 5.4666526e-02 9.1245936e-02
2.2825826e+01 2.2785434e-02 5.2642999e-02 8.8058597e-02
2.2849850e+01 2.1790255e-02 5.0676712e-02 8.4905295e-02
2.2873874e+01 2.0830740e-02 4.8783085e-02 8.1882421e-02
2.2897898e+01 1.9905067e-02 4.6920785e-02 7.8948770e-02
2.2921922e+01 1.9011289e-02 4.5136952e-02 7.6059177e-02
2.2945946e+01 1.8157685e-02 4.3415414e-02 7.3279523e-02
2.2969970e+01 1.7331001e-02 4.1720463e-02 7.0605375e-02
2.2993994e+01 1.6542034e-02 4.0098494e-02 6.7991762e-02
2.3018018e+01 1.5780691e-02 3.8543956e-02 6.5429189e-02
2.3042042e+01 1.5049654e-02 3.7019442e-02 6.2943537e-02
2.3066066e+01 1.4349142e-02 3.5559269e-02 6.0556292e-02
2.3090090e+01 1.3674301e-02 3.4139005e-02 5.8210966e-02
2.3114114e+01 1.3035105e-02 3.2761411e-02 5.5962606e-02
2.3138138e+01 1.2412409e-02 3.1423157e-02 5.3786692e-02
2.3162162e+01 1.1818472e-02 3.0131904e-02 5.1686223e-02
2.3186186e+01 1.1253322e-02 2.8908745e-02 4.9654459e-02
2.3210210e+01 1.0708043e-02 2.7713704e-02 4.7679561e-02
2.3234234e+01 1.0187402e-02 2.6560063e-02 4.5772931e-02
2.3258258e+01 9.6949277e-03 2.5445759e-02 4.3922339e-02
2.3282282e+01 9.2192168e-03 2.4372533e-02 4.2134305e-02
2.3306306e+01 8.7624104e-03 2.3340702e-02 4.0421791e-02
2.3330330e+01 8.3266679e-03 2.2341652e-02 3.8758141e-02
2.3354354e+01 7.9118917e-03 2.1386292e-02 3.7151856e-02
2.3378378e+01 7.5147918e-03 2.0466533e-02 3.5594031e-02
2.3402402e+01 7.1362562e-03 1.9570445e-02 3.4104367e-02
2.3426426e+01 6.7756836e-03 1.8718657e-02 3.2670940e-02
2.3450450e+01 6.4291796e-03 1.7897517e-02 3.1292205e-02
2.3474474e+01 6.0980115e-03 1.7106539e-02 2.9943376e-02
2.3498498e+01 5.7819020e-03 1.6347973e-02 2.8657099e-02
2.3522523e+01 5.4818746e-03 1.5616044e-02 2.7411053e-02
2.3546547e+01 5.1975438e-03 1.4914225e-02 2.6212460e-02
2.3570571e+01 4.9234110e-03 1.4234401e-02 2.5054726e-02
2.3594595e+01 4.6623560e-03 1.3592598e-02 2.3952167e-02
2.3618619e+01 4.4150384e-03 1.2966347e-02 2.2894440e-02
2.3642643e+01 4.1810657e-03 1.2369021e-02 2.1875603e-02
2.3666667e+01 3.9548377e-03 1.1797267e-02 2.0888277e-02
2.3690691e+01 3.7394996e-03 1.1247325e-02 1.9945156e-02
2.3714715e+01 3.5363075e-03 1.0721629e-02 1.9038965e-02
2.3738739e+01 3.3438000e-03 1.0214488e-02 1.8156256e-02
2.3762763e+01 3.1612371e-03 9.7292241e-03 1.7312492e-02
2.3786787e+01 2.9856419e-03 9.2615113e-03 1.6512971e-02
2.3810811e+01 2.8183985e-03 8.8171540e-03 1.5743677e-02
2.3834835e+01 2.6601048e-03 8.3885588e-03 1.4999731e-02
2.3858859e+01 2.5108154e-03 7.9803056e-03 1.4291077e-02
2.3882883e+01 2.3697066e-03 7.5944300e-03 1.3606285e-02
2.3906907e+01 2.2337441e-03 7.2186560e-03 1.2952700e-02
2.3930931e+01 2.1060333e-03 6.8613977e-03 1.2323390e-02
2.3954955e+01 1.9854835e-03 6.5175471e-03 1.1722711e-02
2.3978979e+01 1.8713669e-03 6.1921718e-03 1.1149899e-02
2.4003003e+01 1.7612342e-03 5.8801619e-03 1.0599589e-02
2.4027027e+01 1.6597501e-03 5.5818086e-03 1.0075637e-02
2.4051051e+01 1.5629407e-03 5.2984238e-03 9.5739968e-03
2.4075075e+01 1.4706887e-03 5.0288564e-03 9.0949943e-03
2.4099099e+01 1.3834419e-03 4.7693260e-03 8.6382558e-03
2.4123123e+01 1.3016230e-03 4.5238134e-03 8.2010234e-03
2.4147147e+01 1.2239644e-03 4.2886213e-03 7.7863060e-03
2.4171171e+01 1.1510253e-03 4.0621904e-03 7.3879429e-03
2.4195195e+01 1.0816171e-03 3.8486130e-03 7.0076180e-03
2.4219219e+01 1.0157200e-03 3.6436714e-03 6.6434294e-03
2.4243243e+01 9.5399148e-04 3.4503137e-03 6.2990196e-03
2.4267267e+01 8.9597043e-04 3.2650675e-03 5.9710031e-03
2.4291291e+01 8.4111583e-04 3.0914901e-03 5.6586235e-03
2.4315315e+01 7.8936070e-04 2.9244916e-03 5.3582662e-03
2.4339339e+01 7.4045445e-04 2.7660334e-03 5.0730507e-03
2.4363363e+01 6.9443149e-04 2.6144402e-03 4.8022614e-03
2.4387387e+01 6.5108822e-04 2.4701178e-03 4.5427496e-03
2.4411411e+01 6.1020002e-04 2.3340977e-03 4.2963413e-03
2.4435435e+01 5.7168605e-04 2.2047731e-03 4.0611263e-03
2.4459459e+01 5.3560317e-04 2.0820301e-03 3.8390271e-03
2.4483483e+01 5.0142860e-04 1.9650945e-03 3.6281741e-03
2.4507508e+01 4.6949117e-04 1.8548188e-03 3.4270746e-03
2.4531532e+01 4.3938637e-04 1.7488157e-03 3.2363621e-03
2.4555556e+01 4.1074571e-04 1.6484114e-03 3.0550302e-03
2.4579580e+01 3.8388392e-04 1.5544131e-03 2.8843032e-03
2.4603604e+01 3.5881730e-04 1.4650028e-03 2.7220561e-03
2.4627628e+01 3.3518568e-04 1.3804217e-03 2.5681670e-03
2.4651652e+01 3.1308088e-04 1.3006723e-03 2.4215455e-03
2.4675676e+01 2.9239782e-04 1.2246317e-03 2.2823921e-03
2.4699700e+01 2.7296609e-04 1.1530136e-03 2.1505464e-03
2.4723724e+01 2.5457188e-04 1.0846662e-03 2.0266310e-03
2.4747748e+01 2.3733966e-04 1.0205570e-03 1.9080076e-03
2.4771772e+01 2.2145866e-04 9.5984003e-04 1.7968074e-03
2.4795796e+01 2.0649693e-04 9.0217971e-04 1.6916334e-03
2.4819820e+01 1.9247844e-04 8.4810334e-04 1.5917594e-03
2.4843844e+01 1.7934349e-04 7.9646442e-04 1.4973370e-03
2.4867868e+01 1.6709455e-04 7.4801156e-04 1.4077019e-03
2.4891892e+01 1.5567626e-04 7.0238941e-04 1.3231543e-03
2.4915916e+01 1.4492221e-04 6.5920078e-04 1.2436347e-03
2.4939940e+01 1.3483366e-04 6.1821905e-04 1.1681173e-03
2.4963964e+01 1.2543585e-04 5.8009161e-04 1.0973177e-03
2.4987988e+01 1.1668580e-04 5.4399915e-04 1.0301156e-03
2.5012012e+01 1.0850537e-04 5.0995120e-04 9.6680532e-04
2.5036036e+01 1.0086303e-04 4.7788255e-04 9.0708014e-04
2.5060060e+01 9.3710497e-05 4.4770591e-04 8.5076399e-04
2.5084084e+01 8.7026875e-05 4.1946573e-04 7.9772251e-04
2.5108108e+01 8.0811170e-05 3.9263740e-04 7.4755667e-04
2.5132132e+01 7.4982187e-05 3.6745918e-04 7.0026430e-04
2.5156156e+01 6.9562596e-05 3.4375443e-04 6.5619066e-04
2.5180180e+01 6.4513104e-05 3.2164544e-04 6.1438834e-04
2.5204204e+01 5.9845636e-05 3.0079943e-04 5.7503222e-04
2.5228228e+01 5.5491868e-05 2.8121051e-04 5.3811951e-04
2.5252252e+01 5.1446748e-05 2.6286672e-04 5.0346148e-04
2.5276276e+01 4.7658531e-05 2.4561915e-04 4.7087030e-04
2.5300300e+01 4.4129979e-05 2.2944400e-04 4.4024004e-04
2.5324324e+01 4.0859525e-05 2.1420710e-04 4.1143839e-04
2.5348348e+01 3.7829170e-05 1.9997570e-04 3.8445693e-04
2.5372372e+01 3.5007765e-05 1.8657176e-04 3.5894264e-04
2.5396396e+01 3.2377429e-05 1.7404037e-04 3.3512033e-04
2.5420420e+01 2.9945286e-05 1.6236870e-04 3.1297387e-04
2.5444444e+01 2.7686913e-05 1.5135598e-04 2.9213532e-04
2.5468468e+01 2.5608414e-05 1.4108493e-04 2.7261891e-04
2.5492492e+01 2.3652291e-05 1.3142197e-04 2.5427829e-04
2.5516517e+01 2.1850681e-05 1.2245143e-04 2.3713028e-04
2.5540541e+01 2.0176894e-05 1.1403563e-04 2.2101344e-04
2.5564565e+01 1.8633142e-05 1.0613024e-04 2.0587747e-04
2.5588589e+01 1.7188616e-05 9.8782895e-05 1.9179639e-04
2.5612613e+01 1.5859644e-05 9.1874516e-05 1.7858879e-04
2.5636637e+01 1.4626931e-05 8.5427791e-05 1.6620518e-04
2.5660661e+01 1.3479906e-05 7.9391481e-05 1.5470274e-04
2.5684685e+01 1.2424721e-05 7.3810579e-05 1.4393152e-04
2.5708709e+01 1.1449783e-05 6.8591827e-05 1.3383695e-04
2.5732733e+01 1.0545909e-05 6.3681890e-05 1.2445822e-04
2.5756757e+01 9.7085165e-06 5.9129332e-05 1.1567186e-04
2.5780781e+01 8.9392655e-06 5.4867602e-05 1.0747496e-04
2.5804805e+01 8.2226466e-06 5.0907075e-05 9.9808945e-05
2.5828829e+01 7.5613160e-06 4.7216574e-05 9.2662915e-05
2.5852853e+01 6.9535733e-06 4.3791733e-05 8.6019471e-05
2.5876877e+01 6.3930671e-06 4.0571323e-05 7.9823953e-05
2.5900901e+01 5.8744584e-06 3.7600146e-05 7.4055508e-05
2.5924925e+01 5.3945827e-06 3.4833420e-05 6.8675922e-05
2.5948949e+01 4.9515686e-06 3.2265299e-05 6.3655989e-05
2.5972973e+01 4.5443414e-06 2.9885656e-05 5.8979324e-05
2.5996997e+01 4.1706997e-06 2.7650633e-05 5.4630609e-05
2.6021021e+01 3.8268314e-06 2.5580799e-05 5.0601407e-05
2.6045045e+01 3.5098822e-06 2.3660713e-05 4.6849058e-05
2.6069069e+01 3.2200150e-06 2.1876939e-05 4.3364055e-05
2.6093093e+01 2.9524846e-06 2.0223252e-05 4.0122737e-05
2.6117117e+01 2.7048233e-06 1.8686134e-05 3.7107142e-05
2.6141141e+01 2.4773470e-06 1.7262711e-05 3.4306632e-05
2.6165165e+01 2.2674339e-06 1.5942596e-05 3.1712042e-05
2.6189189e+01 2.0744724e-06 1.4716282e-05 2.9312453e-05
2.6213213e+01 1.8985036e-06 1.3577758e-05 2.7084152e-05
2.6237237e+01 1.7364762e-06 1.2525884e-05 2.5023374e-05
2.6261261e+01 1.5878846e-06 1.1546705e-05 2.3098834e-05
2.6285285e+01 1.4515000e-06 1.0643379e-05 2.1324001e-05
2.6309309e+01 1.3269477e-06 9.8080200e-06 1.9670517e-05
2.6333333e+01 1.2124536e-06 9.0382049e-06 1.8147984e-05
2.6357357e+01 1.1074707e-06 8.3251793e-06 1.6736071e-05
2.6381381e+01 1.0112776e-06 7.6665402e-06 1.5428097e-05
2.6405405e+01 9.2331140e-07 7.0572554e-06 1.4218536e-05
2.6429429e+01 8.4269497e-07 6.4941946e-06 1.3102427e-05
2.6453453e+01 7.6889153e-07 5.9739714e-06 1.2067274e-05
2.6477477e+01 7.0095011e-07 5.4929260e-06 1.1107934e-05
2.6501502e+01 6.3886514e-07 5.0508631e-06 1.0223550e-05
2.6525526e+01 5.8190861e-07 4.6434950e-06 9.4078815e-06
2.6549550e+01 5.2968226e-07 4.2674187e-06 8.6522448e-06
2.6573574e+01 4.8229639e-07 3.9207874e-06 7.9547514e-06
2.6597598e+01 4.3910177e-07 3.6004353e-06 7.3108793e-06
2.6621622e+01 3.9965120e-07 3.3049785e-06 6.7211524e-06
2.6645646e+01 3.6362351e-07 3.0335422e-06 6.1766494e-06
2.6669670e+01 3.3070827e-07 2.7841400e-06 5.6722349e-06
2.6693694e+01 3.0062933e-07 2.5526195e-06 5.2049298e-06
2.6717718e+01 2.7325869e-07 2.3404393e-06 4.7771632e-06
2.6741742e+01 2.4836499e-07 2.1448823e-06 4.3833217e-06
2.6765766e+01 2.2559759e-07 1.9655644e-06 4.0220715e-06
2.6789790e+01 2.0489821e-07 1.8002528e-06 3.6880647e-06
2.6813814e+01 1.8597996e-07 1.6486022e-06 3.3810050e-06
2.6837838e+01 1.6871897e-07 1.5085521e-06 3.0979064e-06
2.6861862e+01 1.5307182e-07 1.3806126e-06 2.8390085e-06
2.6885886e+01 1.3883879e-07 1.2630376e-06 2.6009553e-06
2.6909910e+01 1.2588519e-07 1.1549909e-06 2.3805054e-06
2.6933934e+01 1.1413764e-07 1.0559267e-06 2.1788263e-06
2.6957958e+01 1.0342814e-07 9.6512517e-07 1.9933663e-06
2.6981982e+01 9.3661934e-08 8.8168424e-07 1.8235415e-06
2.7006006e+01 8.4793893e-08 8.0515209e-07 1.6671603e-06
2.7030030e+01 7.6767871e-08 7.3520738e-07 1.5236920e-06
2.7054054e+01 6.9468059e-08 6.7092258e-07 1.3918665e-06
2.7078078e+01 6.2840469e-08 6.1226964e-07 1.2709104e-06
2.7102102e+01 5.6796953e-08 5.5858934e-07 1.1608752e-06
2.7126126e+01 5.1334297e-08 5.0935357e-07 1.0595158e-06
2.7150150e+01 4.6390880e-08 4.6442316e-07 9.6671570e-07
2.7174174e+01 4.1900319e-08 4.2328200e-07 8.8207421e-07
2.7198198e+01 3.7849883e-08 3.8567136e-07 8.0420371e-07
2.7222222e+01 3.4179850e-08 3.5120373e-07 7.3299643e-07
2.7246246e+01 3.0847467e-08 3.1981473e-07 6.6824276e-07
2.7270270e+01 2.7839499e-08 2.9099337e-07 6.0875399e-07
2.7294294e+01 2.5116848e-08 2.6474725e-07 5.5432963e-07
2.7318318e+01 2.2646413e-08 2.4087817e-07 5.0472555e-07
2.7342342e+01 2.0417941e-08 2.1898892e-07 4.5951190e-07
2.7366366e+01 1.8393381e-08 1.9902254e-07 4.1802605e-07
2.7390390e+01 1.6566182e-08 1.8086441e-07 3.8023477e-07
2.7414414e+01 1.4926513e-08 1.6428806e-07 3.4581403e-07
2.7438438e+01 1.3445708e-08 1.4917632e-07 3.1434384e-07
2.7462462e+01 1.2102775e-08 1.3544493e-07 2.8578195e-07
2.7486486e+01 1.0880166e-08 1.2296311e-07 2.5964900e-07
2.7510511e+01 9.7809115e-09 1.1155981e-07 2.3580929e-07
2.7534535e+01 8.7890175e-09 1.0117343e-07 2.1400490e-07
2.7558559e+01 7.9012328e-09 9.1717474e-08 1.9423357e-07
2.7582583e+01 7.0972848e-09 8.3102600e-08 1.7624030e-07
2.7606607e+01 6.3760600e-09 7.5274022e-08 1.5976660e-07
2.7630631e+01 5.7258601e-09 6.8161483e-08 1.4483826e-07
2.7654655e+01 5.1416281e-09 6.1713950e-08 1.3123854e-07
2.7678679e+01 4.6149736e-09 5.5860915e-08 1.1892296e-07
2.7702703e+01 4.1402323e-09 5.0542083e-08 1.0769718e-07
2.7726727e+01 3.7140638e-09 4.5729467e-08 9.7524383e-08
2.7750751e+01 3.3291596e-09 4.1357979e-08 8.8278973e-08
2.7774775e+01 2.9824805e-09 3.7386621e-08 7.9915659e-08
2.7798799e+01 2.6723537e-09 3.3785899e-08 7.2285260e-08
2.7822823e+01 2.3938831e-09 3.0519467e-08 6.5385768e-08
2.7846847e+01 2.1445724e-09 2.7566278e-08 5.9140584e-08
2.7870871e+01 1.9190033e-09 2.4890080e-08 5.3464183e-08
2.7894895e+01 1.7165223e-09 2.2468804e-08 4.8306384e-08
2.7918919e+01 1.5350907e-09 2.0280309e-08 4.3629168e-08
2.7942943e+01 1.3727959e-09 1.8294195e-08 3.9394724e-08
2.7966967e+01 1.2272973e-09 1.6500866e-08 3.5560082e-08
2.7990991e+01 1.0965905e-09 1.4876293e-08 3.2101067e-08
2.8015015e+01 9.7930764e-10 1.3402810e-08 2.8960630e-08
2.8039039e+01 8.7412922e-10 1.2075504e-08 2.6119592e-08
2.8063063e+01 7.8014545e-10 1.0875889e-08 2.3545782e-08
2.8087087e+01 6.9605324e-10 9.7923823e-09 2.1221083e-08
2.8111111e+01 6.2092769e-10 8.8130829e-09 1.9125412e-08
2.8135135e+01 5.5373024e-10 7.9298276e-09 1.7231064e-08
2.8159159e+01 4.9357363e-10 7.1320444e-09 1.5512341e-08
2.8183183e+01 4.3991291e-10 6.4134816e-09 1.3959416e-08
2.8207207e+01 3.9217100e-10 5.7663546e-09 1.2563271e-08
2.8231231e+01 3.4952405e-10 5.1826162e-09 1.1298484e-08
2.8255255e+01 3.1126985e-10 4.6551561e-09 1.0158345e-08
2.8279279e+01 2.7707738e-10 4.1805988e-09 9.1345984e-09
2.8303303e+01 2.4667377e-10 3.7530118e-09 8.2093908e-09
2.8327327e+01 2.1946849e-10 3.3688120e-09 7.3782786e-09
2.8351351e+01 1.9514566e-10 3.0215927e-09 6.6270547e-09
2.8375375e+01 1.7346158e-10 2.7107264e-09 5.9497400e-09
2.8399399e+01 1.5418914e-10 2.4293916e-09 5.3411564e-09
2.8423423e+01 1.3689851e-10 2.1781775e-09 4.7922036e-09
2.8447447e+01 1.2157635e-10 1.9520177e-09 4.2995560e-09
2.8471471e+01 1.0799494e-10 1.7482870e-09 3.8553134e-09
2.8495495e+01 9.5860148e-11 1.5654036e-09 3.4561881e-09
2.8519520e+01 8.5019848e-11 1.4014779e-09 3.0976436e-09
2.8543544e+01 7.5450903e-11 1.2541554e-09 2.7745842e-09
2.8567568e+01 6.6910969e-11 1.1217518e-09 2.4849932e-09
2.8591592e+01 5.9303340e-11 1.0033016e-09 2.2257659e-09
2.8615616e+01 5.2556566e-11 8.9677386e-10 1.9920504e-09
2.8639640e+01 4.6530324e-11 8.0133587e-10 1.7823363e-09
2.8663664e+01 4.1203270e-11 7.1587470e-10 1.5940510e-09
2.8687688e+01 3.6506293e-11 6.3940706e-10 1.4249245e-09
2.8711712e+01 3.2303557e-11 5.7089487e-10 1.2739876e-09
2.8735736e+01 2.8563929e-11 5.0954980e-10 1.1384223e-09
2.8759760e+01 2.5264927e-11 4.5466315e-10 1.0171645e-09
2.8783784e+01 2.2350450e-11 4.0574455e-10 9.0856152e-10
2.8807808e+01 1.9745746e-11 3.6186215e-10 8.1123748e-10
2.8831832e+01 1.7444539e-11 3.2264371e-10 7.2388190e-10
2.8855856e+01 1.5417588e-11 2.8740962e-10 6.4570954e-10
2.8879880e+01 1.3616627e-11 2.5600856e-10 5.7587581e-10
2.8903904e+01 1.2012517e-11 2.2802111e-10 5.1347824e-10
2.8927928e+01 1.0607366e-11 2.0297553e-10 4.5759801e-10
2.8951952e+01 9.3575356e-12 1.8061722e-10 4.0774364e-10
2.8975976e+01 8.2558324e-12 1.6071550e-10 3.6315678e-10
2.9000000e+01 7.2766019e-12 1.4289068e-10 3.2323547e-10
