X KDE_INF KDE_MED KDE_SUP
0.0000000e+00 7.0779219e-01 7.9557088e-01 8.7581361e-01
3.0030030e-03 7.1541039e-01 8.0273466e-01 8.8224285e-01
6.0060060e-03 7.2294903e-01 8.0966548e-01 8.8859844e-01
9.0090090e-03 7.3042827e-01 8.1657925e-01 8.9496523e-01
1.2012012e-02 7.3781146e-01 8.2346220e-01 9.0115748e-01
1.5015015e-02 7.4515467e-01 8.3024859e-01 9.0706516e-01
1.8018018e-02 7.5233043e-01 8.3693077e-01 9.1311862e-01
2.1021021e-02 7.5966190e-01 8.4347838e-01 9.1891876e-01
2.4024024e-02 7.6677430e-01 8.5001059e-01 9.2472596e-01
2.7027027e-02 7.7382523e-01 8.5635629e-01 9.3022745e-01
3.0030030e-02 7.8090053e-01 8.6256693e-01 9.3567879e-01
3.3033033e-02 7.8770590e-01 8.6882142e-01 9.4091321e-01
3.6036036e-02 7.9449190e-01 8.7475751e-01 9.4595603e-01
3.9039039e-02 8.0115564e-01 8.8083551e-01 9.5100164e-01
4.2042042e-02 8.0782530e-01 8.8657442e-01 9.5590483e-01
4.5045045e-02 8.1430077e-01 8.9248336e-01 9.6062536e-01
4.8048048e-02 8.2081368e-01 8.9816707e-01 9.6523747e-01
5.1051051e-02 8.2699116e-01 9.0373250e-01 9.6967085e-01
5.4054054e-02 8.3324732e-01 9.0914706e-01 9.7397088e-01
5.7057057e-02 8.3930874e-01 9.1430109e-01 9.7824253e-01
6.0060060e-02 8.4524877e-01 9.1948007e-01 9.8227470e-01
6.3063063e-02 8.5136115e-01 9.2435624e-01 9.8627693e-01
6.6066066e-02 8.5705179e-01 9.2921434e-01 9.8994398e-01
6.9069069e-02 8.6279303e-01 9.3394350e-01 9.9352702e-01
7.2072072e-02 8.6832323e-01 9.3859267e-01 9.9692547e-01
7.5075075e-02 8.7382255e-01 9.4286231e-01 1.0001366e+00
7.8078078e-02 8.7916785e-01 9.4705826e-01 1.0032527e+00
8.1081081e-02 8.8435792e-01 9.5114109e-01 1.0062360e+00
8.4084084e-02 8.8925025e-01 9.5511090e-01 1.0090644e+00
8.7087087e-02 8.9406417e-01 9.5887617e-01 1.0117971e+00
9.0090090e-02 8.9880437e-01 9.6261595e-01 1.0144270e+00
9.3093093e-02 9.0345977e-01 9.6615416e-01 1.0169399e+00
9.6096096e-02 9.0797921e-01 9.6957133e-01 1.0192765e+00
9.9099099e-02 9.1226442e-01 9.7278286e-01 1.0213257e+00
1.0210210e-01 9.1632562e-01 9.7572614e-01 1.0233458e+00
1.0510511e-01 9.2031793e-01 9.7854332e-01 1.0251013e+00
1.0810811e-01 9.2417454e-01 9.8118383e-01 1.0266806e+00
1.1111111e-01 9.2787263e-01 9.8366721e-01 1.0279745e+00
1.1411411e-01 9.3133279e-01 9.8594766e-01 1.0291854e+00
1.1711712e-01 9.3466036e-01 9.8804263e-01 1.0301830e+00
1.2012012e-01 9.3790678e-01 9.9001607e-01 1.0310804e+00
1.2312312e-01 9.4092341e-01 9.9174895e-01 1.0317064e+00
1.2612613e-01 9.4373078e-01 9.9325437e-01 1.0322372e+00
1.2912913e-01 9.4641687e-01 9.9467787e-01 1.0327762e+00
1.3213213e-01 9.4843571e-01 9.9583888e-01 1.0332448e+00
1.3513514e-01 9.5055828e-01 9.9691243e-01 1.0335554e+00
1.3813814e-01 9.5251939e-01 9.9790917e-01 1.0336511e+00
1.4114114e-01 9.5432915e-01 9.9858579e-01 1.0336526e+00
1.4414414e-01 9.5585419e-01 9.9921989e-01 1.0335066e+00
1.4714715e-01 9.5725281e-01 9.9961392e-01 1.0334084e+00
1.5015015e-01 9.5816700e-01 9.9989119e-01 1.0330935e+00
1.5315315e-01 9.5905134e-01 1.0000000e+00 1.0327012e+00
1.5615616e-01 9.5957331e-01 9.9990493e-01 1.0322142e+00
1.5915916e-01 9.5987901e-01 9.9972638e-01 1.0314971e+00
1.6216216e-01 9.6001461e-01 9.9931774e-01 1.0307995e+00
1.6516517e-01 9.5974202e-01 9.9878697e-01 1.0300571e+00
1.6816817e-01 9.5933655e-01 9.9808988e-01 1.0291632e+00
1.7117117e-01 9.5852919e-01 9.9725410e-01 1.0281264e+00
1.7417417e-01 9.5777611e-01 9.9622656e-01 1.0271505e+00
1.7717718e-01 9.5673460e-01 9.9502211e-01 1.0259533e+00
1.8018018e-01 9.5544644e-01 9.9363838e-01 1.0248095e+00
1.8318318e-01 9.5383017e-01 9.9222063e-01 1.0235017e+00
1.8618619e-01 9.5191818e-01 9.9065638e-01 1.0221664e+00
1.8918919e-01 9.4956354e-01 9.8883804e-01 1.0207695e+00
1.9219219e-01 9.4740402e-01 9.8691377e-01 1.0192520e+00
1.9519520e-01 9.4476413e-01 9.8492516e-01 1.0175482e+00
1.9819820e-01 9.4188322e-01 9.8261212e-01 1.0157343e+00
2.0120120e-01 9.3892763e-01 9.8026821e-01 1.0140625e+00
2.0420420e-01 9.3558403e-01 9.7770659e-01 1.0120754e+00
2.0720721e-01 9.3197457e-01 9.7514374e-01 1.0100278e+00
2.1021021e-01 9.2827399e-01 9.7240682e-01 1.0080113e+00
2.1321321e-01 9.2438815e-01 9.6936091e-01 1.0058114e+00
2.1621622e-01 9.2017949e-01 9.6616307e-01 1.0036496e+00
2.1921922e-01 9.1598404e-01 9.6287798e-01 1.0010399e+00
2.2222222e-01 9.1156011e-01 9.5930788e-01 9.9851580e-01
2.2522523e-01 9.0673507e-01 9.5575124e-01 9.9586790e-01
2.2822823e-01 9.0196588e-01 9.5201724e-01 9.9320505e-01
2.3123123e-01 8.9674202e-01 9.4801873e-01 9.9039804e-01
2.3423423e-01 8.9163319e-01 9.4395232e-01 9.8742018e-01
2.3723724e-01 8.8618628e-01 9.3970085e-01 9.8432371e-01
2.4024024e-01 8.8056056e-01 9.3516985e-01 9.8109965e-01
2.4324324e-01 8.7498164e-01 9.3067292e-01 9.7760840e-01
2.4624625e-01 8.6915547e-01 9.2603873e-01 9.7421607e-01
2.4924925e-01 8.6330012e-01 9.2118673e-01 9.7053489e-01
2.5225225e-01 8.5720688e-01 9.1636277e-01 9.6674984e-01
2.5525526e-01 8.5097648e-01 9.1130705e-01 9.6287066e-01
2.5825826e-01 8.4466867e-01 9.0621244e-01 9.5915294e-01
2.6126126e-01 8.3808797e-01 9.0081324e-01 9.5501259e-01
2.6426426e-01 8.3167141e-01 8.9530591e-01 9.5087030e-01
2.6726727e-01 8.2508491e-01 8.8974398e-01 9.4654701e-01
2.7027027e-01 8.1830547e-01 8.8403188e-01 9.4204038e-01
2.7327327e-01 8.1150866e-01 8.7825158e-01 9.3742428e-01
2.7627628e-01 8.0462001e-01 8.7235726e-01 9.3278849e-01
2.7927928e-01 7.9766015e-01 8.6636072e-01 9.2799812e-01
2.8228228e-01 7.9057200e-01 8.6023330e-01 9.2311692e-01
2.8528529e-01 7.8335559e-01 8.5397870e-01 9.1797827e-01
2.8828829e-01 7.7606988e-01 8.4767463e-01 9.1276099e-01
2.9129129e-01 7.6883176e-01 8.4125541e-01 9.0743389e-01
2.9429429e-01 7.6144683e-01 8.3481967e-01 9.0194714e-01
2.9729730e-01 7.5401224e-01 8.2826484e-01 8.9639737e-01
3.0030030e-01 7.4657086e-01 8.2141803e-01 8.9082312e-01
3.0330330e-01 7.3887137e-01 8.1469493e-01 8.8519017e-01
3.0630631e-01 7.3122334e-01 8.0787769e-01 8.7935198e-01
3.0930931e-01 7.2356653e-01 8.0090801e-01 8.7362224e-01
3.1231231e-01 7.1568833e-01 7.9382001e-01 8.6753780e-01
3.1531532e-01 7.0793054e-01 7.8667782e-01 8.6141211e-01
3.1831832e-01 7.0005695e-01 7.7959217e-01 8.5529059e-01
3.2132132e-01 6.9203850e-01 7.7236398e-01 8.4897506e-01
3.2432432e-01 6.8391725e-01 7.6499777e-01 8.4257776e-01
3.2732733e-01 6.7608293e-01 7.5768153e-01 8.3620838e-01
3.3033033e-01 6.6824888e-01 7.5031186e-01 8.2956849e-01
3.3333333e-01 6.6029313e-01 7.4279160e-01 8.2291328e-01
3.3633634e-01 6.5226324e-01 7.3531458e-01 8.1610624e-01
3.3933934e-01 6.4424133e-01 7.2771200e-01 8.0936705e-01
3.4234234e-01 6.3624076e-01 7.2015644e-01 8.0232257e-01
3.4534535e-01 6.2826743e-01 7.1255072e-01 7.9541516e-01
3.4834835e-01 6.2030769e-01 7.0489122e-01 7.8840438e-01
3.5135135e-01 6.1224259e-01 6.9705670e-01 7.8117302e-01
3.5435435e-01 6.0413029e-01 6.8926531e-01 7.7393943e-01
3.5735736e-01 5.9608476e-01 6.8152359e-01 7.6669605e-01
3.6036036e-01 5.8794850e-01 6.7371800e-01 7.5953876e-01
3.6336336e-01 5.7983719e-01 6.6592772e-01 7.5218219e-01
3.6636637e-01 5.7179146e-01 6.5804095e-01 7.4488049e-01
3.6936937e-01 5.6374141e-01 6.5022511e-01 7.3755585e-01
3.7237237e-01 5.5574670e-01 6.4237425e-01 7.3018152e-01
3.7537538e-01 5.4773704e-01 6.3443403e-01 7.2270286e-01
3.7837838e-01 5.3970697e-01 6.2651690e-01 7.1519446e-01
3.8138138e-01 5.3177908e-01 6.1856965e-01 7.0754590e-01
3.8438438e-01 5.2389440e-01 6.1069885e-01 6.9985860e-01
3.8738739e-01 5.1600934e-01 6.0269663e-01 6.9224586e-01
3.9039039e-01 5.0814171e-01 5.9486733e-01 6.8459153e-01
3.9339339e-01 5.0026211e-01 5.8689952e-01 6.7698094e-01
3.9639640e-01 4.9246534e-01 5.7908154e-01 6.6919508e-01
3.9939940e-01 4.8473752e-01 5.7124869e-01 6.6154417e-01
4.0240240e-01 4.7688277e-01 5.6355790e-01 6.5383171e-01
4.0540541e-01 4.6921148e-01 5.5567738e-01 6.4605766e-01
4.0840841e-01 4.6159759e-01 5.4786718e-01 6.3824722e-01
4.1141141e-01 4.5399816e-01 5.4014305e-01 6.3038824e-01
4.1441441e-01 4.4633266e-01 5.3231302e-01 6.2257416e-01
4.1741742e-01 4.3885487e-01 5.2460768e-01 6.1479175e-01
4.2042042e-01 4.3139532e-01 5.1687251e-01 6.0692310e-01
4.2342342e-01 4.2389679e-01 5.0908325e-01 5.9916751e-01
4.2642643e-01 4.1655223e-01 5.0147866e-01 5.9149779e-01
4.2942943e-01 4.0934288e-01 4.9377440e-01 5.8366686e-01
4.3243243e-01 4.0203026e-01 4.8612551e-01 5.7576843e-01
4.3543544e-01 3.9489890e-01 4.7845755e-01 5.6798845e-01
4.3843844e-01 3.8782838e-01 4.7092272e-01 5.6027022e-01
4.4144144e-01 3.8081816e-01 4.6338868e-01 5.5257371e-01
4.4444444e-01 3.7382143e-01 4.5601108e-01 5.4481645e-01
4.4744745e-01 3.6686851e-01 4.4861713e-01 5.3712553e-01
4.5045045e-01 3.6006992e-01 4.4127309e-01 5.2948000e-01
4.5345345e-01 3.5325063e-01 4.3398070e-01 5.2183685e-01
4.5645646e-01 3.4654086e-01 4.2672596e-01 5.1413114e-01
4.5945946e-01 3.3982725e-01 4.1953224e-01 5.0634554e-01
4.6246246e-01 3.3325055e-01 4.1243115e-01 4.9884107e-01
4.6546547e-01 3.2668791e-01 4.0533905e-01 4.9126799e-01
4.6846847e-01 3.2020007e-01 3.9830295e-01 4.8374691e-01
4.7147147e-01 3.1380788e-01 3.9127485e-01 4.7632484e-01
4.7447447e-01 3.0750727e-01 3.8433926e-01 4.6887881e-01
4.7747748e-01 3.0130288e-01 3.7746955e-01 4.6151632e-01
4.8048048e-01 2.9508263e-01 3.7074593e-01 4.5418710e-01
4.8348348e-01 2.8900097e-01 3.6410566e-01 4.4683985e-01
4.8648649e-01 2.8300113e-01 3.5742466e-01 4.3953822e-01
4.8948949e-01 2.7707677e-01 3.5081522e-01 4.3229587e-01
4.9249249e-01 2.7116174e-01 3.4425636e-01 4.2527813e-01
4.9549550e-01 2.6541778e-01 3.3773867e-01 4.1823247e-01
4.9849850e-01 2.5958347e-01 3.3133472e-01 4.1117103e-01
5.0150150e-01 2.5402236e-01 3.2501634e-01 4.0420433e-01
5.0450450e-01 2.4850649e-01 3.1873877e-01 3.9728234e-01
5.0750751e-01 2.4304031e-01 3.1257037e-01 3.9031512e-01
5.1051051e-01 2.3757812e-01 3.0640623e-01 3.8358087e-01
5.1351351e-01 2.3218006e-01 3.0031821e-01 3.7683196e-01
5.1651652e-01 2.2699767e-01 2.9425840e-01 3.7019369e-01
5.1951952e-01 2.2184044e-01 2.8828878e-01 3.6356821e-01
5.2252252e-01 2.1675317e-01 2.8245098e-01 3.5711927e-01
5.2552553e-01 2.1178814e-01 2.7665865e-01 3.5062218e-01
5.2852853e-01 2.0684380e-01 2.7093217e-01 3.4415016e-01
5.3153153e-01 2.0199727e-01 2.6531350e-01 3.3785598e-01
5.3453453e-01 1.9723891e-01 2.5976089e-01 3.3150553e-01
5.3753754e-01 1.9250593e-01 2.5429173e-01 3.2533658e-01
5.4054054e-01 1.8789078e-01 2.4887383e-01 3.1920776e-01
5.4354354e-01 1.8334711e-01 2.4349343e-01 3.1310511e-01
5.4654655e-01 1.7887725e-01 2.3819740e-01 3.0708568e-01
5.4954955e-01 1.7450870e-01 2.3301182e-01 3.0107798e-01
5.5255255e-01 1.7019856e-01 2.2788441e-01 2.9510118e-01
5.5555556e-01 1.6597193e-01 2.2282008e-01 2.8924288e-01
5.5855856e-01 1.6178313e-01 2.1795627e-01 2.8347791e-01
5.6156156e-01 1.5772564e-01 2.1306818e-01 2.7775958e-01
5.6456456e-01 1.5371097e-01 2.0818867e-01 2.7206319e-01
5.6756757e-01 1.4979180e-01 2.0345117e-01 2.6650943e-01
5.7057057e-01 1.4591399e-01 1.9872710e-01 2.6094101e-01
5.7357357e-01 1.4213189e-01 1.9411350e-01 2.5544119e-01
5.7657658e-01 1.3841196e-01 1.8960584e-01 2.5003853e-01
5.7957958e-01 1.3481535e-01 1.8517991e-01 2.4478847e-01
5.8258258e-01 1.3124292e-01 1.8078405e-01 2.3961676e-01
5.8558559e-01 1.2775499e-01 1.7652348e-01 2.3451696e-01
5.8858859e-01 1.2430719e-01 1.7228646e-01 2.2946282e-01
5.9159159e-01 1.2097733e-01 1.6815562e-01 2.2449632e-01
5.9459459e-01 1.1772524e-01 1.6409190e-01 2.1957708e-01
5.9759760e-01 1.1452375e-01 1.6007586e-01 2.1475499e-01
6.0060060e-01 1.1138619e-01 1.5613738e-01 2.0992690e-01
6.0360360e-01 1.0830939e-01 1.5226899e-01 2.0525232e-01
6.0660661e-01 1.0530256e-01 1.4845483e-01 2.0055847e-01
6.0960961e-01 1.0229291e-01 1.4475165e-01 1.9604915e-01
6.1261261e-01 9.9401828e-02 1.4108415e-01 1.9152334e-01
6.1561562e-01 9.6553120e-02 1.3751279e-01 1.8705190e-01
6.1861862e-01 9.3790785e-02 1.3396406e-01 1.8271349e-01
6.2162162e-01 9.1102125e-02 1.3052430e-01 1.7849007e-01
6.2462462e-01 8.8428052e-02 1.2714196e-01 1.7425738e-01
6.2762763e-01 8.5864970e-02 1.2385673e-01 1.7010708e-01
6.3063063e-01 8.3345173e-02 1.2064081e-01 1.6607224e-01
6.3363363e-01 8.0896018e-02 1.1745277e-01 1.6207913e-01
6.3663664e-01 7.8479436e-02 1.1435348e-01 1.5816657e-01
6.3963964e-01 7.6168362e-02 1.1127907e-01 1.5430656e-01
6.4264264e-01 7.3862510e-02 1.0828680e-01 1.5050903e-01
6.4564565e-01 7.1645860e-02 1.0537605e-01 1.4676503e-01
6.4864865e-01 6.9455861e-02 1.0250203e-01 1.4317626e-01
6.5165165e-01 6.7329264e-02 9.9713115e-02 1.3957782e-01
6.5465465e-01 6.5293428e-02 9.6971020e-02 1.3608179e-01
6.5765766e-01 6.3278567e-02 9.4302845e-02 1.3270513e-01
6.6066066e-01 6.1304672e-02 9.1657292e-02 1.2931885e-01
6.6366366e-01 5.9386828e-02 8.9082751e-02 1.2599920e-01
6.6666667e-01 5.7525861e-02 8.6541252e-02 1.2272987e-01
6.6966967e-01 5.5697504e-02 8.4082469e-02 1.1951861e-01
6.7267267e-01 5.3945566e-02 8.1695024e-02 1.1639149e-01
6.7567568e-01 5.2221930e-02 7.9357408e-02 1.1329246e-01
6.7867868e-01 5.0523240e-02 7.7085595e-02 1.1030241e-01
6.8168168e-01 4.8886434e-02 7.4849040e-02 1.0736672e-01
6.8468468e-01 4.7288451e-02 7.2682636e-02 1.0448336e-01
6.8768769e-01 4.5722934e-02 7.0572228e-02 1.0166749e-01
6.9069069e-01 4.4201228e-02 6.8487985e-02 9.8904425e-02
6.9369369e-01 4.2731722e-02 6.6458665e-02 9.6229545e-02
6.9669670e-01 4.1294873e-02 6.4468306e-02 9.3569129e-02
6.9969970e-01 3.9909272e-02 6.2517716e-02 9.1017254e-02
7.0270270e-01 3.8553818e-02 6.0634837e-02 8.8527251e-02
7.0570571e-01 3.7252087e-02 5.8809407e-02 8.6051771e-02
7.0870871e-01 3.5993875e-02 5.7012624e-02 8.3637997e-02
7.1171171e-01 3.4768087e-02 5.5269955e-02 8.1260096e-02
7.1471471e-01 3.3564542e-02 5.3563151e-02 7.8927512e-02
7.1771772e-01 3.2418500e-02 5.1914243e-02 7.6704223e-02
7.2072072e-01 3.1296765e-02 5.0298574e-02 7.4493883e-02
7.2372372e-01 3.0200835e-02 4.8727158e-02 7.2313061e-02
7.2672673e-01 2.9133110e-02 4.7206856e-02 7.0219077e-02
7.2972973e-01 2.8098123e-02 4.5717699e-02 6.8164400e-02
7.3273273e-01 2.7099817e-02 4.4288195e-02 6.6182752e-02
7.3573574e-01 2.6132314e-02 4.2873951e-02 6.4227918e-02
7.3873874e-01 2.5199048e-02 4.1508267e-02 6.2328022e-02
7.4174174e-01 2.4266975e-02 4.0165046e-02 6.0461808e-02
7.4474474e-01 2.3397437e-02 3.8886975e-02 5.8625408e-02
7.4774775e-01 2.2547653e-02 3.7618953e-02 5.6849440e-02
7.5075075e-01 2.1714304e-02 3.6397676e-02 5.5128333e-02
7.5375375e-01 2.0912885e-02 3.5207775e-02 5.3462941e-02
7.5675676e-01 2.0132214e-02 3.4055828e-02 5.1804859e-02
7.5975976e-01 1.9382612e-02 3.2928982e-02 5.0218883e-02
7.6276276e-01 1.8652057e-02 3.1838949e-02 4.8654926e-02
7.6576577e-01 1.7952225e-02 3.0767019e-02 4.7133983e-02
7.6876877e-01 1.7269143e-02 2.9730427e-02 4.5651860e-02
7.7177177e-01 1.6616194e-02 2.8727219e-02 4.4202039e-02
7.7477477e-01 1.5977073e-02 2.7756981e-02 4.2807494e-02
7.7777778e-01 1.5371092e-02 2.6816528e-02 4.1433036e-02
7.8078078e-01 1.4788046e-02 2.5901317e-02 4.0115536e-02
7.8378378e-01 1.4218267e-02 2.5015434e-02 3.8834721e-02
7.8678679e-01 1.3662729e-02 2.4150477e-02 3.7576819e-02
7.8978979e-01 1.3122963e-02 2.3309669e-02 3.6356414e-02
7.9279279e-01 1.2612537e-02 2.2495984e-02 3.5152598e-02
7.9579580e-01 1.2113498e-02 2.1703947e-02 3.3995645e-02
7.9879880e-01 1.1636565e-02 2.0943293e-02 3.2884800e-02
8.0180180e-01 1.1169835e-02 2.0200095e-02 3.1795954e-02
8.0480480e-01 1.0723831e-02 1.9485947e-02 3.0739081e-02
8.0780781e-01 1.0295616e-02 1.8780560e-02 2.9710840e-02
8.1081081e-01 9.8802256e-03 1.8100404e-02 2.8702326e-02
8.1381381e-01 9.4801140e-03 1.7448228e-02 2.7731683e-02
8.1681682e-01 9.0929267e-03 1.6814826e-02 2.6788974e-02
8.1981982e-01 8.7236172e-03 1.6208797e-02 2.5861717e-02
8.2282282e-01 8.3647398e-03 1.5619448e-02 2.4973438e-02
8.2582583e-01 8.0157357e-03 1.5038474e-02 2.4103319e-02
8.2882883e-01 7.6775505e-03 1.4484899e-02 2.3262206e-02
8.3183183e-01 7.3601026e-03 1.3941787e-02 2.2441681e-02
8.3483483e-01 7.0543401e-03 1.3423634e-02 2.1640617e-02
8.3783784e-01 6.7555897e-03 1.2918277e-02 2.0879530e-02
8.4084084e-01 6.4688119e-03 1.2436441e-02 2.0146391e-02
8.4384384e-01 6.1951199e-03 1.1970190e-02 1.9433277e-02
8.4684685e-01 5.9319266e-03 1.1516687e-02 1.8744912e-02
8.4984985e-01 5.6783395e-03 1.1080579e-02 1.8072966e-02
8.5285285e-01 5.4341044e-03 1.0660405e-02 1.7417904e-02
8.5585586e-01 5.2019324e-03 1.0254770e-02 1.6790111e-02
8.5885886e-01 4.9765663e-03 9.8573630e-03 1.6177963e-02
8.6186186e-01 4.7579385e-03 9.4795632e-03 1.5583097e-02
8.6486486e-01 4.5504318e-03 9.1130089e-03 1.5017703e-02
8.6786787e-01 4.3480727e-03 8.7558043e-03 1.4457433e-02
8.7087087e-01 4.1577097e-03 8.4132955e-03 1.3914404e-02
8.7387387e-01 3.9741385e-03 8.0849021e-03 1.3396216e-02
8.7687688e-01 3.7983180e-03 7.7657305e-03 1.2900649e-02
8.7987988e-01 3.6300362e-03 7.4584238e-03 1.2412081e-02
8.8288288e-01 3.4696512e-03 7.1615056e-03 1.1942296e-02
8.8588589e-01 3.3146273e-03 6.8742179e-03 1.1491903e-02
8.8888889e-01 3.1642131e-03 6.5968454e-03 1.1053597e-02
8.9189189e-01 3.0210257e-03 6.3302093e-03 1.0626161e-02
8.9489489e-01 2.8825525e-03 6.0737847e-03 1.0212349e-02
8.9789790e-01 2.7522587e-03 5.8264544e-03 9.8128723e-03
9.0090090e-01 2.6262657e-03 5.5883368e-03 9.4313091e-03
9.0390390e-01 2.5061362e-03 5.3582576e-03 9.0679785e-03
9.0690691e-01 2.3902078e-03 5.1378085e-03 8.7128333e-03
9.0990991e-01 2.2800934e-03 4.9265568e-03 8.3695806e-03
9.1291291e-01 2.1735649e-03 4.7230068e-03 8.0388919e-03
9.1591592e-01 2.0732666e-03 4.5268324e-03 7.7236314e-03
9.1891892e-01 1.9755153e-03 4.3396602e-03 7.4119380e-03
9.2192192e-01 1.8822832e-03 4.1574926e-03 7.1157300e-03
9.2492492e-01 1.7934456e-03 3.9830816e-03 6.8272386e-03
9.2792793e-01 1.7074263e-03 3.8166151e-03 6.5526868e-03
9.3093093e-01 1.6263581e-03 3.6540139e-03 6.2852405e-03
9.3393393e-01 1.5483315e-03 3.4981982e-03 6.0267791e-03
9.3693694e-01 1.4739536e-03 3.3488377e-03 5.7808944e-03
9.3993994e-01 1.4027964e-03 3.2042067e-03 5.5429593e-03
9.4294294e-01 1.3353108e-03 3.0663557e-03 5.3145977e-03
9.4594595e-01 1.2713852e-03 2.9335118e-03 5.0952848e-03
9.4894895e-01 1.2091081e-03 2.8056894e-03 4.8850205e-03
9.5195195e-01 1.1494081e-03 2.6834058e-03 4.6815123e-03
9.5495495e-01 1.0930203e-03 2.5655122e-03 4.4856816e-03
9.5795796e-01 1.0390951e-03 2.4523634e-03 4.2965883e-03
9.6096096e-01 9.8745883e-04 2.3441280e-03 4.1152190e-03
9.6396396e-01 9.3829571e-04 2.2414784e-03 3.9384307e-03
9.6696697e-01 8.9142088e-04 2.1420423e-03 3.7703369e-03
9.6996997e-01 8.4671200e-04 2.0459796e-03 3.6091939e-03
9.7297297e-01 8.0422555e-04 1.9542463e-03 3.4531804e-03
9.7597598e-01 7.6394147e-04 1.8664545e-03 3.3040997e-03
9.7897898e-01 7.2489660e-04 1.7828923e-03 3.1600507e-03
9.8198198e-01 6.8819506e-04 1.7021133e-03 3.0220477e-03
9.8498498e-01 6.5304473e-04 1.6251151e-03 2.8904762e-03
9.8798799e-01 6.1948557e-04 1.5502137e-03 2.7645853e-03
9.9099099e-01 5.8760711e-04 1.4787286e-03 2.6434580e-03
9.9399399e-01 5.5732453e-04 1.4108167e-03 2.5268918e-03
9.9699700e-01 5.2853748e-04 1.3463987e-03 2.4149973e-03
1.0000000e+00 5.0103742e-04 1.2837138e-03 2.3079149e-03
1.0030030e+00 4.7523549e-04 1.2239232e-03 2.2040752e-03
1.0060060e+00 4.5041885e-04 1.1664499e-03 2.1045509e-03
1.0090090e+00 4.2682861e-04 1.1121065e-03 2.0105025e-03
1.0120120e+00 4.0425314e-04 1.0597659e-03 1.9195973e-03
1.0150150e+00 3.8309348e-04 1.0097561e-03 1.8323066e-03
1.0180180e+00 3.6291292e-04 9.6188266e-04 1.7488225e-03
1.0210210e+00 3.4374340e-04 9.1596576e-04 1.6678812e-03
1.0240240e+00 3.2550914e-04 8.7207820e-04 1.5903913e-03
1.0270270e+00 3.0792497e-04 8.3047729e-04 1.5172956e-03
1.0300300e+00 2.9128543e-04 7.9079874e-04 1.4469659e-03
1.0330330e+00 2.7551681e-04 7.5252135e-04 1.3790101e-03
1.0360360e+00 2.6071661e-04 7.1588890e-04 1.3146469e-03
1.0390390e+00 2.4671450e-04 6.8103782e-04 1.2535625e-03
1.0420420e+00 2.3339622e-04 6.4799963e-04 1.1950188e-03
1.0450450e+00 2.2074667e-04 6.1617872e-04 1.1384189e-03
1.0480480e+00 2.0858943e-04 5.8612254e-04 1.0844625e-03
1.0510511e+00 1.9695888e-04 5.5755923e-04 1.0326475e-03
1.0540541e+00 1.8600538e-04 5.3000350e-04 9.8306162e-04
1.0570571e+00 1.7584276e-04 5.0379233e-04 9.3562564e-04
1.0600601e+00 1.6604004e-04 4.7863255e-04 8.9064922e-04
1.0630631e+00 1.5676582e-04 4.5476373e-04 8.4769349e-04
1.0660661e+00 1.4805408e-04 4.3184773e-04 8.0667706e-04
1.0690691e+00 1.3980212e-04 4.1012860e-04 7.6762871e-04
1.0720721e+00 1.3197446e-04 3.8940182e-04 7.2985026e-04
1.0750751e+00 1.2452855e-04 3.6980745e-04 6.9410173e-04
1.0780781e+00 1.1747350e-04 3.5106549e-04 6.6020061e-04
1.0810811e+00 1.1082448e-04 3.3322161e-04 6.2759827e-04
1.0840841e+00 1.0453293e-04 3.1620439e-04 5.9677284e-04
1.0870871e+00 9.8557565e-05 2.9994246e-04 5.6731753e-04
1.0900901e+00 9.2888083e-05 2.8441608e-04 5.3892684e-04
1.0930931e+00 8.7573666e-05 2.6961870e-04 5.1204671e-04
1.0960961e+00 8.2564672e-05 2.5558742e-04 4.8620120e-04
1.0990991e+00 7.7783598e-05 2.4226700e-04 4.6172985e-04
1.1021021e+00 7.3290679e-05 2.2961257e-04 4.3870566e-04
1.1051051e+00 6.9043744e-05 2.1758102e-04 4.1645759e-04
1.1081081e+00 6.5044429e-05 2.0617371e-04 3.9528491e-04
1.1111111e+00 6.1222863e-05 1.9533913e-04 3.7518089e-04
1.1141141e+00 5.7605386e-05 1.8508785e-04 3.5585439e-04
1.1171171e+00 5.4226231e-05 1.7524911e-04 3.3759847e-04
1.1201201e+00 5.1004337e-05 1.6584551e-04 3.2024075e-04
1.1231231e+00 4.7978130e-05 1.5693782e-04 3.0367598e-04
1.1261261e+00 4.5149767e-05 1.4848362e-04 2.8789287e-04
1.1291291e+00 4.2479589e-05 1.4048283e-04 2.7276528e-04
1.1321321e+00 3.9955108e-05 1.3291577e-04 2.5852050e-04
1.1351351e+00 3.7540736e-05 1.2570796e-04 2.4504062e-04
1.1381381e+00 3.5296779e-05 1.1885494e-04 2.3214540e-04
1.1411411e+00 3.3164679e-05 1.1236189e-04 2.1993036e-04
1.1441441e+00 3.1163549e-05 1.0621153e-04 2.0827330e-04
1.1471471e+00 2.9285134e-05 1.0038239e-04 1.9727780e-04
1.1501502e+00 2.7491901e-05 9.4820567e-05 1.8682508e-04
1.1531532e+00 2.5822713e-05 8.9591638e-05 1.7691872e-04
1.1561562e+00 2.4255898e-05 8.4629403e-05 1.6740141e-04
1.1591592e+00 2.2770630e-05 7.9924203e-05 1.5834506e-04
1.1621622e+00 2.1367710e-05 7.5461932e-05 1.4987150e-04
1.1651652e+00 2.0048509e-05 7.1207671e-05 1.4179796e-04
1.1681682e+00 1.8809615e-05 6.7202941e-05 1.3411081e-04
1.1711712e+00 1.7654698e-05 6.3464805e-05 1.2678598e-04
1.1741742e+00 1.6556469e-05 5.9913558e-05 1.1985864e-04
1.1771772e+00 1.5516692e-05 5.6519148e-05 1.1327593e-04
1.1801802e+00 1.4553996e-05 5.3304812e-05 1.0701849e-04
1.1831832e+00 1.3629999e-05 5.0270951e-05 1.0111982e-04
1.1861862e+00 1.2776936e-05 4.7394814e-05 9.5527470e-05
1.1891892e+00 1.1966568e-05 4.4706246e-05 9.0260970e-05
1.1921922e+00 1.1206518e-05 4.2152192e-05 8.5267615e-05
1.1951952e+00 1.0499234e-05 3.9721990e-05 8.0505877e-05
1.1981982e+00 9.8385422e-06 3.7427893e-05 7.5996379e-05
1.2012012e+00 9.2095473e-06 3.5258215e-05 7.1718099e-05
1.2042042e+00 8.6229203e-06 3.3216665e-05 6.7674454e-05
1.2072072e+00 8.0676163e-06 3.1267033e-05 6.3844011e-05
1.2102102e+00 7.5456850e-06 2.9440872e-05 6.0197406e-05
1.2132132e+00 7.0638430e-06 2.7702385e-05 5.6766346e-05
1.2162162e+00 6.6065877e-06 2.6064682e-05 5.3524802e-05
1.2192192e+00 6.1792265e-06 2.4519448e-05 5.0479881e-05
1.2222222e+00 5.7737379e-06 2.3061385e-05 4.7580580e-05
1.2252252e+00 5.3951038e-06 2.1689036e-05 4.4840916e-05
1.2282282e+00 5.0423121e-06 2.0409008e-05 4.2245497e-05
1.2312312e+00 4.7097313e-06 1.9184909e-05 3.9794834e-05
1.2342342e+00 4.3985019e-06 1.8038269e-05 3.7472708e-05
1.2372372e+00 4.1083027e-06 1.6952496e-05 3.5287325e-05
1.2402402e+00 3.8350312e-06 1.5922408e-05 3.3228719e-05
1.2432432e+00 3.5804614e-06 1.4960678e-05 3.1276983e-05
1.2462462e+00 3.3412868e-06 1.4056439e-05 2.9429075e-05
1.2492492e+00 3.1189115e-06 1.3201087e-05 2.7686906e-05
1.2522523e+00 2.9110971e-06 1.2391655e-05 2.6046374e-05
1.2552553e+00 2.7152474e-06 1.1625951e-05 2.4495231e-05
1.2582583e+00 2.5331744e-06 1.0913861e-05 2.3036909e-05
1.2612613e+00 2.3619292e-06 1.0247021e-05 2.1662464e-05
1.2642643e+00 2.2030574e-06 9.6155288e-06 2.0365418e-05
1.2672673e+00 2.0538875e-06 9.0211954e-06 1.9141697e-05
1.2702703e+00 1.9142173e-06 8.4625395e-06 1.7992666e-05
1.2732733e+00 1.7837775e-06 7.9358718e-06 1.6897126e-05
1.2762763e+00 1.6605480e-06 7.4397002e-06 1.5872965e-05
1.2792793e+00 1.5469966e-06 6.9782342e-06 1.4901983e-05
1.2822823e+00 1.4406350e-06 6.5422339e-06 1.3997295e-05
1.2852853e+00 1.3416014e-06 6.1294026e-06 1.3144513e-05
1.2882883e+00 1.2496274e-06 5.7434105e-06 1.2333113e-05
1.2912913e+00 1.1638247e-06 5.3795350e-06 1.1573976e-05
1.2942943e+00 1.0823882e-06 5.0381091e-06 1.0862784e-05
1.2972973e+00 1.0069755e-06 4.7199407e-06 1.0190600e-05
1.3003003e+00 9.3693177e-07 4.4188974e-06 9.5607659e-06
1.3033033e+00 8.7154078e-07 4.1373049e-06 8.9651414e-06
1.3063063e+00 8.0997392e-07 3.8715993e-06 8.4035889e-06
1.3093093e+00 7.5262679e-07 3.6226769e-06 7.8779985e-06
1.3123123e+00 6.9922023e-07 3.3901553e-06 7.3787684e-06
1.3153153e+00 6.4993834e-07 3.1717045e-06 6.9119068e-06
1.3183183e+00 6.0437569e-07 2.9664620e-06 6.4751178e-06
1.3213213e+00 5.6157746e-07 2.7739892e-06 6.0661537e-06
1.3243243e+00 5.2149936e-07 2.5931440e-06 5.6820436e-06
1.3273273e+00 4.8443454e-07 2.4229592e-06 5.3204325e-06
1.3303303e+00 4.4966483e-07 2.2653708e-06 4.9819548e-06
1.3333333e+00 4.1762595e-07 2.1170296e-06 4.6632956e-06
1.3363363e+00 3.8745567e-07 1.9771486e-06 4.3635523e-06
1.3393393e+00 3.5959702e-07 1.8455854e-06 4.0817291e-06
1.3423423e+00 3.3382120e-07 1.7227080e-06 3.8182419e-06
1.3453453e+00 3.0957012e-07 1.6080617e-06 3.5715386e-06
1.3483483e+00 2.8703880e-07 1.5002167e-06 3.3387824e-06
1.3513514e+00 2.6618622e-07 1.4000986e-06 3.1207936e-06
1.3543544e+00 2.4671590e-07 1.3070645e-06 2.9165768e-06
1.3573574e+00 2.2869465e-07 1.2194124e-06 2.7260846e-06
1.3603604e+00 2.1195592e-07 1.1367724e-06 2.5476161e-06
1.3633634e+00 1.9628984e-07 1.0598052e-06 2.3812209e-06
1.3663664e+00 1.8180380e-07 9.8823859e-07 2.2243412e-06
1.3693694e+00 1.6837367e-07 9.2142575e-07 2.0779304e-06
1.3723724e+00 1.5584891e-07 8.5868417e-07 1.9405925e-06
1.3753754e+00 1.4423761e-07 8.0021912e-07 1.8107387e-06
1.3783784e+00 1.3353311e-07 7.4535767e-07 1.6899083e-06
1.3813814e+00 1.2357644e-07 6.9392999e-07 1.5776998e-06
1.3843844e+00 1.1434887e-07 6.4621526e-07 1.4718624e-06
1.3873874e+00 1.0573639e-07 6.0159527e-07 1.3730584e-06
1.3903904e+00 9.7830957e-08 5.6016855e-07 1.2802830e-06
1.3933934e+00 9.0439155e-08 5.2162366e-07 1.1939662e-06
1.3963964e+00 8.3599346e-08 4.8523900e-07 1.1127972e-06
1.3993994e+00 7.7297084e-08 4.5154218e-07 1.0375119e-06
1.4024024e+00 7.1436214e-08 4.1994824e-07 9.6678001e-07
1.4054054e+00 6.6002445e-08 3.9064938e-07 9.0085841e-07
1.4084084e+00 6.0962355e-08 3.6308743e-07 8.3930383e-07
1.4114114e+00 5.6318032e-08 3.3767560e-07 7.8180105e-07
1.4144144e+00 5.1965220e-08 3.1412909e-07 7.2799999e-07
1.4174174e+00 4.8020377e-08 2.9202162e-07 6.7813492e-07
1.4204204e+00 4.4291164e-08 2.7121071e-07 6.3125817e-07
1.4234234e+00 4.0895874e-08 2.5178513e-07 5.8729795e-07
1.4264264e+00 3.7736039e-08 2.3362284e-07 5.4636100e-07
1.4294294e+00 3.4810170e-08 2.1698246e-07 5.0832701e-07
1.4324324e+00 3.2105785e-08 2.0141865e-07 4.7284237e-07
1.4354354e+00 2.9609385e-08 1.8694302e-07 4.3994977e-07
1.4384384e+00 2.7303916e-08 1.7347623e-07 4.0898294e-07
1.4414414e+00 2.5161538e-08 1.6096369e-07 3.8026567e-07
1.4444444e+00 2.3201499e-08 1.4934135e-07 3.5334518e-07
1.4474474e+00 2.1391813e-08 1.3857053e-07 3.2845976e-07
1.4504505e+00 1.9698968e-08 1.2851459e-07 3.0520704e-07
1.4534535e+00 1.8144431e-08 1.1910738e-07 2.8360816e-07
1.4564565e+00 1.6703949e-08 1.1040710e-07 2.6338370e-07
1.4594595e+00 1.5386661e-08 1.0229583e-07 2.4465452e-07
1.4624625e+00 1.4166844e-08 9.4768478e-08 2.2726401e-07
1.4654655e+00 1.3043853e-08 8.7770911e-08 2.1097045e-07
1.4684685e+00 1.2010513e-08 8.1304524e-08 1.9584108e-07
1.4714715e+00 1.1047533e-08 7.5295795e-08 1.8168392e-07
1.4744745e+00 1.0155808e-08 6.9722873e-08 1.6848721e-07
1.4774775e+00 9.3469836e-09 6.4533935e-08 1.5621252e-07
1.4804805e+00 8.5975848e-09 5.9708276e-08 1.4481909e-07
1.4834835e+00 7.9039059e-09 5.5271518e-08 1.3425669e-07
1.4864865e+00 7.2651481e-09 5.1134339e-08 1.2443248e-07
1.4894895e+00 6.6773813e-09 4.7309463e-08 1.1532693e-07
1.4924925e+00 6.1382885e-09 4.3753137e-08 1.0688038e-07
1.4954955e+00 5.6368275e-09 4.0446785e-08 9.9027847e-08
1.4984985e+00 5.1739948e-09 3.7391424e-08 9.1757287e-08
1.5015015e+00 4.7481246e-09 3.4562609e-08 8.5016628e-08
1.5045045e+00 4.3634703e-09 3.1951717e-08 7.8684597e-08
1.5075075e+00 4.0057222e-09 2.9520619e-08 7.2843295e-08
1.5105105e+00 3.6748504e-09 2.7283723e-08 6.7422560e-08
1.5135135e+00 3.3717472e-09 2.5190948e-08 6.2392385e-08
1.5165165e+00 3.0946703e-09 2.3264882e-08 5.7715185e-08
1.5195195e+00 2.8396886e-09 2.1474247e-08 5.3381386e-08
1.5225225e+00 2.6024865e-09 1.9827528e-08 4.9359404e-08
1.5255255e+00 2.3865047e-09 1.8295381e-08 4.5638524e-08
1.5285285e+00 2.1881469e-09 1.6878171e-08 4.2177791e-08
1.5315315e+00 2.0050038e-09 1.5569661e-08 3.8990757e-08
1.5345345e+00 1.8362669e-09 1.4352951e-08 3.6035680e-08
1.5375375e+00 1.6814077e-09 1.3231961e-08 3.3280062e-08
1.5405405e+00 1.5409569e-09 1.2198784e-08 3.0751249e-08
1.5435435e+00 1.4108426e-09 1.1251015e-08 2.8417036e-08
1.5465465e+00 1.2921857e-09 1.0370683e-08 2.6242280e-08
1.5495495e+00 1.1827165e-09 9.5584710e-09 2.4229467e-08
1.5525526e+00 1.0825947e-09 8.8066984e-09 2.2361903e-08
1.5555556e+00 9.9030954e-10 8.1109012e-09 2.0634049e-08
1.5585586e+00 9.0590157e-10 7.4685831e-09 1.9036257e-08
1.5615616e+00 8.2842718e-10 6.8770402e-09 1.7567615e-08
1.5645646e+00 7.5803854e-10 6.3310565e-09 1.6211607e-08
1.5675676e+00 6.9351840e-10 5.8261652e-09 1.4950759e-08
1.5705706e+00 6.3405925e-10 5.3618007e-09 1.3791422e-08
1.5735736e+00 5.7929076e-10 4.9301027e-09 1.2714914e-08
1.5765766e+00 5.2932440e-10 4.5369475e-09 1.1716457e-08
1.5795796e+00 4.8370745e-10 4.1716562e-09 1.0802357e-08
1.5825826e+00 4.4161564e-10 3.8358612e-09 9.9507928e-09
1.5855856e+00 4.0303584e-10 3.5273781e-09 9.1691983e-09
1.5885886e+00 3.6791028e-10 3.2421353e-09 8.4454114e-09
1.5915916e+00 3.3579907e-10 2.9790630e-09 7.7742944e-09
1.5945946e+00 3.0650182e-10 2.7365945e-09 7.1573965e-09
1.5975976e+00 2.7968873e-10 2.5136234e-09 6.5840344e-09
1.6006006e+00 2.5536001e-10 2.3091553e-09 6.0591543e-09
1.6036036e+00 2.3284098e-10 2.1196154e-09 5.5775024e-09
1.6066066e+00 2.1229589e-10 1.9458151e-09 5.1305777e-09
1.6096096e+00 1.9347751e-10 1.7856186e-09 4.7188073e-09
1.6126126e+00 1.7652982e-10 1.6387977e-09 4.3399876e-09
1.6156156e+00 1.6100056e-10 1.5040721e-09 3.9886075e-09
1.6186186e+00 1.4671138e-10 1.3790112e-09 3.6676768e-09
1.6216216e+00 1.3368082e-10 1.2651044e-09 3.3702514e-09
1.6246246e+00 1.2195766e-10 1.1602044e-09 3.0963408e-09
1.6276276e+00 1.1110537e-10 1.0638432e-09 2.8455886e-09
1.6306306e+00 1.0117230e-10 9.7496118e-10 2.6139132e-09
1.6336336e+00 9.2162393e-11 8.9343409e-10 2.4002429e-09
1.6366366e+00 8.3909302e-11 8.1842991e-10 2.2043530e-09
1.6396396e+00 7.6428670e-11 7.4978319e-10 2.0234788e-09
1.6426426e+00 6.9581175e-11 6.8649441e-10 1.8574866e-09
1.6456456e+00 6.3308336e-11 6.2880698e-10 1.7048081e-09
1.6486486e+00 5.7575747e-11 5.7580591e-10 1.5633817e-09
1.6516517e+00 5.2373495e-11 5.2713757e-10 1.4338134e-09
1.6546547e+00 4.7631590e-11 4.8268942e-10 1.3143928e-09
1.6576577e+00 4.3319722e-11 4.4166011e-10 1.2051074e-09
1.6606607e+00 3.9391766e-11 4.0405132e-10 1.1046412e-09
1.6636637e+00 3.5793980e-11 3.6961472e-10 1.0121733e-09
1.6666667e+00 3.2509821e-11 3.3788695e-10 9.2757451e-10
1.6696697e+00 2.9531213e-11 3.0900236e-10 8.5026553e-10
1.6726727e+00 2.6815259e-11 2.8253958e-10 7.7888135e-10
1.6756757e+00 2.4347531e-11 2.5822682e-10 7.1318660e-10
1.6786787e+00 2.2107903e-11 2.3596013e-10 6.5285470e-10
1.6816817e+00 2.0071010e-11 2.1562778e-10 5.9777671e-10
1.6846847e+00 1.8228865e-11 1.9699712e-10 5.4698520e-10
1.6876877e+00 1.6537661e-11 1.7996987e-10 5.0044842e-10
1.6906907e+00 1.4999954e-11 1.6434624e-10 4.5772936e-10
1.6936937e+00 1.3601931e-11 1.5005239e-10 4.1860873e-10
1.6966967e+00 1.2333087e-11 1.3697979e-10 3.8284882e-10
1.6996997e+00 1.1181048e-11 1.2500461e-10 3.5004996e-10
1.7027027e+00 1.0133164e-11 1.1404627e-10 3.2014382e-10
1.7057057e+00 9.1823206e-12 1.0402909e-10 2.9268542e-10
1.7087087e+00 8.3184836e-12 9.4885414e-11 2.6745708e-10
1.7117117e+00 7.5344945e-12 8.6526215e-11 2.4439398e-10
1.7147147e+00 6.8252562e-12 7.8881449e-11 2.2330353e-10
1.7177177e+00 6.1786730e-12 7.1880790e-11 2.0402648e-10
1.7207207e+00 5.5931954e-12 6.5500928e-11 1.8624578e-10
1.7237237e+00 5.0625215e-12 5.9677538e-11 1.7004056e-10
1.7267267e+00 4.5794763e-12 5.4333968e-11 1.5525723e-10
1.7297297e+00 4.1434110e-12 4.9490234e-11 1.4170370e-10
1.7327327e+00 3.7508646e-12 4.5054111e-11 1.2931627e-10
1.7357357e+00 3.3926202e-12 4.1013658e-11 1.1801856e-10
1.7387387e+00 3.0690354e-12 3.7320058e-11 1.0757782e-10
1.7417417e+00 2.7753053e-12 3.3963711e-11 9.8057950e-11
1.7447447e+00 2.5085614e-12 3.0908878e-11 8.9365415e-11
1.7477477e+00 2.2689121e-12 2.8115828e-11 8.1452971e-11
1.7507508e+00 2.0499756e-12 2.5569639e-11 7.4264794e-11
1.7537538e+00 1.8520538e-12 2.3239651e-11 6.7679910e-11
1.7567568e+00 1.6725548e-12 2.1123128e-11 6.1631291e-11
1.7597598e+00 1.5114947e-12 1.9197459e-11 5.6139387e-11
1.7627628e+00 1.3657821e-12 1.7446293e-11 5.1086927e-11
1.7657658e+00 1.2338345e-12 1.5852087e-11 4.6516004e-11
1.7687688e+00 1.1138637e-12 1.4401343e-11 4.2339651e-11
1.7717718e+00 1.0056796e-12 1.3080501e-11 3.8547178e-11
1.7747748e+00 9.0798134e-13 1.1876735e-11 3.5076918e-11
1.7777778e+00 8.1939766e-13 1.0786771e-11 3.1916566e-11
1.7807808e+00 7.3922959e-13 9.7949068e-12 2.9036639e-11
1.7837838e+00 6.6684353e-13 8.8882023e-12 2.6403052e-11
1.7867868e+00 6.0155096e-13 8.0676019e-12 2.4013818e-11
1.7897898e+00 5.4224889e-13 7.3170436e-12 2.1828411e-11
1.7927928e+00 4.8883189e-13 6.6396883e-12 1.9845354e-11
1.7957958e+00 4.4072802e-13 6.0231051e-12 1.8033059e-11
1.7987988e+00 3.9703445e-13 5.4596475e-12 1.6390007e-11
1.8018018e+00 3.5778095e-13 4.9482981e-12 1.4891108e-11
1.8048048e+00 3.2221521e-13 4.4875478e-12 1.3528230e-11
1.8078078e+00 2.9020070e-13 4.0675678e-12 1.2284653e-11
1.8108108e+00 2.6119792e-13 3.6855033e-12 1.1158019e-11
1.8138138e+00 2.3514747e-13 3.3385190e-12 1.0127825e-11
1.8168168e+00 2.1167786e-13 3.0220068e-12 9.1946776e-12
1.8198198e+00 1.9045023e-13 2.7355927e-12 8.3434963e-12
1.8228228e+00 1.7126899e-13 2.4772504e-12 7.5676136e-12
1.8258258e+00 1.5401208e-13 2.2416398e-12 6.8615260e-12
1.8288288e+00 1.3842655e-13 2.0281447e-12 6.2246256e-12
1.8318318e+00 1.2439433e-13 1.8351886e-12 5.6424749e-12
1.8348348e+00 1.1177082e-13 1.6612186e-12 5.1144773e-12
1.8378378e+00 1.0041442e-13 1.5023106e-12 4.6347031e-12
1.8408408e+00 9.0227661e-14 1.3584613e-12 4.2005060e-12
1.8438438e+00 8.1049146e-14 1.2285824e-12 3.8057940e-12
1.8468468e+00 7.2754343e-14 1.1106216e-12 3.4478636e-12
1.8498498e+00 6.5299039e-14 1.0034356e-12 3.1231300e-12
1.8528529e+00 5.8631785e-14 9.0659277e-13 2.8283943e-12
1.8558559e+00 5.2657257e-14 8.1924742e-13 2.5587521e-12
1.8588589e+00 4.7271741e-14 7.3993397e-13 2.3144930e-12
1.8618619e+00 4.2433624e-14 6.6806532e-13 2.0935311e-12
1.8648649e+00 3.8078941e-14 6.0296825e-13 1.8932176e-12
1.8678679e+00 3.4154220e-14 5.4410802e-13 1.7122925e-12
1.8708709e+00 3.0631332e-14 4.9094334e-13 1.5486565e-12
1.8738739e+00 2.7484092e-14 4.4302395e-13 1.4001202e-12
1.8768769e+00 2.4622245e-14 3.9983720e-13 1.2658085e-12
1.8798799e+00 2.2079175e-14 3.6065564e-13 1.1446207e-12
1.8828829e+00 1.9778058e-14 3.2518248e-13 1.0346602e-12
1.8858859e+00 1.7716552e-14 2.9325379e-13 9.3490904e-13
1.8888889e+00 1.5869828e-14 2.6440851e-13 8.4519010e-13
1.8918919e+00 1.4211914e-14 2.3837463e-13 7.6351669e-13
1.8948949e+00 1.2718449e-14 2.1479957e-13 6.8943189e-13
1.8978979e+00 1.1389565e-14 1.9352759e-13 6.2230300e-13
1.9009009e+00 1.0188957e-14 1.7429824e-13 5.6156866e-13
1.9039039e+00 9.1192658e-15 1.5695775e-13 5.0669663e-13
1.9069069e+00 8.1535941e-15 1.4135650e-13 4.5719782e-13
1.9099099e+00 7.2934814e-15 1.2728475e-13 4.1234872e-13
1.9129129e+00 6.5200905e-15 1.1455672e-13 3.7174093e-13
1.9159159e+00 5.8279566e-15 1.0307878e-13 3.3526514e-13
1.9189189e+00 5.2078637e-15 9.2745289e-14 3.0234682e-13
1.9219219e+00 4.6567232e-15 8.3411991e-14 2.7263653e-13
1.9249249e+00 4.1651364e-15 7.5012094e-14 2.4573554e-13
1.9279279e+00 3.7221110e-15 6.7430937e-14 2.2138230e-13
1.9309309e+00 3.3257062e-15 6.0598753e-14 1.9943693e-13
1.9339339e+00 2.9689917e-15 5.4473791e-14 1.7958170e-13
1.9369369e+00 2.6500201e-15 4.8957520e-14 1.6166147e-13
1.9399399e+00 2.3655789e-15 4.3973295e-14 1.4550262e-13
1.9429429e+00 2.1109147e-15 3.9484883e-14 1.3105130e-13
1.9459459e+00 1.8843714e-15 3.5456293e-14 1.1795204e-13
1.9489489e+00 1.6818585e-15 3.1841382e-14 1.0611863e-13
1.9519520e+00 1.5013964e-15 2.8584560e-14 9.5441007e-14
1.9549550e+00 1.3392950e-15 2.5657397e-14 8.5849401e-14
1.9579580e+00 1.1942119e-15 2.3010587e-14 7.7168547e-14
1.9609610e+00 1.0640712e-15 2.0646723e-14 6.9349299e-14
1.9639640e+00 9.4799517e-16 1.8518598e-14 6.2319153e-14
1.9669670e+00 8.4514503e-16 1.6609088e-14 5.6025704e-14
1.9699700e+00 7.5284082e-16 1.4900441e-14 5.0356750e-14
1.9729730e+00 6.7092248e-16 1.3361793e-14 4.5222685e-14
1.9759760e+00 5.9748449e-16 1.1977430e-14 4.0614690e-14
1.9789790e+00 5.3234321e-16 1.0734494e-14 3.6479510e-14
1.9819820e+00 4.7402078e-16 9.6178043e-15 3.2743989e-14
1.9849850e+00 4.2194806e-16 8.6100031e-15 2.9374754e-14
1.9879880e+00 3.7539181e-16 7.7081551e-15 2.6365238e-14
1.9909910e+00 3.3387500e-16 6.9047851e-15 2.3661610e-14
1.9939940e+00 2.9693913e-16 6.1824788e-15 2.1229453e-14
1.9969970e+00 2.6416128e-16 5.5315004e-15 1.9038253e-14
2.0000000e+00 2.3495213e-16 4.9518895e-15 1.7079492e-14
2.0030030e+00 2.0907756e-16 4.4320782e-15 1.5310161e-14
2.0060060e+00 1.8579037e-16 3.9653156e-15 1.3720888e-14
2.0090090e+00 1.6506630e-16 3.5485250e-15 1.2299133e-14
2.0120120e+00 1.4663781e-16 3.1737611e-15 1.1024075e-14
2.0150150e+00 1.3035538e-16 2.8376854e-15 9.8751794e-15
2.0180180e+00 1.1576250e-16 2.5374703e-15 8.8457715e-15
2.0210210e+00 1.0279209e-16 2.2682623e-15 7.9218971e-15
2.0240240e+00 9.1286545e-17 2.0272657e-15 7.0905074e-15
2.0270270e+00 8.1075191e-17 1.8109801e-15 6.3472214e-15
2.0300300e+00 7.1939152e-17 1.6174171e-15 5.6790741e-15
2.0330330e+00 6.3839473e-17 1.4441310e-15 5.0792380e-15
2.0360360e+00 5.6651118e-17 1.2887712e-15 4.5442187e-15
2.0390390e+00 5.0274806e-17 1.1503814e-15 4.0639857e-15
2.0420420e+00 4.4593418e-17 1.0268956e-15 3.6347002e-15
2.0450450e+00 3.9536084e-17 9.1604315e-16 3.2508743e-15
2.0480480e+00 3.5052821e-17 8.1720028e-16 2.9055740e-15
2.0510511e+00 3.1058901e-17 7.2914143e-16 2.5971143e-15
2.0540541e+00 2.7524398e-17 6.5035116e-16 2.3220999e-15
2.0570571e+00 2.4379507e-17 5.7975653e-16 2.0741525e-15
2.0600601e+00 2.1600526e-17 5.1684353e-16 1.8523787e-15
2.0630631e+00 1.9140590e-17 4.6085886e-16 1.6540105e-15
2.0660661e+00 1.6946933e-17 4.1066308e-16 1.4770969e-15
2.0690691e+00 1.5008468e-17 3.6581234e-16 1.3190304e-15
2.0720721e+00 1.3291674e-17 3.2574043e-16 1.1780860e-15
2.0750751e+00 1.1762981e-17 2.9014740e-16 1.0512193e-15
2.0780781e+00 1.0412579e-17 2.5842901e-16 9.3795576e-16
2.0810811e+00 9.2116598e-18 2.3012646e-16 8.3625247e-16
2.0840841e+00 8.1423518e-18 2.0484054e-16 7.4558246e-16
2.0870871e+00 7.2002335e-18 1.8224608e-16 6.6501180e-16
2.0900901e+00 6.3644385e-18 1.6214994e-16 5.9287364e-16
2.0930931e+00 5.6253068e-18 1.4426632e-16 5.2842049e-16
2.0960961e+00 4.9712459e-18 1.2836524e-16 4.7092001e-16
2.0990991e+00 4.3909297e-18 1.1418818e-16 4.1945853e-16
2.1021021e+00 3.8776729e-18 1.0149802e-16 3.7374508e-16
2.1051051e+00 3.4241908e-18 9.0234644e-17 3.3291079e-16
2.1081081e+00 3.0222042e-18 8.0223667e-17 2.9639389e-16
2.1111111e+00 2.6672253e-18 7.1279556e-17 2.6401115e-16
2.1141141e+00 2.3544745e-18 6.3324864e-17 2.3486526e-16
2.1171171e+00 2.0790407e-18 5.6228808e-17 2.0901073e-16
2.1201201e+00 1.8339498e-18 4.9922333e-17 1.8588785e-16
2.1231231e+00 1.6178310e-18 4.4317657e-17 1.6535872e-16
2.1261261e+00 1.4263923e-18 3.9329566e-17 1.4700943e-16
2.1291291e+00 1.2575824e-18 3.4908861e-17 1.3076613e-16
2.1321321e+00 1.1087297e-18 3.0979769e-17 1.1622537e-16
2.1351351e+00 9.7748193e-19 2.7476804e-17 1.0328510e-16
2.1381381e+00 8.6106576e-19 2.4371315e-17 9.1763486e-17
2.1411411e+00 7.5892076e-19 2.1614930e-17 8.1486530e-17
2.1441441e+00 6.6858964e-19 1.9164060e-17 7.2368137e-17
2.1471471e+00 5.8866328e-19 1.6988417e-17 6.4253159e-17
2.1501502e+00 5.1844674e-19 1.5055836e-17 5.7042258e-17
2.1531532e+00 4.5654898e-19 1.3335814e-17 5.0637810e-17
2.1561562e+00 4.0182348e-19 1.1813723e-17 4.4960250e-17
2.1591592e+00 3.5364456e-19 1.0465870e-17 3.9911715e-17
2.1621622e+00 3.1122429e-19 9.2667688e-18 3.5409916e-17
2.1651652e+00 2.7391693e-19 8.2062114e-18 3.1415222e-17
2.1681682e+00 2.4099763e-19 7.2627179e-18 2.7859144e-17
2.1711712e+00 2.1184690e-19 6.4291922e-18 2.4692912e-17
2.1741742e+00 1.8635055e-19 5.6894181e-18 2.1899394e-17
2.1771772e+00 1.6387762e-19 5.0315644e-18 1.9416173e-17
2.1801802e+00 1.4407275e-19 4.4505710e-18 1.7219372e-17
2.1831832e+00 1.2651390e-19 3.9350069e-18 1.5255250e-17
2.1861862e+00 1.1110383e-19 3.4802131e-18 1.3513255e-17
2.1891892e+00 9.7564934e-20 3.0755365e-18 1.1970003e-17
2.1921922e+00 8.5632646e-20 2.7174384e-18 1.0604712e-17
2.1951952e+00 7.5161943e-20 2.4002955e-18 9.3935169e-18
2.1981982e+00 6.5960345e-20 2.1209960e-18 8.3166156e-18
2.2012012e+00 5.7880067e-20 1.8736935e-18 7.3639596e-18
2.2042042e+00 5.0783209e-20 1.6545907e-18 6.5181638e-18
2.2072072e+00 4.4549678e-20 1.4607937e-18 5.7678699e-18
2.2102102e+00 3.9077190e-20 1.2896875e-18 5.1014548e-18
2.2132132e+00 3.4280534e-20 1.1385384e-18 4.5108183e-18
2.2162162e+00 3.0047949e-20 1.0045433e-18 3.9889956e-18
2.2192192e+00 2.6334492e-20 8.8628031e-19 3.5273634e-18
2.2222222e+00 2.3079472e-20 7.8138650e-19 3.1169362e-18
2.2252252e+00 2.0220122e-20 6.8849165e-19 2.7548916e-18
2.2282282e+00 1.7706991e-20 6.0671184e-19 2.4339356e-18
2.2312312e+00 1.5508072e-20 5.3493623e-19 2.1496545e-18
2.2342342e+00 1.3567929e-20 4.7163168e-19 1.8982490e-18
2.2372372e+00 1.1870829e-20 4.1543398e-19 1.6763470e-18
2.2402402e+00 1.0393169e-20 3.6582871e-19 1.4803200e-18
2.2432432e+00 9.0953207e-21 3.2216537e-19 1.3065463e-18
2.2462462e+00 7.9618678e-21 2.8367443e-19 1.1526400e-18
2.2492492e+00 6.9676952e-21 2.4975917e-19 1.0166814e-18
2.2522523e+00 6.0973252e-21 2.1990573e-19 8.9683854e-19
2.2552553e+00 5.3326928e-21 1.9357111e-19 7.9068627e-19
2.2582583e+00 4.6634429e-21 1.7040610e-19 6.9728051e-19
2.2612613e+00 4.0784939e-21 1.4996135e-19 6.1478689e-19
2.2642643e+00 3.5661462e-21 1.3188985e-19 5.4182814e-19
2.2672673e+00 3.1163565e-21 1.1599191e-19 4.7745836e-19
2.2702703e+00 2.7226209e-21 1.0201223e-19 4.2051242e-19
2.2732733e+00 2.3780780e-21 8.9659100e-20 3.7037618e-19
2.2762763e+00 2.0767666e-21 7.8772142e-20 3.2612512e-19
2.2792793e+00 1.8143223e-21 6.9230673e-20 2.8710538e-19
2.2822823e+00 1.5833158e-21 6.0816313e-20 2.5270048e-19
2.2852853e+00 1.3818024e-21 5.3426644e-20 2.2241896e-19
2.2882883e+00 1.2063993e-21 4.6921434e-20 1.9564192e-19
2.2912913e+00 1.0526724e-21 4.1200705e-20 1.7208073e-19
2.2942943e+00 9.1786913e-22 3.6152504e-20 1.5135472e-19
2.2972973e+00 8.0070579e-22 3.1714389e-20 1.3315628e-19
2.3003003e+00 6.9812518e-22 2.7842763e-20 1.1708600e-19
2.3033033e+00 6.0865922e-22 2.4435182e-20 1.0292507e-19
2.3063063e+00 5.3059593e-22 2.1427245e-20 9.0481853e-20
2.3093093e+00 4.6218388e-22 1.8789073e-20 7.9489653e-20
2.3123123e+00 4.0268697e-22 1.6475771e-20 6.9821763e-20
2.3153153e+00 3.5077260e-22 1.4444425e-20 6.1339186e-20
2.3183183e+00 3.0551973e-22 1.2655541e-20 5.3900098e-20
2.3213213e+00 2.6603476e-22 1.1089064e-20 4.7339483e-20
2.3243243e+00 2.3173512e-22 9.7138149e-21 4.1563931e-20
2.3273273e+00 2.0191416e-22 8.5054587e-21 3.6488658e-20
2.3303303e+00 1.7577970e-22 7.4473582e-21 3.2017031e-20
2.3333333e+00 1.5286830e-22 6.5196368e-21 2.8085950e-20
2.3363363e+00 1.3297620e-22 5.7107185e-21 2.4632676e-20
2.3393393e+00 1.1568115e-22 4.9972933e-21 2.1603001e-20
2.3423423e+00 1.0054161e-22 4.3745831e-21 1.8950163e-20
2.3453453e+00 8.7345787e-23 3.8286275e-21 1.6605596e-20
2.3483483e+00 7.5976991e-23 3.3489588e-21 1.4559952e-20
2.3513514e+00 6.6054140e-23 2.9293954e-21 1.2758828e-20
2.3543544e+00 5.7424375e-23 2.5604403e-21 1.1176708e-20
2.3573574e+00 4.9903973e-23 2.2391285e-21 9.7914760e-21
2.3603604e+00 4.3331433e-23 1.9576007e-21 8.5757392e-21
2.3633634e+00 3.7621611e-23 1.7111642e-21 7.5108027e-21
2.3663664e+00 3.2657796e-23 1.4950310e-21 6.5768131e-21
2.3693694e+00 2.8355987e-23 1.3058767e-21 5.7585092e-21
2.3723724e+00 2.4617898e-23 1.1399581e-21 5.0374776e-21
2.3753754e+00 2.1366953e-23 9.9540206e-22 4.4070242e-21
2.3783784e+00 1.8541318e-23 8.6948950e-22 3.8551197e-21
2.3813814e+00 1.6088576e-23 7.5872930e-22 3.3734870e-21
2.3843844e+00 1.3958794e-23 6.6201264e-22 2.9502872e-21
2.3873874e+00 1.2110348e-23 5.7755265e-22 2.5798382e-21
2.3903904e+00 1.0495521e-23 5.0352468e-22 2.2553021e-21
2.3933934e+00 9.0920441e-24 4.3932824e-22 1.9710248e-21
2.3963964e+00 7.8854715e-24 3.8332994e-22 1.7227675e-21
2.3993994e+00 6.8340930e-24 3.3433957e-22 1.5055113e-21
2.4024024e+00 5.9201595e-24 2.9139459e-22 1.3148424e-21
2.4054054e+00 5.1266299e-24 2.5394556e-22 1.1486026e-21
2.4084084e+00 4.4384478e-24 2.2120786e-22 1.0026163e-21
2.4114114e+00 3.8435818e-24 1.9278203e-22 8.7505690e-22
2.4144144e+00 3.3278097e-24 1.6791688e-22 7.6378191e-22
2.4174174e+00 2.8777441e-24 1.4623965e-22 6.6648000e-22
2.4204204e+00 2.4897558e-24 1.2737131e-22 5.8161985e-22
2.4234234e+00 2.1528296e-24 1.1090053e-22 5.0719419e-22
2.4264264e+00 1.8616188e-24 9.6545486e-23 4.4230609e-22
2.4294294e+00 1.6095947e-24 8.4005387e-23 3.8556388e-22
2.4324324e+00 1.3911387e-24 7.3112605e-23 3.3629483e-22
2.4354354e+00 1.2023448e-24 6.3600206e-23 2.9311757e-22
2.4384384e+00 1.0394220e-24 5.5326967e-23 2.5543432e-22
2.4414414e+00 8.9781478e-25 4.8090814e-23 2.2256643e-22
2.4444444e+00 7.7536241e-25 4.1789183e-23 1.9387455e-22
2.4474474e+00 6.6941141e-25 3.6317783e-23 1.6886876e-22
2.4504505e+00 5.7804153e-25 3.1551540e-23 1.4702358e-22
2.4534535e+00 4.9906550e-25 2.7398925e-23 1.2803561e-22
2.4564565e+00 4.3078292e-25 2.3795900e-23 1.1139283e-22
2.4594595e+00 3.7182026e-25 2.0662737e-23 9.6949816e-23
2.4624625e+00 3.2058684e-25 1.7941069e-23 8.4368118e-23
2.4654655e+00 2.7644781e-25 1.5578740e-23 7.3382125e-23
2.4684685e+00 2.3835848e-25 1.3520962e-23 6.3816773e-23
2.4714715e+00 2.0547693e-25 1.1726077e-23 5.5495976e-23
2.4744745e+00 1.7707871e-25 1.0173502e-23 4.8237281e-23
2.4774775e+00 1.5261320e-25 8.8256707e-24 4.1923125e-23
2.4804805e+00 1.3157252e-25 7.6543584e-24 3.6419509e-23
2.4834835e+00 1.1336489e-25 6.6354165e-24 3.1638432e-23
2.4864865e+00 9.7655193e-26 5.7526283e-24 2.7474712e-23
2.4894895e+00 8.4061692e-26 4.9849791e-24 2.3857680e-23
2.4924925e+00 7.2347212e-26 4.3176147e-24 2.0716030e-23
2.4954955e+00 6.2320306e-26 3.7416979e-24 1.7981155e-23
2.4984985e+00 5.3655051e-26 3.2409222e-24 1.5609971e-23
2.5015015e+00 4.6170703e-26 2.8063829e-24 1.3539898e-23
2.5045045e+00 3.9739910e-26 2.4302820e-24 1.1748345e-23
2.5075075e+00 3.4180215e-26 2.1042217e-24 1.0193551e-23
2.5105105e+00 2.9426976e-26 1.8205339e-24 8.8433475e-24
2.5135135e+00 2.5320093e-26 1.5753540e-24 7.6673153e-24
2.5165165e+00 2.1779819e-26 1.3628006e-24 6.6452404e-24
2.5195195e+00 1.8727202e-26 1.1785681e-24 5.7606669e-24
2.5225225e+00 1.6091528e-26 1.0193174e-24 4.9938762e-24
2.5255255e+00 1.3821904e-26 8.8132531e-25 4.3280161e-24
2.5285285e+00 1.1874581e-26 7.6169835e-25 3.7493705e-24
2.5315315e+00 1.0197688e-26 6.5837460e-25 3.2458363e-24
2.5345345e+00 8.7562868e-27 5.6903542e-25 2.8106378e-24
2.5375375e+00 7.5219112e-27 4.9152737e-25 2.4336515e-24
2.5405405e+00 6.4617999e-27 4.2457793e-25 2.1068764e-24
2.5435435e+00 5.5500125e-27 3.6677898e-25 1.8232018e-24
2.5465465e+00 4.7658047e-27 3.1669430e-25 1.5775521e-24
2.5495495e+00 4.0888386e-27 2.7344532e-25 1.3647575e-24
2.5525526e+00 3.5075901e-27 2.3613271e-25 1.1805696e-24
2.5555556e+00 3.0082439e-27 2.0387309e-25 1.0206487e-24
2.5585586e+00 2.5789545e-27 1.7584780e-25 8.8252940e-25
2.5615616e+00 2.2105624e-27 1.5169320e-25 7.6295463e-25
2.5645646e+00 1.8946341e-27 1.3082777e-25 6.5956981e-25
2.5675676e+00 1.6230236e-27 1.1283267e-25 5.6993746e-25
2.5705706e+00 1.3903690e-27 9.7287085e-26 4.9243359e-25
2.5735736e+00 1.1907242e-27 8.3822995e-26 4.2553974e-25
2.5765766e+00 1.0195990e-27 7.2197907e-26 3.6746422e-25
2.5795796e+00 8.7286133e-28 6.2217006e-26 3.1725215e-25
2.5825826e+00 7.4713393e-28 5.3598711e-26 2.7388752e-25
2.5855856e+00 6.3970435e-28 4.6152141e-26 2.3639193e-25
2.5885886e+00 5.4736705e-28 3.9746434e-26 2.0386609e-25
2.5915916e+00 4.6831817e-28 3.4224149e-26 1.7587637e-25
2.5945946e+00 4.0060317e-28 2.9449604e-26 1.5168661e-25
2.5975976e+00 3.4264996e-28 2.5336602e-26 1.3084153e-25
2.6006006e+00 2.9304331e-28 2.1798133e-26 1.1278271e-25
2.6036036e+00 2.5044387e-28 1.8755090e-26 9.7243369e-26
2.6066066e+00 2.1404072e-28 1.6138569e-26 8.3787822e-26
2.6096096e+00 1.8288621e-28 1.3876282e-26 7.2195788e-26
2.6126126e+00 1.5625395e-28 1.1927796e-26 6.2189849e-26
2.6156156e+00 1.3350872e-28 1.0248167e-26 5.3573904e-26
2.6186186e+00 1.1404429e-28 8.8098169e-27 4.6126096e-26
2.6216216e+00 9.7364292e-29 7.5677588e-27 3.9693731e-26
2.6246246e+00 8.3110225e-29 6.5000645e-27 3.4171930e-26
2.6276276e+00 7.0935152e-29 5.5838675e-27 2.9408490e-26
2.6306306e+00 6.0535624e-29 4.7947583e-27 2.5307867e-26
2.6336336e+00 5.1664574e-29 4.1167885e-27 2.1780147e-26
2.6366366e+00 4.4085957e-29 3.5348005e-27 1.8736250e-26
2.6396396e+00 3.7589030e-29 3.0339177e-27 1.6110131e-26
2.6426426e+00 3.2054184e-29 2.6041427e-27 1.3852092e-26
2.6456456e+00 2.7343386e-29 2.2337332e-27 1.1905083e-26
2.6486486e+00 2.3320388e-29 1.9157168e-27 1.0226639e-26
2.6516517e+00 1.9882246e-29 1.6423458e-27 8.7869600e-27
2.6546547e+00 1.6947675e-29 1.4084158e-27 7.5464316e-27
2.6576577e+00 1.4445174e-29 1.2072608e-27 6.4806368e-27
2.6606607e+00 1.2307222e-29 1.0349830e-27 5.5671787e-27
2.6636637e+00 1.0472791e-29 8.8706295e-28 4.7813278e-27
2.6666667e+00 8.9176286e-30 7.6015583e-28 4.1053512e-27
2.6696697e+00 7.5983846e-30 6.5137237e-28 3.5230394e-27
2.6726727e+00 6.4730506e-30 5.5783692e-28 3.0242561e-27
2.6756757e+00 5.5092682e-30 4.7777434e-28 2.5951188e-27
2.6786787e+00 4.6894550e-30 4.0912451e-28 2.2261806e-27
2.6816817e+00 3.9909284e-30 3.5015925e-28 1.9085588e-27
2.6846847e+00 3.3955381e-30 2.9968787e-28 1.6362913e-27
2.6876877e+00 2.8871257e-30 2.5642727e-28 1.4027992e-27
2.6906907e+00 2.4548306e-30 2.1936858e-28 1.2024882e-27
2.6936937e+00 2.0867693e-30 1.8762142e-28 1.0304970e-27
2.6966967e+00 1.7725700e-30 1.6043518e-28 8.8313370e-28
2.6996997e+00 1.5052005e-30 1.3720993e-28 7.5692833e-28
2.7027027e+00 1.2777485e-30 1.1731064e-28 6.4810207e-28
2.7057057e+00 1.0846256e-30 1.0021651e-28 5.5492122e-28
2.7087087e+00 9.2036029e-31 8.5636043e-29 4.7515046e-28
2.7117117e+00 7.8106444e-31 7.3170382e-29 4.0671879e-28
2.7147147e+00 6.6290716e-31 6.2505471e-29 3.4811103e-28
2.7177177e+00 5.6242378e-31 5.3377266e-29 2.9784027e-28
2.7207207e+00 4.7710046e-31 4.5581259e-29 2.5490700e-28
2.7237237e+00 4.0464937e-31 3.8912653e-29 2.1801681e-28
2.7267267e+00 3.4301167e-31 3.3214160e-29 1.8638881e-28
2.7297297e+00 2.9073054e-31 2.8348386e-29 1.5935131e-28
2.7327327e+00 2.4659178e-31 2.4187758e-29 1.3617463e-28
2.7357357e+00 2.0900136e-31 2.0623300e-29 1.1634625e-28
2.7387387e+00 1.7710652e-31 1.7589898e-29 9.9417493e-29
2.7417417e+00 1.5011183e-31 1.4998862e-29 8.4928501e-29
2.7447447e+00 1.2717091e-31 1.2788560e-29 7.2557573e-29
2.7477477e+00 1.0774714e-31 1.0901954e-29 6.1954745e-29
2.7507508e+00 9.1238937e-32 9.2869310e-30 5.2903932e-29
2.7537538e+00 7.7212767e-32 7.9138604e-30 4.5130964e-29
2.7567568e+00 6.5374429e-32 6.7405070e-30 3.8518393e-29
2.7597598e+00 5.5270284e-32 5.7395775e-30 3.2875369e-29
2.7627628e+00 4.6729985e-32 4.8878869e-30 2.8052005e-29
2.7657658e+00 3.9528993e-32 4.1614286e-30 2.3932266e-29
2.7687688e+00 3.3419821e-32 3.5420966e-30 2.0408387e-29
2.7717718e+00 2.8257380e-32 3.0143737e-30 1.7402364e-29
2.7747748e+00 2.3904078e-32 2.5635489e-30 1.4834865e-29
2.7777778e+00 2.0212429e-32 2.1803695e-30 1.2639494e-29
2.7807808e+00 1.7079501e-32 1.8530775e-30 1.0767194e-29
2.7837838e+00 1.4429606e-32 1.5756883e-30 9.1711204e-30
2.7867868e+00 1.2188446e-32 1.3394340e-30 7.8142541e-30
2.7897898e+00 1.0294491e-32 1.1379296e-30 6.6526688e-30
2.7927928e+00 8.6904495e-33 9.6668267e-31 5.6626370e-30
2.7957958e+00 7.3385570e-33 8.2098220e-31 4.8177219e-30
2.7987988e+00 6.1960907e-33 6.9707985e-31 4.0987581e-30
2.8018018e+00 5.2271661e-33 5.9189440e-31 3.4878894e-30
2.8048048e+00 4.4126928e-33 5.0265373e-31 2.9672401e-30
2.8078078e+00 3.7243979e-33 4.2676292e-31 2.5230997e-30
2.8108108e+00 3.1424167e-33 3.6234067e-31 2.1460011e-30
2.8138138e+00 2.6507497e-33 3.0738668e-31 1.8249003e-30
2.8168168e+00 2.2354889e-33 2.6066022e-31 1.5515129e-30
2.8198198e+00 1.8833982e-33 2.2114673e-31 1.3182729e-30
2.8228228e+00 1.5866631e-33 1.8746853e-31 1.1199472e-30
2.8258258e+00 1.3365732e-33 1.5888560e-31 9.5198606e-31
2.8288288e+00 1.1257544e-33 1.3466350e-31 8.0893925e-31
2.8318318e+00 9.4766277e-34 1.1412810e-31 6.8731557e-31
2.8348348e+00 7.9820632e-34 9.6728200e-32 5.8353699e-31
2.8378378e+00 6.7209522e-34 8.1962138e-32 4.9532816e-31
2.8408408e+00 5.6582492e-34 6.9434991e-32 4.2048451e-31
2.8438438e+00 4.7620450e-34 5.8817088e-32 3.5689502e-31
2.8468468e+00 4.0070020e-34 4.9819292e-32 3.0264596e-31
2.8498498e+00 3.3718032e-34 4.2177466e-32 2.5676513e-31
2.8528529e+00 2.8367597e-34 3.5700043e-32 2.1778497e-31
2.8558559e+00 2.3854176e-34 3.0207985e-32 1.8458636e-31
2.8588589e+00 2.0049667e-34 2.5546534e-32 1.5641678e-31
2.8618619e+00 1.6849311e-34 2.1595822e-32 1.3256467e-31
2.8648649e+00 1.4163971e-34 1.8260593e-32 1.1231014e-31
2.8678679e+00 1.1909063e-34 1.5442581e-32 9.5129960e-32
2.8708709e+00 1.0006805e-34 1.3055306e-32 8.0594934e-32
2.8738739e+00 8.4062267e-35 1.1032243e-32 6.8279047e-32
2.8768769e+00 7.0610495e-35 9.3248143e-33 5.7815941e-32
2.8798799e+00 5.9305442e-35 7.8771252e-33 4.8953656e-32
2.8828829e+00 4.9752493e-35 6.6547798e-33 4.1433779e-32
2.8858859e+00 4.1727190e-35 5.6201880e-33 3.5057756e-32
2.8888889e+00 3.4991674e-35 4.7452395e-33 2.9654299e-32
2.8918919e+00 2.9349968e-35 4.0058005e-33 2.5080163e-32
2.8948949e+00 2.4619166e-35 3.3804312e-33 2.1221506e-32
2.8978979e+00 2.0647868e-35 2.8521156e-33 1.7948823e-32
2.9009009e+00 1.7314517e-35 2.4054871e-33 1.5165296e-32
2.9039039e+00 1.4517681e-35 2.0290161e-33 1.2818348e-32
2.9069069e+00 1.2171561e-35 1.7111196e-33 1.0837104e-32
2.9099099e+00 1.0198956e-35 1.4425479e-33 9.1595146e-33
2.9129129e+00 8.5410829e-36 1.2161742e-33 7.7360016e-33
2.9159159e+00 7.1508249e-36 1.0250532e-33 6.5355578e-33
2.9189189e+00 5.9869367e-36 8.6371653e-34 5.5158897e-33
2.9219219e+00 5.0149493e-36 7.2746602e-34 4.6580208e-33
2.9249249e+00 4.1948738e-36 6.1280464e-34 3.9334075e-33
2.9279279e+00 3.5086772e-36 5.1590141e-34 3.3192098e-33
2.9309309e+00 2.9350248e-36 4.3444019e-34 2.7987985e-33
2.9339339e+00 2.4561256e-36 3.6571071e-34 2.3602710e-33
2.9369369e+00 2.0558137e-36 3.0791153e-34 1.9905150e-33
2.9399399e+00 1.7204136e-36 2.5904218e-34 1.6788795e-33
2.9429429e+00 1.4387062e-36 2.1793413e-34 1.4154996e-33
2.9459459e+00 1.2037758e-36 1.8336549e-34 1.1937932e-33
2.9489489e+00 1.0070238e-36 1.5422025e-34 1.0063285e-33
2.9519520e+00 8.4148954e-37 1.2968654e-34 8.4776314e-34
2.9549550e+00 7.0311466e-37 1.0905593e-34 7.1447945e-34
2.9579580e+00 5.8754485e-37 9.1680496e-35 6.0194959e-34
2.9609610e+00 4.9063561e-37 7.7036409e-35 5.0706987e-34
2.9639640e+00 4.0949947e-37 6.4745169e-35 4.2685204e-34
2.9669670e+00 3.4148648e-37 5.4410070e-35 3.5925801e-34
2.9699700e+00 2.8507060e-37 4.5715730e-35 3.0244961e-34
2.9729730e+00 2.3784542e-37 3.8401501e-35 2.5444617e-34
2.9759760e+00 1.9848719e-37 3.2250354e-35 2.1400696e-34
2.9789790e+00 1.6567246e-37 2.7074797e-35 1.7997636e-34
2.9819820e+00 1.3821933e-37 2.2717536e-35 1.5140645e-34
2.9849850e+00 1.1529962e-37 1.9064701e-35 1.2732555e-34
2.9879880e+00 9.6146076e-38 1.5997495e-35 1.0699542e-34
2.9909910e+00 8.0169475e-38 1.3418765e-35 8.9921689e-35
2.9939940e+00 6.6810954e-38 1.1251613e-35 7.5589693e-35
2.9969970e+00 5.5636009e-38 9.4350400e-36 6.3496333e-35
3.0000000e+00 4.6350517e-38 7.9105374e-36 5.3311317e-35
