X KDE_INF KDE_MED KDE_SUP
5.0000000e+00 3.0957735e-04 9.9109456e-02 3.2960289e-01
5.0100100e+00 3.3896248e-04 1.0259481e-01 3.3497056e-01
5.0200200e+00 3.7117766e-04 1.0588654e-01 3.4062066e-01
5.0300300e+00 4.0533466e-04 1.0970779e-01 3.4603786e-01
5.0400400e+00 4.4269462e-04 1.1314092e-01 3.5129890e-01
5.0500501e+00 4.8240297e-04 1.1679550e-01 3.5625060e-01
5.0600601e+00 5.2489446e-04 1.2026342e-01 3.6056094e-01
5.0700701e+00 5.7257583e-04 1.2389001e-01 3.6468177e-01
5.0800801e+00 6.2286233e-04 1.2742864e-01 3.6876806e-01
5.0900901e+00 6.7992850e-04 1.3094225e-01 3.7215566e-01
5.1001001e+00 7.3916590e-04 1.3450773e-01 3.7502944e-01
5.1101101e+00 8.0375756e-04 1.3827063e-01 3.7819578e-01
5.1201201e+00 8.7187653e-04 1.4165836e-01 3.8055538e-01
5.1301301e+00 9.4738969e-04 1.4501134e-01 3.8302652e-01
5.1401401e+00 1.0285392e-03 1.4817932e-01 3.8515991e-01
5.1501502e+00 1.1149672e-03 1.5133579e-01 3.8745734e-01
5.1601602e+00 1.2101762e-03 1.5461749e-01 3.8876548e-01
5.1701702e+00 1.3126276e-03 1.5787549e-01 3.9004917e-01
5.1801802e+00 1.4220580e-03 1.6100897e-01 3.9127937e-01
5.1901902e+00 1.5375585e-03 1.6373485e-01 3.9220843e-01
5.2002002e+00 1.6608185e-03 1.6627722e-01 3.9314547e-01
5.2102102e+00 1.7947576e-03 1.6853099e-01 3.9389541e-01
5.2202202e+00 1.9394981e-03 1.7065948e-01 3.9445085e-01
5.2302302e+00 2.0949943e-03 1.7283345e-01 3.9501675e-01
5.2402402e+00 2.2635517e-03 1.7474934e-01 3.9717310e-01
5.2502503e+00 2.4451065e-03 1.7636395e-01 3.9990054e-01
5.2602603e+00 2.6328906e-03 1.7807373e-01 4.0298957e-01
5.2702703e+00 2.8311584e-03 1.7930930e-01 4.0564772e-01
5.2802803e+00 3.0485885e-03 1.8069588e-01 4.0852752e-01
5.2902903e+00 3.2768411e-03 1.8189762e-01 4.1250509e-01
5.3003003e+00 3.5167199e-03 1.8307878e-01 4.1543194e-01
5.3103103e+00 3.7827703e-03 1.8423202e-01 4.1864938e-01
5.3203203e+00 4.0488931e-03 1.8531188e-01 4.2208355e-01
5.3303303e+00 4.3472736e-03 1.8621389e-01 4.2525193e-01
5.3403403e+00 4.6520061e-03 1.8683850e-01 4.2855306e-01
5.3503504e+00 4.9704387e-03 1.8777813e-01 4.3239319e-01
5.3603604e+00 5.3257722e-03 1.8863724e-01 4.3542759e-01
5.3703704e+00 5.7062854e-03 1.8934741e-01 4.3880609e-01
5.3803804e+00 6.1049229e-03 1.9010838e-01 4.4096644e-01
5.3903904e+00 6.5297239e-03 1.9091981e-01 4.4431585e-01
5.4004004e+00 6.9645443e-03 1.9167467e-01 4.4785572e-01
5.4104104e+00 7.4370005e-03 1.9247339e-01 4.5081629e-01
5.4204204e+00 7.9457084e-03 1.9308255e-01 4.5347329e-01
5.4304304e+00 8.5021818e-03 1.9357354e-01 4.5504769e-01
5.4404404e+00 9.0743317e-03 1.9400871e-01 4.5747863e-01
5.4504505e+00 9.6967579e-03 1.9458261e-01 4.6023577e-01
5.4604605e+00 1.0299515e-02 1.9484043e-01 4.6112602e-01
5.4704705e+00 1.0948062e-02 1.9524579e-01 4.6192588e-01
5.4804805e+00 1.1628702e-02 1.9563520e-01 4.6411710e-01
5.4904905e+00 1.2346934e-02 1.9605095e-01 4.6636079e-01
5.5005005e+00 1.3119308e-02 1.9643978e-01 4.6878673e-01
5.5105105e+00 1.3946456e-02 1.9667677e-01 4.7026150e-01
5.5205205e+00 1.4743699e-02 1.9696391e-01 4.7127187e-01
5.5305305e+00 1.5583624e-02 1.9711354e-01 4.7296539e-01
5.5405405e+00 1.6490472e-02 1.9722760e-01 4.7408795e-01
5.5505506e+00 1.7461386e-02 1.9729256e-01 4.7490998e-01
5.5605606e+00 1.8415125e-02 1.9750286e-01 4.7587890e-01
5.5705706e+00 1.9463443e-02 1.9823288e-01 4.7591033e-01
5.5805806e+00 2.0545789e-02 1.9910001e-01 4.7592828e-01
5.5905906e+00 2.1652407e-02 1.9989493e-01 4.7611875e-01
5.6006006e+00 2.2795664e-02 2.0054720e-01 4.7606208e-01
5.6106106e+00 2.4018462e-02 2.0147796e-01 4.7572917e-01
5.6206206e+00 2.5264308e-02 2.0211980e-01 4.7616858e-01
5.6306306e+00 2.6379621e-02 2.0302350e-01 4.7695075e-01
5.6406406e+00 2.7352585e-02 2.0370381e-01 4.7666256e-01
5.6506507e+00 2.8538218e-02 2.0426913e-01 4.7722024e-01
5.6606607e+00 2.9710680e-02 2.0470972e-01 4.7640980e-01
5.6706707e+00 3.0853494e-02 2.0535753e-01 4.7673708e-01
5.6806807e+00 3.1933291e-02 2.0572040e-01 4.7630527e-01
5.6906907e+00 3.3070106e-02 2.0603911e-01 4.7572535e-01
5.7007007e+00 3.4086482e-02 2.0596462e-01 4.7520977e-01
5.7107107e+00 3.5500616e-02 2.0659259e-01 4.7414654e-01
5.7207207e+00 3.6550689e-02 2.0692296e-01 4.7413262e-01
5.7307307e+00 3.7195824e-02 2.0716225e-01 4.7465238e-01
5.7407407e+00 3.8049282e-02 2.0740649e-01 4.7513907e-01
5.7507508e+00 3.8707951e-02 2.0773850e-01 4.7497751e-01
5.7607608e+00 3.9553449e-02 2.0755227e-01 4.7498841e-01
5.7707708e+00 4.0284774e-02 2.0729343e-01 4.7421878e-01
5.7807808e+00 4.0780165e-02 2.0706975e-01 4.7484183e-01
5.7907908e+00 4.1246404e-02 2.0735234e-01 4.7451077e-01
5.8008008e+00 4.1932000e-02 2.0716758e-01 4.7371294e-01
5.8108108e+00 4.2601985e-02 2.0691523e-01 4.7349189e-01
5.8208208e+00 4.2495727e-02 2.0698097e-01 4.7357624e-01
5.8308308e+00 4.2818338e-02 2.0687154e-01 4.7186816e-01
5.8408408e+00 4.2905315e-02 2.0687387e-01 4.7122910e-01
5.8508509e+00 4.3034583e-02 2.0661041e-01 4.7046382e-01
5.8608609e+00 4.3309818e-02 2.0619691e-01 4.7088887e-01
5.8708709e+00 4.3157316e-02 2.0597195e-01 4.6991420e-01
5.8808809e+00 4.2801144e-02 2.0579685e-01 4.7039478e-01
5.8908909e+00 4.2576869e-02 2.0517032e-01 4.6976963e-01
5.9009009e+00 4.2325073e-02 2.0474774e-01 4.6897067e-01
5.9109109e+00 4.2037141e-02 2.0450868e-01 4.6742778e-01
5.9209209e+00 4.1824892e-02 2.0393812e-01 4.6776066e-01
5.9309309e+00 4.1571184e-02 2.0350961e-01 4.6742580e-01
5.9409409e+00 4.1530879e-02 2.0305469e-01 4.6619853e-01
5.9509510e+00 4.1355791e-02 2.0270060e-01 4.6551168e-01
5.9609610e+00 4.1274824e-02 2.0214993e-01 4.6471239e-01
5.9709710e+00 4.1005644e-02 2.0188018e-01 4.6439022e-01
5.9809810e+00 4.1047702e-02 2.0185749e-01 4.6415975e-01
5.9909910e+00 4.0808672e-02 2.0116805e-01 4.6342611e-01
6.0010010e+00 4.0791187e-02 2.0053873e-01 4.6329481e-01
6.0110110e+00 4.0531081e-02 1.9968558e-01 4.6255326e-01
6.0210210e+00 4.0567990e-02 1.9922942e-01 4.6171480e-01
6.0310310e+00 4.0114922e-02 1.9879086e-01 4.6152081e-01
6.0410410e+00 3.9769541e-02 1.9843633e-01 4.6075450e-01
6.0510511e+00 3.9659909e-02 1.9810473e-01 4.6016227e-01
6.0610611e+00 3.9308600e-02 1.9745866e-01 4.5938892e-01
6.0710711e+00 3.8848007e-02 1.9732034e-01 4.5877312e-01
6.0810811e+00 3.8606755e-02 1.9719310e-01 4.5791521e-01
6.0910911e+00 3.8161349e-02 1.9702951e-01 4.5726737e-01
6.1011011e+00 3.7928793e-02 1.9681045e-01 4.5691055e-01
6.1111111e+00 3.7769952e-02 1.9648094e-01 4.5684578e-01
6.1211211e+00 3.7446290e-02 1.9607231e-01 4.5654537e-01
6.1311311e+00 3.7103418e-02 1.9599859e-01 4.5637350e-01
6.1411411e+00 3.6734708e-02 1.9591272e-01 4.5559788e-01
6.1511512e+00 3.6392962e-02 1.9584458e-01 4.5513351e-01
6.1611612e+00 3.6033724e-02 1.9578132e-01 4.5439548e-01
6.1711712e+00 3.5554039e-02 1.9561774e-01 4.5362311e-01
6.1811812e+00 3.5111796e-02 1.9533630e-01 4.5292476e-01
6.1911912e+00 3.4698655e-02 1.9499165e-01 4.5278569e-01
6.2012012e+00 3.4399299e-02 1.9502264e-01 4.5161145e-01
6.2112112e+00 3.4201363e-02 1.9475055e-01 4.5138140e-01
6.2212212e+00 3.4108956e-02 1.9413884e-01 4.5087754e-01
6.2312312e+00 3.3794438e-02 1.9387212e-01 4.5038789e-01
6.2412412e+00 3.3314914e-02 1.9359298e-01 4.5085035e-01
6.2512513e+00 3.2960133e-02 1.9320681e-01 4.5003031e-01
6.2612613e+00 3.2564872e-02 1.9314841e-01 4.4933218e-01
6.2712713e+00 3.2387810e-02 1.9294922e-01 4.4919478e-01
6.2812813e+00 3.2207796e-02 1.9262089e-01 4.4886736e-01
6.2912913e+00 3.1951025e-02 1.9234639e-01 4.4896747e-01
6.3013013e+00 3.1797190e-02 1.9203795e-01 4.4902001e-01
6.3113113e+00 3.1610600e-02 1.9169858e-01 4.4873453e-01
6.3213213e+00 3.1177020e-02 1.9136137e-01 4.4837678e-01
6.3313313e+00 3.0828121e-02 1.9108224e-01 4.4827988e-01
6.3413413e+00 3.0655814e-02 1.9067672e-01 4.4813259e-01
6.3513514e+00 3.0492230e-02 1.9010375e-01 4.4779823e-01
6.3613614e+00 2.9997996e-02 1.8963925e-01 4.4724380e-01
6.3713714e+00 2.9713868e-02 1.8922744e-01 4.4683845e-01
6.3813814e+00 2.9512507e-02 1.8928717e-01 4.4706460e-01
6.3913914e+00 2.9401799e-02 1.8920431e-01 4.4618734e-01
6.4014014e+00 2.9269143e-02 1.8859669e-01 4.4563179e-01
6.4114114e+00 2.8968359e-02 1.8838455e-01 4.4463489e-01
6.4214214e+00 2.8829204e-02 1.8836321e-01 4.4434948e-01
6.4314314e+00 2.8501974e-02 1.8822691e-01 4.4422982e-01
6.4414414e+00 2.8158560e-02 1.8808606e-01 4.4396258e-01
6.4514515e+00 2.7818343e-02 1.8777733e-01 4.4420868e-01
6.4614615e+00 2.7778226e-02 1.8764201e-01 4.4464109e-01
6.4714715e+00 2.7474047e-02 1.8731288e-01 4.4421213e-01
6.4814815e+00 2.7460594e-02 1.8684051e-01 4.4400194e-01
6.4914915e+00 2.7158735e-02 1.8655026e-01 4.4335983e-01
6.5015015e+00 2.7060577e-02 1.8616462e-01 4.4293178e-01
6.5115115e+00 2.6892261e-02 1.8617107e-01 4.4287715e-01
6.5215215e+00 2.6529582e-02 1.8641167e-01 4.4282986e-01
6.5315315e+00 2.6351574e-02 1.8644915e-01 4.4345624e-01
6.5415415e+00 2.6251493e-02 1.8641043e-01 4.4364303e-01
6.5515516e+00 2.6173100e-02 1.8644873e-01 4.4385854e-01
6.5615616e+00 2.6100836e-02 1.8650249e-01 4.4407285e-01
6.5715716e+00 2.5981800e-02 1.8654113e-01 4.4409824e-01
6.5815816e+00 2.5578804e-02 1.8652330e-01 4.4427388e-01
6.5915916e+00 2.5601343e-02 1.8638921e-01 4.4508061e-01
6.6016016e+00 2.5414548e-02 1.8654352e-01 4.4537007e-01
6.6116116e+00 2.5308650e-02 1.8648715e-01 4.4543596e-01
6.6216216e+00 2.5188330e-02 1.8644905e-01 4.4577121e-01
6.6316316e+00 2.5136344e-02 1.8646540e-01 4.4594928e-01
6.6416416e+00 2.5154190e-02 1.8630557e-01 4.4584684e-01
6.6516517e+00 2.5374753e-02 1.8678208e-01 4.4583445e-01
6.6616617e+00 2.5274229e-02 1.8676633e-01 4.4610767e-01
6.6716717e+00 2.5188865e-02 1.8692635e-01 4.4667546e-01
6.6816817e+00 2.5016126e-02 1.8708334e-01 4.4647259e-01
6.6916917e+00 2.5078792e-02 1.8704270e-01 4.4686550e-01
6.7017017e+00 2.5183541e-02 1.8696144e-01 4.4732470e-01
6.7117117e+00 2.5101039e-02 1.8708610e-01 4.4728941e-01
6.7217217e+00 2.5244979e-02 1.8750203e-01 4.4774808e-01
6.7317317e+00 2.5262320e-02 1.8765725e-01 4.4737421e-01
6.7417417e+00 2.5359628e-02 1.8801122e-01 4.4786823e-01
6.7517518e+00 2.5500409e-02 1.8859839e-01 4.4878110e-01
6.7617618e+00 2.5443405e-02 1.8876837e-01 4.4986616e-01
6.7717718e+00 2.5611112e-02 1.8908061e-01 4.5049196e-01
6.7817818e+00 2.5808382e-02 1.8958073e-01 4.5055866e-01
6.7917918e+00 2.5916229e-02 1.9022145e-01 4.5020940e-01
6.8018018e+00 2.6211775e-02 1.9056240e-01 4.5105314e-01
6.8118118e+00 2.6298324e-02 1.9074612e-01 4.5226709e-01
6.8218218e+00 2.6625362e-02 1.9086977e-01 4.5288156e-01
6.8318318e+00 2.7101114e-02 1.9113807e-01 4.5372912e-01
6.8418418e+00 2.7289540e-02 1.9183535e-01 4.5425022e-01
6.8518519e+00 2.7435147e-02 1.9196799e-01 4.5558238e-01
6.8618619e+00 2.7610982e-02 1.9228795e-01 4.5658930e-01
6.8718719e+00 2.7771233e-02 1.9268559e-01 4.5745655e-01
6.8818819e+00 2.8192187e-02 1.9300069e-01 4.5735320e-01
6.8918919e+00 2.8522966e-02 1.9365935e-01 4.5852114e-01
6.9019019e+00 2.8877062e-02 1.9394215e-01 4.5894004e-01
6.9119119e+00 2.9091390e-02 1.9436361e-01 4.5871732e-01
6.9219219e+00 2.9415448e-02 1.9453675e-01 4.5989615e-01
6.9319319e+00 2.9750832e-02 1.9486175e-01 4.6023809e-01
6.9419419e+00 2.9862281e-02 1.9536653e-01 4.6177796e-01
6.9519520e+00 3.0209569e-02 1.9567876e-01 4.6261139e-01
6.9619620e+00 3.0552112e-02 1.9614543e-01 4.6306519e-01
6.9719720e+00 3.0887400e-02 1.9648060e-01 4.6385585e-01
6.9819820e+00 3.1311602e-02 1.9680409e-01 4.6564682e-01
6.9919920e+00 3.1774804e-02 1.9734991e-01 4.6750407e-01
7.0020020e+00 3.2362163e-02 1.9765054e-01 4.6951332e-01
7.0120120e+00 3.2918938e-02 1.9801048e-01 4.6999419e-01
7.0220220e+00 3.3532811e-02 1.9863457e-01 4.7208741e-01
7.0320320e+00 3.4024923e-02 1.9902916e-01 4.7279366e-01
7.0420420e+00 3.4597278e-02 1.9979903e-01 4.7401013e-01
7.0520521e+00 3.5444048e-02 2.0058529e-01 4.7591855e-01
7.0620621e+00 3.6039282e-02 2.0138180e-01 4.7715018e-01
7.0720721e+00 3.6804945e-02 2.0243963e-01 4.7873972e-01
7.0820821e+00 3.7661595e-02 2.0357154e-01 4.7957711e-01
7.0920921e+00 3.8359671e-02 2.0434391e-01 4.8087276e-01
7.1021021e+00 3.8952456e-02 2.0550987e-01 4.8205443e-01
7.1121121e+00 3.9587305e-02 2.0663501e-01 4.8305919e-01
7.1221221e+00 4.0180332e-02 2.0772761e-01 4.8531839e-01
7.1321321e+00 4.1005909e-02 2.0864557e-01 4.8725959e-01
7.1421421e+00 4.1799515e-02 2.0996143e-01 4.8992830e-01
7.1521522e+00 4.2639296e-02 2.1103946e-01 4.9146017e-01
7.1621622e+00 4.3628456e-02 2.1218957e-01 4.9365502e-01
7.1721722e+00 4.4443440e-02 2.1362896e-01 4.9445338e-01
7.1821822e+00 4.5712788e-02 2.1529388e-01 4.9549818e-01
7.1921922e+00 4.6691626e-02 2.1649576e-01 4.9731214e-01
7.2022022e+00 4.7881073e-02 2.1815490e-01 4.9912751e-01
7.2122122e+00 4.9046771e-02 2.1998369e-01 5.0066694e-01
7.2222222e+00 5.0100354e-02 2.2117723e-01 5.0253644e-01
7.2322322e+00 5.1293550e-02 2.2286192e-01 5.0543509e-01
7.2422422e+00 5.2595767e-02 2.2468414e-01 5.0745889e-01
7.2522523e+00 5.3779787e-02 2.2689564e-01 5.0941302e-01
7.2622623e+00 5.5174443e-02 2.2850937e-01 5.1142321e-01
7.2722723e+00 5.6444192e-02 2.3015361e-01 5.1320306e-01
7.2822823e+00 5.7571481e-02 2.3206837e-01 5.1484358e-01
7.2922923e+00 5.9024892e-02 2.3379300e-01 5.1694592e-01
7.3023023e+00 6.0419466e-02 2.3578334e-01 5.1927649e-01
7.3123123e+00 6.1942503e-02 2.3803817e-01 5.2238870e-01
7.3223223e+00 6.3519551e-02 2.3985825e-01 5.2473193e-01
7.3323323e+00 6.4926043e-02 2.4208258e-01 5.2713098e-01
7.3423423e+00 6.6313654e-02 2.4466730e-01 5.2922317e-01
7.3523524e+00 6.7721495e-02 2.4714943e-01 5.3217101e-01
7.3623624e+00 6.9607933e-02 2.4972840e-01 5.3502179e-01
7.3723724e+00 7.1516986e-02 2.5203392e-01 5.3826785e-01
7.3823824e+00 7.3237838e-02 2.5459795e-01 5.4154383e-01
7.3923924e+00 7.4942873e-02 2.5711088e-01 5.4361967e-01
7.4024024e+00 7.6936759e-02 2.5982162e-01 5.4735099e-01
7.4124124e+00 7.9111228e-02 2.6217115e-01 5.5096270e-01
7.4224224e+00 8.0833100e-02 2.6486478e-01 5.5444592e-01
7.4324324e+00 8.3008266e-02 2.6791356e-01 5.5754903e-01
7.4424424e+00 8.5076815e-02 2.7152031e-01 5.6021439e-01
7.4524525e+00 8.7371594e-02 2.7496646e-01 5.6333646e-01
7.4624625e+00 8.9924757e-02 2.7769921e-01 5.6662062e-01
7.4724725e+00 9.2390959e-02 2.8075934e-01 5.6966602e-01
7.4824825e+00 9.4857534e-02 2.8402764e-01 5.7428372e-01
7.4924925e+00 9.7357598e-02 2.8696216e-01 5.7842669e-01
7.5025025e+00 1.0003385e-01 2.8993843e-01 5.8211065e-01
7.5125125e+00 1.0277186e-01 2.9362087e-01 5.8479778e-01
7.5225225e+00 1.0520451e-01 2.9741606e-01 5.8897219e-01
7.5325325e+00 1.0818882e-01 3.0148555e-01 5.9334135e-01
7.5425425e+00 1.1093374e-01 3.0514377e-01 5.9687872e-01
7.5525526e+00 1.1360947e-01 3.0900939e-01 6.0040771e-01
7.5625626e+00 1.1646626e-01 3.1287588e-01 6.0479021e-01
7.5725726e+00 1.1872595e-01 3.1722561e-01 6.0910637e-01
7.5825826e+00 1.2214558e-01 3.2193768e-01 6.1361657e-01
7.5925926e+00 1.2560564e-01 3.2607752e-01 6.1780200e-01
7.6026026e+00 1.2907913e-01 3.3062358e-01 6.2343070e-01
7.6126126e+00 1.3205222e-01 3.3483635e-01 6.2834603e-01
7.6226226e+00 1.3549336e-01 3.3931042e-01 6.3252314e-01
7.6326326e+00 1.3861480e-01 3.4368416e-01 6.3833899e-01
7.6426426e+00 1.4266746e-01 3.4869012e-01 6.4328721e-01
7.6526527e+00 1.4592334e-01 3.5341852e-01 6.4891204e-01
7.6626627e+00 1.4980191e-01 3.5843196e-01 6.5347896e-01
7.6726727e+00 1.5364342e-01 3.6355328e-01 6.5903227e-01
7.6826827e+00 1.5733403e-01 3.6836150e-01 6.6452301e-01
7.6926927e+00 1.6152746e-01 3.7317670e-01 6.6912287e-01
7.7027027e+00 1.6533592e-01 3.7775673e-01 6.7485810e-01
7.7127127e+00 1.6954962e-01 3.8284109e-01 6.8055440e-01
7.7227227e+00 1.7389922e-01 3.8772857e-01 6.8609188e-01
7.7327327e+00 1.7756264e-01 3.9269852e-01 6.9244006e-01
7.7427427e+00 1.8198174e-01 3.9788203e-01 6.9745060e-01
7.7527528e+00 1.8601247e-01 4.0321260e-01 7.0383865e-01
7.7627628e+00 1.9022793e-01 4.0878522e-01 7.1067004e-01
7.7727728e+00 1.9449734e-01 4.1442287e-01 7.1727247e-01
7.7827828e+00 1.9851305e-01 4.2001160e-01 7.2487173e-01
7.7927928e+00 2.0283326e-01 4.2601213e-01 7.3103051e-01
7.8028028e+00 2.0701851e-01 4.3150422e-01 7.3781273e-01
7.8128128e+00 2.1147808e-01 4.3742262e-01 7.4465907e-01
7.8228228e+00 2.1608757e-01 4.4315798e-01 7.5220059e-01
7.8328328e+00 2.2062352e-01 4.4911658e-01 7.5953360e-01
7.8428428e+00 2.2541891e-01 4.5502770e-01 7.6697079e-01
7.8528529e+00 2.2991260e-01 4.6139041e-01 7.7412474e-01
7.8628629e+00 2.3525330e-01 4.6730242e-01 7.8128800e-01
7.8728729e+00 2.4049771e-01 4.7367678e-01 7.8833520e-01
7.8828829e+00 2.4618352e-01 4.8037487e-01 7.9556281e-01
7.8928929e+00 2.5193248e-01 4.8728280e-01 8.0246659e-01
7.9029029e+00 2.5753254e-01 4.9410870e-01 8.0946474e-01
7.9129129e+00 2.6321088e-01 5.0075355e-01 8.1780980e-01
7.9229229e+00 2.6847946e-01 5.0686364e-01 8.2551000e-01
7.9329329e+00 2.7438680e-01 5.1416640e-01 8.3384141e-01
7.9429429e+00 2.7959649e-01 5.2182564e-01 8.4108835e-01
7.9529530e+00 2.8514715e-01 5.2839497e-01 8.4800555e-01
7.9629630e+00 2.9077910e-01 5.3529452e-01 8.5503395e-01
7.9729730e+00 2.9650489e-01 5.4250169e-01 8.6195827e-01
7.9829830e+00 3.0222425e-01 5.4984214e-01 8.6932304e-01
7.9929930e+00 3.0803298e-01 5.5766025e-01 8.7791416e-01
8.0030030e+00 3.1434488e-01 5.6471886e-01 8.8636395e-01
8.0130130e+00 3.1987706e-01 5.7193179e-01 8.9460757e-01
8.0230230e+00 3.2627051e-01 5.7927169e-01 9.0231607e-01
8.0330330e+00 3.3283060e-01 5.8659106e-01 9.1010771e-01
8.0430430e+00 3.3925210e-01 5.9496262e-01 9.1802908e-01
8.0530531e+00 3.4591162e-01 6.0254784e-01 9.2613522e-01
8.0630631e+00 3.5203903e-01 6.0999211e-01 9.3389430e-01
8.0730731e+00 3.5821410e-01 6.1735606e-01 9.4219378e-01
8.0830831e+00 3.6464374e-01 6.2509547e-01 9.5103183e-01
8.0930931e+00 3.7127814e-01 6.3296102e-01 9.5996941e-01
8.1031031e+00 3.7785022e-01 6.4046766e-01 9.6794490e-01
8.1131131e+00 3.8422242e-01 6.4872487e-01 9.7727253e-01
8.1231231e+00 3.9057259e-01 6.5654613e-01 9.8510642e-01
8.1331331e+00 3.9672199e-01 6.6435956e-01 9.9341717e-01
8.1431431e+00 4.0331577e-01 6.7236927e-01 1.0022825e+00
8.1531532e+00 4.0918987e-01 6.8075593e-01 1.0107746e+00
8.1631632e+00 4.1549366e-01 6.8816448e-01 1.0187635e+00
8.1731732e+00 4.2209937e-01 6.9591827e-01 1.0265740e+00
8.1831832e+00 4.2820941e-01 7.0420066e-01 1.0346241e+00
8.1931932e+00 4.3396268e-01 7.1206877e-01 1.0428131e+00
8.2032032e+00 4.3974134e-01 7.1980303e-01 1.0514413e+00
8.2132132e+00 4.4567987e-01 7.2774451e-01 1.0606080e+00
8.2232232e+00 4.5177378e-01 7.3582680e-01 1.0678499e+00
8.2332332e+00 4.5849259e-01 7.4384378e-01 1.0756360e+00
8.2432432e+00 4.6500420e-01 7.5161415e-01 1.0841248e+00
8.2532533e+00 4.7127430e-01 7.5959807e-01 1.0917596e+00
8.2632633e+00 4.7754135e-01 7.6679711e-01 1.0997138e+00
8.2732733e+00 4.8365403e-01 7.7455113e-01 1.1083369e+00
8.2832833e+00 4.9053403e-01 7.8214457e-01 1.1156969e+00
8.2932933e+00 4.9763145e-01 7.8972999e-01 1.1230522e+00
8.3033033e+00 5.0394804e-01 7.9748075e-01 1.1316084e+00
8.3133133e+00 5.1001153e-01 8.0466894e-01 1.1385955e+00
8.3233233e+00 5.1656020e-01 8.1180676e-01 1.1464506e+00
8.3333333e+00 5.2258324e-01 8.1919920e-01 1.1538997e+00
8.3433433e+00 5.2861338e-01 8.2576899e-01 1.1618743e+00
8.3533534e+00 5.3487790e-01 8.3246412e-01 1.1699451e+00
8.3633634e+00 5.4151652e-01 8.3904984e-01 1.1762306e+00
8.3733734e+00 5.4723181e-01 8.4581754e-01 1.1835834e+00
8.3833834e+00 5.5306810e-01 8.5238600e-01 1.1904725e+00
8.3933934e+00 5.5967115e-01 8.5874908e-01 1.1978160e+00
8.4034034e+00 5.6445443e-01 8.6467078e-01 1.2044825e+00
8.4134134e+00 5.6995472e-01 8.7096506e-01 1.2112642e+00
8.4234234e+00 5.7523953e-01 8.7694100e-01 1.2186615e+00
8.4334334e+00 5.8008016e-01 8.8367154e-01 1.2258003e+00
8.4434434e+00 5.8552854e-01 8.8975831e-01 1.2323991e+00
8.4534535e+00 5.9125871e-01 8.9630149e-01 1.2382330e+00
8.4634635e+00 5.9628992e-01 9.0215113e-01 1.2452490e+00
8.4734735e+00 6.0097061e-01 9.0747104e-01 1.2514776e+00
8.4834835e+00 6.0522558e-01 9.1299012e-01 1.2577345e+00
8.4934935e+00 6.1033561e-01 9.1837464e-01 1.2634308e+00
8.5035035e+00 6.1438928e-01 9.2377322e-01 1.2682236e+00
8.5135135e+00 6.1888871e-01 9.2883733e-01 1.2743837e+00
8.5235235e+00 6.2283016e-01 9.3352520e-01 1.2797476e+00
8.5335335e+00 6.2675460e-01 9.3869772e-01 1.2849794e+00
8.5435435e+00 6.2978987e-01 9.4305479e-01 1.2895369e+00
8.5535536e+00 6.3307085e-01 9.4793470e-01 1.2951890e+00
8.5635636e+00 6.3735645e-01 9.5267607e-01 1.3007670e+00
8.5735736e+00 6.4063919e-01 9.5654642e-01 1.3057196e+00
8.5835836e+00 6.4448313e-01 9.6010213e-01 1.3096025e+00
8.5935936e+00 6.4785848e-01 9.6375629e-01 1.3138179e+00
8.6036036e+00 6.5043395e-01 9.6735239e-01 1.3178182e+00
8.6136136e+00 6.5268720e-01 9.7036639e-01 1.3215926e+00
8.6236236e+00 6.5543299e-01 9.7368174e-01 1.3253154e+00
8.6336336e+00 6.5757011e-01 9.7659608e-01 1.3291936e+00
8.6436436e+00 6.5982551e-01 9.7965887e-01 1.3316347e+00
8.6536537e+00 6.6273794e-01 9.8228586e-01 1.3349797e+00
8.6636637e+00 6.6466778e-01 9.8552142e-01 1.3379822e+00
8.6736737e+00 6.6624159e-01 9.8780830e-01 1.3411932e+00
8.6836837e+00 6.6853293e-01 9.9017464e-01 1.3437349e+00
8.6936937e+00 6.7028073e-01 9.9235678e-01 1.3464290e+00
8.7037037e+00 6.7190309e-01 9.9402159e-01 1.3484734e+00
8.7137137e+00 6.7321507e-01 9.9500736e-01 1.3508737e+00
8.7237237e+00 6.7422295e-01 9.9583849e-01 1.3517780e+00
8.7337337e+00 6.7518189e-01 9.9654421e-01 1.3530968e+00
8.7437437e+00 6.7587515e-01 9.9821228e-01 1.3531038e+00
8.7537538e+00 6.7631232e-01 9.9962998e-01 1.3543820e+00
8.7637638e+00 6.7656190e-01 9.9982288e-01 1.3548392e+00
8.7737738e+00 6.7689305e-01 9.9974196e-01 1.3557365e+00
8.7837838e+00 6.7629851e-01 1.0000000e+00 1.3563579e+00
8.7937938e+00 6.7573862e-01 9.9998272e-01 1.3560907e+00
8.8038038e+00 6.7697525e-01 9.9872527e-01 1.3554623e+00
8.8138138e+00 6.7615982e-01 9.9784637e-01 1.3549178e+00
8.8238238e+00 6.7574862e-01 9.9718397e-01 1.3537953e+00
8.8338338e+00 6.7464604e-01 9.9679487e-01 1.3532260e+00
8.8438438e+00 6.7369423e-01 9.9569791e-01 1.3519421e+00
8.8538539e+00 6.7275594e-01 9.9506205e-01 1.3515168e+00
8.8638639e+00 6.7126163e-01 9.9376179e-01 1.3506525e+00
8.8738739e+00 6.7021065e-01 9.9218842e-01 1.3503271e+00
8.8838839e+00 6.6934575e-01 9.9061216e-01 1.3486633e+00
8.8938939e+00 6.6831863e-01 9.8896450e-01 1.3458228e+00
8.9039039e+00 6.6660998e-01 9.8702117e-01 1.3426871e+00
8.9139139e+00 6.6380250e-01 9.8488791e-01 1.3400167e+00
8.9239239e+00 6.6171258e-01 9.8302786e-01 1.3376908e+00
8.9339339e+00 6.5984467e-01 9.8084013e-01 1.3352945e+00
8.9439439e+00 6.5782801e-01 9.7833486e-01 1.3322633e+00
8.9539540e+00 6.5579186e-01 9.7578234e-01 1.3296049e+00
8.9639640e+00 6.5300456e-01 9.7295850e-01 1.3263746e+00
8.9739740e+00 6.5043902e-01 9.6939618e-01 1.3227299e+00
8.9839840e+00 6.4707506e-01 9.6555921e-01 1.3181585e+00
8.9939940e+00 6.4442813e-01 9.6258835e-01 1.3145465e+00
9.0040040e+00 6.4261737e-01 9.5897755e-01 1.3101017e+00
9.0140140e+00 6.4028165e-01 9.5547778e-01 1.3057812e+00
9.0240240e+00 6.3764122e-01 9.5147686e-01 1.3006958e+00
9.0340340e+00 6.3494505e-01 9.4763370e-01 1.2962343e+00
9.0440440e+00 6.3253086e-01 9.4381473e-01 1.2910522e+00
9.0540541e+00 6.2984734e-01 9.3993912e-01 1.2865150e+00
9.0640641e+00 6.2726200e-01 9.3546325e-01 1.2820375e+00
9.0740741e+00 6.2449033e-01 9.3078438e-01 1.2772443e+00
9.0840841e+00 6.2169006e-01 9.2741187e-01 1.2714592e+00
9.0940941e+00 6.1898903e-01 9.2364512e-01 1.2657810e+00
9.1041041e+00 6.1629082e-01 9.1956389e-01 1.2600666e+00
9.1141141e+00 6.1275619e-01 9.1522271e-01 1.2551728e+00
9.1241241e+00 6.0994345e-01 9.1129699e-01 1.2498745e+00
9.1341341e+00 6.0789439e-01 9.0727188e-01 1.2439178e+00
9.1441441e+00 6.0490190e-01 9.0290024e-01 1.2381161e+00
9.1541542e+00 6.0179062e-01 8.9902741e-01 1.2314379e+00
9.1641642e+00 5.9984998e-01 8.9487347e-01 1.2255270e+00
9.1741742e+00 5.9655932e-01 8.9040822e-01 1.2197954e+00
9.1841842e+00 5.9359617e-01 8.8609430e-01 1.2132764e+00
9.1941942e+00 5.9069720e-01 8.8145109e-01 1.2076453e+00
9.2042042e+00 5.8838238e-01 8.7699833e-01 1.2013515e+00
9.2142142e+00 5.8555613e-01 8.7261280e-01 1.1951506e+00
9.2242242e+00 5.8337904e-01 8.6867087e-01 1.1888223e+00
9.2342342e+00 5.8134285e-01 8.6484487e-01 1.1831401e+00
9.2442442e+00 5.7936308e-01 8.6044175e-01 1.1769072e+00
9.2542543e+00 5.7705416e-01 8.5632737e-01 1.1713904e+00
9.2642643e+00 5.7444184e-01 8.5199068e-01 1.1661423e+00
9.2742743e+00 5.7151146e-01 8.4862527e-01 1.1601788e+00
9.2842843e+00 5.6978751e-01 8.4507718e-01 1.1539404e+00
9.2942943e+00 5.6809730e-01 8.4097900e-01 1.1480535e+00
9.3043043e+00 5.6667881e-01 8.3768728e-01 1.1424406e+00
9.3143143e+00 5.6461353e-01 8.3391288e-01 1.1371672e+00
9.3243243e+00 5.6265374e-01 8.3045367e-01 1.1312059e+00
9.3343343e+00 5.6124401e-01 8.2738681e-01 1.1262027e+00
9.3443443e+00 5.5883214e-01 8.2407489e-01 1.1216965e+00
9.3543544e+00 5.5772799e-01 8.2110425e-01 1.1165960e+00
9.3643644e+00 5.5600314e-01 8.1800826e-01 1.1117804e+00
9.3743744e+00 5.5452415e-01 8.1502980e-01 1.1073275e+00
9.3843844e+00 5.5295703e-01 8.1298121e-01 1.1028698e+00
9.3943944e+00 5.5169724e-01 8.1059698e-01 1.0983961e+00
9.4044044e+00 5.5083816e-01 8.0813458e-01 1.0944348e+00
9.4144144e+00 5.4952006e-01 8.0590812e-01 1.0901006e+00
9.4244244e+00 5.4846902e-01 8.0403366e-01 1.0865322e+00
9.4344344e+00 5.4773575e-01 8.0202191e-01 1.0842844e+00
9.4444444e+00 5.4600115e-01 7.9980880e-01 1.0811470e+00
9.4544545e+00 5.4488374e-01 7.9818044e-01 1.0777479e+00
9.4644645e+00 5.4444478e-01 7.9634572e-01 1.0751512e+00
9.4744745e+00 5.4405519e-01 7.9525569e-01 1.0735205e+00
9.4844845e+00 5.4289275e-01 7.9347268e-01 1.0720022e+00
9.4944945e+00 5.4279773e-01 7.9333308e-01 1.0703131e+00
9.5045045e+00 5.4232194e-01 7.9282967e-01 1.0681958e+00
9.5145145e+00 5.4131639e-01 7.9200029e-01 1.0669945e+00
9.5245245e+00 5.4034011e-01 7.9124537e-01 1.0656983e+00
9.5345345e+00 5.3975909e-01 7.8976282e-01 1.0652762e+00
9.5445445e+00 5.3973223e-01 7.8918514e-01 1.0642225e+00
9.5545546e+00 5.3973432e-01 7.8877446e-01 1.0649226e+00
9.5645646e+00 5.3948775e-01 7.8881114e-01 1.0649286e+00
9.5745746e+00 5.3882819e-01 7.8870172e-01 1.0648021e+00
9.5845846e+00 5.3787044e-01 7.8872326e-01 1.0646577e+00
9.5945946e+00 5.3799079e-01 7.8818966e-01 1.0649048e+00
9.6046046e+00 5.3775213e-01 7.8772935e-01 1.0659407e+00
9.6146146e+00 5.3751173e-01 7.8792998e-01 1.0673160e+00
9.6246246e+00 5.3752588e-01 7.8845957e-01 1.0685926e+00
9.6346346e+00 5.3696007e-01 7.8899729e-01 1.0705036e+00
9.6446446e+00 5.3720428e-01 7.8924645e-01 1.0731736e+00
9.6546547e+00 5.3700120e-01 7.9078433e-01 1.0748192e+00
9.6646647e+00 5.3713902e-01 7.9156656e-01 1.0762887e+00
9.6746747e+00 5.3731895e-01 7.9224334e-01 1.0780387e+00
9.6846847e+00 5.3761226e-01 7.9286163e-01 1.0803046e+00
9.6946947e+00 5.3844426e-01 7.9386899e-01 1.0821201e+00
9.7047047e+00 5.3880136e-01 7.9423097e-01 1.0845310e+00
9.7147147e+00 5.3849162e-01 7.9542136e-01 1.0869578e+00
9.7247247e+00 5.3813158e-01 7.9667566e-01 1.0896846e+00
9.7347347e+00 5.3778491e-01 7.9809014e-01 1.0926473e+00
9.7447447e+00 5.3723784e-01 7.9912986e-01 1.0958270e+00
9.7547548e+00 5.3772287e-01 8.0007716e-01 1.0984336e+00
9.7647648e+00 5.3730631e-01 8.0111709e-01 1.1010687e+00
9.7747748e+00 5.3755844e-01 8.0242142e-01 1.1033263e+00
9.7847848e+00 5.3817274e-01 8.0432575e-01 1.1066735e+00
9.7947948e+00 5.3778064e-01 8.0586391e-01 1.1090106e+00
9.8048048e+00 5.3791030e-01 8.0756959e-01 1.1117080e+00
9.8148148e+00 5.3793163e-01 8.0875885e-01 1.1155876e+00
9.8248248e+00 5.3782193e-01 8.1027553e-01 1.1172262e+00
9.8348348e+00 5.3811821e-01 8.1145969e-01 1.1197327e+00
9.8448448e+00 5.3856331e-01 8.1267368e-01 1.1223793e+00
9.8548549e+00 5.3879359e-01 8.1405010e-01 1.1251238e+00
9.8648649e+00 5.3909599e-01 8.1550310e-01 1.1277112e+00
9.8748749e+00 5.3901765e-01 8.1680118e-01 1.1301249e+00
9.8848849e+00 5.3928275e-01 8.1801517e-01 1.1326581e+00
9.8948949e+00 5.3967686e-01 8.1885254e-01 1.1345429e+00
9.9049049e+00 5.3935796e-01 8.2032188e-01 1.1365297e+00
9.9149149e+00 5.3907594e-01 8.2109060e-01 1.1380329e+00
9.9249249e+00 5.3875837e-01 8.2183208e-01 1.1397191e+00
9.9349349e+00 5.3817398e-01 8.2220126e-01 1.1419605e+00
9.9449449e+00 5.3742210e-01 8.2265151e-01 1.1435665e+00
9.9549550e+00 5.3711474e-01 8.2277834e-01 1.1445127e+00
9.9649650e+00 5.3701064e-01 8.2349501e-01 1.1448499e+00
9.9749750e+00 5.3651103e-01 8.2372157e-01 1.1456891e+00
9.9849850e+00 5.3578472e-01 8.2444096e-01 1.1464286e+00
9.9949950e+00 5.3543126e-01 8.2420228e-01 1.1472675e+00
1.0005005e+01 5.3479211e-01 8.2446320e-01 1.1483109e+00
1.0015015e+01 5.3425354e-01 8.2360914e-01 1.1488544e+00
1.0025025e+01 5.3367448e-01 8.2359138e-01 1.1495050e+00
1.0035035e+01 5.3305444e-01 8.2322069e-01 1.1493986e+00
1.0045045e+01 5.3203609e-01 8.2269359e-01 1.1488898e+00
1.0055055e+01 5.3074016e-01 8.2198931e-01 1.1483846e+00
1.0065065e+01 5.2960495e-01 8.2114392e-01 1.1475607e+00
1.0075075e+01 5.2888010e-01 8.1967453e-01 1.1467705e+00
1.0085085e+01 5.2783422e-01 8.1860335e-01 1.1461739e+00
1.0095095e+01 5.2645578e-01 8.1710311e-01 1.1447730e+00
1.0105105e+01 5.2484674e-01 8.1510232e-01 1.1426557e+00
1.0115115e+01 5.2316273e-01 8.1380439e-01 1.1410726e+00
1.0125125e+01 5.2062956e-01 8.1163886e-01 1.1379285e+00
1.0135135e+01 5.1896432e-01 8.0954127e-01 1.1357771e+00
1.0145145e+01 5.1806723e-01 8.0739012e-01 1.1339862e+00
1.0155155e+01 5.1621389e-01 8.0493592e-01 1.1312228e+00
1.0165165e+01 5.1377812e-01 8.0241014e-01 1.1283386e+00
1.0175175e+01 5.1151441e-01 7.9972337e-01 1.1244598e+00
1.0185185e+01 5.0903618e-01 7.9672736e-01 1.1211904e+00
1.0195195e+01 5.0624984e-01 7.9351399e-01 1.1168570e+00
1.0205205e+01 5.0372170e-01 7.9006725e-01 1.1131290e+00
1.0215215e+01 5.0053912e-01 7.8688981e-01 1.1092677e+00
1.0225225e+01 4.9793692e-01 7.8314504e-01 1.1046814e+00
1.0235235e+01 4.9505233e-01 7.7872745e-01 1.1001153e+00
1.0245245e+01 4.9202419e-01 7.7403263e-01 1.0946744e+00
1.0255255e+01 4.8893056e-01 7.7010789e-01 1.0890235e+00
1.0265265e+01 4.8574678e-01 7.6580775e-01 1.0828941e+00
1.0275275e+01 4.8215620e-01 7.6127111e-01 1.0773558e+00
1.0285285e+01 4.7810547e-01 7.5650317e-01 1.0717676e+00
1.0295295e+01 4.7436291e-01 7.5139362e-01 1.0652225e+00
1.0305305e+01 4.7012243e-01 7.4635067e-01 1.0590935e+00
1.0315315e+01 4.6561576e-01 7.4075857e-01 1.0524533e+00
1.0325325e+01 4.6146395e-01 7.3548946e-01 1.0463061e+00
1.0335335e+01 4.5683254e-01 7.2957943e-01 1.0400990e+00
1.0345345e+01 4.5203938e-01 7.2414375e-01 1.0333997e+00
1.0355355e+01 4.4745414e-01 7.1859955e-01 1.0257652e+00
1.0365365e+01 4.4251068e-01 7.1276667e-01 1.0186120e+00
1.0375375e+01 4.3751122e-01 7.0693362e-01 1.0111583e+00
1.0385385e+01 4.3249075e-01 7.0080037e-01 1.0038487e+00
1.0395395e+01 4.2700334e-01 6.9498751e-01 9.9632747e-01
1.0405405e+01 4.2106359e-01 6.8837261e-01 9.8793154e-01
1.0415415e+01 4.1537864e-01 6.8124425e-01 9.7990118e-01
1.0425425e+01 4.0945592e-01 6.7390959e-01 9.7215859e-01
1.0435435e+01 4.0410893e-01 6.6686618e-01 9.6379161e-01
1.0445445e+01 3.9835699e-01 6.5903001e-01 9.5501094e-01
1.0455455e+01 3.9292234e-01 6.5173947e-01 9.4660024e-01
1.0465465e+01 3.8735543e-01 6.4425441e-01 9.3734559e-01
1.0475475e+01 3.8169813e-01 6.3618295e-01 9.2783925e-01
1.0485485e+01 3.7592284e-01 6.2809469e-01 9.1908186e-01
1.0495495e+01 3.7050484e-01 6.2029833e-01 9.0974086e-01
1.0505506e+01 3.6431657e-01 6.1283651e-01 9.0062366e-01
1.0515516e+01 3.5800897e-01 6.0492088e-01 8.9190999e-01
1.0525526e+01 3.5143463e-01 5.9701446e-01 8.8234674e-01
1.0535536e+01 3.4445521e-01 5.8899345e-01 8.7319599e-01
1.0545546e+01 3.3801115e-01 5.8110289e-01 8.6420468e-01
1.0555556e+01 3.3200717e-01 5.7277993e-01 8.5490552e-01
1.0565566e+01 3.2524339e-01 5.6466868e-01 8.4492679e-01
1.0575576e+01 3.1851838e-01 5.5676464e-01 8.3527846e-01
1.0585586e+01 3.1193119e-01 5.4885826e-01 8.2516748e-01
1.0595596e+01 3.0492328e-01 5.4055704e-01 8.1589020e-01
1.0605606e+01 2.9786197e-01 5.3244467e-01 8.0626768e-01
1.0615616e+01 2.9109610e-01 5.2420765e-01 7.9613919e-01
1.0625626e+01 2.8413335e-01 5.1539630e-01 7.8571140e-01
1.0635636e+01 2.7780367e-01 5.0663666e-01 7.7587022e-01
1.0645646e+01 2.7107306e-01 4.9812217e-01 7.6547064e-01
1.0655656e+01 2.6460278e-01 4.8963981e-01 7.5513350e-01
1.0665666e+01 2.5831960e-01 4.8115607e-01 7.4483928e-01
1.0675676e+01 2.5188928e-01 4.7234565e-01 7.3512390e-01
1.0685686e+01 2.4564224e-01 4.6433074e-01 7.2416844e-01
1.0695696e+01 2.3971937e-01 4.5539171e-01 7.1306212e-01
1.0705706e+01 2.3316572e-01 4.4702817e-01 7.0292438e-01
1.0715716e+01 2.2697718e-01 4.3839915e-01 6.9214308e-01
1.0725726e+01 2.2135389e-01 4.3001623e-01 6.8126015e-01
1.0735736e+01 2.1542443e-01 4.2187815e-01 6.7038434e-01
1.0745746e+01 2.0988245e-01 4.1381802e-01 6.5971068e-01
1.0755756e+01 2.0431016e-01 4.0568222e-01 6.4855483e-01
1.0765766e+01 1.9860479e-01 3.9771725e-01 6.3778333e-01
1.0775776e+01 1.9342489e-01 3.8953563e-01 6.2707632e-01
1.0785786e+01 1.8741331e-01 3.8091746e-01 6.1646570e-01
1.0795796e+01 1.8110908e-01 3.7262387e-01 6.0572226e-01
1.0805806e+01 1.7466677e-01 3.6413685e-01 5.9476900e-01
1.0815816e+01 1.6833055e-01 3.5599864e-01 5.8380593e-01
1.0825826e+01 1.6224001e-01 3.4763321e-01 5.7349435e-01
1.0835836e+01 1.5627192e-01 3.3926277e-01 5.6255647e-01
1.0845846e+01 1.5027696e-01 3.3093805e-01 5.5181693e-01
1.0855856e+01 1.4444475e-01 3.2235071e-01 5.4090041e-01
1.0865866e+01 1.3866370e-01 3.1393863e-01 5.3027973e-01
1.0875876e+01 1.3330321e-01 3.0627369e-01 5.1957486e-01
1.0885886e+01 1.2799529e-01 2.9856999e-01 5.0869094e-01
1.0895896e+01 1.2282978e-01 2.9072901e-01 4.9810236e-01
1.0905906e+01 1.1785138e-01 2.8321518e-01 4.8746082e-01
1.0915916e+01 1.1301827e-01 2.7597351e-01 4.7717476e-01
1.0925926e+01 1.0832186e-01 2.6881464e-01 4.6677775e-01
1.0935936e+01 1.0387423e-01 2.6142064e-01 4.5677677e-01
1.0945946e+01 9.9355795e-02 2.5435045e-01 4.4648592e-01
1.0955956e+01 9.5041266e-02 2.4741696e-01 4.3627288e-01
1.0965966e+01 9.1020690e-02 2.4060404e-01 4.2630473e-01
1.0975976e+01 8.6955565e-02 2.3388169e-01 4.1611351e-01
1.0985986e+01 8.3042957e-02 2.2737522e-01 4.0611242e-01
1.0995996e+01 7.9376361e-02 2.2089148e-01 3.9637848e-01
1.1006006e+01 7.5681345e-02 2.1455569e-01 3.8639603e-01
1.1016016e+01 7.2251163e-02 2.0836960e-01 3.7700884e-01
1.1026026e+01 6.8860752e-02 2.0232944e-01 3.6748792e-01
1.1036036e+01 6.5545537e-02 1.9652303e-01 3.5794817e-01
1.1046046e+01 6.2321331e-02 1.9059746e-01 3.4893339e-01
1.1056056e+01 5.9272066e-02 1.8492149e-01 3.3995024e-01
1.1066066e+01 5.6410479e-02 1.7921497e-01 3.3087599e-01
1.1076076e+01 5.3600060e-02 1.7370237e-01 3.2177099e-01
1.1086086e+01 5.0890709e-02 1.6824923e-01 3.1301687e-01
1.1096096e+01 4.8376289e-02 1.6303963e-01 3.0435832e-01
1.1106106e+01 4.5925973e-02 1.5794999e-01 2.9581317e-01
1.1116116e+01 4.3529578e-02 1.5282652e-01 2.8736864e-01
1.1126126e+01 4.1338985e-02 1.4789824e-01 2.7903764e-01
1.1136136e+01 3.9159842e-02 1.4304194e-01 2.7085924e-01
1.1146146e+01 3.7049553e-02 1.3833995e-01 2.6314106e-01
1.1156156e+01 3.5040989e-02 1.3366699e-01 2.5521290e-01
1.1166166e+01 3.3141257e-02 1.2913104e-01 2.4753432e-01
1.1176176e+01 3.1342807e-02 1.2470768e-01 2.3986415e-01
1.1186186e+01 2.9571662e-02 1.2041378e-01 2.3242030e-01
1.1196196e+01 2.7911204e-02 1.1618994e-01 2.2514159e-01
1.1206206e+01 2.6311105e-02 1.1209411e-01 2.1793465e-01
1.1216216e+01 2.4793205e-02 1.0804575e-01 2.1091634e-01
1.1226226e+01 2.3326514e-02 1.0420777e-01 2.0409403e-01
1.1236236e+01 2.1996443e-02 1.0036129e-01 1.9728358e-01
1.1246246e+01 2.0717033e-02 9.6634935e-02 1.9065597e-01
1.1256256e+01 1.9472591e-02 9.3066055e-02 1.8410511e-01
1.1266266e+01 1.8313947e-02 8.9444244e-02 1.7778554e-01
1.1276276e+01 1.7220173e-02 8.5985383e-02 1.7153239e-01
1.1286286e+01 1.6187532e-02 8.2671416e-02 1.6538786e-01
1.1296296e+01 1.5187695e-02 7.9404787e-02 1.5917565e-01
1.1306306e+01 1.4251135e-02 7.6173453e-02 1.5331568e-01
1.1316316e+01 1.3373408e-02 7.3106503e-02 1.4757568e-01
1.1326326e+01 1.2527811e-02 7.0092343e-02 1.4197044e-01
1.1336336e+01 1.1748741e-02 6.7193290e-02 1.3643191e-01
1.1346346e+01 1.1011906e-02 6.4338658e-02 1.3107593e-01
1.1356356e+01 1.0305780e-02 6.1628411e-02 1.2575300e-01
1.1366366e+01 9.6325209e-03 5.8962246e-02 1.2066772e-01
1.1376376e+01 8.9910538e-03 5.6418005e-02 1.1571577e-01
1.1386386e+01 8.4042247e-03 5.3955769e-02 1.1099790e-01
1.1396396e+01 7.8375596e-03 5.1577877e-02 1.0633792e-01
1.1406406e+01 7.3202795e-03 4.9245313e-02 1.0184437e-01
1.1416416e+01 6.8316518e-03 4.7014274e-02 9.7449627e-02
1.1426426e+01 6.3682240e-03 4.4808358e-02 9.3255961e-02
1.1436436e+01 5.9345133e-03 4.2750997e-02 8.9183948e-02
1.1446446e+01 5.5265359e-03 4.0732541e-02 8.5215738e-02
1.1456456e+01 5.1414251e-03 3.8778160e-02 8.1321029e-02
1.1466466e+01 4.7780680e-03 3.6895775e-02 7.7632902e-02
1.1476476e+01 4.4501060e-03 3.5107638e-02 7.4011432e-02
1.1486486e+01 4.1384533e-03 3.3393094e-02 7.0585876e-02
1.1496496e+01 3.8462414e-03 3.1733876e-02 6.7255923e-02
1.1506507e+01 3.5726727e-03 3.0134617e-02 6.4052679e-02
1.1516517e+01 3.3143162e-03 2.8597460e-02 6.1034125e-02
1.1526527e+01 3.0743044e-03 2.7169022e-02 5.8080211e-02
1.1536537e+01 2.8525231e-03 2.5747247e-02 5.5202261e-02
1.1546547e+01 2.6400780e-03 2.4394592e-02 5.2482723e-02
1.1556557e+01 2.4430887e-03 2.3106263e-02 4.9817801e-02
1.1566567e+01 2.2607089e-03 2.1885403e-02 4.7296456e-02
1.1576577e+01 2.0909368e-03 2.0712575e-02 4.4913490e-02
1.1586587e+01 1.9335327e-03 1.9585699e-02 4.2593605e-02
1.1596597e+01 1.7869552e-03 1.8504637e-02 4.0397204e-02
1.1606607e+01 1.6475065e-03 1.7481998e-02 3.8264537e-02
1.1616617e+01 1.5178966e-03 1.6516030e-02 3.6246837e-02
1.1626627e+01 1.3983791e-03 1.5584518e-02 3.4294897e-02
1.1636637e+01 1.2884558e-03 1.4702212e-02 3.2424073e-02
1.1646647e+01 1.1838016e-03 1.3861495e-02 3.0659404e-02
1.1656657e+01 1.0900494e-03 1.3058690e-02 2.8967807e-02
1.1666667e+01 1.0036924e-03 1.2297099e-02 2.7368855e-02
1.1676677e+01 9.2179637e-04 1.1575772e-02 2.5819884e-02
1.1686687e+01 8.4810526e-04 1.0888851e-02 2.4357024e-02
1.1696697e+01 7.7820879e-04 1.0240296e-02 2.2966688e-02
1.1706707e+01 7.1496914e-04 9.6171029e-03 2.1635806e-02
1.1716717e+01 6.5602441e-04 9.0227851e-03 2.0386164e-02
1.1726727e+01 6.0147090e-04 8.4632632e-03 1.9188933e-02
1.1736737e+01 5.5059161e-04 7.9346015e-03 1.8057885e-02
1.1746747e+01 5.0409838e-04 7.4335703e-03 1.6986440e-02
1.1756757e+01 4.6082182e-04 6.9705395e-03 1.5969612e-02
1.1766767e+01 4.2158800e-04 6.5253737e-03 1.5001878e-02
1.1776777e+01 3.8494469e-04 6.1110780e-03 1.4089247e-02
1.1786787e+01 3.5176271e-04 5.7146237e-03 1.3229979e-02
1.1796797e+01 3.2062842e-04 5.3408390e-03 1.2419171e-02
1.1806807e+01 2.9228060e-04 4.9865947e-03 1.1636388e-02
1.1816817e+01 2.6678391e-04 4.6566639e-03 1.0896928e-02
1.1826827e+01 2.4292947e-04 4.3460790e-03 1.0201223e-02
1.1836837e+01 2.2096807e-04 4.0540987e-03 9.5500710e-03
1.1846847e+01 2.0123653e-04 3.7794248e-03 8.9350238e-03
1.1856857e+01 1.8306565e-04 3.5207932e-03 8.3457837e-03
1.1866867e+01 1.6673430e-04 3.2761752e-03 7.8004969e-03
1.1876877e+01 1.5160586e-04 3.0507690e-03 7.2765859e-03
1.1886887e+01 1.3740797e-04 2.8364575e-03 6.7937579e-03
1.1896897e+01 1.2499585e-04 2.6380103e-03 6.3376594e-03
1.1906907e+01 1.1345979e-04 2.4503581e-03 5.9143735e-03
1.1916917e+01 1.0293733e-04 2.2759928e-03 5.5095875e-03
1.1926927e+01 9.3232355e-05 2.1131677e-03 5.1348129e-03
1.1936937e+01 8.4412152e-05 1.9601584e-03 4.7833755e-03
1.1946947e+01 7.6449453e-05 1.8175685e-03 4.4512123e-03
1.1956957e+01 6.9183724e-05 1.6839394e-03 4.1392041e-03
1.1966967e+01 6.2478588e-05 1.5601885e-03 3.8457242e-03
1.1976977e+01 5.6425831e-05 1.4430122e-03 3.5742525e-03
1.1986987e+01 5.0985238e-05 1.3334648e-03 3.3177766e-03
1.1996997e+01 4.6000466e-05 1.2323353e-03 3.0791911e-03
1.2007007e+01 4.1503600e-05 1.1383157e-03 2.8562444e-03
1.2017017e+01 3.7464277e-05 1.0511472e-03 2.6472733e-03
1.2027027e+01 3.3734979e-05 9.6982363e-04 2.4526753e-03
1.2037037e+01 3.0369305e-05 8.9478594e-04 2.2708128e-03
1.2047047e+01 2.7335254e-05 8.2515349e-04 2.1001060e-03
1.2057057e+01 2.4553229e-05 7.6053072e-04 1.9414435e-03
1.2067067e+01 2.2098587e-05 7.0039398e-04 1.7952524e-03
1.2077077e+01 1.9846901e-05 6.4454473e-04 1.6589891e-03
1.2087087e+01 1.7827116e-05 5.9259883e-04 1.5325985e-03
1.2097097e+01 1.6021757e-05 5.4452153e-04 1.4151569e-03
1.2107107e+01 1.4355890e-05 5.0021065e-04 1.3059197e-03
1.2117117e+01 1.2852717e-05 4.5936722e-04 1.2043849e-03
1.2127127e+01 1.1514780e-05 4.2133331e-04 1.1103493e-03
1.2137137e+01 1.0319782e-05 3.8679730e-04 1.0232007e-03
1.2147147e+01 9.2423281e-06 3.5458692e-04 9.4193312e-04
1.2157157e+01 8.2702609e-06 3.2495495e-04 8.6660236e-04
1.2167167e+01 7.4077741e-06 2.9758863e-04 7.9753797e-04
1.2177177e+01 6.6273203e-06 2.7201829e-04 7.3315219e-04
1.2187187e+01 5.9188958e-06 2.4883031e-04 6.7306887e-04
1.2197197e+01 5.2834807e-06 2.2731107e-04 6.1833966e-04
1.2207207e+01 4.7139004e-06 2.0775259e-04 5.6616401e-04
1.2217217e+01 4.2030615e-06 1.8972978e-04 5.1915608e-04
1.2227227e+01 3.7441476e-06 1.7295489e-04 4.7556008e-04
1.2237237e+01 3.3357092e-06 1.5771205e-04 4.3532144e-04
1.2247247e+01 2.9734973e-06 1.4369338e-04 3.9819555e-04
1.2257257e+01 2.6460820e-06 1.3084819e-04 3.6438580e-04
1.2267267e+01 2.3499401e-06 1.1913495e-04 3.3324897e-04
1.2277277e+01 2.0886751e-06 1.0838863e-04 3.0472944e-04
1.2287287e+01 1.8538591e-06 9.8506957e-05 2.7839186e-04
1.2297297e+01 1.6444160e-06 8.9632605e-05 2.5439986e-04
1.2307307e+01 1.4566737e-06 8.1413644e-05 2.3221257e-04
1.2317317e+01 1.2936660e-06 7.3907136e-05 2.1174395e-04
1.2327327e+01 1.1463844e-06 6.7076062e-05 1.9292667e-04
1.2337337e+01 1.0152526e-06 6.0832831e-05 1.7573110e-04
1.2347347e+01 8.9848193e-07 5.5145845e-05 1.6004379e-04
1.2357357e+01 7.9469036e-07 4.9978471e-05 1.4574747e-04
1.2367367e+01 7.0258320e-07 4.5259236e-05 1.3259740e-04
1.2377377e+01 6.2107902e-07 4.0947760e-05 1.2060035e-04
1.2387387e+01 5.4806097e-07 3.7025557e-05 1.0954976e-04
1.2397397e+01 4.8350899e-07 3.3466320e-05 9.9518772e-05
1.2407407e+01 4.2625388e-07 3.0232852e-05 9.0356447e-05
1.2417417e+01 3.7574387e-07 2.7302992e-05 8.1902805e-05
1.2427427e+01 3.3097780e-07 2.4633409e-05 7.4278852e-05
1.2437437e+01 2.9158206e-07 2.2212389e-05 6.7314786e-05
1.2447447e+01 2.5636631e-07 2.0020242e-05 6.0890030e-05
1.2457457e+01 2.2558287e-07 1.8040574e-05 5.5043950e-05
1.2467467e+01 1.9833483e-07 1.6239600e-05 4.9784522e-05
1.2477477e+01 1.7449753e-07 1.4601169e-05 4.5024200e-05
1.2487487e+01 1.5314782e-07 1.3126443e-05 4.0697591e-05
1.2497497e+01 1.3448350e-07 1.1793180e-05 3.6727987e-05
1.2507508e+01 1.1806832e-07 1.0591427e-05 3.3158907e-05
1.2517518e+01 1.0339198e-07 9.4999035e-06 2.9900129e-05
1.2527528e+01 9.0545216e-08 8.5200009e-06 2.6966583e-05
1.2537538e+01 7.9227002e-08 7.6369204e-06 2.4291194e-05
1.2547548e+01 6.9402794e-08 6.8429314e-06 2.1881456e-05
1.2557558e+01 6.0657142e-08 6.1304958e-06 1.9700021e-05
1.2567568e+01 5.3036943e-08 5.4861871e-06 1.7726766e-05
1.2577578e+01 4.6329696e-08 4.9076674e-06 1.5937868e-05
1.2587588e+01 4.0421566e-08 4.3884742e-06 1.4307240e-05
1.2597598e+01 3.5247348e-08 3.9241949e-06 1.2845580e-05
1.2607608e+01 3.0740295e-08 3.5007038e-06 1.1528399e-05
1.2617618e+01 2.6793035e-08 3.1255132e-06 1.0352144e-05
1.2627628e+01 2.3336554e-08 2.7874005e-06 9.2814570e-06
1.2637638e+01 2.0312050e-08 2.4854193e-06 8.3209746e-06
1.2647648e+01 1.7665330e-08 2.2144574e-06 7.4518928e-06
1.2657658e+01 1.5352741e-08 1.9717962e-06 6.6690964e-06
1.2667668e+01 1.3343558e-08 1.7549848e-06 5.9659239e-06
1.2677678e+01 1.1571286e-08 1.5609234e-06 5.3346462e-06
1.2687688e+01 1.0045105e-08 1.3868017e-06 4.7651791e-06
1.2697698e+01 8.7176345e-09 1.2319152e-06 4.2510773e-06
1.2707708e+01 7.5496663e-09 1.0939737e-06 3.7937485e-06
1.2717718e+01 6.5350427e-09 9.7181797e-07 3.3881369e-06
1.2727728e+01 5.6618965e-09 8.6163485e-07 3.0201529e-06
1.2737738e+01 4.9021974e-09 7.6441510e-07 2.6902404e-06
1.2747748e+01 4.2416576e-09 6.7731920e-07 2.3953649e-06
1.2757758e+01 3.6651719e-09 5.9967453e-07 2.1305729e-06
1.2767768e+01 3.1673189e-09 5.3077285e-07 1.8950250e-06
1.2777778e+01 2.7338331e-09 4.6930589e-07 1.6862304e-06
1.2787788e+01 2.3629306e-09 4.1500973e-07 1.4972694e-06
1.2797798e+01 2.0398707e-09 3.6671309e-07 1.3296226e-06
1.2807808e+01 1.7612806e-09 3.2389443e-07 1.1798435e-06
1.2817818e+01 1.5175440e-09 2.8589687e-07 1.0459891e-06
1.2827828e+01 1.3053002e-09 2.5223333e-07 9.2740755e-07
1.2837838e+01 1.1224750e-09 2.2222774e-07 8.2219411e-07
1.2847848e+01 9.6576242e-10 1.9586795e-07 7.2800254e-07
1.2857858e+01 8.3024512e-10 1.7256807e-07 6.4381997e-07
1.2867868e+01 7.1375896e-10 1.5190972e-07 5.6998238e-07
1.2877878e+01 6.1358138e-10 1.3364559e-07 5.0367399e-07
1.2887888e+01 5.2676745e-10 1.1746842e-07 4.4451856e-07
1.2897898e+01 4.5132934e-10 1.0310771e-07 3.9243349e-07
1.2907908e+01 3.8645120e-10 9.0535635e-08 3.4618493e-07
1.2917918e+01 3.3083948e-10 7.9491703e-08 3.0538626e-07
1.2927928e+01 2.8345576e-10 6.9670418e-08 2.6920560e-07
1.2937938e+01 2.4264937e-10 6.0977234e-08 2.3689087e-07
1.2947948e+01 2.0727640e-10 5.3434696e-08 2.0853478e-07
1.2957958e+01 1.7704175e-10 4.6785888e-08 1.8346521e-07
1.2967968e+01 1.5113978e-10 4.0900726e-08 1.6138584e-07
1.2977978e+01 1.2898656e-10 3.5756199e-08 1.4171780e-07
1.2987988e+01 1.1001234e-10 3.1254515e-08 1.2446755e-07
1.2997998e+01 9.3912539e-11 2.7279455e-08 1.0921970e-07
1.3008008e+01 7.9975451e-11 2.3801238e-08 9.5919200e-08
1.3018018e+01 6.8148654e-11 2.0749515e-08 8.4059037e-08
1.3028028e+01 5.8034616e-11 1.8057884e-08 7.3626912e-08
1.3038038e+01 4.9297822e-11 1.5729088e-08 6.4442377e-08
1.3048048e+01 4.1973374e-11 1.3701506e-08 5.6399717e-08
1.3058058e+01 3.5677332e-11 1.1916164e-08 4.9334295e-08
1.3068068e+01 3.0280698e-11 1.0365750e-08 4.3142715e-08
1.3078078e+01 2.5695621e-11 9.0148850e-09 3.7736318e-08
1.3088088e+01 2.1814572e-11 7.8349808e-09 3.2970144e-08
1.3098098e+01 1.8520721e-11 6.8063717e-09 2.8740234e-08
1.3108108e+01 1.5692283e-11 5.9098374e-09 2.5059390e-08
1.3118118e+01 1.3287228e-11 5.1259652e-09 2.1857399e-08
1.3128128e+01 1.1244930e-11 4.4454615e-09 1.9042480e-08
1.3138138e+01 9.5101644e-12 3.8530595e-09 1.6588144e-08
1.3148148e+01 8.0391066e-12 3.3374647e-09 1.4444466e-08
1.3158158e+01 6.7932483e-12 2.8874064e-09 1.2568517e-08
1.3168168e+01 5.7375731e-12 2.4975408e-09 1.0934211e-08
1.3178178e+01 4.8455451e-12 2.1599238e-09 9.5012318e-09
1.3188188e+01 4.0924208e-12 1.8642797e-09 8.2541369e-09
1.3198198e+01 3.4501068e-12 1.6092626e-09 7.1596240e-09
1.3208208e+01 2.9048789e-12 1.3878194e-09 6.2072689e-09
1.3218218e+01 2.4456488e-12 1.1967965e-09 5.3789005e-09
1.3228228e+01 2.0592659e-12 1.0316050e-09 4.6567960e-09
1.3238238e+01 1.7312813e-12 8.8927731e-10 4.0296726e-09
1.3248248e+01 1.4547228e-12 7.6572583e-10 3.4890205e-09
1.3258258e+01 1.2219739e-12 6.5809820e-10 3.0159067e-09
1.3268268e+01 1.0259189e-12 5.6627742e-10 2.6052450e-09
1.3278278e+01 8.6033200e-13 4.8639040e-10 2.2498300e-09
1.3288288e+01 7.2037792e-13 4.1775890e-10 1.9433678e-09
1.3298298e+01 6.0453894e-13 3.5878671e-10 1.6766421e-09
1.3308308e+01 5.0662913e-13 3.0794795e-10 1.4462323e-09
1.3318318e+01 4.2419745e-13 2.6408352e-10 1.2469122e-09
1.3328328e+01 3.5541795e-13 2.2645622e-10 1.0742893e-09
1.3338338e+01 2.9700759e-13 1.9402569e-10 9.2542564e-10
1.3348348e+01 2.4835457e-13 1.6605778e-10 7.9595217e-10
1.3358358e+01 2.0739791e-13 1.4211522e-10 6.8464074e-10
1.3368368e+01 1.7307931e-13 1.2150313e-10 5.8862455e-10
1.3378378e+01 1.4434574e-13 1.0377531e-10 5.0579193e-10
1.3388388e+01 1.2054998e-13 8.8697478e-11 4.3429312e-10
1.3398398e+01 1.0035642e-13 7.5688920e-11 3.7292468e-10
1.3408408e+01 8.3765094e-14 6.4544340e-11 3.1967595e-10
1.3418418e+01 6.9844856e-14 5.5019146e-11 2.7410382e-10
1.3428428e+01 5.8068989e-14 4.6890486e-11 2.3485801e-10
1.3438438e+01 4.8238791e-14 3.9968351e-11 2.0097130e-10
1.3448448e+01 4.0114415e-14 3.3993069e-11 1.7197909e-10
1.3458458e+01 3.3342511e-14 2.8899461e-11 1.4702376e-10
1.3468468e+01 2.7692867e-14 2.4560473e-11 1.2556547e-10
1.3478478e+01 2.2994200e-14 2.0857507e-11 1.0718278e-10
1.3488488e+01 1.9068636e-14 1.7708552e-11 9.1500204e-11
1.3498498e+01 1.5799671e-14 1.5013338e-11 7.7994821e-11
1.3508509e+01 1.3090254e-14 1.2736453e-11 6.6507222e-11
1.3518519e+01 1.0847371e-14 1.0788750e-11 5.6689049e-11
1.3528529e+01 8.9676884e-15 9.1435519e-12 4.8289039e-11
1.3538539e+01 7.4136666e-15 7.7314550e-12 4.1085228e-11
1.3548549e+01 6.1339878e-15 6.5409442e-12 3.4932503e-11
1.3558559e+01 5.0654519e-15 5.5275816e-12 2.9709249e-11
1.3568569e+01 4.1832729e-15 4.6693861e-12 2.5225526e-11
1.3578579e+01 3.4485198e-15 3.9391200e-12 2.1422409e-11
1.3588589e+01 2.8484865e-15 3.3248568e-12 1.8187629e-11
1.3598599e+01 2.3505688e-15 2.8038889e-12 1.5428992e-11
1.3608609e+01 1.9367906e-15 2.3653689e-12 1.3074163e-11
1.3618619e+01 1.5941856e-15 1.9951432e-12 1.1068526e-11
1.3628629e+01 1.3111274e-15 1.6818557e-12 9.3734241e-12
1.3638639e+01 1.0778111e-15 1.4167838e-12 7.9324858e-12
1.3648649e+01 8.8571682e-16 1.1929312e-12 6.7073178e-12
1.3658659e+01 7.2713031e-16 1.0039751e-12 5.6730590e-12
1.3668669e+01 5.9630927e-16 8.4445228e-13 4.7928467e-12
1.3678679e+01 4.8884802e-16 7.0975669e-13 4.0471768e-12
1.3688689e+01 4.0059325e-16 5.9589215e-13 3.4135022e-12
1.3698699e+01 3.2850339e-16 5.0005460e-13 2.8782463e-12
1.3708709e+01 2.6914398e-16 4.1928252e-13 2.4277405e-12
1.3718719e+01 2.2001682e-16 3.5140558e-13 2.0435583e-12
1.3728729e+01 1.7985117e-16 2.9421489e-13 1.7206318e-12
1.3738739e+01 1.4714756e-16 2.4626860e-13 1.4465660e-12
1.3748749e+01 1.2035616e-16 2.0613092e-13 1.2171629e-12
1.3758759e+01 9.8348132e-17 1.7241410e-13 1.0238102e-12
1.3768769e+01 8.0282290e-17 1.4393069e-13 8.6032581e-13
1.3778779e+01 6.5503622e-17 1.2025836e-13 7.2252056e-13
1.3788789e+01 5.3354555e-17 1.0042487e-13 6.0643355e-13
1.3798799e+01 4.3473485e-17 8.3823667e-14 5.0846674e-13
1.3808809e+01 3.5399342e-17 6.9830282e-14 4.2620112e-13
1.3818819e+01 2.8811219e-17 5.8189329e-14 3.5707653e-13
1.3828829e+01 2.3440563e-17 4.8441121e-14 2.9900280e-13
1.3838839e+01 1.9047294e-17 4.0341902e-14 2.5029139e-13
1.3848849e+01 1.5476135e-17 3.3573235e-14 2.0926392e-13
1.3858859e+01 1.2561646e-17 2.7926144e-14 1.7495147e-13
1.3868869e+01 1.0192682e-17 2.3216608e-14 1.4617721e-13
1.3878879e+01 8.2726341e-18 1.9288992e-14 1.2205392e-13
1.3888889e+01 6.7124125e-18 1.6009037e-14 1.0180982e-13
1.3898899e+01 5.4433445e-18 1.3266826e-14 8.4926471e-14
1.3908909e+01 4.4116937e-18 1.0986846e-14 7.0813086e-14
1.3918919e+01 3.5699874e-18 9.1014652e-15 5.8966325e-14
1.3928929e+01 2.8847589e-18 7.5387444e-15 4.9097183e-14
1.3938939e+01 2.3311115e-18 6.2370358e-15 4.0834471e-14
1.3948949e+01 1.8827942e-18 5.1541836e-15 3.3944732e-14
1.3958959e+01 1.5198692e-18 4.2635948e-15 2.8210503e-14
1.3968969e+01 1.2256889e-18 3.5218427e-15 2.3425446e-14
1.3978979e+01 9.8801728e-19 2.9051204e-15 1.9438460e-14
1.3988989e+01 7.9657375e-19 2.3961168e-15 1.6124318e-14
1.3998999e+01 6.4167478e-19 1.9760643e-15 1.3358780e-14
1.4009009e+01 5.1719386e-19 1.6280630e-15 1.1059442e-14
1.4019019e+01 4.1657000e-19 1.3413314e-15 9.1525814e-15
1.4029029e+01 3.3534359e-19 1.1050781e-15 7.5721078e-15
1.4039039e+01 2.6948993e-19 9.0864029e-16 6.2632740e-15
1.4049049e+01 2.1648241e-19 7.4700928e-16 5.1773437e-15
1.4059059e+01 1.7384769e-19 6.1397198e-16 4.2713497e-15
1.4069069e+01 1.3936448e-19 5.0453982e-16 3.5272079e-15
1.4079079e+01 1.1173152e-19 4.1415899e-16 2.9099656e-15
1.4089089e+01 8.9599601e-20 3.4001069e-16 2.3992093e-15
1.4099099e+01 7.1777320e-20 2.7876807e-16 1.9767792e-15
1.4109109e+01 5.7412025e-20 2.2841700e-16 1.6275279e-15
1.4119119e+01 4.5895753e-20 1.8716064e-16 1.3405306e-15
1.4129129e+01 3.6685371e-20 1.5313612e-16 1.1032806e-15
1.4139139e+01 2.9304670e-20 1.2528496e-16 9.0714335e-16
1.4149149e+01 2.3403774e-20 1.0244322e-16 7.4590909e-16
1.4159159e+01 1.8674961e-20 8.3701735e-17 6.1275837e-16
1.4169169e+01 1.4887699e-20 6.8359455e-17 5.0313559e-16
1.4179179e+01 1.1875126e-20 5.5792032e-17 4.1298049e-16
1.4189189e+01 9.4574570e-21 4.5532761e-17 3.3851472e-16
1.4199199e+01 7.5247344e-21 3.7129298e-17 2.7747005e-16
1.4209209e+01 5.9794769e-21 3.0266818e-17 2.2724772e-16
1.4219219e+01 4.7528870e-21 2.4652116e-17 1.8603166e-16
1.4229229e+01 3.7790094e-21 2.0050976e-17 1.5223343e-16
1.4239239e+01 3.0004123e-21 1.6311539e-17 1.2445112e-16
1.4249249e+01 2.3813470e-21 1.3266375e-17 1.0168715e-16
1.4259259e+01 1.8918919e-21 1.0775176e-17 8.3058580e-17
1.4269269e+01 1.5026772e-21 8.7532891e-18 6.7765070e-17
1.4279279e+01 1.1920956e-21 7.1046484e-18 5.5310022e-17
1.4289289e+01 9.4496254e-22 5.7638180e-18 4.5081110e-17
1.4299299e+01 7.4847503e-22 4.6739802e-18 3.6728852e-17
1.4309309e+01 5.9178841e-22 3.7839547e-18 2.9931326e-17
1.4319319e+01 4.6801161e-22 3.0623549e-18 2.4363458e-17
1.4329329e+01 3.7015703e-22 2.4760610e-18 1.9823251e-17
1.4339339e+01 2.9264691e-22 2.0006608e-18 1.6125054e-17
1.4349349e+01 2.3118103e-22 1.6182155e-18 1.3110510e-17
1.4359359e+01 1.8255380e-22 1.3068994e-18 1.0649417e-17
1.4369369e+01 1.4405294e-22 1.0555227e-18 8.6443369e-18
1.4379379e+01 1.1365821e-22 8.5222630e-19 7.0158573e-18
1.4389389e+01 8.9558808e-23 6.8743320e-19 5.6872011e-18
1.4399399e+01 7.0535949e-23 5.5416036e-19 4.6044741e-18
1.4409409e+01 5.5519218e-23 4.4656341e-19 3.7295697e-18
1.4419419e+01 4.3632431e-23 3.5948940e-19 3.0171511e-18
1.4429429e+01 3.4279728e-23 2.8913798e-19 2.4405319e-18
1.4439439e+01 2.6901441e-23 2.3253206e-19 1.9734890e-18
1.4449449e+01 2.1100240e-23 1.8688755e-19 1.5951950e-18
1.4459459e+01 1.6541699e-23 1.5009716e-19 1.2879845e-18
1.4469469e+01 1.2960578e-23 1.2051628e-19 1.0393275e-18
1.4479479e+01 1.0155973e-23 9.6704468e-20 8.3867004e-19
1.4489489e+01 7.9556116e-24 7.7551150e-20 6.7605713e-19
1.4499499e+01 6.2333610e-24 6.2123323e-20 5.4445146e-19
1.4509510e+01 4.8737508e-24 4.9729243e-20 4.3772043e-19
1.4519520e+01 3.8072128e-24 3.9824957e-20 3.5235964e-19
1.4529530e+01 2.9726901e-24 3.1866937e-20 2.8318899e-19
1.4539540e+01 2.3221217e-24 2.5480671e-20 2.2760261e-19
1.4549550e+01 1.8132405e-24 2.0352719e-20 1.8291102e-19
1.4559560e+01 1.4149362e-24 1.6252614e-20 1.4691802e-19
1.4569570e+01 1.1009233e-24 1.2964011e-20 1.1788528e-19
1.4579580e+01 8.5673888e-25 1.0344639e-20 9.4572380e-20
1.4589590e+01 6.6705963e-25 8.2517886e-21 7.5732312e-20
1.4599600e+01 5.1907719e-25 6.5728597e-21 6.0695012e-20
1.4609610e+01 4.0369216e-25 5.2335548e-21 4.8535233e-20
1.4619620e+01 3.1377605e-25 4.1630579e-21 3.8836860e-20
1.4629630e+01 2.4375628e-25 3.3110161e-21 3.1073419e-20
1.4639640e+01 1.8926430e-25 2.6330310e-21 2.4829770e-20
1.4649650e+01 1.4687715e-25 2.0929081e-21 1.9832051e-20
1.4659660e+01 1.1393550e-25 1.6622004e-21 1.5829041e-20
1.4669670e+01 8.8291257e-26 1.3194297e-21 1.2630151e-20
1.4679680e+01 6.8404906e-26 1.0470331e-21 1.0075074e-20
1.4689690e+01 5.3022530e-26 8.3015438e-22 8.0287758e-21
1.4699700e+01 4.1043158e-26 6.5809568e-22 6.3895544e-21
1.4709710e+01 3.1722896e-26 5.2098630e-22 5.0824594e-21
1.4719720e+01 2.4526928e-26 4.1246689e-22 4.0402908e-21
1.4729730e+01 1.8949819e-26 3.2614085e-22 3.2114308e-21
1.4739740e+01 1.4639744e-26 2.5768159e-22 2.5500228e-21
1.4749750e+01 1.1311585e-26 2.0367026e-22 2.0254310e-21
1.4759760e+01 8.7301491e-27 1.6070684e-22 1.6066586e-21
1.4769770e+01 6.7338923e-27 1.2663741e-22 1.2748270e-21
1.4779780e+01 5.1850102e-27 9.9804277e-23 1.0108329e-21
1.4789790e+01 3.9922995e-27 7.8661507e-23 8.0103972e-22
1.4799800e+01 3.0721014e-27 6.1972091e-23 6.3400658e-22
1.4809810e+01 2.3621525e-27 4.8803522e-23 5.0183908e-22
1.4819820e+01 1.8161180e-27 3.8402340e-23 3.9695932e-22
1.4829830e+01 1.3946147e-27 3.0210674e-23 3.1370757e-22
1.4839840e+01 1.0698666e-27 2.3749309e-23 2.4777459e-22
1.4849850e+01 8.2107481e-28 1.8658719e-23 1.9558626e-22
1.4859860e+01 6.2884258e-28 1.4645396e-23 1.5443447e-22
1.4869870e+01 4.8202708e-28 1.1485745e-23 1.2179919e-22
1.4879880e+01 3.6934962e-28 9.0091708e-24 9.6007752e-23
1.4889890e+01 2.8256754e-28 7.0643137e-24 7.5597522e-23
1.4899900e+01 2.1589229e-28 5.5361275e-24 5.9551271e-23
1.4909910e+01 1.6479201e-28 4.3328435e-24 4.6888567e-23
1.4919920e+01 1.2595052e-28 3.3879735e-24 3.6897122e-23
1.4929930e+01 9.6235756e-29 2.6500270e-24 2.8996740e-23
1.4939940e+01 7.3457553e-29 2.0707892e-24 2.2776473e-23
1.4949950e+01 5.5974341e-29 1.6180691e-24 1.7884110e-23
1.4959960e+01 4.2650270e-29 1.2630244e-24 1.4035507e-23
1.4969970e+01 3.2504958e-29 9.8582881e-25 1.1005551e-23
1.4979980e+01 2.4747897e-29 7.6864798e-25 8.6266732e-24
1.4989990e+01 1.8825038e-29 5.9879077e-25 6.7533892e-24
1.5000000e+01 1.4311268e-29 4.6610300e-25 5.2861642e-24
