X KDE_INF KDE_MED KDE_SUP
-1.4000000e+01 1.0093783e-05 2.7291850e-03 9.4103004e-03
-1.3990991e+01 1.0775984e-05 2.7418432e-03 9.4155080e-03
-1.3981982e+01 1.1170617e-05 2.7695548e-03 9.4281673e-03
-1.3972973e+01 1.1731005e-05 2.7964033e-03 9.4334515e-03
-1.3963964e+01 1.2151912e-05 2.8223523e-03 9.4313895e-03
-1.3954955e+01 1.2490322e-05 2.8513387e-03 9.4519275e-03
-1.3945946e+01 1.3104309e-05 2.8777637e-03 9.4610291e-03
-1.3936937e+01 1.3677859e-05 2.8939568e-03 9.4660379e-03
-1.3927928e+01 1.4021025e-05 2.9108717e-03 9.4727237e-03
-1.3918919e+01 1.4588707e-05 2.9224466e-03 9.4772423e-03
-1.3909910e+01 1.5360127e-05 2.9368317e-03 9.5005160e-03
-1.3900901e+01 1.5927635e-05 2.9516282e-03 9.5145817e-03
-1.3891892e+01 1.6568476e-05 2.9807847e-03 9.5411635e-03
-1.3882883e+01 1.6915482e-05 3.0155451e-03 9.5604855e-03
-1.3873874e+01 1.7495168e-05 3.0451746e-03 9.5798953e-03
-1.3864865e+01 1.8051049e-05 3.0661700e-03 9.5973357e-03
-1.3855856e+01 1.8574753e-05 3.1055937e-03 9.6265963e-03
-1.3846847e+01 1.9315063e-05 3.1295109e-03 9.6579825e-03
-1.3837838e+01 1.9379472e-05 3.1367983e-03 9.6953298e-03
-1.3828829e+01 2.0196333e-05 3.1515129e-03 9.7167017e-03
-1.3819820e+01 2.0947969e-05 3.1646428e-03 9.7646234e-03
-1.3810811e+01 2.2040731e-05 3.1784603e-03 9.8003148e-03
-1.3801802e+01 2.2737267e-05 3.2072746e-03 9.8053120e-03
-1.3792793e+01 2.3521490e-05 3.2274716e-03 9.8374226e-03
-1.3783784e+01 2.3970800e-05 3.2431373e-03 9.8960033e-03
-1.3774775e+01 2.4932089e-05 3.2503895e-03 9.9327811e-03
-1.3765766e+01 2.5513099e-05 3.2738751e-03 9.9611534e-03
-1.3756757e+01 2.6144942e-05 3.2910085e-03 9.9931753e-03
-1.3747748e+01 2.7267334e-05 3.3095820e-03 9.9720215e-03
-1.3738739e+01 2.8718968e-05 3.3064120e-03 1.0011439e-02
-1.3729730e+01 3.0161135e-05 3.3411219e-03 1.0030484e-02
-1.3720721e+01 3.0995003e-05 3.3601531e-03 1.0059525e-02
-1.3711712e+01 3.2339871e-05 3.3837558e-03 1.0117791e-02
-1.3702703e+01 3.3871901e-05 3.3946768e-03 1.0160174e-02
-1.3693694e+01 3.4936182e-05 3.4182213e-03 1.0185405e-02
-1.3684685e+01 3.6156804e-05 3.4337510e-03 1.0227870e-02
-1.3675676e+01 3.6982888e-05 3.4522406e-03 1.0228679e-02
-1.3666667e+01 3.8646790e-05 3.4790840e-03 1.0246956e-02
-1.3657658e+01 4.0268351e-05 3.4970955e-03 1.0302368e-02
-1.3648649e+01 4.2052075e-05 3.5340918e-03 1.0329784e-02
-1.3639640e+01 4.3738998e-05 3.5558554e-03 1.0364401e-02
-1.3630631e+01 4.5823432e-05 3.5681343e-03 1.0421745e-02
-1.3621622e+01 4.6250413e-05 3.5959660e-03 1.0430385e-02
-1.3612613e+01 4.8512529e-05 3.6215363e-03 1.0478794e-02
-1.3603604e+01 5.0963214e-05 3.6425315e-03 1.0495619e-02
-1.3594595e+01 5.3538024e-05 3.6611134e-03 1.0503164e-02
-1.3585586e+01 5.6102724e-05 3.6883088e-03 1.0548039e-02
-1.3576577e+01 5.6355006e-05 3.7135745e-03 1.0578350e-02
-1.3567568e+01 5.9549165e-05 3.7239923e-03 1.0618550e-02
-1.3558559e+01 6.2782963e-05 3.7436325e-03 1.0670581e-02
-1.3549550e+01 6.5865640e-05 3.7625008e-03 1.0690624e-02
-1.3540541e+01 6.8401780e-05 3.7790955e-03 1.0725122e-02
-1.3531532e+01 7.0640027e-05 3.8123393e-03 1.0758349e-02
-1.3522523e+01 7.2485093e-05 3.8359796e-03 1.0784383e-02
-1.3513514e+01 7.6861135e-05 3.8546665e-03 1.0824531e-02
-1.3504505e+01 7.8067470e-05 3.8631321e-03 1.0847897e-02
-1.3495495e+01 8.0681040e-05 3.8949353e-03 1.0868154e-02
-1.3486486e+01 8.4048675e-05 3.9105962e-03 1.0892779e-02
-1.3477477e+01 8.6798750e-05 3.9272317e-03 1.0913270e-02
-1.3468468e+01 8.7238861e-05 3.9337672e-03 1.0947630e-02
-1.3459459e+01 8.9924801e-05 3.9588782e-03 1.1035016e-02
-1.3450450e+01 9.3474915e-05 3.9886208e-03 1.1076779e-02
-1.3441441e+01 9.7469615e-05 4.0005030e-03 1.1110316e-02
-1.3432432e+01 1.0042081e-04 4.0181302e-03 1.1150876e-02
-1.3423423e+01 1.0201927e-04 4.0275078e-03 1.1176042e-02
-1.3414414e+01 1.0497705e-04 4.0469120e-03 1.1222581e-02
-1.3405405e+01 1.0822649e-04 4.0662641e-03 1.1300251e-02
-1.3396396e+01 1.1039169e-04 4.0864249e-03 1.1362291e-02
-1.3387387e+01 1.1521396e-04 4.1185224e-03 1.1399484e-02
-1.3378378e+01 1.1825022e-04 4.1376756e-03 1.1435171e-02
-1.3369369e+01 1.2070092e-04 4.1464813e-03 1.1464857e-02
-1.3360360e+01 1.2548248e-04 4.1618034e-03 1.1493160e-02
-1.3351351e+01 1.3033865e-04 4.1817812e-03 1.1508941e-02
-1.3342342e+01 1.3287834e-04 4.2116393e-03 1.1550409e-02
-1.3333333e+01 1.3731463e-04 4.2265110e-03 1.1610909e-02
-1.3324324e+01 1.3936392e-04 4.2408882e-03 1.1630878e-02
-1.3315315e+01 1.4313700e-04 4.2517192e-03 1.1674794e-02
-1.3306306e+01 1.4884241e-04 4.2588512e-03 1.1725693e-02
-1.3297297e+01 1.5468137e-04 4.2801675e-03 1.1765346e-02
-1.3288288e+01 1.6072873e-04 4.3030882e-03 1.1790585e-02
-1.3279279e+01 1.6677856e-04 4.3319072e-03 1.1821499e-02
-1.3270270e+01 1.7304735e-04 4.3488943e-03 1.1850576e-02
-1.3261261e+01 1.7892203e-04 4.3552585e-03 1.1918235e-02
-1.3252252e+01 1.8343151e-04 4.3695208e-03 1.1932929e-02
-1.3243243e+01 1.9059741e-04 4.3849547e-03 1.1983766e-02
-1.3234234e+01 1.9574165e-04 4.4011519e-03 1.2026580e-02
-1.3225225e+01 2.0285929e-04 4.4217837e-03 1.2059283e-02
-1.3216216e+01 2.1118393e-04 4.4526089e-03 1.2070072e-02
-1.3207207e+01 2.2108123e-04 4.4780356e-03 1.2118035e-02
-1.3198198e+01 2.3111625e-04 4.5000172e-03 1.2157061e-02
-1.3189189e+01 2.3789186e-04 4.5217779e-03 1.2173279e-02
-1.3180180e+01 2.4555227e-04 4.5454944e-03 1.2223974e-02
-1.3171171e+01 2.5270625e-04 4.5548470e-03 1.2245824e-02
-1.3162162e+01 2.5882029e-04 4.5806419e-03 1.2263375e-02
-1.3153153e+01 2.6997667e-04 4.5942146e-03 1.2288861e-02
-1.3144144e+01 2.7960311e-04 4.6187245e-03 1.2293169e-02
-1.3135135e+01 2.8996128e-04 4.6442660e-03 1.2327710e-02
-1.3126126e+01 2.9949074e-04 4.6585237e-03 1.2398947e-02
-1.3117117e+01 3.0942000e-04 4.6718963e-03 1.2438934e-02
-1.3108108e+01 3.2454328e-04 4.6845577e-03 1.2476021e-02
-1.3099099e+01 3.3545550e-04 4.6974180e-03 1.2542112e-02
-1.3090090e+01 3.4440320e-04 4.7120879e-03 1.2598442e-02
-1.3081081e+01 3.5096281e-04 4.7248148e-03 1.2637017e-02
-1.3072072e+01 3.6124989e-04 4.7396359e-03 1.2684950e-02
-1.3063063e+01 3.7425440e-04 4.7644328e-03 1.2745056e-02
-1.3054054e+01 3.8231173e-04 4.7908354e-03 1.2783151e-02
-1.3045045e+01 3.9191491e-04 4.8082120e-03 1.2841060e-02
-1.3036036e+01 4.0168192e-04 4.8435204e-03 1.2901816e-02
-1.3027027e+01 4.1248569e-04 4.8720435e-03 1.2962181e-02
-1.3018018e+01 4.3166915e-04 4.8973641e-03 1.3024120e-02
-1.3009009e+01 4.4820638e-04 4.9358136e-03 1.3080683e-02
-1.3000000e+01 4.5876549e-04 4.9691073e-03 1.3106524e-02
-1.2990991e+01 4.7366417e-04 5.0015122e-03 1.3170015e-02
-1.2981982e+01 4.9171645e-04 5.0283404e-03 1.3219578e-02
-1.2972973e+01 5.0494791e-04 5.0596933e-03 1.3252792e-02
-1.2963964e+01 5.1717801e-04 5.0969813e-03 1.3275270e-02
-1.2954955e+01 5.3059016e-04 5.1459454e-03 1.3331047e-02
-1.2945946e+01 5.5629408e-04 5.1839279e-03 1.3364152e-02
-1.2936937e+01 5.7114263e-04 5.2168534e-03 1.3412424e-02
-1.2927928e+01 5.9677876e-04 5.2442207e-03 1.3444025e-02
-1.2918919e+01 6.2198002e-04 5.2801267e-03 1.3499756e-02
-1.2909910e+01 6.3740681e-04 5.3374111e-03 1.3570997e-02
-1.2900901e+01 6.6537365e-04 5.3837147e-03 1.3614048e-02
-1.2891892e+01 6.9251420e-04 5.4273742e-03 1.3691989e-02
-1.2882883e+01 7.1457438e-04 5.4775614e-03 1.3765419e-02
-1.2873874e+01 7.3943221e-04 5.5312443e-03 1.3812121e-02
-1.2864865e+01 7.6936380e-04 5.5889634e-03 1.3893315e-02
-1.2855856e+01 7.9702890e-04 5.6595124e-03 1.3962372e-02
-1.2846847e+01 8.2439733e-04 5.7314685e-03 1.4033536e-02
-1.2837838e+01 8.6140394e-04 5.8022128e-03 1.4079338e-02
-1.2828829e+01 8.9339792e-04 5.8626447e-03 1.4141144e-02
-1.2819820e+01 9.2605616e-04 5.9455279e-03 1.4196485e-02
-1.2810811e+01 9.6114801e-04 6.0149446e-03 1.4249271e-02
-1.2801802e+01 1.0022175e-03 6.0741127e-03 1.4336531e-02
-1.2792793e+01 1.0437046e-03 6.1244364e-03 1.4426333e-02
-1.2783784e+01 1.0833422e-03 6.1980452e-03 1.4511339e-02
-1.2774775e+01 1.1161037e-03 6.2638365e-03 1.4589576e-02
-1.2765766e+01 1.1491595e-03 6.3320144e-03 1.4675807e-02
-1.2756757e+01 1.1862970e-03 6.3938116e-03 1.4776477e-02
-1.2747748e+01 1.2380068e-03 6.4732407e-03 1.4872675e-02
-1.2738739e+01 1.2787673e-03 6.5435965e-03 1.4996455e-02
-1.2729730e+01 1.3247481e-03 6.6199521e-03 1.5093109e-02
-1.2720721e+01 1.3732154e-03 6.7128871e-03 1.5208589e-02
-1.2711712e+01 1.4230995e-03 6.8090970e-03 1.5286042e-02
-1.2702703e+01 1.4786226e-03 6.9040042e-03 1.5378806e-02
-1.2693694e+01 1.5392333e-03 6.9908933e-03 1.5515082e-02
-1.2684685e+01 1.5896679e-03 7.0714927e-03 1.5619853e-02
-1.2675676e+01 1.6437567e-03 7.1558673e-03 1.5751328e-02
-1.2666667e+01 1.7054849e-03 7.2556999e-03 1.5864177e-02
-1.2657658e+01 1.7717539e-03 7.3387144e-03 1.5990256e-02
-1.2648649e+01 1.8243019e-03 7.4428439e-03 1.6147621e-02
-1.2639640e+01 1.8917650e-03 7.5417267e-03 1.6285521e-02
-1.2630631e+01 1.9503810e-03 7.6356361e-03 1.6405937e-02
-1.2621622e+01 2.0220545e-03 7.7606699e-03 1.6535270e-02
-1.2612613e+01 2.0962308e-03 7.8475660e-03 1.6693005e-02
-1.2603604e+01 2.1607515e-03 7.9403670e-03 1.6810214e-02
-1.2594595e+01 2.2373731e-03 8.0453651e-03 1.6951430e-02
-1.2585586e+01 2.3055819e-03 8.1568826e-03 1.7073983e-02
-1.2576577e+01 2.3791881e-03 8.2641086e-03 1.7202407e-02
-1.2567568e+01 2.4763020e-03 8.3438242e-03 1.7331290e-02
-1.2558559e+01 2.5520000e-03 8.4354978e-03 1.7488277e-02
-1.2549550e+01 2.6466640e-03 8.5473364e-03 1.7637877e-02
-1.2540541e+01 2.7425983e-03 8.6685039e-03 1.7770702e-02
-1.2531532e+01 2.8262509e-03 8.7790585e-03 1.7922401e-02
-1.2522523e+01 2.9206081e-03 8.8925997e-03 1.8078832e-02
-1.2513514e+01 3.0033195e-03 9.0184962e-03 1.8232032e-02
-1.2504505e+01 3.0964043e-03 9.1206808e-03 1.8393014e-02
-1.2495495e+01 3.1822654e-03 9.2310382e-03 1.8547927e-02
-1.2486486e+01 3.2751763e-03 9.3508739e-03 1.8673067e-02
-1.2477477e+01 3.3647230e-03 9.4728868e-03 1.8849576e-02
-1.2468468e+01 3.4636659e-03 9.6156957e-03 1.9009626e-02
-1.2459459e+01 3.5704539e-03 9.7386493e-03 1.9179134e-02
-1.2450450e+01 3.6719034e-03 9.8694800e-03 1.9356783e-02
-1.2441441e+01 3.7711654e-03 1.0005711e-02 1.9532511e-02
-1.2432432e+01 3.8775386e-03 1.0127037e-02 1.9718417e-02
-1.2423423e+01 3.9631349e-03 1.0266265e-02 1.9893467e-02
-1.2414414e+01 4.0512020e-03 1.0407188e-02 2.0053411e-02
-1.2405405e+01 4.1654832e-03 1.0535098e-02 2.0220459e-02
-1.2396396e+01 4.2721493e-03 1.0689743e-02 2.0414488e-02
-1.2387387e+01 4.3780398e-03 1.0850991e-02 2.0559055e-02
-1.2378378e+01 4.4780265e-03 1.0998664e-02 2.0754934e-02
-1.2369369e+01 4.5834226e-03 1.1149680e-02 2.0935333e-02
-1.2360360e+01 4.6763681e-03 1.1324778e-02 2.1094384e-02
-1.2351351e+01 4.7671711e-03 1.1504277e-02 2.1270766e-02
-1.2342342e+01 4.8628041e-03 1.1654494e-02 2.1487980e-02
-1.2333333e+01 4.9639486e-03 1.1806031e-02 2.1672761e-02
-1.2324324e+01 5.0715761e-03 1.1982288e-02 2.1828456e-02
-1.2315315e+01 5.1618854e-03 1.2140764e-02 2.1979501e-02
-1.2306306e+01 5.2685868e-03 1.2294488e-02 2.2177336e-02
-1.2297297e+01 5.3817268e-03 1.2466559e-02 2.2386287e-02
-1.2288288e+01 5.5016442e-03 1.2642801e-02 2.2614826e-02
-1.2279279e+01 5.6056290e-03 1.2820655e-02 2.2828532e-02
-1.2270270e+01 5.7424341e-03 1.2981552e-02 2.3022436e-02
-1.2261261e+01 5.8701590e-03 1.3136562e-02 2.3251051e-02
-1.2252252e+01 5.9978034e-03 1.3294641e-02 2.3462655e-02
-1.2243243e+01 6.1131732e-03 1.3446349e-02 2.3726880e-02
-1.2234234e+01 6.2370771e-03 1.3623869e-02 2.3924756e-02
-1.2225225e+01 6.3419209e-03 1.3778733e-02 2.4145447e-02
-1.2216216e+01 6.4800979e-03 1.3953249e-02 2.4375639e-02
-1.2207207e+01 6.6268125e-03 1.4136783e-02 2.4624572e-02
-1.2198198e+01 6.7391257e-03 1.4332577e-02 2.4858782e-02
-1.2189189e+01 6.8862827e-03 1.4494762e-02 2.5058145e-02
-1.2180180e+01 7.0371809e-03 1.4696297e-02 2.5276701e-02
-1.2171171e+01 7.1884002e-03 1.4863224e-02 2.5456742e-02
-1.2162162e+01 7.3148669e-03 1.5036494e-02 2.5703737e-02
-1.2153153e+01 7.4470663e-03 1.5239025e-02 2.5914413e-02
-1.2144144e+01 7.6033188e-03 1.5427983e-02 2.6129502e-02
-1.2135135e+01 7.7312799e-03 1.5614743e-02 2.6361770e-02
-1.2126126e+01 7.8735548e-03 1.5801885e-02 2.6598945e-02
-1.2117117e+01 8.0377371e-03 1.6025143e-02 2.6860256e-02
-1.2108108e+01 8.2176500e-03 1.6231841e-02 2.7099164e-02
-1.2099099e+01 8.3568756e-03 1.6439410e-02 2.7373609e-02
-1.2090090e+01 8.5404807e-03 1.6670589e-02 2.7635466e-02
-1.2081081e+01 8.6866752e-03 1.6911483e-02 2.7910219e-02
-1.2072072e+01 8.8495625e-03 1.7157703e-02 2.8180418e-02
-1.2063063e+01 9.0187765e-03 1.7389278e-02 2.8492611e-02
-1.2054054e+01 9.1620777e-03 1.7596570e-02 2.8738716e-02
-1.2045045e+01 9.3288517e-03 1.7816851e-02 2.9011727e-02
-1.2036036e+01 9.5210163e-03 1.8035837e-02 2.9294681e-02
-1.2027027e+01 9.6719039e-03 1.8288770e-02 2.9555275e-02
-1.2018018e+01 9.8621308e-03 1.8519043e-02 2.9864377e-02
-1.2009009e+01 1.0072941e-02 1.8738327e-02 3.0178634e-02
-1.2000000e+01 1.0257607e-02 1.8987772e-02 3.0491988e-02
-1.1990991e+01 1.0473311e-02 1.9225846e-02 3.0778754e-02
-1.1981982e+01 1.0672838e-02 1.9459340e-02 3.1100593e-02
-1.1972973e+01 1.0859194e-02 1.9732013e-02 3.1428569e-02
-1.1963964e+01 1.1049876e-02 1.9989782e-02 3.1773372e-02
-1.1954955e+01 1.1220732e-02 2.0256486e-02 3.2054004e-02
-1.1945946e+01 1.1419466e-02 2.0535403e-02 3.2368931e-02
-1.1936937e+01 1.1610751e-02 2.0800288e-02 3.2709094e-02
-1.1927928e+01 1.1820420e-02 2.1043724e-02 3.3034341e-02
-1.1918919e+01 1.2061055e-02 2.1297016e-02 3.3385467e-02
-1.1909910e+01 1.2271800e-02 2.1577107e-02 3.3690214e-02
-1.1900901e+01 1.2459278e-02 2.1864757e-02 3.4032969e-02
-1.1891892e+01 1.2691048e-02 2.2150090e-02 3.4365233e-02
-1.1882883e+01 1.2938872e-02 2.2435586e-02 3.4725757e-02
-1.1873874e+01 1.3148911e-02 2.2718919e-02 3.5068990e-02
-1.1864865e+01 1.3399876e-02 2.2974212e-02 3.5423639e-02
-1.1855856e+01 1.3632330e-02 2.3286572e-02 3.5728862e-02
-1.1846847e+01 1.3838584e-02 2.3546536e-02 3.6093583e-02
-1.1837838e+01 1.4065006e-02 2.3843211e-02 3.6468907e-02
-1.1828829e+01 1.4273123e-02 2.4141112e-02 3.6773283e-02
-1.1819820e+01 1.4496390e-02 2.4450619e-02 3.7196771e-02
-1.1810811e+01 1.4734212e-02 2.4760232e-02 3.7574683e-02
-1.1801802e+01 1.4968039e-02 2.5072929e-02 3.7970369e-02
-1.1792793e+01 1.5204531e-02 2.5376802e-02 3.8327306e-02
-1.1783784e+01 1.5401978e-02 2.5700018e-02 3.8722019e-02
-1.1774775e+01 1.5612754e-02 2.6017393e-02 3.9092897e-02
-1.1765766e+01 1.5861154e-02 2.6286590e-02 3.9392800e-02
-1.1756757e+01 1.6092852e-02 2.6580041e-02 3.9682569e-02
-1.1747748e+01 1.6347761e-02 2.6869442e-02 4.0045047e-02
-1.1738739e+01 1.6545797e-02 2.7131165e-02 4.0388749e-02
-1.1729730e+01 1.6754564e-02 2.7437838e-02 4.0711146e-02
-1.1720721e+01 1.6986085e-02 2.7713865e-02 4.1035859e-02
-1.1711712e+01 1.7231863e-02 2.7984026e-02 4.1369196e-02
-1.1702703e+01 1.7464026e-02 2.8292738e-02 4.1705679e-02
-1.1693694e+01 1.7666351e-02 2.8567756e-02 4.2028382e-02
-1.1684685e+01 1.7886270e-02 2.8849195e-02 4.2385035e-02
-1.1675676e+01 1.8107143e-02 2.9140778e-02 4.2731268e-02
-1.1666667e+01 1.8320536e-02 2.9450888e-02 4.3047163e-02
-1.1657658e+01 1.8577572e-02 2.9730419e-02 4.3382730e-02
-1.1648649e+01 1.8801356e-02 3.0040865e-02 4.3738798e-02
-1.1639640e+01 1.9026579e-02 3.0342028e-02 4.4050615e-02
-1.1630631e+01 1.9235878e-02 3.0616459e-02 4.4415208e-02
-1.1621622e+01 1.9459330e-02 3.0860375e-02 4.4722252e-02
-1.1612613e+01 1.9678479e-02 3.1156379e-02 4.5064031e-02
-1.1603604e+01 1.9879788e-02 3.1442711e-02 4.5343685e-02
-1.1594595e+01 2.0109732e-02 3.1727604e-02 4.5661948e-02
-1.1585586e+01 2.0322739e-02 3.1951490e-02 4.5944100e-02
-1.1576577e+01 2.0561261e-02 3.2184420e-02 4.6244548e-02
-1.1567568e+01 2.0806340e-02 3.2487842e-02 4.6555103e-02
-1.1558559e+01 2.1017916e-02 3.2778344e-02 4.6915167e-02
-1.1549550e+01 2.1238028e-02 3.3026862e-02 4.7208404e-02
-1.1540541e+01 2.1468008e-02 3.3288597e-02 4.7540039e-02
-1.1531532e+01 2.1706641e-02 3.3546678e-02 4.7853356e-02
-1.1522523e+01 2.1917061e-02 3.3828521e-02 4.8127123e-02
-1.1513514e+01 2.2170058e-02 3.4136962e-02 4.8446373e-02
-1.1504505e+01 2.2426882e-02 3.4441708e-02 4.8788475e-02
-1.1495495e+01 2.2677178e-02 3.4706931e-02 4.9086203e-02
-1.1486486e+01 2.2920680e-02 3.5006940e-02 4.9421603e-02
-1.1477477e+01 2.3181687e-02 3.5292158e-02 4.9771444e-02
-1.1468468e+01 2.3440575e-02 3.5616999e-02 5.0128330e-02
-1.1459459e+01 2.3713115e-02 3.5926532e-02 5.0491643e-02
-1.1450450e+01 2.3961740e-02 3.6241194e-02 5.0830289e-02
-1.1441441e+01 2.4222399e-02 3.6547061e-02 5.1203701e-02
-1.1432432e+01 2.4513445e-02 3.6902504e-02 5.1579829e-02
-1.1423423e+01 2.4845310e-02 3.7260963e-02 5.2023088e-02
-1.1414414e+01 2.5141737e-02 3.7621970e-02 5.2475291e-02
-1.1405405e+01 2.5469676e-02 3.7962508e-02 5.2922150e-02
-1.1396396e+01 2.5786943e-02 3.8327669e-02 5.3443479e-02
-1.1387387e+01 2.6136151e-02 3.8693486e-02 5.3943654e-02
-1.1378378e+01 2.6494372e-02 3.9120779e-02 5.4425503e-02
-1.1369369e+01 2.6871311e-02 3.9559742e-02 5.4971811e-02
-1.1360360e+01 2.7277832e-02 3.9998148e-02 5.5444304e-02
-1.1351351e+01 2.7726791e-02 4.0487079e-02 5.5987764e-02
-1.1342342e+01 2.8144112e-02 4.0987274e-02 5.6483384e-02
-1.1333333e+01 2.8590850e-02 4.1505696e-02 5.7084227e-02
-1.1324324e+01 2.9070930e-02 4.2058105e-02 5.7722928e-02
-1.1315315e+01 2.9558051e-02 4.2655473e-02 5.8274346e-02
-1.1306306e+01 3.0056804e-02 4.3263852e-02 5.8915136e-02
-1.1297297e+01 3.0590646e-02 4.3849784e-02 5.9569968e-02
-1.1288288e+01 3.1168873e-02 4.4504872e-02 6.0303402e-02
-1.1279279e+01 3.1775209e-02 4.5168631e-02 6.1026137e-02
-1.1270270e+01 3.2408747e-02 4.5892703e-02 6.1833968e-02
-1.1261261e+01 3.3061460e-02 4.6592273e-02 6.2692476e-02
-1.1252252e+01 3.3700336e-02 4.7359778e-02 6.3526856e-02
-1.1243243e+01 3.4420251e-02 4.8113646e-02 6.4403286e-02
-1.1234234e+01 3.5136209e-02 4.8957519e-02 6.5308854e-02
-1.1225225e+01 3.5918077e-02 4.9860052e-02 6.6252788e-02
-1.1216216e+01 3.6745144e-02 5.0721660e-02 6.7270179e-02
-1.1207207e+01 3.7549705e-02 5.1654770e-02 6.8297779e-02
-1.1198198e+01 3.8405942e-02 5.2637158e-02 6.9352105e-02
-1.1189189e+01 3.9289386e-02 5.3671584e-02 7.0476895e-02
-1.1180180e+01 4.0230620e-02 5.4735977e-02 7.1687979e-02
-1.1171171e+01 4.1205829e-02 5.5846125e-02 7.2873924e-02
-1.1162162e+01 4.2136856e-02 5.6994124e-02 7.4147450e-02
-1.1153153e+01 4.3164628e-02 5.8154642e-02 7.5472936e-02
-1.1144144e+01 4.4259031e-02 5.9363050e-02 7.6858138e-02
-1.1135135e+01 4.5409428e-02 6.0583520e-02 7.8303629e-02
-1.1126126e+01 4.6578277e-02 6.1862092e-02 7.9778084e-02
-1.1117117e+01 4.7737479e-02 6.3234605e-02 8.1336138e-02
-1.1108108e+01 4.9000675e-02 6.4656386e-02 8.2835029e-02
-1.1099099e+01 5.0228619e-02 6.6180633e-02 8.4525757e-02
-1.1090090e+01 5.1570736e-02 6.7703514e-02 8.6227448e-02
-1.1081081e+01 5.2972247e-02 6.9287097e-02 8.8029555e-02
-1.1072072e+01 5.4431682e-02 7.0917867e-02 8.9878950e-02
-1.1063063e+01 5.5918363e-02 7.2611766e-02 9.1777384e-02
-1.1054054e+01 5.7404606e-02 7.4335126e-02 9.3716756e-02
-1.1045045e+01 5.8966251e-02 7.6130954e-02 9.5674427e-02
-1.1036036e+01 6.0538577e-02 7.7973161e-02 9.7751508e-02
-1.1027027e+01 6.2263334e-02 7.9838043e-02 9.9879803e-02
-1.1018018e+01 6.4062824e-02 8.1795160e-02 1.0205317e-01
-1.1009009e+01 6.5862775e-02 8.3819536e-02 1.0423600e-01
-1.1000000e+01 6.7749692e-02 8.5917005e-02 1.0651310e-01
-1.0990991e+01 6.9723706e-02 8.8017824e-02 1.0888049e-01
-1.0981982e+01 7.1640167e-02 9.0257594e-02 1.1141232e-01
-1.0972973e+01 7.3713246e-02 9.2527616e-02 1.1396586e-01
-1.0963964e+01 7.5840643e-02 9.4887061e-02 1.1646874e-01
-1.0954955e+01 7.8067935e-02 9.7274163e-02 1.1902051e-01
-1.0945946e+01 8.0278672e-02 9.9730812e-02 1.2172493e-01
-1.0936937e+01 8.2602462e-02 1.0228871e-01 1.2441934e-01
-1.0927928e+01 8.4932190e-02 1.0487882e-01 1.2723694e-01
-1.0918919e+01 8.7398194e-02 1.0757733e-01 1.3017737e-01
-1.0909910e+01 8.9890803e-02 1.1031161e-01 1.3320607e-01
-1.0900901e+01 9.2483404e-02 1.1313972e-01 1.3621664e-01
-1.0891892e+01 9.5210520e-02 1.1603847e-01 1.3932935e-01
-1.0882883e+01 9.7965405e-02 1.1904368e-01 1.4256143e-01
-1.0873874e+01 1.0084331e-01 1.2216756e-01 1.4590793e-01
-1.0864865e+01 1.0372997e-01 1.2533986e-01 1.4923853e-01
-1.0855856e+01 1.0669337e-01 1.2854211e-01 1.5260880e-01
-1.0846847e+01 1.0982944e-01 1.3181563e-01 1.5615308e-01
-1.0837838e+01 1.1299358e-01 1.3520446e-01 1.5980080e-01
-1.0828829e+01 1.1621097e-01 1.3870268e-01 1.6356890e-01
-1.0819820e+01 1.1951030e-01 1.4224236e-01 1.6730874e-01
-1.0810811e+01 1.2291911e-01 1.4586456e-01 1.7128652e-01
-1.0801802e+01 1.2633598e-01 1.4965244e-01 1.7534012e-01
-1.0792793e+01 1.2990111e-01 1.5347648e-01 1.7944725e-01
-1.0783784e+01 1.3361166e-01 1.5745501e-01 1.8362910e-01
-1.0774775e+01 1.3737206e-01 1.6159299e-01 1.8793485e-01
-1.0765766e+01 1.4127740e-01 1.6576369e-01 1.9243358e-01
-1.0756757e+01 1.4537288e-01 1.7005160e-01 1.9693636e-01
-1.0747748e+01 1.4945698e-01 1.7445196e-01 2.0147612e-01
-1.0738739e+01 1.5379478e-01 1.7894841e-01 2.0616393e-01
-1.0729730e+01 1.5810992e-01 1.8358634e-01 2.1107580e-01
-1.0720721e+01 1.6257934e-01 1.8836478e-01 2.1610453e-01
-1.0711712e+01 1.6712975e-01 1.9312283e-01 2.2124844e-01
-1.0702703e+01 1.7169645e-01 1.9813117e-01 2.2657072e-01
-1.0693694e+01 1.7640529e-01 2.0324156e-01 2.3189670e-01
-1.0684685e+01 1.8122598e-01 2.0844803e-01 2.3732951e-01
-1.0675676e+01 1.8633565e-01 2.1374997e-01 2.4290536e-01
-1.0666667e+01 1.9148426e-01 2.1917800e-01 2.4867565e-01
-1.0657658e+01 1.9679644e-01 2.2486944e-01 2.5467121e-01
-1.0648649e+01 2.0228524e-01 2.3064120e-01 2.6073585e-01
-1.0639640e+01 2.0783069e-01 2.3653823e-01 2.6702149e-01
-1.0630631e+01 2.1360315e-01 2.4254489e-01 2.7335518e-01
-1.0621622e+01 2.1943380e-01 2.4875983e-01 2.7970919e-01
-1.0612613e+01 2.2541633e-01 2.5506500e-01 2.8632872e-01
-1.0603604e+01 2.3157464e-01 2.6156530e-01 2.9305241e-01
-1.0594595e+01 2.3786560e-01 2.6830070e-01 2.9994456e-01
-1.0585586e+01 2.4434201e-01 2.7506209e-01 3.0680299e-01
-1.0576577e+01 2.5103593e-01 2.8193792e-01 3.1400299e-01
-1.0567568e+01 2.5788208e-01 2.8906306e-01 3.2144553e-01
-1.0558559e+01 2.6482344e-01 2.9633204e-01 3.2889464e-01
-1.0549550e+01 2.7192162e-01 3.0367105e-01 3.3652093e-01
-1.0540541e+01 2.7925179e-01 3.1120389e-01 3.4440709e-01
-1.0531532e+01 2.8668637e-01 3.1886915e-01 3.5239061e-01
-1.0522523e+01 2.9426781e-01 3.2679137e-01 3.6064693e-01
-1.0513514e+01 3.0197426e-01 3.3488578e-01 3.6902166e-01
-1.0504505e+01 3.0991390e-01 3.4311921e-01 3.7762608e-01
-1.0495495e+01 3.1813772e-01 3.5153817e-01 3.8628378e-01
-1.0486486e+01 3.2655383e-01 3.6010777e-01 3.9521338e-01
-1.0477477e+01 3.3502145e-01 3.6887872e-01 4.0444133e-01
-1.0468468e+01 3.4365123e-01 3.7777334e-01 4.1370766e-01
-1.0459459e+01 3.5245598e-01 3.8683763e-01 4.2322897e-01
-1.0450450e+01 3.6145488e-01 3.9615915e-01 4.3286123e-01
-1.0441441e+01 3.7054712e-01 4.0565323e-01 4.4270436e-01
-1.0432432e+01 3.7985693e-01 4.1537269e-01 4.5274501e-01
-1.0423423e+01 3.8931960e-01 4.2520194e-01 4.6290330e-01
-1.0414414e+01 3.9905369e-01 4.3523246e-01 4.7319131e-01
-1.0405405e+01 4.0886500e-01 4.4534041e-01 4.8363866e-01
-1.0396396e+01 4.1881838e-01 4.5569964e-01 4.9434279e-01
-1.0387387e+01 4.2911506e-01 4.6616574e-01 5.0512214e-01
-1.0378378e+01 4.3947792e-01 4.7684750e-01 5.1601372e-01
-1.0369369e+01 4.4991768e-01 4.8763712e-01 5.2706966e-01
-1.0360360e+01 4.6065250e-01 4.9849001e-01 5.3817442e-01
-1.0351351e+01 4.7147150e-01 5.0962696e-01 5.4963120e-01
-1.0342342e+01 4.8230929e-01 5.2081572e-01 5.6121980e-01
-1.0333333e+01 4.9343988e-01 5.3222676e-01 5.7299922e-01
-1.0324324e+01 5.0466785e-01 5.4373127e-01 5.8476504e-01
-1.0315315e+01 5.1603361e-01 5.5536343e-01 5.9649744e-01
-1.0306306e+01 5.2744760e-01 5.6700962e-01 6.0850862e-01
-1.0297297e+01 5.3894724e-01 5.7889963e-01 6.2055571e-01
-1.0288288e+01 5.5067008e-01 5.9082184e-01 6.3264654e-01
-1.0279279e+01 5.6238344e-01 6.0285288e-01 6.4504640e-01
-1.0270270e+01 5.7421430e-01 6.1500075e-01 6.5739190e-01
-1.0261261e+01 5.8606081e-01 6.2703154e-01 6.6974398e-01
-1.0252252e+01 5.9806806e-01 6.3928726e-01 6.8220702e-01
-1.0243243e+01 6.1008876e-01 6.5148693e-01 6.9458201e-01
-1.0234234e+01 6.2211958e-01 6.6365287e-01 7.0703654e-01
-1.0225225e+01 6.3414060e-01 6.7594337e-01 7.1942660e-01
-1.0216216e+01 6.4613392e-01 6.8829748e-01 7.3184900e-01
-1.0207207e+01 6.5805147e-01 7.0048125e-01 7.4434564e-01
-1.0198198e+01 6.6994347e-01 7.1255468e-01 7.5651848e-01
-1.0189189e+01 6.8198380e-01 7.2473297e-01 7.6886628e-01
-1.0180180e+01 6.9398770e-01 7.3697908e-01 7.8127914e-01
-1.0171171e+01 7.0578230e-01 7.4884441e-01 7.9364155e-01
-1.0162162e+01 7.1751471e-01 7.6080154e-01 8.0571852e-01
-1.0153153e+01 7.2903382e-01 7.7273743e-01 8.1775826e-01
-1.0144144e+01 7.4053344e-01 7.8448428e-01 8.2973415e-01
-1.0135135e+01 7.5191558e-01 7.9609238e-01 8.4145417e-01
-1.0126126e+01 7.6301919e-01 8.0745565e-01 8.5290139e-01
-1.0117117e+01 7.7406172e-01 8.1876801e-01 8.6418179e-01
-1.0108108e+01 7.8487619e-01 8.2985776e-01 8.7524259e-01
-1.0099099e+01 7.9545252e-01 8.4078691e-01 8.8617796e-01
-1.0090090e+01 8.0599348e-01 8.5136843e-01 8.9668235e-01
-1.0081081e+01 8.1619025e-01 8.6163911e-01 9.0715364e-01
-1.0072072e+01 8.2613571e-01 8.7177635e-01 9.1734829e-01
-1.0063063e+01 8.3593250e-01 8.8156601e-01 9.2718346e-01
-1.0054054e+01 8.4532673e-01 8.9107784e-01 9.3693530e-01
-1.0045045e+01 8.5460246e-01 9.0028575e-01 9.4632419e-01
-1.0036036e+01 8.6341118e-01 9.0914882e-01 9.5548140e-01
-1.0027027e+01 8.7184641e-01 9.1768646e-01 9.6391052e-01
-1.0018018e+01 8.7994936e-01 9.2571667e-01 9.7208650e-01
-1.0009009e+01 8.8775957e-01 9.3366520e-01 9.7999162e-01
-1.0000000e+01 8.9507251e-01 9.4106990e-01 9.8745412e-01
-9.9909910e+00 9.0208132e-01 9.4810788e-01 9.9459905e-01
-9.9819820e+00 9.0875929e-01 9.5467952e-01 1.0012833e+00
-9.9729730e+00 9.1509749e-01 9.6101155e-01 1.0077860e+00
-9.9639640e+00 9.2089222e-01 9.6689980e-01 1.0138247e+00
-9.9549550e+00 9.2615231e-01 9.7229669e-01 1.0193331e+00
-9.9459459e+00 9.3092045e-01 9.7710126e-01 1.0241640e+00
-9.9369369e+00 9.3537162e-01 9.8151765e-01 1.0285912e+00
-9.9279279e+00 9.3927860e-01 9.8566469e-01 1.0325095e+00
-9.9189189e+00 9.4272329e-01 9.8906260e-01 1.0361840e+00
-9.9099099e+00 9.4576288e-01 9.9207601e-01 1.0393183e+00
-9.9009009e+00 9.4819665e-01 9.9451257e-01 1.0418605e+00
-9.8918919e+00 9.5007947e-01 9.9653824e-01 1.0439186e+00
-9.8828829e+00 9.5165145e-01 9.9814103e-01 1.0455955e+00
-9.8738739e+00 9.5263066e-01 9.9915903e-01 1.0465172e+00
-9.8648649e+00 9.5300931e-01 9.9985281e-01 1.0471753e+00
-9.8558559e+00 9.5308099e-01 1.0000000e+00 1.0474072e+00
-9.8468468e+00 9.5266397e-01 9.9958902e-01 1.0469898e+00
-9.8378378e+00 9.5143616e-01 9.9863316e-01 1.0458991e+00
-9.8288288e+00 9.5011238e-01 9.9716521e-01 1.0444715e+00
-9.8198198e+00 9.4819744e-01 9.9521653e-01 1.0425237e+00
-9.8108108e+00 9.4581325e-01 9.9273708e-01 1.0401496e+00
-9.8018018e+00 9.4282839e-01 9.8977443e-01 1.0373932e+00
-9.7927928e+00 9.3925312e-01 9.8625349e-01 1.0341941e+00
-9.7837838e+00 9.3541514e-01 9.8240928e-01 1.0304012e+00
-9.7747748e+00 9.3100936e-01 9.7813958e-01 1.0260102e+00
-9.7657658e+00 9.2620518e-01 9.7317652e-01 1.0211990e+00
-9.7567568e+00 9.2103726e-01 9.6797295e-01 1.0159634e+00
-9.7477477e+00 9.1545178e-01 9.6228372e-01 1.0103386e+00
-9.7387387e+00 9.0928590e-01 9.5616766e-01 1.0042258e+00
-9.7297297e+00 9.0264503e-01 9.4952647e-01 9.9751740e-01
-9.7207207e+00 8.9553897e-01 9.4243476e-01 9.9065446e-01
-9.7117117e+00 8.8816275e-01 9.3499055e-01 9.8337070e-01
-9.7027027e+00 8.8047347e-01 9.2723562e-01 9.7541672e-01
-9.6936937e+00 8.7231561e-01 9.1888740e-01 9.6725763e-01
-9.6846847e+00 8.6395085e-01 9.1035633e-01 9.5858645e-01
-9.6756757e+00 8.5509348e-01 9.0141458e-01 9.4952672e-01
-9.6666667e+00 8.4579348e-01 8.9217156e-01 9.3998705e-01
-9.6576577e+00 8.3627894e-01 8.8263137e-01 9.3036763e-01
-9.6486486e+00 8.2654553e-01 8.7258850e-01 9.2041283e-01
-9.6396396e+00 8.1638821e-01 8.6240743e-01 9.1011278e-01
-9.6306306e+00 8.0587256e-01 8.5189476e-01 8.9936999e-01
-9.6216216e+00 7.9532742e-01 8.4110380e-01 8.8830294e-01
-9.6126126e+00 7.8437734e-01 8.3007870e-01 8.7707622e-01
-9.6036036e+00 7.7339632e-01 8.1879432e-01 8.6557293e-01
-9.5945946e+00 7.6215375e-01 8.0741880e-01 8.5389371e-01
-9.5855856e+00 7.5067888e-01 7.9573339e-01 8.4207202e-01
-9.5765766e+00 7.3893960e-01 7.8393838e-01 8.2993867e-01
-9.5675676e+00 7.2717849e-01 7.7176317e-01 8.1762779e-01
-9.5585586e+00 7.1510063e-01 7.5968486e-01 8.0523254e-01
-9.5495495e+00 7.0287707e-01 7.4725145e-01 7.9268863e-01
-9.5405405e+00 6.9068106e-01 7.3475742e-01 7.8023237e-01
-9.5315315e+00 6.7849250e-01 7.2226181e-01 7.6742372e-01
-9.5225225e+00 6.6586673e-01 7.0963651e-01 7.5450439e-01
-9.5135135e+00 6.5351823e-01 6.9686193e-01 7.4149691e-01
-9.5045045e+00 6.4102428e-01 6.8413064e-01 7.2855140e-01
-9.4954955e+00 6.2871753e-01 6.7142725e-01 7.1558068e-01
-9.4864865e+00 6.1614676e-01 6.5864964e-01 7.0255293e-01
-9.4774775e+00 6.0365527e-01 6.4585257e-01 6.8948648e-01
-9.4684685e+00 5.9114196e-01 6.3299647e-01 6.7647943e-01
-9.4594595e+00 5.7865273e-01 6.2028359e-01 6.6343044e-01
-9.4504505e+00 5.6624269e-01 6.0763998e-01 6.5030399e-01
-9.4414414e+00 5.5402248e-01 5.9501889e-01 6.3741427e-01
-9.4324324e+00 5.4182038e-01 5.8251919e-01 6.2457923e-01
-9.4234234e+00 5.2962906e-01 5.7006290e-01 6.1178130e-01
-9.4144144e+00 5.1765289e-01 5.5767707e-01 5.9911887e-01
-9.4054054e+00 5.0572349e-01 5.4536026e-01 5.8660729e-01
-9.3963964e+00 4.9387235e-01 5.3323689e-01 5.7393666e-01
-9.3873874e+00 4.8204006e-01 5.2115664e-01 5.6159155e-01
-9.3783784e+00 4.7037711e-01 5.0924259e-01 5.4941229e-01
-9.3693694e+00 4.5898637e-01 4.9742287e-01 5.3736902e-01
-9.3603604e+00 4.4786996e-01 4.8584843e-01 5.2551441e-01
-9.3513514e+00 4.3687102e-01 4.7438888e-01 5.1384703e-01
-9.3423423e+00 4.2584300e-01 4.6309744e-01 5.0228461e-01
-9.3333333e+00 4.1507014e-01 4.5206295e-01 4.9100545e-01
-9.3243243e+00 4.0469041e-01 4.4113196e-01 4.7976019e-01
-9.3153153e+00 3.9441645e-01 4.3044174e-01 4.6875418e-01
-9.3063063e+00 3.8430285e-01 4.1991992e-01 4.5792159e-01
-9.2972973e+00 3.7431154e-01 4.0963543e-01 4.4724471e-01
-9.2882883e+00 3.6459166e-01 3.9949936e-01 4.3684016e-01
-9.2792793e+00 3.5501370e-01 3.8960122e-01 4.2661795e-01
-9.2702703e+00 3.4556414e-01 3.7998616e-01 4.1660131e-01
-9.2612613e+00 3.3641751e-01 3.7060015e-01 4.0685609e-01
-9.2522523e+00 3.2741998e-01 3.6133916e-01 3.9725575e-01
-9.2432432e+00 3.1860709e-01 3.5229401e-01 3.8801017e-01
-9.2342342e+00 3.1023367e-01 3.4354735e-01 3.7892469e-01
-9.2252252e+00 3.0185345e-01 3.3497168e-01 3.6999568e-01
-9.2162162e+00 2.9393586e-01 3.2661608e-01 3.6122174e-01
-9.2072072e+00 2.8603308e-01 3.1843328e-01 3.5275402e-01
-9.1981982e+00 2.7835231e-01 3.1047181e-01 3.4460485e-01
-9.1891892e+00 2.7090478e-01 3.0267471e-01 3.3657923e-01
-9.1801802e+00 2.6364100e-01 2.9519993e-01 3.2880348e-01
-9.1711712e+00 2.5662164e-01 2.8788745e-01 3.2108449e-01
-9.1621622e+00 2.4981890e-01 2.8078379e-01 3.1373526e-01
-9.1531532e+00 2.4314569e-01 2.7393560e-01 3.0652517e-01
-9.1441441e+00 2.3669684e-01 2.6716231e-01 2.9950133e-01
-9.1351351e+00 2.3034597e-01 2.6058979e-01 2.9272480e-01
-9.1261261e+00 2.2417290e-01 2.5427470e-01 2.8613871e-01
-9.1171171e+00 2.1823557e-01 2.4811629e-01 2.7972073e-01
-9.1081081e+00 2.1262355e-01 2.4218177e-01 2.7353930e-01
-9.0990991e+00 2.0719608e-01 2.3636374e-01 2.6743958e-01
-9.0900901e+00 2.0187464e-01 2.3075763e-01 2.6157763e-01
-9.0810811e+00 1.9660403e-01 2.2528711e-01 2.5585711e-01
-9.0720721e+00 1.9153597e-01 2.1993839e-01 2.5032515e-01
-9.0630631e+00 1.8661870e-01 2.1484745e-01 2.4489095e-01
-9.0540541e+00 1.8180441e-01 2.0989574e-01 2.3967928e-01
-9.0450450e+00 1.7723115e-01 2.0499651e-01 2.3447001e-01
-9.0360360e+00 1.7276160e-01 2.0025858e-01 2.2953316e-01
-9.0270270e+00 1.6841262e-01 1.9570211e-01 2.2472776e-01
-9.0180180e+00 1.6416810e-01 1.9120324e-01 2.2008453e-01
-9.0090090e+00 1.6016294e-01 1.8691277e-01 2.1549679e-01
-9.0000000e+00 1.5618952e-01 1.8269110e-01 2.1112545e-01
-8.9909910e+00 1.5244773e-01 1.7859719e-01 2.0677891e-01
-8.9819820e+00 1.4878952e-01 1.7469921e-01 2.0267809e-01
-8.9729730e+00 1.4519631e-01 1.7088698e-01 1.9856745e-01
-8.9639640e+00 1.4168583e-01 1.6719153e-01 1.9448331e-01
-8.9549550e+00 1.3832053e-01 1.6360277e-01 1.9072255e-01
-8.9459459e+00 1.3508715e-01 1.6009263e-01 1.8705167e-01
-8.9369369e+00 1.3192764e-01 1.5669189e-01 1.8347677e-01
-8.9279279e+00 1.2884204e-01 1.5335345e-01 1.7999253e-01
-8.9189189e+00 1.2589005e-01 1.5021538e-01 1.7654808e-01
-8.9099099e+00 1.2304097e-01 1.4714034e-01 1.7330759e-01
-8.9009009e+00 1.2025725e-01 1.4410682e-01 1.7020811e-01
-8.8918919e+00 1.1756756e-01 1.4119098e-01 1.6713581e-01
-8.8828829e+00 1.1494452e-01 1.3832060e-01 1.6410739e-01
-8.8738739e+00 1.1242180e-01 1.3553429e-01 1.6113167e-01
-8.8648649e+00 1.0993433e-01 1.3286763e-01 1.5817516e-01
-8.8558559e+00 1.0756817e-01 1.3024510e-01 1.5530278e-01
-8.8468468e+00 1.0529000e-01 1.2771313e-01 1.5255978e-01
-8.8378378e+00 1.0304994e-01 1.2523461e-01 1.4997638e-01
-8.8288288e+00 1.0086630e-01 1.2284097e-01 1.4737304e-01
-8.8198198e+00 9.8684611e-02 1.2051924e-01 1.4491129e-01
-8.8108108e+00 9.6588313e-02 1.1836827e-01 1.4249660e-01
-8.8018018e+00 9.4615817e-02 1.1621554e-01 1.4009287e-01
-8.7927928e+00 9.2698285e-02 1.1408614e-01 1.3778365e-01
-8.7837838e+00 9.0765546e-02 1.1198266e-01 1.3549068e-01
-8.7747748e+00 8.8961932e-02 1.1004393e-01 1.3333567e-01
-8.7657658e+00 8.7175400e-02 1.0808371e-01 1.3122819e-01
-8.7567568e+00 8.5451710e-02 1.0613369e-01 1.2920403e-01
-8.7477477e+00 8.3782121e-02 1.0434281e-01 1.2722120e-01
-8.7387387e+00 8.2217798e-02 1.0259473e-01 1.2529719e-01
-8.7297297e+00 8.0667908e-02 1.0089913e-01 1.2346014e-01
-8.7207207e+00 7.9134170e-02 9.9207464e-02 1.2165694e-01
-8.7117117e+00 7.7614740e-02 9.7585597e-02 1.1983767e-01
-8.7027027e+00 7.6181269e-02 9.6029979e-02 1.1805088e-01
-8.6936937e+00 7.4751599e-02 9.4473665e-02 1.1636138e-01
-8.6846847e+00 7.3421123e-02 9.2964540e-02 1.1477445e-01
-8.6756757e+00 7.2099981e-02 9.1513132e-02 1.1314121e-01
-8.6666667e+00 7.0770850e-02 9.0033390e-02 1.1164442e-01
-8.6576577e+00 6.9540584e-02 8.8674437e-02 1.1015784e-01
-8.6486486e+00 6.8389034e-02 8.7321739e-02 1.0866350e-01
-8.6396396e+00 6.7191549e-02 8.5978748e-02 1.0724614e-01
-8.6306306e+00 6.6018667e-02 8.4715532e-02 1.0584898e-01
-8.6216216e+00 6.4870378e-02 8.3516479e-02 1.0440070e-01
-8.6126126e+00 6.3832552e-02 8.2272690e-02 1.0313110e-01
-8.6036036e+00 6.2785782e-02 8.1145112e-02 1.0183874e-01
-8.5945946e+00 6.1771779e-02 7.9982616e-02 1.0065747e-01
-8.5855856e+00 6.0785676e-02 7.8909822e-02 9.9547509e-02
-8.5765766e+00 5.9793780e-02 7.7868250e-02 9.8345771e-02
-8.5675676e+00 5.8839966e-02 7.6791215e-02 9.7181864e-02
-8.5585586e+00 5.7925554e-02 7.5763978e-02 9.6039930e-02
-8.5495495e+00 5.7029651e-02 7.4790468e-02 9.4941474e-02
-8.5405405e+00 5.6146848e-02 7.3866236e-02 9.3856548e-02
-8.5315315e+00 5.5305975e-02 7.2964200e-02 9.2882316e-02
-8.5225225e+00 5.4404609e-02 7.2034063e-02 9.1846360e-02
-8.5135135e+00 5.3556369e-02 7.1169018e-02 9.0822326e-02
-8.5045045e+00 5.2803449e-02 7.0270342e-02 8.9818974e-02
-8.4954955e+00 5.2034865e-02 6.9376734e-02 8.8844822e-02
-8.4864865e+00 5.1233284e-02 6.8565063e-02 8.7958834e-02
-8.4774775e+00 5.0478547e-02 6.7725115e-02 8.6959853e-02
-8.4684685e+00 4.9780036e-02 6.6936921e-02 8.6074287e-02
-8.4594595e+00 4.8990738e-02 6.6107885e-02 8.5197529e-02
-8.4504505e+00 4.8319102e-02 6.5368570e-02 8.4362708e-02
-8.4414414e+00 4.7640177e-02 6.4626346e-02 8.3589461e-02
-8.4324324e+00 4.7009259e-02 6.3859336e-02 8.2786477e-02
-8.4234234e+00 4.6351715e-02 6.3143372e-02 8.1956475e-02
-8.4144144e+00 4.5747419e-02 6.2424414e-02 8.1190773e-02
-8.4054054e+00 4.5141016e-02 6.1709758e-02 8.0444429e-02
-8.3963964e+00 4.4540854e-02 6.1027708e-02 7.9727300e-02
-8.3873874e+00 4.3918783e-02 6.0338724e-02 7.8925238e-02
-8.3783784e+00 4.3388964e-02 5.9694572e-02 7.8168784e-02
-8.3693694e+00 4.2850900e-02 5.9039161e-02 7.7473417e-02
-8.3603604e+00 4.2264849e-02 5.8411968e-02 7.6742723e-02
-8.3513514e+00 4.1699789e-02 5.7812324e-02 7.6103424e-02
-8.3423423e+00 4.1144219e-02 5.7150957e-02 7.5438906e-02
-8.3333333e+00 4.0584856e-02 5.6581646e-02 7.4760604e-02
-8.3243243e+00 4.0078558e-02 5.5975659e-02 7.4135896e-02
-8.3153153e+00 3.9577928e-02 5.5411458e-02 7.3454293e-02
-8.3063063e+00 3.9082404e-02 5.4835874e-02 7.2831512e-02
-8.2972973e+00 3.8630147e-02 5.4275821e-02 7.2225732e-02
-8.2882883e+00 3.8176271e-02 5.3742611e-02 7.1631419e-02
-8.2792793e+00 3.7719593e-02 5.3205670e-02 7.1024853e-02
-8.2702703e+00 3.7283638e-02 5.2694760e-02 7.0433772e-02
-8.2612613e+00 3.6832569e-02 5.2160381e-02 6.9882170e-02
-8.2522523e+00 3.6410711e-02 5.1633689e-02 6.9283414e-02
-8.2432432e+00 3.5982172e-02 5.1156090e-02 6.8701830e-02
-8.2342342e+00 3.5539471e-02 5.0669998e-02 6.8199541e-02
-8.2252252e+00 3.5135297e-02 5.0209397e-02 6.7673016e-02
-8.2162162e+00 3.4716221e-02 4.9773781e-02 6.7126970e-02
-8.2072072e+00 3.4323301e-02 4.9317239e-02 6.6578522e-02
-8.1981982e+00 3.3944129e-02 4.8869817e-02 6.6058746e-02
-8.1891892e+00 3.3527603e-02 4.8438691e-02 6.5511507e-02
-8.1801802e+00 3.3184356e-02 4.7994613e-02 6.5017716e-02
-8.1711712e+00 3.2814957e-02 4.7565746e-02 6.4561097e-02
-8.1621622e+00 3.2476800e-02 4.7138892e-02 6.4129150e-02
-8.1531532e+00 3.2145524e-02 4.6728034e-02 6.3647104e-02
-8.1441441e+00 3.1810147e-02 4.6368224e-02 6.3199959e-02
-8.1351351e+00 3.1461273e-02 4.5985597e-02 6.2731891e-02
-8.1261261e+00 3.1156412e-02 4.5603686e-02 6.2317669e-02
-8.1171171e+00 3.0891207e-02 4.5203421e-02 6.1891585e-02
-8.1081081e+00 3.0636019e-02 4.4866252e-02 6.1492546e-02
-8.0990991e+00 3.0339971e-02 4.4506064e-02 6.1107270e-02
-8.0900901e+00 3.0070852e-02 4.4150904e-02 6.0658648e-02
-8.0810811e+00 2.9829295e-02 4.3816424e-02 6.0304651e-02
-8.0720721e+00 2.9571620e-02 4.3505312e-02 5.9948857e-02
-8.0630631e+00 2.9311510e-02 4.3208672e-02 5.9547252e-02
-8.0540541e+00 2.9077194e-02 4.2896633e-02 5.9155879e-02
-8.0450450e+00 2.8795660e-02 4.2581836e-02 5.8797787e-02
-8.0360360e+00 2.8571669e-02 4.2263571e-02 5.8444444e-02
-8.0270270e+00 2.8349522e-02 4.1985810e-02 5.8133050e-02
-8.0180180e+00 2.8108984e-02 4.1710478e-02 5.7766393e-02
-8.0090090e+00 2.7892139e-02 4.1409072e-02 5.7436751e-02
-8.0000000e+00 2.7669272e-02 4.1122281e-02 5.7131582e-02
-7.9909910e+00 2.7449441e-02 4.0847795e-02 5.6859555e-02
-7.9819820e+00 2.7210639e-02 4.0592730e-02 5.6537120e-02
-7.9729730e+00 2.6988105e-02 4.0296558e-02 5.6198398e-02
-7.9639640e+00 2.6795420e-02 4.0056843e-02 5.5894195e-02
-7.9549550e+00 2.6588326e-02 3.9811419e-02 5.5562854e-02
-7.9459459e+00 2.6342803e-02 3.9560917e-02 5.5243229e-02
-7.9369369e+00 2.6158144e-02 3.9310789e-02 5.4972342e-02
-7.9279279e+00 2.5964911e-02 3.9008652e-02 5.4678988e-02
-7.9189189e+00 2.5745417e-02 3.8763663e-02 5.4322777e-02
-7.9099099e+00 2.5526865e-02 3.8529814e-02 5.4036764e-02
-7.9009009e+00 2.5302763e-02 3.8236884e-02 5.3711539e-02
-7.8918919e+00 2.5098392e-02 3.7989086e-02 5.3459566e-02
-7.8828829e+00 2.4893583e-02 3.7766110e-02 5.3135243e-02
-7.8738739e+00 2.4673957e-02 3.7517860e-02 5.2800324e-02
-7.8648649e+00 2.4483756e-02 3.7265522e-02 5.2528500e-02
-7.8558559e+00 2.4271522e-02 3.7048891e-02 5.2272044e-02
-7.8468468e+00 2.4084658e-02 3.6800936e-02 5.1981643e-02
-7.8378378e+00 2.3885613e-02 3.6547709e-02 5.1667628e-02
-7.8288288e+00 2.3682392e-02 3.6303370e-02 5.1406520e-02
-7.8198198e+00 2.3455189e-02 3.6045664e-02 5.1052605e-02
-7.8108108e+00 2.3247504e-02 3.5782854e-02 5.0784555e-02
-7.8018018e+00 2.3032990e-02 3.5501797e-02 5.0422471e-02
-7.7927928e+00 2.2831475e-02 3.5256711e-02 5.0132421e-02
-7.7837838e+00 2.2611072e-02 3.4987465e-02 4.9768437e-02
-7.7747748e+00 2.2370817e-02 3.4707339e-02 4.9471235e-02
-7.7657658e+00 2.2127964e-02 3.4442218e-02 4.9114798e-02
-7.7567568e+00 2.1906824e-02 3.4165553e-02 4.8763483e-02
-7.7477477e+00 2.1652870e-02 3.3911079e-02 4.8398005e-02
-7.7387387e+00 2.1429230e-02 3.3610815e-02 4.8004082e-02
-7.7297297e+00 2.1209579e-02 3.3286758e-02 4.7651749e-02
-7.7207207e+00 2.0959058e-02 3.2989595e-02 4.7339827e-02
-7.7117117e+00 2.0720844e-02 3.2670556e-02 4.6951707e-02
-7.7027027e+00 2.0466970e-02 3.2361991e-02 4.6563547e-02
-7.6936937e+00 2.0232778e-02 3.2063877e-02 4.6251859e-02
-7.6846847e+00 2.0026926e-02 3.1759914e-02 4.5936955e-02
-7.6756757e+00 1.9794848e-02 3.1424641e-02 4.5541652e-02
-7.6666667e+00 1.9555178e-02 3.1107995e-02 4.5141378e-02
-7.6576577e+00 1.9313335e-02 3.0752621e-02 4.4781593e-02
-7.6486486e+00 1.9065563e-02 3.0433512e-02 4.4433246e-02
-7.6396396e+00 1.8820467e-02 3.0135831e-02 4.4070521e-02
-7.6306306e+00 1.8571681e-02 2.9805752e-02 4.3677149e-02
-7.6216216e+00 1.8301234e-02 2.9481583e-02 4.3296718e-02
-7.6126126e+00 1.8027060e-02 2.9136282e-02 4.2901856e-02
-7.6036036e+00 1.7748594e-02 2.8817490e-02 4.2508653e-02
-7.5945946e+00 1.7470829e-02 2.8497362e-02 4.2126854e-02
-7.5855856e+00 1.7191361e-02 2.8164813e-02 4.1751141e-02
-7.5765766e+00 1.6938268e-02 2.7866270e-02 4.1378746e-02
-7.5675676e+00 1.6683939e-02 2.7524088e-02 4.0986274e-02
-7.5585586e+00 1.6423470e-02 2.7198646e-02 4.0637034e-02
-7.5495495e+00 1.6179564e-02 2.6853108e-02 4.0218516e-02
-7.5405405e+00 1.5914077e-02 2.6517111e-02 3.9811705e-02
-7.5315315e+00 1.5636778e-02 2.6163222e-02 3.9408152e-02
-7.5225225e+00 1.5399840e-02 2.5831293e-02 3.9013802e-02
-7.5135135e+00 1.5128350e-02 2.5523163e-02 3.8601831e-02
-7.5045045e+00 1.4893647e-02 2.5192338e-02 3.8174411e-02
-7.4954955e+00 1.4622341e-02 2.4873731e-02 3.7756775e-02
-7.4864865e+00 1.4392954e-02 2.4530113e-02 3.7338737e-02
-7.4774775e+00 1.4121146e-02 2.4185372e-02 3.6909333e-02
-7.4684685e+00 1.3843850e-02 2.3838672e-02 3.6511711e-02
-7.4594595e+00 1.3597594e-02 2.3499219e-02 3.6153662e-02
-7.4504505e+00 1.3360897e-02 2.3202600e-02 3.5756958e-02
-7.4414414e+00 1.3125258e-02 2.2887239e-02 3.5411031e-02
-7.4324324e+00 1.2862326e-02 2.2598416e-02 3.5040478e-02
-7.4234234e+00 1.2629878e-02 2.2292143e-02 3.4659317e-02
-7.4144144e+00 1.2357280e-02 2.1971878e-02 3.4319821e-02
-7.4054054e+00 1.2126003e-02 2.1680010e-02 3.3965583e-02
-7.3963964e+00 1.1895706e-02 2.1375990e-02 3.3578559e-02
-7.3873874e+00 1.1663769e-02 2.1089054e-02 3.3215739e-02
-7.3783784e+00 1.1447978e-02 2.0794041e-02 3.2896900e-02
-7.3693694e+00 1.1236215e-02 2.0498661e-02 3.2540206e-02
-7.3603604e+00 1.1026070e-02 2.0197374e-02 3.2207343e-02
-7.3513514e+00 1.0807725e-02 1.9945095e-02 3.1871295e-02
-7.3423423e+00 1.0597221e-02 1.9641954e-02 3.1525683e-02
-7.3333333e+00 1.0389313e-02 1.9362305e-02 3.1203090e-02
-7.3243243e+00 1.0164341e-02 1.9106311e-02 3.0836264e-02
-7.3153153e+00 9.9478967e-03 1.8860508e-02 3.0526849e-02
-7.3063063e+00 9.7526862e-03 1.8601210e-02 3.0210014e-02
-7.2972973e+00 9.5704866e-03 1.8356723e-02 2.9881244e-02
-7.2882883e+00 9.3821277e-03 1.8116823e-02 2.9602840e-02
-7.2792793e+00 9.1956920e-03 1.7884721e-02 2.9289373e-02
-7.2702703e+00 8.9954913e-03 1.7615039e-02 2.8986329e-02
-7.2612613e+00 8.8229814e-03 1.7372171e-02 2.8676059e-02
-7.2522523e+00 8.6772432e-03 1.7113154e-02 2.8403658e-02
-7.2432432e+00 8.4917393e-03 1.6871690e-02 2.8064934e-02
-7.2342342e+00 8.3347586e-03 1.6635930e-02 2.7807260e-02
-7.2252252e+00 8.1424539e-03 1.6400991e-02 2.7518744e-02
-7.2162162e+00 7.9654767e-03 1.6182371e-02 2.7248402e-02
-7.2072072e+00 7.7980050e-03 1.5970223e-02 2.6920069e-02
-7.1981982e+00 7.6271950e-03 1.5740702e-02 2.6667512e-02
-7.1891892e+00 7.4514735e-03 1.5532033e-02 2.6388500e-02
-7.1801802e+00 7.2939480e-03 1.5324913e-02 2.6140517e-02
-7.1711712e+00 7.1291360e-03 1.5128709e-02 2.5882050e-02
-7.1621622e+00 6.9512874e-03 1.4939385e-02 2.5637356e-02
-7.1531532e+00 6.7930308e-03 1.4704021e-02 2.5368603e-02
-7.1441441e+00 6.6703817e-03 1.4504641e-02 2.5117491e-02
-7.1351351e+00 6.5104308e-03 1.4308231e-02 2.4859080e-02
-7.1261261e+00 6.3640297e-03 1.4114181e-02 2.4623158e-02
-7.1171171e+00 6.2222727e-03 1.3931670e-02 2.4332328e-02
-7.1081081e+00 6.1006353e-03 1.3755174e-02 2.4075195e-02
-7.0990991e+00 5.9643434e-03 1.3593469e-02 2.3825847e-02
-7.0900901e+00 5.8387636e-03 1.3397084e-02 2.3566534e-02
-7.0810811e+00 5.7286554e-03 1.3201302e-02 2.3310633e-02
-7.0720721e+00 5.5978618e-03 1.3017460e-02 2.3058749e-02
-7.0630631e+00 5.4706180e-03 1.2857993e-02 2.2839630e-02
-7.0540541e+00 5.3580996e-03 1.2647073e-02 2.2625101e-02
-7.0450450e+00 5.2440297e-03 1.2475912e-02 2.2406687e-02
-7.0360360e+00 5.1329379e-03 1.2265842e-02 2.2191761e-02
-7.0270270e+00 5.0389246e-03 1.2113899e-02 2.1944755e-02
-7.0180180e+00 4.9367045e-03 1.1950849e-02 2.1726890e-02
-7.0090090e+00 4.8522303e-03 1.1779283e-02 2.1496096e-02
-7.0000000e+00 4.7605588e-03 1.1617237e-02 2.1288008e-02
-6.9909910e+00 4.6610131e-03 1.1450906e-02 2.1073021e-02
-6.9819820e+00 4.5683349e-03 1.1300705e-02 2.0837605e-02
-6.9729730e+00 4.4754905e-03 1.1138110e-02 2.0609048e-02
-6.9639640e+00 4.3641323e-03 1.0986506e-02 2.0441028e-02
-6.9549550e+00 4.2792409e-03 1.0827763e-02 2.0247771e-02
-6.9459459e+00 4.1608418e-03 1.0658313e-02 2.0069327e-02
-6.9369369e+00 4.0715493e-03 1.0516175e-02 1.9819393e-02
-6.9279279e+00 3.9687267e-03 1.0370854e-02 1.9653526e-02
-6.9189189e+00 3.8635664e-03 1.0215332e-02 1.9445195e-02
-6.9099099e+00 3.7832314e-03 1.0069598e-02 1.9263135e-02
-6.9009009e+00 3.6802193e-03 9.9466467e-03 1.9082959e-02
-6.8918919e+00 3.5844694e-03 9.7933912e-03 1.8916872e-02
-6.8828829e+00 3.4821815e-03 9.6485049e-03 1.8770011e-02
-6.8738739e+00 3.3856359e-03 9.5024787e-03 1.8626682e-02
-6.8648649e+00 3.2912434e-03 9.3882100e-03 1.8422458e-02
-6.8558559e+00 3.2001785e-03 9.2815138e-03 1.8260414e-02
-6.8468468e+00 3.1109106e-03 9.1571152e-03 1.8097811e-02
-6.8378378e+00 2.9997879e-03 9.0195483e-03 1.7942145e-02
-6.8288288e+00 2.9091895e-03 8.8872681e-03 1.7736875e-02
-6.8198198e+00 2.8148747e-03 8.7667357e-03 1.7564402e-02
-6.8108108e+00 2.7232081e-03 8.6226492e-03 1.7445547e-02
-6.8018018e+00 2.6333117e-03 8.4912470e-03 1.7250931e-02
-6.7927928e+00 2.5438314e-03 8.3708872e-03 1.7052168e-02
-6.7837838e+00 2.4618412e-03 8.2416578e-03 1.6912859e-02
-6.7747748e+00 2.3765491e-03 8.1179287e-03 1.6703838e-02
-6.7657658e+00 2.2961784e-03 8.0066170e-03 1.6554550e-02
-6.7567568e+00 2.2177322e-03 7.8773186e-03 1.6386928e-02
-6.7477477e+00 2.1246960e-03 7.7524682e-03 1.6237049e-02
-6.7387387e+00 2.0556845e-03 7.6276590e-03 1.6073604e-02
-6.7297297e+00 1.9824200e-03 7.5081400e-03 1.5926010e-02
-6.7207207e+00 1.8935341e-03 7.3746013e-03 1.5751218e-02
-6.7117117e+00 1.8161528e-03 7.2367245e-03 1.5610434e-02
-6.7027027e+00 1.7350201e-03 7.1145785e-03 1.5438123e-02
-6.6936937e+00 1.6578379e-03 6.9965749e-03 1.5323610e-02
-6.6846847e+00 1.5809526e-03 6.8785987e-03 1.5194416e-02
-6.6756757e+00 1.5161360e-03 6.7554829e-03 1.5042594e-02
-6.6666667e+00 1.4435488e-03 6.6399956e-03 1.4911864e-02
-6.6576577e+00 1.3818961e-03 6.5329231e-03 1.4800499e-02
-6.6486486e+00 1.3198533e-03 6.4210467e-03 1.4649995e-02
-6.6396396e+00 1.2551061e-03 6.3002773e-03 1.4492975e-02
-6.6306306e+00 1.2003706e-03 6.1710882e-03 1.4324189e-02
-6.6216216e+00 1.1340599e-03 6.0672440e-03 1.4224158e-02
-6.6126126e+00 1.0726374e-03 5.9694135e-03 1.4100618e-02
-6.6036036e+00 1.0238512e-03 5.8711295e-03 1.3954395e-02
-6.5945946e+00 9.7259404e-04 5.7659721e-03 1.3848497e-02
-6.5855856e+00 9.2269046e-04 5.6586562e-03 1.3732860e-02
-6.5765766e+00 8.7642480e-04 5.5616035e-03 1.3580047e-02
-6.5675676e+00 8.2501938e-04 5.4511948e-03 1.3450274e-02
-6.5585586e+00 7.8295417e-04 5.3578847e-03 1.3329559e-02
-6.5495495e+00 7.3556375e-04 5.2722572e-03 1.3196921e-02
-6.5405405e+00 7.0362841e-04 5.1882840e-03 1.3053003e-02
-6.5315315e+00 6.6781055e-04 5.0872695e-03 1.2896174e-02
-6.5225225e+00 6.2659631e-04 4.9991719e-03 1.2758234e-02
-6.5135135e+00 5.9367507e-04 4.9172387e-03 1.2621812e-02
-6.5045045e+00 5.5963750e-04 4.8534513e-03 1.2537305e-02
-6.4954955e+00 5.2850104e-04 4.7963761e-03 1.2391267e-02
-6.4864865e+00 4.9670975e-04 4.7412127e-03 1.2278589e-02
-6.4774775e+00 4.6480063e-04 4.7030760e-03 1.2167156e-02
-6.4684685e+00 4.3937784e-04 4.6680823e-03 1.2042328e-02
-6.4594595e+00 4.1103030e-04 4.6149093e-03 1.1889583e-02
-6.4504505e+00 3.8220533e-04 4.5573089e-03 1.1777373e-02
-6.4414414e+00 3.5554831e-04 4.4991436e-03 1.1652684e-02
-6.4324324e+00 3.3224510e-04 4.4440710e-03 1.1518211e-02
-6.4234234e+00 3.0884856e-04 4.3876250e-03 1.1388376e-02
-6.4144144e+00 2.8740315e-04 4.3274889e-03 1.1264163e-02
-6.4054054e+00 2.6641781e-04 4.2648521e-03 1.1125349e-02
-6.3963964e+00 2.4639582e-04 4.1897915e-03 1.0994673e-02
-6.3873874e+00 2.2759376e-04 4.1131204e-03 1.0885044e-02
-6.3783784e+00 2.0811101e-04 4.0426447e-03 1.0739785e-02
-6.3693694e+00 1.9052729e-04 3.9666010e-03 1.0623931e-02
-6.3603604e+00 1.7350567e-04 3.8942083e-03 1.0495039e-02
-6.3513514e+00 1.5948198e-04 3.8262111e-03 1.0377138e-02
-6.3423423e+00 1.4463042e-04 3.7500012e-03 1.0262525e-02
-6.3333333e+00 1.3049938e-04 3.6835365e-03 1.0144257e-02
-6.3243243e+00 1.1871092e-04 3.6165890e-03 1.0034035e-02
-6.3153153e+00 1.0770597e-04 3.5554054e-03 9.9342551e-03
-6.3063063e+00 9.6375579e-05 3.4763038e-03 9.8252479e-03
-6.2972973e+00 8.6560547e-05 3.4008741e-03 9.7283461e-03
-6.2882883e+00 7.7898828e-05 3.3257324e-03 9.6388317e-03
-6.2792793e+00 7.0590675e-05 3.2459888e-03 9.5591787e-03
-6.2702703e+00 6.3552035e-05 3.1676859e-03 9.4996462e-03
-6.2612613e+00 5.6555510e-05 3.1010770e-03 9.4608515e-03
-6.2522523e+00 5.0084121e-05 3.0219114e-03 9.4253139e-03
-6.2432432e+00 4.4344782e-05 2.9556025e-03 9.3848758e-03
-6.2342342e+00 3.9088508e-05 2.8756089e-03 9.3119833e-03
-6.2252252e+00 3.4357776e-05 2.7909562e-03 9.2462292e-03
-6.2162162e+00 3.0286983e-05 2.7143688e-03 9.1788278e-03
-6.2072072e+00 2.6644805e-05 2.6405609e-03 9.1148222e-03
-6.1981982e+00 2.3317418e-05 2.5684164e-03 9.0122295e-03
-6.1891892e+00 2.0590719e-05 2.4764616e-03 8.9294606e-03
-6.1801802e+00 1.7978671e-05 2.4031701e-03 8.8400096e-03
-6.1711712e+00 1.5607976e-05 2.3184558e-03 8.7571400e-03
-6.1621622e+00 1.3567945e-05 2.2296242e-03 8.6892374e-03
-6.1531532e+00 1.1707476e-05 2.1532092e-03 8.6236583e-03
-6.1441441e+00 1.0119387e-05 2.0688156e-03 8.5251232e-03
-6.1351351e+00 8.6928873e-06 2.0046085e-03 8.4318903e-03
-6.1261261e+00 7.4324643e-06 1.9332078e-03 8.3454685e-03
-6.1171171e+00 6.3919973e-06 1.8625286e-03 8.2781756e-03
-6.1081081e+00 5.4662770e-06 1.7870258e-03 8.1586760e-03
-6.0990991e+00 4.7137030e-06 1.7115588e-03 8.0628838e-03
-6.0900901e+00 4.0161778e-06 1.6299228e-03 7.9758213e-03
-6.0810811e+00 3.4333876e-06 1.5459014e-03 7.8454968e-03
-6.0720721e+00 2.9356877e-06 1.4680648e-03 7.7648346e-03
-6.0630631e+00 2.5016756e-06 1.3946549e-03 7.6919060e-03
-6.0540541e+00 2.1272883e-06 1.3255801e-03 7.5607117e-03
-6.0450450e+00 1.8021780e-06 1.2538213e-03 7.4518480e-03
-6.0360360e+00 1.5133908e-06 1.1888105e-03 7.3411855e-03
-6.0270270e+00 1.2816009e-06 1.1174191e-03 7.2301292e-03
-6.0180180e+00 1.0795634e-06 1.0516129e-03 7.0964276e-03
-6.0090090e+00 9.0968696e-07 9.8820214e-04 6.9729119e-03
-6.0000000e+00 7.7422447e-07 9.2419103e-04 6.8460401e-03
-5.9909910e+00 6.4925528e-07 8.6100933e-04 6.6804805e-03
-5.9819820e+00 5.4202580e-07 8.0041722e-04 6.5639945e-03
-5.9729730e+00 4.5212235e-07 7.4079738e-04 6.4174400e-03
-5.9639640e+00 3.7598937e-07 6.8625451e-04 6.2823713e-03
-5.9549550e+00 3.1129255e-07 6.3774317e-04 6.1481951e-03
-5.9459459e+00 2.5800985e-07 5.8569210e-04 6.0143394e-03
-5.9369369e+00 2.1264425e-07 5.3888422e-04 5.8800385e-03
-5.9279279e+00 1.7565053e-07 4.9527761e-04 5.7193318e-03
-5.9189189e+00 1.4525396e-07 4.5439699e-04 5.5934500e-03
-5.9099099e+00 1.1925563e-07 4.1787109e-04 5.4882390e-03
-5.9009009e+00 9.7753744e-08 3.8272505e-04 5.3288240e-03
-5.8918919e+00 8.0276349e-08 3.4909073e-04 5.1920598e-03
-5.8828829e+00 6.5540024e-08 3.1525500e-04 5.0835608e-03
-5.8738739e+00 5.3837088e-08 2.8622592e-04 4.9652762e-03
-5.8648649e+00 4.3791729e-08 2.5941292e-04 4.8720056e-03
-5.8558559e+00 3.5700764e-08 2.3334473e-04 4.7790488e-03
-5.8468468e+00 2.9063963e-08 2.1191774e-04 4.7328595e-03
-5.8378378e+00 2.3405460e-08 1.9103892e-04 4.7197250e-03
-5.8288288e+00 1.8964529e-08 1.7216626e-04 4.7001139e-03
-5.8198198e+00 1.5377635e-08 1.5461716e-04 4.6773187e-03
-5.8108108e+00 1.2428109e-08 1.3896838e-04 4.6465010e-03
-5.8018018e+00 9.9905785e-09 1.2410593e-04 4.6049044e-03
-5.7927928e+00 7.9875884e-09 1.1071064e-04 4.5470567e-03
-5.7837838e+00 6.4094060e-09 9.9401734e-05 4.4821519e-03
-5.7747748e+00 5.1243669e-09 8.8138693e-05 4.4173241e-03
-5.7657658e+00 4.0846079e-09 7.8548107e-05 4.3598262e-03
-5.7567568e+00 3.2582059e-09 6.9578817e-05 4.2870691e-03
-5.7477477e+00 2.5831383e-09 6.1526381e-05 4.1923229e-03
-5.7387387e+00 2.0500115e-09 5.4512432e-05 4.1140057e-03
-5.7297297e+00 1.6290556e-09 4.8074221e-05 4.0105988e-03
-5.7207207e+00 1.2919404e-09 4.2197307e-05 3.9168056e-03
-5.7117117e+00 1.0217432e-09 3.7097791e-05 3.8177976e-03
-5.7027027e+00 8.0788939e-10 3.2533148e-05 3.7164679e-03
-5.6936937e+00 6.3710781e-10 2.8513442e-05 3.5928795e-03
-5.6846847e+00 5.0260191e-10 2.4815930e-05 3.4941380e-03
-5.6756757e+00 3.9465785e-10 2.1554991e-05 3.3836735e-03
-5.6666667e+00 3.0868818e-10 1.8740071e-05 3.2661478e-03
-5.6576577e+00 2.4200113e-10 1.6260726e-05 3.1464839e-03
-5.6486486e+00 1.8944801e-10 1.4105242e-05 3.0319006e-03
-5.6396396e+00 1.4772285e-10 1.2206720e-05 2.9115638e-03
-5.6306306e+00 1.1513266e-10 1.0529485e-05 2.7711831e-03
-5.6216216e+00 8.9331641e-11 9.0638087e-06 2.6535152e-03
-5.6126126e+00 6.8998819e-11 7.7943715e-06 2.5309407e-03
-5.6036036e+00 5.3590295e-11 6.6701947e-06 2.4080832e-03
-5.5945946e+00 4.1232070e-11 5.7224518e-06 2.2789885e-03
-5.5855856e+00 3.1937321e-11 4.8915882e-06 2.1578054e-03
-5.5765766e+00 2.4545763e-11 4.1608786e-06 2.0465727e-03
-5.5675676e+00 1.8952719e-11 3.5574741e-06 1.9281082e-03
-5.5585586e+00 1.4509395e-11 3.0277352e-06 1.8266116e-03
-5.5495495e+00 1.1113667e-11 2.5685093e-06 1.7212563e-03
-5.5405405e+00 8.4973517e-12 2.1765049e-06 1.6269290e-03
-5.5315315e+00 6.4959471e-12 1.8394344e-06 1.5288651e-03
-5.5225225e+00 4.9503239e-12 1.5531742e-06 1.4360041e-03
-5.5135135e+00 3.7428866e-12 1.3091588e-06 1.3412594e-03
-5.5045045e+00 2.8373487e-12 1.1019869e-06 1.2653990e-03
-5.4954955e+00 2.1440835e-12 9.2655832e-07 1.1813467e-03
-5.4864865e+00 1.6227721e-12 7.7685154e-07 1.1045990e-03
-5.4774775e+00 1.2269100e-12 6.4840910e-07 1.0260499e-03
-5.4684685e+00 9.2372802e-13 5.4097299e-07 9.5044374e-04
-5.4594595e+00 6.9811742e-13 4.5058098e-07 8.7212147e-04
-5.4504505e+00 5.2396961e-13 3.7403314e-07 8.0570196e-04
-5.4414414e+00 3.9351947e-13 3.1127502e-07 7.4106697e-04
-5.4324324e+00 2.9483897e-13 2.5752646e-07 6.8004066e-04
-5.4234234e+00 2.1938815e-13 2.1311944e-07 6.2200372e-04
-5.4144144e+00 1.6359374e-13 1.7562584e-07 5.7066494e-04
-5.4054054e+00 1.2181040e-13 1.4497548e-07 5.2283507e-04
-5.3963964e+00 9.0456289e-14 1.1957442e-07 4.7998924e-04
-5.3873874e+00 6.7183320e-14 9.8375875e-08 4.3923151e-04
-5.3783784e+00 4.9858947e-14 8.0632404e-08 3.9792538e-04
-5.3693694e+00 3.6840069e-14 6.6171033e-08 3.6182082e-04
-5.3603604e+00 2.7127335e-14 5.3966612e-08 3.2897203e-04
-5.3513514e+00 1.9946600e-14 4.4003607e-08 2.9775287e-04
-5.3423423e+00 1.4653902e-14 3.5766045e-08 2.6964563e-04
-5.3333333e+00 1.0729414e-14 2.9136861e-08 2.4267011e-04
-5.3243243e+00 7.8698020e-15 2.3682787e-08 2.1833832e-04
-5.3153153e+00 5.7461326e-15 1.9150289e-08 1.9631435e-04
-5.3063063e+00 4.1987903e-15 1.5439317e-08 1.7580327e-04
-5.2972973e+00 3.0581030e-15 1.2414911e-08 1.5741134e-04
-5.2882883e+00 2.2128612e-15 1.0000280e-08 1.4031173e-04
-5.2792793e+00 1.5989002e-15 8.0698918e-09 1.2489931e-04
-5.2702703e+00 1.1541799e-15 6.4556511e-09 1.1158160e-04
-5.2612613e+00 8.3581303e-16 5.1630626e-09 9.9253392e-05
-5.2522523e+00 6.0248588e-16 4.1308316e-09 8.7909672e-05
-5.2432432e+00 4.3434793e-16 3.2919554e-09 7.7808813e-05
-5.2342342e+00 3.1311266e-16 2.6160117e-09 6.8967363e-05
-5.2252252e+00 2.2531655e-16 2.0826076e-09 6.0947141e-05
-5.2162162e+00 1.6185090e-16 1.6537511e-09 5.3496490e-05
-5.2072072e+00 1.1595855e-16 1.3109790e-09 4.6834739e-05
-5.1981982e+00 8.2809806e-17 1.0327857e-09 4.0980326e-05
-5.1891892e+00 5.9160727e-17 8.1344439e-10 3.5951899e-05
-5.1801802e+00 4.2184279e-17 6.3927615e-10 3.1600345e-05
-5.1711712e+00 2.9959026e-17 5.0242560e-10 2.7473587e-05
-5.1621622e+00 2.1233974e-17 3.9278171e-10 2.3977504e-05
-5.1531532e+00 1.4982436e-17 3.0690854e-10 2.0859520e-05
-5.1441441e+00 1.0566144e-17 2.4027202e-10 1.8072916e-05
-5.1351351e+00 7.4407316e-18 1.8738694e-10 1.5676495e-05
-5.1261261e+00 5.2315008e-18 1.4608114e-10 1.3537279e-05
-5.1171171e+00 3.6718260e-18 1.1398248e-10 1.1666776e-05
-5.1081081e+00 2.5723690e-18 8.8879975e-11 1.0078895e-05
-5.0990991e+00 1.7999317e-18 6.9052873e-11 8.6644128e-06
-5.0900901e+00 1.2571098e-18 5.3489376e-11 7.4420888e-06
-5.0810811e+00 8.7840925e-19 4.1300412e-11 6.3678905e-06
-5.0720721e+00 6.1245042e-19 3.1839093e-11 5.4384732e-06
-5.0630631e+00 4.2633529e-19 2.4475052e-11 4.6335518e-06
-5.0540541e+00 2.9637927e-19 1.8826527e-11 3.9311787e-06
-5.0450450e+00 2.0578378e-19 1.4432202e-11 3.3339550e-06
-5.0360360e+00 1.4247285e-19 1.1044180e-11 2.8307578e-06
-5.0270270e+00 9.8521813e-20 8.4266405e-12 2.4045708e-06
-5.0180180e+00 6.7872086e-20 6.4093287e-12 2.0307164e-06
-5.0090090e+00 4.6715434e-20 4.8740089e-12 1.7142577e-06
-5.0000000e+00 3.2088447e-20 3.7108868e-12 1.4419574e-06
