X KDE_INF KDE_MED KDE_SUP
-2.5000000e+01 5.4849318e-06 5.4406976e-04 1.1180265e-03
-2.4984985e+01 5.8684193e-06 5.7135939e-04 1.1737637e-03
-2.4969970e+01 6.2855462e-06 5.9989234e-04 1.2320167e-03
-2.4954955e+01 6.7233768e-06 6.2971545e-04 1.2928148e-03
-2.4939940e+01 7.1925801e-06 6.6084508e-04 1.3564265e-03
-2.4924925e+01 7.6909064e-06 6.9338851e-04 1.4229404e-03
-2.4909910e+01 8.2297757e-06 7.2742147e-04 1.4923564e-03
-2.4894895e+01 8.7954803e-06 7.6295321e-04 1.5647908e-03
-2.4879880e+01 9.3998193e-06 8.0001564e-04 1.6403406e-03
-2.4864865e+01 1.0050603e-05 8.3879358e-04 1.7191761e-03
-2.4849850e+01 1.0738339e-05 8.7926263e-04 1.8013762e-03
-2.4834835e+01 1.1462447e-05 9.2140282e-04 1.8873401e-03
-2.4819820e+01 1.2243758e-05 9.6537903e-04 1.9770449e-03
-2.4804805e+01 1.3077287e-05 1.0112256e-03 2.0703763e-03
-2.4789790e+01 1.3964615e-05 1.0590517e-03 2.1676432e-03
-2.4774775e+01 1.4913088e-05 1.1089085e-03 2.2693932e-03
-2.4759760e+01 1.5915330e-05 1.1608377e-03 2.3750135e-03
-2.4744745e+01 1.6989202e-05 1.2149994e-03 2.4851454e-03
-2.4729730e+01 1.8124240e-05 1.2713835e-03 2.5997431e-03
-2.4714715e+01 1.9330788e-05 1.3302026e-03 2.7193247e-03
-2.4699700e+01 2.0608989e-05 1.3912667e-03 2.8432864e-03
-2.4684685e+01 2.1965909e-05 1.4549082e-03 2.9729673e-03
-2.4669670e+01 2.3415033e-05 1.5212252e-03 3.1078985e-03
-2.4654655e+01 2.4959111e-05 1.5899565e-03 3.2475960e-03
-2.4639640e+01 2.6594194e-05 1.6617854e-03 3.3931105e-03
-2.4624625e+01 2.8328302e-05 1.7364428e-03 3.5442797e-03
-2.4609610e+01 3.0158315e-05 1.8140837e-03 3.7014546e-03
-2.4594595e+01 3.2129256e-05 1.8947541e-03 3.8648489e-03
-2.4579580e+01 3.4212827e-05 1.9787300e-03 4.0345956e-03
-2.4564565e+01 3.6413018e-05 2.0660001e-03 4.2113771e-03
-2.4549550e+01 3.8774770e-05 2.1563379e-03 4.3946100e-03
-2.4534535e+01 4.1263035e-05 2.2503306e-03 4.5847508e-03
-2.4519520e+01 4.3892921e-05 2.3479966e-03 4.7822531e-03
-2.4504505e+01 4.6687792e-05 2.4495706e-03 4.9870189e-03
-2.4489489e+01 4.9636413e-05 2.5548131e-03 5.1998415e-03
-2.4474474e+01 5.2765855e-05 2.6644126e-03 5.4201479e-03
-2.4459459e+01 5.6089492e-05 2.7775445e-03 5.6490256e-03
-2.4444444e+01 5.9628964e-05 2.8948734e-03 5.8862138e-03
-2.4429429e+01 6.3398636e-05 3.0168249e-03 6.1316479e-03
-2.4414414e+01 6.7341193e-05 3.1432131e-03 6.3861806e-03
-2.4399399e+01 7.1497928e-05 3.2741576e-03 6.6495717e-03
-2.4384384e+01 7.5907138e-05 3.4097532e-03 6.9230843e-03
-2.4369369e+01 8.0585677e-05 3.5502219e-03 7.2052137e-03
-2.4354354e+01 8.5567829e-05 3.6956757e-03 7.4981520e-03
-2.4339339e+01 9.0818708e-05 3.8466646e-03 7.8013525e-03
-2.4324324e+01 9.6380911e-05 4.0030284e-03 8.1148951e-03
-2.4309309e+01 1.0226182e-04 4.1647271e-03 8.4392528e-03
-2.4294294e+01 1.0855042e-04 4.3324047e-03 8.7750567e-03
-2.4279279e+01 1.1517396e-04 4.5052454e-03 9.1209922e-03
-2.4264264e+01 1.2208683e-04 4.6843324e-03 9.4802578e-03
-2.4249249e+01 1.2953309e-04 4.8693070e-03 9.8512233e-03
-2.4234234e+01 1.3720605e-04 5.0610384e-03 1.0234961e-02
-2.4219219e+01 1.4537420e-04 5.2589003e-03 1.0631558e-02
-2.4204204e+01 1.5391071e-04 5.4634886e-03 1.1042260e-02
-2.4189189e+01 1.6294694e-04 5.6747811e-03 1.1465688e-02
-2.4174174e+01 1.7250598e-04 5.8924216e-03 1.1903157e-02
-2.4159159e+01 1.8260965e-04 6.1177657e-03 1.2351907e-02
-2.4144144e+01 1.9323251e-04 6.3511398e-03 1.2816037e-02
-2.4129129e+01 2.0463209e-04 6.5907201e-03 1.3295596e-02
-2.4114114e+01 2.1660492e-04 6.8385632e-03 1.3790510e-02
-2.4099099e+01 2.2926661e-04 7.0947468e-03 1.4302874e-02
-2.4084084e+01 2.4251818e-04 7.3581477e-03 1.4827038e-02
-2.4069069e+01 2.5650240e-04 7.6303361e-03 1.5368950e-02
-2.4054054e+01 2.7110374e-04 7.9115596e-03 1.5928037e-02
-2.4039039e+01 2.8656321e-04 8.2009452e-03 1.6500453e-02
-2.4024024e+01 3.0299531e-04 8.4985690e-03 1.7093920e-02
-2.4009009e+01 3.2051523e-04 8.8055343e-03 1.7703034e-02
-2.3993994e+01 3.3865386e-04 9.1223603e-03 1.8330396e-02
-2.3978979e+01 3.5765393e-04 9.4499415e-03 1.8978805e-02
-2.3963964e+01 3.7767660e-04 9.7841796e-03 1.9645316e-02
-2.3948949e+01 3.9860048e-04 1.0130678e-02 2.0328482e-02
-2.3933934e+01 4.2065117e-04 1.0484714e-02 2.1034046e-02
-2.3918919e+01 4.4387833e-04 1.0850989e-02 2.1760802e-02
-2.3903904e+01 4.6820507e-04 1.1228273e-02 2.2504716e-02
-2.3888889e+01 4.9423443e-04 1.1616418e-02 2.3270366e-02
-2.3873874e+01 5.2128485e-04 1.2015137e-02 2.4057684e-02
-2.3858859e+01 5.4961788e-04 1.2423743e-02 2.4868222e-02
-2.3843844e+01 5.7940725e-04 1.2841475e-02 2.5697758e-02
-2.3828829e+01 6.1050940e-04 1.3273696e-02 2.6549902e-02
-2.3813814e+01 6.4325949e-04 1.3720082e-02 2.7426883e-02
-2.3798799e+01 6.7758026e-04 1.4176110e-02 2.8321525e-02
-2.3783784e+01 7.1384655e-04 1.4645868e-02 2.9243987e-02
-2.3768769e+01 7.5193738e-04 1.5127063e-02 3.0183692e-02
-2.3753754e+01 7.9144029e-04 1.5622105e-02 3.1154930e-02
-2.3738739e+01 8.3348105e-04 1.6127268e-02 3.2149994e-02
-2.3723724e+01 8.7685097e-04 1.6647199e-02 3.3171301e-02
-2.3708709e+01 9.2277884e-04 1.7179538e-02 3.4215037e-02
-2.3693694e+01 9.7103451e-04 1.7725187e-02 3.5280149e-02
-2.3678679e+01 1.0211989e-03 1.8282505e-02 3.6371317e-02
-2.3663664e+01 1.0741616e-03 1.8855669e-02 3.7490839e-02
-2.3648649e+01 1.1296005e-03 1.9441817e-02 3.8636439e-02
-2.3633634e+01 1.1873565e-03 2.0044285e-02 3.9810785e-02
-2.3618619e+01 1.2476371e-03 2.0661649e-02 4.1011500e-02
-2.3603604e+01 1.3114765e-03 2.1292014e-02 4.2243027e-02
-2.3588589e+01 1.3780663e-03 2.1941470e-02 4.3506439e-02
-2.3573574e+01 1.4476304e-03 2.2604114e-02 4.4793069e-02
-2.3558559e+01 1.5208432e-03 2.3281754e-02 4.6109928e-02
-2.3543544e+01 1.5974077e-03 2.3975197e-02 4.7457082e-02
-2.3528529e+01 1.6775757e-03 2.4684525e-02 4.8834237e-02
-2.3513514e+01 1.7604582e-03 2.5406276e-02 5.0239506e-02
-2.3498498e+01 1.8477110e-03 2.6146977e-02 5.1670678e-02
-2.3483483e+01 1.9384017e-03 2.6902909e-02 5.3141027e-02
-2.3468468e+01 2.0329804e-03 2.7677045e-02 5.4631866e-02
-2.3453453e+01 2.1321039e-03 2.8469182e-02 5.6162218e-02
-2.3438438e+01 2.2351540e-03 2.9277339e-02 5.7716101e-02
-2.3423423e+01 2.3435000e-03 3.0105890e-02 5.9310183e-02
-2.3408408e+01 2.4570762e-03 3.0949827e-02 6.0929206e-02
-2.3393393e+01 2.5740867e-03 3.1814097e-02 6.2581973e-02
-2.3378378e+01 2.6950794e-03 3.2690255e-02 6.4261899e-02
-2.3363363e+01 2.8232661e-03 3.3587234e-02 6.5972914e-02
-2.3348348e+01 2.9562812e-03 3.4501942e-02 6.7720681e-02
-2.3333333e+01 3.0966836e-03 3.5436398e-02 6.9498429e-02
-2.3318318e+01 3.2417940e-03 3.6390410e-02 7.1303275e-02
-2.3303303e+01 3.3947109e-03 3.7367428e-02 7.3152420e-02
-2.3288288e+01 3.5509626e-03 3.8354117e-02 7.5029429e-02
-2.3273273e+01 3.7146094e-03 3.9363112e-02 7.6951877e-02
-2.3258258e+01 3.8863898e-03 4.0386060e-02 7.8900639e-02
-2.3243243e+01 4.0645816e-03 4.1433908e-02 8.0885295e-02
-2.3228228e+01 4.2488757e-03 4.2502053e-02 8.2886569e-02
-2.3213213e+01 4.4456231e-03 4.3599818e-02 8.4941451e-02
-2.3198198e+01 4.6465036e-03 4.4706318e-02 8.7036918e-02
-2.3183183e+01 4.8550246e-03 4.5834354e-02 8.9162024e-02
-2.3168168e+01 5.0760621e-03 4.6983961e-02 9.1321955e-02
-2.3153153e+01 5.3028739e-03 4.8150191e-02 9.3515393e-02
-2.3138138e+01 5.5387778e-03 4.9336675e-02 9.5711543e-02
-2.3123123e+01 5.7844179e-03 5.0551605e-02 9.7989821e-02
-2.3108108e+01 6.0439587e-03 5.1778195e-02 1.0025967e-01
-2.3093093e+01 6.3088692e-03 5.3021678e-02 1.0257738e-01
-2.3078078e+01 6.5837618e-03 5.4286535e-02 1.0493594e-01
-2.3063063e+01 6.8676250e-03 5.5578991e-02 1.0732719e-01
-2.3048048e+01 7.1663667e-03 5.6891365e-02 1.0975403e-01
-2.3033033e+01 7.4768275e-03 5.8231208e-02 1.1221356e-01
-2.3018018e+01 7.8005573e-03 5.9581997e-02 1.1473354e-01
-2.3003003e+01 8.1371341e-03 6.0958485e-02 1.1727208e-01
-2.2987988e+01 8.4868991e-03 6.2364028e-02 1.1983803e-01
-2.2972973e+01 8.8506812e-03 6.3784393e-02 1.2244384e-01
-2.2957958e+01 9.2280591e-03 6.5227924e-02 1.2509453e-01
-2.2942943e+01 9.6198220e-03 6.6693028e-02 1.2776882e-01
-2.2927928e+01 1.0022858e-02 6.8177706e-02 1.3045106e-01
-2.2912913e+01 1.0438916e-02 6.9688527e-02 1.3318587e-01
-2.2897898e+01 1.0872731e-02 7.1217362e-02 1.3592813e-01
-2.2882883e+01 1.1325351e-02 7.2766973e-02 1.3871446e-01
-2.2867868e+01 1.1791241e-02 7.4345765e-02 1.4152287e-01
-2.2852853e+01 1.2270638e-02 7.5945210e-02 1.4440403e-01
-2.2837838e+01 1.2777461e-02 7.7579156e-02 1.4728129e-01
-2.2822823e+01 1.3298411e-02 7.9222880e-02 1.5018469e-01
-2.2807808e+01 1.3833904e-02 8.0883354e-02 1.5313352e-01
-2.2792793e+01 1.4394147e-02 8.2589478e-02 1.5612600e-01
-2.2777778e+01 1.4963166e-02 8.4314923e-02 1.5911808e-01
-2.2762763e+01 1.5557190e-02 8.6053361e-02 1.6219598e-01
-2.2747748e+01 1.6171634e-02 8.7822069e-02 1.6525843e-01
-2.2732733e+01 1.6803236e-02 8.9591763e-02 1.6837393e-01
-2.2717718e+01 1.7465898e-02 9.1392168e-02 1.7153022e-01
-2.2702703e+01 1.8143495e-02 9.3219509e-02 1.7466577e-01
-2.2687688e+01 1.8842293e-02 9.5085220e-02 1.7786903e-01
-2.2672673e+01 1.9569142e-02 9.6930657e-02 1.8108321e-01
-2.2657658e+01 2.0314498e-02 9.8826946e-02 1.8434664e-01
-2.2642643e+01 2.1101803e-02 1.0074458e-01 1.8759393e-01
-2.2627628e+01 2.1899741e-02 1.0268750e-01 1.9090065e-01
-2.2612613e+01 2.2727014e-02 1.0465717e-01 1.9425911e-01
-2.2597598e+01 2.3585016e-02 1.0664930e-01 1.9760520e-01
-2.2582583e+01 2.4466882e-02 1.0865651e-01 2.0097345e-01
-2.2567568e+01 2.5369603e-02 1.1071393e-01 2.0435980e-01
-2.2552553e+01 2.6310786e-02 1.1279450e-01 2.0778791e-01
-2.2537538e+01 2.7273395e-02 1.1487995e-01 2.1122280e-01
-2.2522523e+01 2.8276573e-02 1.1697657e-01 2.1472837e-01
-2.2507508e+01 2.9308416e-02 1.1911215e-01 2.1823504e-01
-2.2492492e+01 3.0368323e-02 1.2127564e-01 2.2177297e-01
-2.2477477e+01 3.1473033e-02 1.2345478e-01 2.2534925e-01
-2.2462462e+01 3.2591106e-02 1.2568668e-01 2.2891923e-01
-2.2447447e+01 3.3764629e-02 1.2792032e-01 2.3252428e-01
-2.2432432e+01 3.4959718e-02 1.3020539e-01 2.3617583e-01
-2.2417417e+01 3.6186854e-02 1.3251254e-01 2.3979043e-01
-2.2402402e+01 3.7478186e-02 1.3485462e-01 2.4344650e-01
-2.2387387e+01 3.8793854e-02 1.3719043e-01 2.4708598e-01
-2.2372372e+01 4.0153949e-02 1.3954695e-01 2.5069408e-01
-2.2357357e+01 4.1538515e-02 1.4190140e-01 2.5440214e-01
-2.2342342e+01 4.2988058e-02 1.4432317e-01 2.5807879e-01
-2.2327327e+01 4.4482336e-02 1.4677817e-01 2.6181852e-01
-2.2312312e+01 4.5990146e-02 1.4922036e-01 2.6558511e-01
-2.2297297e+01 4.7521741e-02 1.5171401e-01 2.6932199e-01
-2.2282282e+01 4.9124204e-02 1.5424511e-01 2.7312686e-01
-2.2267267e+01 5.0774923e-02 1.5679576e-01 2.7690455e-01
-2.2252252e+01 5.2503884e-02 1.5939590e-01 2.8071759e-01
-2.2237237e+01 5.4233230e-02 1.6201147e-01 2.8458394e-01
-2.2222222e+01 5.6037621e-02 1.6466017e-01 2.8831927e-01
-2.2207207e+01 5.7899695e-02 1.6730036e-01 2.9214231e-01
-2.2192192e+01 5.9800884e-02 1.7000767e-01 2.9598739e-01
-2.2177177e+01 6.1726824e-02 1.7270402e-01 2.9985299e-01
-2.2162162e+01 6.3731437e-02 1.7550191e-01 3.0368381e-01
-2.2147147e+01 6.5762417e-02 1.7824310e-01 3.0765572e-01
-2.2132132e+01 6.7877433e-02 1.8106333e-01 3.1158401e-01
-2.2117117e+01 7.0013348e-02 1.8391059e-01 3.1554757e-01
-2.2102102e+01 7.2190542e-02 1.8678095e-01 3.1944654e-01
-2.2087087e+01 7.4454414e-02 1.8967468e-01 3.2338482e-01
-2.2072072e+01 7.6780113e-02 1.9261261e-01 3.2740558e-01
-2.2057057e+01 7.9152432e-02 1.9558135e-01 3.3138880e-01
-2.2042042e+01 8.1621132e-02 1.9854997e-01 3.3535260e-01
-2.2027027e+01 8.4132923e-02 2.0164134e-01 3.3946307e-01
-2.2012012e+01 8.6648601e-02 2.0473544e-01 3.4347251e-01
-2.1996997e+01 8.9310720e-02 2.0791406e-01 3.4766514e-01
-2.1981982e+01 9.2039010e-02 2.1104938e-01 3.5180064e-01
-2.1966967e+01 9.4790248e-02 2.1425441e-01 3.5584507e-01
-2.1951952e+01 9.7596224e-02 2.1757914e-01 3.5994760e-01
-2.1936937e+01 1.0043266e-01 2.2086882e-01 3.6406589e-01
-2.1921922e+01 1.0338100e-01 2.2420590e-01 3.6827005e-01
-2.1906907e+01 1.0640356e-01 2.2770070e-01 3.7236539e-01
-2.1891892e+01 1.0950116e-01 2.3120181e-01 3.7651990e-01
-2.1876877e+01 1.1265023e-01 2.3469768e-01 3.8073390e-01
-2.1861862e+01 1.1583837e-01 2.3831552e-01 3.8496904e-01
-2.1846847e+01 1.1914529e-01 2.4205926e-01 3.8926052e-01
-2.1831832e+01 1.2257383e-01 2.4575061e-01 3.9367388e-01
-2.1816817e+01 1.2594238e-01 2.4958201e-01 3.9810451e-01
-2.1801802e+01 1.2945261e-01 2.5344557e-01 4.0261976e-01
-2.1786787e+01 1.3308438e-01 2.5734670e-01 4.0692859e-01
-2.1771772e+01 1.3669961e-01 2.6123170e-01 4.1148872e-01
-2.1756757e+01 1.4046139e-01 2.6522529e-01 4.1607658e-01
-2.1741742e+01 1.4418079e-01 2.6929579e-01 4.2061080e-01
-2.1726727e+01 1.4804211e-01 2.7334313e-01 4.2519651e-01
-2.1711712e+01 1.5208380e-01 2.7753133e-01 4.2977139e-01
-2.1696697e+01 1.5608854e-01 2.8179842e-01 4.3403737e-01
-2.1681682e+01 1.6023811e-01 2.8618635e-01 4.3886032e-01
-2.1666667e+01 1.6435116e-01 2.9056088e-01 4.4365847e-01
-2.1651652e+01 1.6839561e-01 2.9492642e-01 4.4849191e-01
-2.1636637e+01 1.7271544e-01 2.9944734e-01 4.5347112e-01
-2.1621622e+01 1.7677325e-01 3.0400205e-01 4.5851937e-01
-2.1606607e+01 1.8111559e-01 3.0856543e-01 4.6323381e-01
-2.1591592e+01 1.8565212e-01 3.1325745e-01 4.6806669e-01
-2.1576577e+01 1.9023149e-01 3.1787078e-01 4.7319537e-01
-2.1561562e+01 1.9455546e-01 3.2293560e-01 4.7811368e-01
-2.1546547e+01 1.9898832e-01 3.2771573e-01 4.8315430e-01
-2.1531532e+01 2.0356671e-01 3.3262116e-01 4.8840902e-01
-2.1516517e+01 2.0809754e-01 3.3749777e-01 4.9353349e-01
-2.1501502e+01 2.1260813e-01 3.4241812e-01 4.9858657e-01
-2.1486486e+01 2.1750975e-01 3.4737456e-01 5.0336564e-01
-2.1471471e+01 2.2230055e-01 3.5247635e-01 5.0853737e-01
-2.1456456e+01 2.2707090e-01 3.5762527e-01 5.1365384e-01
-2.1441441e+01 2.3174886e-01 3.6280047e-01 5.1852117e-01
-2.1426426e+01 2.3684679e-01 3.6813866e-01 5.2376182e-01
-2.1411411e+01 2.4175351e-01 3.7343338e-01 5.2924577e-01
-2.1396396e+01 2.4671877e-01 3.7876468e-01 5.3428316e-01
-2.1381381e+01 2.5159593e-01 3.8417718e-01 5.3960401e-01
-2.1366366e+01 2.5664855e-01 3.8980656e-01 5.4436922e-01
-2.1351351e+01 2.6156554e-01 3.9518979e-01 5.4943348e-01
-2.1336336e+01 2.6661425e-01 4.0037052e-01 5.5483957e-01
-2.1321321e+01 2.7175031e-01 4.0571822e-01 5.6037805e-01
-2.1306306e+01 2.7678877e-01 4.1129987e-01 5.6579971e-01
-2.1291291e+01 2.8208963e-01 4.1685935e-01 5.7112141e-01
-2.1276276e+01 2.8710612e-01 4.2248468e-01 5.7673914e-01
-2.1261261e+01 2.9244580e-01 4.2819151e-01 5.8208884e-01
-2.1246246e+01 2.9758101e-01 4.3391928e-01 5.8785698e-01
-2.1231231e+01 3.0288196e-01 4.3963122e-01 5.9348305e-01
-2.1216216e+01 3.0840502e-01 4.4554348e-01 5.9912934e-01
-2.1201201e+01 3.1386233e-01 4.5145128e-01 6.0453663e-01
-2.1186186e+01 3.1904293e-01 4.5737505e-01 6.1045355e-01
-2.1171171e+01 3.2427956e-01 4.6327286e-01 6.1598049e-01
-2.1156156e+01 3.2950273e-01 4.6933717e-01 6.2194510e-01
-2.1141141e+01 3.3467497e-01 4.7536845e-01 6.2826684e-01
-2.1126126e+01 3.3996569e-01 4.8132855e-01 6.3421897e-01
-2.1111111e+01 3.4519414e-01 4.8759524e-01 6.4012615e-01
-2.1096096e+01 3.5066214e-01 4.9366179e-01 6.4679981e-01
-2.1081081e+01 3.5618005e-01 4.9966894e-01 6.5285786e-01
-2.1066066e+01 3.6161403e-01 5.0575471e-01 6.5953533e-01
-2.1051051e+01 3.6692354e-01 5.1166732e-01 6.6622197e-01
-2.1036036e+01 3.7235956e-01 5.1793941e-01 6.7251898e-01
-2.1021021e+01 3.7795773e-01 5.2405562e-01 6.7866263e-01
-2.1006006e+01 3.8343872e-01 5.3017233e-01 6.8494573e-01
-2.0990991e+01 3.8901350e-01 5.3662648e-01 6.9156427e-01
-2.0975976e+01 3.9445200e-01 5.4318462e-01 6.9812602e-01
-2.0960961e+01 4.0030632e-01 5.4948093e-01 7.0479650e-01
-2.0945946e+01 4.0593436e-01 5.5580696e-01 7.1137627e-01
-2.0930931e+01 4.1151073e-01 5.6227857e-01 7.1807309e-01
-2.0915916e+01 4.1729206e-01 5.6854889e-01 7.2485566e-01
-2.0900901e+01 4.2259414e-01 5.7466412e-01 7.3158722e-01
-2.0885886e+01 4.2842908e-01 5.8079286e-01 7.3826792e-01
-2.0870871e+01 4.3424818e-01 5.8676886e-01 7.4528573e-01
-2.0855856e+01 4.3942366e-01 5.9309291e-01 7.5218440e-01
-2.0840841e+01 4.4493831e-01 5.9931597e-01 7.5905806e-01
-2.0825826e+01 4.5050682e-01 6.0549815e-01 7.6609554e-01
-2.0810811e+01 4.5629154e-01 6.1178130e-01 7.7280262e-01
-2.0795796e+01 4.6163666e-01 6.1809404e-01 7.7999317e-01
-2.0780781e+01 4.6704012e-01 6.2459787e-01 7.8711588e-01
-2.0765766e+01 4.7251855e-01 6.3118205e-01 7.9398718e-01
-2.0750751e+01 4.7770971e-01 6.3763058e-01 8.0115410e-01
-2.0735736e+01 4.8298405e-01 6.4420800e-01 8.0861969e-01
-2.0720721e+01 4.8820015e-01 6.5074385e-01 8.1560622e-01
-2.0705706e+01 4.9348876e-01 6.5732964e-01 8.2270312e-01
-2.0690691e+01 4.9856653e-01 6.6384814e-01 8.2999373e-01
-2.0675676e+01 5.0390697e-01 6.7007579e-01 8.3717801e-01
-2.0660661e+01 5.0913736e-01 6.7665228e-01 8.4417217e-01
-2.0645646e+01 5.1421134e-01 6.8288224e-01 8.5122151e-01
-2.0630631e+01 5.1926343e-01 6.8915735e-01 8.5861694e-01
-2.0615616e+01 5.2458531e-01 6.9570013e-01 8.6582413e-01
-2.0600601e+01 5.3021148e-01 7.0190719e-01 8.7272359e-01
-2.0585586e+01 5.3562221e-01 7.0813850e-01 8.7958662e-01
-2.0570571e+01 5.4077854e-01 7.1433072e-01 8.8688084e-01
-2.0555556e+01 5.4599595e-01 7.2054280e-01 8.9393618e-01
-2.0540541e+01 5.5120976e-01 7.2673252e-01 9.0083484e-01
-2.0525526e+01 5.5618050e-01 7.3294017e-01 9.0802084e-01
-2.0510511e+01 5.6125146e-01 7.3919836e-01 9.1527891e-01
-2.0495495e+01 5.6631333e-01 7.4530022e-01 9.2233844e-01
-2.0480480e+01 5.7136912e-01 7.5150974e-01 9.2896670e-01
-2.0465465e+01 5.7621723e-01 7.5768154e-01 9.3596484e-01
-2.0450450e+01 5.8128389e-01 7.6380474e-01 9.4306290e-01
-2.0435435e+01 5.8613880e-01 7.6985174e-01 9.4984104e-01
-2.0420420e+01 5.9111663e-01 7.7545034e-01 9.5670001e-01
-2.0405405e+01 5.9606714e-01 7.8095122e-01 9.6335006e-01
-2.0390390e+01 6.0095520e-01 7.8685648e-01 9.7013636e-01
-2.0375375e+01 6.0560204e-01 7.9267199e-01 9.7668767e-01
-2.0360360e+01 6.1030218e-01 7.9849881e-01 9.8307472e-01
-2.0345345e+01 6.1490867e-01 8.0400603e-01 9.8962118e-01
-2.0330330e+01 6.1960292e-01 8.0978956e-01 9.9643748e-01
-2.0315315e+01 6.2423300e-01 8.1583301e-01 1.0029165e+00
-2.0300300e+01 6.2853960e-01 8.2123304e-01 1.0098815e+00
-2.0285285e+01 6.3309544e-01 8.2654916e-01 1.0162664e+00
-2.0270270e+01 6.3747555e-01 8.3193799e-01 1.0227245e+00
-2.0255255e+01 6.4179099e-01 8.3724835e-01 1.0292435e+00
-2.0240240e+01 6.4614070e-01 8.4233642e-01 1.0352028e+00
-2.0225225e+01 6.5037047e-01 8.4747198e-01 1.0415876e+00
-2.0210210e+01 6.5439067e-01 8.5247711e-01 1.0476642e+00
-2.0195195e+01 6.5893901e-01 8.5777834e-01 1.0539308e+00
-2.0180180e+01 6.6326507e-01 8.6259989e-01 1.0598516e+00
-2.0165165e+01 6.6756262e-01 8.6760476e-01 1.0659395e+00
-2.0150150e+01 6.7170257e-01 8.7240153e-01 1.0714886e+00
-2.0135135e+01 6.7586905e-01 8.7750373e-01 1.0773660e+00
-2.0120120e+01 6.8007933e-01 8.8229816e-01 1.0828643e+00
-2.0105105e+01 6.8362077e-01 8.8715507e-01 1.0883465e+00
-2.0090090e+01 6.8745375e-01 8.9198615e-01 1.0937240e+00
-2.0075075e+01 6.9125103e-01 8.9632651e-01 1.0992258e+00
-2.0060060e+01 6.9471724e-01 9.0095230e-01 1.1048823e+00
-2.0045045e+01 6.9825558e-01 9.0513243e-01 1.1102578e+00
-2.0030030e+01 7.0164967e-01 9.0907382e-01 1.1152706e+00
-2.0015015e+01 7.0471505e-01 9.1333107e-01 1.1204491e+00
-2.0000000e+01 7.0812232e-01 9.1745536e-01 1.1250789e+00
-1.9984985e+01 7.1143818e-01 9.2113099e-01 1.1296025e+00
-1.9969970e+01 7.1482936e-01 9.2514592e-01 1.1341481e+00
-1.9954955e+01 7.1797693e-01 9.2907699e-01 1.1385433e+00
-1.9939940e+01 7.2119236e-01 9.3256349e-01 1.1428984e+00
-1.9924925e+01 7.2462954e-01 9.3635380e-01 1.1468731e+00
-1.9909910e+01 7.2776783e-01 9.3994859e-01 1.1503017e+00
-1.9894895e+01 7.3109978e-01 9.4322423e-01 1.1536752e+00
-1.9879880e+01 7.3459502e-01 9.4661342e-01 1.1573992e+00
-1.9864865e+01 7.3752559e-01 9.4987182e-01 1.1606853e+00
-1.9849850e+01 7.4003231e-01 9.5303280e-01 1.1631252e+00
-1.9834835e+01 7.4338672e-01 9.5614865e-01 1.1664284e+00
-1.9819820e+01 7.4635022e-01 9.5898403e-01 1.1694160e+00
-1.9804805e+01 7.4917978e-01 9.6197271e-01 1.1720800e+00
-1.9789790e+01 7.5195183e-01 9.6467247e-01 1.1747017e+00
-1.9774775e+01 7.5438947e-01 9.6746747e-01 1.1769151e+00
-1.9759760e+01 7.5722412e-01 9.7018810e-01 1.1791048e+00
-1.9744745e+01 7.5966012e-01 9.7259626e-01 1.1807865e+00
-1.9729730e+01 7.6222214e-01 9.7468887e-01 1.1822904e+00
-1.9714715e+01 7.6487850e-01 9.7648167e-01 1.1843152e+00
-1.9699700e+01 7.6730333e-01 9.7830441e-01 1.1859109e+00
-1.9684685e+01 7.7008487e-01 9.8057243e-01 1.1874994e+00
-1.9669670e+01 7.7251646e-01 9.8217109e-01 1.1888323e+00
-1.9654655e+01 7.7476827e-01 9.8402786e-01 1.1900338e+00
-1.9639640e+01 7.7732989e-01 9.8564597e-01 1.1910620e+00
-1.9624625e+01 7.7957788e-01 9.8731632e-01 1.1921907e+00
-1.9609610e+01 7.8194495e-01 9.8890315e-01 1.1928362e+00
-1.9594595e+01 7.8409503e-01 9.9037112e-01 1.1933904e+00
-1.9579580e+01 7.8598409e-01 9.9173055e-01 1.1939097e+00
-1.9564565e+01 7.8774776e-01 9.9294995e-01 1.1940774e+00
-1.9549550e+01 7.8927959e-01 9.9397336e-01 1.1939909e+00
-1.9534535e+01 7.9125244e-01 9.9509959e-01 1.1943321e+00
-1.9519520e+01 7.9287565e-01 9.9609807e-01 1.1944371e+00
-1.9504505e+01 7.9439035e-01 9.9700016e-01 1.1944553e+00
-1.9489489e+01 7.9583194e-01 9.9762736e-01 1.1939981e+00
-1.9474474e+01 7.9710914e-01 9.9795564e-01 1.1937031e+00
-1.9459459e+01 7.9871496e-01 9.9881944e-01 1.1930286e+00
-1.9444444e+01 7.9987360e-01 9.9926551e-01 1.1929764e+00
-1.9429429e+01 8.0082446e-01 9.9956014e-01 1.1918244e+00
-1.9414414e+01 8.0229431e-01 9.9975147e-01 1.1910652e+00
-1.9399399e+01 8.0304943e-01 9.9977498e-01 1.1901507e+00
-1.9384384e+01 8.0408441e-01 1.0000000e+00 1.1897771e+00
-1.9369369e+01 8.0463059e-01 9.9993766e-01 1.1888882e+00
-1.9354354e+01 8.0550136e-01 9.9966966e-01 1.1877395e+00
-1.9339339e+01 8.0649455e-01 9.9922465e-01 1.1863670e+00
-1.9324324e+01 8.0726898e-01 9.9892739e-01 1.1848072e+00
-1.9309309e+01 8.0775813e-01 9.9853665e-01 1.1831431e+00
-1.9294294e+01 8.0846988e-01 9.9797139e-01 1.1822717e+00
-1.9279279e+01 8.0899699e-01 9.9730260e-01 1.1803318e+00
-1.9264264e+01 8.0957325e-01 9.9643069e-01 1.1779885e+00
-1.9249249e+01 8.0968707e-01 9.9577499e-01 1.1761243e+00
-1.9234234e+01 8.0975695e-01 9.9442053e-01 1.1737602e+00
-1.9219219e+01 8.0965151e-01 9.9374623e-01 1.1719131e+00
-1.9204204e+01 8.0956941e-01 9.9255000e-01 1.1697582e+00
-1.9189189e+01 8.0961308e-01 9.9162983e-01 1.1673625e+00
-1.9174174e+01 8.0967274e-01 9.9048189e-01 1.1651279e+00
-1.9159159e+01 8.0966547e-01 9.8902032e-01 1.1620072e+00
-1.9144144e+01 8.0986702e-01 9.8752202e-01 1.1588862e+00
-1.9129129e+01 8.0954259e-01 9.8613858e-01 1.1561890e+00
-1.9114114e+01 8.0896431e-01 9.8465887e-01 1.1533649e+00
-1.9099099e+01 8.0853055e-01 9.8303357e-01 1.1507299e+00
-1.9084084e+01 8.0761058e-01 9.8112239e-01 1.1476441e+00
-1.9069069e+01 8.0691178e-01 9.7951656e-01 1.1447834e+00
-1.9054054e+01 8.0618925e-01 9.7804583e-01 1.1416371e+00
-1.9039039e+01 8.0579042e-01 9.7649425e-01 1.1388654e+00
-1.9024024e+01 8.0486110e-01 9.7505825e-01 1.1361327e+00
-1.9009009e+01 8.0421335e-01 9.7338852e-01 1.1327617e+00
-1.8993994e+01 8.0305255e-01 9.7099801e-01 1.1295080e+00
-1.8978979e+01 8.0186139e-01 9.6919472e-01 1.1266988e+00
-1.8963964e+01 8.0037354e-01 9.6714541e-01 1.1235874e+00
-1.8948949e+01 7.9907215e-01 9.6503915e-01 1.1207512e+00
-1.8933934e+01 7.9786963e-01 9.6273866e-01 1.1170736e+00
-1.8918919e+01 7.9651313e-01 9.6002369e-01 1.1137494e+00
-1.8903904e+01 7.9475467e-01 9.5753224e-01 1.1110148e+00
-1.8888889e+01 7.9349875e-01 9.5517934e-01 1.1080623e+00
-1.8873874e+01 7.9184022e-01 9.5261717e-01 1.1047553e+00
-1.8858859e+01 7.9045087e-01 9.5022216e-01 1.1019286e+00
-1.8843844e+01 7.8872612e-01 9.4757468e-01 1.0987200e+00
-1.8828829e+01 7.8673107e-01 9.4521426e-01 1.0956123e+00
-1.8813814e+01 7.8465320e-01 9.4245624e-01 1.0922607e+00
-1.8798799e+01 7.8253710e-01 9.3951507e-01 1.0886695e+00
-1.8783784e+01 7.8006834e-01 9.3667807e-01 1.0851707e+00
-1.8768769e+01 7.7831421e-01 9.3403024e-01 1.0824077e+00
-1.8753754e+01 7.7615167e-01 9.3111249e-01 1.0792493e+00
-1.8738739e+01 7.7383372e-01 9.2844236e-01 1.0760941e+00
-1.8723724e+01 7.7149588e-01 9.2551572e-01 1.0730352e+00
-1.8708709e+01 7.6927912e-01 9.2269303e-01 1.0698106e+00
-1.8693694e+01 7.6640945e-01 9.1997439e-01 1.0664134e+00
-1.8678679e+01 7.6380576e-01 9.1706038e-01 1.0628313e+00
-1.8663664e+01 7.6095958e-01 9.1401565e-01 1.0599332e+00
-1.8648649e+01 7.5834500e-01 9.1142641e-01 1.0574344e+00
-1.8633634e+01 7.5539024e-01 9.0806599e-01 1.0544740e+00
-1.8618619e+01 7.5266275e-01 9.0482878e-01 1.0515834e+00
-1.8603604e+01 7.4957365e-01 9.0160905e-01 1.0482882e+00
-1.8588589e+01 7.4619390e-01 8.9812437e-01 1.0454994e+00
-1.8573574e+01 7.4274118e-01 8.9487589e-01 1.0425892e+00
-1.8558559e+01 7.3959909e-01 8.9175410e-01 1.0393854e+00
-1.8543544e+01 7.3642466e-01 8.8837852e-01 1.0363441e+00
-1.8528529e+01 7.3330653e-01 8.8508773e-01 1.0329895e+00
-1.8513514e+01 7.2997711e-01 8.8175040e-01 1.0305006e+00
-1.8498498e+01 7.2672194e-01 8.7842281e-01 1.0276676e+00
-1.8483483e+01 7.2311336e-01 8.7502545e-01 1.0246136e+00
-1.8468468e+01 7.1941120e-01 8.7212125e-01 1.0217394e+00
-1.8453453e+01 7.1575545e-01 8.6883777e-01 1.0185684e+00
-1.8438438e+01 7.1227410e-01 8.6565646e-01 1.0162780e+00
-1.8423423e+01 7.0904919e-01 8.6216734e-01 1.0137364e+00
-1.8408408e+01 7.0556018e-01 8.5882930e-01 1.0112533e+00
-1.8393393e+01 7.0186215e-01 8.5532100e-01 1.0087694e+00
-1.8378378e+01 6.9791908e-01 8.5203242e-01 1.0063740e+00
-1.8363363e+01 6.9400254e-01 8.4841973e-01 1.0040075e+00
-1.8348348e+01 6.9030044e-01 8.4490511e-01 1.0017392e+00
-1.8333333e+01 6.8640423e-01 8.4117456e-01 9.9955300e-01
-1.8318318e+01 6.8270388e-01 8.3770458e-01 9.9684759e-01
-1.8303303e+01 6.7887236e-01 8.3453530e-01 9.9445674e-01
-1.8288288e+01 6.7523240e-01 8.3124443e-01 9.9213546e-01
-1.8273273e+01 6.7155984e-01 8.2764581e-01 9.8946777e-01
-1.8258258e+01 6.6754245e-01 8.2436165e-01 9.8716841e-01
-1.8243243e+01 6.6399774e-01 8.2092393e-01 9.8446278e-01
-1.8228228e+01 6.6038214e-01 8.1761953e-01 9.8205639e-01
-1.8213213e+01 6.5620138e-01 8.1425850e-01 9.7941306e-01
-1.8198198e+01 6.5242880e-01 8.1088653e-01 9.7678385e-01
-1.8183183e+01 6.4852286e-01 8.0765311e-01 9.7460615e-01
-1.8168168e+01 6.4450329e-01 8.0450432e-01 9.7250084e-01
-1.8153153e+01 6.4098643e-01 8.0139461e-01 9.6964443e-01
-1.8138138e+01 6.3703884e-01 7.9836213e-01 9.6731410e-01
-1.8123123e+01 6.3321938e-01 7.9520172e-01 9.6491422e-01
-1.8108108e+01 6.2978560e-01 7.9188077e-01 9.6253872e-01
-1.8093093e+01 6.2572390e-01 7.8847444e-01 9.6019076e-01
-1.8078078e+01 6.2214936e-01 7.8515937e-01 9.5775840e-01
-1.8063063e+01 6.1828131e-01 7.8182285e-01 9.5527796e-01
-1.8048048e+01 6.1413790e-01 7.7840169e-01 9.5261642e-01
-1.8033033e+01 6.0986163e-01 7.7517335e-01 9.5079822e-01
-1.8018018e+01 6.0654213e-01 7.7210888e-01 9.4790122e-01
-1.8003003e+01 6.0270734e-01 7.6898270e-01 9.4529654e-01
-1.7987988e+01 5.9896181e-01 7.6592749e-01 9.4251470e-01
-1.7972973e+01 5.9551438e-01 7.6299864e-01 9.4016818e-01
-1.7957958e+01 5.9172607e-01 7.6007760e-01 9.3757000e-01
-1.7942943e+01 5.8804217e-01 7.5684849e-01 9.3513356e-01
-1.7927928e+01 5.8433356e-01 7.5383663e-01 9.3225606e-01
-1.7912913e+01 5.8056925e-01 7.5088793e-01 9.2963300e-01
-1.7897898e+01 5.7701675e-01 7.4796875e-01 9.2697349e-01
-1.7882883e+01 5.7335363e-01 7.4492414e-01 9.2454422e-01
-1.7867868e+01 5.6977748e-01 7.4197452e-01 9.2206673e-01
-1.7852853e+01 5.6634479e-01 7.3921434e-01 9.1940335e-01
-1.7837838e+01 5.6283067e-01 7.3602170e-01 9.1663176e-01
-1.7822823e+01 5.5919354e-01 7.3291805e-01 9.1415618e-01
-1.7807808e+01 5.5568278e-01 7.2978446e-01 9.1102639e-01
-1.7792793e+01 5.5222288e-01 7.2692665e-01 9.0844840e-01
-1.7777778e+01 5.4905000e-01 7.2407616e-01 9.0530600e-01
-1.7762763e+01 5.4576984e-01 7.2114699e-01 9.0299494e-01
-1.7747748e+01 5.4235490e-01 7.1821820e-01 8.9998421e-01
-1.7732733e+01 5.3870249e-01 7.1545641e-01 8.9711426e-01
-1.7717718e+01 5.3559661e-01 7.1237922e-01 8.9422310e-01
-1.7702703e+01 5.3256633e-01 7.0941186e-01 8.9143887e-01
-1.7687688e+01 5.2961996e-01 7.0652512e-01 8.8895154e-01
-1.7672673e+01 5.2664383e-01 7.0347509e-01 8.8614016e-01
-1.7657658e+01 5.2343209e-01 7.0054356e-01 8.8284506e-01
-1.7642643e+01 5.2037443e-01 6.9776433e-01 8.8000031e-01
-1.7627628e+01 5.1730221e-01 6.9502986e-01 8.7730208e-01
-1.7612613e+01 5.1451922e-01 6.9200200e-01 8.7495607e-01
-1.7597598e+01 5.1127356e-01 6.8905493e-01 8.7230589e-01
-1.7582583e+01 5.0778201e-01 6.8605269e-01 8.6943583e-01
-1.7567568e+01 5.0463387e-01 6.8321246e-01 8.6644931e-01
-1.7552553e+01 5.0136222e-01 6.8022354e-01 8.6351044e-01
-1.7537538e+01 4.9849212e-01 6.7737066e-01 8.6056295e-01
-1.7522523e+01 4.9553512e-01 6.7416267e-01 8.5733811e-01
-1.7507508e+01 4.9215482e-01 6.7134644e-01 8.5457330e-01
-1.7492492e+01 4.8900180e-01 6.6816444e-01 8.5117315e-01
-1.7477477e+01 4.8568282e-01 6.6576746e-01 8.4815340e-01
-1.7462462e+01 4.8209093e-01 6.6299537e-01 8.4479159e-01
-1.7447447e+01 4.7858252e-01 6.5999693e-01 8.4151913e-01
-1.7432432e+01 4.7517122e-01 6.5686686e-01 8.3865526e-01
-1.7417417e+01 4.7188998e-01 6.5368314e-01 8.3545969e-01
-1.7402402e+01 4.6852325e-01 6.5067454e-01 8.3240082e-01
-1.7387387e+01 4.6531321e-01 6.4740919e-01 8.2925983e-01
-1.7372372e+01 4.6206765e-01 6.4438964e-01 8.2610736e-01
-1.7357357e+01 4.5853704e-01 6.4106509e-01 8.2329270e-01
-1.7342342e+01 4.5525928e-01 6.3761025e-01 8.2029319e-01
-1.7327327e+01 4.5189469e-01 6.3454655e-01 8.1718526e-01
-1.7312312e+01 4.4872778e-01 6.3116537e-01 8.1422277e-01
-1.7297297e+01 4.4525105e-01 6.2793546e-01 8.1128185e-01
-1.7282282e+01 4.4217810e-01 6.2458095e-01 8.0859492e-01
-1.7267267e+01 4.3907116e-01 6.2128619e-01 8.0577966e-01
-1.7252252e+01 4.3542567e-01 6.1778862e-01 8.0266715e-01
-1.7237237e+01 4.3218243e-01 6.1437256e-01 7.9986822e-01
-1.7222222e+01 4.2911384e-01 6.1094615e-01 7.9712821e-01
-1.7207207e+01 4.2606991e-01 6.0732783e-01 7.9409517e-01
-1.7192192e+01 4.2300985e-01 6.0423106e-01 7.9111108e-01
-1.7177177e+01 4.1996872e-01 6.0077437e-01 7.8778942e-01
-1.7162162e+01 4.1643641e-01 5.9762672e-01 7.8474737e-01
-1.7147147e+01 4.1360129e-01 5.9424016e-01 7.8167738e-01
-1.7132132e+01 4.1031546e-01 5.9065208e-01 7.7824107e-01
-1.7117117e+01 4.0672703e-01 5.8761136e-01 7.7506490e-01
-1.7102102e+01 4.0386518e-01 5.8434602e-01 7.7215278e-01
-1.7087087e+01 4.0086150e-01 5.8116442e-01 7.6905727e-01
-1.7072072e+01 3.9796046e-01 5.7798254e-01 7.6600846e-01
-1.7057057e+01 3.9507960e-01 5.7472049e-01 7.6241594e-01
-1.7042042e+01 3.9165498e-01 5.7086188e-01 7.5907834e-01
-1.7027027e+01 3.8878645e-01 5.6762177e-01 7.5559965e-01
-1.7012012e+01 3.8549186e-01 5.6433484e-01 7.5244513e-01
-1.6996997e+01 3.8268225e-01 5.6086140e-01 7.4911901e-01
-1.6981982e+01 3.7962182e-01 5.5681746e-01 7.4548051e-01
-1.6966967e+01 3.7652486e-01 5.5326535e-01 7.4169944e-01
-1.6951952e+01 3.7356208e-01 5.4977669e-01 7.3863933e-01
-1.6936937e+01 3.7028945e-01 5.4619983e-01 7.3529864e-01
-1.6921922e+01 3.6711747e-01 5.4246151e-01 7.3199102e-01
-1.6906907e+01 3.6358453e-01 5.3891783e-01 7.2859671e-01
-1.6891892e+01 3.6030919e-01 5.3539752e-01 7.2519618e-01
-1.6876877e+01 3.5683257e-01 5.3187816e-01 7.2191709e-01
-1.6861862e+01 3.5344896e-01 5.2819432e-01 7.1841071e-01
-1.6846847e+01 3.5009120e-01 5.2458946e-01 7.1435566e-01
-1.6831832e+01 3.4654445e-01 5.2091599e-01 7.1076075e-01
-1.6816817e+01 3.4313504e-01 5.1734979e-01 7.0725128e-01
-1.6801802e+01 3.3966342e-01 5.1380520e-01 7.0374414e-01
-1.6786787e+01 3.3583215e-01 5.1010710e-01 7.0038962e-01
-1.6771772e+01 3.3187834e-01 5.0646376e-01 6.9690212e-01
-1.6756757e+01 3.2805788e-01 5.0282115e-01 6.9321960e-01
-1.6741742e+01 3.2411850e-01 4.9905250e-01 6.8942640e-01
-1.6726727e+01 3.1989270e-01 4.9556259e-01 6.8595302e-01
-1.6711712e+01 3.1607181e-01 4.9208228e-01 6.8236386e-01
-1.6696697e+01 3.1222687e-01 4.8833155e-01 6.7852165e-01
-1.6681682e+01 3.0844747e-01 4.8470011e-01 6.7444105e-01
-1.6666667e+01 3.0489370e-01 4.8120655e-01 6.7098204e-01
-1.6651652e+01 3.0153560e-01 4.7744437e-01 6.6742966e-01
-1.6636637e+01 2.9843953e-01 4.7355154e-01 6.6396690e-01
-1.6621622e+01 2.9557677e-01 4.6989634e-01 6.6035921e-01
-1.6606607e+01 2.9252944e-01 4.6604088e-01 6.5647488e-01
-1.6591592e+01 2.8914713e-01 4.6171919e-01 6.5272046e-01
-1.6576577e+01 2.8602910e-01 4.5748565e-01 6.4906266e-01
-1.6561562e+01 2.8232750e-01 4.5344189e-01 6.4498477e-01
-1.6546547e+01 2.7870329e-01 4.4941546e-01 6.4109119e-01
-1.6531532e+01 2.7504054e-01 4.4541819e-01 6.3672994e-01
-1.6516517e+01 2.7168216e-01 4.4154623e-01 6.3275490e-01
-1.6501502e+01 2.6811349e-01 4.3762207e-01 6.2852809e-01
-1.6486486e+01 2.6480908e-01 4.3436733e-01 6.2439326e-01
-1.6471471e+01 2.6168493e-01 4.3122918e-01 6.2008509e-01
-1.6456456e+01 2.5835678e-01 4.2752372e-01 6.1650018e-01
-1.6441441e+01 2.5492884e-01 4.2391361e-01 6.1301538e-01
-1.6426426e+01 2.5161130e-01 4.1992605e-01 6.0949420e-01
-1.6411411e+01 2.4833119e-01 4.1591513e-01 6.0589908e-01
-1.6396396e+01 2.4490671e-01 4.1147976e-01 6.0195401e-01
-1.6381381e+01 2.4157265e-01 4.0744426e-01 5.9786711e-01
-1.6366366e+01 2.3825928e-01 4.0350265e-01 5.9371558e-01
-1.6351351e+01 2.3469734e-01 3.9894705e-01 5.8936072e-01
-1.6336336e+01 2.3107235e-01 3.9479663e-01 5.8499568e-01
-1.6321321e+01 2.2765483e-01 3.9077066e-01 5.8083682e-01
-1.6306306e+01 2.2425670e-01 3.8693241e-01 5.7616885e-01
-1.6291291e+01 2.2092057e-01 3.8295334e-01 5.7153816e-01
-1.6276276e+01 2.1782113e-01 3.7914657e-01 5.6747894e-01
-1.6261261e+01 2.1448165e-01 3.7551122e-01 5.6308062e-01
-1.6246246e+01 2.1113749e-01 3.7172286e-01 5.5855583e-01
-1.6231231e+01 2.0808303e-01 3.6798748e-01 5.5362898e-01
-1.6216216e+01 2.0509074e-01 3.6404546e-01 5.4886674e-01
-1.6201201e+01 2.0219085e-01 3.6004734e-01 5.4417444e-01
-1.6186186e+01 1.9937616e-01 3.5598464e-01 5.3941965e-01
-1.6171171e+01 1.9682584e-01 3.5192611e-01 5.3486510e-01
-1.6156156e+01 1.9432555e-01 3.4774600e-01 5.3047158e-01
-1.6141141e+01 1.9183267e-01 3.4391908e-01 5.2577409e-01
-1.6126126e+01 1.8933882e-01 3.4003537e-01 5.2122359e-01
-1.6111111e+01 1.8667023e-01 3.3651865e-01 5.1640050e-01
-1.6096096e+01 1.8399405e-01 3.3300699e-01 5.1154666e-01
-1.6081081e+01 1.8122934e-01 3.2962927e-01 5.0677929e-01
-1.6066066e+01 1.7833044e-01 3.2607589e-01 5.0180477e-01
-1.6051051e+01 1.7523949e-01 3.2249775e-01 4.9691115e-01
-1.6036036e+01 1.7223049e-01 3.1863132e-01 4.9189857e-01
-1.6021021e+01 1.6927637e-01 3.1488407e-01 4.8708468e-01
-1.6006006e+01 1.6644542e-01 3.1120489e-01 4.8223050e-01
-1.5990991e+01 1.6396180e-01 3.0735809e-01 4.7735651e-01
-1.5975976e+01 1.6138456e-01 3.0373094e-01 4.7281696e-01
-1.5960961e+01 1.5905058e-01 3.0015559e-01 4.6812015e-01
-1.5945946e+01 1.5661368e-01 2.9665515e-01 4.6351613e-01
-1.5930931e+01 1.5443103e-01 2.9312667e-01 4.5849165e-01
-1.5915916e+01 1.5214996e-01 2.8951432e-01 4.5367560e-01
-1.5900901e+01 1.4985157e-01 2.8594095e-01 4.4901927e-01
-1.5885886e+01 1.4747607e-01 2.8230862e-01 4.4409477e-01
-1.5870871e+01 1.4491536e-01 2.7862037e-01 4.3923829e-01
-1.5855856e+01 1.4230431e-01 2.7489805e-01 4.3451872e-01
-1.5840841e+01 1.3960154e-01 2.7120203e-01 4.2986453e-01
-1.5825826e+01 1.3716699e-01 2.6762663e-01 4.2496761e-01
-1.5810811e+01 1.3474136e-01 2.6410835e-01 4.2013734e-01
-1.5795796e+01 1.3239367e-01 2.6054593e-01 4.1534236e-01
-1.5780781e+01 1.2998848e-01 2.5690221e-01 4.1042342e-01
-1.5765766e+01 1.2769589e-01 2.5331499e-01 4.0558735e-01
-1.5750751e+01 1.2535209e-01 2.4963689e-01 4.0059465e-01
-1.5735736e+01 1.2299173e-01 2.4608743e-01 3.9579126e-01
-1.5720721e+01 1.2044483e-01 2.4253409e-01 3.9079570e-01
-1.5705706e+01 1.1801097e-01 2.3911220e-01 3.8589355e-01
-1.5690691e+01 1.1561740e-01 2.3560219e-01 3.8110906e-01
-1.5675676e+01 1.1326455e-01 2.3220721e-01 3.7612794e-01
-1.5660661e+01 1.1088720e-01 2.2876860e-01 3.7129437e-01
-1.5645646e+01 1.0855046e-01 2.2533522e-01 3.6645220e-01
-1.5630631e+01 1.0627725e-01 2.2184662e-01 3.6161231e-01
-1.5615616e+01 1.0403988e-01 2.1853287e-01 3.5657674e-01
-1.5600601e+01 1.0179647e-01 2.1524704e-01 3.5164091e-01
-1.5585586e+01 9.9586883e-02 2.1202252e-01 3.4664133e-01
-1.5570571e+01 9.7396433e-02 2.0874526e-01 3.4164232e-01
-1.5555556e+01 9.5265199e-02 2.0552073e-01 3.3674521e-01
-1.5540541e+01 9.3168414e-02 2.0226850e-01 3.3200260e-01
-1.5525526e+01 9.1133029e-02 1.9904290e-01 3.2719521e-01
-1.5510511e+01 8.9098934e-02 1.9585033e-01 3.2245284e-01
-1.5495495e+01 8.7108005e-02 1.9276777e-01 3.1770339e-01
-1.5480480e+01 8.5141603e-02 1.8968386e-01 3.1289775e-01
-1.5465465e+01 8.3199295e-02 1.8661580e-01 3.0820025e-01
-1.5450450e+01 8.1276837e-02 1.8357369e-01 3.0344643e-01
-1.5435435e+01 7.9398087e-02 1.8056696e-01 2.9872403e-01
-1.5420420e+01 7.7543697e-02 1.7759489e-01 2.9416125e-01
-1.5405405e+01 7.5723673e-02 1.7456883e-01 2.8958562e-01
-1.5390390e+01 7.3998130e-02 1.7158510e-01 2.8490785e-01
-1.5375375e+01 7.2267606e-02 1.6864269e-01 2.8034902e-01
-1.5360360e+01 7.0573218e-02 1.6571846e-01 2.7579365e-01
-1.5345345e+01 6.8866971e-02 1.6282360e-01 2.7132123e-01
-1.5330330e+01 6.7222180e-02 1.5997808e-01 2.6677001e-01
-1.5315315e+01 6.5609243e-02 1.5713782e-01 2.6214202e-01
-1.5300300e+01 6.4008964e-02 1.5434523e-01 2.5778361e-01
-1.5285285e+01 6.2431965e-02 1.5150494e-01 2.5341499e-01
-1.5270270e+01 6.0910067e-02 1.4872591e-01 2.4900240e-01
-1.5255255e+01 5.9408778e-02 1.4598719e-01 2.4471156e-01
-1.5240240e+01 5.7922674e-02 1.4327935e-01 2.4043303e-01
-1.5225225e+01 5.6484453e-02 1.4057191e-01 2.3625764e-01
-1.5210210e+01 5.5064105e-02 1.3784964e-01 2.3206252e-01
-1.5195195e+01 5.3674148e-02 1.3515339e-01 2.2780000e-01
-1.5180180e+01 5.2295493e-02 1.3251810e-01 2.2357671e-01
-1.5165165e+01 5.0932733e-02 1.2986855e-01 2.1954699e-01
-1.5150150e+01 4.9617353e-02 1.2728280e-01 2.1545318e-01
-1.5135135e+01 4.8294157e-02 1.2468404e-01 2.1146523e-01
-1.5120120e+01 4.7004136e-02 1.2209566e-01 2.0746052e-01
-1.5105105e+01 4.5781143e-02 1.1957027e-01 2.0342518e-01
-1.5090090e+01 4.4545279e-02 1.1709718e-01 1.9953613e-01
-1.5075075e+01 4.3355032e-02 1.1460456e-01 1.9562585e-01
-1.5060060e+01 4.2167425e-02 1.1213304e-01 1.9173837e-01
-1.5045045e+01 4.1020019e-02 1.0970539e-01 1.8796276e-01
-1.5030030e+01 3.9883619e-02 1.0734443e-01 1.8424245e-01
-1.5015015e+01 3.8775296e-02 1.0501548e-01 1.8048459e-01
-1.5000000e+01 3.7695572e-02 1.0268762e-01 1.7689363e-01
-1.4984985e+01 3.6650927e-02 1.0040676e-01 1.7327911e-01
-1.4969970e+01 3.5629621e-02 9.8137553e-02 1.6961837e-01
-1.4954955e+01 3.4622707e-02 9.5922277e-02 1.6606531e-01
-1.4939940e+01 3.3646972e-02 9.3722652e-02 1.6260689e-01
-1.4924925e+01 3.2683770e-02 9.1555584e-02 1.5921964e-01
-1.4909910e+01 3.1747061e-02 8.9416155e-02 1.5584079e-01
-1.4894895e+01 3.0845790e-02 8.7328854e-02 1.5251033e-01
-1.4879880e+01 2.9956850e-02 8.5241760e-02 1.4915994e-01
-1.4864865e+01 2.9088680e-02 8.3240220e-02 1.4592089e-01
-1.4849850e+01 2.8231725e-02 8.1238498e-02 1.4267609e-01
-1.4834835e+01 2.7405337e-02 7.9254487e-02 1.3952525e-01
-1.4819820e+01 2.6595765e-02 7.7330636e-02 1.3638855e-01
-1.4804805e+01 2.5796226e-02 7.5458960e-02 1.3332134e-01
-1.4789790e+01 2.5014232e-02 7.3610484e-02 1.3028062e-01
-1.4774775e+01 2.4256581e-02 7.1790891e-02 1.2729080e-01
-1.4759760e+01 2.3505815e-02 7.0019702e-02 1.2436109e-01
-1.4744745e+01 2.2792176e-02 6.8231471e-02 1.2149444e-01
-1.4729730e+01 2.2093161e-02 6.6496983e-02 1.1863418e-01
-1.4714715e+01 2.1408006e-02 6.4801919e-02 1.1581100e-01
-1.4699700e+01 2.0746042e-02 6.3151696e-02 1.1308724e-01
-1.4684685e+01 2.0100856e-02 6.1485022e-02 1.1039152e-01
-1.4669670e+01 1.9462272e-02 5.9882808e-02 1.0771039e-01
-1.4654655e+01 1.8849215e-02 5.8332910e-02 1.0508348e-01
-1.4639640e+01 1.8243316e-02 5.6811839e-02 1.0250646e-01
-1.4624625e+01 1.7657022e-02 5.5303007e-02 9.9969229e-02
-1.4609610e+01 1.7088420e-02 5.3847200e-02 9.7497164e-02
-1.4594595e+01 1.6539209e-02 5.2404972e-02 9.5065906e-02
-1.4579580e+01 1.6001815e-02 5.1000328e-02 9.2659655e-02
-1.4564565e+01 1.5475037e-02 4.9609075e-02 9.0314867e-02
-1.4549550e+01 1.4963983e-02 4.8229345e-02 8.7974721e-02
-1.4534535e+01 1.4468373e-02 4.6884953e-02 8.5718406e-02
-1.4519520e+01 1.3987133e-02 4.5586532e-02 8.3489338e-02
-1.4504505e+01 1.3518594e-02 4.4312092e-02 8.1322094e-02
-1.4489489e+01 1.3062145e-02 4.3065744e-02 7.9184544e-02
-1.4474474e+01 1.2615863e-02 4.1841942e-02 7.7087692e-02
-1.4459459e+01 1.2186647e-02 4.0644123e-02 7.5058274e-02
-1.4444444e+01 1.1766832e-02 3.9475242e-02 7.3035298e-02
-1.4429429e+01 1.1359090e-02 3.8351087e-02 7.1049693e-02
-1.4414414e+01 1.0960098e-02 3.7239034e-02 6.9117512e-02
-1.4399399e+01 1.0576989e-02 3.6151601e-02 6.7208549e-02
-1.4384384e+01 1.0207514e-02 3.5089721e-02 6.5342275e-02
-1.4369369e+01 9.8477094e-03 3.4052570e-02 6.3532085e-02
-1.4354354e+01 9.4971737e-03 3.3044157e-02 6.1769795e-02
-1.4339339e+01 9.1528980e-03 3.2079678e-02 6.0016590e-02
-1.4324324e+01 8.8256922e-03 3.1126330e-02 5.8294930e-02
-1.4309309e+01 8.5101866e-03 3.0200870e-02 5.6599171e-02
-1.4294294e+01 8.1988658e-03 2.9299331e-02 5.4971804e-02
-1.4279279e+01 7.8981427e-03 2.8406002e-02 5.3396432e-02
-1.4264264e+01 7.6060156e-03 2.7539418e-02 5.1834294e-02
-1.4249249e+01 7.3279158e-03 2.6688806e-02 5.0321061e-02
-1.4234234e+01 7.0551454e-03 2.5871717e-02 4.8854691e-02
-1.4219219e+01 6.7930523e-03 2.5062776e-02 4.7408160e-02
-1.4204204e+01 6.5383674e-03 2.4294480e-02 4.5981766e-02
-1.4189189e+01 6.2912618e-03 2.3536886e-02 4.4602249e-02
-1.4174174e+01 6.0531819e-03 2.2797800e-02 4.3251425e-02
-1.4159159e+01 5.8252196e-03 2.2064895e-02 4.1933771e-02
-1.4144144e+01 5.6051596e-03 2.1364732e-02 4.0640720e-02
-1.4129129e+01 5.3899779e-03 2.0678938e-02 3.9384447e-02
-1.4114114e+01 5.1807169e-03 2.0012745e-02 3.8162626e-02
-1.4099099e+01 4.9805839e-03 1.9368157e-02 3.6971540e-02
-1.4084084e+01 4.7856498e-03 1.8741996e-02 3.5811901e-02
-1.4069069e+01 4.5978802e-03 1.8129487e-02 3.4683800e-02
-1.4054054e+01 4.4175537e-03 1.7534617e-02 3.3570636e-02
-1.4039039e+01 4.2441472e-03 1.6954148e-02 3.2502278e-02
-1.4024024e+01 4.0761873e-03 1.6394150e-02 3.1454889e-02
-1.4009009e+01 3.9143902e-03 1.5845113e-02 3.0446286e-02
-1.3993994e+01 3.7584736e-03 1.5316247e-02 2.9455757e-02
-1.3978979e+01 3.6079776e-03 1.4807213e-02 2.8496826e-02
-1.3963964e+01 3.4611910e-03 1.4307959e-02 2.7561133e-02
-1.3948949e+01 3.3201834e-03 1.3824894e-02 2.6655929e-02
-1.3933934e+01 3.1845963e-03 1.3354147e-02 2.5768428e-02
-1.3918919e+01 3.0538105e-03 1.2895700e-02 2.4906485e-02
-1.3903904e+01 2.9277990e-03 1.2456080e-02 2.4058843e-02
-1.3888889e+01 2.8052201e-03 1.2022978e-02 2.3238876e-02
-1.3873874e+01 2.6878629e-03 1.1603100e-02 2.2443208e-02
-1.3858859e+01 2.5755707e-03 1.1204270e-02 2.1671012e-02
-1.3843844e+01 2.4676005e-03 1.0809690e-02 2.0923348e-02
-1.3828829e+01 2.3627640e-03 1.0424911e-02 2.0193362e-02
-1.3813814e+01 2.2629253e-03 1.0052913e-02 1.9483696e-02
-1.3798799e+01 2.1658168e-03 9.6934721e-03 1.8796142e-02
-1.3783784e+01 2.0732230e-03 9.3447787e-03 1.8133118e-02
-1.3768769e+01 1.9843835e-03 9.0061275e-03 1.7492626e-02
-1.3753754e+01 1.8986318e-03 8.6796334e-03 1.6866367e-02
-1.3738739e+01 1.8162807e-03 8.3650767e-03 1.6263686e-02
-1.3723724e+01 1.7372560e-03 8.0580453e-03 1.5676565e-02
-1.3708709e+01 1.6612954e-03 7.7624401e-03 1.5109275e-02
-1.3693694e+01 1.5885974e-03 7.4734477e-03 1.4569422e-02
-1.3678679e+01 1.5183825e-03 7.1952292e-03 1.4035718e-02
-1.3663664e+01 1.4509372e-03 6.9253288e-03 1.3516114e-02
-1.3648649e+01 1.3863093e-03 6.6632940e-03 1.3013442e-02
-1.3633634e+01 1.3243796e-03 6.4113443e-03 1.2525532e-02
-1.3618619e+01 1.2649210e-03 6.1656966e-03 1.2053988e-02
-1.3603604e+01 1.2080181e-03 5.9271090e-03 1.1599539e-02
-1.3588589e+01 1.1533108e-03 5.7008347e-03 1.1158918e-02
-1.3573574e+01 1.1007045e-03 5.4802442e-03 1.0731328e-02
-1.3558559e+01 1.0506716e-03 5.2668065e-03 1.0319672e-02
-1.3543544e+01 1.0025979e-03 5.0626435e-03 9.9219435e-03
-1.3528529e+01 9.5629940e-04 4.8630769e-03 9.5383407e-03
-1.3513514e+01 9.1211016e-04 4.6728638e-03 9.1632482e-03
-1.3498498e+01 8.6966395e-04 4.4881623e-03 8.8039417e-03
-1.3483483e+01 8.2932317e-04 4.3096095e-03 8.4570785e-03
-1.3468468e+01 7.9034900e-04 4.1382299e-03 8.1257197e-03
-1.3453453e+01 7.5340813e-04 3.9710469e-03 7.8042917e-03
-1.3438438e+01 7.1792027e-04 3.8097621e-03 7.4927654e-03
-1.3423423e+01 6.8381665e-04 3.6557627e-03 7.1919219e-03
-1.3408408e+01 6.5115276e-04 3.5066753e-03 6.9015453e-03
-1.3393393e+01 6.1989462e-04 3.3631262e-03 6.6245072e-03
-1.3378378e+01 5.9024873e-04 3.2245171e-03 6.3535599e-03
-1.3363363e+01 5.6182266e-04 3.0915385e-03 6.0949855e-03
-1.3348348e+01 5.3471406e-04 2.9646856e-03 5.8453361e-03
-1.3333333e+01 5.0880336e-04 2.8416439e-03 5.6054117e-03
-1.3318318e+01 4.8391956e-04 2.7213346e-03 5.3708075e-03
-1.3303303e+01 4.6022855e-04 2.6064745e-03 5.1467082e-03
-1.3288288e+01 4.3763383e-04 2.4962212e-03 4.9318352e-03
-1.3273273e+01 4.1607010e-04 2.3896772e-03 4.7251251e-03
-1.3258258e+01 3.9537191e-04 2.2874300e-03 4.5258046e-03
-1.3243243e+01 3.7563043e-04 2.1894242e-03 4.3329774e-03
-1.3228228e+01 3.5686710e-04 2.0952846e-03 4.1493538e-03
-1.3213213e+01 3.3904728e-04 2.0049605e-03 3.9711938e-03
-1.3198198e+01 3.2202843e-04 1.9176742e-03 3.8000683e-03
-1.3183183e+01 3.0582163e-04 1.8341039e-03 3.6355077e-03
-1.3168168e+01 2.9031222e-04 1.7535207e-03 3.4767336e-03
-1.3153153e+01 2.7554967e-04 1.6764153e-03 3.3258994e-03
-1.3138138e+01 2.6141565e-04 1.6018223e-03 3.1817270e-03
-1.3123123e+01 2.4795908e-04 1.5305605e-03 3.0431864e-03
-1.3108108e+01 2.3512858e-04 1.4626924e-03 2.9083729e-03
-1.3093093e+01 2.2291944e-04 1.3969692e-03 2.7786431e-03
-1.3078078e+01 2.1141175e-04 1.3339951e-03 2.6537455e-03
-1.3063063e+01 2.0040108e-04 1.2739405e-03 2.5349688e-03
-1.3048048e+01 1.8989998e-04 1.2165739e-03 2.4208493e-03
-1.3033033e+01 1.7992391e-04 1.1611558e-03 2.3118077e-03
-1.3018018e+01 1.7042709e-04 1.1077056e-03 2.2077189e-03
-1.3003003e+01 1.6140484e-04 1.0572089e-03 2.1076557e-03
-1.2987988e+01 1.5284618e-04 1.0083437e-03 2.0107280e-03
-1.2972973e+01 1.4466428e-04 9.6187463e-04 1.9185306e-03
-1.2957958e+01 1.3691342e-04 9.1702770e-04 1.8299324e-03
-1.2942943e+01 1.2955648e-04 8.7432036e-04 1.7449211e-03
-1.2927928e+01 1.2256806e-04 8.3328032e-04 1.6635887e-03
-1.2912913e+01 1.1595847e-04 7.9435166e-04 1.5856699e-03
-1.2897898e+01 1.0966825e-04 7.5644057e-04 1.5111046e-03
-1.2882883e+01 1.0369931e-04 7.2048850e-04 1.4398117e-03
-1.2867868e+01 9.8020277e-05 6.8579126e-04 1.3716482e-03
-1.2852853e+01 9.2638171e-05 6.5291535e-04 1.3062698e-03
-1.2837838e+01 8.7535238e-05 6.2139065e-04 1.2438124e-03
-1.2822823e+01 8.2688155e-05 5.9133470e-04 1.1839779e-03
-1.2807808e+01 7.8108258e-05 5.6261114e-04 1.1267794e-03
-1.2792793e+01 7.3749987e-05 5.3534214e-04 1.0724384e-03
-1.2777778e+01 6.9655381e-05 5.0908271e-04 1.0202072e-03
-1.2762763e+01 6.5759206e-05 4.8400523e-04 9.7038863e-04
-1.2747748e+01 6.2074995e-05 4.6000662e-04 9.2302060e-04
-1.2732733e+01 5.8576689e-05 4.3718231e-04 8.7756752e-04
-1.2717718e+01 5.5262826e-05 4.1553452e-04 8.3388189e-04
-1.2702703e+01 5.2120995e-05 3.9475920e-04 7.9281113e-04
-1.2687688e+01 4.9143670e-05 3.7499725e-04 7.5320319e-04
-1.2672673e+01 4.6334663e-05 3.5616934e-04 7.1561234e-04
-1.2657658e+01 4.3678577e-05 3.3811342e-04 6.7944714e-04
-1.2642643e+01 4.1162550e-05 3.2098994e-04 6.4550863e-04
-1.2627628e+01 3.8785731e-05 3.0467571e-04 6.1274503e-04
-1.2612613e+01 3.6537803e-05 2.8909349e-04 5.8162040e-04
-1.2597598e+01 3.4414604e-05 2.7427151e-04 5.5211446e-04
-1.2582583e+01 3.2401331e-05 2.6007174e-04 5.2372313e-04
-1.2567568e+01 3.0508325e-05 2.4667559e-04 4.9669409e-04
-1.2552553e+01 2.8717527e-05 2.3389062e-04 4.7115962e-04
-1.2537538e+01 2.7022392e-05 2.2170877e-04 4.4673785e-04
-1.2522523e+01 2.5421432e-05 2.1016955e-04 4.2349860e-04
-1.2507508e+01 2.3916163e-05 1.9914064e-04 4.0154691e-04
-1.2492492e+01 2.2494228e-05 1.8860269e-04 3.8061452e-04
-1.2477477e+01 2.1151192e-05 1.7861396e-04 3.6056528e-04
-1.2462462e+01 1.9884714e-05 1.6914123e-04 3.4156384e-04
-1.2447447e+01 1.8689740e-05 1.6008906e-04 3.2351574e-04
-1.2432432e+01 1.7561477e-05 1.5148172e-04 3.0630135e-04
-1.2417417e+01 1.6498055e-05 1.4330624e-04 2.8999676e-04
-1.2402402e+01 1.5496479e-05 1.3554462e-04 2.7445288e-04
-1.2387387e+01 1.4553591e-05 1.2822719e-04 2.5972036e-04
-1.2372372e+01 1.3665382e-05 1.2125021e-04 2.4569853e-04
-1.2357357e+01 1.2826957e-05 1.1460805e-04 2.3237344e-04
-1.2342342e+01 1.2037799e-05 1.0830901e-04 2.1968956e-04
-1.2327327e+01 1.1295465e-05 1.0234765e-04 2.0774738e-04
-1.2312312e+01 1.0596283e-05 9.6675348e-05 1.9642669e-04
-1.2297297e+01 9.9406503e-06 9.1320208e-05 1.8555022e-04
-1.2282282e+01 9.3198871e-06 8.6236822e-05 1.7530969e-04
-1.2267267e+01 8.7375598e-06 8.1431952e-05 1.6557853e-04
-1.2252252e+01 8.1902612e-06 7.6867916e-05 1.5632067e-04
-1.2237237e+01 7.6766079e-06 7.2550578e-05 1.4759190e-04
-1.2222222e+01 7.1928602e-06 6.8455068e-05 1.3932375e-04
-1.2207207e+01 6.7367373e-06 6.4585680e-05 1.3148537e-04
-1.2192192e+01 6.3084557e-06 6.0919487e-05 1.2407723e-04
-1.2177177e+01 5.9070703e-06 5.7458513e-05 1.1705631e-04
-1.2162162e+01 5.5300635e-06 5.4174727e-05 1.1040094e-04
-1.2147147e+01 5.1762238e-06 5.1053804e-05 1.0409483e-04
-1.2132132e+01 4.8436153e-06 4.8114915e-05 9.8132878e-05
-1.2117117e+01 4.5319968e-06 4.5337837e-05 9.2490120e-05
-1.2102102e+01 4.2388045e-06 4.2717790e-05 8.7139951e-05
-1.2087087e+01 3.9635143e-06 4.0249311e-05 8.2108516e-05
-1.2072072e+01 3.7056657e-06 3.7906856e-05 7.7358831e-05
-1.2057057e+01 3.4643903e-06 3.5692162e-05 7.2865554e-05
-1.2042042e+01 3.2380126e-06 3.3600084e-05 6.8619306e-05
-1.2027027e+01 3.0258131e-06 3.1617112e-05 6.4612305e-05
-1.2012012e+01 2.8266403e-06 2.9746739e-05 6.0812785e-05
-1.1996997e+01 2.6402318e-06 2.7981267e-05 5.7222275e-05
-1.1981982e+01 2.4653370e-06 2.6317130e-05 5.3842226e-05
-1.1966967e+01 2.3013523e-06 2.4747538e-05 5.0653177e-05
-1.1951952e+01 2.1482371e-06 2.3263356e-05 4.7654628e-05
-1.1936937e+01 2.0047756e-06 2.1863058e-05 4.4800336e-05
-1.1921922e+01 1.8702531e-06 2.0542506e-05 4.2112187e-05
-1.1906907e+01 1.7446141e-06 1.9297622e-05 3.9583641e-05
-1.1891892e+01 1.6268664e-06 1.8127016e-05 3.7189509e-05
-1.1876877e+01 1.5169565e-06 1.7020416e-05 3.4940537e-05
-1.1861862e+01 1.4142399e-06 1.5980562e-05 3.2821163e-05
-1.1846847e+01 1.3182144e-06 1.5001169e-05 3.0827759e-05
-1.1831832e+01 1.2284349e-06 1.4075661e-05 2.8943888e-05
-1.1816817e+01 1.1445174e-06 1.3208178e-05 2.7166743e-05
-1.1801802e+01 1.0660454e-06 1.2392364e-05 2.5492430e-05
-1.1786787e+01 9.9276015e-07 1.1623993e-05 2.3928029e-05
-1.1771772e+01 9.2425699e-07 1.0899344e-05 2.2446348e-05
-1.1756757e+01 8.6034263e-07 1.0217308e-05 2.1046469e-05
-1.1741742e+01 8.0067958e-07 9.5752217e-06 1.9723770e-05
-1.1726727e+01 7.4493652e-07 8.9743950e-06 1.8495791e-05
-1.1711712e+01 6.9302316e-07 8.4085941e-06 1.7339766e-05
-1.1696697e+01 6.4455483e-07 7.8769425e-06 1.6247607e-05
-1.1681682e+01 5.9940721e-07 7.3758166e-06 1.5221255e-05
-1.1666667e+01 5.5730932e-07 6.9060951e-06 1.4259094e-05
-1.1651652e+01 5.1800621e-07 6.4644525e-06 1.3352564e-05
-1.1636637e+01 4.8137003e-07 6.0522017e-06 1.2500972e-05
-1.1621622e+01 4.4722080e-07 5.6622871e-06 1.1703427e-05
-1.1606607e+01 4.1536566e-07 5.2971465e-06 1.0953522e-05
-1.1591592e+01 3.8574734e-07 4.9529113e-06 1.0244848e-05
-1.1576577e+01 3.5819980e-07 4.6321077e-06 9.5804958e-06
-1.1561562e+01 3.3245552e-07 4.3304356e-06 8.9609789e-06
-1.1546547e+01 3.0855449e-07 4.0480970e-06 8.3803044e-06
-1.1531532e+01 2.8632711e-07 3.7832495e-06 7.8336871e-06
-1.1516517e+01 2.6562468e-07 3.5347544e-06 7.3226415e-06
-1.1501502e+01 2.4636629e-07 3.3025351e-06 6.8418931e-06
-1.1486486e+01 2.2844756e-07 3.0844106e-06 6.3935327e-06
-1.1471471e+01 2.1179051e-07 2.8800169e-06 5.9728658e-06
-1.1456456e+01 1.9630765e-07 2.6885931e-06 5.5770246e-06
-1.1441441e+01 1.8191826e-07 2.5094153e-06 5.2076439e-06
-1.1426426e+01 1.6854803e-07 2.3415194e-06 4.8631618e-06
-1.1411411e+01 1.5614023e-07 2.1841176e-06 4.5400884e-06
-1.1396396e+01 1.4462359e-07 2.0368665e-06 4.2369523e-06
-1.1381381e+01 1.3392790e-07 1.8996317e-06 3.9519902e-06
-1.1366366e+01 1.2398919e-07 1.7708443e-06 3.6869788e-06
-1.1351351e+01 1.1476855e-07 1.6507628e-06 3.4370412e-06
-1.1336336e+01 1.0621104e-07 1.5383420e-06 3.2055704e-06
-1.1321321e+01 9.8270706e-08 1.4333409e-06 2.9893367e-06
-1.1306306e+01 9.0878907e-08 1.3350658e-06 2.7852325e-06
-1.1291291e+01 8.4032753e-08 1.2431057e-06 2.5950719e-06
-1.1276276e+01 7.7695309e-08 1.1574893e-06 2.4166066e-06
-1.1261261e+01 7.1824343e-08 1.0774871e-06 2.2506419e-06
-1.1246246e+01 6.6383462e-08 1.0031584e-06 2.0960712e-06
-1.1231231e+01 6.1330128e-08 9.3356265e-07 1.9511826e-06
-1.1216216e+01 5.6652791e-08 8.6848092e-07 1.8164471e-06
-1.1201201e+01 5.2322931e-08 8.0795003e-07 1.6907197e-06
-1.1186186e+01 4.8315125e-08 7.5144433e-07 1.5728667e-06
-1.1171171e+01 4.4604236e-08 6.9865249e-07 1.4629217e-06
-1.1156156e+01 4.1165735e-08 6.4950497e-07 1.3608367e-06
-1.1141141e+01 3.7989553e-08 6.0370693e-07 1.2652794e-06
-1.1126126e+01 3.5052297e-08 5.6096952e-07 1.1763681e-06
-1.1111111e+01 3.2333869e-08 5.2115201e-07 1.0933370e-06
-1.1096096e+01 2.9819416e-08 4.8399362e-07 1.0157102e-06
-1.1081081e+01 2.7494672e-08 4.4944472e-07 9.4347285e-07
-1.1066066e+01 2.5346641e-08 4.1728150e-07 8.7626648e-07
-1.1051051e+01 2.3361745e-08 3.8724380e-07 8.1382694e-07
-1.1036036e+01 2.1527710e-08 3.5937988e-07 7.5542732e-07
-1.1021021e+01 1.9833443e-08 3.3351055e-07 7.0128723e-07
-1.1006006e+01 1.8268634e-08 3.0945740e-07 6.5092655e-07
-1.0990991e+01 1.6823844e-08 2.8700022e-07 6.0385176e-07
-1.0975976e+01 1.5489831e-08 2.6610294e-07 5.5999957e-07
-1.0960961e+01 1.4257321e-08 2.4672082e-07 5.1931538e-07
-1.0945946e+01 1.3120106e-08 2.2860736e-07 4.8145249e-07
-1.0930931e+01 1.2071615e-08 2.1185454e-07 4.4634757e-07
-1.0915916e+01 1.1105125e-08 1.9618096e-07 4.1383057e-07
-1.0900901e+01 1.0213901e-08 1.8172400e-07 3.8349819e-07
-1.0885886e+01 9.3914917e-09 1.6829747e-07 3.5531907e-07
-1.0870871e+01 8.6334295e-09 1.5582605e-07 3.2904709e-07
-1.0855856e+01 7.9346587e-09 1.4426986e-07 3.0477728e-07
-1.0840841e+01 7.2915031e-09 1.3353398e-07 2.8226232e-07
-1.0825826e+01 6.6991732e-09 1.2353537e-07 2.6136836e-07
-1.0810811e+01 6.1533801e-09 1.1426810e-07 2.4191293e-07
-1.0795796e+01 5.6506652e-09 1.0569595e-07 2.2391282e-07
-1.0780781e+01 5.1881378e-09 9.7733359e-08 2.0720794e-07
-1.0765766e+01 4.7618593e-09 9.0359003e-08 1.9163707e-07
-1.0750751e+01 4.3699537e-09 8.3510452e-08 1.7723853e-07
-1.0735736e+01 4.0097443e-09 7.7165934e-08 1.6387496e-07
-1.0720721e+01 3.6785302e-09 7.1286364e-08 1.5152718e-07
-1.0705706e+01 3.3737899e-09 6.5872206e-08 1.4003461e-07
-1.0690691e+01 3.0934877e-09 6.0829096e-08 1.2934187e-07
-1.0675676e+01 2.8360138e-09 5.6150255e-08 1.1949210e-07
-1.0660661e+01 2.5994983e-09 5.1812358e-08 1.1036761e-07
-1.0645646e+01 2.3820334e-09 4.7827291e-08 1.0187957e-07
-1.0630631e+01 2.1824067e-09 4.4141393e-08 9.4053617e-08
-1.0615616e+01 1.9989774e-09 4.0720021e-08 8.6827574e-08
-1.0600601e+01 1.8305130e-09 3.7561932e-08 8.0148871e-08
-1.0585586e+01 1.6759120e-09 3.4635802e-08 7.3963808e-08
-1.0570571e+01 1.5340435e-09 3.1937967e-08 6.8236159e-08
-1.0555556e+01 1.4038873e-09 2.9440696e-08 6.2916828e-08
-1.0540541e+01 1.2845167e-09 2.7127187e-08 5.8006587e-08
-1.0525526e+01 1.1750998e-09 2.5000084e-08 5.3473141e-08
-1.0510511e+01 1.0747855e-09 2.3028931e-08 4.9272875e-08
-1.0495495e+01 9.8280356e-10 2.1208563e-08 4.5409328e-08
-1.0480480e+01 8.9851897e-10 1.9525838e-08 4.1831504e-08
-1.0465465e+01 8.2128817e-10 1.7973086e-08 3.8526772e-08
-1.0450450e+01 7.5051216e-10 1.6541156e-08 3.5476632e-08
-1.0435435e+01 6.8567547e-10 1.5225474e-08 3.2658606e-08
-1.0420420e+01 6.2633558e-10 1.4010658e-08 3.0059075e-08
-1.0405405e+01 5.7200966e-10 1.2883767e-08 2.7658921e-08
-1.0390390e+01 5.2228487e-10 1.1845919e-08 2.5441929e-08
-1.0375375e+01 4.7678142e-10 1.0891415e-08 2.3400462e-08
-1.0360360e+01 4.3515001e-10 1.0012231e-08 2.1521213e-08
-1.0345345e+01 3.9707162e-10 9.2025276e-09 1.9790445e-08
-1.0330330e+01 3.6225204e-10 8.4571513e-09 1.8196930e-08
-1.0315315e+01 3.3041559e-10 7.7700093e-09 1.6726583e-08
-1.0300300e+01 3.0131305e-10 7.1360102e-09 1.5369742e-08
-1.0285285e+01 2.7470221e-10 6.5527574e-09 1.4118177e-08
-1.0270270e+01 2.5036468e-10 6.0144508e-09 1.2965318e-08
-1.0255255e+01 2.2817337e-10 5.5220698e-09 1.1907976e-08
-1.0240240e+01 2.0790474e-10 5.0678673e-09 1.0932444e-08
-1.0225225e+01 1.8939625e-10 4.6487523e-09 1.0035488e-08
-1.0210210e+01 1.7249874e-10 4.2640452e-09 9.2070726e-09
-1.0195195e+01 1.5707535e-10 3.9109835e-09 8.4474168e-09
-1.0180180e+01 1.4300027e-10 3.5859222e-09 7.7504562e-09
-1.0165165e+01 1.3015567e-10 3.2871192e-09 7.1091922e-09
-1.0150150e+01 1.1843963e-10 3.0120366e-09 6.5189329e-09
-1.0135135e+01 1.0773692e-10 2.7604100e-09 5.9772151e-09
-1.0120120e+01 9.7985781e-11 2.5292317e-09 5.4781109e-09
-1.0105105e+01 8.9109943e-11 2.3167889e-09 5.0195152e-09
-1.0090090e+01 8.1020865e-11 2.1215944e-09 4.5986755e-09
-1.0075075e+01 7.3650414e-11 1.9425902e-09 4.2125665e-09
-1.0060060e+01 6.6936209e-11 1.7779789e-09 3.8578898e-09
-1.0045045e+01 6.0821151e-11 1.6272638e-09 3.5327728e-09
-1.0030030e+01 5.5252987e-11 1.4888292e-09 3.2340733e-09
-1.0015015e+01 5.0183908e-11 1.3620658e-09 2.9601706e-09
-1.0000000e+01 4.5570186e-11 1.2459329e-09 2.7090887e-09
