X KDE_INF KDE_MED KDE_SUP
5.0000000e+00 4.8190520e-228 1.3000328e-199 1.3316525e-196
5.0240240e+00 3.0826519e-227 7.3757581e-199 7.4593051e-196
5.0480480e+00 1.9664596e-226 4.1662348e-198 4.1619647e-195
5.0720721e+00 1.2501906e-225 2.3455827e-197 2.3127842e-194
5.0960961e+00 7.9154288e-225 1.3165443e-196 1.2816350e-193
5.1201201e+00 4.9938501e-224 7.3631480e-196 7.0807683e-193
5.1441441e+00 3.1402216e-223 4.1044535e-195 3.8981985e-192
5.1681682e+00 1.9681076e-222 2.2815569e-194 2.1391634e-191
5.1921922e+00 1.2294224e-221 1.2644785e-193 1.1701909e-190
5.2162162e+00 7.6545057e-221 6.9866718e-193 6.3793775e-190
5.2402402e+00 4.7500362e-220 3.8459758e-192 3.4639881e-189
5.2642643e+00 2.9379231e-219 2.1094898e-191 1.8747004e-188
5.2882883e+00 1.8111219e-218 1.1531735e-190 1.0114908e-187
5.3123123e+00 1.1128040e-217 6.2823315e-190 5.4395554e-187
5.3363363e+00 6.8148046e-217 3.4136503e-189 2.9161965e-186
5.3603604e+00 4.1596031e-216 1.8480265e-188 1.5594128e-185
5.3843844e+00 2.5305453e-215 9.9706814e-188 8.2994791e-185
5.4084084e+00 1.5344053e-214 5.3628227e-187 4.4022950e-184
5.4324324e+00 9.2770723e-214 2.8750186e-186 2.3274009e-183
5.4564565e+00 5.5897083e-213 1.5351827e-185 1.2263854e-182
5.4804805e+00 3.3558750e-212 8.1710870e-185 6.4435208e-182
5.5045045e+00 2.0081038e-211 4.3343258e-184 3.3734100e-181
5.5285285e+00 1.1976509e-210 2.2915377e-183 1.7606148e-180
5.5525526e+00 7.1193135e-210 1.2075252e-182 9.1553369e-180
5.5765766e+00 4.2180305e-209 6.3422368e-182 4.7484247e-179
5.6006006e+00 2.4908356e-208 3.3206882e-181 2.4553958e-178
5.6246246e+00 1.4660343e-207 1.7337374e-180 1.2658230e-177
5.6486486e+00 8.6001687e-207 9.0221166e-180 6.4972962e-177
5.6726727e+00 5.0316244e-206 4.6797819e-179 3.3276858e-176
5.6966967e+00 2.9373049e-205 2.4192318e-178 1.6999510e-175
5.7207207e+00 1.7090464e-204 1.2465029e-177 8.6437920e-175
5.7447447e+00 9.9111179e-204 6.3997161e-177 4.3784056e-174
5.7687688e+00 5.7267039e-203 3.2734063e-176 2.2114873e-173
5.7927928e+00 3.2933971e-202 1.6699339e-175 1.1149153e-172
5.8168168e+00 1.8877619e-201 8.4903519e-175 5.6022578e-172
5.8408408e+00 1.0784849e-200 4.3021563e-174 2.8057166e-171
5.8648649e+00 6.1410788e-200 2.1731299e-173 1.3991896e-170
5.8888889e+00 3.4852907e-199 1.0940485e-172 6.9473544e-170
5.9129129e+00 1.9715014e-198 5.4859949e-172 3.4377279e-169
5.9369369e+00 1.1115242e-197 2.7418139e-171 1.6954590e-168
5.9609610e+00 6.2460361e-197 1.3657911e-170 8.3407699e-168
5.9849850e+00 3.4982739e-196 6.7810092e-170 4.0917035e-167
6.0090090e+00 1.9528409e-195 3.3555841e-169 2.0011981e-166
6.0330330e+00 1.0865348e-194 1.6564167e-168 9.7515015e-166
6.0570571e+00 6.0253766e-194 8.1506231e-168 4.7342951e-165
6.0810811e+00 3.3303393e-193 3.9939327e-167 2.2923021e-164
6.1051051e+00 1.8346639e-192 1.9526482e-166 1.1062659e-163
6.1291291e+00 1.0073683e-191 9.5079711e-166 5.3212171e-163
6.1531532e+00 5.5129466e-191 4.6144609e-165 2.5502785e-162
6.1771772e+00 3.0082858e-190 2.2328158e-164 1.2178648e-161
6.2012012e+00 1.6361718e-189 1.0764429e-163 5.7952700e-161
6.2252252e+00 8.8695765e-189 5.1741345e-163 2.7469816e-160
6.2492492e+00 4.8005712e-188 2.4784052e-162 1.2990170e-159
6.2732733e+00 2.5899817e-187 1.1828010e-161 6.1197313e-159
6.2972973e+00 1.3927227e-186 5.6327836e-161 2.8753429e-158
6.3213213e+00 7.4644320e-186 2.6700446e-160 1.3452306e-157
6.3453453e+00 3.9874299e-185 1.2619374e-159 6.2783458e-157
6.3693694e+00 2.1189612e-184 5.9467732e-159 2.9222516e-156
6.3933934e+00 1.1218759e-183 2.7922264e-158 1.3550249e-155
6.4174174e+00 5.9201179e-183 1.3061697e-157 6.2599747e-155
6.4414414e+00 3.1137207e-182 6.0899308e-157 2.8841468e-154
6.4654655e+00 1.6322726e-181 2.8300737e-156 1.3229493e-153
6.4894895e+00 8.5284372e-181 1.3117825e-155 6.0465119e-153
6.5135135e+00 4.4412986e-180 6.0602408e-155 2.7544212e-152
6.5375375e+00 2.3052299e-179 2.7892836e-154 1.2511768e-151
6.5615616e+00 1.1925655e-178 1.2791527e-153 5.6709177e-151
6.5855856e+00 6.1491344e-178 5.8528892e-153 2.5613397e-150
6.6096096e+00 3.1601629e-177 2.6680815e-152 1.1520522e-149
6.6336336e+00 1.6187087e-176 1.2123619e-151 5.1760379e-149
6.6576577e+00 8.2640261e-176 5.4876190e-151 2.3129518e-148
6.6816817e+00 4.2051200e-175 2.4771251e-150 1.0300101e-147
6.7057057e+00 2.1326955e-174 1.1146533e-149 4.5774730e-147
6.7297297e+00 1.0780603e-173 5.0023543e-149 2.0261627e-146
6.7537538e+00 5.4334719e-173 2.2366803e-148 8.9380591e-146
6.7777778e+00 2.7296957e-172 9.9639936e-148 3.9290659e-145
6.8018018e+00 1.3668324e-171 4.4241207e-147 1.7218644e-144
6.8258258e+00 6.8215096e-171 1.9572097e-146 7.5160033e-144
6.8498498e+00 3.3939026e-170 8.6330216e-146 3.2718014e-143
6.8738739e+00 1.6859208e-169 3.7964846e-145 1.4191481e-142
6.8978979e+00 8.3299512e-169 1.6635659e-144 6.1431342e-142
6.9219219e+00 4.1007380e-168 7.2685035e-144 2.6471750e-141
6.9459459e+00 2.0120804e-167 3.1655304e-143 1.1375500e-140
6.9699700e+00 9.8399381e-167 1.3744961e-142 4.8736059e-140
6.9939940e+00 4.7962649e-166 5.9481885e-142 2.0808510e-139
7.0180180e+00 2.3301168e-165 2.5650077e-141 8.8577011e-139
7.0420420e+00 1.1282776e-164 1.1012277e-140 3.7564056e-138
7.0660661e+00 5.4452519e-164 4.7124499e-140 1.5882907e-137
7.0900901e+00 2.6192909e-163 2.0134323e-139 6.6860463e-137
7.1141141e+00 1.2557791e-162 8.5742601e-139 2.8065719e-136
7.1381381e+00 6.0007631e-162 3.6319039e-138 1.1733915e-135
7.1621622e+00 2.8580082e-161 1.5333286e-137 4.8972763e-135
7.1861862e+00 1.3567012e-160 6.4520816e-137 2.0346041e-134
7.2102102e+00 6.4190191e-160 2.7060026e-136 8.4316465e-134
7.2342342e+00 3.0270311e-159 1.1315220e-135 3.4779498e-133
7.2582583e+00 1.4227508e-158 4.7159766e-135 1.4315162e-132
7.2822823e+00 6.6650673e-158 1.9601916e-134 5.8672420e-132
7.3063063e+00 3.1120315e-157 8.1160152e-134 2.3990639e-131
7.3303303e+00 1.4482621e-156 3.3515400e-133 9.7752575e-131
7.3543544e+00 6.7175993e-156 1.3790824e-132 3.9714544e-130
7.3783784e+00 3.1055946e-155 5.6571895e-132 1.6076760e-129
7.4024024e+00 1.4309985e-154 2.3126861e-131 6.4887637e-129
7.4264264e+00 6.5719966e-154 9.4265907e-131 2.6096036e-128
7.4504505e+00 3.0086438e-153 3.8304423e-130 1.0461712e-127
7.4744745e+00 1.3729696e-152 1.5505630e-129 4.1748076e-127
7.4984985e+00 6.2463514e-152 6.2508827e-129 1.6611171e-126
7.5225225e+00 2.8345969e-151 2.5123812e-128 6.5859643e-126
7.5465465e+00 1.2809625e-150 1.0071769e-127 2.6055350e-125
7.5705706e+00 5.7688617e-150 4.0239517e-127 1.0264726e-124
7.5945946e+00 2.5920862e-149 1.6021702e-126 4.0304317e-124
7.6186186e+00 1.1610665e-148 6.3574105e-126 1.5767582e-123
7.6426426e+00 5.1825372e-148 2.5171455e-125 6.1481201e-123
7.6666667e+00 2.3058029e-147 9.9280387e-125 2.3909057e-122
7.6906907e+00 1.0226843e-146 3.9014114e-124 9.2695149e-122
7.7147147e+00 4.5208983e-146 1.5275744e-123 3.5818408e-121
7.7387387e+00 1.9902984e-145 5.9568001e-123 1.3790398e-120
7.7627628e+00 8.7290012e-145 2.3181997e-122 5.2964567e-120
7.7867868e+00 3.8157050e-144 8.9836031e-122 2.0256824e-119
7.8108108e+00 1.6639856e-143 3.4688755e-121 7.7289520e-119
7.8348348e+00 7.2352764e-143 1.3359922e-120 2.9350443e-118
7.8588589e+00 3.1349449e-142 5.1287783e-120 1.1118276e-117
7.8828829e+00 1.3541192e-141 1.9606649e-119 4.1985482e-117
7.9069069e+00 5.8291520e-141 7.4769490e-119 1.5819327e-116
7.9309309e+00 2.5006743e-140 2.8415012e-118 5.9377785e-116
7.9549550e+00 1.0692340e-139 1.0759407e-117 2.2177762e-115
7.9789790e+00 4.5567196e-139 4.0606556e-117 8.2620446e-115
8.0030030e+00 1.9356767e-138 1.5280351e-116 3.0672866e-114
8.0270270e+00 8.1996338e-138 5.7357712e-116 1.1348010e-113
8.0510511e+00 3.4595433e-137 2.1452150e-115 4.1864916e-113
8.0750751e+00 1.4556236e-136 7.9883291e-115 1.5401907e-112
8.0990991e+00 6.1049721e-136 2.9668188e-114 5.6489280e-112
8.1231231e+00 2.5506101e-135 1.0985894e-113 2.0641128e-111
8.1471471e+00 1.0621072e-134 4.0532878e-113 7.5140005e-111
8.1711712e+00 4.4081515e-134 1.4896037e-112 2.7255220e-110
8.1951952e+00 1.8235117e-133 5.4566034e-112 9.8488965e-110
8.2192192e+00 7.5094594e-133 1.9934027e-111 3.5486046e-109
8.2432432e+00 3.0833184e-132 7.2643775e-111 1.2738135e-108
8.2672673e+00 1.2618123e-131 2.6357096e-110 4.5620790e-108
8.2912913e+00 5.1467785e-131 9.5285523e-110 1.6279300e-107
8.3153153e+00 2.0958838e-130 3.4367870e-109 5.7976414e-107
8.3393393e+00 8.5083630e-130 1.2338162e-108 2.0565917e-106
8.3633634e+00 3.4343697e-129 4.4181849e-108 7.2672020e-106
8.3873874e+00 1.3820153e-128 1.5775879e-107 2.5582238e-105
8.4114114e+00 5.5439862e-128 5.6106896e-107 8.9810721e-105
8.4354354e+00 2.2171461e-127 1.9877071e-106 3.1424931e-104
8.4594595e+00 8.8317945e-127 7.0236753e-106 1.0969037e-103
8.4834835e+00 3.5064476e-126 2.4739930e-105 3.8140189e-103
8.5075075e+00 1.3882813e-125 8.6925969e-105 1.3212577e-102
8.5315315e+00 5.4754877e-125 3.0428296e-104 4.5628599e-102
8.5555556e+00 2.1524441e-124 1.0602966e-103 1.5714823e-101
8.5795796e+00 8.4334386e-124 3.6865023e-103 5.3894269e-101
8.6036036e+00 3.2934834e-123 1.2766635e-102 1.8456822e-100
8.6276276e+00 1.2834469e-122 4.4049149e-102 6.2926706e-100
8.6516517e+00 4.9850315e-122 1.5147481e-101 2.1384156e-99
8.6756757e+00 1.9274943e-121 5.1916695e-101 7.2476553e-99
8.6996997e+00 7.4281732e-121 1.7743398e-100 2.4437330e-98
8.7237237e+00 2.8537020e-120 6.0419144e-100 8.2138019e-98
8.7477477e+00 1.0937075e-119 2.0518061e-99 2.7529492e-97
8.7717718e+00 4.1828077e-119 6.9443694e-99 9.1979423e-97
8.7957958e+00 1.5919796e-118 2.3432509e-98 3.0672006e-96
8.8198198e+00 6.0344893e-118 7.8808780e-98 1.0175865e-95
8.8438438e+00 2.2804302e-117 2.6395212e-97 3.3660589e-95
8.8678679e+00 8.5894771e-117 8.8121160e-97 1.1100891e-94
8.8918919e+00 3.2257177e-116 2.9344638e-96 3.6448178e-94
8.9159159e+00 1.2087109e-115 9.7483416e-96 1.1938374e-93
8.9399399e+00 4.5140884e-115 3.2269178e-95 3.8961174e-93
8.9639640e+00 1.6799125e-114 1.0630989e-94 1.2685454e-92
8.9879880e+00 6.2279491e-114 3.4972579e-94 4.1175270e-92
9.0120120e+00 2.2997039e-113 1.1475336e-93 1.3311297e-91
9.0360360e+00 8.4654102e-113 3.7505375e-93 4.2907990e-91
9.0600601e+00 3.1058439e-112 1.2191620e-92 1.3786217e-90
9.0840841e+00 1.1352066e-111 3.9552246e-92 4.4098588e-90
9.1081081e+00 4.1379794e-111 1.2803890e-91 1.4073239e-89
9.1321321e+00 1.5024860e-110 4.1268901e-91 4.4770053e-89
9.1561562e+00 5.4374624e-110 1.3238538e-90 1.4193451e-88
9.1801802e+00 1.9613082e-109 4.2377298e-90 4.4806046e-88
9.2042042e+00 7.0546252e-109 1.3510961e-89 1.4089913e-87
9.2282282e+00 2.5322696e-108 4.2967135e-89 4.4166656e-87
9.2522523e+00 9.0528554e-108 1.3615535e-88 1.3809016e-86
9.2762763e+00 3.2273347e-107 4.3006008e-88 4.3037575e-86
9.3003003e+00 1.1467437e-106 1.3528051e-87 1.3362671e-85
9.3243243e+00 4.0611837e-106 4.2477365e-87 4.1357836e-85
9.3483483e+00 1.4331023e-105 1.3277737e-86 1.2754383e-84
9.3723724e+00 5.0341538e-105 4.1352596e-86 3.9254112e-84
9.3963964e+00 1.7625421e-104 1.2844229e-85 1.2036984e-83
9.4204204e+00 6.1505826e-104 3.9731068e-85 3.6841506e-83
9.4444444e+00 2.1392264e-103 1.2249002e-84 1.1235127e-82
9.4684685e+00 7.4158511e-103 3.7643880e-84 3.4100226e-82
9.4924925e+00 2.5622942e-102 1.1553675e-83 1.0315142e-81
9.5165165e+00 8.8239028e-102 3.5299879e-83 3.1074027e-81
9.5405405e+00 3.0286995e-101 1.0750772e-82 9.3393160e-81
9.5645646e+00 1.0361327e-100 3.2623697e-82 2.7984183e-80
9.5885886e+00 3.5329570e-100 9.8625238e-82 8.3559026e-80
9.6126126e+00 1.2009917e-99 2.9724978e-81 2.4853617e-79
9.6366366e+00 4.0693014e-99 8.9313061e-81 7.3742183e-79
9.6606607e+00 1.3742435e-98 2.6727039e-80 2.1779363e-78
9.6846847e+00 4.6256360e-98 7.9717833e-80 6.4201177e-78
9.7087087e+00 1.5535558e-97 2.3702362e-79 1.8835368e-77
9.7327327e+00 5.2019422e-97 7.0372576e-79 5.5066638e-77
9.7567568e+00 1.7367289e-96 2.0812100e-78 1.6045999e-76
9.7807808e+00 5.7791288e-96 6.1366667e-78 4.6683210e-76
9.8048048e+00 1.9173223e-95 1.8039326e-77 1.3521140e-75
9.8288288e+00 6.3337068e-95 5.2831630e-77 3.9085028e-75
9.8528529e+00 2.0857808e-94 1.5426480e-76 1.1248962e-74
9.8768769e+00 6.8470739e-94 4.4859594e-76 3.2292920e-74
9.9009009e+00 2.2370305e-93 1.3008039e-75 9.2271685e-74
9.9249249e+00 7.2865443e-93 3.7574999e-75 2.6293706e-73
9.9489489e+00 2.3674319e-92 1.0816671e-74 7.4694389e-73
9.9729730e+00 7.6716934e-92 3.1039880e-74 2.1137215e-72
9.9969970e+00 2.4767812e-91 8.8733177e-74 5.9668080e-72
1.0021021e+01 7.9633629e-91 2.5304106e-73 1.6778455e-71
1.0045045e+01 2.5497869e-90 7.1826167e-73 4.6991465e-71
1.0069069e+01 8.1372003e-90 2.0355035e-72 1.3138406e-70
1.0093093e+01 2.5882718e-89 5.7529764e-72 3.6616772e-70
1.0117117e+01 8.2055655e-89 1.6173090e-71 1.0169478e-69
1.0141141e+01 2.5936221e-88 4.5337910e-71 2.8134994e-69
1.0165165e+01 8.1724238e-88 1.2656175e-70 7.7594043e-69
1.0189189e+01 2.5692933e-87 3.5274738e-70 2.1317441e-68
1.0213213e+01 8.0496033e-87 9.7911123e-70 5.8334524e-68
1.0237237e+01 2.5100747e-86 2.7091935e-69 1.5917697e-67
1.0261261e+01 7.8012206e-86 7.4632960e-69 4.3302982e-67
1.0285285e+01 2.4172875e-85 2.0497202e-68 1.1734595e-66
1.0309309e+01 7.4765435e-85 5.6151379e-68 3.1730252e-66
1.0333333e+01 2.3010850e-84 1.5322487e-67 8.5518881e-66
1.0357357e+01 7.0655704e-84 4.1710106e-67 2.2951077e-65
1.0381381e+01 2.1636372e-83 1.1314579e-66 6.1467621e-65
1.0405405e+01 6.6036740e-83 3.0615635e-66 1.6394742e-64
1.0429429e+01 2.0088652e-82 8.2497562e-66 4.3672261e-64
1.0453453e+01 6.0910228e-82 2.2175518e-65 1.1573326e-63
1.0477477e+01 1.8393727e-81 5.9414222e-65 3.0549500e-63
1.0501502e+01 5.5334529e-81 1.5871395e-64 8.0425689e-63
1.0525526e+01 1.6593178e-80 4.2234841e-64 2.1126798e-62
1.0549550e+01 4.9724029e-80 1.1215065e-63 5.5195294e-62
1.0573574e+01 1.4852259e-79 2.9648557e-63 1.4381617e-61
1.0597598e+01 4.4216309e-79 7.8051962e-63 3.7368840e-61
1.0621622e+01 1.3091313e-78 2.0499821e-62 9.6767867e-61
1.0645646e+01 3.8587655e-78 5.3633905e-62 2.4993591e-60
1.0669670e+01 1.1336456e-77 1.3994805e-61 6.4284200e-60
1.0693694e+01 3.3194794e-77 3.6353778e-61 1.6496257e-59
1.0717718e+01 9.6878275e-77 9.4159390e-61 4.2183133e-59
1.0741742e+01 2.8180361e-76 2.4313978e-60 1.0751984e-58
1.0765766e+01 8.1701580e-76 6.2646727e-60 2.7278379e-58
1.0789790e+01 2.3609028e-75 1.6082669e-59 6.9071901e-58
1.0813814e+01 6.7996959e-75 4.1069068e-59 1.7426500e-57
1.0837838e+01 1.9522101e-74 1.0455838e-58 4.3804930e-57
1.0861862e+01 5.5896615e-74 2.6520542e-58 1.0980273e-56
1.0885886e+01 1.5940989e-73 6.7079213e-58 2.7431322e-56
1.0909910e+01 4.5427016e-73 1.6926618e-57 6.8316288e-56
1.0933934e+01 1.2906518e-72 4.2625713e-57 1.6968173e-55
1.0957958e+01 3.6470549e-72 1.0677919e-56 4.1972178e-55
1.0981982e+01 1.0263365e-71 2.6667485e-56 1.0343869e-54
1.1006006e+01 2.8787306e-71 6.6387026e-56 2.5437794e-54
1.1030030e+01 8.0477784e-71 1.6464417e-55 6.2201942e-54
1.1054054e+01 2.2425783e-70 4.0730610e-55 1.5170272e-53
1.1078078e+01 6.2302396e-70 1.0030013e-54 3.6877675e-53
1.1102102e+01 1.7251463e-69 2.4644552e-54 8.9541048e-53
1.1126126e+01 4.7611420e-69 6.0328138e-54 2.1650250e-52
1.1150150e+01 1.3116150e-68 1.4710027e-53 5.2161591e-52
1.1174174e+01 3.6012792e-68 3.5746378e-53 1.2521649e-51
1.1198198e+01 9.8371910e-68 8.6689483e-53 2.9966799e-51
1.1222222e+01 2.6782379e-67 2.0918597e-52 7.1425696e-51
1.1246246e+01 7.2697839e-67 5.0311836e-52 1.6980565e-50
1.1270270e+01 1.9689585e-66 1.2090751e-51 4.0216331e-50
1.1294294e+01 5.3239743e-66 2.8923085e-51 9.4938271e-50
1.1318318e+01 1.4348280e-65 6.8920931e-51 2.2366450e-49
1.1342342e+01 3.8500944e-65 1.6370837e-50 5.2505456e-49
1.1366366e+01 1.0275844e-64 3.8748080e-50 1.2274338e-48
1.1390390e+01 2.7335521e-64 9.1514897e-50 2.8635135e-48
1.1414414e+01 7.2496304e-64 2.1518900e-49 6.6411674e-48
1.1438438e+01 1.9165280e-63 5.0427460e-49 1.5360082e-47
1.1462462e+01 5.0498510e-63 1.1787297e-48 3.5467447e-47
1.1486486e+01 1.3261908e-62 2.7454682e-48 8.1657417e-47
1.1510511e+01 3.4723083e-62 6.3702520e-48 1.8721150e-46
1.1534535e+01 9.0666966e-62 1.4739005e-47 4.2831873e-46
1.1558559e+01 2.3566983e-61 3.3997939e-47 9.7502929e-46
1.1582583e+01 6.1118154e-61 7.8082673e-47 2.2129243e-45
1.1606607e+01 1.5787388e-60 1.7875779e-46 5.0056146e-45
1.1630631e+01 4.0630426e-60 4.0866663e-46 1.1281200e-44
1.1654655e+01 1.0438993e-59 9.3165361e-46 2.5341236e-44
1.1678679e+01 2.6707389e-59 2.1151275e-45 5.6694261e-44
1.1702703e+01 6.8221227e-59 4.7795629e-45 1.2664687e-43
1.1726727e+01 1.7384457e-58 1.0778055e-44 2.8139516e-43
1.1750751e+01 4.4057243e-58 2.4221220e-44 6.2444454e-43
1.1774775e+01 1.1144282e-57 5.4207735e-44 1.3797492e-42
1.1798799e+01 2.8023380e-57 1.2099811e-43 3.0412414e-42
1.1822823e+01 7.0262464e-57 2.6918413e-43 6.6752600e-42
1.1846847e+01 1.7571758e-56 5.9709954e-43 1.4609083e-41
1.1870871e+01 4.3782130e-56 1.3179048e-42 3.1876788e-41
1.1894895e+01 1.0878418e-55 2.9016255e-42 6.9310338e-41
1.1918919e+01 2.6911727e-55 6.3634594e-42 1.5036354e-40
1.1942943e+01 6.6384275e-55 1.3922462e-41 3.2433657e-40
1.1966967e+01 1.6323373e-54 3.0336330e-41 6.9877277e-40
1.1990991e+01 4.0059977e-54 6.5981634e-41 1.4982024e-39
1.2015015e+01 9.7956282e-54 1.4283595e-40 3.2038968e-39
1.2039039e+01 2.3841326e-53 3.0869625e-40 6.8283429e-39
1.2063063e+01 5.7941431e-53 6.6503918e-40 1.4498567e-38
1.2087087e+01 1.4028891e-52 1.4264750e-39 3.0720191e-38
1.2111111e+01 3.3870236e-52 3.0477529e-39 6.4887109e-38
1.2135135e+01 8.1601007e-52 6.4934631e-39 1.3640151e-37
1.2159159e+01 1.9576052e-51 1.3786132e-38 2.8606335e-37
1.2183183e+01 4.6762488e-51 2.9162275e-38 5.9746651e-37
1.2207207e+01 1.1121035e-50 6.1447095e-38 1.2446113e-36
1.2231231e+01 2.6378902e-50 1.2925617e-37 2.5829535e-36
1.2255255e+01 6.2302879e-50 2.7093771e-37 5.3492441e-36
1.2279279e+01 1.4662523e-49 5.6544887e-37 1.1019565e-35
1.2303303e+01 3.4400537e-49 1.1783577e-36 2.2630250e-35
1.2327327e+01 8.0589098e-49 2.4441549e-36 4.6346464e-35
1.2351351e+01 1.8821322e-48 5.0544170e-36 9.4606993e-35
1.2375375e+01 4.3760199e-48 1.0417925e-35 1.9239328e-34
1.2399399e+01 1.0138163e-47 2.1414983e-35 3.9010202e-34
1.2423423e+01 2.3404380e-47 4.3842604e-35 7.8817685e-34
1.2447447e+01 5.3920116e-47 8.9547733e-35 1.5858930e-33
1.2471471e+01 1.2368607e-46 1.8233144e-34 3.1865592e-33
1.2495495e+01 2.8284780e-46 3.6972903e-34 6.3773411e-33
1.2519520e+01 6.4419785e-46 7.4738748e-34 1.2715839e-32
1.2543544e+01 1.4642801e-45 1.5051402e-33 2.5280234e-32
1.2567568e+01 3.3211065e-45 3.0192590e-33 5.0120059e-32
1.2591592e+01 7.5096221e-45 6.0393521e-33 9.9030164e-32
1.2615616e+01 1.6916134e-44 1.2036019e-32 1.9480405e-31
1.2639640e+01 3.8013603e-44 2.3914452e-32 3.8224221e-31
1.2663664e+01 8.5026624e-44 4.7320324e-32 7.4681431e-31
1.2687688e+01 1.8968472e-43 9.3459544e-32 1.4568574e-30
1.2711712e+01 4.2160043e-43 1.8408167e-31 2.8316402e-30
1.2735736e+01 9.3312731e-43 3.6156443e-31 5.4880940e-30
1.2759760e+01 2.0561496e-42 7.0615080e-31 1.0584507e-29
1.2783784e+01 4.5206135e-42 1.3751680e-30 2.0351350e-29
1.2807808e+01 9.9048528e-42 2.6701483e-30 3.9013104e-29
1.2831832e+01 2.1627352e-41 5.1685220e-30 7.4536852e-29
1.2855856e+01 4.7007307e-41 9.9843135e-30 1.4194800e-28
1.2879880e+01 1.0186602e-40 1.9196417e-29 2.6960319e-28
1.2903904e+01 2.2069287e-40 3.6765838e-29 5.1044132e-28
1.2927928e+01 4.7516735e-40 7.0261556e-29 9.6373442e-28
1.2951952e+01 1.0238485e-39 1.3375956e-28 1.8123207e-27
1.2975976e+01 2.1897380e-39 2.5389480e-28 3.3926448e-27
1.3000000e+01 4.6765812e-39 4.8002844e-28 6.3389837e-27
1.3024024e+01 9.9564922e-39 9.0409696e-28 1.1785406e-26
1.3048048e+01 2.1090346e-38 1.6983578e-27 2.1841708e-26
1.3072072e+01 4.4520248e-38 3.1813084e-27 4.0408269e-26
1.3096096e+01 9.3809557e-38 5.9321139e-27 7.4414199e-26
1.3120120e+01 1.9695526e-37 1.1022730e-26 1.3662514e-25
1.3144144e+01 4.1139382e-37 2.0405291e-26 2.5012489e-25
1.3168168e+01 8.5646906e-37 3.7707778e-26 4.5653767e-25
1.3192192e+01 1.7809466e-36 6.9380837e-26 8.2964999e-25
1.3216216e+01 3.6884395e-36 1.2747384e-25 1.5040594e-24
1.3240240e+01 7.6145287e-36 2.3310117e-25 2.7186941e-24
1.3264264e+01 1.5648146e-35 4.2525127e-25 4.8940455e-24
1.3288288e+01 3.2117437e-35 7.7322158e-25 8.7803909e-24
1.3312312e+01 6.5598927e-35 1.4007240e-24 1.5697163e-23
1.3336336e+01 1.3351614e-34 2.5285785e-24 2.7977720e-23
1.3360360e+01 2.7096863e-34 4.5469670e-24 4.9743843e-23
1.3384384e+01 5.4783070e-34 8.1516122e-24 8.8077872e-23
1.3408408e+01 1.1046101e-33 1.4564172e-23 1.5551842e-22
1.3432432e+01 2.2212344e-33 2.5922284e-23 2.7354967e-22
1.3456456e+01 4.4450607e-33 4.5998842e-23 4.7922077e-22
1.3480480e+01 8.8779611e-33 8.1385118e-23 8.3645612e-22
1.3504505e+01 1.7667900e-32 1.4364110e-22 1.4569904e-21
1.3528529e+01 3.5017094e-32 2.5241104e-22 2.5277055e-21
1.3552553e+01 6.9138559e-32 4.4205789e-22 4.3783068e-21
1.3576577e+01 1.3638528e-31 7.7273140e-22 7.5505393e-21
1.3600601e+01 2.6804460e-31 1.3451937e-21 1.2994275e-20
1.3624625e+01 5.2463306e-31 2.3339069e-21 2.2268041e-20
1.3648649e+01 1.0243115e-30 4.0346613e-21 3.8081766e-20
1.3672673e+01 1.9897474e-30 6.9577665e-21 6.4767862e-20
1.3696697e+01 3.8582928e-30 1.1953030e-20 1.0985295e-19
1.3720721e+01 7.4607184e-30 2.0467312e-20 1.8581768e-19
1.3744745e+01 1.4345102e-29 3.4909165e-20 3.1327163e-19
1.3768769e+01 2.7499888e-29 5.9350301e-20 5.2668623e-19
1.3792793e+01 5.2526774e-29 1.0053315e-19 8.8183829e-19
1.3816817e+01 9.9998683e-29 1.6980915e-19 1.4717612e-18
1.3840841e+01 1.9022451e-28 2.8619168e-19 2.4468015e-18
1.3864865e+01 3.6053465e-28 4.8059318e-19 4.0594897e-18
1.3888889e+01 6.8010538e-28 8.0442646e-19 6.7132813e-18
1.3912913e+01 1.2815921e-27 1.3418050e-18 1.1072979e-17
1.3936937e+01 2.4010511e-27 2.2328220e-18 1.8158849e-17
1.3960961e+01 4.4948400e-27 3.7023179e-18 2.9697709e-17
1.3984985e+01 8.3845658e-27 6.1139732e-18 4.8418540e-17
1.4009009e+01 1.5563062e-26 1.0065649e-17 7.8698275e-17
1.4033033e+01 2.8785473e-26 1.6501727e-17 1.2749892e-16
1.4057057e+01 5.3077226e-26 2.6953033e-17 2.0578978e-16
1.4081081e+01 9.7428103e-26 4.3924225e-17 3.3108074e-16
1.4105105e+01 1.7827538e-25 7.1285412e-17 5.3058115e-16
1.4129129e+01 3.2508902e-25 1.1532734e-16 8.4843109e-16
1.4153153e+01 5.9273481e-25 1.8597684e-16 1.3528762e-15
1.4177177e+01 1.0737980e-24 2.9901449e-16 2.1479824e-15
1.4201201e+01 1.9407451e-24 4.7857990e-16 3.4025842e-15
1.4225225e+01 3.4936080e-24 7.6406669e-16 5.3699180e-15
1.4249249e+01 6.2694162e-24 1.2162847e-15 8.4375046e-15
1.4273273e+01 1.1211572e-23 1.9317015e-15 1.3241519e-14
1.4297297e+01 1.9993406e-23 3.0565846e-15 2.0673060e-14
1.4321321e+01 3.5542685e-23 4.8158085e-15 3.2189544e-14
1.4345345e+01 6.2908108e-23 7.5666600e-15 4.9939800e-14
1.4369369e+01 1.1107912e-22 1.1843478e-14 7.7223080e-14
1.4393393e+01 1.9552196e-22 1.8477177e-14 1.1914366e-13
1.4417417e+01 3.4263839e-22 2.8723449e-14 1.8316306e-13
1.4441441e+01 5.9909845e-22 4.4502927e-14 2.8068397e-13
1.4465465e+01 1.0440372e-21 6.8822121e-14 4.2801382e-13
1.4489489e+01 1.8143260e-21 1.0591499e-13 6.5069935e-13
1.4513514e+01 3.1379734e-21 1.6255119e-13 9.8669256e-13
1.4537538e+01 5.4181179e-21 2.4877886e-13 1.4896517e-12
1.4561562e+01 9.3376682e-21 3.7911830e-13 2.2419453e-12
1.4585586e+01 1.6002164e-20 5.7613280e-13 3.3673996e-12
1.4609610e+01 2.7381650e-20 8.7150835e-13 5.0367413e-12
1.4633634e+01 4.6640572e-20 1.3153573e-12 7.5131328e-12
1.4657658e+01 7.9203967e-20 1.9776578e-12 1.1170309e-11
1.4681682e+01 1.3389666e-19 2.9616438e-12 1.6529924e-11
1.4705706e+01 2.2587455e-19 4.4225801e-12 2.4418741e-11
1.4729730e+01 3.7980075e-19 6.5810526e-12 3.5917112e-11
1.4753754e+01 6.3538468e-19 9.7648528e-12 5.2685314e-11
1.4777778e+01 1.0594523e-18 1.4453455e-11 7.6986007e-11
1.4801802e+01 1.7627837e-18 2.1298045e-11 1.1216041e-10
1.4825826e+01 2.9216771e-18 3.1325291e-11 1.6289858e-10
1.4849850e+01 4.8394076e-18 4.5885373e-11 2.3580906e-10
1.4873874e+01 7.9887862e-18 6.7021989e-11 3.4024887e-10
1.4897898e+01 1.3123168e-17 9.7716321e-11 4.8907221e-10
1.4921922e+01 2.1508792e-17 1.4186974e-10 7.0160710e-10
1.4945946e+01 3.5051767e-17 2.0503010e-10 1.0020296e-09
1.4969970e+01 5.6944496e-17 2.9555573e-10 1.4252966e-09
1.4993994e+01 9.2373481e-17 4.2417521e-10 2.0236041e-09
1.5018018e+01 1.4957468e-16 6.0725297e-10 2.8609888e-09
1.5042042e+01 2.4111463e-16 8.6654278e-10 4.0310588e-09
1.5066066e+01 3.8719350e-16 1.2328073e-09 5.6613439e-09
1.5090090e+01 6.2108694e-16 1.7473470e-09 7.9282095e-09
1.5114114e+01 9.9059514e-16 2.4709283e-09 1.1074605e-08
1.5138138e+01 1.5750421e-15 3.4794635e-09 1.5406361e-08
1.5162162e+01 2.4921632e-15 4.8798668e-09 2.1370480e-08
1.5186186e+01 3.9277110e-15 6.8225061e-09 2.9505690e-08
1.5210210e+01 6.1727132e-15 9.5025988e-09 4.0671662e-08
1.5234234e+01 9.6833447e-15 1.3192383e-08 5.5842154e-08
1.5258258e+01 1.5147912e-14 1.8255794e-08 7.6562120e-08
1.5282282e+01 2.3572173e-14 2.5204510e-08 1.0427755e-07
1.5306306e+01 3.6573923e-14 3.4655359e-08 1.4159717e-07
1.5330330e+01 5.6609314e-14 4.7466206e-08 1.9187160e-07
1.5354354e+01 8.7253460e-14 6.4869137e-08 2.5879077e-07
1.5378378e+01 1.3402630e-13 8.8324259e-08 3.4826178e-07
1.5402402e+01 2.0546715e-13 1.1981967e-07 4.6687364e-07
1.5426426e+01 3.1327159e-13 1.6209952e-07 6.2539793e-07
1.5450450e+01 4.7632246e-13 2.1844112e-07 8.3437139e-07
1.5474474e+01 7.2187927e-13 2.9402930e-07 1.1080195e-06
1.5498498e+01 1.0921340e-12 3.9416976e-07 1.4677692e-06
1.5522523e+01 1.6431867e-12 5.2617586e-07 1.9408190e-06
1.5546547e+01 2.4651733e-12 7.0019760e-07 2.5494301e-06
1.5570571e+01 3.6875968e-12 9.2890540e-07 3.3437013e-06
1.5594595e+01 5.5063739e-12 1.2275281e-06 4.3714731e-06
1.5618619e+01 8.1832361e-12 1.6172191e-06 5.6954789e-06
1.5642643e+01 1.2113702e-11 2.1223247e-06 7.3909234e-06
1.5666667e+01 1.7913069e-11 2.7747723e-06 9.5665390e-06
1.5690691e+01 2.6347078e-11 3.6199177e-06 1.2334082e-05
1.5714715e+01 3.8641419e-11 4.7062367e-06 1.5856199e-05
1.5738739e+01 5.6672617e-11 6.0988164e-06 2.0303457e-05
1.5762763e+01 8.2510042e-11 7.8773822e-06 2.5956565e-05
1.5786787e+01 1.1999923e-10 1.0135946e-05 3.3065789e-05
1.5810811e+01 1.7358610e-10 1.3018690e-05 4.1969144e-05
1.5834835e+01 2.5021674e-10 1.6635977e-05 5.3077220e-05
1.5858859e+01 3.5949636e-10 2.1219445e-05 6.6947650e-05
1.5882883e+01 5.1468724e-10 2.6942953e-05 8.4088950e-05
1.5906907e+01 7.3589142e-10 3.4072009e-05 1.0515398e-04
1.5930931e+01 1.0479588e-09 4.2948730e-05 1.3114507e-04
1.5954955e+01 1.4877877e-09 5.4018089e-05 1.6323602e-04
1.5978979e+01 2.1054459e-09 6.7722711e-05 2.0247260e-04
1.6003003e+01 2.9727428e-09 8.4627165e-05 2.4966648e-04
1.6027027e+01 4.1855833e-09 1.0538041e-04 3.0756739e-04
1.6051051e+01 5.8602386e-09 1.3079776e-04 3.7729705e-04
1.6075075e+01 8.1778127e-09 1.6172148e-04 4.6262191e-04
1.6099099e+01 1.1374938e-08 1.9939783e-04 5.6485221e-04
1.6123123e+01 1.5772874e-08 2.4478955e-04 6.8665625e-04
1.6147147e+01 2.1798037e-08 2.9973268e-04 8.3216818e-04
1.6171171e+01 3.0039300e-08 3.6554842e-04 1.0042630e-03
1.6195195e+01 4.1234489e-08 4.4457956e-04 1.2089811e-03
1.6219219e+01 5.6452233e-08 5.3882320e-04 1.4516541e-03
1.6243243e+01 7.7010269e-08 6.5099487e-04 1.7365332e-03
1.6267267e+01 1.0455478e-07 7.8303675e-04 2.0722081e-03
1.6291291e+01 1.4161479e-07 9.4044411e-04 2.4644069e-03
1.6315315e+01 1.9118104e-07 1.1241790e-03 2.9177634e-03
1.6339339e+01 2.5767488e-07 1.3395493e-03 3.4438694e-03
1.6363363e+01 3.4568845e-07 1.5904421e-03 4.0530984e-03
1.6387387e+01 4.6219481e-07 1.8820989e-03 4.7639137e-03
1.6411411e+01 6.1638656e-07 2.2197736e-03 5.5710574e-03
1.6435435e+01 8.1820245e-07 2.6082863e-03 6.4933952e-03
1.6459459e+01 1.0836247e-06 3.0576037e-03 7.5540574e-03
1.6483483e+01 1.4339517e-06 3.5703971e-03 8.7652333e-03
1.6507508e+01 1.8840497e-06 4.1540906e-03 1.0126354e-02
1.6531532e+01 2.4662115e-06 4.8170136e-03 1.1644593e-02
1.6555556e+01 3.2239071e-06 5.5677631e-03 1.3359499e-02
1.6579580e+01 4.2092353e-06 6.4159728e-03 1.5284746e-02
1.6603604e+01 5.4709410e-06 7.3690599e-03 1.7431555e-02
1.6627628e+01 7.0834531e-06 8.4306965e-03 1.9834577e-02
1.6651652e+01 9.1256814e-06 9.6188268e-03 2.2504193e-02
1.6675676e+01 1.1735198e-05 1.0935032e-02 2.5424142e-02
1.6699700e+01 1.5019093e-05 1.2397548e-02 2.8645332e-02
1.6723724e+01 1.9155509e-05 1.4004152e-02 3.2200846e-02
1.6747748e+01 2.4395230e-05 1.5756703e-02 3.6098600e-02
1.6771772e+01 3.0999394e-05 1.7678995e-02 4.0383894e-02
1.6795796e+01 3.9140960e-05 1.9764009e-02 4.4950868e-02
1.6819820e+01 4.9345023e-05 2.2029532e-02 4.9926864e-02
1.6843844e+01 6.1945735e-05 2.4466539e-02 5.5273690e-02
1.6867868e+01 7.7523931e-05 2.7087340e-02 6.0958289e-02
1.6891892e+01 9.6673020e-05 2.9894653e-02 6.6961427e-02
1.6915916e+01 1.2020485e-04 3.2878517e-02 7.3430495e-02
1.6939940e+01 1.4892183e-04 3.6044775e-02 8.0237260e-02
1.6963964e+01 1.8401435e-04 3.9389072e-02 8.7328904e-02
1.6987988e+01 2.2671758e-04 4.2906803e-02 9.4798225e-02
1.7012012e+01 2.7853279e-04 4.6579215e-02 1.0250448e-01
1.7036036e+01 3.4025365e-04 5.0419224e-02 1.1046126e-01
1.7060060e+01 4.1487379e-04 5.4382496e-02 1.1861480e-01
1.7084084e+01 5.0450726e-04 5.8499479e-02 1.2697248e-01
1.7108108e+01 6.1341509e-04 6.2736718e-02 1.3542185e-01
1.7132132e+01 7.3976273e-04 6.7024693e-02 1.4399137e-01
1.7156156e+01 8.8971379e-04 7.1384326e-02 1.5270725e-01
1.7180180e+01 1.0666652e-03 7.5838865e-02 1.6134296e-01
1.7204204e+01 1.2770514e-03 8.0222631e-02 1.6998514e-01
1.7228228e+01 1.5234376e-03 8.4684596e-02 1.7846174e-01
1.7252252e+01 1.8107648e-03 8.9096882e-02 1.8668465e-01
1.7276276e+01 2.1470810e-03 9.3431499e-02 1.9465953e-01
1.7300300e+01 2.5344215e-03 9.7679760e-02 2.0245061e-01
1.7324324e+01 2.9826420e-03 1.0175491e-01 2.0982809e-01
1.7348348e+01 3.4941535e-03 1.0563679e-01 2.1660040e-01
1.7372372e+01 4.0873442e-03 1.0936449e-01 2.2294626e-01
1.7396396e+01 4.7636792e-03 1.1274231e-01 2.2865063e-01
1.7420420e+01 5.5313949e-03 1.1562267e-01 2.3367410e-01
1.7444444e+01 6.4074009e-03 1.1814994e-01 2.3788814e-01
1.7468468e+01 7.4087538e-03 1.1978494e-01 2.4060637e-01
1.7492492e+01 8.5216042e-03 1.2083006e-01 2.4469057e-01
1.7516517e+01 9.7731154e-03 1.2209008e-01 2.4802627e-01
1.7540541e+01 1.1185271e-02 1.2384641e-01 2.5047735e-01
1.7564565e+01 1.2757607e-02 1.2549550e-01 2.5271843e-01
1.7588589e+01 1.4490076e-02 1.2655931e-01 2.5446441e-01
1.7612613e+01 1.6395323e-02 1.2713547e-01 2.5580874e-01
1.7636637e+01 1.8501607e-02 1.2754527e-01 2.5670797e-01
1.7660661e+01 2.0840627e-02 1.2782827e-01 2.5690079e-01
1.7684685e+01 2.3376910e-02 1.2800296e-01 2.5656726e-01
1.7708709e+01 2.6141918e-02 1.2853060e-01 2.5602774e-01
1.7732733e+01 2.9201511e-02 1.2935984e-01 2.5532093e-01
1.7756757e+01 3.2440726e-02 1.3061756e-01 2.5441286e-01
1.7780781e+01 3.5943868e-02 1.3203719e-01 2.5385430e-01
1.7804805e+01 3.9591417e-02 1.3368184e-01 2.5376199e-01
1.7828829e+01 4.3594928e-02 1.3591414e-01 2.5326066e-01
1.7852853e+01 4.7811968e-02 1.3825233e-01 2.5320456e-01
1.7876877e+01 5.2286680e-02 1.4084710e-01 2.5333627e-01
1.7900901e+01 5.7033400e-02 1.4344730e-01 2.5378619e-01
1.7924925e+01 6.1676659e-02 1.4614111e-01 2.5430409e-01
1.7948949e+01 6.5786785e-02 1.4898136e-01 2.5546878e-01
1.7972973e+01 6.8695774e-02 1.5136833e-01 2.5808586e-01
1.7996997e+01 7.0445290e-02 1.5343539e-01 2.6030613e-01
1.8021021e+01 7.1405298e-02 1.5521438e-01 2.6394733e-01
1.8045045e+01 7.2002770e-02 1.5758477e-01 2.6773140e-01
1.8069069e+01 7.2662710e-02 1.6033311e-01 2.7200637e-01
1.8093093e+01 7.3193848e-02 1.6342260e-01 2.7710069e-01
1.8117117e+01 7.4506519e-02 1.6683340e-01 2.8318505e-01
1.8141141e+01 7.6118877e-02 1.7035145e-01 2.8975382e-01
1.8165165e+01 7.7995863e-02 1.7449573e-01 2.9715446e-01
1.8189189e+01 8.0676420e-02 1.7897278e-01 3.0461670e-01
1.8213213e+01 8.2893037e-02 1.8365936e-01 3.1246896e-01
1.8237237e+01 8.5825536e-02 1.8859048e-01 3.2121596e-01
1.8261261e+01 8.8686813e-02 1.9390359e-01 3.2993640e-01
1.8285285e+01 9.1895392e-02 1.9981206e-01 3.3915315e-01
1.8309309e+01 9.5946989e-02 2.0580750e-01 3.4852354e-01
1.8333333e+01 9.9982471e-02 2.1233150e-01 3.5786329e-01
1.8357357e+01 1.0427620e-01 2.1883249e-01 3.6670396e-01
1.8381381e+01 1.0885942e-01 2.2619387e-01 3.7629630e-01
1.8405405e+01 1.1447215e-01 2.3373618e-01 3.8546415e-01
1.8429429e+01 1.1894785e-01 2.4084951e-01 3.9531983e-01
1.8453453e+01 1.2336705e-01 2.4828405e-01 4.0488349e-01
1.8477477e+01 1.2733022e-01 2.5489498e-01 4.1435556e-01
1.8501502e+01 1.3043162e-01 2.6189716e-01 4.2367579e-01
1.8525526e+01 1.3393875e-01 2.6917185e-01 4.3278682e-01
1.8549550e+01 1.3754900e-01 2.7693242e-01 4.4205860e-01
1.8573574e+01 1.4144970e-01 2.8405110e-01 4.5080325e-01
1.8597598e+01 1.4528436e-01 2.9153908e-01 4.5971089e-01
1.8621622e+01 1.4984366e-01 2.9813820e-01 4.6803643e-01
1.8645646e+01 1.5477192e-01 3.0437716e-01 4.7649870e-01
1.8669670e+01 1.5984066e-01 3.1004887e-01 4.8483286e-01
1.8693694e+01 1.6514237e-01 3.1544789e-01 4.9384874e-01
1.8717718e+01 1.6905080e-01 3.2047664e-01 5.0088108e-01
1.8741742e+01 1.7244693e-01 3.2524107e-01 5.0680442e-01
1.8765766e+01 1.7489560e-01 3.2941421e-01 5.1318970e-01
1.8789790e+01 1.7728048e-01 3.3392679e-01 5.1882811e-01
1.8813814e+01 1.7901997e-01 3.3786702e-01 5.2399120e-01
1.8837838e+01 1.8009226e-01 3.4120278e-01 5.2801109e-01
1.8861862e+01 1.8081552e-01 3.4424679e-01 5.3177992e-01
1.8885886e+01 1.8091121e-01 3.4644828e-01 5.3430621e-01
1.8909910e+01 1.8101300e-01 3.4760147e-01 5.3661329e-01
1.8933934e+01 1.8124491e-01 3.4815610e-01 5.3834268e-01
1.8957958e+01 1.8111539e-01 3.4814466e-01 5.3970553e-01
1.8981982e+01 1.8118403e-01 3.4753170e-01 5.4034161e-01
1.9006006e+01 1.8119934e-01 3.4620443e-01 5.4009739e-01
1.9030030e+01 1.8053060e-01 3.4479869e-01 5.3895057e-01
1.9054054e+01 1.7893277e-01 3.4267611e-01 5.3658846e-01
1.9078078e+01 1.7550999e-01 3.4025642e-01 5.3338864e-01
1.9102102e+01 1.7128119e-01 3.3703591e-01 5.2932859e-01
1.9126126e+01 1.6673867e-01 3.3361229e-01 5.2355767e-01
1.9150150e+01 1.6122263e-01 3.2956217e-01 5.1794395e-01
1.9174174e+01 1.5553841e-01 3.2500268e-01 5.1055330e-01
1.9198198e+01 1.4991586e-01 3.1986192e-01 5.0218713e-01
1.9222222e+01 1.4472521e-01 3.1337684e-01 4.9302065e-01
1.9246246e+01 1.3994820e-01 3.0629560e-01 4.8355209e-01
1.9270270e+01 1.3593227e-01 2.9864382e-01 4.7347218e-01
1.9294294e+01 1.3227043e-01 2.9024319e-01 4.6392752e-01
1.9318318e+01 1.2937124e-01 2.8126760e-01 4.5353933e-01
1.9342342e+01 1.2588059e-01 2.7149078e-01 4.4196010e-01
1.9366366e+01 1.2171815e-01 2.6174481e-01 4.2995071e-01
1.9390390e+01 1.1967734e-01 2.5217518e-01 4.1705491e-01
1.9414414e+01 1.1627152e-01 2.4405340e-01 4.0485576e-01
1.9438438e+01 1.1052398e-01 2.3621282e-01 3.9146786e-01
1.9462462e+01 1.0395989e-01 2.2660567e-01 3.7752640e-01
1.9486486e+01 9.7542839e-02 2.1607679e-01 3.6334574e-01
1.9510511e+01 9.1486124e-02 2.0618311e-01 3.5012958e-01
1.9534535e+01 8.5638179e-02 1.9621260e-01 3.3615804e-01
1.9558559e+01 7.9984981e-02 1.8671308e-01 3.2230355e-01
1.9582583e+01 7.4506842e-02 1.7730157e-01 3.0819110e-01
1.9606607e+01 6.9623113e-02 1.6837224e-01 2.9413819e-01
1.9630631e+01 6.5068203e-02 1.5978525e-01 2.8037700e-01
1.9654655e+01 6.1044121e-02 1.5139000e-01 2.6679379e-01
1.9678679e+01 5.7330505e-02 1.4335071e-01 2.5356833e-01
1.9702703e+01 5.3711167e-02 1.3560891e-01 2.4057624e-01
1.9726727e+01 5.0735547e-02 1.2844913e-01 2.2864375e-01
1.9750751e+01 4.8295206e-02 1.2167406e-01 2.1682921e-01
1.9774775e+01 4.6188034e-02 1.1552937e-01 2.0590244e-01
1.9798799e+01 4.4384924e-02 1.0991345e-01 1.9538023e-01
1.9822823e+01 4.3070859e-02 1.0475810e-01 1.8553865e-01
1.9846847e+01 4.2089175e-02 1.0010691e-01 1.7646343e-01
1.9870871e+01 4.1477064e-02 9.5986290e-02 1.6830925e-01
1.9894895e+01 4.1084589e-02 9.2416284e-02 1.6128113e-01
1.9918919e+01 4.0631886e-02 8.9365927e-02 1.5527933e-01
1.9942943e+01 4.0550401e-02 8.7040349e-02 1.5008576e-01
1.9966967e+01 4.0458398e-02 8.5355124e-02 1.4633270e-01
1.9990991e+01 4.0165946e-02 8.4207798e-02 1.4408449e-01
2.0015015e+01 4.0049432e-02 8.3614994e-02 1.4304226e-01
2.0039039e+01 3.9680271e-02 8.3547842e-02 1.4344588e-01
2.0063063e+01 3.9118334e-02 8.3942416e-02 1.4458705e-01
2.0087087e+01 3.8673574e-02 8.4562934e-02 1.4729729e-01
2.0111111e+01 3.8121396e-02 8.5953573e-02 1.5047682e-01
2.0135135e+01 3.7561385e-02 8.7963159e-02 1.5471693e-01
2.0159159e+01 3.7309628e-02 9.0646845e-02 1.6069657e-01
2.0183183e+01 3.7212041e-02 9.3993253e-02 1.6784613e-01
2.0207207e+01 3.7518295e-02 9.7627498e-02 1.7548996e-01
2.0231231e+01 3.8061069e-02 1.0179679e-01 1.8389660e-01
2.0255255e+01 3.8935370e-02 1.0630215e-01 1.9307249e-01
2.0279279e+01 4.0121238e-02 1.1140029e-01 2.0301200e-01
2.0303303e+01 4.1571253e-02 1.1681854e-01 2.1327208e-01
2.0327327e+01 4.3682326e-02 1.2252902e-01 2.2471391e-01
2.0351351e+01 4.6184967e-02 1.2846419e-01 2.3583348e-01
2.0375375e+01 4.9022845e-02 1.3502691e-01 2.4787728e-01
2.0399399e+01 5.2660624e-02 1.4227428e-01 2.6008616e-01
2.0423423e+01 5.6532324e-02 1.4976355e-01 2.7253231e-01
2.0447447e+01 6.0787533e-02 1.5769444e-01 2.8506711e-01
2.0471471e+01 6.5197366e-02 1.6624672e-01 2.9782636e-01
2.0495495e+01 6.9866756e-02 1.7473985e-01 3.1003080e-01
2.0519520e+01 7.5095548e-02 1.8322470e-01 3.2303108e-01
2.0543544e+01 8.0453800e-02 1.9190541e-01 3.3627723e-01
2.0567568e+01 8.5925967e-02 2.0073913e-01 3.4952925e-01
2.0591592e+01 9.1912680e-02 2.0935219e-01 3.6149373e-01
2.0615616e+01 9.8142709e-02 2.1834165e-01 3.7359361e-01
2.0639640e+01 1.0458057e-01 2.2748232e-01 3.8621977e-01
2.0663664e+01 1.1142316e-01 2.3633341e-01 3.9859044e-01
2.0687688e+01 1.1779909e-01 2.4383977e-01 4.0981521e-01
2.0711712e+01 1.2186593e-01 2.5088360e-01 4.2151918e-01
2.0735736e+01 1.2511241e-01 2.5872325e-01 4.3366669e-01
2.0759760e+01 1.2889762e-01 2.6682774e-01 4.4451126e-01
2.0783784e+01 1.3274426e-01 2.7510286e-01 4.5472051e-01
2.0807808e+01 1.3771886e-01 2.8293955e-01 4.6407915e-01
2.0831832e+01 1.4290139e-01 2.9086427e-01 4.7274139e-01
2.0855856e+01 1.4847034e-01 2.9917348e-01 4.8118403e-01
2.0879880e+01 1.5496847e-01 3.0689203e-01 4.8976637e-01
2.0903904e+01 1.6146505e-01 3.1479069e-01 4.9814665e-01
2.0927928e+01 1.6850716e-01 3.2226073e-01 5.0671395e-01
2.0951952e+01 1.7538984e-01 3.2936071e-01 5.1476460e-01
2.0975976e+01 1.8278231e-01 3.3663487e-01 5.2295058e-01
2.1000000e+01 1.8963789e-01 3.4296004e-01 5.3097258e-01
2.1024024e+01 1.9672648e-01 3.4970909e-01 5.3830898e-01
2.1048048e+01 2.0295478e-01 3.5675145e-01 5.4581687e-01
2.1072072e+01 2.0895629e-01 3.6354267e-01 5.5305121e-01
2.1096096e+01 2.1536977e-01 3.7078260e-01 5.6003411e-01
2.1120120e+01 2.2139441e-01 3.7806155e-01 5.6838230e-01
2.1144144e+01 2.2821904e-01 3.8552503e-01 5.7587131e-01
2.1168168e+01 2.3552749e-01 3.9374338e-01 5.8328893e-01
2.1192192e+01 2.4206907e-01 4.0120418e-01 5.9137912e-01
2.1216216e+01 2.4889671e-01 4.0864985e-01 5.9955169e-01
2.1240240e+01 2.5624846e-01 4.1681808e-01 6.0781437e-01
2.1264264e+01 2.6359602e-01 4.2510498e-01 6.1699094e-01
2.1288288e+01 2.7069315e-01 4.3341762e-01 6.2518471e-01
2.1312312e+01 2.7857141e-01 4.4175214e-01 6.3492580e-01
2.1336336e+01 2.8701223e-01 4.5069789e-01 6.4508250e-01
2.1360360e+01 2.9460356e-01 4.5995401e-01 6.5606772e-01
2.1384384e+01 3.0257896e-01 4.6957963e-01 6.6636597e-01
2.1408408e+01 3.1077757e-01 4.8016759e-01 6.7776195e-01
2.1432432e+01 3.1912680e-01 4.9057518e-01 6.8999976e-01
2.1456456e+01 3.2782453e-01 5.0123856e-01 7.0182896e-01
2.1480480e+01 3.3602450e-01 5.1247847e-01 7.1393343e-01
2.1504505e+01 3.4486904e-01 5.2286005e-01 7.2749512e-01
2.1528529e+01 3.5403477e-01 5.3478593e-01 7.4111866e-01
2.1552553e+01 3.6349796e-01 5.4644196e-01 7.5506633e-01
2.1576577e+01 3.7359383e-01 5.5917155e-01 7.6988266e-01
2.1600601e+01 3.8283419e-01 5.7189945e-01 7.8520477e-01
2.1624625e+01 3.9335816e-01 5.8508454e-01 8.0017892e-01
2.1648649e+01 4.0361218e-01 5.9743527e-01 8.1602218e-01
2.1672673e+01 4.1366728e-01 6.0947695e-01 8.3094315e-01
2.1696697e+01 4.2358675e-01 6.2258304e-01 8.4702318e-01
2.1720721e+01 4.3317247e-01 6.3569036e-01 8.6251277e-01
2.1744745e+01 4.4234752e-01 6.4797474e-01 8.7781943e-01
2.1768769e+01 4.5193924e-01 6.6025811e-01 8.9346530e-01
2.1792793e+01 4.6163281e-01 6.7253025e-01 9.0842828e-01
2.1816817e+01 4.7094204e-01 6.8477923e-01 9.2340600e-01
2.1840841e+01 4.8029444e-01 6.9639728e-01 9.3917835e-01
2.1864865e+01 4.8842093e-01 7.0903720e-01 9.5357894e-01
2.1888889e+01 4.9736332e-01 7.1984790e-01 9.6597489e-01
2.1912913e+01 5.0626589e-01 7.3090409e-01 9.8018833e-01
2.1936937e+01 5.1491461e-01 7.4158360e-01 9.9197683e-01
2.1960961e+01 5.2386064e-01 7.5219162e-01 1.0040642e+00
2.1984985e+01 5.3257133e-01 7.6261923e-01 1.0161989e+00
2.2009009e+01 5.4078602e-01 7.7236341e-01 1.0269926e+00
2.2033033e+01 5.4886054e-01 7.8165640e-01 1.0374457e+00
2.2057057e+01 5.5709916e-01 7.9069694e-01 1.0476222e+00
2.2081081e+01 5.6446730e-01 7.9936512e-01 1.0553454e+00
2.2105105e+01 5.7198206e-01 8.0655392e-01 1.0637858e+00
2.2129129e+01 5.7908410e-01 8.1362373e-01 1.0718492e+00
2.2153153e+01 5.8662120e-01 8.2127980e-01 1.0805211e+00
2.2177177e+01 5.9410529e-01 8.2785919e-01 1.0872646e+00
2.2201201e+01 6.0034517e-01 8.3392735e-01 1.0925210e+00
2.2225225e+01 6.0559845e-01 8.3964341e-01 1.0983130e+00
2.2249249e+01 6.1152897e-01 8.4501741e-01 1.1039206e+00
2.2273273e+01 6.1713086e-01 8.5082990e-01 1.1090810e+00
2.2297297e+01 6.2190403e-01 8.5537479e-01 1.1120959e+00
2.2321321e+01 6.2706874e-01 8.6030407e-01 1.1164017e+00
2.2345345e+01 6.3228750e-01 8.6495982e-01 1.1208698e+00
2.2369369e+01 6.3736269e-01 8.6909687e-01 1.1250715e+00
2.2393393e+01 6.4205577e-01 8.7374250e-01 1.1285586e+00
2.2417417e+01 6.4622921e-01 8.7756360e-01 1.1321497e+00
2.2441441e+01 6.5121395e-01 8.8185522e-01 1.1357460e+00
2.2465465e+01 6.5496521e-01 8.8630040e-01 1.1403863e+00
2.2489489e+01 6.5968174e-01 8.8997767e-01 1.1445703e+00
2.2513514e+01 6.6374952e-01 8.9388006e-01 1.1486965e+00
2.2537538e+01 6.6764380e-01 8.9747074e-01 1.1539630e+00
2.2561562e+01 6.7176030e-01 9.0155962e-01 1.1595035e+00
2.2585586e+01 6.7535426e-01 9.0628392e-01 1.1648832e+00
2.2609610e+01 6.7917467e-01 9.0986936e-01 1.1704978e+00
2.2633634e+01 6.8256591e-01 9.1523571e-01 1.1757890e+00
2.2657658e+01 6.8607265e-01 9.1960051e-01 1.1822819e+00
2.2681682e+01 6.8989172e-01 9.2399478e-01 1.1879134e+00
2.2705706e+01 6.9306156e-01 9.2875681e-01 1.1942814e+00
2.2729730e+01 6.9719333e-01 9.3312759e-01 1.2007583e+00
2.2753754e+01 7.0109487e-01 9.3778414e-01 1.2057852e+00
2.2777778e+01 7.0465745e-01 9.4273118e-01 1.2118832e+00
2.2801802e+01 7.0702804e-01 9.4779893e-01 1.2189079e+00
2.2825826e+01 7.1042544e-01 9.5320266e-01 1.2252210e+00
2.2849850e+01 7.1415532e-01 9.5834096e-01 1.2314512e+00
2.2873874e+01 7.1682449e-01 9.6356216e-01 1.2363602e+00
2.2897898e+01 7.2038089e-01 9.6743357e-01 1.2414340e+00
2.2921922e+01 7.2410111e-01 9.7176728e-01 1.2480894e+00
2.2945946e+01 7.2597238e-01 9.7636204e-01 1.2534690e+00
2.2969970e+01 7.2861365e-01 9.8010794e-01 1.2581989e+00
2.2993994e+01 7.3215666e-01 9.8375823e-01 1.2622065e+00
2.3018018e+01 7.3516309e-01 9.8699971e-01 1.2665322e+00
2.3042042e+01 7.3747589e-01 9.9002544e-01 1.2688882e+00
2.3066066e+01 7.4012832e-01 9.9323655e-01 1.2710615e+00
2.3090090e+01 7.4249906e-01 9.9608933e-01 1.2738719e+00
2.3114114e+01 7.4388237e-01 9.9753564e-01 1.2750242e+00
2.3138138e+01 7.4490948e-01 9.9860415e-01 1.2773874e+00
2.3162162e+01 7.4566545e-01 9.9998102e-01 1.2777371e+00
2.3186186e+01 7.4605273e-01 1.0000000e+00 1.2777461e+00
2.3210210e+01 7.4637658e-01 9.9992310e-01 1.2781564e+00
2.3234234e+01 7.4491532e-01 9.9971290e-01 1.2769702e+00
2.3258258e+01 7.4218198e-01 9.9812050e-01 1.2756258e+00
2.3282282e+01 7.4032201e-01 9.9560003e-01 1.2737260e+00
2.3306306e+01 7.3792489e-01 9.9172736e-01 1.2707508e+00
2.3330330e+01 7.3429463e-01 9.8822386e-01 1.2675795e+00
2.3354354e+01 7.2886037e-01 9.8443780e-01 1.2630168e+00
2.3378378e+01 7.2248117e-01 9.7898361e-01 1.2584713e+00
2.3402402e+01 7.1616340e-01 9.7197577e-01 1.2536393e+00
2.3426426e+01 7.0885651e-01 9.6437148e-01 1.2457982e+00
2.3450450e+01 7.0192438e-01 9.5672105e-01 1.2378118e+00
2.3474474e+01 6.9326483e-01 9.4776470e-01 1.2289328e+00
2.3498498e+01 6.8351128e-01 9.3752733e-01 1.2176473e+00
2.3522523e+01 6.7392936e-01 9.2685534e-01 1.2063596e+00
2.3546547e+01 6.6282054e-01 9.1640180e-01 1.1953757e+00
2.3570571e+01 6.5055095e-01 9.0398831e-01 1.1814544e+00
2.3594595e+01 6.3723568e-01 8.9073550e-01 1.1677166e+00
2.3618619e+01 6.2410213e-01 8.7544580e-01 1.1533635e+00
2.3642643e+01 6.1025198e-01 8.6000979e-01 1.1377475e+00
2.3666667e+01 5.9557919e-01 8.4472483e-01 1.1202832e+00
2.3690691e+01 5.8086378e-01 8.2804925e-01 1.1025735e+00
2.3714715e+01 5.6542835e-01 8.1084958e-01 1.0832180e+00
2.3738739e+01 5.4946530e-01 7.9312500e-01 1.0647435e+00
2.3762763e+01 5.3322509e-01 7.7451388e-01 1.0437280e+00
2.3786787e+01 5.1615430e-01 7.5504240e-01 1.0218839e+00
2.3810811e+01 4.9930177e-01 7.3515408e-01 9.9895032e-01
2.3834835e+01 4.8142476e-01 7.1451900e-01 9.7593261e-01
2.3858859e+01 4.6372090e-01 6.9308663e-01 9.5201124e-01
2.3882883e+01 4.4559835e-01 6.7126976e-01 9.2758476e-01
2.3906907e+01 4.2815103e-01 6.4913056e-01 9.0263071e-01
2.3930931e+01 4.1017574e-01 6.2724750e-01 8.7677715e-01
2.3954955e+01 3.9278209e-01 6.0502658e-01 8.5092724e-01
2.3978979e+01 3.7522889e-01 5.8229314e-01 8.2493301e-01
2.4003003e+01 3.5748862e-01 5.5996072e-01 7.9841627e-01
2.4027027e+01 3.4037407e-01 5.3813648e-01 7.7174118e-01
2.4051051e+01 3.2329340e-01 5.1671115e-01 7.4413348e-01
2.4075075e+01 3.0748612e-01 4.9430115e-01 7.1713900e-01
2.4099099e+01 2.9087146e-01 4.7328506e-01 6.9137859e-01
2.4123123e+01 2.7544741e-01 4.5262366e-01 6.6584198e-01
2.4147147e+01 2.6048142e-01 4.3172759e-01 6.4136456e-01
2.4171171e+01 2.4572863e-01 4.1195433e-01 6.1618380e-01
2.4195195e+01 2.3129130e-01 3.9203069e-01 5.9305156e-01
2.4219219e+01 2.1750946e-01 3.7268883e-01 5.6987675e-01
2.4243243e+01 2.0462018e-01 3.5415503e-01 5.4862808e-01
2.4267267e+01 1.9261394e-01 3.3721358e-01 5.2712845e-01
2.4291291e+01 1.8079291e-01 3.2057042e-01 5.0632954e-01
2.4315315e+01 1.6947869e-01 3.0409734e-01 4.8668389e-01
2.4339339e+01 1.5915509e-01 2.8922557e-01 4.6827635e-01
2.4363363e+01 1.4945852e-01 2.7553148e-01 4.5097706e-01
2.4387387e+01 1.4025702e-01 2.6210036e-01 4.3536356e-01
2.4411411e+01 1.3178935e-01 2.4974517e-01 4.2101679e-01
2.4435435e+01 1.2390917e-01 2.3786702e-01 4.0722844e-01
2.4459459e+01 1.1605534e-01 2.2766726e-01 3.9466884e-01
2.4483483e+01 1.0910620e-01 2.1796782e-01 3.8315325e-01
2.4507508e+01 1.0266395e-01 2.0902026e-01 3.7271473e-01
2.4531532e+01 9.7078390e-02 2.0069449e-01 3.6343557e-01
2.4555556e+01 9.2416242e-02 1.9366081e-01 3.5619568e-01
2.4579580e+01 8.8135461e-02 1.8762408e-01 3.4981392e-01
2.4603604e+01 8.4429314e-02 1.8254453e-01 3.4444584e-01
2.4627628e+01 8.1000481e-02 1.7855311e-01 3.3947255e-01
2.4651652e+01 7.8491787e-02 1.7519255e-01 3.3675264e-01
2.4675676e+01 7.6086643e-02 1.7322258e-01 3.3532791e-01
2.4699700e+01 7.4310963e-02 1.7188209e-01 3.3387311e-01
2.4723724e+01 7.3307699e-02 1.7141309e-01 3.3324572e-01
2.4747748e+01 7.2500946e-02 1.7152582e-01 3.3441666e-01
2.4771772e+01 7.2324809e-02 1.7165151e-01 3.3680792e-01
2.4795796e+01 7.2569339e-02 1.7336276e-01 3.4051615e-01
2.4819820e+01 7.3419982e-02 1.7604394e-01 3.4412099e-01
2.4843844e+01 7.5345883e-02 1.7931208e-01 3.4878605e-01
2.4867868e+01 7.7768775e-02 1.8355986e-01 3.5464438e-01
2.4891892e+01 8.0616796e-02 1.8850838e-01 3.6112592e-01
2.4915916e+01 8.4013554e-02 1.9378294e-01 3.6888585e-01
2.4939940e+01 8.7956061e-02 2.0037478e-01 3.7675326e-01
2.4963964e+01 9.2770142e-02 2.0771702e-01 3.8492954e-01
2.4987988e+01 9.7653272e-02 2.1583697e-01 3.9355948e-01
2.5012012e+01 1.0350278e-01 2.2454258e-01 4.0261497e-01
2.5036036e+01 1.1022713e-01 2.3411109e-01 4.1300820e-01
2.5060060e+01 1.1692433e-01 2.4382392e-01 4.2414149e-01
2.5084084e+01 1.2449680e-01 2.5355876e-01 4.3606256e-01
2.5108108e+01 1.3220057e-01 2.6421783e-01 4.4904999e-01
2.5132132e+01 1.4033049e-01 2.7550266e-01 4.6239380e-01
2.5156156e+01 1.4887663e-01 2.8714437e-01 4.7660412e-01
2.5180180e+01 1.5826882e-01 2.9947795e-01 4.9146282e-01
2.5204204e+01 1.6762557e-01 3.1202393e-01 5.0680911e-01
2.5228228e+01 1.7711312e-01 3.2568722e-01 5.2278486e-01
2.5252252e+01 1.8684009e-01 3.3911905e-01 5.3875634e-01
2.5276276e+01 1.9721432e-01 3.5328761e-01 5.5576956e-01
2.5300300e+01 2.0837479e-01 3.6843423e-01 5.7210138e-01
2.5324324e+01 2.1975143e-01 3.8272898e-01 5.8943386e-01
2.5348348e+01 2.3072875e-01 3.9722267e-01 6.0723506e-01
2.5372372e+01 2.4242290e-01 4.1178824e-01 6.2496158e-01
2.5396396e+01 2.5398930e-01 4.2731170e-01 6.4361488e-01
2.5420420e+01 2.6536523e-01 4.4281303e-01 6.6160237e-01
2.5444444e+01 2.7633156e-01 4.5858493e-01 6.7989706e-01
2.5468468e+01 2.8776426e-01 4.7401098e-01 6.9750555e-01
2.5492492e+01 2.9915040e-01 4.8951518e-01 7.1570161e-01
2.5516517e+01 3.1110350e-01 5.0446323e-01 7.3469052e-01
2.5540541e+01 3.2208028e-01 5.1954548e-01 7.5295088e-01
2.5564565e+01 3.3325475e-01 5.3415345e-01 7.7039309e-01
2.5588589e+01 3.4370709e-01 5.4851827e-01 7.8759145e-01
2.5612613e+01 3.5406374e-01 5.6260457e-01 8.0450031e-01
2.5636637e+01 3.6414625e-01 5.7567414e-01 8.2051558e-01
2.5660661e+01 3.7432572e-01 5.8776729e-01 8.3645986e-01
2.5684685e+01 3.8380134e-01 6.0046343e-01 8.5015838e-01
2.5708709e+01 3.9140091e-01 6.1122456e-01 8.6288273e-01
2.5732733e+01 3.9853333e-01 6.2042132e-01 8.7587324e-01
2.5756757e+01 4.0634407e-01 6.2944462e-01 8.8758238e-01
2.5780781e+01 4.1215257e-01 6.3748677e-01 8.9824528e-01
2.5804805e+01 4.1715933e-01 6.4433689e-01 9.0678281e-01
2.5828829e+01 4.2107762e-01 6.5007013e-01 9.1407223e-01
2.5852853e+01 4.2408588e-01 6.5471597e-01 9.2094301e-01
2.5876877e+01 4.2754889e-01 6.5823158e-01 9.2461287e-01
2.5900901e+01 4.2881421e-01 6.6046279e-01 9.2837453e-01
2.5924925e+01 4.2895290e-01 6.6136743e-01 9.2822959e-01
2.5948949e+01 4.2791632e-01 6.6093974e-01 9.2779917e-01
2.5972973e+01 4.2619033e-01 6.5923096e-01 9.2580516e-01
2.5996997e+01 4.2361722e-01 6.5585374e-01 9.2245489e-01
2.6021021e+01 4.1988361e-01 6.5179437e-01 9.1752229e-01
2.6045045e+01 4.1471648e-01 6.4621768e-01 9.1095086e-01
2.6069069e+01 4.0893002e-01 6.3831914e-01 9.0245301e-01
2.6093093e+01 4.0183851e-01 6.2978803e-01 8.9216314e-01
2.6117117e+01 3.9340368e-01 6.2007997e-01 8.8068622e-01
2.6141141e+01 3.8448107e-01 6.0874982e-01 8.6856334e-01
2.6165165e+01 3.7416066e-01 5.9664233e-01 8.5332131e-01
2.6189189e+01 3.6361704e-01 5.8449914e-01 8.3866155e-01
2.6213213e+01 3.5376939e-01 5.7058362e-01 8.2202535e-01
2.6237237e+01 3.4282419e-01 5.5606449e-01 8.0452265e-01
2.6261261e+01 3.3125663e-01 5.4080487e-01 7.8475835e-01
2.6285285e+01 3.1866093e-01 5.2409158e-01 7.6508160e-01
2.6309309e+01 3.0616253e-01 5.0669564e-01 7.4401246e-01
2.6333333e+01 2.9309246e-01 4.8926360e-01 7.2101731e-01
2.6357357e+01 2.8032834e-01 4.7083902e-01 6.9737848e-01
2.6381381e+01 2.6714013e-01 4.5270596e-01 6.7497429e-01
2.6405405e+01 2.5378737e-01 4.3400332e-01 6.5062057e-01
2.6429429e+01 2.4077293e-01 4.1483513e-01 6.2669793e-01
2.6453453e+01 2.2783034e-01 3.9638028e-01 6.0257494e-01
2.6477477e+01 2.1494719e-01 3.7762163e-01 5.7840347e-01
2.6501502e+01 2.0242279e-01 3.5868829e-01 5.5386463e-01
2.6525526e+01 1.9006202e-01 3.3979022e-01 5.2920224e-01
2.6549550e+01 1.7752863e-01 3.2165307e-01 5.0472913e-01
2.6573574e+01 1.6541907e-01 3.0369742e-01 4.8059154e-01
2.6597598e+01 1.5359272e-01 2.8526378e-01 4.5747015e-01
2.6621622e+01 1.4218706e-01 2.6780475e-01 4.3501537e-01
2.6645646e+01 1.3107899e-01 2.5111457e-01 4.1262798e-01
2.6669670e+01 1.2077315e-01 2.3467282e-01 3.9102886e-01
2.6693694e+01 1.1086948e-01 2.1884997e-01 3.6945449e-01
2.6717718e+01 1.0141825e-01 2.0322365e-01 3.4823400e-01
2.6741742e+01 9.2359883e-02 1.8869605e-01 3.2853524e-01
2.6765766e+01 8.3975506e-02 1.7448554e-01 3.1008842e-01
2.6789790e+01 7.6078557e-02 1.6127607e-01 2.9228740e-01
2.6813814e+01 6.8617120e-02 1.4845011e-01 2.7380627e-01
2.6837838e+01 6.1764930e-02 1.3636455e-01 2.5643628e-01
2.6861862e+01 5.5358878e-02 1.2505205e-01 2.4004039e-01
2.6885886e+01 4.9403530e-02 1.1418169e-01 2.2426950e-01
2.6909910e+01 4.4049115e-02 1.0410498e-01 2.0922708e-01
2.6933934e+01 3.9059959e-02 9.4280455e-02 1.9535201e-01
2.6957958e+01 3.4549393e-02 8.5161070e-02 1.8228775e-01
2.6981982e+01 3.0507037e-02 7.6540168e-02 1.6997364e-01
2.7006006e+01 2.6838112e-02 6.8712416e-02 1.5860285e-01
2.7030030e+01 2.3572030e-02 6.1399554e-02 1.4840027e-01
2.7054054e+01 2.0655340e-02 5.4709550e-02 1.3924850e-01
2.7078078e+01 1.7991585e-02 4.8629355e-02 1.3043773e-01
2.7102102e+01 1.5646650e-02 4.2998595e-02 1.2287786e-01
2.7126126e+01 1.3545665e-02 3.7884718e-02 1.1580185e-01
2.7150150e+01 1.1700618e-02 3.3276566e-02 1.0808917e-01
2.7174174e+01 1.0050769e-02 2.9143951e-02 1.0084754e-01
2.7198198e+01 8.6132943e-03 2.5446066e-02 9.3715078e-02
2.7222222e+01 7.3642816e-03 2.2160814e-02 8.6620064e-02
2.7246246e+01 6.2814366e-03 1.9244980e-02 7.9846971e-02
2.7270270e+01 5.3337936e-03 1.6645156e-02 7.3435743e-02
2.7294294e+01 4.5080433e-03 1.4373695e-02 6.7367082e-02
2.7318318e+01 3.8052386e-03 1.2361922e-02 6.1630170e-02
2.7342342e+01 3.1970444e-03 1.0593371e-02 5.6111682e-02
2.7366366e+01 2.6739343e-03 9.0442324e-03 5.1192055e-02
2.7390390e+01 2.2341976e-03 7.7016290e-03 4.6388553e-02
2.7414414e+01 1.8605989e-03 6.5258953e-03 4.1758658e-02
2.7438438e+01 1.5438316e-03 5.5213055e-03 3.7488151e-02
2.7462462e+01 1.2764558e-03 4.6513542e-03 3.3552556e-02
2.7486486e+01 1.0505815e-03 3.9090828e-03 3.0093091e-02
2.7510511e+01 8.6279056e-04 3.2760322e-03 2.6695518e-02
2.7534535e+01 7.0650986e-04 2.7364265e-03 2.3758669e-02
2.7558559e+01 5.7692237e-04 2.2763124e-03 2.1036289e-02
2.7582583e+01 4.7013772e-04 1.8881592e-03 1.8596038e-02
2.7606607e+01 3.8155354e-04 1.5621429e-03 1.6369145e-02
2.7630631e+01 3.0865752e-04 1.2877781e-03 1.4355911e-02
2.7654655e+01 2.4893089e-04 1.0586218e-03 1.2549106e-02
2.7678679e+01 1.9962495e-04 8.6845155e-04 1.0896332e-02
2.7702703e+01 1.5949004e-04 7.0879145e-04 9.4567061e-03
2.7726727e+01 1.2719666e-04 5.7744420e-04 8.1267336e-03
2.7750751e+01 1.0112360e-04 4.6828099e-04 6.9968255e-03
2.7774775e+01 8.0222254e-05 3.7832880e-04 6.0168974e-03
2.7798799e+01 6.3432466e-05 3.0482197e-04 5.1518339e-03
2.7822823e+01 4.9924304e-05 2.4475327e-04 4.3830782e-03
2.7846847e+01 3.9218901e-05 1.9602542e-04 3.7160348e-03
2.7870871e+01 3.0717302e-05 1.5656665e-04 3.1532578e-03
2.7894895e+01 2.3977768e-05 1.2460331e-04 2.6667729e-03
2.7918919e+01 1.8615812e-05 9.8726826e-05 2.2447931e-03
2.7942943e+01 1.4427302e-05 7.8090730e-05 1.8884010e-03
2.7966967e+01 1.1134006e-05 6.1569993e-05 1.5838517e-03
2.7990991e+01 8.5637872e-06 4.8369517e-05 1.3216516e-03
2.8015015e+01 6.5690910e-06 3.7842868e-05 1.0982568e-03
2.8039039e+01 5.0191325e-06 2.9570361e-05 9.0915652e-04
2.8063063e+01 3.8247715e-06 2.3010673e-05 7.4929235e-04
2.8087087e+01 2.9053988e-06 1.7824646e-05 6.1760597e-04
2.8111111e+01 2.1971845e-06 1.3783761e-05 5.0774146e-04
2.8135135e+01 1.6586870e-06 1.0614478e-05 4.1505308e-04
2.8159159e+01 1.2453780e-06 8.1528158e-06 3.3725858e-04
2.8183183e+01 9.3214500e-07 6.2415174e-06 2.7466343e-04
2.8207207e+01 6.9484369e-07 4.7601774e-06 2.2167261e-04
2.8231231e+01 5.1682777e-07 3.6239921e-06 1.7862176e-04
2.8255255e+01 3.8332099e-07 2.7493555e-06 1.4332960e-04
2.8279279e+01 2.8365008e-07 2.0778384e-06 1.1504925e-04
2.8303303e+01 2.0924368e-07 1.5626646e-06 9.2309936e-05
2.8327327e+01 1.5390014e-07 1.1728613e-06 7.3568190e-05
2.8351351e+01 1.1290966e-07 8.7764792e-07 5.8479856e-05
2.8375375e+01 8.2481435e-08 6.5452083e-07 4.6394516e-05
2.8399399e+01 6.0018759e-08 4.8656443e-07 3.6711204e-05
2.8423423e+01 4.3565675e-08 3.6117360e-07 2.8801201e-05
2.8447447e+01 3.1486866e-08 2.6656054e-07 2.2584652e-05
2.8471471e+01 2.2656072e-08 1.9631982e-07 1.7689643e-05
2.8495495e+01 1.6242603e-08 1.4418124e-07 1.3805036e-05
2.8519520e+01 1.1640799e-08 1.0543250e-07 1.0748366e-05
2.8543544e+01 8.3136363e-09 7.6864640e-08 8.3235659e-06
2.8567568e+01 5.9092912e-09 5.5782589e-08 6.4304810e-06
2.8591592e+01 4.1852072e-09 4.0410410e-08 4.9391494e-06
2.8615616e+01 2.9570296e-09 2.9206895e-08 3.7689209e-06
2.8639640e+01 2.0853510e-09 2.1016845e-08 2.8826791e-06
2.8663664e+01 1.4644087e-09 1.5072764e-08 2.1953845e-06
2.8687688e+01 1.0238821e-09 1.0779772e-08 1.6657338e-06
2.8711712e+01 7.1490194e-10 7.6773220e-09 1.2607739e-06
2.8735736e+01 4.9798473e-10 5.4521243e-09 9.5019424e-07
2.8759760e+01 3.4494776e-10 3.8607758e-09 7.1050530e-07
2.8783784e+01 2.3779172e-10 2.7223049e-09 5.3211128e-07
2.8807808e+01 1.6382306e-10 1.9150248e-09 3.9652618e-07
2.8831832e+01 1.1229159e-10 1.3412042e-09 2.9596261e-07
2.8855856e+01 7.6830577e-11 9.3676061e-10 2.2002525e-07
2.8879880e+01 5.2447106e-11 6.5223861e-10 1.6286115e-07
2.8903904e+01 3.5609627e-11 4.5306780e-10 1.1998536e-07
2.8927928e+01 2.4172499e-11 3.1360750e-10 8.7748386e-08
2.8951952e+01 1.6327797e-11 2.1648870e-10 6.4257105e-08
2.8975976e+01 1.0992590e-11 1.4884515e-10 4.6967651e-08
2.9000000e+01 7.3823646e-12 1.0210118e-10 3.4182348e-08
