X KDE_INF KDE_MED KDE_SUP
-3.0000000e+00 4.5322914e-38 2.4075279e-29 9.6789433e-27
-2.9949950e+00 6.1458961e-38 3.1379814e-29 1.2463123e-26
-2.9899900e+00 8.3294256e-38 4.0927394e-29 1.6061485e-26
-2.9849850e+00 1.1283797e-37 5.3350751e-29 2.0686104e-26
-2.9799800e+00 1.5277739e-37 6.9486454e-29 2.6597701e-26
-2.9749750e+00 2.0666231e-37 9.0366313e-29 3.4169026e-26
-2.9699700e+00 2.7920978e-37 1.1745218e-28 4.3870505e-26
-2.9649650e+00 3.7701849e-37 1.5276345e-28 5.6392438e-26
-2.9599600e+00 5.0881202e-37 1.9864621e-28 7.2295026e-26
-2.9549550e+00 6.8630118e-37 2.5791283e-28 9.2643046e-26
-2.9499499e+00 9.2519828e-37 3.3440804e-28 1.1873327e-25
-2.9449449e+00 1.2465726e-36 4.3338066e-28 1.5195767e-25
-2.9399399e+00 1.6786610e-36 5.6149574e-28 1.9465225e-25
-2.9349349e+00 2.2598286e-36 7.2708063e-28 2.4899455e-25
-2.9299299e+00 3.0388229e-36 9.4096448e-28 3.1832585e-25
-2.9249249e+00 4.0841127e-36 1.2174162e-27 4.0673977e-25
-2.9199199e+00 5.4859582e-36 1.5758648e-27 5.1942912e-25
-2.9149149e+00 7.3649485e-36 2.0369643e-27 6.6320709e-25
-2.9099099e+00 9.8822827e-36 2.6318873e-27 8.4552637e-25
-2.9049049e+00 1.3269337e-35 3.3980904e-27 1.0773530e-24
-2.8998999e+00 1.7819249e-35 4.3892431e-27 1.3716782e-24
-2.8948949e+00 2.3916193e-35 5.6652990e-27 1.7467417e-24
-2.8898899e+00 3.2081687e-35 7.2971303e-27 2.2244366e-24
-2.8848849e+00 4.3011526e-35 9.3974539e-27 2.8296961e-24
-2.8798799e+00 5.7633500e-35 1.2107270e-26 3.6002275e-24
-2.8748749e+00 7.7184064e-35 1.5586228e-26 4.5785355e-24
-2.8698699e+00 1.0331010e-34 2.0047656e-26 5.8236381e-24
-2.8648649e+00 1.3820394e-34 2.5789235e-26 7.3880344e-24
-2.8598599e+00 1.8478238e-34 3.3118709e-26 9.3793621e-24
-2.8548549e+00 2.4692394e-34 4.2494688e-26 1.1899871e-23
-2.8498498e+00 3.2982053e-34 5.4495212e-26 1.5067788e-23
-2.8448448e+00 4.4030836e-34 6.9869739e-26 1.9068616e-23
-2.8398398e+00 5.8649547e-34 8.9599513e-26 2.4118555e-23
-2.8348348e+00 7.8074139e-34 1.1489239e-25 3.0489187e-23
-2.8298298e+00 1.0387534e-33 1.4713940e-25 3.8542297e-23
-2.8248248e+00 1.3817901e-33 1.8820827e-25 4.8690324e-23
-2.8198198e+00 1.8390456e-33 2.4056548e-25 6.1547153e-23
-2.8148148e+00 2.4462770e-33 3.0743398e-25 7.7730375e-23
-2.8098098e+00 3.2524633e-33 3.9324489e-25 9.7992692e-23
-2.8048048e+00 4.3226661e-33 5.0195097e-25 1.2354801e-22
-2.7997998e+00 5.7322538e-33 6.4075790e-25 1.5560816e-22
-2.7947948e+00 7.5973453e-33 8.1778504e-25 1.9588820e-22
-2.7897898e+00 1.0064657e-32 1.0421426e-24 2.4667075e-22
-2.7847848e+00 1.3344112e-32 1.3269482e-24 3.1053247e-22
-2.7797798e+00 1.7682477e-32 1.6894058e-24 3.9043221e-22
-2.7747748e+00 2.3421880e-32 2.1487469e-24 4.9041600e-22
-2.7697698e+00 3.1009530e-32 2.7322127e-24 6.1556750e-22
-2.7647648e+00 4.0970323e-32 3.4712862e-24 7.7329149e-22
-2.7597598e+00 5.4086285e-32 4.4090812e-24 9.7011304e-22
-2.7547548e+00 7.1362088e-32 5.5978716e-24 1.2185884e-21
-2.7497497e+00 9.4104540e-32 7.1079758e-24 1.5294532e-21
-2.7447447e+00 1.2404460e-31 9.0207548e-24 1.9172680e-21
-2.7397397e+00 1.6355127e-31 1.1433778e-23 2.3988423e-21
-2.7347347e+00 2.1552251e-31 1.4478953e-23 2.9994460e-21
-2.7297297e+00 2.8385333e-31 1.8333487e-23 3.7508488e-21
-2.7247247e+00 3.7364400e-31 2.3204893e-23 4.6872627e-21
-2.7197197e+00 4.9147496e-31 2.9344238e-23 5.8612140e-21
-2.7147147e+00 6.4551583e-31 3.7078203e-23 7.3131518e-21
-2.7097097e+00 8.4737408e-31 4.6824911e-23 9.1218537e-21
-2.7047047e+00 1.1117477e-30 5.9138397e-23 1.1379678e-20
-2.6996997e+00 1.4582208e-30 7.4668169e-23 1.4198254e-20
-2.6946947e+00 1.9117525e-30 9.4218055e-23 1.7705261e-20
-2.6896897e+00 2.5049733e-30 1.1882840e-22 2.2045078e-20
-2.6846847e+00 3.2800919e-30 1.4972881e-22 2.7414481e-20
-2.6796797e+00 4.2915180e-30 1.8874010e-22 3.4103447e-20
-2.6746747e+00 5.6119859e-30 2.3777006e-22 4.2403856e-20
-2.6696697e+00 7.3347448e-30 2.9901690e-22 5.2641969e-20
-2.6646647e+00 9.5811194e-30 3.7577109e-22 6.5354138e-20
-2.6596597e+00 1.2508646e-29 4.7231268e-22 8.1044606e-20
-2.6546547e+00 1.6321767e-29 5.9321256e-22 1.0050226e-19
-2.6496496e+00 2.1285648e-29 7.4489636e-22 1.2455750e-19
-2.6446446e+00 2.7744780e-29 9.3406184e-22 1.5440743e-19
-2.6396396e+00 3.6173151e-29 1.1720701e-21 1.9126952e-19
-2.6346346e+00 4.7160679e-29 1.4695355e-21 2.3671755e-19
-2.6296296e+00 6.1452028e-29 1.8402927e-21 2.9281572e-19
-2.6246246e+00 8.0030378e-29 2.3028523e-21 3.6212414e-19
-2.6196196e+00 1.0416840e-28 2.8823189e-21 4.4786288e-19
-2.6146146e+00 1.3551257e-28 3.6040954e-21 5.5311401e-19
-2.6096096e+00 1.7619178e-28 4.5064383e-21 6.8232015e-19
-2.6046046e+00 2.2889218e-28 5.6318069e-21 8.4223469e-19
-2.5995996e+00 2.9686486e-28 7.0287952e-21 1.0387513e-18
-2.5945946e+00 3.8486276e-28 8.7756532e-21 1.2807187e-18
-2.5895896e+00 4.9952007e-28 1.0956109e-20 1.5764096e-18
-2.5845846e+00 6.4762834e-28 1.3667941e-20 1.9404297e-18
-2.5795796e+00 8.3805019e-28 1.7048885e-20 2.3864516e-18
-2.5745746e+00 1.0840278e-27 2.1241682e-20 2.9348301e-18
-2.5695696e+00 1.4015589e-27 2.6440757e-20 3.6107240e-18
-2.5645646e+00 1.8111614e-27 3.2920819e-20 4.4366835e-18
-2.5595596e+00 2.3419623e-27 4.0937010e-20 5.4517930e-18
-2.5545546e+00 3.0263809e-27 5.0857999e-20 6.6954955e-18
-2.5495495e+00 3.9103875e-27 6.3120102e-20 8.2131373e-18
-2.5445445e+00 5.0465346e-27 7.8327719e-20 1.0061828e-17
-2.5395395e+00 6.5114989e-27 9.7258943e-20 1.2327530e-17
-2.5345345e+00 8.3900158e-27 1.2060890e-19 1.5078720e-17
-2.5295295e+00 1.0800086e-26 1.4943618e-19 1.8451068e-17
-2.5245245e+00 1.3906917e-26 1.8510884e-19 2.2582191e-17
-2.5195195e+00 1.7900435e-26 2.2917429e-19 2.7591917e-17
-2.5145145e+00 2.3029180e-26 2.8356543e-19 3.3739034e-17
-2.5095095e+00 2.9591750e-26 3.5074863e-19 4.1233874e-17
-2.5045045e+00 3.8002587e-26 4.3358547e-19 5.0351256e-17
-2.4994995e+00 4.8747111e-26 5.3573243e-19 6.1470815e-17
-2.4944945e+00 6.2495267e-26 6.6106622e-19 7.4929694e-17
-2.4894895e+00 8.0082759e-26 8.1533956e-19 9.1233427e-17
-2.4844845e+00 1.0267905e-25 1.0050487e-18 1.1103478e-16
-2.4794795e+00 1.3160529e-25 1.2379362e-18 1.3523550e-16
-2.4744745e+00 1.6860874e-25 1.5235191e-18 1.6452078e-16
-2.4694695e+00 2.1589833e-25 1.8762467e-18 2.0013887e-16
-2.4644645e+00 2.7633220e-25 2.3099731e-18 2.4306686e-16
-2.4594595e+00 3.5346959e-25 2.8414604e-18 2.9533306e-16
-2.4544545e+00 4.5178488e-25 3.4941909e-18 3.5848125e-16
-2.4494494e+00 5.7727845e-25 4.2937488e-18 4.3439690e-16
-2.4444444e+00 7.3727262e-25 5.2745879e-18 5.2652465e-16
-2.4394394e+00 9.4132202e-25 6.4717695e-18 6.3817418e-16
-2.4344344e+00 1.2016418e-24 7.9347736e-18 7.7286477e-16
-2.4294294e+00 1.5306463e-24 9.7253505e-18 9.3515299e-16
-2.4244244e+00 1.9494785e-24 1.1911778e-17 1.1310707e-15
-2.4194194e+00 2.4824300e-24 1.4598645e-17 1.3669765e-15
-2.4144144e+00 3.1559407e-24 1.7864868e-17 1.6514126e-15
-2.4094094e+00 4.0141712e-24 2.1860212e-17 1.9961985e-15
-2.4044044e+00 5.1093048e-24 2.6727778e-17 2.4131162e-15
-2.3993994e+00 6.4927683e-24 3.2646682e-17 2.9127794e-15
-2.3943944e+00 8.2353904e-24 3.9898445e-17 3.5112732e-15
-2.3893894e+00 1.0450877e-23 4.8723157e-17 4.2377004e-15
-2.3843844e+00 1.3255132e-23 5.9399017e-17 5.1050207e-15
-2.3793794e+00 1.6803020e-23 7.2448961e-17 6.1425316e-15
-2.3743744e+00 2.1293872e-23 8.8204363e-17 7.3894821e-15
-2.3693694e+00 2.6966673e-23 1.0731870e-16 8.8817520e-15
-2.3643644e+00 3.4089500e-23 1.3052501e-16 1.0683787e-14
-2.3593594e+00 4.3070161e-23 1.5887378e-16 1.2840720e-14
-2.3543544e+00 5.4393921e-23 1.9303407e-16 1.5423948e-14
-2.3493493e+00 6.8724341e-23 2.3453842e-16 1.8509638e-14
-2.3443443e+00 8.6782748e-23 2.8481275e-16 2.2217962e-14
-2.3393393e+00 1.0953570e-22 3.4593465e-16 2.6648825e-14
-2.3343343e+00 1.3820343e-22 4.1951118e-16 3.1928871e-14
-2.3293293e+00 1.7427875e-22 5.0846511e-16 3.8198815e-14
-2.3243243e+00 2.1951700e-22 6.1636479e-16 4.5728978e-14
-2.3193193e+00 2.7617431e-22 7.4734502e-16 5.4653895e-14
-2.3143143e+00 3.4739897e-22 9.0548572e-16 6.5321329e-14
-2.3093093e+00 4.3668636e-22 1.0962210e-15 7.8107888e-14
-2.3043043e+00 5.4844845e-22 1.3257902e-15 9.3227168e-14
-2.2992993e+00 6.8846281e-22 1.6025930e-15 1.1116796e-13
-2.2942943e+00 8.6433616e-22 1.9363427e-15 1.3255850e-13
-2.2892893e+00 1.0849703e-21 2.3367673e-15 1.5812893e-13
-2.2842843e+00 1.3611806e-21 2.8177500e-15 1.8842252e-13
-2.2792793e+00 1.7044825e-21 3.3991946e-15 2.2424942e-13
-2.2742743e+00 2.1330846e-21 4.1002320e-15 2.6709794e-13
-2.2692693e+00 2.6681621e-21 4.9395001e-15 3.1792996e-13
-2.2642643e+00 3.3375555e-21 5.9473868e-15 3.7778863e-13
-2.2592593e+00 4.1794029e-21 7.1553889e-15 4.4883595e-13
-2.2542543e+00 5.2317998e-21 8.6130762e-15 5.3338014e-13
-2.2492492e+00 6.5433069e-21 1.0361137e-14 6.3341576e-13
-2.2442442e+00 8.1642762e-21 1.2445712e-14 7.5164843e-13
-2.2392392e+00 1.0181254e-20 1.4928964e-14 8.9158159e-13
-2.2342342e+00 1.2694648e-20 1.7906257e-14 1.0557763e-12
-2.2292292e+00 1.5830688e-20 2.1461295e-14 1.2497411e-12
-2.2242242e+00 1.9727228e-20 2.5717928e-14 1.4791044e-12
-2.2192192e+00 2.4540196e-20 3.0828592e-14 1.7494374e-12
-2.2142142e+00 3.0510764e-20 3.6925721e-14 2.0682333e-12
-2.2092092e+00 3.7915844e-20 4.4232919e-14 2.4441215e-12
-2.2042042e+00 4.7113216e-20 5.2898525e-14 2.8861379e-12
-2.1991992e+00 5.8476973e-20 6.3189179e-14 3.4063256e-12
-2.1941942e+00 7.2544016e-20 7.5443494e-14 4.0164514e-12
-2.1891892e+00 8.9947833e-20 9.0095831e-14 4.7297952e-12
-2.1841842e+00 1.1157641e-19 1.0755900e-13 5.5723186e-12
-2.1791792e+00 1.3842045e-19 1.2842236e-13 6.5690355e-12
-2.1741742e+00 1.7163300e-19 1.5305983e-13 7.7277829e-12
-2.1691692e+00 2.1269822e-19 1.8228301e-13 9.0819812e-12
-2.1641642e+00 2.6344468e-19 2.1696813e-13 1.0666080e-11
-2.1591592e+00 3.2609886e-19 2.5811281e-13 1.2523154e-11
-2.1541542e+00 4.0335493e-19 3.0725175e-13 1.4701475e-11
-2.1491491e+00 4.9875544e-19 3.6539763e-13 1.7249762e-11
-2.1441441e+00 6.1596716e-19 4.3414262e-13 2.0244758e-11
-2.1391391e+00 7.6013876e-19 5.1518052e-13 2.3748536e-11
-2.1341341e+00 9.3823358e-19 6.1191932e-13 2.7841564e-11
-2.1291291e+00 1.1576651e-18 7.2616205e-13 3.2574782e-11
-2.1241241e+00 1.4269092e-18 8.6158055e-13 3.8119336e-11
-2.1191191e+00 1.7589103e-18 1.0211275e-12 4.4623925e-11
-2.1141141e+00 2.1650664e-18 1.2109074e-12 5.2243369e-11
-2.1091091e+00 2.6618437e-18 1.4327481e-12 6.1125156e-11
-2.1041041e+00 3.2708260e-18 1.6964028e-12 7.1566794e-11
-2.0990991e+00 4.0213122e-18 2.0059784e-12 8.3585372e-11
-2.0940941e+00 4.9413851e-18 2.3697525e-12 9.7441731e-11
-2.0890891e+00 6.0686542e-18 2.7989828e-12 1.1356981e-10
-2.0840841e+00 7.4490155e-18 3.3013597e-12 1.3219751e-10
-2.0790791e+00 9.1336272e-18 3.8918154e-12 1.5392012e-10
-2.0740741e+00 1.1183698e-17 4.5924368e-12 1.7896597e-10
-2.0690691e+00 1.3686432e-17 5.4077770e-12 2.0823660e-10
-2.0640641e+00 1.6740088e-17 6.3629171e-12 2.4251060e-10
-2.0590591e+00 2.0463878e-17 7.4870882e-12 2.8190089e-10
-2.0540541e+00 2.5022314e-17 8.8127927e-12 3.2718554e-10
-2.0490490e+00 3.0564345e-17 1.0362024e-11 3.8042991e-10
-2.0440440e+00 3.7325547e-17 1.2174642e-11 4.4137867e-10
-2.0390390e+00 4.5632693e-17 1.4285341e-11 5.1217843e-10
-2.0340340e+00 5.5625587e-17 1.6759133e-11 5.9379678e-10
-2.0290290e+00 6.7778290e-17 1.9649606e-11 6.8790111e-10
-2.0240240e+00 8.2543414e-17 2.3045473e-11 7.9676981e-10
-2.0190190e+00 1.0058124e-16 2.7015522e-11 9.2348095e-10
-2.0140140e+00 1.2252904e-16 3.1615982e-11 1.0693440e-09
-2.0090090e+00 1.4924356e-16 3.7032625e-11 1.2351482e-09
-2.0040040e+00 1.8168317e-16 4.3314382e-11 1.4264008e-09
-1.9989990e+00 2.2114946e-16 5.0590862e-11 1.6470115e-09
-1.9939940e+00 2.6891791e-16 5.9127661e-11 1.9023743e-09
-1.9889890e+00 3.2648255e-16 6.9110788e-11 2.1959163e-09
-1.9839840e+00 3.9637917e-16 8.0620621e-11 2.5332005e-09
-1.9789790e+00 4.8087747e-16 9.4014933e-11 2.9182700e-09
-1.9739740e+00 5.8241715e-16 1.0980622e-10 3.3585476e-09
-1.9689690e+00 7.0524951e-16 1.2801019e-10 3.8680473e-09
-1.9639640e+00 8.5409731e-16 1.4910365e-10 4.4554586e-09
-1.9589590e+00 1.0343717e-15 1.7362463e-10 5.1267043e-09
-1.9539540e+00 1.2525941e-15 2.0219758e-10 5.8944717e-09
-1.9489489e+00 1.5152092e-15 2.3518687e-10 6.7664059e-09
-1.9439439e+00 1.8320033e-15 2.7334188e-10 7.7694852e-09
-1.9389389e+00 2.2118970e-15 3.1755635e-10 8.9156819e-09
-1.9339339e+00 2.6692455e-15 3.6871814e-10 1.0225450e-08
-1.9289289e+00 3.2181570e-15 4.2770348e-10 1.1719608e-08
-1.9239239e+00 3.8779421e-15 4.9610120e-10 1.3416841e-08
-1.9189189e+00 4.6767225e-15 5.7495827e-10 1.5351802e-08
-1.9139139e+00 5.6293387e-15 6.6570002e-10 1.7553392e-08
-1.9089089e+00 6.7713529e-15 7.7055429e-10 2.0043004e-08
-1.9039039e+00 8.1367264e-15 8.9136691e-10 2.2914432e-08
-1.8988989e+00 9.7730418e-15 1.0304421e-09 2.6184489e-08
-1.8938939e+00 1.1743020e-14 1.1905734e-09 2.9907481e-08
-1.8888889e+00 1.4101059e-14 1.3743777e-09 3.4150363e-08
-1.8838839e+00 1.6914462e-14 1.5873716e-09 3.8895740e-08
-1.8788789e+00 2.0284198e-14 1.8302143e-09 4.4333117e-08
-1.8738739e+00 2.4312892e-14 2.1118004e-09 5.0599276e-08
-1.8688689e+00 2.9188178e-14 2.4344594e-09 5.7548408e-08
-1.8638639e+00 3.5030908e-14 2.8084938e-09 6.5511934e-08
-1.8588589e+00 4.1906563e-14 3.2351124e-09 7.4548867e-08
-1.8538539e+00 5.0118587e-14 3.7233709e-09 8.4763265e-08
-1.8488488e+00 5.9979953e-14 4.2871244e-09 9.4440465e-08
-1.8438438e+00 7.1754684e-14 4.9272139e-09 1.0653164e-07
-1.8388388e+00 8.5812549e-14 5.6612433e-09 1.2069872e-07
-1.8338338e+00 1.0255537e-13 6.5099230e-09 1.3563787e-07
-1.8288288e+00 1.2223306e-13 7.4740156e-09 1.5346671e-07
-1.8238238e+00 1.4560294e-13 8.5817214e-09 1.7305768e-07
-1.8188188e+00 1.7343283e-13 9.8360568e-09 1.9597332e-07
-1.8138138e+00 2.0642247e-13 1.1273737e-08 2.2184774e-07
-1.8088088e+00 2.4609256e-13 1.2911236e-08 2.5072340e-07
-1.8038038e+00 2.9330891e-13 1.4778826e-08 2.8361774e-07
-1.7987988e+00 3.4939366e-13 1.6893270e-08 3.2051126e-07
-1.7937938e+00 4.1513303e-13 1.9319590e-08 3.6147808e-07
-1.7887888e+00 4.9269549e-13 2.1910523e-08 4.0820458e-07
-1.7837838e+00 5.8466735e-13 2.4973402e-08 4.6034011e-07
-1.7787788e+00 6.9472818e-13 2.8496658e-08 5.1899830e-07
-1.7737738e+00 8.2667818e-13 3.2433080e-08 5.8508406e-07
-1.7687688e+00 9.8075309e-13 3.6709738e-08 6.5920507e-07
-1.7637638e+00 1.1616962e-12 4.1866702e-08 7.4239982e-07
-1.7587588e+00 1.3744909e-12 4.7738780e-08 8.3438408e-07
-1.7537538e+00 1.6274072e-12 5.4356661e-08 9.3804245e-07
-1.7487487e+00 1.9272488e-12 6.1828064e-08 1.0556480e-06
-1.7437437e+00 2.2810939e-12 7.0315495e-08 1.1861178e-06
-1.7387387e+00 2.6945998e-12 7.9860376e-08 1.3318051e-06
-1.7337337e+00 3.1846893e-12 9.0703219e-08 1.4927641e-06
-1.7287287e+00 3.7618597e-12 1.0293174e-07 1.6765185e-06
-1.7237237e+00 4.4431326e-12 1.1684087e-07 1.8805642e-06
-1.7187187e+00 5.2426525e-12 1.3255792e-07 2.1082533e-06
-1.7137137e+00 6.1798207e-12 1.5033636e-07 2.3576541e-06
-1.7087087e+00 7.2817497e-12 1.7053308e-07 2.6379655e-06
-1.7037037e+00 8.5808291e-12 1.9320829e-07 2.9472670e-06
-1.6986987e+00 1.0113589e-11 2.1853412e-07 3.2953945e-06
-1.6936937e+00 1.1909547e-11 2.4707961e-07 3.6827030e-06
-1.6886887e+00 1.4010578e-11 2.7949029e-07 4.1117534e-06
-1.6836837e+00 1.6473311e-11 3.1604847e-07 4.5888170e-06
-1.6786787e+00 1.9332486e-11 3.5700154e-07 5.1181902e-06
-1.6736737e+00 2.2659053e-11 4.0266822e-07 5.7056615e-06
-1.6686687e+00 2.6580425e-11 4.5392397e-07 6.3564679e-06
-1.6636637e+00 3.1138311e-11 5.1119833e-07 7.0872396e-06
-1.6586587e+00 3.6411452e-11 5.7633825e-07 7.9016505e-06
-1.6536537e+00 4.2554296e-11 6.4844257e-07 8.7930542e-06
-1.6486486e+00 4.9823594e-11 7.3019823e-07 9.7744736e-06
-1.6436436e+00 5.8299038e-11 8.2184284e-07 1.0863960e-05
-1.6386386e+00 6.8057013e-11 9.2332943e-07 1.2057932e-05
-1.6336336e+00 7.9443526e-11 1.0380630e-06 1.3394686e-05
-1.6286286e+00 9.2787009e-11 1.1671083e-06 1.4867294e-05
-1.6236236e+00 1.0822755e-10 1.3091766e-06 1.6493562e-05
-1.6186186e+00 1.2620248e-10 1.4687328e-06 1.8298608e-05
-1.6136136e+00 1.4123663e-10 1.6481710e-06 2.0276219e-05
-1.6086086e+00 1.6437452e-10 1.8467575e-06 2.2459602e-05
-1.6036036e+00 1.9132945e-10 2.0675475e-06 2.4808464e-05
-1.5985986e+00 2.2062566e-10 2.3131117e-06 2.7443011e-05
-1.5935936e+00 2.5471828e-10 2.5883070e-06 3.0360159e-05
-1.5885886e+00 2.9640790e-10 2.8958459e-06 3.3547224e-05
-1.5835836e+00 3.4496604e-10 3.2360309e-06 3.7099283e-05
-1.5785786e+00 4.0088783e-10 3.6139408e-06 4.0899194e-05
-1.5735736e+00 4.6502701e-10 4.0349081e-06 4.5134233e-05
-1.5685686e+00 5.3922546e-10 4.5051981e-06 4.9695098e-05
-1.5635636e+00 6.2492957e-10 5.0201211e-06 5.4749878e-05
-1.5585586e+00 7.2411914e-10 5.5980912e-06 6.0246618e-05
-1.5535536e+00 8.3916249e-10 6.2357058e-06 6.6341029e-05
-1.5485485e+00 9.7338309e-10 6.9431791e-06 7.2974236e-05
-1.5435435e+00 1.1263847e-09 7.7306596e-06 8.0214258e-05
-1.5385385e+00 1.3003952e-09 8.5978492e-06 8.8009359e-05
-1.5335335e+00 1.5032448e-09 9.5605501e-06 9.6662995e-05
-1.5285285e+00 1.7414508e-09 1.0611270e-05 1.0617706e-04
-1.5235235e+00 2.0115441e-09 1.1778251e-05 1.1646064e-04
-1.5185185e+00 2.3219517e-09 1.3067610e-05 1.2770234e-04
-1.5135135e+00 2.6749177e-09 1.4491030e-05 1.3993539e-04
-1.5085085e+00 3.0809101e-09 1.6065307e-05 1.5303589e-04
-1.5035035e+00 3.5474251e-09 1.7785010e-05 1.6738690e-04
-1.4984985e+00 4.0833186e-09 1.9681532e-05 1.8298772e-04
-1.4934935e+00 4.6986847e-09 2.1788666e-05 2.0034007e-04
-1.4884885e+00 5.4111750e-09 2.4116436e-05 2.1912309e-04
-1.4834835e+00 6.2281277e-09 2.6645519e-05 2.3936044e-04
-1.4784785e+00 7.1607030e-09 2.9433494e-05 2.6143327e-04
-1.4734735e+00 8.2143452e-09 3.2492138e-05 2.8519516e-04
-1.4684685e+00 9.4483416e-09 3.5852645e-05 3.1124493e-04
-1.4634635e+00 1.0818408e-08 3.9508719e-05 3.3935387e-04
-1.4584585e+00 1.2422132e-08 4.3517585e-05 3.6949291e-04
-1.4534535e+00 1.4241038e-08 4.7959544e-05 4.0248043e-04
-1.4484484e+00 1.6281810e-08 5.2838220e-05 4.3817681e-04
-1.4434434e+00 1.8629528e-08 5.8141823e-05 4.7644065e-04
-1.4384384e+00 2.1309674e-08 6.3935560e-05 5.1783436e-04
-1.4334334e+00 2.4396907e-08 7.0264004e-05 5.6310445e-04
-1.4284284e+00 2.7864276e-08 7.7230197e-05 6.1087614e-04
-1.4234234e+00 3.1773682e-08 8.4947659e-05 6.6317290e-04
-1.4184184e+00 3.6254570e-08 9.3259312e-05 7.1941441e-04
-1.4134134e+00 4.1312614e-08 1.0230344e-04 7.7898494e-04
-1.4084084e+00 4.7131290e-08 1.1223582e-04 8.4545812e-04
-1.4034034e+00 5.3826621e-08 1.2290708e-04 9.1487428e-04
-1.3983984e+00 6.1345690e-08 1.3457996e-04 9.8987019e-04
-1.3933934e+00 6.9807093e-08 1.4725947e-04 1.0708292e-03
-1.3883884e+00 7.9311375e-08 1.6126360e-04 1.1566576e-03
-1.3833834e+00 9.0253155e-08 1.7639390e-04 1.2504959e-03
-1.3783784e+00 1.0245139e-07 1.9260695e-04 1.3483185e-03
-1.3733734e+00 1.1626876e-07 2.1029275e-04 1.4544072e-03
-1.3683684e+00 1.3185977e-07 2.2958989e-04 1.5705386e-03
-1.3633634e+00 1.4983403e-07 2.5063297e-04 1.6934322e-03
-1.3583584e+00 1.6968120e-07 2.7342109e-04 1.8272721e-03
-1.3533534e+00 1.9253197e-07 2.9804104e-04 1.9667224e-03
-1.3483483e+00 2.1858487e-07 3.2457713e-04 2.1179407e-03
-1.3433433e+00 2.4712222e-07 3.5314889e-04 2.2759288e-03
-1.3383383e+00 2.8017769e-07 3.8416254e-04 2.4477593e-03
-1.3333333e+00 3.1748172e-07 4.1790342e-04 2.6345075e-03
-1.3283283e+00 3.5856789e-07 4.5410491e-04 2.8290205e-03
-1.3233233e+00 4.0526016e-07 4.9357708e-04 3.0328571e-03
-1.3183183e+00 4.5765192e-07 5.3553645e-04 3.2527057e-03
-1.3133133e+00 5.1665017e-07 5.8129773e-04 3.4929005e-03
-1.3083083e+00 5.8115316e-07 6.3121706e-04 3.7391303e-03
-1.3033033e+00 6.5379574e-07 6.8443572e-04 4.0034849e-03
-1.2982983e+00 7.3472680e-07 7.4135154e-04 4.2912189e-03
-1.2932933e+00 8.2547751e-07 8.0243453e-04 4.5816833e-03
-1.2882883e+00 9.2879213e-07 8.6787222e-04 4.9007474e-03
-1.2832833e+00 1.0439553e-06 9.3826806e-04 5.2409550e-03
-1.2782783e+00 1.1715125e-06 1.0134725e-03 5.5917067e-03
-1.2732733e+00 1.3168754e-06 1.0951564e-03 5.9686419e-03
-1.2682683e+00 1.4790679e-06 1.1820986e-03 6.3693792e-03
-1.2632633e+00 1.6566459e-06 1.2764879e-03 6.7852392e-03
-1.2582583e+00 1.8603424e-06 1.3765709e-03 7.2283591e-03
-1.2532533e+00 2.0843745e-06 1.4824178e-03 7.7029287e-03
-1.2482482e+00 2.3393517e-06 1.5962123e-03 8.1881017e-03
-1.2432432e+00 2.6179863e-06 1.7178721e-03 8.7117453e-03
-1.2382382e+00 2.9300754e-06 1.8481556e-03 9.2756952e-03
-1.2332332e+00 3.2803860e-06 1.9857833e-03 9.8580518e-03
-1.2282282e+00 3.6705778e-06 2.1344477e-03 1.0485418e-02
-1.2232232e+00 4.1032241e-06 2.2931050e-03 1.1130062e-02
-1.2182182e+00 4.5871792e-06 2.4653141e-03 1.1812908e-02
-1.2132132e+00 5.1208018e-06 2.6473924e-03 1.2529233e-02
-1.2082082e+00 5.7086506e-06 2.8372753e-03 1.3288248e-02
-1.2032032e+00 6.3688221e-06 3.0433134e-03 1.4087946e-02
-1.1981982e+00 7.0991439e-06 3.2569689e-03 1.4894813e-02
-1.1931932e+00 7.9098042e-06 3.4871496e-03 1.5762095e-02
-1.1881882e+00 8.7972793e-06 3.7313647e-03 1.6686649e-02
-1.1831832e+00 9.7832579e-06 3.9955436e-03 1.7657581e-02
-1.1781782e+00 1.0875451e-05 4.2719591e-03 1.8657599e-02
-1.1731732e+00 1.2093805e-05 4.5669365e-03 1.9682953e-02
-1.1681682e+00 1.3445037e-05 4.8775700e-03 2.0779995e-02
-1.1631632e+00 1.4947020e-05 5.2041422e-03 2.1941808e-02
-1.1581582e+00 1.6611007e-05 5.5521726e-03 2.3158026e-02
-1.1531532e+00 1.8434904e-05 5.9220656e-03 2.4403355e-02
-1.1481481e+00 2.0446636e-05 6.3025590e-03 2.5744585e-02
-1.1431431e+00 2.2629311e-05 6.7157364e-03 2.7114060e-02
-1.1381381e+00 2.5082860e-05 7.1459220e-03 2.8538887e-02
-1.1331331e+00 2.7764738e-05 7.6066152e-03 3.0063459e-02
-1.1281281e+00 3.0674708e-05 8.0914493e-03 3.1556121e-02
-1.1231231e+00 3.4026898e-05 8.5997434e-03 3.3152737e-02
-1.1181181e+00 3.7595454e-05 9.1293973e-03 3.4813403e-02
-1.1131131e+00 4.1515566e-05 9.6902367e-03 3.6605036e-02
-1.1081081e+00 4.5832992e-05 1.0281927e-02 3.8432633e-02
-1.1031031e+00 5.0522133e-05 1.0895389e-02 4.0354479e-02
-1.0980981e+00 5.5697012e-05 1.1549466e-02 4.2295944e-02
-1.0930931e+00 6.1440452e-05 1.2233937e-02 4.4350784e-02
-1.0880881e+00 6.7768674e-05 1.2949419e-02 4.6435840e-02
-1.0830831e+00 7.4425217e-05 1.3706419e-02 4.8545028e-02
-1.0780781e+00 8.1862061e-05 1.4481060e-02 5.0767907e-02
-1.0730731e+00 8.9915164e-05 1.5310569e-02 5.3005956e-02
-1.0680681e+00 9.8847559e-05 1.6180826e-02 5.5469578e-02
-1.0630631e+00 1.0840418e-04 1.7091035e-02 5.7866146e-02
-1.0580581e+00 1.1889240e-04 1.8019929e-02 6.0288391e-02
-1.0530531e+00 1.3047183e-04 1.9015221e-02 6.2927193e-02
-1.0480480e+00 1.4293077e-04 2.0052152e-02 6.5478453e-02
-1.0430430e+00 1.5677563e-04 2.1113958e-02 6.8119676e-02
-1.0380380e+00 1.7223356e-04 2.2218293e-02 7.0898184e-02
-1.0330330e+00 1.8866233e-04 2.3357768e-02 7.3757649e-02
-1.0280280e+00 2.0656131e-04 2.4531244e-02 7.6651370e-02
-1.0230230e+00 2.2568698e-04 2.5773899e-02 7.9668523e-02
-1.0180180e+00 2.4680034e-04 2.7074378e-02 8.2817671e-02
-1.0130130e+00 2.6937647e-04 2.8417699e-02 8.6066846e-02
-1.0080080e+00 2.9424464e-04 2.9825510e-02 8.9303403e-02
-1.0030030e+00 3.2175830e-04 3.1258388e-02 9.2749472e-02
-9.9799800e-01 3.5170728e-04 3.2772167e-02 9.6094906e-02
-9.9299299e-01 3.8356549e-04 3.4355887e-02 9.9659382e-02
-9.8798799e-01 4.1784631e-04 3.5967254e-02 1.0333819e-01
-9.8298298e-01 4.5538969e-04 3.7616149e-02 1.0706563e-01
-9.7797798e-01 4.9596940e-04 3.9291330e-02 1.1091015e-01
-9.7297297e-01 5.3889306e-04 4.1073719e-02 1.1457368e-01
-9.6796797e-01 5.8550067e-04 4.2893035e-02 1.1844809e-01
-9.6296296e-01 6.3694856e-04 4.4780574e-02 1.2220584e-01
-9.5795796e-01 6.9308317e-04 4.6699009e-02 1.2617328e-01
-9.5295295e-01 7.5378410e-04 4.8728476e-02 1.3025812e-01
-9.4794795e-01 8.1752916e-04 5.0752148e-02 1.3425738e-01
-9.4294294e-01 8.8538388e-04 5.2839608e-02 1.3850898e-01
-9.3793794e-01 9.5817725e-04 5.4994550e-02 1.4290946e-01
-9.3293293e-01 1.0394644e-03 5.7181571e-02 1.4717042e-01
-9.2792793e-01 1.1236855e-03 5.9463570e-02 1.5150468e-01
-9.2292292e-01 1.2163869e-03 6.1744443e-02 1.5614206e-01
-9.1791792e-01 1.3114128e-03 6.4123056e-02 1.6061163e-01
-9.1291291e-01 1.4177729e-03 6.6543986e-02 1.6526640e-01
-9.0790791e-01 1.5269481e-03 6.9090818e-02 1.6966987e-01
-9.0290290e-01 1.6513342e-03 7.1644680e-02 1.7372545e-01
-8.9789790e-01 1.7809982e-03 7.4187769e-02 1.7777045e-01
-8.9289289e-01 1.9203068e-03 7.6865161e-02 1.8282981e-01
-8.8788789e-01 2.0698509e-03 7.9569759e-02 1.8808782e-01
-8.8288288e-01 2.2330924e-03 8.2298753e-02 1.9326926e-01
-8.7787788e-01 2.4069080e-03 8.5062421e-02 1.9842735e-01
-8.7287287e-01 2.5893327e-03 8.7871359e-02 2.0376277e-01
-8.6786787e-01 2.7857577e-03 9.0567263e-02 2.0895792e-01
-8.6286286e-01 2.9930742e-03 9.3455405e-02 2.1418443e-01
-8.5785786e-01 3.2148878e-03 9.6393138e-02 2.1959913e-01
-8.5285285e-01 3.4439894e-03 9.9308516e-02 2.2491230e-01
-8.4784785e-01 3.6857658e-03 1.0235813e-01 2.3026555e-01
-8.4284284e-01 3.9523149e-03 1.0541372e-01 2.3598321e-01
-8.3783784e-01 4.2434002e-03 1.0838202e-01 2.4165961e-01
-8.3283283e-01 4.5581562e-03 1.1153076e-01 2.4722604e-01
-8.2782783e-01 4.8763750e-03 1.1467950e-01 2.5277730e-01
-8.2282282e-01 5.2181041e-03 1.1767387e-01 2.5828618e-01
-8.1781782e-01 5.5926307e-03 1.2075104e-01 2.6374353e-01
-8.1281281e-01 5.9851214e-03 1.2393411e-01 2.6940096e-01
-8.0780781e-01 6.3894901e-03 1.2714290e-01 2.7492588e-01
-8.0280280e-01 6.8150850e-03 1.3029022e-01 2.8028836e-01
-7.9779780e-01 7.2667457e-03 1.3338699e-01 2.8599984e-01
-7.9279279e-01 7.7410129e-03 1.3654444e-01 2.9171280e-01
-7.8778779e-01 8.2555175e-03 1.3980753e-01 2.9696385e-01
-7.8278278e-01 8.7961955e-03 1.4303225e-01 3.0240143e-01
-7.7777778e-01 9.3621673e-03 1.4593193e-01 3.0750032e-01
-7.7277277e-01 9.9942460e-03 1.4885507e-01 3.1266848e-01
-7.6776777e-01 1.0636263e-02 1.5169401e-01 3.1735354e-01
-7.6276276e-01 1.1317823e-02 1.5448261e-01 3.2255548e-01
-7.5775776e-01 1.2025998e-02 1.5729058e-01 3.2695680e-01
-7.5275275e-01 1.2780979e-02 1.6000551e-01 3.3130494e-01
-7.4774775e-01 1.3559527e-02 1.6256027e-01 3.3527405e-01
-7.4274274e-01 1.4376488e-02 1.6495936e-01 3.3927046e-01
-7.3773774e-01 1.5259482e-02 1.6736800e-01 3.4303273e-01
-7.3273273e-01 1.6159777e-02 1.6971724e-01 3.4644268e-01
-7.2772773e-01 1.7120370e-02 1.7158966e-01 3.4877770e-01
-7.2272272e-01 1.8103497e-02 1.7349793e-01 3.5089339e-01
-7.1771772e-01 1.9138785e-02 1.7484702e-01 3.5345836e-01
-7.1271271e-01 2.0186020e-02 1.7604016e-01 3.5668940e-01
-7.0770771e-01 2.1371670e-02 1.7765167e-01 3.5973258e-01
-7.0270270e-01 2.2572525e-02 1.7915992e-01 3.6321993e-01
-6.9769770e-01 2.3835123e-02 1.8103717e-01 3.6708140e-01
-6.9269269e-01 2.5201540e-02 1.8287218e-01 3.7090511e-01
-6.8768769e-01 2.6619429e-02 1.8474978e-01 3.7441589e-01
-6.8268268e-01 2.8093849e-02 1.8682709e-01 3.7870097e-01
-6.7767768e-01 2.9507270e-02 1.8899204e-01 3.8294659e-01
-6.7267267e-01 3.0981094e-02 1.9115525e-01 3.8729917e-01
-6.6766767e-01 3.2606638e-02 1.9337960e-01 3.9107134e-01
-6.6266266e-01 3.4355005e-02 1.9583738e-01 3.9543321e-01
-6.5765766e-01 3.6175488e-02 1.9803775e-01 4.0000041e-01
-6.5265265e-01 3.8003538e-02 2.0059201e-01 4.0470454e-01
-6.4764765e-01 3.9938276e-02 2.0298067e-01 4.0986710e-01
-6.4264264e-01 4.1976190e-02 2.0543658e-01 4.1401835e-01
-6.3763764e-01 4.4043664e-02 2.0825537e-01 4.1796788e-01
-6.3263263e-01 4.6107642e-02 2.1080608e-01 4.2250454e-01
-6.2762763e-01 4.8247037e-02 2.1369949e-01 4.2636101e-01
-6.2262262e-01 5.0554639e-02 2.1652547e-01 4.3012018e-01
-6.1761762e-01 5.2766582e-02 2.1913810e-01 4.3416348e-01
-6.1261261e-01 5.5278448e-02 2.2215538e-01 4.3779473e-01
-6.0760761e-01 5.7807175e-02 2.2475153e-01 4.4170259e-01
-6.0260260e-01 6.0334121e-02 2.2739512e-01 4.4506783e-01
-5.9759760e-01 6.3032892e-02 2.3011455e-01 4.4901668e-01
-5.9259259e-01 6.5823949e-02 2.3317871e-01 4.5263542e-01
-5.8758759e-01 6.8681822e-02 2.3580192e-01 4.5580942e-01
-5.8258258e-01 7.1658313e-02 2.3868425e-01 4.5883382e-01
-5.7757758e-01 7.4664127e-02 2.4146354e-01 4.6127709e-01
-5.7257257e-01 7.7521468e-02 2.4395649e-01 4.6409289e-01
-5.6756757e-01 8.0586645e-02 2.4674978e-01 4.6690703e-01
-5.6256256e-01 8.3765516e-02 2.4958524e-01 4.6941925e-01
-5.5755756e-01 8.6882974e-02 2.5210302e-01 4.7220424e-01
-5.5255255e-01 9.0060301e-02 2.5485295e-01 4.7438205e-01
-5.4754755e-01 9.3350672e-02 2.5756383e-01 4.7617882e-01
-5.4254254e-01 9.6495633e-02 2.6032766e-01 4.7803197e-01
-5.3753754e-01 9.9471424e-02 2.6286045e-01 4.7970669e-01
-5.3253253e-01 1.0254930e-01 2.6502768e-01 4.8178327e-01
-5.2752753e-01 1.0587167e-01 2.6730710e-01 4.8309618e-01
-5.2252252e-01 1.0914290e-01 2.6955060e-01 4.8466579e-01
-5.1751752e-01 1.1202533e-01 2.7201413e-01 4.8627882e-01
-5.1251251e-01 1.1507749e-01 2.7428136e-01 4.8783928e-01
-5.0750751e-01 1.1783580e-01 2.7658217e-01 4.8956379e-01
-5.0250250e-01 1.2057364e-01 2.7905507e-01 4.9038400e-01
-4.9749750e-01 1.2337778e-01 2.8084247e-01 4.9178535e-01
-4.9249249e-01 1.2581610e-01 2.8311844e-01 4.9274673e-01
-4.8748749e-01 1.2817356e-01 2.8507169e-01 4.9417198e-01
-4.8248248e-01 1.3077077e-01 2.8722523e-01 4.9569744e-01
-4.7747748e-01 1.3284609e-01 2.8911760e-01 4.9644712e-01
-4.7247247e-01 1.3494811e-01 2.9101301e-01 4.9723751e-01
-4.6746747e-01 1.3699356e-01 2.9307928e-01 4.9870190e-01
-4.6246246e-01 1.3879819e-01 2.9526557e-01 4.9987270e-01
-4.5745746e-01 1.4085514e-01 2.9700045e-01 5.0110628e-01
-4.5245245e-01 1.4271741e-01 2.9925367e-01 5.0241844e-01
-4.4744745e-01 1.4499875e-01 3.0127953e-01 5.0294875e-01
-4.4244244e-01 1.4705033e-01 3.0351306e-01 5.0443418e-01
-4.3743744e-01 1.4920965e-01 3.0511971e-01 5.0585997e-01
-4.3243243e-01 1.5116189e-01 3.0682290e-01 5.0778233e-01
-4.2742743e-01 1.5274261e-01 3.0873337e-01 5.0970530e-01
-4.2242242e-01 1.5480732e-01 3.1073650e-01 5.1141205e-01
-4.1741742e-01 1.5619057e-01 3.1252907e-01 5.1311332e-01
-4.1241241e-01 1.5833161e-01 3.1445893e-01 5.1493237e-01
-4.0740741e-01 1.6023579e-01 3.1649893e-01 5.1623750e-01
-4.0240240e-01 1.6169704e-01 3.1848767e-01 5.1787541e-01
-3.9739740e-01 1.6368345e-01 3.2114050e-01 5.1999605e-01
-3.9239239e-01 1.6557116e-01 3.2385742e-01 5.2243044e-01
-3.8738739e-01 1.6752864e-01 3.2635556e-01 5.2555868e-01
-3.8238238e-01 1.6939853e-01 3.2881612e-01 5.2838194e-01
-3.7737738e-01 1.7133852e-01 3.3128436e-01 5.3097518e-01
-3.7237237e-01 1.7402313e-01 3.3411785e-01 5.3429688e-01
-3.6736737e-01 1.7598580e-01 3.3663667e-01 5.3736829e-01
-3.6236236e-01 1.7810181e-01 3.3918872e-01 5.4010751e-01
-3.5735736e-01 1.7988542e-01 3.4198867e-01 5.4351558e-01
-3.5235235e-01 1.8165375e-01 3.4431336e-01 5.4661816e-01
-3.4734735e-01 1.8388559e-01 3.4738518e-01 5.4938815e-01
-3.4234234e-01 1.8581112e-01 3.4977667e-01 5.5272332e-01
-3.3733734e-01 1.8800594e-01 3.5256438e-01 5.5596648e-01
-3.3233233e-01 1.9005247e-01 3.5558528e-01 5.5917333e-01
-3.2732733e-01 1.9174164e-01 3.5848162e-01 5.6236015e-01
-3.2232232e-01 1.9359617e-01 3.6109612e-01 5.6593898e-01
-3.1731732e-01 1.9561141e-01 3.6355511e-01 5.6947370e-01
-3.1231231e-01 1.9752232e-01 3.6632705e-01 5.7258561e-01
-3.0730731e-01 2.0013033e-01 3.6937181e-01 5.7630849e-01
-3.0230230e-01 2.0228758e-01 3.7254992e-01 5.8098323e-01
-2.9729730e-01 2.0417969e-01 3.7555455e-01 5.8512153e-01
-2.9229229e-01 2.0604324e-01 3.7874960e-01 5.8909981e-01
-2.8728729e-01 2.0800137e-01 3.8160298e-01 5.9311628e-01
-2.8228228e-01 2.1039254e-01 3.8452416e-01 5.9709063e-01
-2.7727728e-01 2.1259288e-01 3.8800072e-01 6.0111825e-01
-2.7227227e-01 2.1486467e-01 3.9108216e-01 6.0545272e-01
-2.6726727e-01 2.1641148e-01 3.9472364e-01 6.1019634e-01
-2.6226226e-01 2.1879991e-01 3.9808550e-01 6.1472597e-01
-2.5725726e-01 2.2090806e-01 4.0122208e-01 6.1936662e-01
-2.5225225e-01 2.2319805e-01 4.0455651e-01 6.2401497e-01
-2.4724725e-01 2.2520694e-01 4.0818277e-01 6.2794985e-01
-2.4224224e-01 2.2742836e-01 4.1141082e-01 6.3271955e-01
-2.3723724e-01 2.2971622e-01 4.1458406e-01 6.3757936e-01
-2.3223223e-01 2.3237080e-01 4.1818517e-01 6.4235551e-01
-2.2722723e-01 2.3469214e-01 4.2158407e-01 6.4746282e-01
-2.2222222e-01 2.3715106e-01 4.2524513e-01 6.5234663e-01
-2.1721722e-01 2.3955897e-01 4.2893763e-01 6.5705351e-01
-2.1221221e-01 2.4217147e-01 4.3239600e-01 6.6199138e-01
-2.0720721e-01 2.4429183e-01 4.3581691e-01 6.6670310e-01
-2.0220220e-01 2.4694606e-01 4.3949081e-01 6.7145669e-01
-1.9719720e-01 2.4970678e-01 4.4302876e-01 6.7648050e-01
-1.9219219e-01 2.5228106e-01 4.4699767e-01 6.8168733e-01
-1.8718719e-01 2.5488979e-01 4.5027632e-01 6.8633293e-01
-1.8218218e-01 2.5728591e-01 4.5346910e-01 6.9115061e-01
-1.7717718e-01 2.5992755e-01 4.5731921e-01 6.9601178e-01
-1.7217217e-01 2.6259857e-01 4.6125322e-01 7.0084216e-01
-1.6716717e-01 2.6516416e-01 4.6469774e-01 7.0442717e-01
-1.6216216e-01 2.6780363e-01 4.6858148e-01 7.0922259e-01
-1.5715716e-01 2.7045440e-01 4.7215967e-01 7.1326311e-01
-1.5215215e-01 2.7318444e-01 4.7609633e-01 7.1795076e-01
-1.4714715e-01 2.7588638e-01 4.7986707e-01 7.2240962e-01
-1.4214214e-01 2.7866176e-01 4.8371641e-01 7.2728494e-01
-1.3713714e-01 2.8136011e-01 4.8748445e-01 7.3115523e-01
-1.3213213e-01 2.8405444e-01 4.9126747e-01 7.3476953e-01
-1.2712713e-01 2.8642740e-01 4.9442352e-01 7.3849212e-01
-1.2212212e-01 2.8860965e-01 4.9826490e-01 7.4292653e-01
-1.1711712e-01 2.9125736e-01 5.0177460e-01 7.4657093e-01
-1.1211211e-01 2.9412594e-01 5.0569468e-01 7.5030398e-01
-1.0710711e-01 2.9673032e-01 5.0923685e-01 7.5423907e-01
-1.0210210e-01 2.9959183e-01 5.1231732e-01 7.5764530e-01
-9.7097097e-02 3.0193231e-01 5.1571500e-01 7.6159918e-01
-9.2092092e-02 3.0490633e-01 5.1871269e-01 7.6472254e-01
-8.7087087e-02 3.0749120e-01 5.2242657e-01 7.6781558e-01
-8.2082082e-02 3.1051999e-01 5.2570165e-01 7.7154843e-01
-7.7077077e-02 3.1339340e-01 5.2806199e-01 7.7495235e-01
-7.2072072e-02 3.1623773e-01 5.3116045e-01 7.7864515e-01
-6.7067067e-02 3.1879170e-01 5.3412637e-01 7.8217182e-01
-6.2062062e-02 3.2156123e-01 5.3715770e-01 7.8458243e-01
-5.7057057e-02 3.2412950e-01 5.4024558e-01 7.8780858e-01
-5.2052052e-02 3.2650235e-01 5.4393199e-01 7.9089974e-01
-4.7047047e-02 3.2922922e-01 5.4667472e-01 7.9327019e-01
-4.2042042e-02 3.3186451e-01 5.4965883e-01 7.9656969e-01
-3.7037037e-02 3.3479205e-01 5.5248240e-01 7.9931495e-01
-3.2032032e-02 3.3733204e-01 5.5546468e-01 8.0257086e-01
-2.7027027e-02 3.3946224e-01 5.5832659e-01 8.0579057e-01
-2.2022022e-02 3.4167989e-01 5.6105201e-01 8.0889906e-01
-1.7017017e-02 3.4409561e-01 5.6363258e-01 8.1126304e-01
-1.2012012e-02 3.4625335e-01 5.6617339e-01 8.1356993e-01
-7.0070070e-03 3.4801683e-01 5.6839692e-01 8.1659467e-01
-2.0020020e-03 3.4999580e-01 5.7074878e-01 8.1847289e-01
3.0030030e-03 3.5187797e-01 5.7314297e-01 8.2018610e-01
8.0080080e-03 3.5384502e-01 5.7569741e-01 8.2225760e-01
1.3013013e-02 3.5559355e-01 5.7814229e-01 8.2398691e-01
1.8018018e-02 3.5744638e-01 5.8057528e-01 8.2638414e-01
2.3023023e-02 3.5929900e-01 5.8291284e-01 8.2857729e-01
2.8028028e-02 3.6089054e-01 5.8478849e-01 8.3016807e-01
3.3033033e-02 3.6234389e-01 5.8688485e-01 8.3176918e-01
3.8038038e-02 3.6439864e-01 5.8900747e-01 8.3289632e-01
4.3043043e-02 3.6611640e-01 5.9067185e-01 8.3469692e-01
4.8048048e-02 3.6843826e-01 5.9212699e-01 8.3602777e-01
5.3053053e-02 3.7014925e-01 5.9353498e-01 8.3684627e-01
5.8058058e-02 3.7193238e-01 5.9483399e-01 8.3803862e-01
6.3063063e-02 3.7334209e-01 5.9623573e-01 8.3948293e-01
6.8068068e-02 3.7473946e-01 5.9788977e-01 8.4137853e-01
7.3073073e-02 3.7667329e-01 5.9975265e-01 8.4265094e-01
7.8078078e-02 3.7765941e-01 6.0140626e-01 8.4437814e-01
8.3083083e-02 3.7966506e-01 6.0351256e-01 8.4573867e-01
8.8088088e-02 3.8077920e-01 6.0481590e-01 8.4656203e-01
9.3093093e-02 3.8213447e-01 6.0698905e-01 8.4760754e-01
9.8098098e-02 3.8307937e-01 6.0855715e-01 8.4838472e-01
1.0310310e-01 3.8399306e-01 6.1036919e-01 8.4976029e-01
1.0810811e-01 3.8512204e-01 6.1176349e-01 8.5030541e-01
1.1311311e-01 3.8663348e-01 6.1288340e-01 8.5090289e-01
1.1811812e-01 3.8850285e-01 6.1388669e-01 8.5177432e-01
1.2312312e-01 3.8928418e-01 6.1506194e-01 8.5311553e-01
1.2812813e-01 3.9028491e-01 6.1607710e-01 8.5409898e-01
1.3313313e-01 3.9222944e-01 6.1660976e-01 8.5510521e-01
1.3813814e-01 3.9399935e-01 6.1756829e-01 8.5565742e-01
1.4314314e-01 3.9590834e-01 6.1806276e-01 8.5646161e-01
1.4814815e-01 3.9822478e-01 6.1939851e-01 8.5714927e-01
1.5315315e-01 4.0010878e-01 6.1956104e-01 8.5795034e-01
1.5815816e-01 4.0235203e-01 6.2049910e-01 8.5843984e-01
1.6316316e-01 4.0464663e-01 6.2120268e-01 8.5906046e-01
1.6816817e-01 4.0652578e-01 6.2239738e-01 8.5917777e-01
1.7317317e-01 4.0828959e-01 6.2321800e-01 8.6030268e-01
1.7817818e-01 4.1057784e-01 6.2417902e-01 8.6061398e-01
1.8318318e-01 4.1201882e-01 6.2546038e-01 8.6177273e-01
1.8818819e-01 4.1385241e-01 6.2672044e-01 8.6136068e-01
1.9319319e-01 4.1592320e-01 6.2811493e-01 8.6158788e-01
1.9819820e-01 4.1779796e-01 6.2923195e-01 8.6258112e-01
2.0320320e-01 4.1998947e-01 6.3097423e-01 8.6316754e-01
2.0820821e-01 4.2195534e-01 6.3245445e-01 8.6373600e-01
2.1321321e-01 4.2387477e-01 6.3391830e-01 8.6419500e-01
2.1821822e-01 4.2659389e-01 6.3537530e-01 8.6382294e-01
2.2322322e-01 4.2920936e-01 6.3643148e-01 8.6490405e-01
2.2822823e-01 4.3219217e-01 6.3784491e-01 8.6577204e-01
2.3323323e-01 4.3509933e-01 6.3932044e-01 8.6658217e-01
2.3823824e-01 4.3822852e-01 6.4091433e-01 8.6705977e-01
2.4324324e-01 4.4131539e-01 6.4265014e-01 8.6786569e-01
2.4824825e-01 4.4445813e-01 6.4440243e-01 8.6859087e-01
2.5325325e-01 4.4720756e-01 6.4671607e-01 8.7015991e-01
2.5825826e-01 4.5050507e-01 6.4882334e-01 8.7131902e-01
2.6326326e-01 4.5444488e-01 6.5170738e-01 8.7241650e-01
2.6826827e-01 4.5793126e-01 6.5396692e-01 8.7349836e-01
2.7327327e-01 4.6192474e-01 6.5625869e-01 8.7451156e-01
2.7827828e-01 4.6591834e-01 6.5923601e-01 8.7516582e-01
2.8328328e-01 4.7069220e-01 6.6247019e-01 8.7631047e-01
2.8828829e-01 4.7464210e-01 6.6517369e-01 8.7743282e-01
2.9329329e-01 4.7831140e-01 6.6787959e-01 8.7889674e-01
2.9829830e-01 4.8247817e-01 6.7133170e-01 8.8071147e-01
3.0330330e-01 4.8700907e-01 6.7482274e-01 8.8265536e-01
3.0830831e-01 4.9162937e-01 6.7847653e-01 8.8454415e-01
3.1331331e-01 4.9676113e-01 6.8253011e-01 8.8615850e-01
3.1831832e-01 5.0167531e-01 6.8640396e-01 8.8918322e-01
3.2332332e-01 5.0646685e-01 6.9052255e-01 8.9232122e-01
3.2832833e-01 5.1116274e-01 6.9439703e-01 8.9528596e-01
3.3333333e-01 5.1639667e-01 6.9892071e-01 8.9838553e-01
3.3833834e-01 5.2083055e-01 7.0342685e-01 9.0159985e-01
3.4334334e-01 5.2638037e-01 7.0802445e-01 9.0438705e-01
3.4834835e-01 5.3151382e-01 7.1330182e-01 9.0781005e-01
3.5335335e-01 5.3676909e-01 7.1877955e-01 9.1138647e-01
3.5835836e-01 5.4236752e-01 7.2432318e-01 9.1541429e-01
3.6336336e-01 5.4798661e-01 7.2983042e-01 9.1955645e-01
3.6836837e-01 5.5314569e-01 7.3515711e-01 9.2469436e-01
3.7337337e-01 5.5851467e-01 7.4058829e-01 9.2959588e-01
3.7837838e-01 5.6387990e-01 7.4625899e-01 9.3409305e-01
3.8338338e-01 5.6921968e-01 7.5246841e-01 9.3950597e-01
3.8838839e-01 5.7520240e-01 7.5800423e-01 9.4479505e-01
3.9339339e-01 5.8085192e-01 7.6379179e-01 9.5070240e-01
3.9839840e-01 5.8597911e-01 7.6935367e-01 9.5644115e-01
4.0340340e-01 5.9142161e-01 7.7508812e-01 9.6242364e-01
4.0840841e-01 5.9714216e-01 7.8139086e-01 9.6878907e-01
4.1341341e-01 6.0267191e-01 7.8740704e-01 9.7562744e-01
4.1841842e-01 6.0721462e-01 7.9407661e-01 9.8227892e-01
4.2342342e-01 6.1250492e-01 8.0050130e-01 9.8920220e-01
4.2842843e-01 6.1733276e-01 8.0669412e-01 9.9600058e-01
4.3343343e-01 6.2217239e-01 8.1276349e-01 1.0027761e+00
4.3843844e-01 6.2736612e-01 8.1927976e-01 1.0107851e+00
4.4344344e-01 6.3183506e-01 8.2599833e-01 1.0184051e+00
4.4844845e-01 6.3665087e-01 8.3257842e-01 1.0265974e+00
4.5345345e-01 6.4063473e-01 8.3865423e-01 1.0347801e+00
4.5845846e-01 6.4474114e-01 8.4402029e-01 1.0430532e+00
4.6346346e-01 6.4890282e-01 8.5035529e-01 1.0513412e+00
4.6846847e-01 6.5343848e-01 8.5699686e-01 1.0600337e+00
4.7347347e-01 6.5827162e-01 8.6315929e-01 1.0690822e+00
4.7847848e-01 6.6277953e-01 8.6889581e-01 1.0771659e+00
4.8348348e-01 6.6687407e-01 8.7503563e-01 1.0861600e+00
4.8848849e-01 6.7123109e-01 8.8190000e-01 1.0949161e+00
4.9349349e-01 6.7552997e-01 8.8851831e-01 1.1031551e+00
4.9849850e-01 6.7947213e-01 8.9414669e-01 1.1121517e+00
5.0350350e-01 6.8314417e-01 8.9988705e-01 1.1206151e+00
5.0850851e-01 6.8615398e-01 9.0525416e-01 1.1290848e+00
5.1351351e-01 6.8995481e-01 9.1090808e-01 1.1372759e+00
5.1851852e-01 6.9357194e-01 9.1592811e-01 1.1447042e+00
5.2352352e-01 6.9625767e-01 9.2177653e-01 1.1527484e+00
5.2852853e-01 7.0012096e-01 9.2717297e-01 1.1611463e+00
5.3353353e-01 7.0329843e-01 9.3224565e-01 1.1693759e+00
5.3853854e-01 7.0686164e-01 9.3789659e-01 1.1773026e+00
5.4354354e-01 7.0962852e-01 9.4352135e-01 1.1853930e+00
5.4854855e-01 7.1207923e-01 9.4835530e-01 1.1923880e+00
5.5355355e-01 7.1485285e-01 9.5339945e-01 1.1987985e+00
5.5855856e-01 7.1799587e-01 9.5808078e-01 1.2049474e+00
5.6356356e-01 7.2010455e-01 9.6251446e-01 1.2119794e+00
5.6856857e-01 7.2186163e-01 9.6637403e-01 1.2181498e+00
5.7357357e-01 7.2363958e-01 9.7054629e-01 1.2235410e+00
5.7857858e-01 7.2593052e-01 9.7452518e-01 1.2291211e+00
5.8358358e-01 7.2792668e-01 9.7860939e-01 1.2343059e+00
5.8858859e-01 7.2899666e-01 9.8178953e-01 1.2397272e+00
5.9359359e-01 7.2990781e-01 9.8480980e-01 1.2442798e+00
5.9859860e-01 7.3155106e-01 9.8757837e-01 1.2482935e+00
6.0360360e-01 7.3265983e-01 9.8999336e-01 1.2517420e+00
6.0860861e-01 7.3342243e-01 9.9232880e-01 1.2556622e+00
6.1361361e-01 7.3383326e-01 9.9372381e-01 1.2587552e+00
6.1861862e-01 7.3529903e-01 9.9521194e-01 1.2616367e+00
6.2362362e-01 7.3533308e-01 9.9640394e-01 1.2638819e+00
6.2862863e-01 7.3536876e-01 9.9763829e-01 1.2653734e+00
6.3363363e-01 7.3568603e-01 9.9867200e-01 1.2665252e+00
6.3863864e-01 7.3515010e-01 9.9919270e-01 1.2664905e+00
6.4364364e-01 7.3417493e-01 9.9979153e-01 1.2669862e+00
6.4864865e-01 7.3301653e-01 1.0000000e+00 1.2668927e+00
6.5365365e-01 7.3202515e-01 9.9962337e-01 1.2661020e+00
6.5865866e-01 7.3038269e-01 9.9863123e-01 1.2649397e+00
6.6366366e-01 7.2867028e-01 9.9781119e-01 1.2630389e+00
6.6866867e-01 7.2607983e-01 9.9689183e-01 1.2612206e+00
6.7367367e-01 7.2409091e-01 9.9550201e-01 1.2598358e+00
6.7867868e-01 7.2131618e-01 9.9386218e-01 1.2580596e+00
6.8368368e-01 7.1846485e-01 9.9163711e-01 1.2551358e+00
6.8868869e-01 7.1567440e-01 9.8930602e-01 1.2522741e+00
6.9369369e-01 7.1210204e-01 9.8624314e-01 1.2500942e+00
6.9869870e-01 7.0845471e-01 9.8258364e-01 1.2466578e+00
7.0370370e-01 7.0428685e-01 9.7856498e-01 1.2432935e+00
7.0870871e-01 6.9964612e-01 9.7433283e-01 1.2390487e+00
7.1371371e-01 6.9487342e-01 9.6941311e-01 1.2343765e+00
7.1871872e-01 6.8979609e-01 9.6420623e-01 1.2291515e+00
7.2372372e-01 6.8468292e-01 9.5844805e-01 1.2242176e+00
7.2872873e-01 6.7937027e-01 9.5213447e-01 1.2186431e+00
7.3373373e-01 6.7397575e-01 9.4579256e-01 1.2122723e+00
7.3873874e-01 6.6860991e-01 9.3983222e-01 1.2050074e+00
7.4374374e-01 6.6315270e-01 9.3343776e-01 1.1973070e+00
7.4874875e-01 6.5730626e-01 9.2652793e-01 1.1891589e+00
7.5375375e-01 6.5157522e-01 9.1960941e-01 1.1805574e+00
7.5875876e-01 6.4596488e-01 9.1290204e-01 1.1712914e+00
7.6376376e-01 6.4022868e-01 9.0563929e-01 1.1614413e+00
7.6876877e-01 6.3447840e-01 8.9775984e-01 1.1511442e+00
7.7377377e-01 6.2875218e-01 8.8957792e-01 1.1410584e+00
7.7877878e-01 6.2253118e-01 8.8111036e-01 1.1303833e+00
7.8378378e-01 6.1639651e-01 8.7248751e-01 1.1189755e+00
7.8878879e-01 6.1020333e-01 8.6294885e-01 1.1082089e+00
7.9379379e-01 6.0407118e-01 8.5390595e-01 1.0966774e+00
7.9879880e-01 5.9700695e-01 8.4411649e-01 1.0856039e+00
8.0380380e-01 5.8999078e-01 8.3440762e-01 1.0736839e+00
8.0880881e-01 5.8236106e-01 8.2428522e-01 1.0618652e+00
8.1381381e-01 5.7487724e-01 8.1441310e-01 1.0502134e+00
8.1881882e-01 5.6697737e-01 8.0359424e-01 1.0383973e+00
8.2382382e-01 5.5874674e-01 7.9263550e-01 1.0264027e+00
8.2882883e-01 5.5037226e-01 7.8221742e-01 1.0141225e+00
8.3383383e-01 5.4202640e-01 7.7149947e-01 1.0021979e+00
8.3883884e-01 5.3318843e-01 7.6035555e-01 9.8978169e-01
8.4384384e-01 5.2389680e-01 7.4925787e-01 9.7699696e-01
8.4884885e-01 5.1484310e-01 7.3804452e-01 9.6453009e-01
8.5385385e-01 5.0532294e-01 7.2626964e-01 9.5177709e-01
8.5885886e-01 4.9588345e-01 7.1520776e-01 9.3900055e-01
8.6386386e-01 4.8627253e-01 7.0350844e-01 9.2589221e-01
8.6886887e-01 4.7695352e-01 6.9156254e-01 9.1242330e-01
8.7387387e-01 4.6739536e-01 6.7952983e-01 8.9894678e-01
8.7887888e-01 4.5785571e-01 6.6756615e-01 8.8558598e-01
8.8388388e-01 4.4853101e-01 6.5535789e-01 8.7199432e-01
8.8888889e-01 4.3869261e-01 6.4357530e-01 8.5893143e-01
8.9389389e-01 4.2960277e-01 6.3138778e-01 8.4531176e-01
8.9889890e-01 4.2024635e-01 6.1954131e-01 8.3149647e-01
9.0390390e-01 4.1136446e-01 6.0777517e-01 8.1812576e-01
9.0890891e-01 4.0242791e-01 5.9592419e-01 8.0399871e-01
9.1391391e-01 3.9290930e-01 5.8341248e-01 7.9023053e-01
9.1891892e-01 3.8371433e-01 5.7142095e-01 7.7648987e-01
9.2392392e-01 3.7404905e-01 5.5952267e-01 7.6268294e-01
9.2892893e-01 3.6418885e-01 5.4745503e-01 7.4891095e-01
9.3393393e-01 3.5481587e-01 5.3528744e-01 7.3529447e-01
9.3893894e-01 3.4552068e-01 5.2310695e-01 7.2097520e-01
9.4394394e-01 3.3641393e-01 5.1101313e-01 7.0710875e-01
9.4894895e-01 3.2725922e-01 4.9938192e-01 6.9360915e-01
9.5395395e-01 3.1807200e-01 4.8790685e-01 6.8014992e-01
9.5895896e-01 3.0860106e-01 4.7622309e-01 6.6679531e-01
9.6396396e-01 2.9965605e-01 4.6468161e-01 6.5307811e-01
9.6896897e-01 2.9103208e-01 4.5336291e-01 6.3944707e-01
9.7397397e-01 2.8241238e-01 4.4186658e-01 6.2639657e-01
9.7897898e-01 2.7383257e-01 4.3067533e-01 6.1315972e-01
9.8398398e-01 2.6512309e-01 4.1974809e-01 6.0008791e-01
9.8898899e-01 2.5667810e-01 4.0845856e-01 5.8702652e-01
9.9399399e-01 2.4851680e-01 3.9786828e-01 5.7383445e-01
9.9899900e-01 2.4048166e-01 3.8712458e-01 5.6090216e-01
1.0040040e+00 2.3248279e-01 3.7688947e-01 5.4821231e-01
1.0090090e+00 2.2461156e-01 3.6666882e-01 5.3525525e-01
1.0140140e+00 2.1698245e-01 3.5651947e-01 5.2240103e-01
1.0190190e+00 2.0928094e-01 3.4637910e-01 5.1006043e-01
1.0240240e+00 2.0164141e-01 3.3641326e-01 4.9776107e-01
1.0290290e+00 1.9428013e-01 3.2687112e-01 4.8536122e-01
1.0340340e+00 1.8699611e-01 3.1714298e-01 4.7322499e-01
1.0390390e+00 1.8014870e-01 3.0767316e-01 4.6118239e-01
1.0440440e+00 1.7334594e-01 2.9846956e-01 4.4936055e-01
1.0490490e+00 1.6666287e-01 2.8931153e-01 4.3754091e-01
1.0540541e+00 1.5996393e-01 2.8055032e-01 4.2594469e-01
1.0590591e+00 1.5350389e-01 2.7167487e-01 4.1450702e-01
1.0640641e+00 1.4719845e-01 2.6309963e-01 4.0323137e-01
1.0690691e+00 1.4110016e-01 2.5466829e-01 3.9183741e-01
1.0740741e+00 1.3510755e-01 2.4633642e-01 3.8104248e-01
1.0790791e+00 1.2927860e-01 2.3818293e-01 3.7023751e-01
1.0840841e+00 1.2348199e-01 2.3033592e-01 3.5951502e-01
1.0890891e+00 1.1793294e-01 2.2258856e-01 3.4896045e-01
1.0940941e+00 1.1266169e-01 2.1510185e-01 3.3862654e-01
1.0990991e+00 1.0754068e-01 2.0765832e-01 3.2851489e-01
1.1041041e+00 1.0253272e-01 2.0050907e-01 3.1852193e-01
1.1091091e+00 9.7662433e-02 1.9349692e-01 3.0893219e-01
1.1141141e+00 9.2998173e-02 1.8681647e-01 2.9951368e-01
1.1191191e+00 8.8538086e-02 1.8028558e-01 2.9018172e-01
1.1241241e+00 8.4306254e-02 1.7378762e-01 2.8112408e-01
1.1291291e+00 8.0220023e-02 1.6753488e-01 2.7219945e-01
1.1341341e+00 7.6361829e-02 1.6143287e-01 2.6337237e-01
1.1391391e+00 7.2531628e-02 1.5547607e-01 2.5481471e-01
1.1441441e+00 6.8947457e-02 1.4970181e-01 2.4639740e-01
1.1491491e+00 6.5530582e-02 1.4407328e-01 2.3798846e-01
1.1541542e+00 6.2185835e-02 1.3870443e-01 2.2989926e-01
1.1591592e+00 5.8984147e-02 1.3342836e-01 2.2194863e-01
1.1641642e+00 5.6002910e-02 1.2826939e-01 2.1423730e-01
1.1691692e+00 5.3058797e-02 1.2330706e-01 2.0662915e-01
1.1741742e+00 5.0233150e-02 1.1845163e-01 1.9927984e-01
1.1791792e+00 4.7475444e-02 1.1375385e-01 1.9209561e-01
1.1841842e+00 4.4957409e-02 1.0922828e-01 1.8511195e-01
1.1891892e+00 4.2512541e-02 1.0479102e-01 1.7844089e-01
1.1941942e+00 4.0164979e-02 1.0051213e-01 1.7184920e-01
1.1991992e+00 3.7932675e-02 9.6406055e-02 1.6542947e-01
1.2042042e+00 3.5792880e-02 9.2448641e-02 1.5915528e-01
1.2092092e+00 3.3771312e-02 8.8593055e-02 1.5308772e-01
1.2142142e+00 3.1859298e-02 8.4827987e-02 1.4718463e-01
1.2192192e+00 2.9996462e-02 8.1209349e-02 1.4134699e-01
1.2242242e+00 2.8273786e-02 7.7724587e-02 1.3580891e-01
1.2292292e+00 2.6617525e-02 7.4385665e-02 1.3044515e-01
1.2342342e+00 2.5037407e-02 7.1184727e-02 1.2516668e-01
1.2392392e+00 2.3557350e-02 6.8040631e-02 1.2009667e-01
1.2442442e+00 2.2146114e-02 6.5041817e-02 1.1520774e-01
1.2492492e+00 2.0807465e-02 6.2172649e-02 1.1039475e-01
1.2542543e+00 1.9528190e-02 5.9341137e-02 1.0576010e-01
1.2592593e+00 1.8324191e-02 5.6645840e-02 1.0125611e-01
1.2642643e+00 1.7181043e-02 5.4065277e-02 9.6896895e-02
1.2692693e+00 1.6112148e-02 5.1564558e-02 9.2655460e-02
1.2742743e+00 1.5094849e-02 4.9189870e-02 8.8597227e-02
1.2792793e+00 1.4130969e-02 4.6883780e-02 8.4680472e-02
1.2842843e+00 1.3231595e-02 4.4661720e-02 8.0907592e-02
1.2892893e+00 1.2369062e-02 4.2523516e-02 7.7248560e-02
1.2942943e+00 1.1564125e-02 4.0475428e-02 7.3749154e-02
1.2992993e+00 1.0802580e-02 3.8519642e-02 7.0355960e-02
1.3043043e+00 1.0078655e-02 3.6628378e-02 6.7062732e-02
1.3093093e+00 9.4126347e-03 3.4816240e-02 6.3903236e-02
1.3143143e+00 8.7865959e-03 3.3081881e-02 6.0857594e-02
1.3193193e+00 8.1970136e-03 3.1421920e-02 5.7960148e-02
1.3243243e+00 7.6378228e-03 2.9838214e-02 5.5161840e-02
1.3293293e+00 7.1208969e-03 2.8317947e-02 5.2457211e-02
1.3343343e+00 6.6288506e-03 2.6865475e-02 4.9872132e-02
1.3393393e+00 6.1639247e-03 2.5483062e-02 4.7381153e-02
1.3443443e+00 5.7359273e-03 2.4153776e-02 4.5013938e-02
1.3493493e+00 5.3299000e-03 2.2898533e-02 4.2734145e-02
1.3543544e+00 4.9480887e-03 2.1677868e-02 4.0559259e-02
1.3593594e+00 4.5915183e-03 2.0519611e-02 3.8480057e-02
1.3643644e+00 4.2623624e-03 1.9408805e-02 3.6494106e-02
1.3693694e+00 3.9561245e-03 1.8353530e-02 3.4568304e-02
1.3743744e+00 3.6641730e-03 1.7351202e-02 3.2735137e-02
1.3793794e+00 3.3963277e-03 1.6388960e-02 3.0992388e-02
1.3843844e+00 3.1487945e-03 1.5482775e-02 2.9308023e-02
1.3893894e+00 2.9136238e-03 1.4616830e-02 2.7705945e-02
1.3943944e+00 2.6958076e-03 1.3790454e-02 2.6183257e-02
1.3993994e+00 2.4928178e-03 1.3008680e-02 2.4735096e-02
1.4044044e+00 2.3035951e-03 1.2264748e-02 2.3362405e-02
1.4094094e+00 2.1271853e-03 1.1557269e-02 2.2045965e-02
1.4144144e+00 1.9633094e-03 1.0885732e-02 2.0803193e-02
1.4194194e+00 1.8109483e-03 1.0248298e-02 1.9612285e-02
1.4244244e+00 1.6721109e-03 9.6389807e-03 1.8475266e-02
1.4294294e+00 1.5392682e-03 9.0585878e-03 1.7403816e-02
1.4344344e+00 1.4170470e-03 8.5130434e-03 1.6385915e-02
1.4394394e+00 1.3051141e-03 7.9958328e-03 1.5424833e-02
1.4444444e+00 1.2007333e-03 7.5077446e-03 1.4503113e-02
1.4494494e+00 1.1028408e-03 7.0450004e-03 1.3624359e-02
1.4544545e+00 1.0150110e-03 6.6088713e-03 1.2804789e-02
1.4594595e+00 9.3212792e-04 6.1971397e-03 1.2021979e-02
1.4644645e+00 8.5627225e-04 5.8074401e-03 1.1280089e-02
1.4694695e+00 7.8543254e-04 5.4403984e-03 1.0576918e-02
1.4744745e+00 7.1990329e-04 5.0920915e-03 9.9157399e-03
1.4794795e+00 6.6041594e-04 4.7646018e-03 9.2909378e-03
1.4844845e+00 6.0493376e-04 4.4567867e-03 8.7036748e-03
1.4894895e+00 5.5393498e-04 4.1661161e-03 8.1457190e-03
1.4944945e+00 5.0723516e-04 3.8908774e-03 7.6209584e-03
1.4994995e+00 4.6396824e-04 3.6311969e-03 7.1270154e-03
1.5045045e+00 4.2397747e-04 3.3877860e-03 6.6583395e-03
1.5095095e+00 3.8752837e-04 3.1604686e-03 6.2198455e-03
1.5145145e+00 3.5359056e-04 2.9460093e-03 5.8083207e-03
1.5195195e+00 3.2252082e-04 2.7461566e-03 5.4193227e-03
1.5245245e+00 2.9422633e-04 2.5580119e-03 5.0530229e-03
1.5295295e+00 2.6865040e-04 2.3815854e-03 4.7104106e-03
1.5345345e+00 2.4474713e-04 2.2172279e-03 4.3887902e-03
1.5395395e+00 2.2308692e-04 2.0614365e-03 4.0880521e-03
1.5445445e+00 2.0309735e-04 1.9169311e-03 3.8052249e-03
1.5495495e+00 1.8488555e-04 1.7813209e-03 3.5390501e-03
1.5545546e+00 1.6799019e-04 1.6544646e-03 3.2904295e-03
1.5595596e+00 1.5274366e-04 1.5359121e-03 3.0579235e-03
1.5645646e+00 1.3869003e-04 1.4255551e-03 2.8403210e-03
1.5695696e+00 1.2584957e-04 1.3216631e-03 2.6364234e-03
1.5745746e+00 1.1417687e-04 1.2242958e-03 2.4461723e-03
1.5795796e+00 1.0357992e-04 1.1336090e-03 2.2681457e-03
1.5845846e+00 9.3864541e-05 1.0495763e-03 2.1012919e-03
1.5895896e+00 8.5040027e-05 9.7085862e-04 1.9463296e-03
1.5945946e+00 7.6979099e-05 8.9779711e-04 1.8021899e-03
1.5995996e+00 6.9671633e-05 8.2969003e-04 1.6675940e-03
1.6046046e+00 6.2986329e-05 7.6663813e-04 1.5422894e-03
1.6096096e+00 5.6973179e-05 7.0792292e-04 1.4261312e-03
1.6146146e+00 5.1436687e-05 6.5341890e-04 1.3176744e-03
1.6196196e+00 4.6430414e-05 6.0292242e-04 1.2167947e-03
1.6246246e+00 4.1898516e-05 5.5586307e-04 1.1227998e-03
1.6296296e+00 3.7822571e-05 5.1201694e-04 1.0354666e-03
1.6346346e+00 3.4101225e-05 4.7144390e-04 9.5475407e-04
1.6396396e+00 3.0741267e-05 4.3388833e-04 8.7984283e-04
1.6446446e+00 2.7705746e-05 3.9914540e-04 8.1012257e-04
1.6496496e+00 2.4947070e-05 3.6695439e-04 7.4567489e-04
1.6546547e+00 2.2444908e-05 3.3732721e-04 6.8580056e-04
1.6596597e+00 2.0172778e-05 3.0979581e-04 6.3045362e-04
1.6646647e+00 1.8136640e-05 2.8432352e-04 5.7935521e-04
1.6696697e+00 1.6294844e-05 2.6090426e-04 5.3220992e-04
1.6746747e+00 1.4631175e-05 2.3930328e-04 4.8852877e-04
1.6796797e+00 1.3112182e-05 2.1935834e-04 4.4810842e-04
1.6846847e+00 1.1750654e-05 2.0103175e-04 4.1074145e-04
1.6896897e+00 1.0531170e-05 1.8408111e-04 3.7653215e-04
1.6946947e+00 9.4249727e-06 1.6839264e-04 3.4496295e-04
1.6996997e+00 8.4426295e-06 1.5397402e-04 3.1578876e-04
1.7047047e+00 7.5524119e-06 1.4077923e-04 2.8902275e-04
1.7097097e+00 6.7583070e-06 1.2866677e-04 2.6431285e-04
1.7147147e+00 6.0391136e-06 1.1746839e-04 2.4152406e-04
1.7197197e+00 5.4048064e-06 1.0720161e-04 2.2059956e-04
1.7247247e+00 4.8276904e-06 9.7769392e-05 2.0137180e-04
1.7297297e+00 4.3034564e-06 8.9137961e-05 1.8375326e-04
1.7347347e+00 3.8361717e-06 8.1239627e-05 1.6756941e-04
1.7397397e+00 3.4210258e-06 7.4019764e-05 1.5269492e-04
1.7447447e+00 3.0487943e-06 6.7381371e-05 1.3906660e-04
1.7497497e+00 2.7159035e-06 6.1311836e-05 1.2663983e-04
1.7547548e+00 2.4190100e-06 5.5762621e-05 1.1528545e-04
1.7597598e+00 2.1526752e-06 5.0678214e-05 1.0483829e-04
1.7647648e+00 1.9139941e-06 4.6056590e-05 9.5292147e-05
1.7697698e+00 1.7005305e-06 4.1820865e-05 8.6557579e-05
1.7747748e+00 1.5110094e-06 3.7952217e-05 7.8607690e-05
1.7797798e+00 1.3407028e-06 3.4418929e-05 7.1322330e-05
1.7847848e+00 1.1897725e-06 3.1199734e-05 6.4677975e-05
1.7897898e+00 1.0548220e-06 2.8266065e-05 5.8626585e-05
1.7947948e+00 9.3401752e-07 2.5592280e-05 5.3130527e-05
1.7997998e+00 8.2745354e-07 2.3162228e-05 4.8124762e-05
1.8048048e+00 7.3240909e-07 2.0950075e-05 4.3564523e-05
1.8098098e+00 6.4754704e-07 1.8938616e-05 3.9414618e-05
1.8148148e+00 5.7208149e-07 1.7115791e-05 3.5631451e-05
1.8198198e+00 5.0550461e-07 1.5455327e-05 3.2201770e-05
1.8248248e+00 4.4638171e-07 1.3951974e-05 2.9090997e-05
1.8298298e+00 3.9423766e-07 1.2588295e-05 2.6268436e-05
1.8348348e+00 3.4797856e-07 1.1350758e-05 2.3703466e-05
1.8398398e+00 3.0689429e-07 1.0228661e-05 2.1366098e-05
1.8448448e+00 2.7080626e-07 9.2111722e-06 1.9255424e-05
1.8498498e+00 2.3876809e-07 8.2900766e-06 1.7340103e-05
1.8548549e+00 2.0998890e-07 7.4608861e-06 1.5616980e-05
1.8598599e+00 1.8483673e-07 6.7093264e-06 1.4056944e-05
1.8648649e+00 1.6257124e-07 6.0300659e-06 1.2643794e-05
1.8698699e+00 1.4292779e-07 5.4171388e-06 1.1364633e-05
1.8748749e+00 1.2561492e-07 4.8647707e-06 1.0209395e-05
1.8798799e+00 1.1032623e-07 4.3655545e-06 9.1675389e-06
1.8848849e+00 9.6824309e-08 3.9143930e-06 8.2250775e-06
1.8898899e+00 8.4895459e-08 3.5085905e-06 7.3801356e-06
1.8948949e+00 7.4411658e-08 3.1431302e-06 6.6183455e-06
1.8998999e+00 6.5185173e-08 2.8142788e-06 5.9298674e-06
1.9049049e+00 5.7131780e-08 2.5186471e-06 5.3106738e-06
1.9099099e+00 4.9981450e-08 2.2523761e-06 4.7536683e-06
1.9149149e+00 4.3707729e-08 2.0136692e-06 4.2520963e-06
1.9199199e+00 3.8190416e-08 1.7988160e-06 3.8001540e-06
1.9249249e+00 3.3371613e-08 1.6065797e-06 3.3953312e-06
1.9299299e+00 2.9152569e-08 1.4338513e-06 3.0325318e-06
1.9349349e+00 2.5464640e-08 1.2788781e-06 2.7062010e-06
1.9399399e+00 2.2199438e-08 1.1401273e-06 2.4141369e-06
1.9449449e+00 1.9374316e-08 1.0159438e-06 2.1520979e-06
1.9499499e+00 1.6904754e-08 9.0461636e-07 1.9184728e-06
1.9549550e+00 1.4727173e-08 8.0522166e-07 1.7087414e-06
1.9599600e+00 1.2803860e-08 7.1619314e-07 1.5206258e-06
1.9649650e+00 1.1142168e-08 6.3672857e-07 1.3522092e-06
1.9699700e+00 9.6800012e-09 5.6592393e-07 1.2027019e-06
1.9749750e+00 8.4148346e-09 5.0267973e-07 1.0685583e-06
1.9799800e+00 7.3113611e-09 4.4618960e-07 9.4915254e-07
1.9849850e+00 6.3503338e-09 3.9586448e-07 8.4275324e-07
1.9899900e+00 5.5036951e-09 3.5106966e-07 7.4767931e-07
1.9949950e+00 4.7785167e-09 3.1123842e-07 6.6319980e-07
2.0000000e+00 4.1407194e-09 2.7572761e-07 5.8768774e-07
