X KDE_INF KDE_MED KDE_SUP
0.0000000e+00 7.4443789e-01 7.7600376e-01 8.0618373e-01
3.0030030e-03 7.5154351e-01 7.8301934e-01 8.1305645e-01
6.0060060e-03 7.5857651e-01 7.8998753e-01 8.1996735e-01
9.0090090e-03 7.6551762e-01 7.9691008e-01 8.2675904e-01
1.2012012e-02 7.7239098e-01 8.0376195e-01 8.3345851e-01
1.5015015e-02 7.7922185e-01 8.1051486e-01 8.4014618e-01
1.8018018e-02 7.8594892e-01 8.1720662e-01 8.4673424e-01
2.1021021e-02 7.9260308e-01 8.2377311e-01 8.5325199e-01
2.4024024e-02 7.9924627e-01 8.3031774e-01 8.5968028e-01
2.7027027e-02 8.0569302e-01 8.3675028e-01 8.6597069e-01
3.0030030e-02 8.1211201e-01 8.4308979e-01 8.7216352e-01
3.3033033e-02 8.1848233e-01 8.4931479e-01 8.7819365e-01
3.6036036e-02 8.2474045e-01 8.5544800e-01 8.8410936e-01
3.9039039e-02 8.3087364e-01 8.6149816e-01 8.8999873e-01
4.2042042e-02 8.3700144e-01 8.6743810e-01 8.9581008e-01
4.5045045e-02 8.4298793e-01 8.7328234e-01 9.0141580e-01
4.8048048e-02 8.4886773e-01 8.7904643e-01 9.0701121e-01
5.1051051e-02 8.5467451e-01 8.8467476e-01 9.1253819e-01
5.4054054e-02 8.6033116e-01 8.9020270e-01 9.1784710e-01
5.7057057e-02 8.6585483e-01 8.9563466e-01 9.2307806e-01
6.0060060e-02 8.7127205e-01 9.0093773e-01 9.2821133e-01
6.3063063e-02 8.7657798e-01 9.0612243e-01 9.3314424e-01
6.6066066e-02 8.8180321e-01 9.1114116e-01 9.3804212e-01
6.9069069e-02 8.8693813e-01 9.1609898e-01 9.4274267e-01
7.2072072e-02 8.9195816e-01 9.2093134e-01 9.4731642e-01
7.5075075e-02 8.9689521e-01 9.2562193e-01 9.5179211e-01
7.8078078e-02 9.0163057e-01 9.3019830e-01 9.5613455e-01
8.1081081e-02 9.0625211e-01 9.3461420e-01 9.6030536e-01
8.4084084e-02 9.1065845e-01 9.3890935e-01 9.6440181e-01
8.7087087e-02 9.1500110e-01 9.4308233e-01 9.6834462e-01
9.0090090e-02 9.1918213e-01 9.4712290e-01 9.7222259e-01
9.3093093e-02 9.2326350e-01 9.5096922e-01 9.7592016e-01
9.6096096e-02 9.2726116e-01 9.5473760e-01 9.7952214e-01
9.9099099e-02 9.3108205e-01 9.5834671e-01 9.8295276e-01
1.0210210e-01 9.3479431e-01 9.6181603e-01 9.8618822e-01
1.0510511e-01 9.3829557e-01 9.6512298e-01 9.8932872e-01
1.0810811e-01 9.4169864e-01 9.6831650e-01 9.9224500e-01
1.1111111e-01 9.4500521e-01 9.7137003e-01 9.9510607e-01
1.1411411e-01 9.4806836e-01 9.7424401e-01 9.9784412e-01
1.1711712e-01 9.5101310e-01 9.7702046e-01 1.0004543e+00
1.2012012e-01 9.5373361e-01 9.7959822e-01 1.0028053e+00
1.2312312e-01 9.5637257e-01 9.8204435e-01 1.0051160e+00
1.2612613e-01 9.5882412e-01 9.8433984e-01 1.0071786e+00
1.2912913e-01 9.6110886e-01 9.8647497e-01 1.0090983e+00
1.3213213e-01 9.6330587e-01 9.8842998e-01 1.0109074e+00
1.3513514e-01 9.6537689e-01 9.9027042e-01 1.0125435e+00
1.3813814e-01 9.6726301e-01 9.9197746e-01 1.0140795e+00
1.4114114e-01 9.6897825e-01 9.9352907e-01 1.0154345e+00
1.4414414e-01 9.7048769e-01 9.9494034e-01 1.0165821e+00
1.4714715e-01 9.7183444e-01 9.9612846e-01 1.0176364e+00
1.5015015e-01 9.7300436e-01 9.9712536e-01 1.0185420e+00
1.5315315e-01 9.7405892e-01 9.9798857e-01 1.0192699e+00
1.5615616e-01 9.7495392e-01 9.9870659e-01 1.0199093e+00
1.5915916e-01 9.7563480e-01 9.9929031e-01 1.0203564e+00
1.6216216e-01 9.7619057e-01 9.9969852e-01 1.0205632e+00
1.6516517e-01 9.7654095e-01 9.9995240e-01 1.0207306e+00
1.6816817e-01 9.7674995e-01 1.0000000e+00 1.0207032e+00
1.7117117e-01 9.7682032e-01 9.9993578e-01 1.0205810e+00
1.7417417e-01 9.7667446e-01 9.9975712e-01 1.0203133e+00
1.7717718e-01 9.7635162e-01 9.9936586e-01 1.0197647e+00
1.8018018e-01 9.7579033e-01 9.9882650e-01 1.0192038e+00
1.8318318e-01 9.7513029e-01 9.9807732e-01 1.0184361e+00
1.8618619e-01 9.7433162e-01 9.9719191e-01 1.0174744e+00
1.8918919e-01 9.7333248e-01 9.9618965e-01 1.0164834e+00
1.9219219e-01 9.7219356e-01 9.9501397e-01 1.0152906e+00
1.9519520e-01 9.7092897e-01 9.9370556e-01 1.0139705e+00
1.9819820e-01 9.6943884e-01 9.9227202e-01 1.0125208e+00
2.0120120e-01 9.6784607e-01 9.9058424e-01 1.0108968e+00
2.0420420e-01 9.6608533e-01 9.8882448e-01 1.0091367e+00
2.0720721e-01 9.6411103e-01 9.8689297e-01 1.0072546e+00
2.1021021e-01 9.6198671e-01 9.8476318e-01 1.0052047e+00
2.1321321e-01 9.5967180e-01 9.8254293e-01 1.0030957e+00
2.1621622e-01 9.5715690e-01 9.8010015e-01 1.0007419e+00
2.1921922e-01 9.5450160e-01 9.7758964e-01 9.9829668e-01
2.2222222e-01 9.5178216e-01 9.7490514e-01 9.9574184e-01
2.2522523e-01 9.4882757e-01 9.7205802e-01 9.9304250e-01
2.2822823e-01 9.4572758e-01 9.6907487e-01 9.9016395e-01
2.3123123e-01 9.4253086e-01 9.6592207e-01 9.8720940e-01
2.3423423e-01 9.3923118e-01 9.6265122e-01 9.8409633e-01
2.3723724e-01 9.3568226e-01 9.5925769e-01 9.8090009e-01
2.4024024e-01 9.3201459e-01 9.5569556e-01 9.7758661e-01
2.4324324e-01 9.2827011e-01 9.5202763e-01 9.7405758e-01
2.4624625e-01 9.2432911e-01 9.4821335e-01 9.7037791e-01
2.4924925e-01 9.2026463e-01 9.4426804e-01 9.6658576e-01
2.5225225e-01 9.1609099e-01 9.4023095e-01 9.6260380e-01
2.5525526e-01 9.1174730e-01 9.3603270e-01 9.5855508e-01
2.5825826e-01 9.0731180e-01 9.3169395e-01 9.5441747e-01
2.6126126e-01 9.0264390e-01 9.2727589e-01 9.5013937e-01
2.6426426e-01 8.9794226e-01 9.2273154e-01 9.4570353e-01
2.6726727e-01 8.9310389e-01 9.1804292e-01 9.4126723e-01
2.7027027e-01 8.8817525e-01 9.1322365e-01 9.3666307e-01
2.7327327e-01 8.8313200e-01 9.0830941e-01 9.3201868e-01
2.7627628e-01 8.7787244e-01 9.0329395e-01 9.2714103e-01
2.7927928e-01 8.7259994e-01 8.9817802e-01 9.2218177e-01
2.8228228e-01 8.6720137e-01 8.9293394e-01 9.1705630e-01
2.8528529e-01 8.6167086e-01 8.8759720e-01 9.1187423e-01
2.8828829e-01 8.5603979e-01 8.8216780e-01 9.0664161e-01
2.9129129e-01 8.5030183e-01 8.7657016e-01 9.0129991e-01
2.9429429e-01 8.4449051e-01 8.7095134e-01 8.9586567e-01
2.9729730e-01 8.3861525e-01 8.6516673e-01 8.9030777e-01
3.0030030e-01 8.3255706e-01 8.5932823e-01 8.8460420e-01
3.0330330e-01 8.2647919e-01 8.5341671e-01 8.7883189e-01
3.0630631e-01 8.2028065e-01 8.4742029e-01 8.7297526e-01
3.0930931e-01 8.1401670e-01 8.4128970e-01 8.6705080e-01
3.1231231e-01 8.0763234e-01 8.3507775e-01 8.6097319e-01
3.1531532e-01 8.0123120e-01 8.2877440e-01 8.5491024e-01
3.1831832e-01 7.9473503e-01 8.2244566e-01 8.4875563e-01
3.2132132e-01 7.8816980e-01 8.1602155e-01 8.4252753e-01
3.2432432e-01 7.8150666e-01 8.0949380e-01 8.3620858e-01
3.2732733e-01 7.7487846e-01 8.0292024e-01 8.2983043e-01
3.3033033e-01 7.6809846e-01 7.9633120e-01 8.2339038e-01
3.3333333e-01 7.6123911e-01 7.8967463e-01 8.1688810e-01
3.3633634e-01 7.5441200e-01 7.8289001e-01 8.1024936e-01
3.3933934e-01 7.4747204e-01 7.7602202e-01 8.0364047e-01
3.4234234e-01 7.4051892e-01 7.6913831e-01 7.9689079e-01
3.4534535e-01 7.3345894e-01 7.6220527e-01 7.9012365e-01
3.4834835e-01 7.2642042e-01 7.5522952e-01 7.8327960e-01
3.5135135e-01 7.1933722e-01 7.4820955e-01 7.7638599e-01
3.5435435e-01 7.1217154e-01 7.4114867e-01 7.6945387e-01
3.5735736e-01 7.0493786e-01 7.3405524e-01 7.6250680e-01
3.6036036e-01 6.9772802e-01 7.2691223e-01 7.5548271e-01
3.6336336e-01 6.9046253e-01 7.1971502e-01 7.4840437e-01
3.6636637e-01 6.8320332e-01 7.1251458e-01 7.4120987e-01
3.6936937e-01 6.7582072e-01 7.0531206e-01 7.3410423e-01
3.7237237e-01 6.6848110e-01 6.9804968e-01 7.2697393e-01
3.7537538e-01 6.6108377e-01 6.9071151e-01 7.1978441e-01
3.7837838e-01 6.5366801e-01 6.8337167e-01 7.1251970e-01
3.8138138e-01 6.4623884e-01 6.7600359e-01 7.0522201e-01
3.8438438e-01 6.3884983e-01 6.6863235e-01 6.9794420e-01
3.8738739e-01 6.3139494e-01 6.6123259e-01 6.9058683e-01
3.9039039e-01 6.2396988e-01 6.5378258e-01 6.8325677e-01
3.9339339e-01 6.1657511e-01 6.4637544e-01 6.7590207e-01
3.9639640e-01 6.0916634e-01 6.3891646e-01 6.6850696e-01
3.9939940e-01 6.0171711e-01 6.3140921e-01 6.6112012e-01
4.0240240e-01 5.9423875e-01 6.2396396e-01 6.5379080e-01
4.0540541e-01 5.8683648e-01 6.1653816e-01 6.4643946e-01
4.0840841e-01 5.7937635e-01 6.0909670e-01 6.3895345e-01
4.1141141e-01 5.7196106e-01 6.0167350e-01 6.3157679e-01
4.1441441e-01 5.6455827e-01 5.9426451e-01 6.2412276e-01
4.1741742e-01 5.5713220e-01 5.8679090e-01 6.1670883e-01
4.2042042e-01 5.4970798e-01 5.7935756e-01 6.0928400e-01
4.2342342e-01 5.4232432e-01 5.7197573e-01 6.0189226e-01
4.2642643e-01 5.3499532e-01 5.6456712e-01 5.9448004e-01
4.2942943e-01 5.2764341e-01 5.5717220e-01 5.8716160e-01
4.3243243e-01 5.2030185e-01 5.4978282e-01 5.7976691e-01
4.3543544e-01 5.1302720e-01 5.4246130e-01 5.7240006e-01
4.3843844e-01 5.0577142e-01 5.3514717e-01 5.6512624e-01
4.4144144e-01 4.9854561e-01 5.2785260e-01 5.5777927e-01
4.4444444e-01 4.9132764e-01 5.2056750e-01 5.5051964e-01
4.4744745e-01 4.8415142e-01 5.1334477e-01 5.4320419e-01
4.5045045e-01 4.7703912e-01 5.0614536e-01 5.3594330e-01
4.5345345e-01 4.7000557e-01 4.9895945e-01 5.2873690e-01
4.5645646e-01 4.6295516e-01 4.9180753e-01 5.2153390e-01
4.5945946e-01 4.5593420e-01 4.8469191e-01 5.1443817e-01
4.6246246e-01 4.4893987e-01 4.7769087e-01 5.0734019e-01
4.6546547e-01 4.4201965e-01 4.7067764e-01 5.0019909e-01
4.6846847e-01 4.3512803e-01 4.6372796e-01 4.9319820e-01
4.7147147e-01 4.2829985e-01 4.5674788e-01 4.8615647e-01
4.7447447e-01 4.2148777e-01 4.4978313e-01 4.7913887e-01
4.7747748e-01 4.1472940e-01 4.4290835e-01 4.7217136e-01
4.8048048e-01 4.0799631e-01 4.3610645e-01 4.6528505e-01
4.8348348e-01 4.0131181e-01 4.2933844e-01 4.5845027e-01
4.8648649e-01 3.9476033e-01 4.2257802e-01 4.5162267e-01
4.8948949e-01 3.8828322e-01 4.1581981e-01 4.4487544e-01
4.9249249e-01 3.8178675e-01 4.0917854e-01 4.3811628e-01
4.9549550e-01 3.7534609e-01 4.0257704e-01 4.3148222e-01
4.9849850e-01 3.6898881e-01 3.9607093e-01 4.2478456e-01
5.0150150e-01 3.6262693e-01 3.8960921e-01 4.1823809e-01
5.0450450e-01 3.5634610e-01 3.8320529e-01 4.1169647e-01
5.0750751e-01 3.5013545e-01 3.7686443e-01 4.0525743e-01
5.1051051e-01 3.4399872e-01 3.7059537e-01 3.9885420e-01
5.1351351e-01 3.3791429e-01 3.6437338e-01 3.9250602e-01
5.1651652e-01 3.3189515e-01 3.5821013e-01 3.8621329e-01
5.1951952e-01 3.2593376e-01 3.5213515e-01 3.7992684e-01
5.2252252e-01 3.2002668e-01 3.4608582e-01 3.7371757e-01
5.2552553e-01 3.1419191e-01 3.4009562e-01 3.6760331e-01
5.2852853e-01 3.0841604e-01 3.3417738e-01 3.6159853e-01
5.3153153e-01 3.0267677e-01 3.2831755e-01 3.5555046e-01
5.3453453e-01 2.9707103e-01 3.2250008e-01 3.4962768e-01
5.3753754e-01 2.9153941e-01 3.1677672e-01 3.4374709e-01
5.4054054e-01 2.8597472e-01 3.1110418e-01 3.3786737e-01
5.4354354e-01 2.8056899e-01 3.0549568e-01 3.3208354e-01
5.4654655e-01 2.7518632e-01 2.9985603e-01 3.2634732e-01
5.4954955e-01 2.6991281e-01 2.9436272e-01 3.2070240e-01
5.5255255e-01 2.6466995e-01 2.8894001e-01 3.1508745e-01
5.5555556e-01 2.5946352e-01 2.8355493e-01 3.0956576e-01
5.5855856e-01 2.5435827e-01 2.7828527e-01 3.0406773e-01
5.6156156e-01 2.4929824e-01 2.7302313e-01 2.9866728e-01
5.6456456e-01 2.4431044e-01 2.6783580e-01 2.9341357e-01
5.6756757e-01 2.3939355e-01 2.6270568e-01 2.8816337e-01
5.7057057e-01 2.3451342e-01 2.5767878e-01 2.8299152e-01
5.7357357e-01 2.2972986e-01 2.5268302e-01 2.7784512e-01
5.7657658e-01 2.2497825e-01 2.4775982e-01 2.7280089e-01
5.7957958e-01 2.2034395e-01 2.4289382e-01 2.6782916e-01
5.8258258e-01 2.1580145e-01 2.3809167e-01 2.6289970e-01
5.8558559e-01 2.1127589e-01 2.3339609e-01 2.5803827e-01
5.8858859e-01 2.0683759e-01 2.2874368e-01 2.5320442e-01
5.9159159e-01 2.0247424e-01 2.2417529e-01 2.4852091e-01
5.9459459e-01 1.9813810e-01 2.1966120e-01 2.4385767e-01
5.9759760e-01 1.9390011e-01 2.1522627e-01 2.3917756e-01
6.0060060e-01 1.8975688e-01 2.1086012e-01 2.3474171e-01
6.0360360e-01 1.8565244e-01 2.0656590e-01 2.3025866e-01
6.0660661e-01 1.8159243e-01 2.0230686e-01 2.2588224e-01
6.0960961e-01 1.7760909e-01 1.9817489e-01 2.2156566e-01
6.1261261e-01 1.7368070e-01 1.9409366e-01 2.1728305e-01
6.1561562e-01 1.6979975e-01 1.9005031e-01 2.1304302e-01
6.1861862e-01 1.6601424e-01 1.8608787e-01 2.0893579e-01
6.2162162e-01 1.6228107e-01 1.8214862e-01 2.0484114e-01
6.2462462e-01 1.5862187e-01 1.7830694e-01 2.0082937e-01
6.2762763e-01 1.5499567e-01 1.7456407e-01 1.9687911e-01
6.3063063e-01 1.5145430e-01 1.7087443e-01 1.9299217e-01
6.3363363e-01 1.4799053e-01 1.6726138e-01 1.8917460e-01
6.3663664e-01 1.4454210e-01 1.6363787e-01 1.8542454e-01
6.3963964e-01 1.4119415e-01 1.6009839e-01 1.8173615e-01
6.4264264e-01 1.3787986e-01 1.5666034e-01 1.7815374e-01
6.4564565e-01 1.3465824e-01 1.5324787e-01 1.7461981e-01
6.4864865e-01 1.3148186e-01 1.4990219e-01 1.7114706e-01
6.5165165e-01 1.2835259e-01 1.4660166e-01 1.6774668e-01
6.5465465e-01 1.2529798e-01 1.4335316e-01 1.6437082e-01
6.5765766e-01 1.2227729e-01 1.4018386e-01 1.6107101e-01
6.6066066e-01 1.1932351e-01 1.3703972e-01 1.5780332e-01
6.6366366e-01 1.1645596e-01 1.3397987e-01 1.5465541e-01
6.6666667e-01 1.1363123e-01 1.3097650e-01 1.5155765e-01
6.6966967e-01 1.1086161e-01 1.2805301e-01 1.4845218e-01
6.7267267e-01 1.0812136e-01 1.2514172e-01 1.4547265e-01
6.7567568e-01 1.0546520e-01 1.2228628e-01 1.4251427e-01
6.7867868e-01 1.0284833e-01 1.1952242e-01 1.3962084e-01
6.8168168e-01 1.0027054e-01 1.1680526e-01 1.3671899e-01
6.8468468e-01 9.7747447e-02 1.1414283e-01 1.3390431e-01
6.8768769e-01 9.5277592e-02 1.1154861e-01 1.3115609e-01
6.9069069e-01 9.2880232e-02 1.0898386e-01 1.2845319e-01
6.9369369e-01 9.0513587e-02 1.0647970e-01 1.2586217e-01
6.9669670e-01 8.8195075e-02 1.0400684e-01 1.2326157e-01
6.9969970e-01 8.5944119e-02 1.0161375e-01 1.2072008e-01
7.0270270e-01 8.3741954e-02 9.9267371e-02 1.1819767e-01
7.0570571e-01 8.1580956e-02 9.6952852e-02 1.1576981e-01
7.0870871e-01 7.9464598e-02 9.4672914e-02 1.1337004e-01
7.1171171e-01 7.7402132e-02 9.2474312e-02 1.1106725e-01
7.1471471e-01 7.5393363e-02 9.0335586e-02 1.0877327e-01
7.1771772e-01 7.3412969e-02 8.8205889e-02 1.0651385e-01
7.2072072e-01 7.1482312e-02 8.6128879e-02 1.0432145e-01
7.2372372e-01 6.9573692e-02 8.4075106e-02 1.0218915e-01
7.2672673e-01 6.7740786e-02 8.2088033e-02 1.0010206e-01
7.2972973e-01 6.5926440e-02 8.0147961e-02 9.8050804e-02
7.3273273e-01 6.4160569e-02 7.8247581e-02 9.6035634e-02
7.3573574e-01 6.2421774e-02 7.6388592e-02 9.4055605e-02
7.3873874e-01 6.0722223e-02 7.4590089e-02 9.2185681e-02
7.4174174e-01 5.9076805e-02 7.2798109e-02 9.0305078e-02
7.4474474e-01 5.7476248e-02 7.1057093e-02 8.8467017e-02
7.4774775e-01 5.5896429e-02 6.9334346e-02 8.6684218e-02
7.5075075e-01 5.4365543e-02 6.7686329e-02 8.4918707e-02
7.5375375e-01 5.2869714e-02 6.6059729e-02 8.3219465e-02
7.5675676e-01 5.1410220e-02 6.4479268e-02 8.1568900e-02
7.5975976e-01 4.9964260e-02 6.2913394e-02 7.9941694e-02
7.6276276e-01 4.8559570e-02 6.1404435e-02 7.8319888e-02
7.6576577e-01 4.7181396e-02 5.9917169e-02 7.6792405e-02
7.6876877e-01 4.5860115e-02 5.8450998e-02 7.5257476e-02
7.7177177e-01 4.4560064e-02 5.7018599e-02 7.3737358e-02
7.7477477e-01 4.3284904e-02 5.5646689e-02 7.2280752e-02
7.7777778e-01 4.2026299e-02 5.4291753e-02 7.0873657e-02
7.8078078e-01 4.0842340e-02 5.2971306e-02 6.9470078e-02
7.8378378e-01 3.9671832e-02 5.1713968e-02 6.8087860e-02
7.8678679e-01 3.8523445e-02 5.0460530e-02 6.6771613e-02
7.8978979e-01 3.7397230e-02 4.9264067e-02 6.5510614e-02
7.9279279e-01 3.6329570e-02 4.8066874e-02 6.4268491e-02
7.9579580e-01 3.5264385e-02 4.6915165e-02 6.3034435e-02
7.9879880e-01 3.4248635e-02 4.5787429e-02 6.1846100e-02
8.0180180e-01 3.3265646e-02 4.4674519e-02 6.0689699e-02
8.0480480e-01 3.2292317e-02 4.3599072e-02 5.9554947e-02
8.0780781e-01 3.1347725e-02 4.2552477e-02 5.8419428e-02
8.1081081e-01 3.0415755e-02 4.1525706e-02 5.7329132e-02
8.1381381e-01 2.9512963e-02 4.0534216e-02 5.6290582e-02
8.1681682e-01 2.8636662e-02 3.9567099e-02 5.5264562e-02
8.1981982e-01 2.7782646e-02 3.8624180e-02 5.4265626e-02
8.2282282e-01 2.6947719e-02 3.7698917e-02 5.3288567e-02
8.2582583e-01 2.6126889e-02 3.6777106e-02 5.2301882e-02
8.2882883e-01 2.5331672e-02 3.5883322e-02 5.1328219e-02
8.3183183e-01 2.4553627e-02 3.5018716e-02 5.0399225e-02
8.3483483e-01 2.3812568e-02 3.4175583e-02 4.9467776e-02
8.3783784e-01 2.3080977e-02 3.3366913e-02 4.8599669e-02
8.4084084e-01 2.2379641e-02 3.2580453e-02 4.7779899e-02
8.4384384e-01 2.1688917e-02 3.1810709e-02 4.7003085e-02
8.4684685e-01 2.1004722e-02 3.1057794e-02 4.6166714e-02
8.4984985e-01 2.0349581e-02 3.0330247e-02 4.5385994e-02
8.5285285e-01 1.9715574e-02 2.9605568e-02 4.4642630e-02
8.5585586e-01 1.9094844e-02 2.8919363e-02 4.3901863e-02
8.5885886e-01 1.8491609e-02 2.8253819e-02 4.3139734e-02
8.6186186e-01 1.7903623e-02 2.7571639e-02 4.2417146e-02
8.6486486e-01 1.7340569e-02 2.6909906e-02 4.1699051e-02
8.6786787e-01 1.6789754e-02 2.6283162e-02 4.1030537e-02
8.7087087e-01 1.6245378e-02 2.5679368e-02 4.0353894e-02
8.7387387e-01 1.5716565e-02 2.5079637e-02 3.9715623e-02
8.7687688e-01 1.5216775e-02 2.4484851e-02 3.9108302e-02
8.7987988e-01 1.4723039e-02 2.3927192e-02 3.8472898e-02
8.8288288e-01 1.4244584e-02 2.3376383e-02 3.7873230e-02
8.8588589e-01 1.3777650e-02 2.2850610e-02 3.7295175e-02
8.8888889e-01 1.3325998e-02 2.2352375e-02 3.6729391e-02
8.9189189e-01 1.2893768e-02 2.1849938e-02 3.6184601e-02
8.9489489e-01 1.2475106e-02 2.1335842e-02 3.5635671e-02
8.9789790e-01 1.2058420e-02 2.0859506e-02 3.5108853e-02
9.0090090e-01 1.1663817e-02 2.0384063e-02 3.4601974e-02
9.0390390e-01 1.1275216e-02 1.9920182e-02 3.4076424e-02
9.0690691e-01 1.0895665e-02 1.9471150e-02 3.3576914e-02
9.0990991e-01 1.0535641e-02 1.9049543e-02 3.3100569e-02
9.1291291e-01 1.0183598e-02 1.8631970e-02 3.2631295e-02
9.1591592e-01 9.8449930e-03 1.8247701e-02 3.2161884e-02
9.1891892e-01 9.5179348e-03 1.7863012e-02 3.1742379e-02
9.2192192e-01 9.2018399e-03 1.7457991e-02 3.1325425e-02
9.2492492e-01 8.8910557e-03 1.7105926e-02 3.0893016e-02
9.2792793e-01 8.5934878e-03 1.6740316e-02 3.0467095e-02
9.3093093e-01 8.3061973e-03 1.6408924e-02 3.0067374e-02
9.3393393e-01 8.0275402e-03 1.6061411e-02 2.9687019e-02
9.3693694e-01 7.7484017e-03 1.5746082e-02 2.9269943e-02
9.3993994e-01 7.4834817e-03 1.5433721e-02 2.8900108e-02
9.4294294e-01 7.2223993e-03 1.5124932e-02 2.8540979e-02
9.4594595e-01 6.9751811e-03 1.4825958e-02 2.8175871e-02
9.4894895e-01 6.7386348e-03 1.4533799e-02 2.7829543e-02
9.5195195e-01 6.5005376e-03 1.4249919e-02 2.7471396e-02
9.5495495e-01 6.2746894e-03 1.3954765e-02 2.7136075e-02
9.5795796e-01 6.0576166e-03 1.3689770e-02 2.6815198e-02
9.6096096e-01 5.8483945e-03 1.3433108e-02 2.6521356e-02
9.6396396e-01 5.6439798e-03 1.3183831e-02 2.6206046e-02
9.6696697e-01 5.4441534e-03 1.2938925e-02 2.5884862e-02
9.6996997e-01 5.2564454e-03 1.2700902e-02 2.5602115e-02
9.7297297e-01 5.0731801e-03 1.2471357e-02 2.5308446e-02
9.7597598e-01 4.8917348e-03 1.2245905e-02 2.5035348e-02
9.7897898e-01 4.7194924e-03 1.2016803e-02 2.4769270e-02
9.8198198e-01 4.5465462e-03 1.1801631e-02 2.4504715e-02
9.8498498e-01 4.3832221e-03 1.1584174e-02 2.4261909e-02
9.8798799e-01 4.2243836e-03 1.1374490e-02 2.4019749e-02
9.9099099e-01 4.0719633e-03 1.1159064e-02 2.3778600e-02
9.9399399e-01 3.9263776e-03 1.0958189e-02 2.3586159e-02
9.9699700e-01 3.7820440e-03 1.0743953e-02 2.3369931e-02
1.0000000e+00 3.6506858e-03 1.0553064e-02 2.3154011e-02
1.0030030e+00 3.5180916e-03 1.0365744e-02 2.2942068e-02
1.0060060e+00 3.3976174e-03 1.0174686e-02 2.2736535e-02
1.0090090e+00 3.2748712e-03 9.9985925e-03 2.2551282e-02
1.0120120e+00 3.1602545e-03 9.8051084e-03 2.2371143e-02
1.0150150e+00 3.0480135e-03 9.6390909e-03 2.2184437e-02
1.0180180e+00 2.9387065e-03 9.4705847e-03 2.2000457e-02
1.0210210e+00 2.8340467e-03 9.3222234e-03 2.1834213e-02
1.0240240e+00 2.7316482e-03 9.1450323e-03 2.1647050e-02
1.0270270e+00 2.6339868e-03 8.9815350e-03 2.1483051e-02
1.0300300e+00 2.5392073e-03 8.8161320e-03 2.1318198e-02
1.0330330e+00 2.4478550e-03 8.6615229e-03 2.1145061e-02
1.0360360e+00 2.3549395e-03 8.5139636e-03 2.0982418e-02
1.0390390e+00 2.2695849e-03 8.3659975e-03 2.0799753e-02
1.0420420e+00 2.1863051e-03 8.2223953e-03 2.0630956e-02
1.0450450e+00 2.1085706e-03 8.0767095e-03 2.0476045e-02
1.0480480e+00 2.0274127e-03 7.9554955e-03 2.0349928e-02
1.0510511e+00 1.9498166e-03 7.8312848e-03 2.0199407e-02
1.0540541e+00 1.8769921e-03 7.6931524e-03 2.0009590e-02
1.0570571e+00 1.8096854e-03 7.5635899e-03 1.9855944e-02
1.0600601e+00 1.7448186e-03 7.4374185e-03 1.9702430e-02
1.0630631e+00 1.6793054e-03 7.3109926e-03 1.9562481e-02
1.0660661e+00 1.6182703e-03 7.1952370e-03 1.9394868e-02
1.0690691e+00 1.5596117e-03 7.0704173e-03 1.9249635e-02
1.0720721e+00 1.5025644e-03 6.9517999e-03 1.9098751e-02
1.0750751e+00 1.4462859e-03 6.8308684e-03 1.8940653e-02
1.0780781e+00 1.3924258e-03 6.7154369e-03 1.8834616e-02
1.0810811e+00 1.3416550e-03 6.6004178e-03 1.8694117e-02
1.0840841e+00 1.2920039e-03 6.4939631e-03 1.8560934e-02
1.0870871e+00 1.2434383e-03 6.3779786e-03 1.8418668e-02
1.0900901e+00 1.1967708e-03 6.2745346e-03 1.8291621e-02
1.0930931e+00 1.1499555e-03 6.1712069e-03 1.8172621e-02
1.0960961e+00 1.1069434e-03 6.0799534e-03 1.8011708e-02
1.0990991e+00 1.0652987e-03 5.9902234e-03 1.7884607e-02
1.1021021e+00 1.0254318e-03 5.8858895e-03 1.7802751e-02
1.1051051e+00 9.8784005e-04 5.7947796e-03 1.7665653e-02
1.1081081e+00 9.5061923e-04 5.6967918e-03 1.7530534e-02
1.1111111e+00 9.1412821e-04 5.6076999e-03 1.7440560e-02
1.1141141e+00 8.8051760e-04 5.5265743e-03 1.7310745e-02
1.1171171e+00 8.4967174e-04 5.4361223e-03 1.7182748e-02
1.1201201e+00 8.1928346e-04 5.3656061e-03 1.7057939e-02
1.1231231e+00 7.8962773e-04 5.2862446e-03 1.6953957e-02
1.1261261e+00 7.6022446e-04 5.1983947e-03 1.6863149e-02
1.1291291e+00 7.2983813e-04 5.1167277e-03 1.6745555e-02
1.1321321e+00 7.0483311e-04 5.0385566e-03 1.6628121e-02
1.1351351e+00 6.7815716e-04 4.9549116e-03 1.6524176e-02
1.1381381e+00 6.5200552e-04 4.8721177e-03 1.6397941e-02
1.1411411e+00 6.2690112e-04 4.7966533e-03 1.6311637e-02
1.1441441e+00 6.0338176e-04 4.7269389e-03 1.6187561e-02
1.1471471e+00 5.7891324e-04 4.6572333e-03 1.6119718e-02
1.1501502e+00 5.5698007e-04 4.5936284e-03 1.6013824e-02
1.1531532e+00 5.3550651e-04 4.5272366e-03 1.5909129e-02
1.1561562e+00 5.1523337e-04 4.4638453e-03 1.5797021e-02
1.1591592e+00 4.9621804e-04 4.3829833e-03 1.5670591e-02
1.1621622e+00 4.7665929e-04 4.3209348e-03 1.5584372e-02
1.1651652e+00 4.5911216e-04 4.2624293e-03 1.5476326e-02
1.1681682e+00 4.4144774e-04 4.1918475e-03 1.5380587e-02
1.1711712e+00 4.2428957e-04 4.1339679e-03 1.5305371e-02
1.1741742e+00 4.0778397e-04 4.0735495e-03 1.5238331e-02
1.1771772e+00 3.9255940e-04 4.0173306e-03 1.5135312e-02
1.1801802e+00 3.7832670e-04 3.9662102e-03 1.5057584e-02
1.1831832e+00 3.6430358e-04 3.9134031e-03 1.4990356e-02
1.1861862e+00 3.5035932e-04 3.8544512e-03 1.4892819e-02
1.1891892e+00 3.3774606e-04 3.8123009e-03 1.4809918e-02
1.1921922e+00 3.2468407e-04 3.7631194e-03 1.4735661e-02
1.1951952e+00 3.1231388e-04 3.7152254e-03 1.4641575e-02
1.1981982e+00 3.0031614e-04 3.6686884e-03 1.4506368e-02
1.2012012e+00 2.8881923e-04 3.6183934e-03 1.4424221e-02
1.2042042e+00 2.7852970e-04 3.5720577e-03 1.4367090e-02
1.2072072e+00 2.6807730e-04 3.5150156e-03 1.4258494e-02
1.2102102e+00 2.5793285e-04 3.4673855e-03 1.4175601e-02
1.2132132e+00 2.4766649e-04 3.4067453e-03 1.4111423e-02
1.2162162e+00 2.3917211e-04 3.3595541e-03 1.4058603e-02
1.2192192e+00 2.3029003e-04 3.3150137e-03 1.4001781e-02
1.2222222e+00 2.2130855e-04 3.2728528e-03 1.3906663e-02
1.2252252e+00 2.1186093e-04 3.2362946e-03 1.3824765e-02
1.2282282e+00 2.0354510e-04 3.1864363e-03 1.3730344e-02
1.2312312e+00 1.9568596e-04 3.1475956e-03 1.3652613e-02
1.2342342e+00 1.8898184e-04 3.1028835e-03 1.3620014e-02
1.2372372e+00 1.8185112e-04 3.0595659e-03 1.3522975e-02
1.2402402e+00 1.7554317e-04 3.0246105e-03 1.3427622e-02
1.2432432e+00 1.6909519e-04 2.9818255e-03 1.3368018e-02
1.2462462e+00 1.6296350e-04 2.9287402e-03 1.3320944e-02
1.2492492e+00 1.5717998e-04 2.8943048e-03 1.3239139e-02
1.2522523e+00 1.5112161e-04 2.8597807e-03 1.3201189e-02
1.2552553e+00 1.4470298e-04 2.8405403e-03 1.3130783e-02
1.2582583e+00 1.3933261e-04 2.8042530e-03 1.3049878e-02
1.2612613e+00 1.3350346e-04 2.7681484e-03 1.2981885e-02
1.2642643e+00 1.2813803e-04 2.7328376e-03 1.2926364e-02
1.2672673e+00 1.2336205e-04 2.6976820e-03 1.2877475e-02
1.2702703e+00 1.1885671e-04 2.6597778e-03 1.2838539e-02
1.2732733e+00 1.1398078e-04 2.6300160e-03 1.2772918e-02
1.2762763e+00 1.0952985e-04 2.5886707e-03 1.2722489e-02
1.2792793e+00 1.0519305e-04 2.5619723e-03 1.2640625e-02
1.2822823e+00 1.0153599e-04 2.5222120e-03 1.2576046e-02
1.2852853e+00 9.7079165e-05 2.4828395e-03 1.2529845e-02
1.2882883e+00 9.3197105e-05 2.4519402e-03 1.2474352e-02
1.2912913e+00 8.9463584e-05 2.4252814e-03 1.2414133e-02
1.2942943e+00 8.6295906e-05 2.3882472e-03 1.2368395e-02
1.2972973e+00 8.2896679e-05 2.3645574e-03 1.2291776e-02
1.3003003e+00 7.9586865e-05 2.3358457e-03 1.2229858e-02
1.3033033e+00 7.6707626e-05 2.3077525e-03 1.2207449e-02
1.3063063e+00 7.3533738e-05 2.2863466e-03 1.2156098e-02
1.3093093e+00 7.0597871e-05 2.2651324e-03 1.2098989e-02
1.3123123e+00 6.7642764e-05 2.2552692e-03 1.2052883e-02
1.3153153e+00 6.4874574e-05 2.2360876e-03 1.2004644e-02
1.3183183e+00 6.2119509e-05 2.2133598e-03 1.1978207e-02
1.3213213e+00 5.9296966e-05 2.1966894e-03 1.1931417e-02
1.3243243e+00 5.6955432e-05 2.1667606e-03 1.1882279e-02
1.3273273e+00 5.4426905e-05 2.1447017e-03 1.1854890e-02
1.3303303e+00 5.2108203e-05 2.1210035e-03 1.1813920e-02
1.3333333e+00 4.9881103e-05 2.0907863e-03 1.1770707e-02
1.3363363e+00 4.7679575e-05 2.0777418e-03 1.1773949e-02
1.3393393e+00 4.5611918e-05 2.0536342e-03 1.1737409e-02
1.3423423e+00 4.3572613e-05 2.0204166e-03 1.1681523e-02
1.3453453e+00 4.1839114e-05 2.0004272e-03 1.1654397e-02
1.3483483e+00 3.9964411e-05 1.9788103e-03 1.1622855e-02
1.3513514e+00 3.8199026e-05 1.9620336e-03 1.1592746e-02
1.3543544e+00 3.6554363e-05 1.9430778e-03 1.1566386e-02
1.3573574e+00 3.4873928e-05 1.9225428e-03 1.1546197e-02
1.3603604e+00 3.3358529e-05 1.8991000e-03 1.1503680e-02
1.3633634e+00 3.1719884e-05 1.8748272e-03 1.1471229e-02
1.3663664e+00 3.0210692e-05 1.8425396e-03 1.1431125e-02
1.3693694e+00 2.8900493e-05 1.8188042e-03 1.1395124e-02
1.3723724e+00 2.7568119e-05 1.7992916e-03 1.1380774e-02
1.3753754e+00 2.6380449e-05 1.7863330e-03 1.1319463e-02
1.3783784e+00 2.5063371e-05 1.7733088e-03 1.1295300e-02
1.3813814e+00 2.3874659e-05 1.7548331e-03 1.1256464e-02
1.3843844e+00 2.2790743e-05 1.7442804e-03 1.1233393e-02
1.3873874e+00 2.1642456e-05 1.7225136e-03 1.1189252e-02
1.3903904e+00 2.0547650e-05 1.7017780e-03 1.1154478e-02
1.3933934e+00 1.9549088e-05 1.6810053e-03 1.1136489e-02
1.3963964e+00 1.8562593e-05 1.6653738e-03 1.1111070e-02
1.3993994e+00 1.7657148e-05 1.6430456e-03 1.1083317e-02
1.4024024e+00 1.6765790e-05 1.6232997e-03 1.1063241e-02
1.4054054e+00 1.5924080e-05 1.5993928e-03 1.1036087e-02
1.4084084e+00 1.5106892e-05 1.5754328e-03 1.1007682e-02
1.4114114e+00 1.4302220e-05 1.5618166e-03 1.0970631e-02
1.4144144e+00 1.3592649e-05 1.5509950e-03 1.0972438e-02
1.4174174e+00 1.2859466e-05 1.5341879e-03 1.0955995e-02
1.4204204e+00 1.2174347e-05 1.5145387e-03 1.0940740e-02
1.4234234e+00 1.1530384e-05 1.5036098e-03 1.0909944e-02
1.4264264e+00 1.0934211e-05 1.4800668e-03 1.0881155e-02
1.4294294e+00 1.0357543e-05 1.4691617e-03 1.0865311e-02
1.4324324e+00 9.8389769e-06 1.4521473e-03 1.0831432e-02
1.4354354e+00 9.3220410e-06 1.4376420e-03 1.0809673e-02
1.4384384e+00 8.8207802e-06 1.4199297e-03 1.0792674e-02
1.4414414e+00 8.3425643e-06 1.4041875e-03 1.0746378e-02
1.4444444e+00 7.9007072e-06 1.3849135e-03 1.0742986e-02
1.4474474e+00 7.4697325e-06 1.3757525e-03 1.0721809e-02
1.4504505e+00 7.0586977e-06 1.3652307e-03 1.0715472e-02
1.4534535e+00 6.6701005e-06 1.3594164e-03 1.0685520e-02
1.4564565e+00 6.3020250e-06 1.3411087e-03 1.0660493e-02
1.4594595e+00 5.9505171e-06 1.3302255e-03 1.0644844e-02
1.4624625e+00 5.6372917e-06 1.3164786e-03 1.0622324e-02
1.4654655e+00 5.3177405e-06 1.3050160e-03 1.0611729e-02
1.4684685e+00 5.0284202e-06 1.2889951e-03 1.0587457e-02
1.4714715e+00 4.7441545e-06 1.2730435e-03 1.0558944e-02
1.4744745e+00 4.4702701e-06 1.2531071e-03 1.0522097e-02
1.4774775e+00 4.2188289e-06 1.2380358e-03 1.0497547e-02
1.4804805e+00 3.9773848e-06 1.2301200e-03 1.0470064e-02
1.4834835e+00 3.7451862e-06 1.2168196e-03 1.0456899e-02
1.4864865e+00 3.5298477e-06 1.2043949e-03 1.0437168e-02
1.4894895e+00 3.3249108e-06 1.1910852e-03 1.0445556e-02
1.4924925e+00 3.1316681e-06 1.1789333e-03 1.0413586e-02
1.4954955e+00 2.9460253e-06 1.1642941e-03 1.0390924e-02
1.4984985e+00 2.7743369e-06 1.1538423e-03 1.0389000e-02
1.5015015e+00 2.6091641e-06 1.1472204e-03 1.0367002e-02
1.5045045e+00 2.4529216e-06 1.1333441e-03 1.0354593e-02
1.5075075e+00 2.3113369e-06 1.1211349e-03 1.0347009e-02
1.5105105e+00 2.1738614e-06 1.1065430e-03 1.0341390e-02
1.5135135e+00 2.0401644e-06 1.0932935e-03 1.0332506e-02
1.5165165e+00 1.9188093e-06 1.0811473e-03 1.0309971e-02
1.5195195e+00 1.8052933e-06 1.0670525e-03 1.0305386e-02
1.5225225e+00 1.6961225e-06 1.0542679e-03 1.0297606e-02
1.5255255e+00 1.5936510e-06 1.0396779e-03 1.0281628e-02
1.5285285e+00 1.4978029e-06 1.0253008e-03 1.0261105e-02
1.5315315e+00 1.4084425e-06 1.0141013e-03 1.0259322e-02
1.5345345e+00 1.3240642e-06 1.0031767e-03 1.0248832e-02
1.5375375e+00 1.2415632e-06 9.8580912e-04 1.0240132e-02
1.5405405e+00 1.1661678e-06 9.7575805e-04 1.0241435e-02
1.5435435e+00 1.0944679e-06 9.6504961e-04 1.0237561e-02
1.5465465e+00 1.0268459e-06 9.5176076e-04 1.0237349e-02
1.5495495e+00 9.6502030e-07 9.4100548e-04 1.0234433e-02
1.5525526e+00 9.0462499e-07 9.2277890e-04 1.0230857e-02
1.5555556e+00 8.4680980e-07 9.1101786e-04 1.0230804e-02
1.5585586e+00 7.9384680e-07 8.9590461e-04 1.0230940e-02
1.5615616e+00 7.4407112e-07 8.8224148e-04 1.0230827e-02
1.5645646e+00 6.9741424e-07 8.6397700e-04 1.0230630e-02
1.5675676e+00 6.5345298e-07 8.5251572e-04 1.0230738e-02
1.5705706e+00 6.1292377e-07 8.3813639e-04 1.0230802e-02
1.5735736e+00 5.7387109e-07 8.2136045e-04 1.0229429e-02
1.5765766e+00 5.3780746e-07 8.0767011e-04 1.0227879e-02
1.5795796e+00 5.0349818e-07 7.9491931e-04 1.0227330e-02
1.5825826e+00 4.7148388e-07 7.8414506e-04 1.0227809e-02
1.5855856e+00 4.4158768e-07 7.7505580e-04 1.0228347e-02
1.5885886e+00 4.1352890e-07 7.6429585e-04 1.0228519e-02
1.5915916e+00 3.8687973e-07 7.5695442e-04 1.0227513e-02
1.5945946e+00 3.6183938e-07 7.4857982e-04 1.0226394e-02
1.5975976e+00 3.3876596e-07 7.3837655e-04 1.0226134e-02
1.6006006e+00 3.1713246e-07 7.2792345e-04 1.0223471e-02
1.6036036e+00 2.9661518e-07 7.1599359e-04 1.0223660e-02
1.6066066e+00 2.7721573e-07 7.0247093e-04 1.0221093e-02
1.6096096e+00 2.5926109e-07 6.9262400e-04 1.0220358e-02
1.6126126e+00 2.4229827e-07 6.7881232e-04 1.0216567e-02
1.6156156e+00 2.2617693e-07 6.6402318e-04 1.0218144e-02
1.6186186e+00 2.1113124e-07 6.5107463e-04 1.0215876e-02
1.6216216e+00 1.9726656e-07 6.3690721e-04 1.0214623e-02
1.6246246e+00 1.8432476e-07 6.2852974e-04 1.0214945e-02
1.6276276e+00 1.7196108e-07 6.1702836e-04 1.0217481e-02
1.6306306e+00 1.6027306e-07 6.0400914e-04 1.0213933e-02
1.6336336e+00 1.4981346e-07 5.9126472e-04 1.0214965e-02
1.6366366e+00 1.4012531e-07 5.7440943e-04 1.0213914e-02
1.6396396e+00 1.3075996e-07 5.5768168e-04 1.0214696e-02
1.6426426e+00 1.2198084e-07 5.4511992e-04 1.0214719e-02
1.6456456e+00 1.1392228e-07 5.3038388e-04 1.0215275e-02
1.6486486e+00 1.0630442e-07 5.1564053e-04 1.0215029e-02
1.6516517e+00 9.9113352e-08 4.9894232e-04 1.0211992e-02
1.6546547e+00 9.2452269e-08 4.8413018e-04 1.0210201e-02
1.6576577e+00 8.6066251e-08 4.6983505e-04 1.0211586e-02
1.6606607e+00 8.0083888e-08 4.5647077e-04 1.0210263e-02
1.6636637e+00 7.4560804e-08 4.4228994e-04 1.0211672e-02
1.6666667e+00 6.9465985e-08 4.2929387e-04 1.0209817e-02
1.6696697e+00 6.4746576e-08 4.1708068e-04 1.0209184e-02
1.6726727e+00 6.0331638e-08 4.0469542e-04 1.0208593e-02
1.6756757e+00 5.6287693e-08 3.9389296e-04 1.0208588e-02
1.6786787e+00 5.2446158e-08 3.8109911e-04 1.0206119e-02
1.6816817e+00 4.8813503e-08 3.6802518e-04 1.0206689e-02
1.6846847e+00 4.5367169e-08 3.5852528e-04 1.0205698e-02
1.6876877e+00 4.2207957e-08 3.4592526e-04 1.0202134e-02
1.6906907e+00 3.9287651e-08 3.3429501e-04 1.0197718e-02
1.6936937e+00 3.6573290e-08 3.2197765e-04 1.0194943e-02
1.6966967e+00 3.4055634e-08 3.1078926e-04 1.0195420e-02
1.6996997e+00 3.1686266e-08 3.0022846e-04 1.0194998e-02
1.7027027e+00 2.9476010e-08 2.8948898e-04 1.0189816e-02
1.7057057e+00 2.7391502e-08 2.7812854e-04 1.0188267e-02
1.7087087e+00 2.5428856e-08 2.6800078e-04 1.0182239e-02
1.7117117e+00 2.3597568e-08 2.5765043e-04 1.0175528e-02
1.7147147e+00 2.1897342e-08 2.4773781e-04 1.0174786e-02
1.7177177e+00 2.0315695e-08 2.3827953e-04 1.0170999e-02
1.7207207e+00 1.8876199e-08 2.2918863e-04 1.0164847e-02
1.7237237e+00 1.7503055e-08 2.2027086e-04 1.0162511e-02
1.7267267e+00 1.6243406e-08 2.1150122e-04 1.0159498e-02
1.7297297e+00 1.5072164e-08 2.0302525e-04 1.0156196e-02
1.7327327e+00 1.3985870e-08 1.9563855e-04 1.0154298e-02
1.7357357e+00 1.2975417e-08 1.8764258e-04 1.0147782e-02
1.7387387e+00 1.2023942e-08 1.7976317e-04 1.0134126e-02
1.7417417e+00 1.1145415e-08 1.7237075e-04 1.0129162e-02
1.7447447e+00 1.0334099e-08 1.6510227e-04 1.0127774e-02
1.7477477e+00 9.5831390e-09 1.5867423e-04 1.0126032e-02
1.7507508e+00 8.8897931e-09 1.5210957e-04 1.0121022e-02
1.7537538e+00 8.2385977e-09 1.4589967e-04 1.0113836e-02
1.7567568e+00 7.6367842e-09 1.4001743e-04 1.0113890e-02
1.7597598e+00 7.0737415e-09 1.3399020e-04 1.0109058e-02
1.7627628e+00 6.5557146e-09 1.2830787e-04 1.0109440e-02
1.7657658e+00 6.0699709e-09 1.2284218e-04 1.0109334e-02
1.7687688e+00 5.6142571e-09 1.1746215e-04 1.0100693e-02
1.7717718e+00 5.1919650e-09 1.1245871e-04 1.0102089e-02
1.7747748e+00 4.8042457e-09 1.0756489e-04 1.0099026e-02
1.7777778e+00 4.4389949e-09 1.0284488e-04 1.0090098e-02
1.7807808e+00 4.1094719e-09 9.8445598e-05 1.0086087e-02
1.7837838e+00 3.8002647e-09 9.4083626e-05 1.0080380e-02
1.7867868e+00 3.5112180e-09 8.9923710e-05 1.0069802e-02
1.7897898e+00 3.2459866e-09 8.5943049e-05 1.0065858e-02
1.7927928e+00 2.9979565e-09 8.1964986e-05 1.0055465e-02
1.7957958e+00 2.7662060e-09 7.8369833e-05 1.0050508e-02
1.7987988e+00 2.5565271e-09 7.4821991e-05 1.0038579e-02
1.8018018e+00 2.3593973e-09 7.1317017e-05 1.0032982e-02
1.8048048e+00 2.1776518e-09 6.8037732e-05 1.0028005e-02
1.8078078e+00 2.0087009e-09 6.5051728e-05 1.0020012e-02
1.8108108e+00 1.8525606e-09 6.2126143e-05 1.0016256e-02
1.8138138e+00 1.7083834e-09 5.9305934e-05 1.0003233e-02
1.8168168e+00 1.5748616e-09 5.6505595e-05 9.9959868e-03
1.8198198e+00 1.4517771e-09 5.3861641e-05 9.9947813e-03
1.8228228e+00 1.3406699e-09 5.1299759e-05 9.9754520e-03
1.8258258e+00 1.2382851e-09 4.8935366e-05 9.9682033e-03
1.8288288e+00 1.1421818e-09 4.6642751e-05 9.9561592e-03
1.8318318e+00 1.0527985e-09 4.4416253e-05 9.9412436e-03
1.8348348e+00 9.7039334e-10 4.2389260e-05 9.9318289e-03
1.8378378e+00 8.9523532e-10 4.0448425e-05 9.9078537e-03
1.8408408e+00 8.2510116e-10 3.8527454e-05 9.9026120e-03
1.8438438e+00 7.6076014e-10 3.6677308e-05 9.8895738e-03
1.8468468e+00 7.0152450e-10 3.4994171e-05 9.8735605e-03
1.8498498e+00 6.4597235e-10 3.3358368e-05 9.8532753e-03
1.8528529e+00 5.9465809e-10 3.1791103e-05 9.8377447e-03
1.8558559e+00 5.4708061e-10 3.0299230e-05 9.8215728e-03
1.8588589e+00 5.0406714e-10 2.8878449e-05 9.8002290e-03
1.8618619e+00 4.6412705e-10 2.7490996e-05 9.7861798e-03
1.8648649e+00 4.2687260e-10 2.6138235e-05 9.7724440e-03
1.8678679e+00 3.9265752e-10 2.4854930e-05 9.7587688e-03
1.8708709e+00 3.6080925e-10 2.3628100e-05 9.7507430e-03
1.8738739e+00 3.3192534e-10 2.2431995e-05 9.7253931e-03
1.8768769e+00 3.0511876e-10 2.1342615e-05 9.6984404e-03
1.8798799e+00 2.8042211e-10 2.0289518e-05 9.6768536e-03
1.8828829e+00 2.5770045e-10 1.9260412e-05 9.6532959e-03
1.8858859e+00 2.3690220e-10 1.8299870e-05 9.6376340e-03
1.8888889e+00 2.1755794e-10 1.7367245e-05 9.6246907e-03
1.8918919e+00 2.0003544e-10 1.6502323e-05 9.6002393e-03
1.8948949e+00 1.8353452e-10 1.5658418e-05 9.5795077e-03
1.8978979e+00 1.6852422e-10 1.4884093e-05 9.5669957e-03
1.9009009e+00 1.5472141e-10 1.4123617e-05 9.5448302e-03
1.9039039e+00 1.4190992e-10 1.3393275e-05 9.5268435e-03
1.9069069e+00 1.3034964e-10 1.2701434e-05 9.5198114e-03
1.9099099e+00 1.1950166e-10 1.2038129e-05 9.5103052e-03
1.9129129e+00 1.0967607e-10 1.1404912e-05 9.4910203e-03
1.9159159e+00 1.0064724e-10 1.0827706e-05 9.4715446e-03
1.9189189e+00 9.2167346e-11 1.0269887e-05 9.4458741e-03
1.9219219e+00 8.4438055e-11 9.7253154e-06 9.4102386e-03
1.9249249e+00 7.7270132e-11 9.2163757e-06 9.3932066e-03
1.9279279e+00 7.0741825e-11 8.7323621e-06 9.3732518e-03
1.9309309e+00 6.4756421e-11 8.2792181e-06 9.3461034e-03
1.9339339e+00 5.9307572e-11 7.8512123e-06 9.3284676e-03
1.9369369e+00 5.4287715e-11 7.4372035e-06 9.2971706e-03
1.9399399e+00 4.9684902e-11 7.0410929e-06 9.2673527e-03
1.9429429e+00 4.5476281e-11 6.6647758e-06 9.2542175e-03
1.9459459e+00 4.1617313e-11 6.3147751e-06 9.2221682e-03
1.9489489e+00 3.8078344e-11 5.9823440e-06 9.1896791e-03
1.9519520e+00 3.4827574e-11 5.6651965e-06 9.1356092e-03
1.9549550e+00 3.1847352e-11 5.3648456e-06 9.1043462e-03
1.9579580e+00 2.9115554e-11 5.0740089e-06 9.0668957e-03
1.9609610e+00 2.6574437e-11 4.7857799e-06 9.0240760e-03
1.9639640e+00 2.4255000e-11 4.5203666e-06 8.9965018e-03
1.9669670e+00 2.2183993e-11 4.2639775e-06 8.9516705e-03
1.9699700e+00 2.0276991e-11 4.0283103e-06 8.9155341e-03
1.9729730e+00 1.8513125e-11 3.8075764e-06 8.8612260e-03
1.9759760e+00 1.6897890e-11 3.6005830e-06 8.8367980e-03
1.9789790e+00 1.5432845e-11 3.4041715e-06 8.8081470e-03
1.9819820e+00 1.4107573e-11 3.2114463e-06 8.7559379e-03
1.9849850e+00 1.2878651e-11 3.0316742e-06 8.7187173e-03
1.9879880e+00 1.1763475e-11 2.8603881e-06 8.6714333e-03
1.9909910e+00 1.0733684e-11 2.6981179e-06 8.6266507e-03
1.9939940e+00 9.7911840e-12 2.5432629e-06 8.5922793e-03
1.9969970e+00 8.9388552e-12 2.3977578e-06 8.5324708e-03
2.0000000e+00 8.1509878e-12 2.2616699e-06 8.5121120e-03
2.0030030e+00 7.4305204e-12 2.1348498e-06 8.4584030e-03
2.0060060e+00 6.7725836e-12 2.0136812e-06 8.3809418e-03
2.0090090e+00 6.1723619e-12 1.8966177e-06 8.3302643e-03
2.0120120e+00 5.6170411e-12 1.7870192e-06 8.2374391e-03
2.0150150e+00 5.1201666e-12 1.6829151e-06 8.1740815e-03
2.0180180e+00 4.6651638e-12 1.5846561e-06 8.1036458e-03
2.0210210e+00 4.2491348e-12 1.4924308e-06 8.0252346e-03
2.0240240e+00 3.8676153e-12 1.4058891e-06 7.9151528e-03
2.0270270e+00 3.5180401e-12 1.3233198e-06 7.8446753e-03
2.0300300e+00 3.2002732e-12 1.2468537e-06 7.7735743e-03
2.0330330e+00 2.9142511e-12 1.1736875e-06 7.7049698e-03
2.0360360e+00 2.6511673e-12 1.1049065e-06 7.6028272e-03
2.0390390e+00 2.4117664e-12 1.0404485e-06 7.5149751e-03
2.0420420e+00 2.1920201e-12 9.7801577e-07 7.4256104e-03
2.0450450e+00 1.9934768e-12 9.1976710e-07 7.3457459e-03
2.0480480e+00 1.8117714e-12 8.6476019e-07 7.2651868e-03
2.0510511e+00 1.6474811e-12 8.1328805e-07 7.1725242e-03
2.0540541e+00 1.4966753e-12 7.6461771e-07 7.0842463e-03
2.0570571e+00 1.3604634e-12 7.1899675e-07 6.9959386e-03
2.0600601e+00 1.2364070e-12 6.7610735e-07 6.8966732e-03
2.0630631e+00 1.1234437e-12 6.3546542e-07 6.7923622e-03
2.0660661e+00 1.0206233e-12 5.9631780e-07 6.7048674e-03
2.0690691e+00 9.2722557e-13 5.5908826e-07 6.6182246e-03
2.0720721e+00 8.4221037e-13 5.2497207e-07 6.5340722e-03
2.0750751e+00 7.6417179e-13 4.9213530e-07 6.4411404e-03
2.0780781e+00 6.9368133e-13 4.6078680e-07 6.3474786e-03
2.0810811e+00 6.2873136e-13 4.3206456e-07 6.2472602e-03
2.0840841e+00 5.7023917e-13 4.0563618e-07 6.1437456e-03
2.0870871e+00 5.1700983e-13 3.8067727e-07 6.0490814e-03
2.0900901e+00 4.6883421e-13 3.5687297e-07 5.9560588e-03
2.0930931e+00 4.2471793e-13 3.3449161e-07 5.8483291e-03
2.0960961e+00 3.8467790e-13 3.1313792e-07 5.7556811e-03
2.0990991e+00 3.4834471e-13 2.9309735e-07 5.6628855e-03
2.1021021e+00 3.1540452e-13 2.7455082e-07 5.5678962e-03
2.1051051e+00 2.8565657e-13 2.5712747e-07 5.4728174e-03
2.1081081e+00 2.5884674e-13 2.4059091e-07 5.3770067e-03
2.1111111e+00 2.3425911e-13 2.2519672e-07 5.2866101e-03
2.1141141e+00 2.1218206e-13 2.1082175e-07 5.1917586e-03
2.1171171e+00 1.9202766e-13 1.9733961e-07 5.1008102e-03
2.1201201e+00 1.7383983e-13 1.8475149e-07 5.0130787e-03
2.1231231e+00 1.5744287e-13 1.7263288e-07 4.9187656e-03
2.1261261e+00 1.4257235e-13 1.6138545e-07 4.8239375e-03
2.1291291e+00 1.2900634e-13 1.5094450e-07 4.7274009e-03
2.1321321e+00 1.1675004e-13 1.4117398e-07 4.6321491e-03
2.1351351e+00 1.0551483e-13 1.3208799e-07 4.5360132e-03
2.1381381e+00 9.5403116e-14 1.2350607e-07 4.4422953e-03
2.1411411e+00 8.6243682e-14 1.1534597e-07 4.3539725e-03
2.1441441e+00 7.7888144e-14 1.0769419e-07 4.2634225e-03
2.1471471e+00 7.0295791e-14 1.0045206e-07 4.1694879e-03
2.1501502e+00 6.3432615e-14 9.3697465e-08 4.0812609e-03
2.1531532e+00 5.7251682e-14 8.7473174e-08 3.9902031e-03
2.1561562e+00 5.1662972e-14 8.1630872e-08 3.8937502e-03
2.1591592e+00 4.6610742e-14 7.6170849e-08 3.8092495e-03
2.1621622e+00 4.2020112e-14 7.1139819e-08 3.7230005e-03
2.1651652e+00 3.7891631e-14 6.6427988e-08 3.6427980e-03
2.1681682e+00 3.4161443e-14 6.2016011e-08 3.5596902e-03
2.1711712e+00 3.0791054e-14 5.7831723e-08 3.4804470e-03
2.1741742e+00 2.7749162e-14 5.3866556e-08 3.3991795e-03
2.1771772e+00 2.5002917e-14 5.0179866e-08 3.3167964e-03
2.1801802e+00 2.2525702e-14 4.6666627e-08 3.2431958e-03
2.1831832e+00 2.0316386e-14 4.3437331e-08 3.1623049e-03
2.1861862e+00 1.8317877e-14 4.0487401e-08 3.0835116e-03
2.1891892e+00 1.6491375e-14 3.7732584e-08 3.0052310e-03
2.1921922e+00 1.4845809e-14 3.5135751e-08 2.9305666e-03
2.1951952e+00 1.3371937e-14 3.2730286e-08 2.8603051e-03
2.1981982e+00 1.2044426e-14 3.0473537e-08 2.7874031e-03
2.2012012e+00 1.0846588e-14 2.8359965e-08 2.7170646e-03
2.2042042e+00 9.7659715e-15 2.6387806e-08 2.6484987e-03
2.2072072e+00 8.7912980e-15 2.4547974e-08 2.5818992e-03
2.2102102e+00 7.9030396e-15 2.2822090e-08 2.5158620e-03
2.2132132e+00 7.1099938e-15 2.1221228e-08 2.4508887e-03
2.2162162e+00 6.3948129e-15 1.9721893e-08 2.3856225e-03
2.2192192e+00 5.7507833e-15 1.8324551e-08 2.3190490e-03
2.2222222e+00 5.1693082e-15 1.7018790e-08 2.2537421e-03
2.2252252e+00 4.6440496e-15 1.5793275e-08 2.1921082e-03
2.2282282e+00 4.1711074e-15 1.4664205e-08 2.1336027e-03
2.2312312e+00 3.7465539e-15 1.3621053e-08 2.0764707e-03
2.2342342e+00 3.3683551e-15 1.2648738e-08 2.0236817e-03
2.2372372e+00 3.0215405e-15 1.1740124e-08 1.9681003e-03
2.2402402e+00 2.7099881e-15 1.0890765e-08 1.9117918e-03
2.2432432e+00 2.4334081e-15 1.0093534e-08 1.8592057e-03
2.2462462e+00 2.1856231e-15 9.3570193e-09 1.8072247e-03
2.2492492e+00 1.9629136e-15 8.6710637e-09 1.7603820e-03
2.2522523e+00 1.7602730e-15 8.0255488e-09 1.7114824e-03
2.2552553e+00 1.5782439e-15 7.4397342e-09 1.6606289e-03
2.2582583e+00 1.4157538e-15 6.8960011e-09 1.6116700e-03
2.2612613e+00 1.2679984e-15 6.3928966e-09 1.5653649e-03
2.2642643e+00 1.1357498e-15 5.9247487e-09 1.5198192e-03
2.2672673e+00 1.0181552e-15 5.4865614e-09 1.4742510e-03
2.2702703e+00 9.1271177e-16 5.0782243e-09 1.4311727e-03
2.2732733e+00 8.1814442e-16 4.7016847e-09 1.3916016e-03
2.2762763e+00 7.3323246e-16 4.3539269e-09 1.3499862e-03
2.2792793e+00 6.5700513e-16 4.0345369e-09 1.3078548e-03
2.2822823e+00 5.8839594e-16 3.7379688e-09 1.2683370e-03
2.2852853e+00 5.2694105e-16 3.4625180e-09 1.2308854e-03
2.2882883e+00 4.7185360e-16 3.2042815e-09 1.1914657e-03
2.2912913e+00 4.2244249e-16 2.9638119e-09 1.1542480e-03
2.2942943e+00 3.7813162e-16 2.7389641e-09 1.1184347e-03
2.2972973e+00 3.3798524e-16 2.5306752e-09 1.0845069e-03
2.3003003e+00 3.0202644e-16 2.3391138e-09 1.0516344e-03
2.3033033e+00 2.6993205e-16 2.1622660e-09 1.0203330e-03
2.3063063e+00 2.4149534e-16 1.9990940e-09 9.8840689e-04
2.3093093e+00 2.1604131e-16 1.8472714e-09 9.5630126e-04
2.3123123e+00 1.9323217e-16 1.7077421e-09 9.2578241e-04
2.3153153e+00 1.7280096e-16 1.5787441e-09 8.9571211e-04
2.3183183e+00 1.5450026e-16 1.4576489e-09 8.6776728e-04
2.3213213e+00 1.3811052e-16 1.3457723e-09 8.3701413e-04
2.3243243e+00 1.2331114e-16 1.2420691e-09 8.0846322e-04
2.3273273e+00 1.1012361e-16 1.1463305e-09 7.8111713e-04
2.3303303e+00 9.8380849e-17 1.0577867e-09 7.5455203e-04
2.3333333e+00 8.7852940e-17 9.7589035e-10 7.2991871e-04
2.3363363e+00 7.8384776e-17 9.0020991e-10 7.0478300e-04
2.3393393e+00 6.9930037e-17 8.2978284e-10 6.8091296e-04
2.3423423e+00 6.2309980e-17 7.6569936e-10 6.5749332e-04
2.3453453e+00 5.5502037e-17 7.0591173e-10 6.3492390e-04
2.3483483e+00 4.9473274e-17 6.5061721e-10 6.1404823e-04
2.3513514e+00 4.4051146e-17 5.9953617e-10 5.9282347e-04
2.3543544e+00 3.9254756e-17 5.5235707e-10 5.7322964e-04
2.3573574e+00 3.4953693e-17 5.0879066e-10 5.5322996e-04
2.3603604e+00 3.1145309e-17 4.6814704e-10 5.3360523e-04
2.3633634e+00 2.7752135e-17 4.3085488e-10 5.1393023e-04
2.3663664e+00 2.4685195e-17 3.9652534e-10 4.9582844e-04
2.3693694e+00 2.1963974e-17 3.6485982e-10 4.7818033e-04
2.3723724e+00 1.9550621e-17 3.3565744e-10 4.6113190e-04
2.3753754e+00 1.7404232e-17 3.0873202e-10 4.4477952e-04
2.3783784e+00 1.5492012e-17 2.8401714e-10 4.2915933e-04
2.3813814e+00 1.3788812e-17 2.6141477e-10 4.1311376e-04
2.3843844e+00 1.2270462e-17 2.4037892e-10 3.9768511e-04
2.3873874e+00 1.0917543e-17 2.2089320e-10 3.8244145e-04
2.3903904e+00 9.7061859e-18 2.0297209e-10 3.6815886e-04
2.3933934e+00 8.6318182e-18 1.8667075e-10 3.5388954e-04
2.3963964e+00 7.6751032e-18 1.7164478e-10 3.4003116e-04
2.3993994e+00 6.8230931e-18 1.5749257e-10 3.2721152e-04
2.4024024e+00 6.0644793e-18 1.4434404e-10 3.1423279e-04
2.4054054e+00 5.3891574e-18 1.3226717e-10 3.0213568e-04
2.4084084e+00 4.7881015e-18 1.2132812e-10 2.9078387e-04
2.4114114e+00 4.2459767e-18 1.1130924e-10 2.7939192e-04
2.4144144e+00 3.7700304e-18 1.0209771e-10 2.6837828e-04
2.4174174e+00 3.3473913e-18 9.3678762e-11 2.5779561e-04
2.4204204e+00 2.9709651e-18 8.5918061e-11 2.4742505e-04
2.4234234e+00 2.6346757e-18 7.8761274e-11 2.3791353e-04
2.4264264e+00 2.3358527e-18 7.2186510e-11 2.2872618e-04
2.4294294e+00 2.0693060e-18 6.6131852e-11 2.1983850e-04
2.4324324e+00 1.8327727e-18 6.0539909e-11 2.1074173e-04
2.4354354e+00 1.6234298e-18 5.5419731e-11 2.0208109e-04
2.4384384e+00 1.4390271e-18 5.0775999e-11 1.9413253e-04
2.4414414e+00 1.2737976e-18 4.6512233e-11 1.8608775e-04
2.4444444e+00 1.1274130e-18 4.2598130e-11 1.7827362e-04
2.4474474e+00 9.9935594e-19 3.9005741e-11 1.7059877e-04
2.4504505e+00 8.8535554e-19 3.5721871e-11 1.6360393e-04
2.4534535e+00 7.8400511e-19 3.2696506e-11 1.5704058e-04
2.4564565e+00 6.9452403e-19 2.9921484e-11 1.5052876e-04
2.4594595e+00 6.1460632e-19 2.7376603e-11 1.4408163e-04
2.4624625e+00 5.4370409e-19 2.5043246e-11 1.3785546e-04
2.4654655e+00 4.8088760e-19 2.2904264e-11 1.3190879e-04
2.4684685e+00 4.2559147e-19 2.0923341e-11 1.2640698e-04
2.4714715e+00 3.7658097e-19 1.9104276e-11 1.2115768e-04
2.4744745e+00 3.3279219e-19 1.7439931e-11 1.1610027e-04
2.4774775e+00 2.9400762e-19 1.5917452e-11 1.1131156e-04
2.4804805e+00 2.5997026e-19 1.4525028e-11 1.0669080e-04
2.4834835e+00 2.2988370e-19 1.3252437e-11 1.0220577e-04
2.4864865e+00 2.0310940e-19 1.2097511e-11 9.7705960e-05
2.4894895e+00 1.7917082e-19 1.1046989e-11 9.3313323e-05
2.4924925e+00 1.5821350e-19 1.0092720e-11 8.9373924e-05
2.4954955e+00 1.3970071e-19 9.2183456e-12 8.5583961e-05
2.4984985e+00 1.2333978e-19 8.4087929e-12 8.1938559e-05
2.5015015e+00 1.0888826e-19 7.6688348e-12 7.8337697e-05
2.5045045e+00 9.6114458e-20 6.9885541e-12 7.4950528e-05
2.5075075e+00 8.4801561e-20 6.3641418e-12 7.1592781e-05
2.5105105e+00 7.4758152e-20 5.7990058e-12 6.8434280e-05
2.5135135e+00 6.5959197e-20 5.2842004e-12 6.5362447e-05
2.5165165e+00 5.8184453e-20 4.8145849e-12 6.2380482e-05
2.5195195e+00 5.1247070e-20 4.3858462e-12 5.9554906e-05
2.5225225e+00 4.5116546e-20 3.9945046e-12 5.6745381e-05
2.5255255e+00 3.9711575e-20 3.6373696e-12 5.4210299e-05
2.5285285e+00 3.4947237e-20 3.3115165e-12 5.1796217e-05
2.5315315e+00 3.0748437e-20 3.0147215e-12 4.9413449e-05
2.5345345e+00 2.7048781e-20 2.7452927e-12 4.7048664e-05
2.5375375e+00 2.3813762e-20 2.4978204e-12 4.4807073e-05
2.5405405e+00 2.0980247e-20 2.2722113e-12 4.2689105e-05
2.5435435e+00 1.8481135e-20 2.0665749e-12 4.0695439e-05
2.5465465e+00 1.6276503e-20 1.8791806e-12 3.8769853e-05
2.5495495e+00 1.4332039e-20 1.7087463e-12 3.6836808e-05
2.5525526e+00 1.2613744e-20 1.5549542e-12 3.5045427e-05
2.5555556e+00 1.1095970e-20 1.4147249e-12 3.3377676e-05
2.5585586e+00 9.7638648e-21 1.2868880e-12 3.1815360e-05
2.5615616e+00 8.5906981e-21 1.1703719e-12 3.0298788e-05
2.5645646e+00 7.5570023e-21 1.0641955e-12 2.8765682e-05
2.5675676e+00 6.6433540e-21 9.6746072e-13 2.7322812e-05
2.5705706e+00 5.8364778e-21 8.7922132e-13 2.5959534e-05
2.5735736e+00 5.1280943e-21 7.9861447e-13 2.4671414e-05
2.5765766e+00 4.5067146e-21 7.2559067e-13 2.3466430e-05
2.5795796e+00 3.9598485e-21 6.5911408e-13 2.2341000e-05
2.5825826e+00 3.4786565e-21 5.9860987e-13 2.1221474e-05
2.5855856e+00 3.0548712e-21 5.4355255e-13 2.0140176e-05
2.5885886e+00 2.6802278e-21 4.9346185e-13 1.9115927e-05
2.5915916e+00 2.3510665e-21 4.4789891e-13 1.8183915e-05
2.5945946e+00 2.0619233e-21 4.0646281e-13 1.7292426e-05
2.5975976e+00 1.8079836e-21 3.6876988e-13 1.6414349e-05
2.6006006e+00 1.5837293e-21 3.3444651e-13 1.5564204e-05
2.6036036e+00 1.3869435e-21 3.0332652e-13 1.4785659e-05
2.6066066e+00 1.2144883e-21 2.7504799e-13 1.4048542e-05
2.6096096e+00 1.0641280e-21 2.4935665e-13 1.3318006e-05
2.6126126e+00 9.3306062e-22 2.2602049e-13 1.2645182e-05
2.6156156e+00 8.1799041e-22 2.0482788e-13 1.1995858e-05
2.6186186e+00 7.1695460e-22 1.8558577e-13 1.1368516e-05
2.6216216e+00 6.2776937e-22 1.6810097e-13 1.0767210e-05
2.6246246e+00 5.4991236e-22 1.5214459e-13 1.0194486e-05
2.6276276e+00 4.8160753e-22 1.3767573e-13 9.6491715e-06
2.6306306e+00 4.2173360e-22 1.2455835e-13 9.1334051e-06
2.6336336e+00 3.6907232e-22 1.1266860e-13 8.6490480e-06
2.6366366e+00 3.2259541e-22 1.0185542e-13 8.1835204e-06
2.6396396e+00 2.8220521e-22 9.1997477e-14 7.7407531e-06
2.6426426e+00 2.4696290e-22 8.3119390e-14 7.3258672e-06
2.6456456e+00 2.1602162e-22 7.5096072e-14 6.9379582e-06
2.6486486e+00 1.8888446e-22 6.7833929e-14 6.5745503e-06
2.6516517e+00 1.6490055e-22 6.1316096e-14 6.2274841e-06
2.6546547e+00 1.4391614e-22 5.5423612e-14 5.8982320e-06
2.6576577e+00 1.2557735e-22 5.0087521e-14 5.5859906e-06
2.6606607e+00 1.0965716e-22 4.5256258e-14 5.2892414e-06
2.6636637e+00 9.5808678e-23 4.0882940e-14 5.0067796e-06
2.6666667e+00 8.3706455e-23 3.6924955e-14 4.7241071e-06
2.6696697e+00 7.3124215e-23 3.3343579e-14 4.4701286e-06
2.6726727e+00 6.3867206e-23 3.0087271e-14 4.2221986e-06
2.6756757e+00 5.5771081e-23 2.7142634e-14 3.9852909e-06
2.6786787e+00 4.8629423e-23 2.4479302e-14 3.7680382e-06
2.6816817e+00 4.2392770e-23 2.2072963e-14 3.5621543e-06
2.6846847e+00 3.6978077e-23 1.9899254e-14 3.3655814e-06
2.6876877e+00 3.2257870e-23 1.7923589e-14 3.1771288e-06
2.6906907e+00 2.8123031e-23 1.6141099e-14 2.9997160e-06
2.6936937e+00 2.4502292e-23 1.4540771e-14 2.8320004e-06
2.6966967e+00 2.1361495e-23 1.3106610e-14 2.6690692e-06
2.6996997e+00 1.8624287e-23 1.1811576e-14 2.5165908e-06
2.7027027e+00 1.6234617e-23 1.0642405e-14 2.3711865e-06
2.7057057e+00 1.4148776e-23 9.5870768e-15 2.2379530e-06
2.7087087e+00 1.2328495e-23 8.6346972e-15 2.1099348e-06
2.7117117e+00 1.0740281e-23 7.7753957e-15 1.9886879e-06
2.7147147e+00 9.3474196e-24 7.0002310e-15 1.8742455e-06
2.7177177e+00 8.1375280e-24 6.3011050e-15 1.7656887e-06
2.7207207e+00 7.0691308e-24 5.6706853e-15 1.6632784e-06
2.7237237e+00 6.1394221e-24 5.1023337e-15 1.5667333e-06
2.7267267e+00 5.3351411e-24 4.5900418e-15 1.4755066e-06
2.7297297e+00 4.6404521e-24 4.1283727e-15 1.3886514e-06
2.7327327e+00 4.0365595e-24 3.7124074e-15 1.3061030e-06
2.7357357e+00 3.5105654e-24 3.3376965e-15 1.2266748e-06
2.7387387e+00 3.0525123e-24 2.9995042e-15 1.1539136e-06
2.7417417e+00 2.6516350e-24 2.6930490e-15 1.0867523e-06
2.7447447e+00 2.3004460e-24 2.4195263e-15 1.0232235e-06
2.7477477e+00 1.9948257e-24 2.1736237e-15 9.6253666e-07
2.7507508e+00 1.7294675e-24 1.9523282e-15 9.0507095e-07
2.7537538e+00 1.4991132e-24 1.7532172e-15 8.5020173e-07
2.7567568e+00 1.2991850e-24 1.5741026e-15 7.9924536e-07
2.7597598e+00 1.1257935e-24 1.4130085e-15 7.5109815e-07
2.7627628e+00 9.7628217e-25 1.2681509e-15 7.0571466e-07
2.7657658e+00 8.4709421e-25 1.1379195e-15 6.6305629e-07
2.7687688e+00 7.3422611e-25 1.0207670e-15 6.2313267e-07
2.7717718e+00 6.3601868e-25 9.1500665e-16 5.8454193e-07
2.7747748e+00 5.5088705e-25 8.2004269e-16 5.4853524e-07
2.7777778e+00 4.7718764e-25 7.3479003e-16 5.1461308e-07
2.7807808e+00 4.1362590e-25 6.5827087e-16 4.8233221e-07
2.7837838e+00 3.5846043e-25 5.8984871e-16 4.5260321e-07
2.7867868e+00 3.1067721e-25 5.2853376e-16 4.2487646e-07
2.7897898e+00 2.6921652e-25 4.7318263e-16 3.9850563e-07
2.7927928e+00 2.3324308e-25 4.2354503e-16 3.7360670e-07
2.7957958e+00 2.0203684e-25 3.7910779e-16 3.5008400e-07
2.7987988e+00 1.7497140e-25 3.3943970e-16 3.2820824e-07
2.8018018e+00 1.5150199e-25 3.0386239e-16 3.0759783e-07
2.8048048e+00 1.3104168e-25 2.7196038e-16 2.8822578e-07
2.8078078e+00 1.1329507e-25 2.4333708e-16 2.7002600e-07
2.8108108e+00 9.8025470e-26 2.1749363e-16 2.5311291e-07
2.8138138e+00 8.4802813e-26 1.9435673e-16 2.3705465e-07
2.8168168e+00 7.3322994e-26 1.7364705e-16 2.2158988e-07
2.8198198e+00 6.3307541e-26 1.5521022e-16 2.0745771e-07
2.8228228e+00 5.4649362e-26 1.3874993e-16 1.9408166e-07
2.8258258e+00 4.7166011e-26 1.2401082e-16 1.8138475e-07
2.8288288e+00 4.0699363e-26 1.1081557e-16 1.6965683e-07
2.8318318e+00 3.5120458e-26 9.9003152e-17 1.5859714e-07
2.8348348e+00 3.0326569e-26 8.8380529e-17 1.4840869e-07
2.8378378e+00 2.6184845e-26 7.8882144e-17 1.3864632e-07
2.8408408e+00 2.2583850e-26 7.0390711e-17 1.2960790e-07
2.8438438e+00 1.9486751e-26 6.2800997e-17 1.2121698e-07
2.8468468e+00 1.6823066e-26 5.6018601e-17 1.1330673e-07
2.8498498e+00 1.4520632e-26 4.9958859e-17 1.0584791e-07
2.8528529e+00 1.2530852e-26 4.4545856e-17 9.8801385e-08
2.8558559e+00 1.0811610e-26 3.9711532e-17 9.2191267e-08
2.8588589e+00 9.3264160e-27 3.5366965e-17 8.6014555e-08
2.8618619e+00 8.0436635e-27 3.1479072e-17 8.0342804e-08
2.8648649e+00 6.9359776e-27 2.8013063e-17 7.5030369e-08
2.8678679e+00 5.9796553e-27 2.4952150e-17 7.0042386e-08
2.8708709e+00 5.1541765e-27 2.2235285e-17 6.5275142e-08
2.8738739e+00 4.4417805e-27 1.9810335e-17 6.0874255e-08
2.8768769e+00 3.8270979e-27 1.7646367e-17 5.6814164e-08
2.8798799e+00 3.2968312e-27 1.5700408e-17 5.2989133e-08
2.8828829e+00 2.8393647e-27 1.3965567e-17 4.9373724e-08
2.8858859e+00 2.4450387e-27 1.2432651e-17 4.6035906e-08
2.8888889e+00 2.1049388e-27 1.1065812e-17 4.2933424e-08
2.8918919e+00 1.8112668e-27 9.8473013e-18 4.0032134e-08
2.8948949e+00 1.5582613e-27 8.7612394e-18 3.7261647e-08
2.8978979e+00 1.3403341e-27 7.7934230e-18 3.4666718e-08
2.9009009e+00 1.1527639e-27 6.9310540e-18 3.2251883e-08
2.9039039e+00 9.9084965e-28 6.1594048e-18 3.0041367e-08
2.9069069e+00 8.5147406e-28 5.4725878e-18 2.7963593e-08
2.9099099e+00 7.3155933e-28 4.8613988e-18 2.6024464e-08
2.9129129e+00 6.2840863e-28 4.3176188e-18 2.4215094e-08
2.9159159e+00 5.3969599e-28 3.8329851e-18 2.2515247e-08
2.9189189e+00 4.6341565e-28 3.4028471e-18 2.0932978e-08
2.9219219e+00 3.9783838e-28 3.0203850e-18 1.9470222e-08
2.9249249e+00 3.4147358e-28 2.6803823e-18 1.8100774e-08
2.9279279e+00 2.9302594e-28 2.3781855e-18 1.6812567e-08
2.9309309e+00 2.5130200e-28 2.1107773e-18 1.5597516e-08
2.9339339e+00 2.1554232e-28 1.8727267e-18 1.4489818e-08
2.9369369e+00 1.8485042e-28 1.6606288e-18 1.3459470e-08
2.9399399e+00 1.5837432e-28 1.4722625e-18 1.2507132e-08
2.9429429e+00 1.3568157e-28 1.3050058e-18 1.1597974e-08
2.9459459e+00 1.1622328e-28 1.1565227e-18 1.0749241e-08
2.9489489e+00 9.9535969e-29 1.0251044e-18 9.9599369e-09
2.9519520e+00 8.5283420e-29 9.0861984e-19 9.2336944e-09
2.9549550e+00 7.3095416e-29 8.0521291e-19 8.5664966e-09
2.9579580e+00 6.2636902e-29 7.1343374e-19 7.9515036e-09
2.9609610e+00 5.3664240e-29 6.3199109e-19 7.3792102e-09
2.9639640e+00 4.5922873e-29 5.5973526e-19 6.8457202e-09
2.9669670e+00 3.9272492e-29 4.9564277e-19 6.3494247e-09
2.9699700e+00 3.3578580e-29 4.3880269e-19 5.8879508e-09
2.9729730e+00 2.8704544e-29 3.8840444e-19 5.4589427e-09
2.9759760e+00 2.4536277e-29 3.4372687e-19 5.0559761e-09
2.9789790e+00 2.0970892e-29 3.0412854e-19 4.6800495e-09
2.9819820e+00 1.7929983e-29 2.6903902e-19 4.3299615e-09
2.9849850e+00 1.5336030e-29 2.3795112e-19 4.0046379e-09
2.9879880e+00 1.3114770e-29 2.1041400e-19 3.7041443e-09
2.9909910e+00 1.1213031e-29 1.8602697e-19 3.4246503e-09
2.9939940e+00 9.5851751e-30 1.6443399e-19 3.1707475e-09
2.9969970e+00 8.1933296e-30 1.4529245e-19 2.9350260e-09
3.0000000e+00 7.0024934e-30 1.2826542e-19 2.7133664e-09
