X KDE_INF KDE_MED KDE_SUP
0.0000000e+00 7.6290182e-01 8.1683634e-01 8.6897152e-01
3.0030030e-03 7.6943388e-01 8.2337336e-01 8.7527552e-01
6.0060060e-03 7.7584361e-01 8.2969786e-01 8.8165169e-01
9.0090090e-03 7.8209242e-01 8.3596642e-01 8.8795860e-01
1.2012012e-02 7.8834121e-01 8.4211995e-01 8.9424171e-01
1.5015015e-02 7.9456335e-01 8.4833250e-01 9.0033721e-01
1.8018018e-02 8.0055820e-01 8.5444653e-01 9.0629478e-01
2.1021021e-02 8.0652714e-01 8.6046716e-01 9.1215420e-01
2.4024024e-02 8.1251199e-01 8.6626972e-01 9.1783476e-01
2.7027027e-02 8.1823951e-01 8.7204761e-01 9.2347903e-01
3.0030030e-02 8.2396864e-01 8.7769133e-01 9.2904006e-01
3.3033033e-02 8.2947232e-01 8.8327548e-01 9.3449392e-01
3.6036036e-02 8.3500988e-01 8.8869407e-01 9.3982504e-01
3.9039039e-02 8.4037917e-01 8.9400394e-01 9.4507272e-01
4.2042042e-02 8.4556716e-01 8.9929649e-01 9.5022519e-01
4.5045045e-02 8.5078948e-01 9.0441840e-01 9.5523133e-01
4.8048048e-02 8.5589025e-01 9.0939345e-01 9.6008872e-01
5.1051051e-02 8.6081664e-01 9.1433123e-01 9.6469275e-01
5.4054054e-02 8.6563605e-01 9.1908471e-01 9.6923149e-01
5.7057057e-02 8.7038528e-01 9.2373926e-01 9.7366420e-01
6.0060060e-02 8.7491333e-01 9.2820945e-01 9.7792881e-01
6.3063063e-02 8.7951534e-01 9.3261172e-01 9.8209587e-01
6.6066066e-02 8.8391677e-01 9.3682177e-01 9.8618268e-01
6.9069069e-02 8.8817048e-01 9.4094049e-01 9.9003541e-01
7.2072072e-02 8.9237903e-01 9.4501691e-01 9.9385777e-01
7.5075075e-02 8.9638908e-01 9.4889436e-01 9.9752144e-01
7.8078078e-02 9.0017748e-01 9.5265654e-01 1.0010223e+00
8.1081081e-02 9.0398197e-01 9.5619899e-01 1.0044615e+00
8.4084084e-02 9.0764025e-01 9.5971808e-01 1.0077312e+00
8.7087087e-02 9.1115563e-01 9.6302677e-01 1.0109132e+00
9.0090090e-02 9.1455190e-01 9.6617866e-01 1.0138681e+00
9.3093093e-02 9.1781246e-01 9.6932567e-01 1.0168070e+00
9.6096096e-02 9.2080291e-01 9.7235489e-01 1.0195053e+00
9.9099099e-02 9.2367677e-01 9.7510940e-01 1.0220413e+00
1.0210210e-01 9.2664415e-01 9.7779415e-01 1.0244399e+00
1.0510511e-01 9.2927838e-01 9.8030844e-01 1.0267567e+00
1.0810811e-01 9.3174800e-01 9.8257916e-01 1.0289845e+00
1.1111111e-01 9.3412588e-01 9.8480227e-01 1.0309221e+00
1.1411411e-01 9.3645166e-01 9.8689292e-01 1.0326856e+00
1.1711712e-01 9.3850771e-01 9.8881299e-01 1.0342623e+00
1.2012012e-01 9.4040250e-01 9.9060749e-01 1.0357812e+00
1.2312312e-01 9.4212267e-01 9.9222750e-01 1.0371460e+00
1.2612613e-01 9.4371744e-01 9.9371485e-01 1.0383969e+00
1.2912913e-01 9.4519326e-01 9.9502413e-01 1.0395295e+00
1.3213213e-01 9.4646074e-01 9.9621088e-01 1.0404849e+00
1.3513514e-01 9.4758556e-01 9.9719489e-01 1.0412280e+00
1.3813814e-01 9.4858804e-01 9.9806812e-01 1.0419364e+00
1.4114114e-01 9.4946243e-01 9.9866142e-01 1.0424499e+00
1.4414414e-01 9.5019975e-01 9.9918596e-01 1.0428588e+00
1.4714715e-01 9.5089319e-01 9.9958416e-01 1.0431473e+00
1.5015015e-01 9.5129334e-01 9.9988282e-01 1.0432642e+00
1.5315315e-01 9.5144512e-01 1.0000000e+00 1.0432679e+00
1.5615616e-01 9.5150373e-01 9.9991868e-01 1.0430580e+00
1.5915916e-01 9.5136301e-01 9.9976463e-01 1.0426740e+00
1.6216216e-01 9.5123017e-01 9.9940073e-01 1.0422704e+00
1.6516517e-01 9.5095114e-01 9.9891608e-01 1.0415754e+00
1.6816817e-01 9.5051197e-01 9.9825175e-01 1.0407755e+00
1.7117117e-01 9.4978092e-01 9.9739007e-01 1.0400024e+00
1.7417417e-01 9.4893275e-01 9.9647153e-01 1.0389311e+00
1.7717718e-01 9.4802357e-01 9.9535801e-01 1.0376229e+00
1.8018018e-01 9.4679350e-01 9.9402804e-01 1.0361986e+00
1.8318318e-01 9.4547180e-01 9.9264823e-01 1.0346702e+00
1.8618619e-01 9.4409018e-01 9.9106615e-01 1.0330557e+00
1.8918919e-01 9.4253437e-01 9.8934639e-01 1.0313488e+00
1.9219219e-01 9.4077123e-01 9.8751306e-01 1.0294947e+00
1.9519520e-01 9.3888210e-01 9.8555081e-01 1.0275703e+00
1.9819820e-01 9.3690240e-01 9.8338874e-01 1.0253174e+00
2.0120120e-01 9.3478384e-01 9.8112610e-01 1.0229984e+00
2.0420420e-01 9.3245501e-01 9.7874391e-01 1.0207037e+00
2.0720721e-01 9.2994759e-01 9.7616463e-01 1.0182216e+00
2.1021021e-01 9.2730146e-01 9.7356514e-01 1.0157225e+00
2.1321321e-01 9.2459361e-01 9.7078698e-01 1.0128639e+00
2.1621622e-01 9.2175292e-01 9.6789029e-01 1.0099886e+00
2.1921922e-01 9.1865470e-01 9.6483878e-01 1.0070173e+00
2.2222222e-01 9.1553306e-01 9.6166231e-01 1.0038714e+00
2.2522523e-01 9.1214262e-01 9.5833427e-01 1.0006068e+00
2.2822823e-01 9.0882877e-01 9.5482419e-01 9.9726603e-01
2.3123123e-01 9.0519459e-01 9.5131340e-01 9.9372342e-01
2.3423423e-01 9.0151387e-01 9.4762623e-01 9.9009861e-01
2.3723724e-01 8.9770154e-01 9.4383194e-01 9.8638331e-01
2.4024024e-01 8.9376254e-01 9.3983330e-01 9.8257789e-01
2.4324324e-01 8.8967841e-01 9.3580892e-01 9.7854716e-01
2.4624625e-01 8.8544961e-01 9.3169619e-01 9.7450842e-01
2.4924925e-01 8.8114433e-01 9.2737475e-01 9.7041451e-01
2.5225225e-01 8.7682260e-01 9.2304604e-01 9.6616089e-01
2.5525526e-01 8.7227909e-01 9.1853899e-01 9.6192531e-01
2.5825826e-01 8.6771561e-01 9.1398041e-01 9.5740364e-01
2.6126126e-01 8.6291815e-01 9.0926382e-01 9.5292517e-01
2.6426426e-01 8.5813440e-01 9.0446191e-01 9.4823971e-01
2.6726727e-01 8.5319110e-01 8.9959254e-01 9.4340619e-01
2.7027027e-01 8.4810573e-01 8.9459033e-01 9.3844457e-01
2.7327327e-01 8.4299785e-01 8.8947595e-01 9.3349391e-01
2.7627628e-01 8.3772470e-01 8.8425211e-01 9.2847386e-01
2.7927928e-01 8.3241663e-01 8.7901731e-01 9.2336662e-01
2.8228228e-01 8.2696274e-01 8.7366270e-01 9.1801271e-01
2.8528529e-01 8.2142564e-01 8.6823054e-01 9.1270652e-01
2.8828829e-01 8.1574875e-01 8.6281591e-01 9.0721511e-01
2.9129129e-01 8.1010368e-01 8.5719737e-01 9.0178097e-01
2.9429429e-01 8.0432313e-01 8.5148873e-01 8.9626388e-01
2.9729730e-01 7.9848051e-01 8.4571993e-01 8.9065191e-01
3.0030030e-01 7.9264212e-01 8.3985884e-01 8.8487904e-01
3.0330330e-01 7.8667921e-01 8.3393462e-01 8.7918695e-01
3.0630631e-01 7.8061477e-01 8.2791728e-01 8.7326581e-01
3.0930931e-01 7.7446926e-01 8.2183460e-01 8.6732323e-01
3.1231231e-01 7.6825499e-01 8.1567524e-01 8.6146214e-01
3.1531532e-01 7.6201667e-01 8.0944269e-01 8.5534234e-01
3.1831832e-01 7.5571149e-01 8.0316746e-01 8.4914137e-01
3.2132132e-01 7.4932318e-01 7.9687089e-01 8.4289287e-01
3.2432432e-01 7.4283279e-01 7.9054078e-01 8.3668459e-01
3.2732733e-01 7.3637815e-01 7.8409193e-01 8.3033107e-01
3.3033033e-01 7.2977445e-01 7.7758714e-01 8.2402410e-01
3.3333333e-01 7.2316517e-01 7.7106548e-01 8.1757499e-01
3.3633634e-01 7.1648621e-01 7.6451216e-01 8.1122604e-01
3.3933934e-01 7.0975523e-01 7.5799735e-01 8.0474313e-01
3.4234234e-01 7.0292918e-01 7.5129638e-01 7.9817682e-01
3.4534535e-01 6.9613931e-01 7.4462123e-01 7.9163979e-01
3.4834835e-01 6.8934616e-01 7.3787033e-01 7.8508109e-01
3.5135135e-01 6.8256711e-01 7.3110334e-01 7.7842624e-01
3.5435435e-01 6.7586761e-01 7.2441235e-01 7.7177970e-01
3.5735736e-01 6.6909812e-01 7.1756672e-01 7.6514560e-01
3.6036036e-01 6.6222937e-01 7.1067126e-01 7.5849189e-01
3.6336336e-01 6.5532091e-01 7.0377553e-01 7.5164347e-01
3.6636637e-01 6.4841950e-01 6.9684155e-01 7.4488624e-01
3.6936937e-01 6.4153986e-01 6.8994892e-01 7.3809537e-01
3.7237237e-01 6.3466062e-01 6.8301267e-01 7.3120815e-01
3.7537538e-01 6.2771874e-01 6.7604949e-01 7.2441615e-01
3.7837838e-01 6.2074325e-01 6.6910980e-01 7.1756659e-01
3.8138138e-01 6.1387572e-01 6.6212354e-01 7.1064437e-01
3.8438438e-01 6.0689416e-01 6.5513218e-01 7.0377697e-01
3.8738739e-01 5.9990190e-01 6.4806625e-01 6.9678812e-01
3.9039039e-01 5.9291604e-01 6.4100084e-01 6.8999230e-01
3.9339339e-01 5.8587617e-01 6.3404841e-01 6.8307811e-01
3.9639640e-01 5.7880603e-01 6.2695323e-01 6.7606576e-01
3.9939940e-01 5.7180499e-01 6.1999522e-01 6.6915597e-01
4.0240240e-01 5.6476979e-01 6.1292409e-01 6.6218120e-01
4.0540541e-01 5.5781670e-01 6.0591575e-01 6.5525686e-01
4.0840841e-01 5.5082801e-01 5.9895762e-01 6.4835538e-01
4.1141141e-01 5.4393885e-01 5.9195280e-01 6.4142877e-01
4.1441441e-01 5.3695465e-01 5.8501109e-01 6.3461106e-01
4.1741742e-01 5.3000209e-01 5.7808566e-01 6.2770274e-01
4.2042042e-01 5.2314622e-01 5.7118650e-01 6.2064358e-01
4.2342342e-01 5.1625742e-01 5.6434791e-01 6.1388457e-01
4.2642643e-01 5.0945631e-01 5.5742263e-01 6.0700829e-01
4.2942943e-01 5.0270576e-01 5.5063450e-01 6.0015093e-01
4.3243243e-01 4.9607961e-01 5.4377453e-01 5.9332286e-01
4.3543544e-01 4.8914951e-01 5.3697055e-01 5.8652118e-01
4.3843844e-01 4.8239322e-01 5.3018684e-01 5.7970456e-01
4.4144144e-01 4.7565134e-01 5.2338826e-01 5.7291552e-01
4.4444444e-01 4.6907773e-01 5.1666078e-01 5.6617136e-01
4.4744745e-01 4.6245233e-01 5.0987125e-01 5.5943794e-01
4.5045045e-01 4.5582302e-01 5.0311025e-01 5.5262692e-01
4.5345345e-01 4.4938295e-01 4.9641272e-01 5.4585496e-01
4.5645646e-01 4.4291001e-01 4.8990149e-01 5.3919850e-01
4.5945946e-01 4.3643150e-01 4.8330702e-01 5.3248888e-01
4.6246246e-01 4.3002729e-01 4.7670141e-01 5.2596189e-01
4.6546547e-01 4.2367086e-01 4.7015494e-01 5.1937002e-01
4.6846847e-01 4.1738031e-01 4.6372761e-01 5.1281744e-01
4.7147147e-01 4.1111279e-01 4.5735213e-01 5.0632046e-01
4.7447447e-01 4.0492816e-01 4.5095595e-01 4.9976989e-01
4.7747748e-01 3.9872385e-01 4.4453552e-01 4.9326125e-01
4.8048048e-01 3.9255171e-01 4.3821262e-01 4.8685476e-01
4.8348348e-01 3.8647702e-01 4.3192554e-01 4.8043751e-01
4.8648649e-01 3.8043899e-01 4.2559473e-01 4.7415078e-01
4.8948949e-01 3.7442938e-01 4.1950600e-01 4.6782563e-01
4.9249249e-01 3.6846588e-01 4.1339198e-01 4.6153193e-01
4.9549550e-01 3.6252621e-01 4.0735955e-01 4.5533393e-01
4.9849850e-01 3.5664367e-01 4.0132903e-01 4.4918364e-01
5.0150150e-01 3.5079166e-01 3.9532562e-01 4.4303902e-01
5.0450450e-01 3.4503175e-01 3.8934055e-01 4.3700573e-01
5.0750751e-01 3.3922325e-01 3.8341546e-01 4.3095189e-01
5.1051051e-01 3.3364003e-01 3.7754128e-01 4.2500314e-01
5.1351351e-01 3.2807163e-01 3.7175749e-01 4.1912636e-01
5.1651652e-01 3.2256056e-01 3.6605523e-01 4.1315450e-01
5.1951952e-01 3.1699638e-01 3.6042765e-01 4.0733665e-01
5.2252252e-01 3.1157913e-01 3.5477595e-01 4.0158949e-01
5.2552553e-01 3.0623164e-01 3.4917732e-01 3.9586309e-01
5.2852853e-01 3.0086547e-01 3.4371619e-01 3.9022640e-01
5.3153153e-01 2.9557052e-01 3.3826306e-01 3.8454895e-01
5.3453453e-01 2.9030775e-01 3.3288843e-01 3.7905091e-01
5.3753754e-01 2.8512346e-01 3.2751193e-01 3.7347758e-01
5.4054054e-01 2.8002055e-01 3.2220198e-01 3.6792349e-01
5.4354354e-01 2.7500047e-01 3.1700133e-01 3.6258472e-01
5.4654655e-01 2.6996615e-01 3.1177140e-01 3.5724033e-01
5.4954955e-01 2.6508745e-01 3.0671696e-01 3.5195745e-01
5.5255255e-01 2.6024664e-01 3.0165359e-01 3.4668188e-01
5.5555556e-01 2.5554437e-01 2.9657763e-01 3.4152500e-01
5.5855856e-01 2.5088038e-01 2.9165425e-01 3.3641752e-01
5.6156156e-01 2.4616791e-01 2.8678172e-01 3.3128539e-01
5.6456456e-01 2.4148496e-01 2.8196876e-01 3.2628985e-01
5.6756757e-01 2.3700128e-01 2.7716435e-01 3.2129051e-01
5.7057057e-01 2.3252256e-01 2.7240586e-01 3.1638313e-01
5.7357357e-01 2.2814805e-01 2.6768893e-01 3.1148984e-01
5.7657658e-01 2.2380464e-01 2.6303996e-01 3.0680572e-01
5.7957958e-01 2.1953931e-01 2.5848463e-01 3.0205817e-01
5.8258258e-01 2.1525700e-01 2.5406257e-01 2.9745172e-01
5.8558559e-01 2.1100003e-01 2.4969271e-01 2.9284128e-01
5.8858859e-01 2.0685267e-01 2.4534179e-01 2.8821539e-01
5.9159159e-01 2.0282694e-01 2.4105799e-01 2.8374196e-01
5.9459459e-01 1.9883666e-01 2.3679813e-01 2.7929851e-01
5.9759760e-01 1.9487170e-01 2.3260255e-01 2.7500336e-01
6.0060060e-01 1.9102693e-01 2.2850571e-01 2.7078872e-01
6.0360360e-01 1.8722186e-01 2.2448422e-01 2.6660240e-01
6.0660661e-01 1.8347017e-01 2.2044261e-01 2.6244332e-01
6.0960961e-01 1.7973611e-01 2.1641614e-01 2.5836158e-01
6.1261261e-01 1.7612569e-01 2.1251104e-01 2.5426415e-01
6.1561562e-01 1.7255481e-01 2.0867302e-01 2.5016049e-01
6.1861862e-01 1.6902013e-01 2.0489234e-01 2.4612991e-01
6.2162162e-01 1.6557177e-01 2.0115777e-01 2.4223415e-01
6.2462462e-01 1.6215888e-01 1.9748044e-01 2.3839342e-01
6.2762763e-01 1.5875926e-01 1.9383924e-01 2.3460754e-01
6.3063063e-01 1.5542675e-01 1.9027418e-01 2.3082173e-01
6.3363363e-01 1.5219320e-01 1.8680930e-01 2.2713618e-01
6.3663664e-01 1.4904920e-01 1.8337021e-01 2.2351549e-01
6.3963964e-01 1.4591561e-01 1.7994612e-01 2.1998345e-01
6.4264264e-01 1.4284701e-01 1.7657791e-01 2.1642662e-01
6.4564565e-01 1.3983251e-01 1.7326248e-01 2.1289119e-01
6.4864865e-01 1.3681493e-01 1.7005636e-01 2.0947510e-01
6.5165165e-01 1.3387299e-01 1.6686696e-01 2.0612028e-01
6.5465465e-01 1.3107133e-01 1.6379814e-01 2.0287508e-01
6.5765766e-01 1.2820510e-01 1.6070854e-01 1.9964701e-01
6.6066066e-01 1.2541535e-01 1.5769120e-01 1.9644397e-01
6.6366366e-01 1.2267419e-01 1.5471310e-01 1.9332910e-01
6.6666667e-01 1.1996760e-01 1.5180131e-01 1.9027105e-01
6.6966967e-01 1.1737661e-01 1.4891880e-01 1.8720531e-01
6.7267267e-01 1.1479332e-01 1.4607792e-01 1.8417346e-01
6.7567568e-01 1.1228467e-01 1.4334600e-01 1.8123857e-01
6.7867868e-01 1.0981435e-01 1.4069268e-01 1.7832098e-01
6.8168168e-01 1.0735969e-01 1.3799067e-01 1.7542654e-01
6.8468468e-01 1.0493538e-01 1.3532049e-01 1.7266092e-01
6.8768769e-01 1.0257121e-01 1.3277378e-01 1.6993239e-01
6.9069069e-01 1.0022778e-01 1.3020802e-01 1.6717210e-01
6.9369369e-01 9.7957811e-02 1.2769947e-01 1.6450694e-01
6.9669670e-01 9.5752958e-02 1.2527917e-01 1.6196584e-01
6.9969970e-01 9.3576493e-02 1.2287554e-01 1.5933203e-01
7.0270270e-01 9.1421286e-02 1.2052665e-01 1.5691254e-01
7.0570571e-01 8.9307073e-02 1.1823502e-01 1.5441579e-01
7.0870871e-01 8.7292872e-02 1.1592014e-01 1.5201575e-01
7.1171171e-01 8.5336082e-02 1.1370607e-01 1.4955630e-01
7.1471471e-01 8.3394496e-02 1.1148716e-01 1.4716919e-01
7.1771772e-01 8.1480426e-02 1.0936579e-01 1.4481551e-01
7.2072072e-01 7.9630733e-02 1.0723053e-01 1.4258272e-01
7.2372372e-01 7.7791574e-02 1.0516681e-01 1.4036264e-01
7.2672673e-01 7.6004771e-02 1.0315037e-01 1.3825799e-01
7.2972973e-01 7.4290628e-02 1.0116344e-01 1.3608373e-01
7.3273273e-01 7.2570441e-02 9.9226311e-02 1.3402033e-01
7.3573574e-01 7.0868805e-02 9.7320057e-02 1.3190609e-01
7.3873874e-01 6.9197181e-02 9.5448241e-02 1.3000499e-01
7.4174174e-01 6.7579756e-02 9.3631197e-02 1.2811795e-01
7.4474474e-01 6.5946188e-02 9.1849884e-02 1.2623282e-01
7.4774775e-01 6.4399732e-02 9.0076657e-02 1.2433892e-01
7.5075075e-01 6.2887570e-02 8.8348934e-02 1.2247490e-01
7.5375375e-01 6.1405957e-02 8.6635104e-02 1.2064270e-01
7.5675676e-01 5.9965587e-02 8.5039526e-02 1.1887999e-01
7.5975976e-01 5.8524132e-02 8.3441043e-02 1.1721794e-01
7.6276276e-01 5.7144595e-02 8.1896365e-02 1.1557453e-01
7.6576577e-01 5.5780610e-02 8.0326348e-02 1.1389459e-01
7.6876877e-01 5.4458827e-02 7.8843301e-02 1.1231809e-01
7.7177177e-01 5.3153503e-02 7.7377100e-02 1.1077700e-01
7.7477477e-01 5.1862666e-02 7.5944371e-02 1.0925587e-01
7.7777778e-01 5.0667050e-02 7.4534023e-02 1.0775623e-01
7.8078078e-01 4.9470315e-02 7.3194347e-02 1.0635651e-01
7.8378378e-01 4.8303596e-02 7.1819759e-02 1.0491916e-01
7.8678679e-01 4.7173676e-02 7.0498734e-02 1.0350623e-01
7.8978979e-01 4.6082884e-02 6.9200555e-02 1.0208611e-01
7.9279279e-01 4.4976156e-02 6.7965039e-02 1.0072742e-01
7.9579580e-01 4.3911500e-02 6.6786893e-02 9.9471943e-02
7.9879880e-01 4.2845849e-02 6.5562376e-02 9.8143341e-02
8.0180180e-01 4.1828996e-02 6.4387643e-02 9.6879268e-02
8.0480480e-01 4.0844274e-02 6.3223431e-02 9.5700860e-02
8.0780781e-01 3.9878759e-02 6.2124169e-02 9.4502118e-02
8.1081081e-01 3.8923777e-02 6.1063602e-02 9.3292508e-02
8.1381381e-01 3.7981549e-02 5.9955817e-02 9.2191006e-02
8.1681682e-01 3.7047942e-02 5.8885038e-02 9.0985217e-02
8.1981982e-01 3.6165427e-02 5.7895225e-02 8.9906116e-02
8.2282282e-01 3.5277817e-02 5.6943080e-02 8.8808776e-02
8.2582583e-01 3.4386492e-02 5.6001280e-02 8.7839888e-02
8.2882883e-01 3.3555065e-02 5.5038893e-02 8.6879991e-02
8.3183183e-01 3.2768403e-02 5.4117339e-02 8.5842504e-02
8.3483483e-01 3.1982345e-02 5.3233067e-02 8.4855308e-02
8.3783784e-01 3.1210196e-02 5.2385379e-02 8.3854497e-02
8.4084084e-01 3.0513556e-02 5.1478712e-02 8.2952476e-02
8.4384384e-01 2.9773235e-02 5.0639404e-02 8.2059407e-02
8.4684685e-01 2.9048219e-02 4.9829484e-02 8.1133330e-02
8.4984985e-01 2.8323976e-02 4.9042453e-02 8.0329526e-02
8.5285285e-01 2.7647611e-02 4.8261182e-02 7.9535569e-02
8.5585586e-01 2.6949820e-02 4.7478929e-02 7.8685339e-02
8.5885886e-01 2.6320756e-02 4.6709595e-02 7.7877983e-02
8.6186186e-01 2.5705854e-02 4.6009506e-02 7.7088819e-02
8.6486486e-01 2.5064973e-02 4.5316165e-02 7.6337683e-02
8.6786787e-01 2.4449230e-02 4.4611665e-02 7.5625915e-02
8.7087087e-01 2.3844478e-02 4.3966135e-02 7.4921872e-02
8.7387387e-01 2.3290177e-02 4.3324852e-02 7.4184091e-02
8.7687688e-01 2.2745536e-02 4.2722590e-02 7.3560909e-02
8.7987988e-01 2.2211534e-02 4.2074996e-02 7.2865999e-02
8.8288288e-01 2.1663859e-02 4.1485100e-02 7.2159276e-02
8.8588589e-01 2.1127029e-02 4.0890870e-02 7.1567100e-02
8.8888889e-01 2.0636745e-02 4.0318828e-02 7.0870731e-02
8.9189189e-01 2.0131486e-02 3.9730101e-02 7.0262306e-02
8.9489489e-01 1.9649483e-02 3.9193891e-02 6.9681149e-02
8.9789790e-01 1.9203761e-02 3.8627208e-02 6.9151482e-02
9.0090090e-01 1.8777189e-02 3.8129225e-02 6.8618844e-02
9.0390390e-01 1.8349701e-02 3.7628052e-02 6.8054846e-02
9.0690691e-01 1.7916534e-02 3.7155618e-02 6.7559901e-02
9.0990991e-01 1.7508262e-02 3.6705256e-02 6.7076741e-02
9.1291291e-01 1.7115426e-02 3.6255409e-02 6.6643086e-02
9.1591592e-01 1.6749332e-02 3.5806923e-02 6.6179172e-02
9.1891892e-01 1.6365271e-02 3.5372117e-02 6.5697822e-02
9.2192192e-01 1.5976779e-02 3.4893492e-02 6.5324852e-02
9.2492492e-01 1.5601375e-02 3.4473584e-02 6.4871377e-02
9.2792793e-01 1.5232243e-02 3.4124120e-02 6.4402816e-02
9.3093093e-01 1.4875291e-02 3.3706389e-02 6.3965375e-02
9.3393393e-01 1.4517583e-02 3.3338089e-02 6.3553799e-02
9.3693694e-01 1.4169085e-02 3.2991955e-02 6.3228097e-02
9.3993994e-01 1.3842279e-02 3.2632778e-02 6.2796735e-02
9.4294294e-01 1.3541894e-02 3.2294664e-02 6.2429708e-02
9.4594595e-01 1.3247295e-02 3.1975554e-02 6.2032126e-02
9.4894895e-01 1.2980578e-02 3.1634500e-02 6.1725597e-02
9.5195195e-01 1.2665909e-02 3.1326754e-02 6.1409622e-02
9.5495495e-01 1.2396641e-02 3.0993326e-02 6.1135140e-02
9.5795796e-01 1.2115415e-02 3.0665538e-02 6.0815793e-02
9.6096096e-01 1.1853549e-02 3.0350559e-02 6.0546095e-02
9.6396396e-01 1.1607048e-02 3.0072298e-02 6.0203765e-02
9.6696697e-01 1.1334184e-02 2.9816215e-02 6.0018312e-02
9.6996997e-01 1.1089933e-02 2.9547492e-02 5.9744726e-02
9.7297297e-01 1.0859430e-02 2.9271001e-02 5.9447201e-02
9.7597598e-01 1.0635534e-02 2.9027020e-02 5.9242654e-02
9.7897898e-01 1.0427640e-02 2.8780349e-02 5.8968067e-02
9.8198198e-01 1.0221982e-02 2.8543769e-02 5.8716830e-02
9.8498498e-01 1.0020163e-02 2.8336624e-02 5.8417483e-02
9.8798799e-01 9.8252716e-03 2.8154579e-02 5.8250321e-02
9.9099099e-01 9.6108173e-03 2.7916131e-02 5.8001684e-02
9.9399399e-01 9.4432186e-03 2.7731697e-02 5.7794923e-02
9.9699700e-01 9.2652168e-03 2.7518897e-02 5.7532537e-02
1.0000000e+00 9.0624587e-03 2.7294109e-02 5.7399734e-02
1.0030030e+00 8.8781320e-03 2.7093351e-02 5.7250028e-02
1.0060060e+00 8.7111409e-03 2.6916094e-02 5.7058465e-02
1.0090090e+00 8.5320426e-03 2.6741639e-02 5.6897893e-02
1.0120120e+00 8.3742460e-03 2.6589466e-02 5.6777403e-02
1.0150150e+00 8.2206686e-03 2.6429424e-02 5.6678182e-02
1.0180180e+00 8.0564237e-03 2.6281016e-02 5.6560758e-02
1.0210210e+00 7.9159673e-03 2.6123338e-02 5.6364708e-02
1.0240240e+00 7.7696695e-03 2.5931356e-02 5.6205732e-02
1.0270270e+00 7.6250751e-03 2.5780777e-02 5.6030664e-02
1.0300300e+00 7.4948529e-03 2.5627335e-02 5.5892946e-02
1.0330330e+00 7.3690918e-03 2.5468499e-02 5.5824289e-02
1.0360360e+00 7.2532163e-03 2.5338853e-02 5.5719994e-02
1.0390390e+00 7.1371321e-03 2.5194966e-02 5.5590709e-02
1.0420420e+00 7.0291105e-03 2.5049837e-02 5.5505117e-02
1.0450450e+00 6.9052073e-03 2.4940304e-02 5.5404835e-02
1.0480480e+00 6.7852521e-03 2.4851721e-02 5.5259905e-02
1.0510511e+00 6.6723112e-03 2.4739187e-02 5.5143681e-02
1.0540541e+00 6.5462446e-03 2.4610151e-02 5.5063819e-02
1.0570571e+00 6.4380696e-03 2.4486899e-02 5.4941697e-02
1.0600601e+00 6.3561849e-03 2.4381453e-02 5.4939400e-02
1.0630631e+00 6.2697056e-03 2.4276856e-02 5.4844603e-02
1.0660661e+00 6.1797192e-03 2.4166050e-02 5.4741618e-02
1.0690691e+00 6.0822936e-03 2.4101755e-02 5.4662373e-02
1.0720721e+00 6.0066864e-03 2.4052093e-02 5.4567272e-02
1.0750751e+00 5.9053080e-03 2.3967967e-02 5.4469657e-02
1.0780781e+00 5.8237519e-03 2.3877884e-02 5.4366983e-02
1.0810811e+00 5.7502589e-03 2.3806617e-02 5.4310757e-02
1.0840841e+00 5.6652734e-03 2.3686637e-02 5.4264457e-02
1.0870871e+00 5.5976629e-03 2.3589883e-02 5.4287254e-02
1.0900901e+00 5.5270280e-03 2.3528755e-02 5.4173679e-02
1.0930931e+00 5.4613189e-03 2.3449906e-02 5.4113082e-02
1.0960961e+00 5.3868353e-03 2.3400623e-02 5.4021497e-02
1.0990991e+00 5.3315697e-03 2.3313245e-02 5.3937168e-02
1.1021021e+00 5.2776264e-03 2.3280263e-02 5.3900682e-02
1.1051051e+00 5.2132155e-03 2.3207334e-02 5.3894862e-02
1.1081081e+00 5.1473637e-03 2.3155442e-02 5.3796223e-02
1.1111111e+00 5.0989909e-03 2.3039445e-02 5.3735856e-02
1.1141141e+00 5.0420200e-03 2.3010833e-02 5.3679285e-02
1.1171171e+00 5.0123770e-03 2.2933763e-02 5.3631788e-02
1.1201201e+00 4.9682543e-03 2.2868919e-02 5.3642989e-02
1.1231231e+00 4.9140760e-03 2.2827605e-02 5.3658461e-02
1.1261261e+00 4.8749585e-03 2.2783110e-02 5.3619095e-02
1.1291291e+00 4.8084518e-03 2.2813400e-02 5.3594910e-02
1.1321321e+00 4.7632873e-03 2.2770624e-02 5.3537503e-02
1.1351351e+00 4.7144442e-03 2.2730124e-02 5.3514967e-02
1.1381381e+00 4.6691533e-03 2.2679215e-02 5.3511447e-02
1.1411411e+00 4.6358437e-03 2.2648973e-02 5.3563849e-02
1.1441441e+00 4.6060071e-03 2.2603213e-02 5.3543330e-02
1.1471471e+00 4.5553863e-03 2.2577192e-02 5.3567013e-02
1.1501502e+00 4.5294355e-03 2.2531430e-02 5.3396096e-02
1.1531532e+00 4.4976065e-03 2.2521544e-02 5.3362405e-02
1.1561562e+00 4.4312896e-03 2.2503924e-02 5.3364847e-02
1.1591592e+00 4.3826309e-03 2.2503962e-02 5.3298566e-02
1.1621622e+00 4.3450938e-03 2.2448736e-02 5.3364802e-02
1.1651652e+00 4.3332204e-03 2.2413389e-02 5.3373449e-02
1.1681682e+00 4.3216923e-03 2.2413902e-02 5.3393465e-02
1.1711712e+00 4.2921059e-03 2.2366748e-02 5.3316524e-02
1.1741742e+00 4.2695176e-03 2.2335550e-02 5.3371695e-02
1.1771772e+00 4.2500179e-03 2.2342971e-02 5.3282290e-02
1.1801802e+00 4.2351227e-03 2.2313335e-02 5.3382758e-02
1.1831832e+00 4.1982039e-03 2.2286425e-02 5.3454611e-02
1.1861862e+00 4.1715421e-03 2.2291509e-02 5.3439763e-02
1.1891892e+00 4.1586340e-03 2.2260835e-02 5.3381397e-02
1.1921922e+00 4.1426461e-03 2.2256651e-02 5.3420546e-02
1.1951952e+00 4.1205506e-03 2.2225939e-02 5.3395728e-02
1.1981982e+00 4.0925861e-03 2.2236124e-02 5.3441226e-02
1.2012012e+00 4.0862977e-03 2.2267152e-02 5.3522875e-02
1.2042042e+00 4.0911012e-03 2.2264038e-02 5.3550549e-02
1.2072072e+00 4.0932020e-03 2.2237555e-02 5.3553934e-02
1.2102102e+00 4.1086912e-03 2.2241365e-02 5.3510232e-02
1.2132132e+00 4.1197463e-03 2.2208736e-02 5.3442179e-02
1.2162162e+00 4.1083562e-03 2.2204611e-02 5.3491748e-02
1.2192192e+00 4.1149036e-03 2.2201323e-02 5.3444049e-02
1.2222222e+00 4.1304014e-03 2.2185771e-02 5.3455493e-02
1.2252252e+00 4.1044786e-03 2.2170015e-02 5.3422734e-02
1.2282282e+00 4.0892672e-03 2.2171481e-02 5.3443587e-02
1.2312312e+00 4.1077642e-03 2.2170345e-02 5.3454333e-02
1.2342342e+00 4.0994516e-03 2.2149580e-02 5.3449497e-02
1.2372372e+00 4.0883192e-03 2.2134456e-02 5.3457600e-02
1.2402402e+00 4.0859651e-03 2.2162888e-02 5.3433801e-02
1.2432432e+00 4.0750663e-03 2.2164675e-02 5.3428977e-02
1.2462462e+00 4.0663143e-03 2.2180634e-02 5.3449092e-02
1.2492492e+00 4.0542395e-03 2.2186074e-02 5.3495361e-02
1.2522523e+00 4.0646433e-03 2.2179405e-02 5.3504511e-02
1.2552553e+00 4.0590760e-03 2.2170895e-02 5.3472588e-02
1.2582583e+00 4.0579236e-03 2.2159710e-02 5.3478570e-02
1.2612613e+00 4.0573434e-03 2.2177975e-02 5.3458195e-02
1.2642643e+00 4.0792304e-03 2.2188858e-02 5.3511331e-02
1.2672673e+00 4.0759624e-03 2.2216949e-02 5.3470027e-02
1.2702703e+00 4.0671145e-03 2.2232139e-02 5.3519922e-02
1.2732733e+00 4.0733731e-03 2.2230261e-02 5.3537909e-02
1.2762763e+00 4.0725082e-03 2.2247927e-02 5.3601824e-02
1.2792793e+00 4.0716437e-03 2.2258654e-02 5.3598579e-02
1.2822823e+00 4.0708214e-03 2.2290868e-02 5.3596934e-02
1.2852853e+00 4.0677766e-03 2.2318241e-02 5.3615739e-02
1.2882883e+00 4.0790125e-03 2.2346767e-02 5.3630086e-02
1.2912913e+00 4.0833534e-03 2.2367231e-02 5.3621309e-02
1.2942943e+00 4.0586900e-03 2.2378010e-02 5.3634724e-02
1.2972973e+00 4.0471938e-03 2.2414432e-02 5.3623028e-02
1.3003003e+00 4.0387382e-03 2.2410053e-02 5.3640835e-02
1.3033033e+00 4.0302819e-03 2.2445138e-02 5.3609662e-02
1.3063063e+00 4.0361165e-03 2.2433898e-02 5.3601879e-02
1.3093093e+00 4.0450058e-03 2.2456439e-02 5.3684191e-02
1.3123123e+00 4.0391991e-03 2.2483792e-02 5.3681327e-02
1.3153153e+00 4.0415088e-03 2.2500440e-02 5.3646662e-02
1.3183183e+00 4.0336103e-03 2.2490176e-02 5.3712195e-02
1.3213213e+00 4.0229988e-03 2.2490395e-02 5.3668542e-02
1.3243243e+00 4.0247926e-03 2.2525309e-02 5.3643524e-02
1.3273273e+00 4.0241309e-03 2.2547076e-02 5.3649448e-02
1.3303303e+00 4.0335998e-03 2.2580247e-02 5.3609849e-02
1.3333333e+00 4.0387968e-03 2.2614142e-02 5.3581061e-02
1.3363363e+00 4.0311098e-03 2.2634571e-02 5.3613102e-02
1.3393393e+00 4.0168542e-03 2.2665388e-02 5.3589898e-02
1.3423423e+00 4.0096519e-03 2.2679573e-02 5.3673132e-02
1.3453453e+00 4.0007025e-03 2.2686275e-02 5.3647460e-02
1.3483483e+00 4.0201517e-03 2.2663969e-02 5.3642968e-02
1.3513514e+00 4.0169864e-03 2.2658053e-02 5.3627453e-02
1.3543544e+00 4.0267803e-03 2.2661185e-02 5.3683608e-02
1.3573574e+00 4.0399419e-03 2.2693240e-02 5.3742931e-02
1.3603604e+00 4.0388167e-03 2.2661712e-02 5.3784516e-02
1.3633634e+00 4.0623303e-03 2.2659179e-02 5.3807245e-02
1.3663664e+00 4.0792724e-03 2.2650304e-02 5.3776132e-02
1.3693694e+00 4.0656861e-03 2.2656099e-02 5.3857744e-02
1.3723724e+00 4.0749026e-03 2.2654144e-02 5.3881963e-02
1.3753754e+00 4.0831461e-03 2.2669648e-02 5.3843064e-02
1.3783784e+00 4.0936829e-03 2.2654125e-02 5.3856988e-02
1.3813814e+00 4.0973632e-03 2.2673126e-02 5.3813224e-02
1.3843844e+00 4.0868132e-03 2.2698954e-02 5.3844894e-02
1.3873874e+00 4.0865841e-03 2.2717146e-02 5.3887961e-02
1.3903904e+00 4.0785054e-03 2.2697176e-02 5.3954042e-02
1.3933934e+00 4.0897900e-03 2.2671875e-02 5.3946274e-02
1.3963964e+00 4.0938823e-03 2.2644941e-02 5.3907697e-02
1.3993994e+00 4.1000249e-03 2.2672648e-02 5.3818750e-02
1.4024024e+00 4.0999930e-03 2.2684110e-02 5.3842351e-02
1.4054054e+00 4.0821454e-03 2.2704005e-02 5.3905961e-02
1.4084084e+00 4.1000314e-03 2.2704818e-02 5.3899109e-02
1.4114114e+00 4.1136052e-03 2.2695463e-02 5.4000052e-02
1.4144144e+00 4.1174043e-03 2.2723852e-02 5.3947463e-02
1.4174174e+00 4.0990720e-03 2.2708663e-02 5.3950607e-02
1.4204204e+00 4.1127327e-03 2.2727925e-02 5.3997044e-02
1.4234234e+00 4.1248531e-03 2.2731139e-02 5.3984956e-02
1.4264264e+00 4.1649808e-03 2.2739186e-02 5.3953831e-02
1.4294294e+00 4.1853567e-03 2.2739847e-02 5.3921650e-02
1.4324324e+00 4.1807393e-03 2.2741758e-02 5.3933592e-02
1.4354354e+00 4.2020243e-03 2.2800956e-02 5.3906293e-02
1.4384384e+00 4.2013816e-03 2.2798475e-02 5.3908673e-02
1.4414414e+00 4.2148842e-03 2.2765106e-02 5.3878643e-02
1.4444444e+00 4.2229750e-03 2.2749747e-02 5.3915557e-02
1.4474474e+00 4.2236376e-03 2.2755424e-02 5.3922981e-02
1.4504505e+00 4.2243342e-03 2.2750655e-02 5.3917560e-02
1.4534535e+00 4.2072595e-03 2.2746634e-02 5.3908946e-02
1.4564565e+00 4.2167439e-03 2.2711263e-02 5.3913590e-02
1.4594595e+00 4.2159434e-03 2.2752905e-02 5.3858260e-02
1.4624625e+00 4.2286370e-03 2.2753890e-02 5.3753919e-02
1.4654655e+00 4.2499159e-03 2.2725053e-02 5.3829222e-02
1.4684685e+00 4.2497947e-03 2.2722051e-02 5.3792772e-02
1.4714715e+00 4.2327450e-03 2.2703858e-02 5.3801057e-02
1.4744745e+00 4.2301032e-03 2.2687960e-02 5.3795916e-02
1.4774775e+00 4.2354240e-03 2.2716102e-02 5.3791259e-02
1.4804805e+00 4.2478293e-03 2.2748196e-02 5.3843316e-02
1.4834835e+00 4.2433607e-03 2.2747456e-02 5.3827778e-02
1.4864865e+00 4.2429041e-03 2.2776950e-02 5.3809545e-02
1.4894895e+00 4.2588509e-03 2.2806329e-02 5.3778458e-02
1.4924925e+00 4.2347267e-03 2.2832705e-02 5.3780425e-02
1.4954955e+00 4.2310891e-03 2.2833536e-02 5.3737910e-02
1.4984985e+00 4.2212213e-03 2.2842248e-02 5.3811479e-02
1.5015015e+00 4.2361501e-03 2.2808364e-02 5.3832938e-02
1.5045045e+00 4.2152356e-03 2.2820892e-02 5.3789480e-02
1.5075075e+00 4.1995061e-03 2.2808256e-02 5.3749014e-02
1.5105105e+00 4.2080217e-03 2.2801299e-02 5.3737407e-02
1.5135135e+00 4.2013200e-03 2.2805692e-02 5.3764666e-02
1.5165165e+00 4.2161833e-03 2.2857844e-02 5.3696107e-02
1.5195195e+00 4.2187253e-03 2.2865934e-02 5.3700491e-02
1.5225225e+00 4.2152430e-03 2.2860270e-02 5.3730730e-02
1.5255255e+00 4.2296776e-03 2.2846538e-02 5.3709339e-02
1.5285285e+00 4.2336935e-03 2.2851842e-02 5.3726854e-02
1.5315315e+00 4.2330924e-03 2.2828272e-02 5.3776474e-02
1.5345345e+00 4.2057746e-03 2.2827218e-02 5.3832710e-02
1.5375375e+00 4.1772715e-03 2.2842008e-02 5.3828067e-02
1.5405405e+00 4.1805147e-03 2.2865376e-02 5.3842400e-02
1.5435435e+00 4.1470667e-03 2.2877372e-02 5.3847770e-02
1.5465465e+00 4.1532958e-03 2.2898329e-02 5.3823454e-02
1.5495495e+00 4.1567735e-03 2.2909621e-02 5.3801295e-02
1.5525526e+00 4.1383094e-03 2.2842974e-02 5.3833098e-02
1.5555556e+00 4.1072388e-03 2.2821491e-02 5.3763808e-02
1.5585586e+00 4.0758234e-03 2.2809388e-02 5.3754316e-02
1.5615616e+00 4.0307988e-03 2.2760806e-02 5.3784652e-02
1.5645646e+00 4.0337552e-03 2.2757998e-02 5.3829483e-02
1.5675676e+00 4.0121885e-03 2.2755507e-02 5.3818242e-02
1.5705706e+00 4.0139175e-03 2.2742032e-02 5.3796321e-02
1.5735736e+00 3.9986332e-03 2.2738349e-02 5.3832597e-02
1.5765766e+00 3.9976533e-03 2.2720164e-02 5.3766133e-02
1.5795796e+00 3.9686657e-03 2.2713241e-02 5.3773198e-02
1.5825826e+00 3.9496229e-03 2.2669823e-02 5.3681609e-02
1.5855856e+00 3.9288336e-03 2.2647046e-02 5.3671879e-02
1.5885886e+00 3.9086807e-03 2.2601168e-02 5.3674315e-02
1.5915916e+00 3.8767535e-03 2.2603267e-02 5.3660768e-02
1.5945946e+00 3.8668817e-03 2.2576348e-02 5.3653655e-02
1.5975976e+00 3.8639493e-03 2.2570451e-02 5.3614620e-02
1.6006006e+00 3.8424108e-03 2.2546623e-02 5.3616325e-02
1.6036036e+00 3.8228774e-03 2.2506513e-02 5.3594250e-02
1.6066066e+00 3.7940456e-03 2.2494193e-02 5.3663096e-02
1.6096096e+00 3.7754155e-03 2.2472406e-02 5.3599393e-02
1.6126126e+00 3.7496992e-03 2.2431502e-02 5.3555444e-02
1.6156156e+00 3.7064977e-03 2.2403218e-02 5.3515676e-02
1.6186186e+00 3.6866959e-03 2.2396440e-02 5.3468439e-02
1.6216216e+00 3.6590760e-03 2.2382419e-02 5.3424526e-02
1.6246246e+00 3.6365493e-03 2.2332956e-02 5.3394043e-02
1.6276276e+00 3.6220109e-03 2.2292705e-02 5.3370320e-02
1.6306306e+00 3.5960610e-03 2.2287497e-02 5.3301362e-02
1.6336336e+00 3.5694031e-03 2.2254079e-02 5.3230316e-02
1.6366366e+00 3.5420553e-03 2.2222230e-02 5.3253203e-02
1.6396396e+00 3.5050125e-03 2.2179191e-02 5.3163798e-02
1.6426426e+00 3.4558242e-03 2.2136733e-02 5.3134867e-02
1.6456456e+00 3.4382691e-03 2.2115037e-02 5.3215828e-02
1.6486486e+00 3.4063634e-03 2.2070340e-02 5.3191033e-02
1.6516517e+00 3.3806644e-03 2.2035466e-02 5.3182695e-02
1.6546547e+00 3.3468041e-03 2.1993796e-02 5.3132713e-02
1.6576577e+00 3.2746602e-03 2.1966550e-02 5.3107343e-02
1.6606607e+00 3.2343555e-03 2.1920186e-02 5.3111281e-02
1.6636637e+00 3.1927667e-03 2.1860090e-02 5.3060066e-02
1.6666667e+00 3.1555513e-03 2.1805319e-02 5.3036898e-02
1.6696697e+00 3.1087477e-03 2.1730045e-02 5.2962206e-02
1.6726727e+00 3.0673106e-03 2.1704220e-02 5.2875832e-02
1.6756757e+00 3.0208360e-03 2.1678848e-02 5.2898498e-02
1.6786787e+00 2.9814836e-03 2.1611021e-02 5.2861779e-02
1.6816817e+00 2.9460539e-03 2.1576040e-02 5.2806571e-02
1.6846847e+00 2.9007123e-03 2.1514940e-02 5.2715595e-02
1.6876877e+00 2.8393161e-03 2.1466535e-02 5.2686738e-02
1.6906907e+00 2.7988995e-03 2.1458577e-02 5.2599629e-02
1.6936937e+00 2.7537802e-03 2.1395829e-02 5.2553580e-02
1.6966967e+00 2.6922996e-03 2.1371195e-02 5.2484481e-02
1.6996997e+00 2.6467727e-03 2.1311946e-02 5.2438281e-02
1.7027027e+00 2.5896510e-03 2.1251305e-02 5.2406121e-02
1.7057057e+00 2.5448358e-03 2.1205989e-02 5.2352683e-02
1.7087087e+00 2.5031483e-03 2.1164868e-02 5.2271074e-02
1.7117117e+00 2.4547318e-03 2.1097279e-02 5.2274372e-02
1.7147147e+00 2.4041623e-03 2.1018684e-02 5.2152172e-02
1.7177177e+00 2.3531706e-03 2.0957843e-02 5.2082834e-02
1.7207207e+00 2.2966266e-03 2.0880866e-02 5.1960830e-02
1.7237237e+00 2.2452982e-03 2.0831068e-02 5.1900640e-02
1.7267267e+00 2.1914694e-03 2.0774655e-02 5.1850655e-02
1.7297297e+00 2.1293382e-03 2.0750149e-02 5.1752558e-02
1.7327327e+00 2.0857306e-03 2.0698771e-02 5.1706793e-02
1.7357357e+00 2.0378745e-03 2.0610138e-02 5.1687542e-02
1.7387387e+00 1.9805221e-03 2.0554051e-02 5.1587602e-02
1.7417417e+00 1.9324907e-03 2.0493650e-02 5.1538499e-02
1.7447447e+00 1.8872253e-03 2.0419958e-02 5.1473465e-02
1.7477477e+00 1.8318962e-03 2.0355265e-02 5.1456184e-02
1.7507508e+00 1.7797482e-03 2.0308458e-02 5.1417428e-02
1.7537538e+00 1.7259073e-03 2.0257874e-02 5.1374605e-02
1.7567568e+00 1.6692755e-03 2.0204046e-02 5.1330640e-02
1.7597598e+00 1.6195536e-03 2.0177787e-02 5.1231611e-02
1.7627628e+00 1.5643525e-03 2.0166355e-02 5.1105895e-02
1.7657658e+00 1.5153749e-03 2.0158137e-02 5.1145105e-02
1.7687688e+00 1.4639870e-03 2.0143316e-02 5.1107389e-02
1.7717718e+00 1.4200835e-03 2.0119877e-02 5.1027795e-02
1.7747748e+00 1.3837053e-03 2.0100607e-02 5.0925568e-02
1.7777778e+00 1.3389605e-03 2.0074804e-02 5.0858794e-02
1.7807808e+00 1.2937793e-03 2.0062494e-02 5.0837242e-02
1.7837838e+00 1.2525171e-03 2.0034367e-02 5.0756865e-02
1.7867868e+00 1.2110299e-03 2.0006033e-02 5.0702565e-02
1.7897898e+00 1.1712243e-03 1.9981280e-02 5.0647144e-02
1.7927928e+00 1.1294398e-03 1.9936315e-02 5.0488388e-02
1.7957958e+00 1.0906659e-03 1.9913816e-02 5.0446274e-02
1.7987988e+00 1.0511216e-03 1.9876459e-02 5.0306236e-02
1.8018018e+00 1.0138413e-03 1.9845523e-02 5.0166954e-02
1.8048048e+00 9.7739360e-04 1.9810389e-02 4.9990821e-02
1.8078078e+00 9.4346102e-04 1.9767029e-02 4.9931074e-02
1.8108108e+00 9.0885275e-04 1.9708602e-02 4.9832252e-02
1.8138138e+00 8.7462377e-04 1.9672467e-02 4.9679723e-02
1.8168168e+00 8.4006454e-04 1.9627862e-02 4.9547519e-02
1.8198198e+00 8.0811954e-04 1.9572214e-02 4.9488855e-02
1.8228228e+00 7.7928941e-04 1.9522089e-02 4.9395425e-02
1.8258258e+00 7.4895690e-04 1.9476738e-02 4.9284918e-02
1.8288288e+00 7.2063902e-04 1.9429812e-02 4.9231865e-02
1.8318318e+00 6.9237913e-04 1.9367524e-02 4.9107103e-02
1.8348348e+00 6.6571876e-04 1.9308239e-02 4.8998860e-02
1.8378378e+00 6.4159609e-04 1.9285432e-02 4.8853381e-02
1.8408408e+00 6.1752562e-04 1.9222445e-02 4.8657239e-02
1.8438438e+00 5.9343494e-04 1.9141858e-02 4.8475341e-02
1.8468468e+00 5.6994796e-04 1.9083424e-02 4.8261308e-02
1.8498498e+00 5.4750260e-04 1.9043759e-02 4.8032339e-02
1.8528529e+00 5.2683288e-04 1.8963042e-02 4.7876394e-02
1.8558559e+00 5.0661110e-04 1.8914940e-02 4.7716268e-02
1.8588589e+00 4.8637544e-04 1.8824796e-02 4.7568014e-02
1.8618619e+00 4.6545275e-04 1.8751975e-02 4.7424507e-02
1.8648649e+00 4.4630828e-04 1.8664509e-02 4.7223685e-02
1.8678679e+00 4.2763554e-04 1.8577610e-02 4.7080110e-02
1.8708709e+00 4.1072308e-04 1.8502021e-02 4.6842775e-02
1.8738739e+00 3.9351923e-04 1.8452011e-02 4.6691121e-02
1.8768769e+00 3.7818539e-04 1.8380433e-02 4.6460241e-02
1.8798799e+00 3.6290270e-04 1.8300193e-02 4.6315319e-02
1.8828829e+00 3.4830205e-04 1.8250839e-02 4.6110243e-02
1.8858859e+00 3.3352352e-04 1.8155954e-02 4.5911061e-02
1.8888889e+00 3.1974366e-04 1.8059385e-02 4.5725071e-02
1.8918919e+00 3.0598761e-04 1.7982876e-02 4.5552853e-02
1.8948949e+00 2.9309864e-04 1.7878096e-02 4.5240131e-02
1.8978979e+00 2.8056403e-04 1.7805367e-02 4.5078483e-02
1.9009009e+00 2.6814975e-04 1.7717696e-02 4.4839560e-02
1.9039039e+00 2.5694915e-04 1.7641851e-02 4.4626843e-02
1.9069069e+00 2.4591257e-04 1.7536282e-02 4.4421815e-02
1.9099099e+00 2.3521184e-04 1.7457156e-02 4.4133696e-02
1.9129129e+00 2.2494378e-04 1.7360558e-02 4.3945413e-02
1.9159159e+00 2.1497065e-04 1.7265537e-02 4.3621223e-02
1.9189189e+00 2.0588784e-04 1.7161950e-02 4.3392051e-02
1.9219219e+00 1.9729826e-04 1.7071045e-02 4.3175911e-02
1.9249249e+00 1.8868691e-04 1.6953611e-02 4.2966321e-02
1.9279279e+00 1.8035164e-04 1.6830965e-02 4.2706112e-02
1.9309309e+00 1.7235073e-04 1.6710090e-02 4.2446943e-02
1.9339339e+00 1.6475273e-04 1.6586835e-02 4.2227294e-02
1.9369369e+00 1.5740517e-04 1.6441721e-02 4.2002069e-02
1.9399399e+00 1.5027412e-04 1.6295817e-02 4.1779720e-02
1.9429429e+00 1.4340921e-04 1.6168946e-02 4.1528705e-02
1.9459459e+00 1.3695600e-04 1.6042082e-02 4.1296851e-02
1.9489489e+00 1.3073962e-04 1.5922225e-02 4.1081061e-02
1.9519520e+00 1.2475743e-04 1.5777046e-02 4.0899549e-02
1.9549550e+00 1.1882503e-04 1.5627986e-02 4.0688518e-02
1.9579580e+00 1.1322236e-04 1.5458615e-02 4.0541178e-02
1.9609610e+00 1.0816097e-04 1.5296384e-02 4.0400150e-02
1.9639640e+00 1.0334970e-04 1.5119646e-02 4.0334146e-02
1.9669670e+00 9.8528331e-05 1.4973496e-02 4.0312495e-02
1.9699700e+00 9.3833412e-05 1.4773794e-02 4.0263973e-02
1.9729730e+00 8.9369822e-05 1.4626060e-02 4.0215306e-02
1.9759760e+00 8.5104043e-05 1.4461528e-02 4.0159808e-02
1.9789790e+00 8.1086808e-05 1.4278272e-02 4.0083906e-02
1.9819820e+00 7.7225828e-05 1.4061687e-02 4.0028499e-02
1.9849850e+00 7.3630949e-05 1.3857233e-02 3.9941691e-02
1.9879880e+00 7.0207156e-05 1.3651875e-02 3.9855197e-02
1.9909910e+00 6.6911526e-05 1.3465943e-02 3.9783829e-02
1.9939940e+00 6.3708530e-05 1.3281726e-02 3.9626088e-02
1.9969970e+00 6.0652778e-05 1.3080600e-02 3.9487560e-02
2.0000000e+00 5.7703640e-05 1.2868485e-02 3.9366804e-02
2.0030030e+00 5.4975134e-05 1.2676670e-02 3.9254305e-02
2.0060060e+00 5.2376609e-05 1.2462798e-02 3.9109617e-02
2.0090090e+00 4.9893839e-05 1.2248607e-02 3.9005949e-02
2.0120120e+00 4.7499334e-05 1.2060486e-02 3.8866387e-02
2.0150150e+00 4.5176841e-05 1.1867134e-02 3.8744047e-02
2.0180180e+00 4.2857494e-05 1.1664050e-02 3.8609131e-02
2.0210210e+00 4.0750832e-05 1.1458133e-02 3.8453241e-02
2.0240240e+00 3.8780469e-05 1.1244508e-02 3.8288936e-02
2.0270270e+00 3.6898102e-05 1.1036072e-02 3.8156981e-02
2.0300300e+00 3.5043928e-05 1.0862595e-02 3.7977915e-02
2.0330330e+00 3.3276316e-05 1.0667928e-02 3.7735269e-02
2.0360360e+00 3.1571830e-05 1.0465323e-02 3.7509960e-02
2.0390390e+00 2.9956289e-05 1.0277033e-02 3.7264109e-02
2.0420420e+00 2.8386380e-05 1.0080469e-02 3.7052848e-02
2.0450450e+00 2.6955518e-05 9.8833184e-03 3.6874172e-02
2.0480480e+00 2.5600005e-05 9.6817047e-03 3.6605357e-02
2.0510511e+00 2.4315765e-05 9.5046953e-03 3.6380868e-02
2.0540541e+00 2.3093239e-05 9.3003210e-03 3.6149026e-02
2.0570571e+00 2.1927858e-05 9.1027660e-03 3.5921286e-02
2.0600601e+00 2.0782443e-05 8.8947666e-03 3.5643540e-02
2.0630631e+00 1.9683367e-05 8.6946518e-03 3.5398987e-02
2.0660661e+00 1.8656459e-05 8.4964800e-03 3.5149414e-02
2.0690691e+00 1.7699829e-05 8.3032388e-03 3.4914026e-02
2.0720721e+00 1.6789145e-05 8.1101973e-03 3.4647785e-02
2.0750751e+00 1.5922189e-05 7.9276117e-03 3.4362306e-02
2.0780781e+00 1.5093191e-05 7.7469392e-03 3.4053361e-02
2.0810811e+00 1.4291105e-05 7.5724898e-03 3.3724285e-02
2.0840841e+00 1.3522225e-05 7.4012255e-03 3.3412860e-02
2.0870871e+00 1.2813775e-05 7.2257466e-03 3.3084590e-02
2.0900901e+00 1.2120676e-05 7.0514044e-03 3.2728819e-02
2.0930931e+00 1.1449475e-05 6.8915498e-03 3.2406660e-02
2.0960961e+00 1.0812368e-05 6.7136990e-03 3.2060335e-02
2.0990991e+00 1.0218479e-05 6.5473598e-03 3.1732545e-02
2.1021021e+00 9.6488976e-06 6.3925978e-03 3.1388008e-02
2.1051051e+00 9.1226925e-06 6.2274533e-03 3.1035563e-02
2.1081081e+00 8.6236395e-06 6.0633163e-03 3.0662202e-02
2.1111111e+00 8.1447279e-06 5.9077848e-03 3.0285654e-02
2.1141141e+00 7.6860587e-06 5.7623278e-03 2.9873687e-02
2.1171171e+00 7.2313799e-06 5.6219003e-03 2.9529978e-02
2.1201201e+00 6.8099277e-06 5.4720438e-03 2.9196918e-02
2.1231231e+00 6.4150425e-06 5.3221365e-03 2.8807914e-02
2.1261261e+00 6.0580586e-06 5.1778607e-03 2.8454176e-02
2.1291291e+00 5.7220965e-06 5.0414333e-03 2.8113338e-02
2.1321321e+00 5.4056629e-06 4.9104053e-03 2.7719927e-02
2.1351351e+00 5.1057245e-06 4.7829058e-03 2.7361391e-02
2.1381381e+00 4.8165025e-06 4.6522375e-03 2.6986670e-02
2.1411411e+00 4.5335155e-06 4.5299407e-03 2.6635521e-02
2.1441441e+00 4.2708463e-06 4.4074967e-03 2.6257551e-02
2.1471471e+00 4.0283559e-06 4.2849355e-03 2.5915547e-02
2.1501502e+00 3.7940506e-06 4.1585625e-03 2.5562012e-02
2.1531532e+00 3.5720922e-06 4.0430480e-03 2.5213739e-02
2.1561562e+00 3.3611051e-06 3.9190541e-03 2.4875102e-02
2.1591592e+00 3.1619592e-06 3.8101940e-03 2.4539878e-02
2.1621622e+00 2.9740287e-06 3.7019804e-03 2.4182204e-02
2.1651652e+00 2.7968340e-06 3.5984382e-03 2.3809367e-02
2.1681682e+00 2.6303294e-06 3.4986937e-03 2.3451093e-02
2.1711712e+00 2.4732520e-06 3.3983758e-03 2.3124505e-02
2.1741742e+00 2.3247755e-06 3.3024226e-03 2.2790569e-02
2.1771772e+00 2.1831462e-06 3.2065093e-03 2.2436936e-02
2.1801802e+00 2.0466592e-06 3.1137238e-03 2.2094866e-02
2.1831832e+00 1.9236622e-06 3.0171568e-03 2.1789250e-02
2.1861862e+00 1.8065104e-06 2.9285320e-03 2.1468968e-02
2.1891892e+00 1.6947450e-06 2.8369593e-03 2.1164360e-02
2.1921922e+00 1.5943018e-06 2.7513840e-03 2.0871869e-02
2.1951952e+00 1.4984430e-06 2.6656643e-03 2.0627483e-02
2.1981982e+00 1.4081748e-06 2.5837430e-03 2.0370545e-02
2.2012012e+00 1.3241481e-06 2.5006519e-03 2.0178784e-02
2.2042042e+00 1.2430451e-06 2.4185593e-03 2.0131935e-02
2.2072072e+00 1.1658705e-06 2.3445549e-03 2.0002113e-02
2.2102102e+00 1.0941549e-06 2.2703515e-03 1.9862004e-02
2.2132132e+00 1.0279513e-06 2.1956763e-03 1.9683583e-02
2.2162162e+00 9.6562443e-07 2.1259292e-03 1.9487170e-02
2.2192192e+00 9.0689808e-07 2.0568070e-03 1.9263805e-02
2.2222222e+00 8.5036190e-07 1.9887365e-03 1.9055492e-02
2.2252252e+00 7.9663141e-07 1.9203090e-03 1.8837009e-02
2.2282282e+00 7.4614892e-07 1.8578300e-03 1.8634925e-02
2.2312312e+00 6.9878085e-07 1.7970527e-03 1.8407027e-02
2.2342342e+00 6.5527837e-07 1.7404492e-03 1.8159040e-02
2.2372372e+00 6.1330018e-07 1.6825439e-03 1.7908514e-02
2.2402402e+00 5.7408393e-07 1.6246232e-03 1.7656989e-02
2.2432432e+00 5.3827977e-07 1.5681874e-03 1.7399230e-02
2.2462462e+00 5.0414674e-07 1.5138880e-03 1.7154825e-02
2.2492492e+00 4.7219598e-07 1.4634060e-03 1.6877306e-02
2.2522523e+00 4.4167566e-07 1.4124662e-03 1.6617100e-02
2.2552553e+00 4.1210544e-07 1.3640901e-03 1.6376471e-02
2.2582583e+00 3.8454945e-07 1.3174362e-03 1.6128836e-02
2.2612613e+00 3.5941460e-07 1.2702936e-03 1.5884702e-02
2.2642643e+00 3.3645803e-07 1.2248445e-03 1.5641741e-02
2.2672673e+00 3.1488614e-07 1.1824114e-03 1.5393495e-02
2.2702703e+00 2.9462600e-07 1.1402440e-03 1.5140686e-02
2.2732733e+00 2.7561573e-07 1.1008380e-03 1.4874016e-02
2.2762763e+00 2.5762057e-07 1.0607256e-03 1.4624961e-02
2.2792793e+00 2.4093627e-07 1.0225969e-03 1.4375925e-02
2.2822823e+00 2.2529138e-07 9.8515488e-04 1.4125749e-02
2.2852853e+00 2.1031680e-07 9.4981422e-04 1.3868602e-02
2.2882883e+00 1.9656325e-07 9.1511158e-04 1.3620640e-02
2.2912913e+00 1.8369475e-07 8.8178469e-04 1.3354597e-02
2.2942943e+00 1.7166123e-07 8.4939338e-04 1.3136880e-02
2.2972973e+00 1.6038440e-07 8.1771490e-04 1.2901437e-02
2.3003003e+00 1.4980901e-07 7.8763843e-04 1.2651773e-02
2.3033033e+00 1.3986892e-07 7.5872342e-04 1.2400854e-02
2.3063063e+00 1.3048340e-07 7.2955440e-04 1.2152881e-02
2.3093093e+00 1.2166456e-07 7.0159874e-04 1.1909517e-02
2.3123123e+00 1.1330662e-07 6.7384035e-04 1.1674005e-02
2.3153153e+00 1.0554474e-07 6.4925425e-04 1.1428073e-02
2.3183183e+00 9.8304878e-08 6.2439711e-04 1.1203458e-02
2.3213213e+00 9.1646234e-08 6.0034982e-04 1.0965852e-02
2.3243243e+00 8.5388613e-08 5.7660851e-04 1.0736065e-02
2.3273273e+00 7.9466644e-08 5.5405089e-04 1.0509741e-02
2.3303303e+00 7.3940806e-08 5.3198876e-04 1.0282467e-02
2.3333333e+00 6.8785657e-08 5.1133821e-04 1.0067479e-02
2.3363363e+00 6.3977314e-08 4.9185578e-04 9.8562723e-03
2.3393393e+00 5.9493362e-08 4.7216991e-04 9.6332600e-03
2.3423423e+00 5.5312772e-08 4.5307081e-04 9.4227730e-03
2.3453453e+00 5.1415816e-08 4.3536289e-04 9.2223566e-03
2.3483483e+00 4.7783993e-08 4.1822653e-04 9.0408654e-03
2.3513514e+00 4.4448474e-08 4.0093540e-04 8.8397129e-03
2.3543544e+00 4.1363654e-08 3.8443588e-04 8.6362645e-03
2.3573574e+00 3.8457401e-08 3.6881832e-04 8.4398202e-03
2.3603604e+00 3.5741301e-08 3.5344777e-04 8.2408607e-03
2.3633634e+00 3.3238040e-08 3.3855183e-04 8.0479252e-03
2.3663664e+00 3.0910910e-08 3.2457133e-04 7.8516064e-03
2.3693694e+00 2.8741799e-08 3.1125966e-04 7.6551763e-03
2.3723724e+00 2.6698215e-08 2.9820121e-04 7.4659726e-03
2.3753754e+00 2.4787815e-08 2.8584219e-04 7.2797660e-03
2.3783784e+00 2.3034434e-08 2.7356961e-04 7.1045705e-03
2.3813814e+00 2.1392227e-08 2.6178487e-04 6.9341018e-03
2.3843844e+00 1.9829248e-08 2.5017985e-04 6.7653360e-03
2.3873874e+00 1.8398827e-08 2.3923382e-04 6.5988339e-03
2.3903904e+00 1.7050964e-08 2.2906606e-04 6.4353671e-03
2.3933934e+00 1.5805110e-08 2.1913704e-04 6.2606283e-03
2.3963964e+00 1.4652396e-08 2.0973031e-04 6.1036947e-03
2.3993994e+00 1.3585580e-08 2.0057844e-04 5.9501815e-03
2.4024024e+00 1.2578912e-08 1.9186009e-04 5.7982538e-03
2.4054054e+00 1.1663155e-08 1.8334492e-04 5.6458172e-03
2.4084084e+00 1.0795874e-08 1.7514533e-04 5.4903937e-03
2.4114114e+00 9.9982190e-09 1.6730607e-04 5.3429688e-03
2.4144144e+00 9.2614626e-09 1.6001919e-04 5.2023121e-03
2.4174174e+00 8.5616520e-09 1.5311911e-04 5.0624261e-03
2.4204204e+00 7.9151971e-09 1.4622506e-04 4.9318280e-03
2.4234234e+00 7.3279029e-09 1.3970157e-04 4.7977067e-03
2.4264264e+00 6.7877866e-09 1.3355363e-04 4.6715854e-03
2.4294294e+00 6.2862416e-09 1.2763142e-04 4.5383824e-03
2.4324324e+00 5.8124654e-09 1.2195784e-04 4.4201534e-03
2.4354354e+00 5.3776262e-09 1.1620659e-04 4.2995415e-03
2.4384384e+00 4.9757666e-09 1.1072247e-04 4.1783152e-03
2.4414414e+00 4.6033337e-09 1.0550723e-04 4.0551496e-03
2.4444444e+00 4.2589809e-09 1.0046863e-04 3.9372208e-03
2.4474474e+00 3.9396108e-09 9.5776987e-05 3.8215328e-03
2.4504505e+00 3.6408187e-09 9.1281879e-05 3.7028072e-03
2.4534535e+00 3.3605777e-09 8.7093300e-05 3.5948120e-03
2.4564565e+00 3.1008422e-09 8.2910239e-05 3.4927163e-03
2.4594595e+00 2.8650183e-09 7.8908807e-05 3.3867738e-03
2.4624625e+00 2.6469874e-09 7.5168402e-05 3.2881126e-03
2.4654655e+00 2.4455739e-09 7.1600493e-05 3.1845885e-03
2.4684685e+00 2.2590408e-09 6.8051193e-05 3.0911122e-03
2.4714715e+00 2.0863239e-09 6.4779485e-05 2.9939610e-03
2.4744745e+00 1.9264325e-09 6.1618200e-05 2.9027899e-03
2.4774775e+00 1.7783781e-09 5.8674927e-05 2.8126059e-03
2.4804805e+00 1.6406095e-09 5.5841730e-05 2.7242969e-03
2.4834835e+00 1.5132185e-09 5.3115152e-05 2.6392022e-03
2.4864865e+00 1.3952261e-09 5.0568458e-05 2.5549661e-03
2.4894895e+00 1.2861213e-09 4.8117432e-05 2.4739673e-03
2.4924925e+00 1.1852437e-09 4.5784306e-05 2.3964004e-03
2.4954955e+00 1.0920655e-09 4.3533938e-05 2.3205685e-03
2.4984985e+00 1.0060981e-09 4.1378441e-05 2.2465316e-03
2.5015015e+00 9.2688744e-10 3.9291575e-05 2.1748575e-03
2.5045045e+00 8.5285561e-10 3.7335904e-05 2.1026246e-03
2.5075075e+00 7.8454816e-10 3.5454271e-05 2.0362457e-03
2.5105105e+00 7.2232904e-10 3.3649718e-05 1.9680623e-03
2.5135135e+00 6.6502774e-10 3.1913820e-05 1.9031605e-03
2.5165165e+00 6.1133048e-10 3.0280095e-05 1.8386755e-03
2.5195195e+00 5.6185831e-10 2.8747283e-05 1.7787181e-03
2.5225225e+00 5.1628801e-10 2.7299873e-05 1.7188420e-03
2.5255255e+00 4.7432032e-10 2.5892067e-05 1.6609975e-03
2.5285285e+00 4.3567825e-10 2.4558179e-05 1.6064434e-03
2.5315315e+00 4.0012038e-10 2.3300274e-05 1.5537973e-03
2.5345345e+00 3.6748479e-10 2.2094116e-05 1.5020051e-03
2.5375375e+00 3.3744469e-10 2.0942369e-05 1.4493644e-03
2.5405405e+00 3.0990643e-10 1.9827891e-05 1.3982465e-03
2.5435435e+00 2.8469858e-10 1.8795250e-05 1.3499088e-03
2.5465465e+00 2.6160664e-10 1.7803908e-05 1.3040027e-03
2.5495495e+00 2.3990484e-10 1.6860592e-05 1.2604663e-03
2.5525526e+00 2.2026729e-10 1.5960334e-05 1.2179470e-03
2.5555556e+00 2.0228955e-10 1.5123574e-05 1.1742515e-03
2.5585586e+00 1.8567091e-10 1.4323797e-05 1.1346502e-03
2.5615616e+00 1.7017188e-10 1.3575150e-05 1.0929410e-03
2.5645646e+00 1.5596899e-10 1.2863113e-05 1.0548797e-03
2.5675676e+00 1.4306718e-10 1.2173869e-05 1.0177201e-03
2.5705706e+00 1.3120699e-10 1.1516305e-05 9.8191472e-04
2.5735736e+00 1.2016413e-10 1.0884054e-05 9.4517194e-04
2.5765766e+00 1.1000467e-10 1.0290364e-05 9.1003773e-04
2.5795796e+00 1.0062519e-10 9.7313581e-06 8.7603124e-04
2.5825826e+00 9.2027550e-11 9.1990958e-06 8.4355556e-04
2.5855856e+00 8.4148157e-11 8.6869210e-06 8.1283841e-04
2.5885886e+00 7.6948657e-11 8.2058696e-06 7.8224854e-04
2.5915916e+00 7.0455868e-11 7.7417518e-06 7.5205389e-04
2.5945946e+00 6.4520740e-11 7.3175179e-06 7.2421633e-04
2.5975976e+00 5.8969267e-11 6.9082672e-06 6.9655219e-04
2.6006006e+00 5.3953272e-11 6.5144910e-06 6.6995490e-04
2.6036036e+00 4.9389010e-11 6.1418469e-06 6.4419694e-04
2.6066066e+00 4.5161877e-11 5.8001659e-06 6.1960858e-04
2.6096096e+00 4.1317786e-11 5.4717744e-06 5.9460033e-04
2.6126126e+00 3.7800777e-11 5.1605978e-06 5.7166723e-04
2.6156156e+00 3.4576148e-11 4.8714353e-06 5.4948182e-04
2.6186186e+00 3.1561083e-11 4.5931198e-06 5.2853809e-04
2.6216216e+00 2.8856975e-11 4.3346605e-06 5.0787350e-04
2.6246246e+00 2.6371728e-11 4.0838005e-06 4.8675100e-04
2.6276276e+00 2.4092416e-11 3.8509496e-06 4.6664801e-04
2.6306306e+00 2.2007316e-11 3.6269326e-06 4.4773686e-04
2.6336336e+00 2.0098734e-11 3.4163929e-06 4.2976992e-04
2.6366366e+00 1.8352076e-11 3.2171119e-06 4.1231636e-04
2.6396396e+00 1.6753926e-11 3.0301408e-06 3.9527188e-04
2.6426426e+00 1.5287306e-11 2.8503535e-06 3.7904702e-04
2.6456456e+00 1.3934721e-11 2.6839955e-06 3.6349780e-04
2.6486486e+00 1.2693265e-11 2.5288199e-06 3.4882340e-04
2.6516517e+00 1.1552059e-11 2.3798647e-06 3.3431884e-04
2.6546547e+00 1.0513581e-11 2.2397300e-06 3.2047392e-04
2.6576577e+00 9.5668252e-12 2.1051544e-06 3.0710777e-04
2.6606607e+00 8.7036193e-12 1.9785414e-06 2.9428555e-04
2.6636637e+00 7.9167478e-12 1.8572260e-06 2.8164238e-04
2.6666667e+00 7.2036053e-12 1.7466335e-06 2.6942502e-04
2.6696697e+00 6.5627388e-12 1.6435257e-06 2.5767701e-04
2.6726727e+00 5.9789846e-12 1.5446540e-06 2.4665738e-04
2.6756757e+00 5.4474375e-12 1.4528926e-06 2.3609985e-04
2.6786787e+00 4.9621679e-12 1.3663133e-06 2.2610492e-04
2.6816817e+00 4.5192362e-12 1.2843515e-06 2.1609584e-04
2.6846847e+00 4.1122311e-12 1.2044626e-06 2.0679165e-04
2.6876877e+00 3.7365069e-12 1.1304977e-06 1.9796899e-04
2.6906907e+00 3.3944777e-12 1.0595759e-06 1.8932674e-04
2.6936937e+00 3.0883490e-12 9.9440024e-07 1.8099528e-04
2.6966967e+00 2.8079556e-12 9.3168859e-07 1.7279825e-04
2.6996997e+00 2.5527118e-12 8.7481138e-07 1.6500172e-04
2.7027027e+00 2.3210801e-12 8.2082886e-07 1.5755454e-04
2.7057057e+00 2.1101651e-12 7.6840369e-07 1.5027003e-04
2.7087087e+00 1.9183754e-12 7.2005105e-07 1.4319764e-04
2.7117117e+00 1.7417766e-12 6.7505540e-07 1.3666680e-04
2.7147147e+00 1.5809554e-12 6.3177587e-07 1.3029916e-04
2.7177177e+00 1.4353357e-12 5.9161277e-07 1.2421981e-04
2.7207207e+00 1.3020945e-12 5.5338464e-07 1.1854194e-04
2.7237237e+00 1.1809380e-12 5.1756103e-07 1.1307411e-04
2.7267267e+00 1.0707850e-12 4.8448708e-07 1.0780994e-04
2.7297297e+00 9.7074568e-13 4.5364363e-07 1.0281876e-04
2.7327327e+00 8.8023916e-13 4.2476476e-07 9.8058906e-05
2.7357357e+00 7.9829598e-13 3.9761426e-07 9.3475176e-05
2.7387387e+00 7.2305339e-13 3.7179235e-07 8.9061349e-05
2.7417417e+00 6.5441514e-13 3.4770817e-07 8.4946930e-05
2.7447447e+00 5.9268877e-13 3.2538789e-07 8.0973936e-05
2.7477477e+00 5.3667981e-13 3.0380436e-07 7.7070947e-05
2.7507508e+00 4.8618791e-13 2.8382177e-07 7.3389041e-05
2.7537538e+00 4.4066392e-13 2.6520382e-07 6.9939512e-05
2.7567568e+00 3.9933662e-13 2.4786616e-07 6.6607586e-05
2.7597598e+00 3.6175202e-13 2.3149010e-07 6.3355255e-05
2.7627628e+00 3.2747846e-13 2.1618682e-07 6.0295917e-05
2.7657658e+00 2.9652655e-13 2.0174017e-07 5.7325497e-05
2.7687688e+00 2.6850467e-13 1.8806128e-07 5.4542810e-05
2.7717718e+00 2.4308295e-13 1.7560310e-07 5.1920282e-05
2.7747748e+00 2.2002475e-13 1.6403412e-07 4.9362239e-05
2.7777778e+00 1.9911453e-13 1.5303593e-07 4.6922391e-05
2.7807808e+00 1.8015601e-13 1.4279435e-07 4.4588375e-05
2.7837838e+00 1.6297048e-13 1.3321246e-07 4.2340972e-05
2.7867868e+00 1.4739525e-13 1.2411996e-07 4.0216844e-05
2.7897898e+00 1.3328229e-13 1.1571251e-07 3.8160288e-05
2.7927928e+00 1.2043505e-13 1.0793405e-07 3.6206321e-05
2.7957958e+00 1.0871112e-13 1.0070967e-07 3.4349621e-05
2.7987988e+00 9.8210383e-14 9.3877083e-08 3.2619524e-05
2.8018018e+00 8.8706511e-14 8.7517947e-08 3.0968984e-05
2.8048048e+00 8.0036147e-14 8.1572311e-08 2.9406461e-05
2.8078078e+00 7.2203932e-14 7.5995747e-08 2.7893177e-05
2.8108108e+00 6.5108083e-14 7.0650461e-08 2.6443259e-05
2.8138138e+00 5.8642446e-14 6.5736607e-08 2.5060279e-05
2.8168168e+00 5.2929255e-14 6.1198543e-08 2.3784070e-05
2.8198198e+00 4.7743648e-14 5.6952530e-08 2.2545836e-05
2.8228228e+00 4.3076537e-14 5.2974118e-08 2.1351084e-05
2.8258258e+00 3.8835603e-14 4.9226467e-08 2.0190706e-05
2.8288288e+00 3.5026575e-14 4.5720195e-08 1.9114921e-05
2.8318318e+00 3.1584913e-14 4.2544729e-08 1.8125014e-05
2.8348348e+00 2.8475809e-14 3.9553866e-08 1.7165082e-05
2.8378378e+00 2.5667693e-14 3.6748685e-08 1.6238371e-05
2.8408408e+00 2.3131936e-14 3.4131365e-08 1.5387857e-05
2.8438438e+00 2.0842582e-14 3.1717370e-08 1.4560998e-05
2.8468468e+00 1.8776102e-14 2.9460730e-08 1.3787820e-05
2.8498498e+00 1.6905985e-14 2.7371270e-08 1.3065117e-05
2.8528529e+00 1.5218876e-14 2.5403139e-08 1.2326707e-05
2.8558559e+00 1.3695982e-14 2.3564525e-08 1.1646844e-05
2.8588589e+00 1.2313952e-14 2.1853122e-08 1.1025860e-05
2.8618619e+00 1.1069207e-14 2.0268730e-08 1.0427517e-05
2.8648649e+00 9.9572337e-15 1.8802977e-08 9.8658233e-06
2.8678679e+00 8.9575723e-15 1.7444461e-08 9.3303690e-06
2.8708709e+00 8.0566839e-15 1.6193046e-08 8.8213445e-06
2.8738739e+00 7.2449720e-15 1.4978260e-08 8.3364889e-06
2.8768769e+00 6.5137559e-15 1.3867740e-08 7.8766743e-06
2.8798799e+00 5.8551851e-15 1.2836653e-08 7.4325104e-06
2.8828829e+00 5.2621613e-15 1.1901230e-08 7.0119057e-06
2.8858859e+00 4.7282679e-15 1.1029702e-08 6.6165429e-06
2.8888889e+00 4.2477052e-15 1.0220196e-08 6.2461128e-06
2.8918919e+00 3.8152328e-15 9.4657633e-09 5.8980875e-06
2.8948949e+00 3.4261163e-15 8.7607000e-09 5.5684437e-06
2.8978979e+00 3.0760794e-15 8.1057693e-09 5.2496774e-06
2.9009009e+00 2.7612604e-15 7.5027563e-09 4.9543638e-06
2.9039039e+00 2.4774158e-15 6.9500198e-09 4.6682720e-06
2.9069069e+00 2.2202005e-15 6.4344284e-09 4.4033850e-06
2.9099099e+00 1.9898234e-15 5.9569180e-09 4.1448946e-06
2.9129129e+00 1.7843963e-15 5.5056883e-09 3.9067104e-06
2.9159159e+00 1.5998622e-15 5.0896233e-09 3.6797975e-06
2.9189189e+00 1.4329119e-15 4.7053775e-09 3.4661359e-06
2.9219219e+00 1.2828820e-15 4.3533418e-09 3.2652885e-06
2.9249249e+00 1.1483343e-15 4.0266850e-09 3.0724602e-06
2.9279279e+00 1.0276952e-15 3.7209795e-09 2.8889137e-06
2.9309309e+00 9.1954865e-16 3.4389147e-09 2.7207526e-06
2.9339339e+00 8.2265149e-16 3.1759232e-09 2.5609262e-06
2.9369369e+00 7.3593686e-16 2.9264348e-09 2.4082331e-06
2.9399399e+00 6.5823306e-16 2.7018980e-09 2.2660391e-06
2.9429429e+00 5.8849357e-16 2.4937580e-09 2.1301565e-06
2.9459459e+00 5.2592623e-16 2.2991814e-09 2.0036340e-06
2.9489489e+00 4.6993632e-16 2.1198749e-09 1.8862309e-06
2.9519520e+00 4.1990406e-16 1.9534485e-09 1.7722062e-06
2.9549550e+00 3.7512457e-16 1.7997565e-09 1.6651778e-06
2.9579580e+00 3.3505440e-16 1.6574623e-09 1.5653641e-06
2.9609610e+00 2.9920547e-16 1.5266374e-09 1.4724597e-06
2.9639640e+00 2.6713950e-16 1.4071052e-09 1.3840860e-06
2.9669670e+00 2.3846304e-16 1.2957473e-09 1.3005115e-06
2.9699700e+00 2.1282293e-16 1.1937284e-09 1.2209345e-06
2.9729730e+00 1.8990227e-16 1.0995307e-09 1.1454680e-06
2.9759760e+00 1.6944728e-16 1.0124377e-09 1.0751085e-06
2.9789790e+00 1.5116759e-16 9.3181803e-10 1.0091623e-06
2.9819820e+00 1.3487457e-16 8.5769502e-10 9.4682134e-07
2.9849850e+00 1.2037525e-16 7.8982517e-10 8.8878500e-07
2.9879880e+00 1.0741348e-16 7.2732058e-10 8.3346135e-07
2.9909910e+00 9.5828530e-17 6.6939974e-10 7.8115225e-07
2.9939940e+00 8.5490843e-17 6.1614805e-10 7.3233487e-07
2.9969970e+00 7.6254765e-17 5.6713006e-10 6.8689036e-07
3.0000000e+00 6.8003108e-17 5.2180351e-10 6.4397059e-07
