X KDE_INF KDE_MED KDE_SUP
-1.4000000e+01 1.9567217e-17 1.4377902e-11 8.5457056e-04
-1.3990991e+01 2.3407431e-17 1.6582821e-11 8.7908080e-04
-1.3981982e+01 2.7525432e-17 1.9072890e-11 9.0381696e-04
-1.3972973e+01 3.2604470e-17 2.1880114e-11 9.1374238e-04
-1.3963964e+01 3.8960544e-17 2.5070487e-11 9.2404567e-04
-1.3954955e+01 4.6578677e-17 2.8549767e-11 9.1974329e-04
-1.3945946e+01 5.5278182e-17 3.2758544e-11 9.5284652e-04
-1.3936937e+01 6.5670459e-17 3.7696161e-11 9.7285715e-04
-1.3927928e+01 7.8304299e-17 4.3288824e-11 1.0076226e-03
-1.3918919e+01 9.2914680e-17 4.9651412e-11 1.0499183e-03
-1.3909910e+01 1.1105399e-16 5.6843732e-11 1.0705101e-03
-1.3900901e+01 1.3155347e-16 6.5205755e-11 1.0879167e-03
-1.3891892e+01 1.5649705e-16 7.4514008e-11 1.1112736e-03
-1.3882883e+01 1.8607258e-16 8.5138569e-11 1.1303743e-03
-1.3873874e+01 2.2098588e-16 9.7443621e-11 1.1673947e-03
-1.3864865e+01 2.5779079e-16 1.1124564e-10 1.1972294e-03
-1.3855856e+01 3.0389924e-16 1.2735338e-10 1.2320597e-03
-1.3846847e+01 3.6223633e-16 1.4594124e-10 1.2633382e-03
-1.3837838e+01 4.2870496e-16 1.6713350e-10 1.2898487e-03
-1.3828829e+01 5.0843629e-16 1.8958798e-10 1.2957151e-03
-1.3819820e+01 5.9457073e-16 2.1629337e-10 1.3121492e-03
-1.3810811e+01 7.0606188e-16 2.4667987e-10 1.3543209e-03
-1.3801802e+01 8.3870453e-16 2.8081904e-10 1.3878053e-03
-1.3792793e+01 9.8754955e-16 3.1996062e-10 1.3992150e-03
-1.3783784e+01 1.1571214e-15 3.6425746e-10 1.3899392e-03
-1.3774775e+01 1.3560317e-15 4.1310978e-10 1.3883391e-03
-1.3765766e+01 1.5757237e-15 4.6911665e-10 1.4447292e-03
-1.3756757e+01 1.8234644e-15 5.3416774e-10 1.4977824e-03
-1.3747748e+01 2.1656071e-15 6.0687885e-10 1.5381134e-03
-1.3738739e+01 2.5446030e-15 6.9053821e-10 1.5684861e-03
-1.3729730e+01 2.9873087e-15 7.8511170e-10 1.6104577e-03
-1.3720721e+01 3.4817465e-15 8.8902439e-10 1.6502944e-03
-1.3711712e+01 4.1047094e-15 1.0127419e-09 1.6374216e-03
-1.3702703e+01 4.7977212e-15 1.1501405e-09 1.7037799e-03
-1.3693694e+01 5.6465647e-15 1.3056883e-09 1.7159556e-03
-1.3684685e+01 6.6039498e-15 1.4808841e-09 1.7777105e-03
-1.3675676e+01 7.7909677e-15 1.6763297e-09 1.8333235e-03
-1.3666667e+01 9.1297579e-15 1.9040232e-09 1.8565243e-03
-1.3657658e+01 1.0622647e-14 2.1518728e-09 1.9018446e-03
-1.3648649e+01 1.2398021e-14 2.4396222e-09 1.9471574e-03
-1.3639640e+01 1.4464834e-14 2.7636540e-09 1.9889590e-03
-1.3630631e+01 1.6839320e-14 3.1352889e-09 2.0200200e-03
-1.3621622e+01 1.9648106e-14 3.5417801e-09 2.0560238e-03
-1.3612613e+01 2.2970572e-14 4.0127844e-09 2.1277373e-03
-1.3603604e+01 2.7047396e-14 4.5354477e-09 2.1355335e-03
-1.3594595e+01 3.1550539e-14 5.1353588e-09 2.1777870e-03
-1.3585586e+01 3.6788524e-14 5.8089978e-09 2.2190441e-03
-1.3576577e+01 4.2983994e-14 6.5457048e-09 2.2869126e-03
-1.3567568e+01 5.0357467e-14 7.3843145e-09 2.3447830e-03
-1.3558559e+01 5.8954030e-14 8.3210914e-09 2.4002846e-03
-1.3549550e+01 6.8618611e-14 9.3788965e-09 2.4131313e-03
-1.3540541e+01 8.0041317e-14 1.0527428e-08 2.4503814e-03
-1.3531532e+01 9.2047186e-14 1.1837451e-08 2.4614501e-03
-1.3522523e+01 1.0750692e-13 1.3368889e-08 2.5420580e-03
-1.3513514e+01 1.2547847e-13 1.5016967e-08 2.5721979e-03
-1.3504505e+01 1.4562033e-13 1.6879858e-08 2.5950859e-03
-1.3495495e+01 1.6942981e-13 1.8972940e-08 2.6135605e-03
-1.3486486e+01 1.9548538e-13 2.1347836e-08 2.6733710e-03
-1.3477477e+01 2.2636093e-13 2.3962876e-08 2.7722117e-03
-1.3468468e+01 2.6275180e-13 2.6912429e-08 2.8471767e-03
-1.3459459e+01 3.0674605e-13 3.0204641e-08 2.9367507e-03
-1.3450450e+01 3.5524889e-13 3.3846911e-08 3.0171736e-03
-1.3441441e+01 4.1130337e-13 3.7882674e-08 3.0890575e-03
-1.3432432e+01 4.7471091e-13 4.2485520e-08 3.0985665e-03
-1.3423423e+01 5.4077312e-13 4.7546082e-08 3.1358228e-03
-1.3414414e+01 6.3102255e-13 5.2976627e-08 3.1443422e-03
-1.3405405e+01 7.2597191e-13 5.9269556e-08 3.2049650e-03
-1.3396396e+01 8.4055177e-13 6.6354993e-08 3.2829763e-03
-1.3387387e+01 9.7319082e-13 7.4192659e-08 3.3348124e-03
-1.3378378e+01 1.1225026e-12 8.2855106e-08 3.3916612e-03
-1.3369369e+01 1.3049056e-12 9.2029798e-08 3.4718919e-03
-1.3360360e+01 1.4994180e-12 1.0303303e-07 3.5176161e-03
-1.3351351e+01 1.7393728e-12 1.1529888e-07 3.6062346e-03
-1.3342342e+01 2.0101401e-12 1.2879714e-07 3.6823488e-03
-1.3333333e+01 2.3177771e-12 1.4315974e-07 3.7457607e-03
-1.3324324e+01 2.6829094e-12 1.5895333e-07 3.8157051e-03
-1.3315315e+01 3.1266856e-12 1.7718083e-07 3.8998334e-03
-1.3306306e+01 3.6190466e-12 1.9803693e-07 3.9809392e-03
-1.3297297e+01 4.2027219e-12 2.2045540e-07 4.0149887e-03
-1.3288288e+01 4.8705813e-12 2.4551714e-07 4.1193695e-03
-1.3279279e+01 5.5637267e-12 2.7293182e-07 4.2055082e-03
-1.3270270e+01 6.4435368e-12 3.0333974e-07 4.2001663e-03
-1.3261261e+01 7.4604831e-12 3.3647472e-07 4.2666293e-03
-1.3252252e+01 8.6439244e-12 3.7175553e-07 4.3624859e-03
-1.3243243e+01 9.9012228e-12 4.1145463e-07 4.4697974e-03
-1.3234234e+01 1.1434024e-11 4.5575558e-07 4.5378446e-03
-1.3225225e+01 1.3139842e-11 5.0419342e-07 4.5697720e-03
-1.3216216e+01 1.5044272e-11 5.6016943e-07 4.6351517e-03
-1.3207207e+01 1.7397254e-11 6.2067771e-07 4.7555263e-03
-1.3198198e+01 1.9973498e-11 6.8819482e-07 4.8391061e-03
-1.3189189e+01 2.2741487e-11 7.6304705e-07 4.9271126e-03
-1.3180180e+01 2.6156189e-11 8.4275200e-07 5.0366346e-03
-1.3171171e+01 2.9878319e-11 9.3369140e-07 5.2108345e-03
-1.3162162e+01 3.3658533e-11 1.0350698e-06 5.3604272e-03
-1.3153153e+01 3.8590330e-11 1.1447688e-06 5.3762794e-03
-1.3144144e+01 4.4264298e-11 1.2654712e-06 5.4830270e-03
-1.3135135e+01 5.0790089e-11 1.3977613e-06 5.5259077e-03
-1.3126126e+01 5.8370663e-11 1.5417633e-06 5.6427446e-03
-1.3117117e+01 6.7129262e-11 1.6998663e-06 5.7614876e-03
-1.3108108e+01 7.5862132e-11 1.8778171e-06 5.8200573e-03
-1.3099099e+01 8.7243248e-11 2.0716886e-06 5.9333150e-03
-1.3090090e+01 9.9500795e-11 2.2886335e-06 6.0567473e-03
-1.3081081e+01 1.1347168e-10 2.5266449e-06 6.0949215e-03
-1.3072072e+01 1.2992826e-10 2.7903217e-06 6.1754813e-03
-1.3063063e+01 1.4915459e-10 3.0670019e-06 6.1980607e-03
-1.3054054e+01 1.6644056e-10 3.3721212e-06 6.3310244e-03
-1.3045045e+01 1.8990471e-10 3.7059430e-06 6.4288765e-03
-1.3036036e+01 2.1610975e-10 4.0726967e-06 6.5236651e-03
-1.3027027e+01 2.4602496e-10 4.4930942e-06 6.5924728e-03
-1.3018018e+01 2.7455796e-10 4.9321055e-06 6.6994711e-03
-1.3009009e+01 3.1083471e-10 5.4092912e-06 6.8528980e-03
-1.3000000e+01 3.5400825e-10 5.9595619e-06 6.9916989e-03
-1.2990991e+01 4.0394343e-10 6.5308989e-06 7.1476442e-03
-1.2981982e+01 4.6076380e-10 7.1604887e-06 7.2579839e-03
-1.2972973e+01 5.2554736e-10 7.8368377e-06 7.3875958e-03
-1.2963964e+01 5.9579082e-10 8.5715752e-06 7.4962611e-03
-1.2954955e+01 6.7789278e-10 9.3887024e-06 7.5242813e-03
-1.2945946e+01 7.6917919e-10 1.0293643e-05 7.7637334e-03
-1.2936937e+01 8.7083744e-10 1.1277785e-05 7.8177194e-03
-1.2927928e+01 9.8632937e-10 1.2306028e-05 7.9451506e-03
-1.2918919e+01 1.1213775e-09 1.3452698e-05 8.1455281e-03
-1.2909910e+01 1.2733159e-09 1.4704830e-05 8.2594235e-03
-1.2900901e+01 1.4421448e-09 1.6050303e-05 8.4915498e-03
-1.2891892e+01 1.6203917e-09 1.7526015e-05 8.6883330e-03
-1.2882883e+01 1.8179197e-09 1.9065094e-05 8.7575307e-03
-1.2873874e+01 2.0627631e-09 2.0783972e-05 8.9832022e-03
-1.2864865e+01 2.3379783e-09 2.2664319e-05 9.1623759e-03
-1.2855856e+01 2.6362911e-09 2.4688391e-05 9.3955557e-03
-1.2846847e+01 2.9636928e-09 2.6872177e-05 9.4493086e-03
-1.2837838e+01 3.3561148e-09 2.9223711e-05 9.6344793e-03
-1.2828829e+01 3.7695590e-09 3.1719163e-05 9.7143565e-03
-1.2819820e+01 4.2442058e-09 3.4518479e-05 9.9187917e-03
-1.2810811e+01 4.7959772e-09 3.7648865e-05 1.0006485e-02
-1.2801802e+01 5.3696861e-09 4.0972751e-05 1.0087364e-02
-1.2792793e+01 6.0311548e-09 4.4530000e-05 1.0168736e-02
-1.2783784e+01 6.8056166e-09 4.8441935e-05 1.0378220e-02
-1.2774775e+01 7.6918141e-09 5.2627816e-05 1.0554818e-02
-1.2765766e+01 8.5856482e-09 5.7145442e-05 1.0660900e-02
-1.2756757e+01 9.6729684e-09 6.1964485e-05 1.0957219e-02
-1.2747748e+01 1.0849129e-08 6.7157567e-05 1.1213523e-02
-1.2738739e+01 1.2155591e-08 7.2563638e-05 1.1451729e-02
-1.2729730e+01 1.3667417e-08 7.8754392e-05 1.1632441e-02
-1.2720721e+01 1.5320232e-08 8.5350680e-05 1.1857887e-02
-1.2711712e+01 1.7251514e-08 9.2292487e-05 1.2080083e-02
-1.2702703e+01 1.9312106e-08 1.0000506e-04 1.2395789e-02
-1.2693694e+01 2.1289512e-08 1.0825328e-04 1.2604614e-02
-1.2684685e+01 2.3932143e-08 1.1692581e-04 1.2685907e-02
-1.2675676e+01 2.6700027e-08 1.2608041e-04 1.2815139e-02
-1.2666667e+01 3.0136505e-08 1.3621323e-04 1.3040973e-02
-1.2657658e+01 3.3878683e-08 1.4665743e-04 1.3239484e-02
-1.2648649e+01 3.7561320e-08 1.5808998e-04 1.3569616e-02
-1.2639640e+01 4.2245596e-08 1.7014957e-04 1.3997145e-02
-1.2630631e+01 4.7240326e-08 1.8323358e-04 1.4160542e-02
-1.2621622e+01 5.2666783e-08 1.9686047e-04 1.4470990e-02
-1.2612613e+01 5.8921748e-08 2.1190177e-04 1.4823596e-02
-1.2603604e+01 6.6334233e-08 2.2765458e-04 1.4930163e-02
-1.2594595e+01 7.4173193e-08 2.4488566e-04 1.5376134e-02
-1.2585586e+01 8.2437304e-08 2.6391337e-04 1.5641359e-02
-1.2576577e+01 9.2619625e-08 2.8419021e-04 1.6026388e-02
-1.2567568e+01 1.0405472e-07 3.0595298e-04 1.6388441e-02
-1.2558559e+01 1.1614566e-07 3.2887555e-04 1.6719235e-02
-1.2549550e+01 1.2948118e-07 3.5366318e-04 1.7105758e-02
-1.2540541e+01 1.4262841e-07 3.7916161e-04 1.7384033e-02
-1.2531532e+01 1.5885164e-07 4.0740274e-04 1.7803964e-02
-1.2522523e+01 1.7715951e-07 4.3733771e-04 1.8072707e-02
-1.2513514e+01 1.9679905e-07 4.6844910e-04 1.8487307e-02
-1.2504505e+01 2.1613422e-07 5.0183081e-04 1.8766078e-02
-1.2495495e+01 2.3971792e-07 5.3737467e-04 1.9338108e-02
-1.2486486e+01 2.6519989e-07 5.7480803e-04 1.9745141e-02
-1.2477477e+01 2.9554163e-07 6.1623132e-04 2.0068562e-02
-1.2468468e+01 3.2683487e-07 6.6040332e-04 2.0543001e-02
-1.2459459e+01 3.6233169e-07 7.0642086e-04 2.1085812e-02
-1.2450450e+01 4.0282356e-07 7.5366809e-04 2.1528397e-02
-1.2441441e+01 4.4923249e-07 8.0495941e-04 2.1986740e-02
-1.2432432e+01 4.9360302e-07 8.5984968e-04 2.2589808e-02
-1.2423423e+01 5.4881137e-07 9.1886024e-04 2.2987740e-02
-1.2414414e+01 6.0477383e-07 9.7999788e-04 2.3404042e-02
-1.2405405e+01 6.6820154e-07 1.0459452e-03 2.3958090e-02
-1.2396396e+01 7.3845684e-07 1.1154319e-03 2.4319897e-02
-1.2387387e+01 8.2000463e-07 1.1901391e-03 2.4940320e-02
-1.2378378e+01 9.0390923e-07 1.2684583e-03 2.5343047e-02
-1.2369369e+01 9.9298166e-07 1.3522463e-03 2.5949293e-02
-1.2360360e+01 1.0924750e-06 1.4396427e-03 2.6461140e-02
-1.2351351e+01 1.2012473e-06 1.5327795e-03 2.7022218e-02
-1.2342342e+01 1.3173910e-06 1.6290960e-03 2.7694319e-02
-1.2333333e+01 1.4481915e-06 1.7285199e-03 2.8501616e-02
-1.2324324e+01 1.5932552e-06 1.8339082e-03 2.9405308e-02
-1.2315315e+01 1.7583812e-06 1.9519078e-03 3.0043054e-02
-1.2306306e+01 1.9396665e-06 2.0714827e-03 3.0841330e-02
-1.2297297e+01 2.1335916e-06 2.1970380e-03 3.1645976e-02
-1.2288288e+01 2.3463979e-06 2.3321103e-03 3.2355409e-02
-1.2279279e+01 2.6034647e-06 2.4783219e-03 3.3176061e-02
-1.2270270e+01 2.8482205e-06 2.6290625e-03 3.3862069e-02
-1.2261261e+01 3.1423244e-06 2.7809263e-03 3.4750506e-02
-1.2252252e+01 3.4514178e-06 2.9479780e-03 3.5505583e-02
-1.2243243e+01 3.7770203e-06 3.1249911e-03 3.6241125e-02
-1.2234234e+01 4.1602540e-06 3.3136854e-03 3.7205278e-02
-1.2225225e+01 4.5382140e-06 3.5097463e-03 3.8192277e-02
-1.2216216e+01 5.0124466e-06 3.7185492e-03 3.9216360e-02
-1.2207207e+01 5.4857722e-06 3.9353038e-03 4.0220476e-02
-1.2198198e+01 5.9833879e-06 4.1602555e-03 4.1116721e-02
-1.2189189e+01 6.5733022e-06 4.4022205e-03 4.2061965e-02
-1.2180180e+01 7.2401042e-06 4.6526924e-03 4.3076033e-02
-1.2171171e+01 7.9446106e-06 4.9165873e-03 4.3984759e-02
-1.2162162e+01 8.7162371e-06 5.1832251e-03 4.4933315e-02
-1.2153153e+01 9.5057712e-06 5.4753751e-03 4.6101694e-02
-1.2144144e+01 1.0288073e-05 5.7813963e-03 4.7165706e-02
-1.2135135e+01 1.1251274e-05 6.0903750e-03 4.8536107e-02
-1.2126126e+01 1.2297158e-05 6.4190163e-03 4.9826014e-02
-1.2117117e+01 1.3469302e-05 6.7648450e-03 5.1016869e-02
-1.2108108e+01 1.4760550e-05 7.1142884e-03 5.2440141e-02
-1.2099099e+01 1.6201872e-05 7.4810855e-03 5.3934950e-02
-1.2090090e+01 1.7695526e-05 7.8797671e-03 5.5416694e-02
-1.2081081e+01 1.9401416e-05 8.2774777e-03 5.6849113e-02
-1.2072072e+01 2.1197152e-05 8.6966476e-03 5.8252179e-02
-1.2063063e+01 2.3147742e-05 9.1333223e-03 5.9475225e-02
-1.2054054e+01 2.5116094e-05 9.5974231e-03 6.0674885e-02
-1.2045045e+01 2.7515880e-05 1.0082963e-02 6.2258337e-02
-1.2036036e+01 2.9874269e-05 1.0567821e-02 6.3447360e-02
-1.2027027e+01 3.2522828e-05 1.1090449e-02 6.4836645e-02
-1.2018018e+01 3.5181383e-05 1.1624600e-02 6.6437208e-02
-1.2009009e+01 3.8342836e-05 1.2183479e-02 6.8257433e-02
-1.2000000e+01 4.1646351e-05 1.2772288e-02 6.9941164e-02
-1.1990991e+01 4.5466632e-05 1.3372695e-02 7.1372876e-02
-1.1981982e+01 4.9390079e-05 1.3978474e-02 7.3070889e-02
-1.1972973e+01 5.3658010e-05 1.4605783e-02 7.4698607e-02
-1.1963964e+01 5.8207314e-05 1.5251165e-02 7.6156410e-02
-1.1954955e+01 6.3169820e-05 1.5934594e-02 7.8006780e-02
-1.1945946e+01 6.8445147e-05 1.6634472e-02 7.9787512e-02
-1.1936937e+01 7.3852529e-05 1.7375584e-02 8.1506267e-02
-1.1927928e+01 8.0332481e-05 1.8082533e-02 8.3065339e-02
-1.1918919e+01 8.6883865e-05 1.8867994e-02 8.4987771e-02
-1.1909910e+01 9.4400695e-05 1.9686622e-02 8.7168721e-02
-1.1900901e+01 1.0154889e-04 2.0508236e-02 8.9001113e-02
-1.1891892e+01 1.0955920e-04 2.1371154e-02 9.1079735e-02
-1.1882883e+01 1.1818438e-04 2.2268011e-02 9.3068852e-02
-1.1873874e+01 1.2785798e-04 2.3178061e-02 9.4950307e-02
-1.1864865e+01 1.3817906e-04 2.4109500e-02 9.6803646e-02
-1.1855856e+01 1.4973803e-04 2.5070018e-02 9.8721986e-02
-1.1846847e+01 1.6223715e-04 2.6057194e-02 1.0084747e-01
-1.1837838e+01 1.7561419e-04 2.7066282e-02 1.0283212e-01
-1.1828829e+01 1.9015754e-04 2.8097323e-02 1.0492973e-01
-1.1819820e+01 2.0593134e-04 2.9148338e-02 1.0715358e-01
-1.1810811e+01 2.2167078e-04 3.0263877e-02 1.0905225e-01
-1.1801802e+01 2.3934265e-04 3.1347811e-02 1.1134685e-01
-1.1792793e+01 2.5853520e-04 3.2507733e-02 1.1343398e-01
-1.1783784e+01 2.7943881e-04 3.3690827e-02 1.1573658e-01
-1.1774775e+01 3.0131322e-04 3.4939751e-02 1.1776238e-01
-1.1765766e+01 3.2441073e-04 3.6198039e-02 1.1974016e-01
-1.1756757e+01 3.5078522e-04 3.7477719e-02 1.2158250e-01
-1.1747748e+01 3.7918000e-04 3.8801993e-02 1.2328832e-01
-1.1738739e+01 4.0618395e-04 4.0168959e-02 1.2509411e-01
-1.1729730e+01 4.3746380e-04 4.1565975e-02 1.2650233e-01
-1.1720721e+01 4.7047874e-04 4.2964311e-02 1.2802072e-01
-1.1711712e+01 5.0721214e-04 4.4398090e-02 1.3010497e-01
-1.1702703e+01 5.4499146e-04 4.5820413e-02 1.3276093e-01
-1.1693694e+01 5.8567470e-04 4.7350546e-02 1.3523568e-01
-1.1684685e+01 6.3076170e-04 4.8867732e-02 1.3812700e-01
-1.1675676e+01 6.7947191e-04 5.0448964e-02 1.4091987e-01
-1.1666667e+01 7.2817136e-04 5.2042244e-02 1.4384728e-01
-1.1657658e+01 7.8102664e-04 5.3522038e-02 1.4690648e-01
-1.1648649e+01 8.3960879e-04 5.5105648e-02 1.4960394e-01
-1.1639640e+01 9.0056356e-04 5.6755872e-02 1.5253037e-01
-1.1630631e+01 9.6755624e-04 5.8419534e-02 1.5546651e-01
-1.1621622e+01 1.0388030e-03 6.0017567e-02 1.5844611e-01
-1.1612613e+01 1.1126974e-03 6.1675744e-02 1.6126333e-01
-1.1603604e+01 1.1894724e-03 6.3383597e-02 1.6434070e-01
-1.1594595e+01 1.2739373e-03 6.5038779e-02 1.6713738e-01
-1.1585586e+01 1.3681478e-03 6.6726937e-02 1.7031630e-01
-1.1576577e+01 1.4613733e-03 6.8417106e-02 1.7304549e-01
-1.1567568e+01 1.5648063e-03 7.0160327e-02 1.7627079e-01
-1.1558559e+01 1.6712862e-03 7.1931013e-02 1.7944362e-01
-1.1549550e+01 1.7858474e-03 7.3706819e-02 1.8268094e-01
-1.1540541e+01 1.9017476e-03 7.5505931e-02 1.8574802e-01
-1.1531532e+01 2.0280608e-03 7.7247301e-02 1.8886009e-01
-1.1522523e+01 2.1698004e-03 7.9045871e-02 1.9199771e-01
-1.1513514e+01 2.3161474e-03 8.0901584e-02 1.9506758e-01
-1.1504505e+01 2.4733045e-03 8.2614655e-02 1.9798740e-01
-1.1495495e+01 2.6271556e-03 8.4435146e-02 2.0063725e-01
-1.1486486e+01 2.7973973e-03 8.6237334e-02 2.0406621e-01
-1.1477477e+01 2.9717939e-03 8.7942780e-02 2.0718481e-01
-1.1468468e+01 3.1729784e-03 8.9624714e-02 2.1026582e-01
-1.1459459e+01 3.3718122e-03 9.1480874e-02 2.1334455e-01
-1.1450450e+01 3.5873374e-03 9.3401174e-02 2.1647182e-01
-1.1441441e+01 3.8147982e-03 9.5185953e-02 2.1935716e-01
-1.1432432e+01 4.0530101e-03 9.7004048e-02 2.2194379e-01
-1.1423423e+01 4.2954259e-03 9.8908597e-02 2.2468840e-01
-1.1414414e+01 4.5500196e-03 1.0066364e-01 2.2735418e-01
-1.1405405e+01 4.8100992e-03 1.0248917e-01 2.2984336e-01
-1.1396396e+01 5.1090495e-03 1.0428954e-01 2.3254209e-01
-1.1387387e+01 5.4103489e-03 1.0608877e-01 2.3501714e-01
-1.1378378e+01 5.7331715e-03 1.0780369e-01 2.3749337e-01
-1.1369369e+01 6.0848497e-03 1.0952293e-01 2.3974277e-01
-1.1360360e+01 6.4619040e-03 1.1128978e-01 2.4216855e-01
-1.1351351e+01 6.8385280e-03 1.1291752e-01 2.4441570e-01
-1.1342342e+01 7.2254994e-03 1.1449763e-01 2.4675800e-01
-1.1333333e+01 7.6400495e-03 1.1611398e-01 2.4892244e-01
-1.1324324e+01 8.0708844e-03 1.1766425e-01 2.5079022e-01
-1.1315315e+01 8.5319685e-03 1.1929986e-01 2.5244812e-01
-1.1306306e+01 9.0120611e-03 1.2079592e-01 2.5362236e-01
-1.1297297e+01 9.5241206e-03 1.2210377e-01 2.5480380e-01
-1.1288288e+01 1.0058397e-02 1.2337931e-01 2.5593646e-01
-1.1279279e+01 1.0624304e-02 1.2459908e-01 2.5704130e-01
-1.1270270e+01 1.1203126e-02 1.2568050e-01 2.5844380e-01
-1.1261261e+01 1.1815070e-02 1.2667925e-01 2.6012012e-01
-1.1252252e+01 1.2455801e-02 1.2761862e-01 2.6168908e-01
-1.1243243e+01 1.3140535e-02 1.2846688e-01 2.6324233e-01
-1.1234234e+01 1.3840038e-02 1.2919849e-01 2.6493235e-01
-1.1225225e+01 1.4577398e-02 1.3009866e-01 2.6696521e-01
-1.1216216e+01 1.5369822e-02 1.3095711e-01 2.6903799e-01
-1.1207207e+01 1.6175849e-02 1.3187733e-01 2.7120261e-01
-1.1198198e+01 1.7013837e-02 1.3291291e-01 2.7364881e-01
-1.1189189e+01 1.7910046e-02 1.3392592e-01 2.7542926e-01
-1.1180180e+01 1.8817206e-02 1.3510344e-01 2.7757724e-01
-1.1171171e+01 1.9789657e-02 1.3617552e-01 2.7941282e-01
-1.1162162e+01 2.0800033e-02 1.3739486e-01 2.8154561e-01
-1.1153153e+01 2.1839630e-02 1.3849599e-01 2.8379032e-01
-1.1144144e+01 2.2939569e-02 1.3966154e-01 2.8567474e-01
-1.1135135e+01 2.4093781e-02 1.4095949e-01 2.8812187e-01
-1.1126126e+01 2.5322496e-02 1.4225694e-01 2.9043210e-01
-1.1117117e+01 2.6567492e-02 1.4355071e-01 2.9291514e-01
-1.1108108e+01 2.7841345e-02 1.4491639e-01 2.9522259e-01
-1.1099099e+01 2.9160288e-02 1.4637300e-01 2.9745471e-01
-1.1090090e+01 3.0580338e-02 1.4785416e-01 2.9993005e-01
-1.1081081e+01 3.1995944e-02 1.4932061e-01 3.0227858e-01
-1.1072072e+01 3.3480756e-02 1.5087812e-01 3.0442473e-01
-1.1063063e+01 3.5056553e-02 1.5239864e-01 3.0671681e-01
-1.1054054e+01 3.6633315e-02 1.5400136e-01 3.0873053e-01
-1.1045045e+01 3.8302728e-02 1.5581005e-01 3.1076323e-01
-1.1036036e+01 4.0130134e-02 1.5743359e-01 3.1293493e-01
-1.1027027e+01 4.1942641e-02 1.5930203e-01 3.1507223e-01
-1.1018018e+01 4.3841134e-02 1.6114951e-01 3.1748136e-01
-1.1009009e+01 4.5755585e-02 1.6299921e-01 3.2003538e-01
-1.1000000e+01 4.7779585e-02 1.6501196e-01 3.2216797e-01
-1.0990991e+01 4.9869435e-02 1.6686367e-01 3.2404649e-01
-1.0981982e+01 5.1943340e-02 1.6875748e-01 3.2584407e-01
-1.0972973e+01 5.4254529e-02 1.7068600e-01 3.2792100e-01
-1.0963964e+01 5.6539865e-02 1.7274346e-01 3.3020381e-01
-1.0954955e+01 5.9017279e-02 1.7489107e-01 3.3215668e-01
-1.0945946e+01 6.1518268e-02 1.7718635e-01 3.3432582e-01
-1.0936937e+01 6.4190760e-02 1.7941705e-01 3.3631557e-01
-1.0927928e+01 6.6839118e-02 1.8179063e-01 3.3873711e-01
-1.0918919e+01 6.9532428e-02 1.8425841e-01 3.4104645e-01
-1.0909910e+01 7.2396559e-02 1.8677246e-01 3.4348124e-01
-1.0900901e+01 7.5229261e-02 1.8928329e-01 3.4568659e-01
-1.0891892e+01 7.8167450e-02 1.9204326e-01 3.4851531e-01
-1.0882883e+01 8.1060043e-02 1.9446682e-01 3.5034021e-01
-1.0873874e+01 8.3961607e-02 1.9721183e-01 3.5264090e-01
-1.0864865e+01 8.7095504e-02 1.9992788e-01 3.5472475e-01
-1.0855856e+01 9.0071293e-02 2.0267912e-01 3.5708163e-01
-1.0846847e+01 9.3298932e-02 2.0575870e-01 3.5933871e-01
-1.0837838e+01 9.6391153e-02 2.0862053e-01 3.6204080e-01
-1.0828829e+01 9.9768053e-02 2.1162620e-01 3.6440255e-01
-1.0819820e+01 1.0306346e-01 2.1443261e-01 3.6729577e-01
-1.0810811e+01 1.0651798e-01 2.1761193e-01 3.6984195e-01
-1.0801802e+01 1.0977072e-01 2.2068608e-01 3.7323019e-01
-1.0792793e+01 1.1285899e-01 2.2364439e-01 3.7549142e-01
-1.0783784e+01 1.1622311e-01 2.2674765e-01 3.7869071e-01
-1.0774775e+01 1.1939296e-01 2.3015587e-01 3.8198726e-01
-1.0765766e+01 1.2311754e-01 2.3355240e-01 3.8497893e-01
-1.0756757e+01 1.2686476e-01 2.3747473e-01 3.8788586e-01
-1.0747748e+01 1.3015947e-01 2.4106983e-01 3.9119324e-01
-1.0738739e+01 1.3377285e-01 2.4463083e-01 3.9436967e-01
-1.0729730e+01 1.3756235e-01 2.4843478e-01 3.9786009e-01
-1.0720721e+01 1.4144518e-01 2.5234140e-01 4.0163150e-01
-1.0711712e+01 1.4532941e-01 2.5601596e-01 4.0524278e-01
-1.0702703e+01 1.4909466e-01 2.6012724e-01 4.0920108e-01
-1.0693694e+01 1.5283744e-01 2.6445724e-01 4.1336816e-01
-1.0684685e+01 1.5673061e-01 2.6889229e-01 4.1782095e-01
-1.0675676e+01 1.6103178e-01 2.7345855e-01 4.2236161e-01
-1.0666667e+01 1.6530370e-01 2.7822552e-01 4.2703706e-01
-1.0657658e+01 1.6959370e-01 2.8314377e-01 4.3144545e-01
-1.0648649e+01 1.7424648e-01 2.8792681e-01 4.3639221e-01
-1.0639640e+01 1.7904903e-01 2.9275406e-01 4.4197743e-01
-1.0630631e+01 1.8371779e-01 2.9749364e-01 4.4679904e-01
-1.0621622e+01 1.8816415e-01 3.0278297e-01 4.5202958e-01
-1.0612613e+01 1.9297478e-01 3.0801868e-01 4.5739043e-01
-1.0603604e+01 1.9769084e-01 3.1367010e-01 4.6316927e-01
-1.0594595e+01 2.0248964e-01 3.1940884e-01 4.6882684e-01
-1.0585586e+01 2.0756338e-01 3.2500587e-01 4.7467070e-01
-1.0576577e+01 2.1291027e-01 3.3134323e-01 4.8117696e-01
-1.0567568e+01 2.1798116e-01 3.3739447e-01 4.8749793e-01
-1.0558559e+01 2.2347548e-01 3.4325829e-01 4.9413254e-01
-1.0549550e+01 2.2905245e-01 3.4935501e-01 5.0058301e-01
-1.0540541e+01 2.3469807e-01 3.5590063e-01 5.0694428e-01
-1.0531532e+01 2.4012490e-01 3.6230026e-01 5.1368057e-01
-1.0522523e+01 2.4586070e-01 3.6883460e-01 5.2075673e-01
-1.0513514e+01 2.5194925e-01 3.7558041e-01 5.2809966e-01
-1.0504505e+01 2.5767644e-01 3.8241515e-01 5.3565687e-01
-1.0495495e+01 2.6404892e-01 3.8928110e-01 5.4331242e-01
-1.0486486e+01 2.7019988e-01 3.9675344e-01 5.5093683e-01
-1.0477477e+01 2.7634005e-01 4.0408989e-01 5.5886030e-01
-1.0468468e+01 2.8278926e-01 4.1157443e-01 5.6743814e-01
-1.0459459e+01 2.8948950e-01 4.1913617e-01 5.7526378e-01
-1.0450450e+01 2.9639877e-01 4.2706702e-01 5.8310270e-01
-1.0441441e+01 3.0339592e-01 4.3482725e-01 5.9102720e-01
-1.0432432e+01 3.1054059e-01 4.4264024e-01 5.9926395e-01
-1.0423423e+01 3.1784801e-01 4.5097260e-01 6.0811162e-01
-1.0414414e+01 3.2477873e-01 4.5908472e-01 6.1694265e-01
-1.0405405e+01 3.3197700e-01 4.6772539e-01 6.2612115e-01
-1.0396396e+01 3.3979976e-01 4.7639044e-01 6.3476568e-01
-1.0387387e+01 3.4698672e-01 4.8492120e-01 6.4389566e-01
-1.0378378e+01 3.5470336e-01 4.9394749e-01 6.5312910e-01
-1.0369369e+01 3.6228977e-01 5.0268615e-01 6.6273376e-01
-1.0360360e+01 3.6999601e-01 5.1191881e-01 6.7179966e-01
-1.0351351e+01 3.7798034e-01 5.2081441e-01 6.8157109e-01
-1.0342342e+01 3.8648567e-01 5.3005309e-01 6.9108751e-01
-1.0333333e+01 3.9451375e-01 5.3934892e-01 7.0097525e-01
-1.0324324e+01 4.0238456e-01 5.4853102e-01 7.1070033e-01
-1.0315315e+01 4.1071971e-01 5.5769648e-01 7.2064255e-01
-1.0306306e+01 4.1896964e-01 5.6727259e-01 7.3103661e-01
-1.0297297e+01 4.2741196e-01 5.7651920e-01 7.4136539e-01
-1.0288288e+01 4.3591311e-01 5.8633924e-01 7.5152868e-01
-1.0279279e+01 4.4459425e-01 5.9603121e-01 7.6142067e-01
-1.0270270e+01 4.5265551e-01 6.0572057e-01 7.7202645e-01
-1.0261261e+01 4.6118235e-01 6.1546016e-01 7.8185258e-01
-1.0252252e+01 4.6985799e-01 6.2505239e-01 7.9172055e-01
-1.0243243e+01 4.7832282e-01 6.3458134e-01 8.0207535e-01
-1.0234234e+01 4.8683943e-01 6.4444579e-01 8.1251793e-01
-1.0225225e+01 4.9580682e-01 6.5419303e-01 8.2259230e-01
-1.0216216e+01 5.0455655e-01 6.6381003e-01 8.3318082e-01
-1.0207207e+01 5.1326116e-01 6.7322303e-01 8.4358467e-01
-1.0198198e+01 5.2213244e-01 6.8317308e-01 8.5361087e-01
-1.0189189e+01 5.3110682e-01 6.9300786e-01 8.6325961e-01
-1.0180180e+01 5.3969156e-01 7.0316554e-01 8.7309344e-01
-1.0171171e+01 5.4823892e-01 7.1304552e-01 8.8322678e-01
-1.0162162e+01 5.5642834e-01 7.2289927e-01 8.9307036e-01
-1.0153153e+01 5.6463931e-01 7.3230385e-01 9.0280875e-01
-1.0144144e+01 5.7321672e-01 7.4166774e-01 9.1314548e-01
-1.0135135e+01 5.8175236e-01 7.5124169e-01 9.2270449e-01
-1.0126126e+01 5.9045292e-01 7.6035961e-01 9.3225482e-01
-1.0117117e+01 5.9921117e-01 7.6946895e-01 9.4149580e-01
-1.0108108e+01 6.0786324e-01 7.7882788e-01 9.5094061e-01
-1.0099099e+01 6.1615708e-01 7.8843795e-01 9.6036873e-01
-1.0090090e+01 6.2425831e-01 7.9766740e-01 9.6993825e-01
-1.0081081e+01 6.3181445e-01 8.0695134e-01 9.7929616e-01
-1.0072072e+01 6.3978429e-01 8.1596529e-01 9.8816282e-01
-1.0063063e+01 6.4753445e-01 8.2504169e-01 9.9758630e-01
-1.0054054e+01 6.5488421e-01 8.3393793e-01 1.0063080e+00
-1.0045045e+01 6.6264297e-01 8.4217391e-01 1.0147788e+00
-1.0036036e+01 6.6991526e-01 8.5065935e-01 1.0237698e+00
-1.0027027e+01 6.7789944e-01 8.5905185e-01 1.0319684e+00
-1.0018018e+01 6.8497568e-01 8.6689696e-01 1.0403617e+00
-1.0009009e+01 6.9181679e-01 8.7453624e-01 1.0484112e+00
-1.0000000e+01 6.9876471e-01 8.8232864e-01 1.0561971e+00
-9.9909910e+00 7.0558405e-01 8.8977336e-01 1.0637328e+00
-9.9819820e+00 7.1241909e-01 8.9704760e-01 1.0710856e+00
-9.9729730e+00 7.1872366e-01 9.0366638e-01 1.0783544e+00
-9.9639640e+00 7.2489478e-01 9.1044164e-01 1.0858055e+00
-9.9549550e+00 7.3130291e-01 9.1699547e-01 1.0923180e+00
-9.9459459e+00 7.3758710e-01 9.2347238e-01 1.0989238e+00
-9.9369369e+00 7.4343407e-01 9.2970205e-01 1.1053307e+00
-9.9279279e+00 7.4860898e-01 9.3557136e-01 1.1114268e+00
-9.9189189e+00 7.5413430e-01 9.4135360e-01 1.1173912e+00
-9.9099099e+00 7.5900935e-01 9.4656186e-01 1.1237904e+00
-9.9009009e+00 7.6395901e-01 9.5172631e-01 1.1294777e+00
-9.8918919e+00 7.6891890e-01 9.5712918e-01 1.1345183e+00
-9.8828829e+00 7.7285499e-01 9.6210146e-01 1.1396080e+00
-9.8738739e+00 7.7738144e-01 9.6685145e-01 1.1436340e+00
-9.8648649e+00 7.8086689e-01 9.7085936e-01 1.1480990e+00
-9.8558559e+00 7.8396988e-01 9.7486140e-01 1.1517542e+00
-9.8468468e+00 7.8771937e-01 9.7872740e-01 1.1558444e+00
-9.8378378e+00 7.9041803e-01 9.8198547e-01 1.1589495e+00
-9.8288288e+00 7.9244417e-01 9.8496924e-01 1.1628833e+00
-9.8198198e+00 7.9406375e-01 9.8746284e-01 1.1658672e+00
-9.8108108e+00 7.9661668e-01 9.8964614e-01 1.1687144e+00
-9.8018018e+00 7.9837056e-01 9.9200607e-01 1.1700975e+00
-9.7927928e+00 8.0019787e-01 9.9404953e-01 1.1718469e+00
-9.7837838e+00 8.0120604e-01 9.9555605e-01 1.1735979e+00
-9.7747748e+00 8.0231930e-01 9.9691674e-01 1.1753457e+00
-9.7657658e+00 8.0267845e-01 9.9793490e-01 1.1764807e+00
-9.7567568e+00 8.0285169e-01 9.9893389e-01 1.1772792e+00
-9.7477477e+00 8.0282462e-01 9.9965908e-01 1.1778315e+00
-9.7387387e+00 8.0253575e-01 9.9975405e-01 1.1781818e+00
-9.7297297e+00 8.0184839e-01 1.0000000e+00 1.1780688e+00
-9.7207207e+00 8.0113910e-01 9.9941455e-01 1.1776710e+00
-9.7117117e+00 8.0009810e-01 9.9831231e-01 1.1773501e+00
-9.7027027e+00 7.9841431e-01 9.9720724e-01 1.1764217e+00
-9.6936937e+00 7.9707310e-01 9.9577047e-01 1.1750598e+00
-9.6846847e+00 7.9496350e-01 9.9407623e-01 1.1737343e+00
-9.6756757e+00 7.9267248e-01 9.9165363e-01 1.1717472e+00
-9.6666667e+00 7.9045271e-01 9.8873966e-01 1.1693116e+00
-9.6576577e+00 7.8846083e-01 9.8623350e-01 1.1667292e+00
-9.6486486e+00 7.8531144e-01 9.8296904e-01 1.1639791e+00
-9.6396396e+00 7.8217819e-01 9.7985204e-01 1.1605515e+00
-9.6306306e+00 7.7904264e-01 9.7603465e-01 1.1571099e+00
-9.6216216e+00 7.7535620e-01 9.7219091e-01 1.1528981e+00
-9.6126126e+00 7.7156451e-01 9.6758942e-01 1.1484934e+00
-9.6036036e+00 7.6749897e-01 9.6339553e-01 1.1443007e+00
-9.5945946e+00 7.6322253e-01 9.5860344e-01 1.1394531e+00
-9.5855856e+00 7.5789833e-01 9.5377296e-01 1.1342533e+00
-9.5765766e+00 7.5291257e-01 9.4857823e-01 1.1289247e+00
-9.5675676e+00 7.4773989e-01 9.4255269e-01 1.1233710e+00
-9.5585586e+00 7.4213357e-01 9.3678657e-01 1.1174860e+00
-9.5495495e+00 7.3595540e-01 9.3062328e-01 1.1116636e+00
-9.5405405e+00 7.2980920e-01 9.2451946e-01 1.1054509e+00
-9.5315315e+00 7.2320045e-01 9.1809661e-01 1.0988672e+00
-9.5225225e+00 7.1679883e-01 9.1134747e-01 1.0919548e+00
-9.5135135e+00 7.1035041e-01 9.0448183e-01 1.0849584e+00
-9.5045045e+00 7.0372307e-01 8.9688321e-01 1.0772305e+00
-9.4954955e+00 6.9645716e-01 8.8906440e-01 1.0692727e+00
-9.4864865e+00 6.8881497e-01 8.8136059e-01 1.0613216e+00
-9.4774775e+00 6.8142464e-01 8.7317873e-01 1.0533971e+00
-9.4684685e+00 6.7398995e-01 8.6547080e-01 1.0447190e+00
-9.4594595e+00 6.6639866e-01 8.5713537e-01 1.0364408e+00
-9.4504505e+00 6.5870408e-01 8.4883432e-01 1.0276442e+00
-9.4414414e+00 6.5085037e-01 8.4012911e-01 1.0186810e+00
-9.4324324e+00 6.4284581e-01 8.3147146e-01 1.0094056e+00
-9.4234234e+00 6.3448455e-01 8.2229634e-01 1.0000995e+00
-9.4144144e+00 6.2603501e-01 8.1315570e-01 9.9079158e-01
-9.4054054e+00 6.1806382e-01 8.0367973e-01 9.8130245e-01
-9.3963964e+00 6.1012925e-01 7.9432157e-01 9.7204353e-01
-9.3873874e+00 6.0169468e-01 7.8466418e-01 9.6200594e-01
-9.3783784e+00 5.9269669e-01 7.7516017e-01 9.5215605e-01
-9.3693694e+00 5.8399625e-01 7.6528629e-01 9.4195762e-01
-9.3603604e+00 5.7551359e-01 7.5536198e-01 9.3155262e-01
-9.3513514e+00 5.6642015e-01 7.4536044e-01 9.2109101e-01
-9.3423423e+00 5.5714613e-01 7.3538912e-01 9.1090257e-01
-9.3333333e+00 5.4785821e-01 7.2527915e-01 8.9993899e-01
-9.3243243e+00 5.3896257e-01 7.1482554e-01 8.8910177e-01
-9.3153153e+00 5.3018273e-01 7.0428541e-01 8.7840742e-01
-9.3063063e+00 5.2128064e-01 6.9376611e-01 8.6744326e-01
-9.2972973e+00 5.1249123e-01 6.8343809e-01 8.5644040e-01
-9.2882883e+00 5.0341427e-01 6.7320187e-01 8.4544960e-01
-9.2792793e+00 4.9420230e-01 6.6259870e-01 8.3436914e-01
-9.2702703e+00 4.8497642e-01 6.5226846e-01 8.2329249e-01
-9.2612613e+00 4.7594079e-01 6.4182263e-01 8.1235329e-01
-9.2522523e+00 4.6683597e-01 6.3121401e-01 8.0134013e-01
-9.2432432e+00 4.5818765e-01 6.2076287e-01 7.9029211e-01
-9.2342342e+00 4.4919253e-01 6.1043169e-01 7.7909084e-01
-9.2252252e+00 4.3996925e-01 6.0003271e-01 7.6794944e-01
-9.2162162e+00 4.3109378e-01 5.8966766e-01 7.5677066e-01
-9.2072072e+00 4.2177168e-01 5.7927797e-01 7.4537684e-01
-9.1981982e+00 4.1331182e-01 5.6881692e-01 7.3405884e-01
-9.1891892e+00 4.0459444e-01 5.5851906e-01 7.2272767e-01
-9.1801802e+00 3.9586545e-01 5.4805175e-01 7.1137373e-01
-9.1711712e+00 3.8711253e-01 5.3781158e-01 7.0038626e-01
-9.1621622e+00 3.7867943e-01 5.2782424e-01 6.8917737e-01
-9.1531532e+00 3.7037374e-01 5.1767435e-01 6.7822970e-01
-9.1441441e+00 3.6190702e-01 5.0743018e-01 6.6692889e-01
-9.1351351e+00 3.5378724e-01 4.9758836e-01 6.5607272e-01
-9.1261261e+00 3.4544854e-01 4.8746040e-01 6.4512264e-01
-9.1171171e+00 3.3707133e-01 4.7750891e-01 6.3380445e-01
-9.1081081e+00 3.2904126e-01 4.6737483e-01 6.2290344e-01
-9.0990991e+00 3.2091314e-01 4.5777706e-01 6.1222809e-01
-9.0900901e+00 3.1303335e-01 4.4825723e-01 6.0174351e-01
-9.0810811e+00 3.0507407e-01 4.3865147e-01 5.9122169e-01
-9.0720721e+00 2.9714035e-01 4.2906021e-01 5.8077719e-01
-9.0630631e+00 2.8942575e-01 4.1997418e-01 5.7047251e-01
-9.0540541e+00 2.8143489e-01 4.1063969e-01 5.6010179e-01
-9.0450450e+00 2.7387779e-01 4.0145579e-01 5.4961652e-01
-9.0360360e+00 2.6619784e-01 3.9227389e-01 5.3939944e-01
-9.0270270e+00 2.5895110e-01 3.8336164e-01 5.2886672e-01
-9.0180180e+00 2.5200951e-01 3.7455681e-01 5.1937985e-01
-9.0090090e+00 2.4491843e-01 3.6554954e-01 5.0964632e-01
-9.0000000e+00 2.3795804e-01 3.5715953e-01 5.0017009e-01
-8.9909910e+00 2.3099833e-01 3.4879444e-01 4.9092130e-01
-8.9819820e+00 2.2435170e-01 3.4046386e-01 4.8160029e-01
-8.9729730e+00 2.1796342e-01 3.3201733e-01 4.7233277e-01
-8.9639640e+00 2.1143782e-01 3.2392099e-01 4.6303685e-01
-8.9549550e+00 2.0510501e-01 3.1599763e-01 4.5416040e-01
-8.9459459e+00 1.9874428e-01 3.0811271e-01 4.4528770e-01
-8.9369369e+00 1.9270258e-01 3.0022686e-01 4.3662337e-01
-8.9279279e+00 1.8640172e-01 2.9257219e-01 4.2777572e-01
-8.9189189e+00 1.8048639e-01 2.8515572e-01 4.1972731e-01
-8.9099099e+00 1.7468678e-01 2.7779687e-01 4.1121805e-01
-8.9009009e+00 1.6877810e-01 2.7056765e-01 4.0291917e-01
-8.8918919e+00 1.6317469e-01 2.6324151e-01 3.9480192e-01
-8.8828829e+00 1.5767022e-01 2.5617336e-01 3.8738042e-01
-8.8738739e+00 1.5242506e-01 2.4922769e-01 3.7952695e-01
-8.8648649e+00 1.4710698e-01 2.4242940e-01 3.7205421e-01
-8.8558559e+00 1.4191589e-01 2.3553961e-01 3.6454037e-01
-8.8468468e+00 1.3682255e-01 2.2899904e-01 3.5727870e-01
-8.8378378e+00 1.3197996e-01 2.2276043e-01 3.5005351e-01
-8.8288288e+00 1.2706574e-01 2.1662827e-01 3.4288838e-01
-8.8198198e+00 1.2243575e-01 2.1073883e-01 3.3641547e-01
-8.8108108e+00 1.1770444e-01 2.0459892e-01 3.2977815e-01
-8.8018018e+00 1.1325356e-01 1.9890057e-01 3.2287474e-01
-8.7927928e+00 1.0892974e-01 1.9314629e-01 3.1662248e-01
-8.7837838e+00 1.0464933e-01 1.8751914e-01 3.1018658e-01
-8.7747748e+00 1.0043988e-01 1.8236700e-01 3.0428495e-01
-8.7657658e+00 9.6298068e-02 1.7731360e-01 2.9835080e-01
-8.7567568e+00 9.2432922e-02 1.7211098e-01 2.9264055e-01
-8.7477477e+00 8.8663586e-02 1.6719902e-01 2.8662374e-01
-8.7387387e+00 8.4955934e-02 1.6225746e-01 2.8107514e-01
-8.7297297e+00 8.1369730e-02 1.5755873e-01 2.7538303e-01
-8.7207207e+00 7.7918342e-02 1.5273267e-01 2.6978459e-01
-8.7117117e+00 7.4548573e-02 1.4809622e-01 2.6431069e-01
-8.7027027e+00 7.1321721e-02 1.4358351e-01 2.5870497e-01
-8.6936937e+00 6.8172446e-02 1.3924048e-01 2.5301029e-01
-8.6846847e+00 6.5139516e-02 1.3478720e-01 2.4743905e-01
-8.6756757e+00 6.2257861e-02 1.3046442e-01 2.4198795e-01
-8.6666667e+00 5.9407213e-02 1.2609213e-01 2.3642384e-01
-8.6576577e+00 5.6684315e-02 1.2190363e-01 2.3132196e-01
-8.6486486e+00 5.4071385e-02 1.1771569e-01 2.2603488e-01
-8.6396396e+00 5.1544696e-02 1.1355406e-01 2.2079423e-01
-8.6306306e+00 4.9121569e-02 1.0951600e-01 2.1609001e-01
-8.6216216e+00 4.6815226e-02 1.0562536e-01 2.1131220e-01
-8.6126126e+00 4.4573683e-02 1.0179676e-01 2.0690669e-01
-8.6036036e+00 4.2447400e-02 9.8032219e-02 2.0226814e-01
-8.5945946e+00 4.0395786e-02 9.4365687e-02 1.9785185e-01
-8.5855856e+00 3.8397408e-02 9.0798400e-02 1.9332172e-01
-8.5765766e+00 3.6496421e-02 8.7394375e-02 1.8881111e-01
-8.5675676e+00 3.4670516e-02 8.3999256e-02 1.8413263e-01
-8.5585586e+00 3.2930656e-02 8.0672725e-02 1.7991946e-01
-8.5495495e+00 3.1271127e-02 7.7441373e-02 1.7606441e-01
-8.5405405e+00 2.9674581e-02 7.4295742e-02 1.7222989e-01
-8.5315315e+00 2.8146227e-02 7.1263737e-02 1.6840986e-01
-8.5225225e+00 2.6679448e-02 6.8333134e-02 1.6472276e-01
-8.5135135e+00 2.5284822e-02 6.5456955e-02 1.6126112e-01
-8.5045045e+00 2.3936293e-02 6.2684845e-02 1.5805090e-01
-8.4954955e+00 2.2658638e-02 5.9996190e-02 1.5493196e-01
-8.4864865e+00 2.1454561e-02 5.7398062e-02 1.5180809e-01
-8.4774775e+00 2.0295067e-02 5.4884975e-02 1.4898623e-01
-8.4684685e+00 1.9189580e-02 5.2487448e-02 1.4634272e-01
-8.4594595e+00 1.8124905e-02 5.0145105e-02 1.4389337e-01
-8.4504505e+00 1.7118793e-02 4.7952028e-02 1.4162761e-01
-8.4414414e+00 1.6168716e-02 4.5812390e-02 1.3940839e-01
-8.4324324e+00 1.5256915e-02 4.3679961e-02 1.3724652e-01
-8.4234234e+00 1.4403376e-02 4.1690376e-02 1.3525300e-01
-8.4144144e+00 1.3587546e-02 3.9743185e-02 1.3331170e-01
-8.4054054e+00 1.2809610e-02 3.7842244e-02 1.3133169e-01
-8.3963964e+00 1.2064800e-02 3.6075698e-02 1.2933547e-01
-8.3873874e+00 1.1362089e-02 3.4356180e-02 1.2733517e-01
-8.3783784e+00 1.0693596e-02 3.2746730e-02 1.2505030e-01
-8.3693694e+00 1.0064045e-02 3.1167841e-02 1.2266966e-01
-8.3603604e+00 9.4648706e-03 2.9673230e-02 1.2052437e-01
-8.3513514e+00 8.8997464e-03 2.8222022e-02 1.1810436e-01
-8.3423423e+00 8.3679248e-03 2.6823744e-02 1.1568607e-01
-8.3333333e+00 7.8639288e-03 2.5493763e-02 1.1309537e-01
-8.3243243e+00 7.3828005e-03 2.4206278e-02 1.1074062e-01
-8.3153153e+00 6.9316174e-03 2.2976816e-02 1.0832852e-01
-8.3063063e+00 6.5034790e-03 2.1794930e-02 1.0585775e-01
-8.2972973e+00 6.0923557e-03 2.0652979e-02 1.0353475e-01
-8.2882883e+00 5.7097744e-03 1.9581232e-02 1.0097849e-01
-8.2792793e+00 5.3480294e-03 1.8537377e-02 9.8467925e-02
-8.2702703e+00 5.0017176e-03 1.7554353e-02 9.5920710e-02
-8.2612613e+00 4.6817007e-03 1.6617187e-02 9.3429185e-02
-8.2522523e+00 4.3829378e-03 1.5726851e-02 9.0899411e-02
-8.2432432e+00 4.0978768e-03 1.4887237e-02 8.8770694e-02
-8.2342342e+00 3.8344699e-03 1.4091156e-02 8.6478868e-02
-8.2252252e+00 3.5861053e-03 1.3321360e-02 8.4119292e-02
-8.2162162e+00 3.3503108e-03 1.2582899e-02 8.1906690e-02
-8.2072072e+00 3.1272566e-03 1.1866063e-02 7.9564374e-02
-8.1981982e+00 2.9181899e-03 1.1200527e-02 7.7344188e-02
-8.1891892e+00 2.7203559e-03 1.0570514e-02 7.5173025e-02
-8.1801802e+00 2.5363032e-03 9.9631027e-03 7.2873075e-02
-8.1711712e+00 2.3666527e-03 9.3874712e-03 7.0446624e-02
-8.1621622e+00 2.2048393e-03 8.8468538e-03 6.8246658e-02
-8.1531532e+00 2.0532365e-03 8.3361385e-03 6.6299248e-02
-8.1441441e+00 1.9115207e-03 7.8469446e-03 6.4146771e-02
-8.1351351e+00 1.7775788e-03 7.3834415e-03 6.2155045e-02
-8.1261261e+00 1.6513772e-03 6.9457626e-03 6.0206487e-02
-8.1171171e+00 1.5348792e-03 6.5311544e-03 5.8220385e-02
-8.1081081e+00 1.4249368e-03 6.1335836e-03 5.6236105e-02
-8.0990991e+00 1.3234118e-03 5.7638729e-03 5.4364554e-02
-8.0900901e+00 1.2296181e-03 5.4098275e-03 5.2467457e-02
-8.0810811e+00 1.1410816e-03 5.0752418e-03 5.0587529e-02
-8.0720721e+00 1.0589784e-03 4.7640381e-03 4.8874404e-02
-8.0630631e+00 9.8207661e-04 4.4670582e-03 4.7145589e-02
-8.0540541e+00 9.0875791e-04 4.1902518e-03 4.5415174e-02
-8.0450450e+00 8.4209487e-04 3.9263874e-03 4.3816962e-02
-8.0360360e+00 7.7966300e-04 3.6772604e-03 4.2248464e-02
-8.0270270e+00 7.2118961e-04 3.4443570e-03 4.0642451e-02
-8.0180180e+00 6.6744478e-04 3.2249878e-03 3.9067738e-02
-8.0090090e+00 6.1716620e-04 3.0157060e-03 3.7571977e-02
-8.0000000e+00 5.7064086e-04 2.8198005e-03 3.6092321e-02
-7.9909910e+00 5.2700278e-04 2.6364824e-03 3.4727118e-02
-7.9819820e+00 4.8680427e-04 2.4635755e-03 3.3418035e-02
-7.9729730e+00 4.4900384e-04 2.3006403e-03 3.2102291e-02
-7.9639640e+00 4.1413623e-04 2.1457274e-03 3.0853372e-02
-7.9549550e+00 3.8175051e-04 2.0014756e-03 2.9577870e-02
-7.9459459e+00 3.5180773e-04 1.8665525e-03 2.8369602e-02
-7.9369369e+00 3.2382781e-04 1.7390710e-03 2.7208610e-02
-7.9279279e+00 2.9827470e-04 1.6207181e-03 2.6106485e-02
-7.9189189e+00 2.7453273e-04 1.5087890e-03 2.5014331e-02
-7.9099099e+00 2.5258956e-04 1.4052015e-03 2.3943410e-02
-7.9009009e+00 2.3229660e-04 1.3078034e-03 2.2899781e-02
-7.8918919e+00 2.1371618e-04 1.2166199e-03 2.1904519e-02
-7.8828829e+00 1.9645431e-04 1.1306128e-03 2.0899086e-02
-7.8738739e+00 1.8036677e-04 1.0505107e-03 1.9963113e-02
-7.8648649e+00 1.6569969e-04 9.7559281e-04 1.9073946e-02
-7.8558559e+00 1.5198517e-04 9.0569472e-04 1.8167129e-02
-7.8468468e+00 1.3938556e-04 8.4066688e-04 1.7329851e-02
-7.8378378e+00 1.2783029e-04 7.8013232e-04 1.6510243e-02
-7.8288288e+00 1.1714589e-04 7.2292347e-04 1.5761519e-02
-7.8198198e+00 1.0727192e-04 6.7030068e-04 1.5036240e-02
-7.8108108e+00 9.8127424e-05 6.2031484e-04 1.4330805e-02
-7.8018018e+00 8.9753471e-05 5.7481116e-04 1.3662488e-02
-7.7927928e+00 8.2165889e-05 5.3224047e-04 1.3001239e-02
-7.7837838e+00 7.5096424e-05 4.9256815e-04 1.2343511e-02
-7.7747748e+00 6.8596283e-05 4.5558920e-04 1.1758231e-02
-7.7657658e+00 6.2648000e-05 4.2140948e-04 1.1169576e-02
-7.7567568e+00 5.7176467e-05 3.8939211e-04 1.0614007e-02
-7.7477477e+00 5.2239836e-05 3.5966309e-04 1.0074987e-02
-7.7387387e+00 4.7665597e-05 3.3195231e-04 9.5462684e-03
-7.7297297e+00 4.3468909e-05 3.0625164e-04 9.0785268e-03
-7.7207207e+00 3.9604290e-05 2.8206047e-04 8.6139989e-03
-7.7117117e+00 3.6088863e-05 2.5995595e-04 8.1868504e-03
-7.7027027e+00 3.2850676e-05 2.3928571e-04 7.7573204e-03
-7.6936937e+00 2.9869388e-05 2.2057407e-04 7.3413568e-03
-7.6846847e+00 2.7186552e-05 2.0325771e-04 6.9510408e-03
-7.6756757e+00 2.4715772e-05 1.8687537e-04 6.5772347e-03
-7.6666667e+00 2.2465662e-05 1.7169533e-04 6.2149165e-03
-7.6576577e+00 2.0421710e-05 1.5804234e-04 5.8645021e-03
-7.6486486e+00 1.8548091e-05 1.4509373e-04 5.5387874e-03
-7.6396396e+00 1.6837548e-05 1.3321175e-04 5.2377934e-03
-7.6306306e+00 1.5277031e-05 1.2214192e-04 4.9501973e-03
-7.6216216e+00 1.3857639e-05 1.1218813e-04 4.6681153e-03
-7.6126126e+00 1.2566205e-05 1.0293556e-04 4.4113407e-03
-7.6036036e+00 1.1390761e-05 9.4358026e-05 4.1546358e-03
-7.5945946e+00 1.0318924e-05 8.6468399e-05 3.9133867e-03
-7.5855856e+00 9.3343655e-06 7.9144354e-05 3.6796866e-03
-7.5765766e+00 8.4554687e-06 7.2460652e-05 3.4571996e-03
-7.5675676e+00 7.6511113e-06 6.6423914e-05 3.2559577e-03
-7.5585586e+00 6.9102519e-06 6.0713716e-05 3.0595976e-03
-7.5495495e+00 6.2493622e-06 5.5529398e-05 2.8766428e-03
-7.5405405e+00 5.6475433e-06 5.0768339e-05 2.7078046e-03
-7.5315315e+00 5.0998397e-06 4.6362480e-05 2.5484526e-03
-7.5225225e+00 4.5990040e-06 4.2332534e-05 2.3955756e-03
-7.5135135e+00 4.1506712e-06 3.8622819e-05 2.2512370e-03
-7.5045045e+00 3.7471566e-06 3.5248303e-05 2.1131788e-03
-7.4954955e+00 3.3788143e-06 3.2163152e-05 1.9773064e-03
-7.4864865e+00 3.0406286e-06 2.9328915e-05 1.8516585e-03
-7.4774775e+00 2.7349975e-06 2.6762979e-05 1.7335096e-03
-7.4684685e+00 2.4605329e-06 2.4419457e-05 1.6208851e-03
-7.4594595e+00 2.2148546e-06 2.2213473e-05 1.5191402e-03
-7.4504505e+00 1.9933434e-06 2.0185999e-05 1.4197916e-03
-7.4414414e+00 1.7918599e-06 1.8355673e-05 1.3248441e-03
-7.4324324e+00 1.6087598e-06 1.6681396e-05 1.2369289e-03
-7.4234234e+00 1.4444887e-06 1.5159219e-05 1.1530057e-03
-7.4144144e+00 1.2962958e-06 1.3768283e-05 1.0756046e-03
-7.4054054e+00 1.1625827e-06 1.2499702e-05 1.0021615e-03
-7.3963964e+00 1.0427456e-06 1.1341058e-05 9.3361116e-04
-7.3873874e+00 9.3518224e-07 1.0276622e-05 8.6884174e-04
-7.3783784e+00 8.3832942e-07 9.3162682e-06 8.1039005e-04
-7.3693694e+00 7.5080451e-07 8.4444932e-06 7.5598087e-04
-7.3603604e+00 6.7152107e-07 7.6403077e-06 7.0214396e-04
-7.3513514e+00 6.0067820e-07 6.9249257e-06 6.5365386e-04
-7.3423423e+00 5.3690761e-07 6.2661393e-06 6.0821764e-04
-7.3333333e+00 4.8026420e-07 5.6648809e-06 5.6559038e-04
-7.3243243e+00 4.2864314e-07 5.1238845e-06 5.2645974e-04
-7.3153153e+00 3.8299838e-07 4.6277501e-06 4.8798850e-04
-7.3063063e+00 3.4175615e-07 4.1801247e-06 4.5245560e-04
-7.2972973e+00 3.0521685e-07 3.7752337e-06 4.1912239e-04
-7.2882883e+00 2.7217286e-07 3.4062545e-06 3.8858798e-04
-7.2792793e+00 2.4276449e-07 3.0751359e-06 3.6092152e-04
-7.2702703e+00 2.1630440e-07 2.7738085e-06 3.3445535e-04
-7.2612613e+00 1.9265710e-07 2.5025356e-06 3.0998120e-04
-7.2522523e+00 1.7151896e-07 2.2553472e-06 2.8631645e-04
-7.2432432e+00 1.5270915e-07 2.0327972e-06 2.6480581e-04
-7.2342342e+00 1.3583303e-07 1.8291073e-06 2.4477499e-04
-7.2252252e+00 1.2072480e-07 1.6467095e-06 2.2633031e-04
-7.2162162e+00 1.0736400e-07 1.4811037e-06 2.0923161e-04
-7.2072072e+00 9.5348053e-08 1.3320161e-06 1.9305923e-04
-7.1981982e+00 8.4609425e-08 1.1967815e-06 1.7807079e-04
-7.1891892e+00 7.5008566e-08 1.0736028e-06 1.6443242e-04
-7.1801802e+00 6.6460324e-08 9.6387387e-07 1.5171547e-04
-7.1711712e+00 5.8960528e-08 8.6518804e-07 1.3986479e-04
-7.1621622e+00 5.2230211e-08 7.7574878e-07 1.2885305e-04
-7.1531532e+00 4.6231673e-08 6.9508002e-07 1.1871779e-04
-7.1441441e+00 4.0993200e-08 6.2297130e-07 1.0909827e-04
-7.1351351e+00 3.6258382e-08 5.5835960e-07 1.0035940e-04
-7.1261261e+00 3.2103273e-08 5.0019664e-07 9.2268340e-05
-7.1171171e+00 2.8388526e-08 4.4744690e-07 8.4844972e-05
-7.1081081e+00 2.5057796e-08 3.9973868e-07 7.8039030e-05
-7.0990991e+00 2.2151611e-08 3.5747477e-07 7.1686448e-05
-7.0900901e+00 1.9521449e-08 3.1963335e-07 6.5775719e-05
-7.0810811e+00 1.7226303e-08 2.8579825e-07 6.0343176e-05
-7.0720721e+00 1.5219215e-08 2.5506714e-07 5.5302538e-05
-7.0630631e+00 1.3414649e-08 2.2758978e-07 5.0685022e-05
-7.0540541e+00 1.1817514e-08 2.0295103e-07 4.6405817e-05
-7.0450450e+00 1.0413295e-08 1.8091457e-07 4.2578752e-05
-7.0360360e+00 9.1727812e-09 1.6119630e-07 3.8969238e-05
-7.0270270e+00 8.0732513e-09 1.4365278e-07 3.5585975e-05
-7.0180180e+00 7.1013224e-09 1.2787872e-07 3.2490204e-05
-7.0090090e+00 6.2390095e-09 1.1376795e-07 2.9653439e-05
-7.0000000e+00 5.4834141e-09 1.0116230e-07 2.7145175e-05
-6.9909910e+00 4.8153761e-09 8.9949889e-08 2.4817002e-05
-6.9819820e+00 4.2309618e-09 7.9943314e-08 2.2696616e-05
-6.9729730e+00 3.7127036e-09 7.1007089e-08 2.0747764e-05
-6.9639640e+00 3.2559724e-09 6.3094634e-08 1.8906034e-05
-6.9549550e+00 2.8558071e-09 5.6017717e-08 1.7223643e-05
-6.9459459e+00 2.5002155e-09 4.9712392e-08 1.5695443e-05
-6.9369369e+00 2.1919844e-09 4.4106764e-08 1.4290556e-05
-6.9279279e+00 1.9205568e-09 3.9138847e-08 1.3016612e-05
-6.9189189e+00 1.6816265e-09 3.4654131e-08 1.1837349e-05
-6.9099099e+00 1.4717944e-09 3.0684315e-08 1.0767550e-05
-6.9009009e+00 1.2880647e-09 2.7148949e-08 9.7993880e-06
-6.8918919e+00 1.1254433e-09 2.4024428e-08 8.8907373e-06
-6.8828829e+00 9.8244018e-10 2.1255929e-08 8.0788416e-06
-6.8738739e+00 8.5861723e-10 1.8817756e-08 7.3364348e-06
-6.8648649e+00 7.4941294e-10 1.6620913e-08 6.6652212e-06
-6.8558559e+00 6.5393406e-10 1.4685030e-08 6.0458470e-06
-6.8468468e+00 5.7031371e-10 1.2964030e-08 5.4675686e-06
-6.8378378e+00 4.9691403e-10 1.1459116e-08 4.9473706e-06
-6.8288288e+00 4.3311513e-10 1.0095717e-08 4.4745350e-06
-6.8198198e+00 3.7760993e-10 8.8785111e-09 4.0553995e-06
-6.8108108e+00 3.2837007e-10 7.8185891e-09 3.6665498e-06
-6.8018018e+00 2.8598386e-10 6.8794001e-09 3.3132859e-06
-6.7927928e+00 2.4882608e-10 6.0536041e-09 2.9930434e-06
-6.7837838e+00 2.1650261e-10 5.3270152e-09 2.7049478e-06
-6.7747748e+00 1.8800530e-10 4.6855848e-09 2.4442195e-06
-6.7657658e+00 1.6323881e-10 4.1208674e-09 2.2044552e-06
-6.7567568e+00 1.4175039e-10 3.6209216e-09 1.9855652e-06
-6.7477477e+00 1.2296519e-10 3.1770419e-09 1.7916114e-06
-6.7387387e+00 1.0664082e-10 2.7875617e-09 1.6168821e-06
-6.7297297e+00 9.2435986e-11 2.4425969e-09 1.4566469e-06
-6.7207207e+00 8.0122359e-11 2.1413536e-09 1.3111783e-06
-6.7117117e+00 6.9339080e-11 1.8761459e-09 1.1812528e-06
-6.7027027e+00 6.0022499e-11 1.6423425e-09 1.0626984e-06
-6.6936937e+00 5.1981739e-11 1.4372791e-09 9.5684507e-07
-6.6846847e+00 4.4950844e-11 1.2586481e-09 8.5913234e-07
-6.6756757e+00 3.8861009e-11 1.1019270e-09 7.7194927e-07
-6.6666667e+00 3.3588607e-11 9.6383257e-10 6.9345974e-07
-6.6576577e+00 2.9012229e-11 8.4222551e-10 6.2293842e-07
-6.6486486e+00 2.5047545e-11 7.3688595e-10 5.5893756e-07
-6.6396396e+00 2.1616316e-11 6.4334679e-10 5.0117770e-07
-6.6306306e+00 1.8640540e-11 5.6145777e-10 4.4919611e-07
-6.6216216e+00 1.6064619e-11 4.9002192e-10 4.0258861e-07
-6.6126126e+00 1.3835190e-11 4.2739375e-10 3.5996280e-07
-6.6036036e+00 1.1919785e-11 3.7274639e-10 3.2176232e-07
-6.5945946e+00 1.0255690e-11 3.2473510e-10 2.8790458e-07
-6.5855856e+00 8.8267995e-12 2.8287315e-10 2.5729498e-07
-6.5765766e+00 7.5935516e-12 2.4604387e-10 2.2989083e-07
-6.5675676e+00 6.5299579e-12 2.1425541e-10 2.0563474e-07
-6.5585586e+00 5.6072839e-12 1.8636927e-10 1.8390117e-07
-6.5495495e+00 4.8092452e-12 1.6220642e-10 1.6417565e-07
-6.5405405e+00 4.1290717e-12 1.4096967e-10 1.4655740e-07
-6.5315315e+00 3.5434679e-12 1.2238095e-10 1.3072683e-07
-6.5225225e+00 3.0434938e-12 1.0621408e-10 1.1667431e-07
-6.5135135e+00 2.6081677e-12 9.2216189e-11 1.0397312e-07
-6.5045045e+00 2.2353337e-12 7.9989363e-11 9.2600055e-08
-6.4954955e+00 1.9165167e-12 6.9255703e-11 8.2555204e-08
-6.4864865e+00 1.6410072e-12 5.9989911e-11 7.3508865e-08
-6.4774775e+00 1.4055498e-12 5.1953343e-11 6.5294393e-08
-6.4684685e+00 1.2017434e-12 4.4963000e-11 5.8030260e-08
-6.4594595e+00 1.0282102e-12 3.8883444e-11 5.1636550e-08
-6.4504505e+00 8.7951267e-13 3.3630100e-11 4.5902805e-08
-6.4414414e+00 7.5074067e-13 2.9089979e-11 4.0688704e-08
-6.4324324e+00 6.4094344e-13 2.5148894e-11 3.6109507e-08
-6.4234234e+00 5.4807735e-13 2.1732018e-11 3.2049181e-08
-6.4144144e+00 4.6753555e-13 1.8746146e-11 2.8434470e-08
-6.4054054e+00 3.9887518e-13 1.6179712e-11 2.5224429e-08
-6.3963964e+00 3.3965916e-13 1.3962558e-11 2.2370126e-08
-6.3873874e+00 2.8903599e-13 1.2033184e-11 1.9822524e-08
-6.3783784e+00 2.4621416e-13 1.0364587e-11 1.7540815e-08
-6.3693694e+00 2.0971211e-13 8.9126976e-12 1.5500531e-08
-6.3603604e+00 1.7857985e-13 7.6735593e-12 1.3720435e-08
-6.3513514e+00 1.5180086e-13 6.6035940e-12 1.2135601e-08
-6.3423423e+00 1.2892637e-13 5.6820555e-12 1.0717277e-08
-6.3333333e+00 1.0944622e-13 4.8871542e-12 9.4641544e-09
-6.3243243e+00 9.2949229e-14 4.2038601e-12 8.3400385e-09
-6.3153153e+00 7.8921701e-14 3.6134115e-12 7.3611249e-09
-6.3063063e+00 6.6908527e-14 3.1024821e-12 6.4880773e-09
-6.2972973e+00 5.6669156e-14 2.6618729e-12 5.7217133e-09
-6.2882883e+00 4.8027370e-14 2.2820487e-12 5.0388209e-09
-6.2792793e+00 4.0680855e-14 1.9571281e-12 4.4281224e-09
-6.2702703e+00 3.4459162e-14 1.6769371e-12 3.8972638e-09
-6.2612613e+00 2.9162947e-14 1.4360135e-12 3.4297138e-09
-6.2522523e+00 2.4673194e-14 1.2292142e-12 3.0079305e-09
-6.2432432e+00 2.0863819e-14 1.0523074e-12 2.6364732e-09
-6.2342342e+00 1.7639003e-14 9.0087954e-13 2.3104735e-09
-6.2252252e+00 1.4907334e-14 7.7079505e-13 2.0295769e-09
-6.2162162e+00 1.2589093e-14 6.5886726e-13 1.7790501e-09
-6.2072072e+00 1.0627195e-14 5.6351633e-13 1.5619130e-09
-6.1981982e+00 8.9603328e-15 4.8074941e-13 1.3670323e-09
-6.1891892e+00 7.5549721e-15 4.1057668e-13 1.1951523e-09
-6.1801802e+00 6.3621260e-15 3.5025213e-13 1.0475236e-09
-6.1711712e+00 5.3562549e-15 2.9846283e-13 9.1721148e-10
-6.1621622e+00 4.5134142e-15 2.5417544e-13 8.0176086e-10
-6.1531532e+00 3.8022326e-15 2.1677139e-13 7.0096106e-10
-6.1441441e+00 3.2010913e-15 1.8459199e-13 6.1210809e-10
-6.1351351e+00 2.6927228e-15 1.5706608e-13 5.3463766e-10
-6.1261261e+00 2.2657347e-15 1.3367065e-13 4.6732771e-10
-6.1171171e+00 1.9039014e-15 1.1361478e-13 4.0819577e-10
-6.1081081e+00 1.5987436e-15 9.6497405e-14 3.5597054e-10
-6.0990991e+00 1.3409080e-15 8.1945048e-14 3.1028590e-10
-6.0900901e+00 1.1253599e-15 6.9512014e-14 2.7065102e-10
-6.0810811e+00 9.4350559e-16 5.8975417e-14 2.3580754e-10
-6.0720721e+00 7.9157313e-16 5.0000685e-14 2.0543895e-10
-6.0630631e+00 6.6239938e-16 4.2392701e-14 1.7907136e-10
-6.0540541e+00 5.5504255e-16 3.5928386e-14 1.5601549e-10
-6.0450450e+00 4.6422698e-16 3.0429174e-14 1.3572679e-10
-6.0360360e+00 3.8851589e-16 2.5783325e-14 1.1814140e-10
-6.0270270e+00 3.2488448e-16 2.1818804e-14 1.0258839e-10
-6.0180180e+00 2.7172897e-16 1.8463830e-14 8.8881507e-11
-6.0090090e+00 2.2716994e-16 1.5630208e-14 7.7030971e-11
-6.0000000e+00 1.8972101e-16 1.3220180e-14 6.6833603e-11
-5.9909910e+00 1.5831034e-16 1.1180830e-14 5.8022621e-11
-5.9819820e+00 1.3224985e-16 9.4414642e-15 5.0255150e-11
-5.9729730e+00 1.1032547e-16 7.9644256e-15 4.3518253e-11
-5.9639640e+00 9.2009078e-17 6.7134412e-15 3.7692362e-11
-5.9549550e+00 7.6660494e-17 5.6687672e-15 3.2597211e-11
-5.9459459e+00 6.3822278e-17 4.7753004e-15 2.8187210e-11
-5.9369369e+00 5.3068869e-17 4.0236237e-15 2.4391416e-11
-5.9279279e+00 4.4177231e-17 3.3858469e-15 2.1075512e-11
-5.9189189e+00 3.6723327e-17 2.8497883e-15 1.8218891e-11
-5.9099099e+00 3.0512991e-17 2.3966801e-15 1.5742666e-11
-5.9009009e+00 2.5341176e-17 2.0146863e-15 1.3579286e-11
-5.8918919e+00 2.1034364e-17 1.6939711e-15 1.1720608e-11
-5.8828829e+00 1.7465894e-17 1.4244889e-15 1.0109838e-11
-5.8738739e+00 1.4495224e-17 1.1954836e-15 8.7117433e-12
-5.8648649e+00 1.2013466e-17 1.0032815e-15 7.5001545e-12
-5.8558559e+00 9.9601087e-18 8.4152728e-16 6.4549508e-12
-5.8468468e+00 8.2534432e-18 7.0608225e-16 5.5606161e-12
-5.8378378e+00 6.8351211e-18 5.9133669e-16 4.7775941e-12
-5.8288288e+00 5.6522565e-18 4.9539887e-16 4.1124999e-12
-5.8198198e+00 4.6742648e-18 4.1455777e-16 3.5364134e-12
-5.8108108e+00 3.8654999e-18 3.4696305e-16 3.0358576e-12
-5.8018018e+00 3.1962735e-18 2.9006615e-16 2.6049283e-12
-5.7927928e+00 2.6421642e-18 2.4240743e-16 2.2361205e-12
-5.7837838e+00 2.1809988e-18 2.0274436e-16 1.9171034e-12
-5.7747748e+00 1.7988042e-18 1.6921858e-16 1.6426932e-12
-5.7657658e+00 1.4847486e-18 1.4119909e-16 1.4082780e-12
-5.7567568e+00 1.2240352e-18 1.1790265e-16 1.2064120e-12
-5.7477477e+00 1.0090813e-18 9.8272004e-17 1.0326393e-12
-5.7387387e+00 8.3167676e-19 8.1886321e-17 8.8344370e-13
-5.7297297e+00 6.8550330e-19 6.8156426e-17 7.5653471e-13
-5.7207207e+00 5.6453739e-19 5.6790625e-17 6.4727467e-13
-5.7117117e+00 4.6459965e-19 4.7339181e-17 5.5287223e-13
-5.7027027e+00 3.8255997e-19 3.9388061e-17 4.7198541e-13
-5.6936937e+00 3.1440382e-19 3.2738650e-17 4.0271021e-13
-5.6846847e+00 2.5824105e-19 2.7228330e-17 3.4319158e-13
-5.6756757e+00 2.1218200e-19 2.2632947e-17 2.9228378e-13
-5.6666667e+00 1.7438481e-19 1.8813501e-17 2.4881191e-13
-5.6576577e+00 1.4317608e-19 1.5625303e-17 2.1180702e-13
-5.6486486e+00 1.1733545e-19 1.2983311e-17 1.8054134e-13
-5.6396396e+00 9.6149900e-20 1.0766750e-17 1.5388589e-13
-5.6306306e+00 7.8824761e-20 8.9301013e-18 1.3101016e-13
-5.6216216e+00 6.4538306e-20 7.4023896e-18 1.1142943e-13
-5.6126126e+00 5.2803448e-20 6.1319009e-18 9.4692984e-14
-5.6036036e+00 4.3197665e-20 5.0741454e-18 8.0538866e-14
-5.5945946e+00 3.5322256e-20 4.1979754e-18 6.8410732e-14
-5.5855856e+00 2.8861262e-20 3.4749536e-18 5.8077794e-14
-5.5765766e+00 2.3572272e-20 2.8727061e-18 4.9267351e-14
-5.5675676e+00 1.9253189e-20 2.3727156e-18 4.1767789e-14
-5.5585586e+00 1.5711431e-20 1.9594680e-18 3.5398883e-14
-5.5495495e+00 1.2830845e-20 1.6194458e-18 3.0031762e-14
-5.5405405e+00 1.0469425e-20 1.3368502e-18 2.5433041e-14
-5.5315315e+00 8.5282364e-21 1.1039023e-18 2.1534478e-14
-5.5225225e+00 6.9547450e-21 9.1070645e-19 1.8233443e-14
-5.5135135e+00 5.6606277e-21 7.5012022e-19 1.5442924e-14
-5.5045045e+00 4.6107000e-21 6.1801464e-19 1.3075032e-14
-5.4954955e+00 3.7543499e-21 5.0915627e-19 1.1063708e-14
-5.4864865e+00 3.0558776e-21 4.1911725e-19 9.3450163e-15
-5.4774775e+00 2.4855540e-21 3.4492085e-19 7.8990274e-15
-5.4684685e+00 2.0200545e-21 2.8353723e-19 6.6747455e-15
-5.4594595e+00 1.6413264e-21 2.3331986e-19 5.6344712e-15
-5.4504505e+00 1.3307812e-21 1.9182876e-19 4.7496485e-15
-5.4414414e+00 1.0791173e-21 1.5745886e-19 4.0019186e-15
-5.4324324e+00 8.7540946e-22 1.2936295e-19 3.3703385e-15
-5.4234234e+00 7.0889674e-22 1.0620836e-19 2.8371172e-15
-5.4144144e+00 5.7451056e-22 8.7124878e-20 2.3884595e-15
-5.4054054e+00 4.6547522e-22 7.1504233e-20 2.0112663e-15
-5.3963964e+00 3.7642041e-22 5.8614713e-20 1.6928548e-15
-5.3873874e+00 3.0506276e-22 4.8026456e-20 1.4239347e-15
-5.3783784e+00 2.4642973e-22 3.9292203e-20 1.1943616e-15
-5.3693694e+00 1.9916635e-22 3.2124562e-20 1.0027531e-15
-5.3603604e+00 1.6090489e-22 2.6251012e-20 8.4242848e-16
-5.3513514e+00 1.2989920e-22 2.1452842e-20 7.0738656e-16
-5.3423423e+00 1.0484993e-22 1.7513090e-20 5.9343818e-16
-5.3333333e+00 8.4547611e-23 1.4290304e-20 4.9800777e-16
-5.3243243e+00 6.8186008e-23 1.1664322e-20 4.1772937e-16
-5.3153153e+00 5.4948763e-23 9.5174578e-21 3.4983507e-16
-5.3063063e+00 4.4269722e-23 7.7653945e-21 2.9248513e-16
-5.2972973e+00 3.5658426e-23 6.3316754e-21 2.4492186e-16
-5.2882883e+00 2.8714126e-23 5.1579483e-21 2.0484035e-16
-5.2792793e+00 2.3101418e-23 4.2025622e-21 1.7111107e-16
-5.2702703e+00 1.8570877e-23 3.4222822e-21 1.4286932e-16
-5.2612613e+00 1.4929868e-23 2.7830618e-21 1.1923345e-16
-5.2522523e+00 1.1993390e-23 2.2636650e-21 9.9461610e-17
-5.2432432e+00 9.6285192e-24 1.8389493e-21 8.2929899e-17
-5.2342342e+00 7.7323952e-24 1.4932080e-21 6.9113845e-17
-5.2252252e+00 6.2075430e-24 1.2108497e-21 5.7582457e-17
-5.2162162e+00 4.9802766e-24 9.8311560e-22 4.7960022e-17
-5.2072072e+00 3.9905556e-24 7.9768105e-22 3.9970193e-17
-5.1981982e+00 3.2003260e-24 6.4706498e-22 3.3301127e-17
-5.1891892e+00 2.5632743e-24 5.2486618e-22 2.7672683e-17
-5.1801802e+00 2.0547854e-24 4.2554661e-22 2.2999298e-17
-5.1711712e+00 1.6451343e-24 3.4472513e-22 1.9133585e-17
-5.1621622e+00 1.3153300e-24 2.7909305e-22 1.5903613e-17
-5.1531532e+00 1.0511388e-24 2.2572752e-22 1.3194343e-17
-5.1441441e+00 8.4079849e-25 1.8243700e-22 1.0929581e-17
-5.1351351e+00 6.7215981e-25 1.4738042e-22 9.0659995e-18
-5.1261261e+00 5.3678574e-25 1.1906476e-22 7.5236728e-18
-5.1171171e+00 4.2817994e-25 9.6174140e-23 6.2419676e-18
-5.1081081e+00 3.4117780e-25 7.7735096e-23 5.1751034e-18
-5.0990991e+00 2.7224616e-25 6.2742503e-23 4.2844216e-18
-5.0900901e+00 2.1693044e-25 5.0623340e-23 3.5461134e-18
-5.0810811e+00 1.7285415e-25 4.0862164e-23 2.9363509e-18
-5.0720721e+00 1.3758166e-25 3.2944252e-23 2.4281544e-18
-5.0630631e+00 1.0954533e-25 2.6547361e-23 2.0058986e-18
-5.0540541e+00 8.7139918e-26 2.1373872e-23 1.6573314e-18
-5.0450450e+00 6.9361371e-26 1.7193163e-23 1.3678523e-18
-5.0360360e+00 5.5087960e-26 1.3839555e-23 1.1289713e-18
-5.0270270e+00 4.3749732e-26 1.1134140e-23 9.3114606e-19
-5.0180180e+00 3.4781045e-26 8.9542315e-24 7.6795633e-19
-5.0090090e+00 2.7608013e-26 7.1957458e-24 6.3340305e-19
-5.0000000e+00 2.1930232e-26 5.7773681e-24 5.2169895e-19
