X KDE_INF KDE_MED KDE_SUP
0.0000000e+00 7.8602020e-01 8.3952589e-01 8.8851837e-01
3.0030030e-03 7.9254534e-01 8.4610771e-01 8.9490351e-01
6.0060060e-03 7.9894324e-01 8.5245804e-01 9.0108065e-01
9.0090090e-03 8.0533807e-01 8.5867675e-01 9.0716331e-01
1.2012012e-02 8.1158614e-01 8.6497053e-01 9.1317498e-01
1.5015015e-02 8.1772271e-01 8.7105423e-01 9.1903274e-01
1.8018018e-02 8.2374496e-01 8.7707238e-01 9.2485365e-01
2.1021021e-02 8.2958793e-01 8.8282468e-01 9.3056497e-01
2.4024024e-02 8.3544658e-01 8.8857798e-01 9.3603881e-01
2.7027027e-02 8.4119595e-01 8.9417916e-01 9.4139919e-01
3.0030030e-02 8.4689794e-01 8.9972527e-01 9.4657896e-01
3.3033033e-02 8.5237599e-01 9.0509450e-01 9.5180279e-01
3.6036036e-02 8.5783208e-01 9.1035038e-01 9.5677582e-01
3.9039039e-02 8.6311767e-01 9.1544079e-01 9.6163327e-01
4.2042042e-02 8.6819142e-01 9.2038189e-01 9.6645742e-01
4.5045045e-02 8.7314038e-01 9.2524234e-01 9.7097148e-01
4.8048048e-02 8.7799380e-01 9.3003373e-01 9.7533565e-01
5.1051051e-02 8.8269650e-01 9.3454943e-01 9.7970784e-01
5.4054054e-02 8.8719940e-01 9.3904788e-01 9.8378854e-01
5.7057057e-02 8.9175739e-01 9.4333329e-01 9.8784013e-01
6.0060060e-02 8.9614920e-01 9.4745159e-01 9.9176812e-01
6.3063063e-02 9.0025974e-01 9.5150243e-01 9.9555245e-01
6.6066066e-02 9.0428326e-01 9.5543335e-01 9.9911286e-01
6.9069069e-02 9.0807853e-01 9.5906507e-01 1.0024138e+00
7.2072072e-02 9.1184501e-01 9.6259523e-01 1.0057238e+00
7.5075075e-02 9.1540720e-01 9.6598508e-01 1.0087551e+00
7.8078078e-02 9.1884159e-01 9.6923507e-01 1.0117342e+00
8.1081081e-02 9.2204552e-01 9.7232004e-01 1.0144923e+00
8.4084084e-02 9.2505091e-01 9.7526553e-01 1.0171187e+00
8.7087087e-02 9.2797977e-01 9.7800709e-01 1.0196481e+00
9.0090090e-02 9.3080296e-01 9.8061527e-01 1.0220775e+00
9.3093093e-02 9.3343900e-01 9.8309683e-01 1.0242803e+00
9.6096096e-02 9.3586355e-01 9.8542690e-01 1.0262208e+00
9.9099099e-02 9.3821070e-01 9.8762600e-01 1.0280413e+00
1.0210210e-01 9.4038458e-01 9.8966275e-01 1.0296952e+00
1.0510511e-01 9.4249697e-01 9.9142634e-01 1.0313155e+00
1.0810811e-01 9.4427199e-01 9.9294734e-01 1.0326322e+00
1.1111111e-01 9.4582832e-01 9.9443704e-01 1.0337968e+00
1.1411411e-01 9.4726755e-01 9.9577789e-01 1.0348467e+00
1.1711712e-01 9.4846504e-01 9.9696404e-01 1.0356796e+00
1.2012012e-01 9.4963796e-01 9.9782441e-01 1.0364435e+00
1.2312312e-01 9.5053404e-01 9.9862311e-01 1.0368869e+00
1.2612613e-01 9.5127354e-01 9.9917807e-01 1.0373247e+00
1.2912913e-01 9.5191891e-01 9.9955820e-01 1.0375683e+00
1.3213213e-01 9.5235615e-01 9.9982714e-01 1.0377129e+00
1.3513514e-01 9.5261044e-01 1.0000000e+00 1.0376910e+00
1.3813814e-01 9.5283550e-01 9.9996547e-01 1.0374572e+00
1.4114114e-01 9.5271941e-01 9.9970803e-01 1.0370547e+00
1.4414414e-01 9.5244647e-01 9.9926316e-01 1.0364713e+00
1.4714715e-01 9.5191548e-01 9.9865553e-01 1.0357277e+00
1.5015015e-01 9.5131343e-01 9.9781472e-01 1.0347375e+00
1.5315315e-01 9.5049404e-01 9.9684325e-01 1.0337323e+00
1.5615616e-01 9.4960508e-01 9.9573367e-01 1.0326051e+00
1.5915916e-01 9.4846545e-01 9.9432918e-01 1.0311942e+00
1.6216216e-01 9.4711696e-01 9.9293366e-01 1.0296808e+00
1.6516517e-01 9.4553694e-01 9.9128493e-01 1.0278996e+00
1.6816817e-01 9.4390021e-01 9.8942900e-01 1.0260780e+00
1.7117117e-01 9.4199801e-01 9.8750555e-01 1.0241241e+00
1.7417417e-01 9.4004255e-01 9.8536814e-01 1.0220201e+00
1.7717718e-01 9.3790066e-01 9.8299582e-01 1.0197639e+00
1.8018018e-01 9.3548830e-01 9.8055067e-01 1.0173937e+00
1.8318318e-01 9.3294680e-01 9.7794428e-01 1.0148267e+00
1.8618619e-01 9.3020726e-01 9.7514710e-01 1.0121325e+00
1.8918919e-01 9.2740663e-01 9.7223447e-01 1.0092531e+00
1.9219219e-01 9.2435786e-01 9.6910272e-01 1.0061488e+00
1.9519520e-01 9.2114315e-01 9.6597406e-01 1.0030749e+00
1.9819820e-01 9.1785623e-01 9.6265780e-01 9.9975495e-01
2.0120120e-01 9.1422556e-01 9.5911561e-01 9.9632648e-01
2.0420420e-01 9.1050370e-01 9.5547834e-01 9.9276890e-01
2.0720721e-01 9.0677141e-01 9.5168814e-01 9.8900707e-01
2.1021021e-01 9.0285226e-01 9.4764277e-01 9.8528632e-01
2.1321321e-01 8.9868915e-01 9.4355574e-01 9.8130064e-01
2.1621622e-01 8.9438011e-01 9.3934931e-01 9.7731687e-01
2.1921922e-01 8.8988861e-01 9.3497662e-01 9.7311150e-01
2.2222222e-01 8.8539221e-01 9.3050432e-01 9.6878831e-01
2.2522523e-01 8.8075495e-01 9.2580653e-01 9.6437877e-01
2.2822823e-01 8.7594736e-01 9.2111672e-01 9.5989869e-01
2.3123123e-01 8.7093093e-01 9.1624373e-01 9.5520637e-01
2.3423423e-01 8.6580898e-01 9.1127797e-01 9.5039651e-01
2.3723724e-01 8.6059821e-01 9.0613120e-01 9.4545647e-01
2.4024024e-01 8.5535456e-01 9.0080875e-01 9.4038016e-01
2.4324324e-01 8.4999733e-01 8.9536867e-01 9.3532912e-01
2.4624625e-01 8.4456794e-01 8.8989320e-01 9.3015065e-01
2.4924925e-01 8.3896793e-01 8.8440063e-01 9.2471042e-01
2.5225225e-01 8.3322976e-01 8.7866273e-01 9.1917560e-01
2.5525526e-01 8.2740868e-01 8.7280621e-01 9.1362356e-01
2.5825826e-01 8.2147691e-01 8.6697539e-01 9.0790579e-01
2.6126126e-01 8.1536780e-01 8.6103398e-01 9.0211919e-01
2.6426426e-01 8.0922502e-01 8.5486831e-01 8.9622831e-01
2.6726727e-01 8.0287951e-01 8.4864226e-01 8.9026386e-01
2.7027027e-01 7.9655614e-01 8.4240659e-01 8.8432165e-01
2.7327327e-01 7.9015940e-01 8.3610811e-01 8.7819029e-01
2.7627628e-01 7.8369868e-01 8.2964386e-01 8.7201062e-01
2.7927928e-01 7.7704665e-01 8.2309237e-01 8.6576629e-01
2.8228228e-01 7.7039513e-01 8.1645908e-01 8.5928733e-01
2.8528529e-01 7.6366450e-01 8.0983313e-01 8.5279880e-01
2.8828829e-01 7.5691442e-01 8.0310444e-01 8.4620307e-01
2.9129129e-01 7.5006243e-01 7.9636964e-01 8.3955454e-01
2.9429429e-01 7.4308543e-01 7.8949241e-01 8.3292417e-01
2.9729730e-01 7.3609845e-01 7.8251871e-01 8.2616038e-01
3.0030030e-01 7.2898248e-01 7.7553338e-01 8.1952317e-01
3.0330330e-01 7.2193889e-01 7.6851422e-01 8.1265045e-01
3.0630631e-01 7.1484077e-01 7.6136451e-01 8.0570398e-01
3.0930931e-01 7.0757324e-01 7.5422563e-01 7.9874141e-01
3.1231231e-01 7.0036691e-01 7.4691369e-01 7.9161071e-01
3.1531532e-01 6.9311255e-01 7.3963776e-01 7.8455516e-01
3.1831832e-01 6.8583431e-01 7.3232757e-01 7.7737975e-01
3.2132132e-01 6.7848346e-01 7.2494457e-01 7.7026218e-01
3.2432432e-01 6.7105516e-01 7.1757512e-01 7.6298540e-01
3.2732733e-01 6.6358416e-01 7.1021299e-01 7.5559927e-01
3.3033033e-01 6.5608996e-01 7.0276755e-01 7.4831543e-01
3.3333333e-01 6.4872378e-01 6.9536185e-01 7.4093635e-01
3.3633634e-01 6.4113937e-01 6.8780259e-01 7.3368489e-01
3.3933934e-01 6.3360354e-01 6.8024949e-01 7.2631529e-01
3.4234234e-01 6.2610025e-01 6.7267554e-01 7.1895479e-01
3.4534535e-01 6.1856083e-01 6.6517701e-01 7.1154326e-01
3.4834835e-01 6.1102685e-01 6.5764047e-01 7.0410855e-01
3.5135135e-01 6.0341543e-01 6.5006027e-01 6.9654172e-01
3.5435435e-01 5.9583845e-01 6.4246334e-01 6.8915862e-01
3.5735736e-01 5.8817888e-01 6.3486308e-01 6.8172673e-01
3.6036036e-01 5.8049174e-01 6.2728752e-01 6.7415878e-01
3.6336336e-01 5.7289739e-01 6.1973438e-01 6.6672883e-01
3.6636637e-01 5.6532814e-01 6.1219877e-01 6.5921099e-01
3.6936937e-01 5.5778207e-01 6.0458036e-01 6.5177973e-01
3.7237237e-01 5.5035485e-01 5.9702184e-01 6.4428931e-01
3.7537538e-01 5.4285172e-01 5.8945321e-01 6.3672806e-01
3.7837838e-01 5.3549380e-01 5.8186863e-01 6.2913911e-01
3.8138138e-01 5.2798278e-01 5.7426858e-01 6.2163970e-01
3.8438438e-01 5.2045877e-01 5.6673025e-01 6.1417789e-01
3.8738739e-01 5.1301144e-01 5.5924408e-01 6.0660370e-01
3.9039039e-01 5.0566699e-01 5.5172085e-01 5.9906720e-01
3.9339339e-01 4.9827396e-01 5.4422947e-01 5.9156236e-01
3.9639640e-01 4.9084938e-01 5.3675964e-01 5.8415690e-01
3.9939940e-01 4.8350446e-01 5.2934608e-01 5.7678473e-01
4.0240240e-01 4.7619839e-01 5.2192940e-01 5.6942573e-01
4.0540541e-01 4.6896258e-01 5.1453629e-01 5.6197522e-01
4.0840841e-01 4.6179814e-01 5.0722921e-01 5.5464167e-01
4.1141141e-01 4.5460540e-01 4.9990426e-01 5.4724706e-01
4.1441441e-01 4.4758988e-01 4.9261011e-01 5.3987717e-01
4.1741742e-01 4.4052472e-01 4.8537065e-01 5.3250720e-01
4.2042042e-01 4.3351713e-01 4.7821930e-01 5.2535482e-01
4.2342342e-01 4.2653635e-01 4.7107004e-01 5.1819689e-01
4.2642643e-01 4.1961580e-01 4.6402596e-01 5.1105112e-01
4.2942943e-01 4.1270199e-01 4.5699482e-01 5.0392587e-01
4.3243243e-01 4.0581171e-01 4.5005368e-01 4.9695663e-01
4.3543544e-01 3.9901969e-01 4.4308203e-01 4.9006932e-01
4.3843844e-01 3.9226642e-01 4.3615651e-01 4.8303408e-01
4.4144144e-01 3.8566549e-01 4.2935495e-01 4.7610737e-01
4.4444444e-01 3.7907049e-01 4.2260094e-01 4.6918214e-01
4.4744745e-01 3.7249193e-01 4.1583469e-01 4.6244670e-01
4.5045045e-01 3.6590470e-01 4.0915648e-01 4.5572253e-01
4.5345345e-01 3.5949532e-01 4.0255247e-01 4.4895562e-01
4.5645646e-01 3.5314998e-01 3.9604373e-01 4.4233062e-01
4.5945946e-01 3.4673040e-01 3.8946842e-01 4.3565617e-01
4.6246246e-01 3.4051389e-01 3.8299227e-01 4.2903330e-01
4.6546547e-01 3.3423270e-01 3.7657922e-01 4.2247733e-01
4.6846847e-01 3.2807728e-01 3.7024749e-01 4.1618597e-01
4.7147147e-01 3.2201212e-01 3.6392911e-01 4.0987453e-01
4.7447447e-01 3.1606498e-01 3.5773259e-01 4.0360544e-01
4.7747748e-01 3.1020335e-01 3.5157737e-01 3.9740577e-01
4.8048048e-01 3.0426184e-01 3.4546225e-01 3.9118163e-01
4.8348348e-01 2.9840405e-01 3.3940131e-01 3.8494221e-01
4.8648649e-01 2.9266694e-01 3.3349699e-01 3.7877518e-01
4.8948949e-01 2.8700870e-01 3.2765798e-01 3.7286387e-01
4.9249249e-01 2.8138263e-01 3.2183154e-01 3.6696811e-01
4.9549550e-01 2.7589087e-01 3.1606581e-01 3.6109704e-01
4.9849850e-01 2.7037327e-01 3.1042046e-01 3.5525330e-01
5.0150150e-01 2.6498641e-01 3.0470621e-01 3.4954524e-01
5.0450450e-01 2.5961374e-01 2.9914601e-01 3.4388367e-01
5.0750751e-01 2.5433021e-01 2.9364742e-01 3.3836191e-01
5.1051051e-01 2.4914394e-01 2.8824122e-01 3.3279025e-01
5.1351351e-01 2.4403594e-01 2.8288600e-01 3.2733323e-01
5.1651652e-01 2.3898364e-01 2.7750934e-01 3.2193903e-01
5.1951952e-01 2.3395843e-01 2.7232257e-01 3.1658492e-01
5.2252252e-01 2.2902796e-01 2.6720203e-01 3.1131113e-01
5.2552553e-01 2.2420381e-01 2.6211341e-01 3.0604001e-01
5.2852853e-01 2.1942758e-01 2.5716090e-01 3.0088847e-01
5.3153153e-01 2.1466903e-01 2.5226233e-01 2.9576016e-01
5.3453453e-01 2.1006720e-01 2.4742477e-01 2.9076301e-01
5.3753754e-01 2.0553969e-01 2.4260323e-01 2.8583605e-01
5.4054054e-01 2.0107340e-01 2.3787509e-01 2.8099709e-01
5.4354354e-01 1.9670312e-01 2.3324817e-01 2.7607367e-01
5.4654655e-01 1.9231173e-01 2.2865667e-01 2.7139981e-01
5.4954955e-01 1.8800522e-01 2.2417497e-01 2.6683928e-01
5.5255255e-01 1.8378415e-01 2.1977192e-01 2.6228677e-01
5.5555556e-01 1.7960964e-01 2.1536399e-01 2.5776221e-01
5.5855856e-01 1.7552394e-01 2.1094883e-01 2.5334627e-01
5.6156156e-01 1.7153446e-01 2.0672483e-01 2.4904438e-01
5.6456456e-01 1.6759062e-01 2.0253797e-01 2.4469074e-01
5.6756757e-01 1.6367695e-01 1.9848480e-01 2.4046319e-01
5.7057057e-01 1.5985023e-01 1.9440698e-01 2.3621107e-01
5.7357357e-01 1.5609821e-01 1.9044845e-01 2.3215684e-01
5.7657658e-01 1.5242027e-01 1.8649467e-01 2.2815549e-01
5.7957958e-01 1.4882611e-01 1.8261047e-01 2.2414971e-01
5.8258258e-01 1.4530147e-01 1.7876915e-01 2.2030678e-01
5.8558559e-01 1.4181332e-01 1.7499228e-01 2.1650743e-01
5.8858859e-01 1.3844198e-01 1.7134843e-01 2.1282809e-01
5.9159159e-01 1.3509890e-01 1.6773818e-01 2.0904479e-01
5.9459459e-01 1.3181425e-01 1.6421625e-01 2.0534843e-01
5.9759760e-01 1.2857821e-01 1.6071225e-01 2.0182217e-01
6.0060060e-01 1.2539546e-01 1.5732305e-01 1.9834431e-01
6.0360360e-01 1.2221692e-01 1.5394179e-01 1.9485021e-01
6.0660661e-01 1.1917215e-01 1.5066565e-01 1.9146576e-01
6.0960961e-01 1.1623620e-01 1.4745210e-01 1.8804508e-01
6.1261261e-01 1.1326799e-01 1.4429931e-01 1.8476606e-01
6.1561562e-01 1.1036179e-01 1.4115122e-01 1.8157611e-01
6.1861862e-01 1.0752980e-01 1.3806929e-01 1.7837075e-01
6.2162162e-01 1.0478444e-01 1.3511824e-01 1.7524306e-01
6.2462462e-01 1.0202225e-01 1.3214626e-01 1.7209808e-01
6.2762763e-01 9.9358740e-02 1.2922379e-01 1.6904023e-01
6.3063063e-01 9.6735015e-02 1.2639526e-01 1.6605990e-01
6.3363363e-01 9.4186107e-02 1.2365282e-01 1.6314828e-01
6.3663664e-01 9.1704757e-02 1.2096350e-01 1.6037753e-01
6.3963964e-01 8.9241458e-02 1.1828540e-01 1.5756742e-01
6.4264264e-01 8.6847742e-02 1.1569073e-01 1.5493157e-01
6.4564565e-01 8.4510085e-02 1.1311976e-01 1.5219546e-01
6.4864865e-01 8.2248332e-02 1.1055470e-01 1.4961411e-01
6.5165165e-01 7.9989503e-02 1.0810954e-01 1.4711636e-01
6.5465465e-01 7.7789834e-02 1.0571202e-01 1.4458980e-01
6.5765766e-01 7.5641122e-02 1.0337911e-01 1.4213642e-01
6.6066066e-01 7.3569480e-02 1.0104310e-01 1.3971335e-01
6.6366366e-01 7.1486570e-02 9.8739267e-02 1.3721402e-01
6.6666667e-01 6.9502777e-02 9.6479821e-02 1.3490474e-01
6.6966967e-01 6.7531954e-02 9.4289497e-02 1.3258080e-01
6.7267267e-01 6.5598835e-02 9.2107544e-02 1.3038727e-01
6.7567568e-01 6.3723615e-02 9.0014059e-02 1.2815490e-01
6.7867868e-01 6.1915338e-02 8.7984903e-02 1.2603801e-01
6.8168168e-01 6.0131343e-02 8.5993649e-02 1.2389081e-01
6.8468468e-01 5.8379620e-02 8.4015999e-02 1.2175211e-01
6.8768769e-01 5.6685410e-02 8.2112236e-02 1.1964197e-01
6.9069069e-01 5.5001577e-02 8.0226412e-02 1.1764010e-01
6.9369369e-01 5.3360026e-02 7.8417693e-02 1.1563303e-01
6.9669670e-01 5.1759103e-02 7.6604675e-02 1.1369916e-01
6.9969970e-01 5.0205798e-02 7.4798810e-02 1.1181536e-01
7.0270270e-01 4.8678343e-02 7.3040600e-02 1.1003190e-01
7.0570571e-01 4.7182200e-02 7.1376495e-02 1.0826898e-01
7.0870871e-01 4.5734904e-02 6.9770007e-02 1.0646483e-01
7.1171171e-01 4.4345105e-02 6.8144093e-02 1.0470834e-01
7.1471471e-01 4.2967686e-02 6.6537642e-02 1.0299315e-01
7.1771772e-01 4.1634900e-02 6.5055597e-02 1.0139092e-01
7.2072072e-01 4.0317829e-02 6.3550691e-02 9.9801673e-02
7.2372372e-01 3.9061277e-02 6.2087464e-02 9.8203620e-02
7.2672673e-01 3.7821517e-02 6.0703316e-02 9.6604323e-02
7.2972973e-01 3.6627241e-02 5.9337743e-02 9.5058934e-02
7.3273273e-01 3.5485277e-02 5.7928396e-02 9.3568395e-02
7.3573574e-01 3.4340791e-02 5.6630589e-02 9.2015397e-02
7.3873874e-01 3.3228655e-02 5.5331813e-02 9.0593800e-02
7.4174174e-01 3.2161946e-02 5.4113611e-02 8.9213585e-02
7.4474474e-01 3.1125058e-02 5.2854758e-02 8.7877071e-02
7.4774775e-01 3.0117065e-02 5.1656409e-02 8.6599564e-02
7.5075075e-01 2.9135856e-02 5.0525064e-02 8.5315743e-02
7.5375375e-01 2.8168790e-02 4.9374193e-02 8.4062405e-02
7.5675676e-01 2.7245834e-02 4.8267111e-02 8.2937266e-02
7.5975976e-01 2.6345871e-02 4.7172069e-02 8.1766374e-02
7.6276276e-01 2.5460803e-02 4.6097859e-02 8.0604595e-02
7.6576577e-01 2.4589330e-02 4.5028650e-02 7.9473704e-02
7.6876877e-01 2.3779420e-02 4.4055260e-02 7.8355596e-02
7.7177177e-01 2.2981408e-02 4.3040142e-02 7.7227629e-02
7.7477477e-01 2.2215854e-02 4.2024125e-02 7.6087788e-02
7.7777778e-01 2.1470792e-02 4.1059509e-02 7.4984876e-02
7.8078078e-01 2.0738356e-02 4.0118947e-02 7.3913663e-02
7.8378378e-01 2.0014900e-02 3.9225716e-02 7.2835809e-02
7.8678679e-01 1.9334505e-02 3.8294210e-02 7.1804404e-02
7.8978979e-01 1.8670744e-02 3.7356211e-02 7.0871837e-02
7.9279279e-01 1.8030356e-02 3.6494070e-02 6.9924694e-02
7.9579580e-01 1.7412577e-02 3.5644162e-02 6.8987624e-02
7.9879880e-01 1.6808411e-02 3.4853779e-02 6.8071254e-02
8.0180180e-01 1.6216529e-02 3.4060941e-02 6.7128778e-02
8.0480480e-01 1.5644292e-02 3.3221358e-02 6.6294175e-02
8.0780781e-01 1.5093194e-02 3.2387728e-02 6.5405302e-02
8.1081081e-01 1.4557692e-02 3.1642357e-02 6.4481141e-02
8.1381381e-01 1.4036134e-02 3.0910856e-02 6.3542640e-02
8.1681682e-01 1.3528605e-02 3.0179376e-02 6.2719739e-02
8.1981982e-01 1.3055587e-02 2.9465262e-02 6.1775161e-02
8.2282282e-01 1.2580967e-02 2.8743336e-02 6.0866988e-02
8.2582583e-01 1.2124709e-02 2.8029744e-02 6.0058288e-02
8.2882883e-01 1.1693313e-02 2.7370459e-02 5.9189298e-02
8.3183183e-01 1.1271476e-02 2.6733185e-02 5.8346126e-02
8.3483483e-01 1.0861825e-02 2.6096596e-02 5.7519017e-02
8.3783784e-01 1.0464899e-02 2.5461438e-02 5.6777919e-02
8.4084084e-01 1.0072771e-02 2.4861456e-02 5.5983659e-02
8.4384384e-01 9.6946687e-03 2.4270612e-02 5.5167124e-02
8.4684685e-01 9.3391531e-03 2.3671258e-02 5.4386905e-02
8.4984985e-01 8.9933697e-03 2.3090280e-02 5.3636948e-02
8.5285285e-01 8.6575739e-03 2.2500389e-02 5.2941768e-02
8.5585586e-01 8.3319178e-03 2.1937201e-02 5.2157939e-02
8.5885886e-01 8.0192310e-03 2.1390933e-02 5.1379076e-02
8.6186186e-01 7.7150364e-03 2.0860524e-02 5.0629723e-02
8.6486486e-01 7.4195900e-03 2.0332970e-02 5.0014701e-02
8.6786787e-01 7.1385397e-03 1.9850680e-02 4.9326953e-02
8.7087087e-01 6.8670887e-03 1.9381369e-02 4.8602540e-02
8.7387387e-01 6.6036015e-03 1.8941938e-02 4.8000839e-02
8.7687688e-01 6.3497022e-03 1.8465819e-02 4.7397816e-02
8.7987988e-01 6.1066530e-03 1.8032811e-02 4.6813192e-02
8.8288288e-01 5.8690663e-03 1.7598895e-02 4.6189607e-02
8.8588589e-01 5.6405181e-03 1.7176425e-02 4.5610128e-02
8.8888889e-01 5.4216444e-03 1.6725125e-02 4.5029206e-02
8.9189189e-01 5.2154714e-03 1.6346182e-02 4.4432564e-02
8.9489489e-01 5.0126102e-03 1.5928861e-02 4.3805563e-02
8.9789790e-01 4.8156015e-03 1.5553948e-02 4.3256723e-02
9.0090090e-01 4.6276049e-03 1.5186335e-02 4.2762471e-02
9.0390390e-01 4.4431012e-03 1.4795431e-02 4.2269109e-02
9.0690691e-01 4.2646520e-03 1.4414344e-02 4.1717028e-02
9.0990991e-01 4.0974725e-03 1.4048502e-02 4.1217565e-02
9.1291291e-01 3.9319482e-03 1.3712220e-02 4.0727626e-02
9.1591592e-01 3.7710467e-03 1.3365628e-02 4.0247691e-02
9.1891892e-01 3.6195298e-03 1.3028542e-02 3.9722600e-02
9.2192192e-01 3.4755834e-03 1.2708476e-02 3.9263337e-02
9.2492492e-01 3.3331706e-03 1.2426710e-02 3.8766422e-02
9.2792793e-01 3.2002275e-03 1.2115223e-02 3.8324384e-02
9.3093093e-01 3.0696361e-03 1.1816628e-02 3.7900426e-02
9.3393393e-01 2.9456091e-03 1.1524830e-02 3.7433491e-02
9.3693694e-01 2.8241251e-03 1.1240920e-02 3.6974433e-02
9.3993994e-01 2.7083344e-03 1.0952133e-02 3.6530756e-02
9.4294294e-01 2.5957411e-03 1.0695199e-02 3.6163223e-02
9.4594595e-01 2.4856627e-03 1.0427781e-02 3.5741909e-02
9.4894895e-01 2.3818879e-03 1.0168363e-02 3.5335778e-02
9.5195195e-01 2.2821392e-03 9.9303981e-03 3.4999180e-02
9.5495495e-01 2.1925780e-03 9.7187224e-03 3.4569492e-02
9.5795796e-01 2.1018612e-03 9.4588437e-03 3.4219721e-02
9.6096096e-01 2.0166289e-03 9.2163320e-03 3.3807448e-02
9.6396396e-01 1.9315549e-03 8.9893120e-03 3.3470474e-02
9.6696697e-01 1.8525291e-03 8.7709857e-03 3.3092680e-02
9.6996997e-01 1.7724518e-03 8.5574270e-03 3.2775108e-02
9.7297297e-01 1.7001765e-03 8.3404755e-03 3.2510020e-02
9.7597598e-01 1.6279828e-03 8.1394461e-03 3.2270929e-02
9.7897898e-01 1.5620210e-03 7.9307420e-03 3.2055454e-02
9.8198198e-01 1.4959116e-03 7.7301332e-03 3.1861443e-02
9.8498498e-01 1.4327183e-03 7.5360947e-03 3.1671081e-02
9.8798799e-01 1.3705112e-03 7.3480207e-03 3.1470972e-02
9.9099099e-01 1.3132038e-03 7.1783305e-03 3.1248248e-02
9.9399399e-01 1.2573115e-03 6.9915006e-03 3.1028023e-02
9.9699700e-01 1.2037056e-03 6.8253708e-03 3.0809279e-02
1.0000000e+00 1.1507068e-03 6.6543215e-03 3.0598001e-02
1.0030030e+00 1.1016721e-03 6.4819722e-03 3.0358181e-02
1.0060060e+00 1.0529486e-03 6.3191927e-03 3.0145102e-02
1.0090090e+00 1.0058008e-03 6.1579808e-03 2.9957589e-02
1.0120120e+00 9.6146437e-04 6.0029892e-03 2.9737917e-02
1.0150150e+00 9.2022410e-04 5.8543569e-03 2.9539285e-02
1.0180180e+00 8.8063163e-04 5.6956189e-03 2.9322441e-02
1.0210210e+00 8.4287664e-04 5.5532128e-03 2.9131931e-02
1.0240240e+00 8.0703654e-04 5.4134633e-03 2.8964945e-02
1.0270270e+00 7.7236744e-04 5.2791994e-03 2.8740833e-02
1.0300300e+00 7.3841009e-04 5.1415104e-03 2.8547532e-02
1.0330330e+00 7.0589366e-04 5.0164603e-03 2.8349570e-02
1.0360360e+00 6.7309005e-04 4.8875770e-03 2.8148319e-02
1.0390390e+00 6.4514963e-04 4.7630745e-03 2.7972267e-02
1.0420420e+00 6.1737472e-04 4.6447509e-03 2.7752043e-02
1.0450450e+00 5.9154359e-04 4.5365005e-03 2.7557275e-02
1.0480480e+00 5.6550852e-04 4.4178633e-03 2.7382073e-02
1.0510511e+00 5.4108194e-04 4.3033885e-03 2.7250616e-02
1.0540541e+00 5.1687097e-04 4.1919547e-03 2.7066770e-02
1.0570571e+00 4.9301200e-04 4.0989065e-03 2.6911771e-02
1.0600601e+00 4.7126018e-04 3.9874557e-03 2.6664466e-02
1.0630631e+00 4.5080090e-04 3.8910778e-03 2.6525817e-02
1.0660661e+00 4.3006234e-04 3.7985422e-03 2.6374313e-02
1.0690691e+00 4.1061963e-04 3.6985432e-03 2.6272488e-02
1.0720721e+00 3.9164449e-04 3.6076712e-03 2.6119525e-02
1.0750751e+00 3.7339570e-04 3.5260945e-03 2.5924063e-02
1.0780781e+00 3.5679695e-04 3.4353723e-03 2.5793684e-02
1.0810811e+00 3.4139950e-04 3.3459810e-03 2.5688764e-02
1.0840841e+00 3.2601772e-04 3.2639226e-03 2.5516051e-02
1.0870871e+00 3.1083887e-04 3.1746556e-03 2.5375130e-02
1.0900901e+00 2.9674978e-04 3.1028020e-03 2.5250138e-02
1.0930931e+00 2.8374905e-04 3.0274584e-03 2.5097418e-02
1.0960961e+00 2.7090889e-04 2.9601143e-03 2.4954786e-02
1.0990991e+00 2.5845138e-04 2.8878917e-03 2.4858413e-02
1.1021021e+00 2.4642541e-04 2.8095613e-03 2.4776872e-02
1.1051051e+00 2.3539173e-04 2.7449654e-03 2.4688559e-02
1.1081081e+00 2.2496965e-04 2.6741355e-03 2.4554591e-02
1.1111111e+00 2.1417636e-04 2.6154025e-03 2.4387929e-02
1.1141141e+00 2.0436701e-04 2.5459784e-03 2.4295202e-02
1.1171171e+00 1.9472357e-04 2.4869226e-03 2.4288960e-02
1.1201201e+00 1.8621597e-04 2.4200108e-03 2.4162785e-02
1.1231231e+00 1.7764663e-04 2.3629982e-03 2.4046957e-02
1.1261261e+00 1.6951196e-04 2.3056455e-03 2.3987386e-02
1.1291291e+00 1.6129762e-04 2.2466691e-03 2.3958850e-02
1.1321321e+00 1.5391608e-04 2.1960266e-03 2.3880288e-02
1.1351351e+00 1.4630330e-04 2.1380645e-03 2.3742161e-02
1.1381381e+00 1.4009748e-04 2.0909349e-03 2.3695222e-02
1.1411411e+00 1.3375121e-04 2.0414332e-03 2.3505601e-02
1.1441441e+00 1.2740825e-04 1.9882037e-03 2.3392034e-02
1.1471471e+00 1.2134198e-04 1.9442980e-03 2.3287565e-02
1.1501502e+00 1.1579648e-04 1.9012733e-03 2.3179874e-02
1.1531532e+00 1.1029074e-04 1.8571702e-03 2.3144628e-02
1.1561562e+00 1.0524724e-04 1.8130417e-03 2.3053277e-02
1.1591592e+00 1.0042683e-04 1.7726244e-03 2.2985697e-02
1.1621622e+00 9.5615849e-05 1.7300233e-03 2.2886348e-02
1.1651652e+00 9.1004191e-05 1.6912573e-03 2.2856788e-02
1.1681682e+00 8.6817634e-05 1.6482703e-03 2.2816345e-02
1.1711712e+00 8.2587145e-05 1.6155291e-03 2.2725715e-02
1.1741742e+00 7.8824522e-05 1.5780400e-03 2.2637807e-02
1.1771772e+00 7.5124876e-05 1.5400243e-03 2.2558090e-02
1.1801802e+00 7.1949483e-05 1.5002607e-03 2.2502118e-02
1.1831832e+00 6.8586060e-05 1.4639655e-03 2.2500639e-02
1.1861862e+00 6.5399998e-05 1.4230285e-03 2.2342860e-02
1.1891892e+00 6.2255457e-05 1.3899354e-03 2.2319989e-02
1.1921922e+00 5.9183761e-05 1.3551235e-03 2.2283191e-02
1.1951952e+00 5.6391830e-05 1.3176510e-03 2.2159896e-02
1.1981982e+00 5.3629572e-05 1.2890885e-03 2.2040215e-02
1.2012012e+00 5.0896910e-05 1.2548679e-03 2.2000498e-02
1.2042042e+00 4.8465975e-05 1.2196140e-03 2.1961162e-02
1.2072072e+00 4.6096901e-05 1.1874146e-03 2.1942593e-02
1.2102102e+00 4.3850212e-05 1.1546151e-03 2.1843448e-02
1.2132132e+00 4.1749034e-05 1.1286778e-03 2.1700487e-02
1.2162162e+00 3.9635061e-05 1.0999195e-03 2.1669115e-02
1.2192192e+00 3.7655274e-05 1.0721178e-03 2.1633563e-02
1.2222222e+00 3.5783987e-05 1.0467031e-03 2.1567503e-02
1.2252252e+00 3.4097323e-05 1.0223002e-03 2.1573598e-02
1.2282282e+00 3.2344928e-05 1.0018437e-03 2.1499398e-02
1.2312312e+00 3.0935791e-05 9.7600737e-04 2.1448770e-02
1.2342342e+00 2.9466999e-05 9.5597062e-04 2.1517372e-02
1.2372372e+00 2.7906926e-05 9.3024186e-04 2.1511634e-02
1.2402402e+00 2.6498342e-05 9.0491129e-04 2.1562857e-02
1.2432432e+00 2.5180635e-05 8.8533101e-04 2.1513896e-02
1.2462462e+00 2.3970355e-05 8.6435225e-04 2.1499369e-02
1.2492492e+00 2.2776736e-05 8.4876872e-04 2.1543630e-02
1.2522523e+00 2.1624022e-05 8.3281815e-04 2.1558857e-02
1.2552553e+00 2.0460212e-05 8.1452391e-04 2.1544764e-02
1.2582583e+00 1.9387506e-05 7.9939518e-04 2.1551525e-02
1.2612613e+00 1.8331560e-05 7.8439170e-04 2.1563087e-02
1.2642643e+00 1.7381543e-05 7.6478428e-04 2.1596409e-02
1.2672673e+00 1.6425767e-05 7.4680564e-04 2.1569751e-02
1.2702703e+00 1.5530173e-05 7.3018277e-04 2.1501164e-02
1.2732733e+00 1.4724399e-05 7.1537255e-04 2.1511656e-02
1.2762763e+00 1.3968968e-05 7.0037523e-04 2.1503861e-02
1.2792793e+00 1.3228923e-05 6.8393364e-04 2.1538489e-02
1.2822823e+00 1.2473213e-05 6.6893549e-04 2.1585567e-02
1.2852853e+00 1.1794483e-05 6.5075381e-04 2.1595778e-02
1.2882883e+00 1.1131610e-05 6.3526811e-04 2.1593175e-02
1.2912913e+00 1.0534326e-05 6.2061570e-04 2.1608660e-02
1.2942943e+00 9.9580042e-06 6.0588499e-04 2.1601265e-02
1.2972973e+00 9.3922910e-06 5.9412432e-04 2.1626914e-02
1.3003003e+00 8.8309079e-06 5.8018059e-04 2.1635197e-02
1.3033033e+00 8.3281297e-06 5.6778117e-04 2.1664992e-02
1.3063063e+00 7.8625372e-06 5.5791659e-04 2.1715839e-02
1.3093093e+00 7.4153113e-06 5.4362677e-04 2.1722582e-02
1.3123123e+00 6.9773869e-06 5.3406995e-04 2.1783965e-02
1.3153153e+00 6.5773641e-06 5.2146622e-04 2.1739144e-02
1.3183183e+00 6.1826430e-06 5.1150706e-04 2.1751210e-02
1.3213213e+00 5.8095572e-06 5.0051208e-04 2.1746264e-02
1.3243243e+00 5.4824316e-06 4.9073911e-04 2.1776053e-02
1.3273273e+00 5.1777978e-06 4.8096490e-04 2.1734332e-02
1.3303303e+00 4.8627874e-06 4.6699655e-04 2.1805440e-02
1.3333333e+00 4.5712425e-06 4.5509169e-04 2.1743334e-02
1.3363363e+00 4.3007186e-06 4.4344674e-04 2.1674020e-02
1.3393393e+00 4.0425769e-06 4.3391897e-04 2.1654656e-02
1.3423423e+00 3.7972613e-06 4.2556333e-04 2.1626934e-02
1.3453453e+00 3.5770405e-06 4.1463525e-04 2.1635290e-02
1.3483483e+00 3.3631970e-06 4.0413029e-04 2.1655319e-02
1.3513514e+00 3.1525495e-06 3.9499348e-04 2.1681156e-02
1.3543544e+00 2.9613885e-06 3.8747414e-04 2.1788690e-02
1.3573574e+00 2.7812900e-06 3.7998013e-04 2.1843699e-02
1.3603604e+00 2.6082568e-06 3.7207192e-04 2.1872063e-02
1.3633634e+00 2.4435475e-06 3.6220284e-04 2.1894698e-02
1.3663664e+00 2.2895301e-06 3.5357247e-04 2.1903230e-02
1.3693694e+00 2.1445616e-06 3.4450372e-04 2.1888581e-02
1.3723724e+00 2.0076006e-06 3.3572938e-04 2.1910686e-02
1.3753754e+00 1.8813791e-06 3.2814738e-04 2.1902617e-02
1.3783784e+00 1.7612021e-06 3.2027528e-04 2.1940031e-02
1.3813814e+00 1.6532639e-06 3.1319655e-04 2.1947324e-02
1.3843844e+00 1.5483855e-06 3.0559100e-04 2.2002569e-02
1.3873874e+00 1.4481026e-06 2.9739928e-04 2.2004210e-02
1.3903904e+00 1.3564983e-06 2.8981498e-04 2.2006483e-02
1.3933934e+00 1.2686333e-06 2.8214599e-04 2.2015447e-02
1.3963964e+00 1.1872619e-06 2.7487264e-04 2.2072648e-02
1.3993994e+00 1.1106036e-06 2.6927189e-04 2.2029367e-02
1.4024024e+00 1.0387086e-06 2.6333962e-04 2.2084101e-02
1.4054054e+00 9.7065382e-07 2.5800300e-04 2.2143716e-02
1.4084084e+00 9.0797720e-07 2.5103967e-04 2.2159053e-02
1.4114114e+00 8.4906494e-07 2.4310112e-04 2.2212180e-02
1.4144144e+00 7.9404902e-07 2.3851485e-04 2.2230720e-02
1.4174174e+00 7.4177520e-07 2.3182913e-04 2.2261915e-02
1.4204204e+00 6.9280108e-07 2.2481565e-04 2.2315206e-02
1.4234234e+00 6.4740238e-07 2.1799254e-04 2.2373426e-02
1.4264264e+00 6.0540618e-07 2.1111703e-04 2.2391775e-02
1.4294294e+00 5.6588991e-07 2.0471599e-04 2.2394242e-02
1.4324324e+00 5.2828957e-07 1.9840784e-04 2.2394730e-02
1.4354354e+00 4.9362933e-07 1.9270401e-04 2.2396738e-02
1.4384384e+00 4.6023166e-07 1.8871799e-04 2.2467917e-02
1.4414414e+00 4.2879194e-07 1.8278917e-04 2.2494777e-02
1.4444444e+00 3.9999735e-07 1.7721615e-04 2.2466669e-02
1.4474474e+00 3.7278201e-07 1.7209744e-04 2.2522545e-02
1.4504505e+00 3.4777547e-07 1.6670425e-04 2.2576218e-02
1.4534535e+00 3.2403782e-07 1.6223005e-04 2.2528407e-02
1.4564565e+00 3.0201086e-07 1.5703133e-04 2.2532826e-02
1.4594595e+00 2.8156323e-07 1.5077701e-04 2.2551268e-02
1.4624625e+00 2.6240570e-07 1.4567959e-04 2.2562476e-02
1.4654655e+00 2.4429528e-07 1.3963879e-04 2.2580746e-02
1.4684685e+00 2.2753616e-07 1.3443295e-04 2.2683508e-02
1.4714715e+00 2.1198991e-07 1.2988709e-04 2.2791445e-02
1.4744745e+00 1.9735848e-07 1.2539156e-04 2.2838838e-02
1.4774775e+00 1.8362622e-07 1.2070305e-04 2.2809867e-02
1.4804805e+00 1.7069462e-07 1.1651542e-04 2.2843461e-02
1.4834835e+00 1.5863818e-07 1.1223067e-04 2.2874864e-02
1.4864865e+00 1.4757997e-07 1.0777033e-04 2.2875600e-02
1.4894895e+00 1.3724275e-07 1.0296897e-04 2.2925483e-02
1.4924925e+00 1.2764337e-07 9.9279257e-05 2.2957224e-02
1.4954955e+00 1.1856353e-07 9.5288558e-05 2.2965781e-02
1.4984985e+00 1.1017906e-07 9.1326632e-05 2.2992837e-02
1.5015015e+00 1.0234796e-07 8.7595131e-05 2.2960651e-02
1.5045045e+00 9.5040608e-08 8.3902967e-05 2.2976652e-02
1.5075075e+00 8.8234501e-08 8.0077267e-05 2.3042861e-02
1.5105105e+00 8.1899889e-08 7.6640096e-05 2.3092726e-02
1.5135135e+00 7.6037788e-08 7.3536673e-05 2.3193370e-02
1.5165165e+00 7.0632962e-08 7.0512715e-05 2.3219849e-02
1.5195195e+00 6.5505855e-08 6.7204365e-05 2.3230727e-02
1.5225225e+00 6.0831004e-08 6.4401566e-05 2.3326843e-02
1.5255255e+00 5.6454123e-08 6.1209799e-05 2.3301417e-02
1.5285285e+00 5.2287056e-08 5.8527649e-05 2.3253510e-02
1.5315315e+00 4.8429712e-08 5.5800184e-05 2.3262800e-02
1.5345345e+00 4.4874472e-08 5.2997780e-05 2.3311048e-02
1.5375375e+00 4.1603733e-08 5.0392675e-05 2.3356302e-02
1.5405405e+00 3.8599640e-08 4.7897236e-05 2.3386217e-02
1.5435435e+00 3.5759887e-08 4.5473779e-05 2.3384540e-02
1.5465465e+00 3.3113140e-08 4.3251249e-05 2.3409672e-02
1.5495495e+00 3.0708000e-08 4.1364500e-05 2.3427557e-02
1.5525526e+00 2.8445065e-08 3.9278789e-05 2.3427622e-02
1.5555556e+00 2.6348191e-08 3.7267014e-05 2.3482145e-02
1.5585586e+00 2.4398498e-08 3.5437649e-05 2.3533356e-02
1.5615616e+00 2.2612559e-08 3.3622309e-05 2.3548726e-02
1.5645646e+00 2.0951452e-08 3.1952412e-05 2.3596170e-02
1.5675676e+00 1.9377008e-08 3.0273001e-05 2.3598954e-02
1.5705706e+00 1.7917460e-08 2.8766202e-05 2.3575881e-02
1.5735736e+00 1.6561956e-08 2.7227769e-05 2.3590566e-02
1.5765766e+00 1.5313235e-08 2.5814968e-05 2.3590578e-02
1.5795796e+00 1.4134192e-08 2.4451972e-05 2.3626092e-02
1.5825826e+00 1.3072680e-08 2.3133868e-05 2.3672468e-02
1.5855856e+00 1.2088850e-08 2.1907479e-05 2.3682591e-02
1.5885886e+00 1.1164263e-08 2.0722008e-05 2.3702725e-02
1.5915916e+00 1.0312115e-08 1.9625054e-05 2.3785406e-02
1.5945946e+00 9.5168239e-09 1.8602591e-05 2.3896265e-02
1.5975976e+00 8.7813341e-09 1.7635180e-05 2.3861712e-02
1.6006006e+00 8.1128512e-09 1.6677974e-05 2.3850636e-02
1.6036036e+00 7.4954157e-09 1.5772747e-05 2.3857339e-02
1.6066066e+00 6.9232692e-09 1.4881195e-05 2.3919163e-02
1.6096096e+00 6.3861710e-09 1.4058023e-05 2.3926633e-02
1.6126126e+00 5.8910304e-09 1.3300346e-05 2.3941828e-02
1.6156156e+00 5.4340045e-09 1.2583502e-05 2.3978010e-02
1.6186186e+00 5.0125569e-09 1.1888667e-05 2.3924020e-02
1.6216216e+00 4.6245065e-09 1.1238626e-05 2.3977788e-02
1.6246246e+00 4.2667103e-09 1.0617975e-05 2.3990026e-02
1.6276276e+00 3.9392953e-09 1.0021692e-05 2.4056800e-02
1.6306306e+00 3.6338419e-09 9.4597651e-06 2.4054585e-02
1.6336336e+00 3.3453378e-09 8.9261624e-06 2.4018976e-02
1.6366366e+00 3.0813617e-09 8.4299206e-06 2.4045522e-02
1.6396396e+00 2.8394661e-09 7.9522628e-06 2.4021281e-02
1.6426426e+00 2.6161961e-09 7.4987012e-06 2.4063797e-02
1.6456456e+00 2.4096470e-09 7.0669236e-06 2.4068218e-02
1.6486486e+00 2.2182884e-09 6.6481609e-06 2.4098906e-02
1.6516517e+00 2.0396188e-09 6.2578503e-06 2.4099007e-02
1.6546547e+00 1.8765693e-09 5.8902221e-06 2.4154022e-02
1.6576577e+00 1.7277510e-09 5.5506309e-06 2.4170835e-02
1.6606607e+00 1.5901442e-09 5.2185977e-06 2.4127685e-02
1.6636637e+00 1.4632130e-09 4.9045584e-06 2.4148396e-02
1.6666667e+00 1.3461525e-09 4.6156465e-06 2.4208125e-02
1.6696697e+00 1.2382641e-09 4.3460397e-06 2.4156442e-02
1.6726727e+00 1.1390411e-09 4.0921593e-06 2.4146998e-02
1.6756757e+00 1.0473493e-09 3.8516817e-06 2.4216833e-02
1.6786787e+00 9.6286880e-10 3.6234987e-06 2.4220215e-02
1.6816817e+00 8.8510647e-10 3.4090970e-06 2.4298150e-02
1.6846847e+00 8.1242627e-10 3.2040251e-06 2.4354732e-02
1.6876877e+00 7.4584259e-10 3.0127836e-06 2.4361100e-02
1.6906907e+00 6.8378068e-10 2.8354965e-06 2.4327965e-02
1.6936937e+00 6.2681452e-10 2.6667350e-06 2.4358974e-02
1.6966967e+00 5.7545802e-10 2.5066959e-06 2.4383276e-02
1.6996997e+00 5.2796675e-10 2.3510839e-06 2.4443272e-02
1.7027027e+00 4.8421183e-10 2.2059548e-06 2.4443691e-02
1.7057057e+00 4.4339814e-10 2.0696127e-06 2.4458063e-02
1.7087087e+00 4.0598197e-10 1.9415887e-06 2.4486285e-02
1.7117117e+00 3.7227006e-10 1.8246512e-06 2.4502860e-02
1.7147147e+00 3.4182635e-10 1.7142952e-06 2.4487426e-02
1.7177177e+00 3.1346558e-10 1.6057312e-06 2.4476058e-02
1.7207207e+00 2.8719984e-10 1.5055676e-06 2.4508931e-02
1.7237237e+00 2.6268079e-10 1.4115442e-06 2.4559874e-02
1.7267267e+00 2.4034184e-10 1.3240341e-06 2.4552214e-02
1.7297297e+00 2.2003490e-10 1.2417101e-06 2.4504418e-02
1.7327327e+00 2.0160323e-10 1.1655265e-06 2.4436364e-02
1.7357357e+00 1.8473382e-10 1.0925925e-06 2.4394649e-02
1.7387387e+00 1.6930619e-10 1.0232622e-06 2.4387178e-02
1.7417417e+00 1.5507692e-10 9.5824025e-07 2.4358946e-02
1.7447447e+00 1.4206663e-10 8.9853087e-07 2.4367577e-02
1.7477477e+00 1.3004894e-10 8.4234078e-07 2.4346204e-02
1.7507508e+00 1.1891780e-10 7.8767190e-07 2.4339267e-02
1.7537538e+00 1.0883975e-10 7.3751331e-07 2.4329647e-02
1.7567568e+00 9.9558364e-11 6.9117142e-07 2.4349523e-02
1.7597598e+00 9.1013159e-11 6.4761380e-07 2.4318836e-02
1.7627628e+00 8.3171045e-11 6.0668161e-07 2.4300058e-02
1.7657658e+00 7.6000074e-11 5.6822453e-07 2.4307253e-02
1.7687688e+00 6.9416004e-11 5.3157466e-07 2.4280121e-02
1.7717718e+00 6.3388407e-11 4.9564950e-07 2.4289168e-02
1.7747748e+00 5.7833383e-11 4.6263806e-07 2.4253396e-02
1.7777778e+00 5.2757973e-11 4.3246384e-07 2.4222058e-02
1.7807808e+00 4.8186369e-11 4.0423718e-07 2.4187442e-02
1.7837838e+00 4.4031269e-11 3.7794949e-07 2.4128337e-02
1.7867868e+00 4.0191237e-11 3.5335470e-07 2.4127520e-02
1.7897898e+00 3.6667598e-11 3.3027859e-07 2.4018248e-02
1.7927928e+00 3.3449294e-11 3.0847880e-07 2.4024541e-02
1.7957958e+00 3.0522457e-11 2.8824617e-07 2.3978926e-02
1.7987988e+00 2.7812818e-11 2.6926572e-07 2.3991041e-02
1.8018018e+00 2.5371011e-11 2.5144714e-07 2.3943076e-02
1.8048048e+00 2.3154434e-11 2.3469953e-07 2.3809137e-02
1.8078078e+00 2.1097652e-11 2.1888977e-07 2.3705029e-02
1.8108108e+00 1.9233910e-11 2.0423737e-07 2.3687766e-02
1.8138138e+00 1.7541488e-11 1.9049092e-07 2.3630483e-02
1.8168168e+00 1.5976737e-11 1.7746219e-07 2.3628576e-02
1.8198198e+00 1.4531314e-11 1.6529198e-07 2.3609833e-02
1.8228228e+00 1.3220744e-11 1.5385943e-07 2.3542660e-02
1.8258258e+00 1.2029050e-11 1.4331341e-07 2.3503333e-02
1.8288288e+00 1.0947196e-11 1.3351139e-07 2.3571940e-02
1.8318318e+00 9.9551960e-12 1.2449771e-07 2.3472347e-02
1.8348348e+00 9.0515414e-12 1.1598819e-07 2.3419244e-02
1.8378378e+00 8.2343956e-12 1.0798618e-07 2.3386577e-02
1.8408408e+00 7.4922797e-12 1.0038515e-07 2.3343231e-02
1.8438438e+00 6.8171338e-12 9.3300804e-08 2.3254405e-02
1.8468468e+00 6.1928151e-12 8.6795970e-08 2.3206808e-02
1.8498498e+00 5.6272626e-12 8.0838555e-08 2.3100976e-02
1.8528529e+00 5.1045365e-12 7.5251264e-08 2.3069179e-02
1.8558559e+00 4.6369819e-12 6.9929082e-08 2.3061704e-02
1.8588589e+00 4.2145217e-12 6.5050101e-08 2.2997754e-02
1.8618619e+00 3.8302879e-12 6.0448760e-08 2.2896416e-02
1.8648649e+00 3.4767262e-12 5.6186482e-08 2.2827924e-02
1.8678679e+00 3.1577393e-12 5.2183849e-08 2.2778636e-02
1.8708709e+00 2.8672353e-12 4.8481604e-08 2.2675798e-02
1.8738739e+00 2.6039322e-12 4.4974498e-08 2.2573678e-02
1.8768769e+00 2.3624242e-12 4.1699571e-08 2.2514482e-02
1.8798799e+00 2.1417433e-12 3.8650311e-08 2.2412204e-02
1.8828829e+00 1.9414684e-12 3.5817036e-08 2.2387105e-02
1.8858859e+00 1.7596956e-12 3.3206520e-08 2.2302964e-02
1.8888889e+00 1.5965573e-12 3.0821329e-08 2.2251743e-02
1.8918919e+00 1.4468323e-12 2.8589617e-08 2.2180421e-02
1.8948949e+00 1.3110026e-12 2.6509025e-08 2.2089747e-02
1.8978979e+00 1.1873407e-12 2.4608218e-08 2.2013363e-02
1.9009009e+00 1.0751430e-12 2.2824490e-08 2.1839751e-02
1.9039039e+00 9.7357172e-13 2.1164029e-08 2.1730427e-02
1.9069069e+00 8.8136686e-13 1.9619834e-08 2.1665748e-02
1.9099099e+00 7.9791204e-13 1.8179422e-08 2.1516362e-02
1.9129129e+00 7.2256575e-13 1.6852427e-08 2.1350200e-02
1.9159159e+00 6.5326877e-13 1.5615257e-08 2.1229061e-02
1.9189189e+00 5.9067703e-13 1.4465117e-08 2.1202473e-02
1.9219219e+00 5.3403400e-13 1.3391780e-08 2.1098606e-02
1.9249249e+00 4.8288214e-13 1.2406864e-08 2.0943405e-02
1.9279279e+00 4.3660229e-13 1.1484739e-08 2.0864726e-02
1.9309309e+00 3.9467413e-13 1.0629066e-08 2.0745199e-02
1.9339339e+00 3.5670566e-13 9.8320230e-09 2.0610718e-02
1.9369369e+00 3.2238397e-13 9.0800799e-09 2.0532707e-02
1.9399399e+00 2.9113681e-13 8.3840000e-09 2.0358635e-02
1.9429429e+00 2.6320537e-13 7.7557296e-09 2.0177371e-02
1.9459459e+00 2.3777199e-13 7.1770844e-09 2.0010294e-02
1.9489489e+00 2.1483382e-13 6.6403037e-09 1.9861914e-02
1.9519520e+00 1.9409497e-13 6.1301543e-09 1.9655996e-02
1.9549550e+00 1.7532879e-13 5.6584407e-09 1.9488614e-02
1.9579580e+00 1.5817368e-13 5.2276388e-09 1.9321329e-02
1.9609610e+00 1.4256660e-13 4.8286876e-09 1.9119776e-02
1.9639640e+00 1.2864485e-13 4.4566994e-09 1.8866937e-02
1.9669670e+00 1.1609018e-13 4.1114444e-09 1.8663897e-02
1.9699700e+00 1.0474251e-13 3.7916586e-09 1.8538519e-02
1.9729730e+00 9.4501307e-14 3.4910650e-09 1.8335732e-02
1.9759760e+00 8.5233517e-14 3.2195896e-09 1.8181135e-02
1.9789790e+00 7.6844455e-14 2.9703423e-09 1.7945528e-02
1.9819820e+00 6.9270503e-14 2.7374119e-09 1.7715031e-02
1.9849850e+00 6.2437616e-14 2.5236780e-09 1.7476939e-02
1.9879880e+00 5.6156906e-14 2.3253673e-09 1.7350992e-02
1.9909910e+00 5.0481907e-14 2.1436432e-09 1.7083715e-02
1.9939940e+00 4.5456683e-14 1.9757324e-09 1.6877895e-02
1.9969970e+00 4.0932147e-14 1.8198203e-09 1.6665498e-02
2.0000000e+00 3.6851508e-14 1.6752129e-09 1.6432498e-02
2.0030030e+00 3.3145686e-14 1.5428541e-09 1.6173561e-02
2.0060060e+00 2.9816180e-14 1.4208779e-09 1.5916214e-02
2.0090090e+00 2.6791385e-14 1.3079682e-09 1.5710569e-02
2.0120120e+00 2.4077314e-14 1.2025417e-09 1.5514955e-02
2.0150150e+00 2.1655508e-14 1.1059952e-09 1.5271691e-02
2.0180180e+00 1.9463652e-14 1.0174866e-09 1.5030183e-02
2.0210210e+00 1.7503223e-14 9.3632434e-10 1.4752610e-02
2.0240240e+00 1.5733073e-14 8.6051507e-10 1.4498904e-02
2.0270270e+00 1.4140953e-14 7.9083700e-10 1.4248439e-02
2.0300300e+00 1.2710693e-14 7.2712154e-10 1.3993766e-02
2.0330330e+00 1.1412596e-14 6.6782775e-10 1.3706843e-02
2.0360360e+00 1.0247669e-14 6.1352271e-10 1.3430749e-02
2.0390390e+00 9.1914990e-15 5.6352335e-10 1.3125999e-02
2.0420420e+00 8.2411468e-15 5.1774116e-10 1.2868022e-02
2.0450450e+00 7.3878342e-15 4.7596517e-10 1.2595384e-02
2.0480480e+00 6.6223325e-15 4.3747380e-10 1.2311089e-02
2.0510511e+00 5.9365007e-15 4.0201596e-10 1.2074457e-02
2.0540541e+00 5.3218902e-15 3.6906404e-10 1.1809226e-02
2.0570571e+00 4.7691140e-15 3.3874642e-10 1.1577577e-02
2.0600601e+00 4.2779484e-15 3.1093307e-10 1.1372289e-02
2.0630631e+00 3.8373050e-15 2.8550489e-10 1.1153333e-02
2.0660661e+00 3.4414403e-15 2.6210456e-10 1.0874971e-02
2.0690691e+00 3.0859983e-15 2.4036253e-10 1.0660910e-02
2.0720721e+00 2.7622145e-15 2.2030037e-10 1.0417725e-02
2.0750751e+00 2.4719179e-15 2.0187385e-10 1.0180164e-02
2.0780781e+00 2.2116969e-15 1.8514590e-10 9.9430747e-03
2.0810811e+00 1.9784819e-15 1.6966871e-10 9.7129621e-03
2.0840841e+00 1.7695118e-15 1.5538023e-10 9.5031808e-03
2.0870871e+00 1.5823033e-15 1.4226861e-10 9.2909304e-03
2.0900901e+00 1.4146237e-15 1.3024137e-10 9.0887588e-03
2.0930931e+00 1.2644656e-15 1.1931794e-10 8.8681335e-03
2.0960961e+00 1.1300248e-15 1.0923220e-10 8.6413468e-03
2.0990991e+00 1.0098445e-15 1.0005726e-10 8.4207353e-03
2.1021021e+00 9.0272294e-16 9.1592464e-11 8.2048156e-03
2.1051051e+00 8.0722420e-16 8.3773713e-11 7.9919831e-03
2.1081081e+00 7.2111659e-16 7.6586481e-11 7.7899170e-03
2.1111111e+00 6.4415831e-16 7.0094869e-11 7.5904481e-03
2.1141141e+00 5.7539785e-16 6.4145353e-11 7.4101856e-03
2.1171171e+00 5.1388404e-16 5.8673287e-11 7.2138058e-03
2.1201201e+00 4.5887481e-16 5.3577980e-11 7.0273314e-03
2.1231231e+00 4.0978433e-16 4.8921729e-11 6.8248098e-03
2.1261261e+00 3.6616153e-16 4.4695509e-11 6.6442484e-03
2.1291291e+00 3.2695828e-16 4.0844378e-11 6.4782495e-03
2.1321321e+00 2.9144463e-16 3.7332975e-11 6.3156246e-03
2.1351351e+00 2.5976255e-16 3.4116721e-11 6.1476188e-03
2.1381381e+00 2.3166181e-16 3.1171405e-11 5.9936293e-03
2.1411411e+00 2.0646657e-16 2.8471090e-11 5.8322674e-03
2.1441441e+00 1.8405562e-16 2.5983444e-11 5.6735653e-03
2.1471471e+00 1.6413225e-16 2.3698028e-11 5.5167426e-03
2.1501502e+00 1.4631742e-16 2.1604846e-11 5.3556030e-03
2.1531532e+00 1.3042650e-16 1.9705459e-11 5.2010738e-03
2.1561562e+00 1.1630953e-16 1.7972855e-11 5.0622638e-03
2.1591592e+00 1.0357203e-16 1.6388045e-11 4.9112900e-03
2.1621622e+00 9.2166244e-17 1.4938454e-11 4.7645125e-03
2.1651652e+00 8.2077176e-17 1.3607414e-11 4.6295353e-03
2.1681682e+00 7.3079789e-17 1.2384502e-11 4.4968981e-03
2.1711712e+00 6.5032094e-17 1.1280190e-11 4.3653349e-03
2.1741742e+00 5.7823922e-17 1.0274268e-11 4.2398023e-03
2.1771772e+00 5.1455629e-17 9.3501626e-12 4.1167879e-03
2.1801802e+00 4.5755914e-17 8.5129781e-12 3.9970268e-03
2.1831832e+00 4.0673167e-17 7.7492288e-12 3.8841006e-03
2.1861862e+00 3.6147491e-17 7.0526132e-12 3.7701476e-03
2.1891892e+00 3.2102185e-17 6.4173578e-12 3.6615803e-03
2.1921922e+00 2.8524560e-17 5.8381743e-12 3.5525872e-03
2.1951952e+00 2.5350270e-17 5.3113468e-12 3.4473073e-03
2.1981982e+00 2.2517748e-17 4.8298309e-12 3.3425811e-03
2.2012012e+00 2.0001702e-17 4.3911065e-12 3.2367551e-03
2.2042042e+00 1.7770903e-17 3.9914507e-12 3.1328592e-03
2.2072072e+00 1.5785820e-17 3.6284010e-12 3.0268163e-03
2.2102102e+00 1.4019738e-17 3.2993756e-12 2.9293502e-03
2.2132132e+00 1.2440149e-17 2.9981501e-12 2.8339319e-03
2.2162162e+00 1.1033645e-17 2.7252006e-12 2.7399188e-03
2.2192192e+00 9.7842632e-18 2.4752418e-12 2.6460488e-03
2.2222222e+00 8.6748673e-18 2.2471377e-12 2.5568795e-03
2.2252252e+00 7.6901770e-18 2.0413464e-12 2.4689325e-03
2.2282282e+00 6.8178414e-18 1.8535489e-12 2.3900687e-03
2.2312312e+00 6.0438934e-18 1.6812673e-12 2.3140748e-03
2.2342342e+00 5.3564510e-18 1.5241075e-12 2.2377364e-03
2.2372372e+00 4.7458239e-18 1.3810827e-12 2.1637878e-03
2.2402402e+00 4.2039823e-18 1.2524449e-12 2.0914676e-03
2.2432432e+00 3.7232733e-18 1.1355928e-12 2.0188895e-03
2.2462462e+00 3.2972223e-18 1.0293237e-12 1.9496540e-03
2.2492492e+00 2.9197668e-18 9.3227349e-13 1.8807696e-03
2.2522523e+00 2.5853671e-18 8.4461512e-13 1.8162163e-03
2.2552553e+00 2.2900055e-18 7.6521039e-13 1.7527041e-03
2.2582583e+00 2.0276801e-18 6.9313440e-13 1.6915070e-03
2.2612613e+00 1.7922105e-18 6.2772387e-13 1.6350100e-03
2.2642643e+00 1.5857832e-18 5.6837429e-13 1.5785035e-03
2.2672673e+00 1.4028560e-18 5.1440157e-13 1.5216323e-03
2.2702703e+00 1.2389629e-18 4.6526251e-13 1.4669422e-03
2.2732733e+00 1.0949643e-18 4.2073458e-13 1.4118735e-03
2.2762763e+00 9.6817963e-19 3.8039320e-13 1.3595918e-03
2.2792793e+00 8.5601664e-19 3.4408363e-13 1.3080306e-03
2.2822823e+00 7.5690690e-19 3.1118079e-13 1.2608312e-03
2.2852853e+00 6.6926767e-19 2.8136893e-13 1.2116816e-03
2.2882883e+00 5.9149540e-19 2.5436308e-13 1.1670784e-03
2.2912913e+00 5.2222886e-19 2.2990403e-13 1.1234440e-03
2.2942943e+00 4.6100039e-19 2.0775605e-13 1.0822102e-03
2.2972973e+00 4.0701683e-19 1.8758793e-13 1.0418960e-03
2.3003003e+00 3.5922013e-19 1.6927608e-13 1.0043690e-03
2.3033033e+00 3.1708520e-19 1.5281209e-13 9.6543311e-04
2.3063063e+00 2.7985784e-19 1.3793356e-13 9.2840823e-04
2.3093093e+00 2.4695301e-19 1.2445878e-13 8.9152587e-04
2.3123123e+00 2.1787455e-19 1.1226036e-13 8.5860657e-04
2.3153153e+00 1.9203181e-19 1.0125885e-13 8.2582937e-04
2.3183183e+00 1.6914252e-19 9.1358982e-14 7.9236187e-04
2.3213213e+00 1.4915105e-19 8.2377945e-14 7.6121287e-04
2.3243243e+00 1.3152013e-19 7.4214070e-14 7.3043179e-04
2.3273273e+00 1.1596033e-19 6.6846131e-14 7.0241051e-04
2.3303303e+00 1.0222134e-19 6.0182912e-14 6.7414210e-04
2.3333333e+00 9.0057772e-20 5.4203706e-14 6.4668613e-04
2.3363363e+00 7.9215800e-20 4.8827520e-14 6.2165893e-04
2.3393393e+00 6.9771933e-20 4.3972553e-14 5.9692643e-04
2.3423423e+00 6.1461885e-20 3.9584613e-14 5.7227342e-04
2.3453453e+00 5.4115943e-20 3.5627512e-14 5.4970772e-04
2.3483483e+00 4.7619573e-20 3.2070077e-14 5.2795485e-04
2.3513514e+00 4.1909651e-20 2.8871466e-14 5.0567506e-04
2.3543544e+00 3.6862641e-20 2.5989469e-14 4.8510776e-04
2.3573574e+00 3.2408872e-20 2.3388486e-14 4.6470231e-04
2.3603604e+00 2.8507203e-20 2.1043424e-14 4.4548692e-04
2.3633634e+00 2.5073167e-20 1.8929767e-14 4.2734201e-04
2.3663664e+00 2.2048485e-20 1.7025062e-14 4.0904738e-04
2.3693694e+00 1.9382440e-20 1.5308995e-14 3.9130973e-04
2.3723724e+00 1.7031578e-20 1.3757359e-14 3.7467582e-04
2.3753754e+00 1.4946637e-20 1.2357350e-14 3.5911419e-04
2.3783784e+00 1.3114347e-20 1.1101103e-14 3.4415754e-04
2.3813814e+00 1.1504411e-20 9.9706105e-15 3.2879578e-04
2.3843844e+00 1.0090363e-20 8.9534869e-15 3.1500897e-04
2.3873874e+00 8.8502911e-21 8.0385458e-15 3.0182764e-04
2.3903904e+00 7.7645767e-21 7.2156858e-15 2.8844272e-04
2.3933934e+00 6.8142585e-21 6.4751315e-15 2.7613145e-04
2.3963964e+00 5.9790793e-21 5.8026995e-15 2.6393471e-04
2.3993994e+00 5.2459513e-21 5.1990739e-15 2.5232729e-04
2.4024024e+00 4.6024122e-21 4.6579795e-15 2.4144402e-04
2.4054054e+00 4.0352975e-21 4.1732717e-15 2.3090745e-04
2.4084084e+00 3.5345900e-21 3.7382669e-15 2.2095481e-04
2.4114114e+00 3.0960457e-21 3.3479464e-15 2.1138948e-04
2.4144144e+00 2.7139341e-21 2.9997495e-15 2.0188935e-04
2.4174174e+00 2.3785149e-21 2.6888254e-15 1.9256919e-04
2.4204204e+00 2.0814706e-21 2.4096544e-15 1.8349525e-04
2.4234234e+00 1.8207096e-21 2.1590439e-15 1.7499592e-04
2.4264264e+00 1.5935020e-21 1.9341170e-15 1.6688193e-04
2.4294294e+00 1.3957962e-21 1.7320080e-15 1.5942945e-04
2.4324324e+00 1.2223791e-21 1.5503943e-15 1.5225644e-04
2.4354354e+00 1.0702972e-21 1.3875518e-15 1.4525312e-04
2.4384384e+00 9.3661363e-22 1.2415696e-15 1.3830164e-04
2.4414414e+00 8.1942148e-22 1.1107280e-15 1.3185335e-04
2.4444444e+00 7.1547457e-22 9.9348008e-16 1.2586208e-04
2.4474474e+00 6.2541374e-22 8.8821535e-16 1.2011937e-04
2.4504505e+00 5.4666031e-22 7.9363238e-16 1.1461608e-04
2.4534535e+00 4.7734828e-22 7.0962854e-16 1.0934337e-04
2.4564565e+00 4.1682533e-22 6.3439170e-16 1.0426839e-04
2.4594595e+00 3.6429621e-22 5.6702032e-16 9.9377771e-05
2.4624625e+00 3.1832659e-22 5.0670416e-16 9.4684439e-05
2.4654655e+00 2.7811840e-22 4.5271516e-16 9.0016758e-05
2.4684685e+00 2.4287538e-22 4.0439923e-16 8.5539662e-05
2.4714715e+00 2.1179519e-22 3.6116888e-16 8.1317322e-05
2.4744745e+00 1.8458027e-22 3.2249652e-16 7.7422892e-05
2.4774775e+00 1.6085095e-22 2.8792138e-16 7.3741789e-05
2.4804805e+00 1.4023364e-22 2.5700223e-16 7.0157186e-05
2.4834835e+00 1.2237459e-22 2.2935832e-16 6.6542463e-05
2.4864865e+00 1.0677245e-22 2.0464764e-16 6.3197661e-05
2.4894895e+00 9.3141237e-23 1.8256337e-16 6.0068885e-05
2.4924925e+00 8.1182965e-23 1.6283027e-16 5.7113148e-05
2.4954955e+00 7.0766901e-23 1.4520157e-16 5.4238956e-05
2.4984985e+00 6.1667134e-23 1.2945597e-16 5.1457658e-05
2.5015015e+00 5.3732484e-23 1.1542945e-16 4.8846222e-05
2.5045045e+00 4.6795302e-23 1.0288001e-16 4.6438595e-05
2.5075075e+00 4.0768703e-23 9.1632574e-17 4.4130773e-05
2.5105105e+00 3.5477571e-23 8.1598817e-17 4.1921382e-05
2.5135135e+00 3.0865901e-23 7.2652599e-17 3.9762587e-05
2.5165165e+00 2.6850275e-23 6.4737388e-17 3.7690168e-05
2.5195195e+00 2.3374690e-23 5.7647926e-17 3.5786297e-05
2.5225225e+00 2.0346529e-23 5.1299424e-17 3.3967484e-05
2.5255255e+00 1.7707175e-23 4.5631988e-17 3.2191065e-05
2.5285285e+00 1.5407164e-23 4.0583338e-17 3.0478466e-05
2.5315315e+00 1.3403631e-23 3.6092787e-17 2.8872056e-05
2.5345345e+00 1.1659662e-23 3.2092817e-17 2.7360938e-05
2.5375375e+00 1.0139632e-23 2.8535168e-17 2.5894096e-05
2.5405405e+00 8.8029097e-24 2.5385943e-17 2.4536036e-05
2.5435435e+00 7.6409090e-24 2.2570852e-17 2.3238357e-05
2.5465465e+00 6.6330557e-24 2.0059910e-17 2.1984577e-05
2.5495495e+00 5.7540831e-24 1.7822109e-17 2.0762188e-05
2.5525526e+00 4.9911123e-24 1.5828173e-17 1.9626100e-05
2.5555556e+00 4.3347455e-24 1.4054560e-17 1.8574239e-05
2.5585586e+00 3.7647741e-24 1.2477238e-17 1.7557984e-05
2.5615616e+00 3.2691037e-24 1.1074762e-17 1.6627134e-05
2.5645646e+00 2.8381341e-24 9.8234654e-18 1.5743711e-05
2.5675676e+00 2.4634945e-24 8.7164904e-18 1.4903598e-05
2.5705706e+00 2.1378869e-24 7.7346124e-18 1.4089328e-05
2.5735736e+00 1.8534420e-24 6.8619891e-18 1.3290321e-05
2.5765766e+00 1.6070908e-24 6.0877724e-18 1.2534179e-05
2.5795796e+00 1.3924382e-24 5.4019834e-18 1.1815795e-05
2.5825826e+00 1.2058533e-24 4.7909738e-18 1.1134849e-05
2.5855856e+00 1.0441533e-24 4.2473134e-18 1.0491080e-05
2.5885886e+00 9.0395887e-25 3.7666189e-18 9.8972397e-06
2.5915916e+00 7.8265709e-25 3.3382561e-18 9.3505146e-06
2.5945946e+00 6.7769489e-25 2.9575855e-18 8.8322558e-06
2.5975976e+00 5.8635659e-25 2.6198083e-18 8.3410835e-06
2.6006006e+00 5.0722925e-25 2.3213108e-18 7.8756788e-06
2.6036036e+00 4.3870743e-25 2.0565601e-18 7.4347817e-06
2.6066066e+00 3.7952281e-25 1.8206270e-18 7.0131611e-06
2.6096096e+00 3.2821585e-25 1.6109683e-18 6.6074684e-06
2.6126126e+00 2.8370781e-25 1.4251735e-18 6.2240213e-06
2.6156156e+00 2.4518749e-25 1.2605592e-18 5.8664756e-06
2.6186186e+00 2.1186956e-25 1.1147397e-18 5.5345619e-06
2.6216216e+00 1.8312164e-25 9.8559485e-19 5.2190813e-06
2.6246246e+00 1.5819120e-25 8.7144323e-19 4.9200412e-06
2.6276276e+00 1.3662637e-25 7.7082979e-19 4.6372243e-06
2.6306306e+00 1.1806846e-25 6.8169837e-19 4.3654183e-06
2.6336336e+00 1.0200378e-25 6.0249276e-19 4.1065165e-06
2.6366366e+00 8.8050454e-26 5.3231185e-19 3.8678910e-06
2.6396396e+00 7.6029763e-26 4.7021339e-19 3.6439642e-06
2.6426426e+00 6.5646101e-26 4.1527752e-19 3.4323247e-06
2.6456456e+00 5.6681267e-26 3.6668776e-19 3.2323398e-06
2.6486486e+00 4.8931090e-26 3.2371958e-19 3.0431798e-06
2.6516517e+00 4.2232323e-26 2.8573015e-19 2.8637162e-06
2.6546547e+00 3.6443475e-26 2.5214929e-19 2.6932784e-06
2.6576577e+00 3.1441938e-26 2.2247130e-19 2.5316660e-06
2.6606607e+00 2.7103275e-26 1.9633049e-19 2.3815037e-06
2.6636637e+00 2.3353494e-26 1.7325118e-19 2.2375849e-06
2.6666667e+00 2.0118546e-26 1.5285478e-19 2.0995918e-06
2.6696697e+00 1.7336821e-26 1.3483301e-19 1.9674685e-06
2.6726727e+00 1.4941561e-26 1.1891258e-19 1.8456139e-06
2.6756757e+00 1.2874697e-26 1.0485129e-19 1.7328116e-06
2.6786787e+00 1.1091679e-26 9.2434504e-20 1.6252979e-06
2.6816817e+00 9.5477662e-27 8.1419156e-20 1.5241555e-06
2.6846847e+00 8.2110746e-27 7.1687862e-20 1.4290264e-06
2.6876877e+00 7.0606358e-27 6.3119172e-20 1.3395714e-06
2.6906907e+00 6.0769441e-27 5.5600299e-20 1.2566915e-06
2.6936937e+00 5.2292743e-27 4.8967433e-20 1.1796672e-06
2.6966967e+00 4.4990763e-27 4.3112651e-20 1.1069407e-06
2.6996997e+00 3.8710834e-27 3.7910522e-20 1.0379881e-06
2.7027027e+00 3.3300923e-27 3.3329579e-20 9.7314107e-07
2.7057057e+00 2.8641421e-27 2.9296444e-20 9.1226808e-07
2.7087087e+00 2.4629037e-27 2.5746312e-20 8.5465316e-07
2.7117117e+00 2.1174582e-27 2.2632558e-20 7.9910902e-07
2.7147147e+00 1.8201066e-27 1.9903515e-20 7.4694360e-07
2.7177177e+00 1.5642039e-27 1.7486668e-20 6.9957942e-07
2.7207207e+00 1.3440161e-27 1.5360277e-20 6.5380659e-07
2.7237237e+00 1.1545962e-27 1.3489806e-20 6.1227602e-07
2.7267267e+00 9.9167721e-28 1.1844781e-20 5.7265452e-07
2.7297297e+00 8.5119493e-28 1.0398317e-20 5.3600097e-07
2.7327327e+00 7.2996645e-28 9.1252615e-21 5.0181476e-07
2.7357357e+00 6.2588036e-28 8.0075229e-21 4.6883552e-07
2.7387387e+00 5.3655719e-28 7.0253154e-21 4.3877881e-07
2.7417417e+00 4.6030679e-28 6.1589017e-21 4.1056806e-07
2.7447447e+00 3.9481471e-28 5.4014530e-21 3.8409537e-07
2.7477477e+00 3.3857417e-28 4.7362282e-21 3.5918611e-07
2.7507508e+00 2.9028788e-28 4.1527929e-21 3.3562546e-07
2.7537538e+00 2.4859373e-28 3.6399080e-21 3.1348156e-07
2.7567568e+00 2.1268383e-28 3.1882444e-21 2.9268003e-07
2.7597598e+00 1.8192547e-28 2.7914587e-21 2.7353619e-07
2.7627628e+00 1.5560413e-28 2.4448717e-21 2.5541917e-07
2.7657658e+00 1.3307594e-28 2.1415106e-21 2.3861794e-07
2.7687688e+00 1.1385261e-28 1.8754222e-21 2.2273365e-07
2.7717718e+00 9.7461583e-29 1.6420735e-21 2.0800003e-07
2.7747748e+00 8.3415592e-29 1.4374767e-21 1.9420274e-07
2.7777778e+00 7.1330973e-29 1.2581248e-21 1.8128492e-07
2.7807808e+00 6.0965221e-29 1.1009341e-21 1.6919300e-07
2.7837838e+00 5.2095591e-29 9.6319365e-22 1.5787649e-07
2.7867868e+00 4.4557724e-29 8.4252072e-22 1.4728786e-07
2.7897898e+00 3.8103622e-29 7.3682145e-22 1.3734972e-07
2.7927928e+00 3.2585063e-29 6.4465988e-22 1.2808719e-07
2.7957958e+00 2.7851663e-29 5.6393968e-22 1.1928061e-07
2.7987988e+00 2.3780720e-29 4.9322949e-22 1.1099683e-07
2.8018018e+00 2.0300814e-29 4.3130035e-22 1.0322039e-07
2.8048048e+00 1.7327825e-29 3.7694370e-22 9.6018730e-08
2.8078078e+00 1.4800108e-29 3.2931754e-22 8.9310452e-08
2.8108108e+00 1.2639928e-29 2.8765222e-22 8.3157731e-08
2.8138138e+00 1.0790914e-29 2.5120893e-22 7.7417396e-08
2.8168168e+00 9.2109410e-30 2.1933953e-22 7.2008199e-08
2.8198198e+00 7.8597487e-30 1.9147551e-22 6.6925146e-08
2.8228228e+00 6.7054522e-30 1.6711832e-22 6.2188674e-08
2.8258258e+00 5.7195548e-30 1.4583084e-22 5.7776052e-08
2.8288288e+00 4.8740859e-30 1.2722990e-22 5.3641628e-08
2.8318318e+00 4.1512836e-30 1.1097968e-22 4.9842413e-08
2.8348348e+00 3.5352852e-30 9.6785932e-23 4.6329010e-08
2.8378378e+00 3.0104183e-30 8.4390877e-23 4.2987132e-08
2.8408408e+00 2.5629725e-30 7.3568730e-23 3.9956695e-08
2.8438438e+00 2.1816032e-30 6.4121770e-23 3.7135340e-08
2.8468468e+00 1.8566169e-30 5.5876891e-23 3.4496710e-08
2.8498498e+00 1.5797324e-30 4.8682566e-23 3.2013460e-08
2.8528529e+00 1.3438768e-30 4.2406182e-23 2.9689601e-08
2.8558559e+00 1.1430102e-30 3.6931707e-23 2.7554433e-08
2.8588589e+00 9.7247447e-31 3.2157633e-23 2.5572866e-08
2.8618619e+00 8.2745749e-31 2.7995179e-23 2.3696220e-08
2.8648649e+00 7.0400583e-31 2.4366712e-23 2.1942290e-08
2.8678679e+00 5.9885493e-31 2.1204356e-23 2.0354476e-08
2.8708709e+00 5.0947581e-31 1.8448784e-23 1.8861609e-08
2.8738739e+00 4.3335138e-31 1.6050610e-23 1.7453943e-08
2.8768769e+00 3.6852866e-31 1.3966086e-23 1.6133125e-08
2.8798799e+00 3.1334072e-31 1.2149888e-23 1.4909327e-08
2.8828829e+00 2.6636483e-31 1.0567790e-23 1.3813287e-08
2.8858859e+00 2.2638696e-31 9.1889153e-24 1.2798262e-08
2.8888889e+00 1.9237136e-31 7.9853189e-24 1.1846361e-08
2.8918919e+00 1.6343455e-31 6.9380074e-24 1.0958336e-08
2.8948949e+00 1.3882313e-31 6.0257182e-24 1.0140857e-08
2.8978979e+00 1.1788938e-31 5.2318740e-24 9.3811437e-09
2.9009009e+00 9.9949471e-32 4.5417201e-24 8.6654600e-09
2.9039039e+00 8.4722934e-32 3.9418318e-24 8.0120492e-09
2.9069069e+00 7.1801938e-32 3.4205067e-24 7.4150284e-09
2.9099099e+00 6.0858150e-32 2.9675458e-24 6.8610494e-09
2.9129129e+00 5.1601717e-32 2.5740624e-24 6.3455208e-09
2.9159159e+00 4.3744601e-32 2.2311905e-24 5.8675737e-09
2.9189189e+00 3.7076580e-32 1.9331104e-24 5.4237989e-09
2.9219219e+00 3.1418813e-32 1.6751446e-24 5.0101814e-09
2.9249249e+00 2.6619186e-32 1.4518783e-24 4.6309755e-09
2.9279279e+00 2.2548345e-32 1.2583403e-24 4.2725376e-09
2.9309309e+00 1.9099420e-32 1.0910210e-24 3.9439026e-09
2.9339339e+00 1.6176599e-32 9.4576331e-25 3.6435077e-09
2.9369369e+00 1.3697322e-32 8.1966890e-25 3.3645062e-09
2.9399399e+00 1.1592951e-32 7.0992085e-25 3.1043396e-09
2.9429429e+00 9.8099497e-33 6.1460826e-25 2.8654958e-09
2.9459459e+00 8.2995393e-33 5.3185368e-25 2.6418415e-09
2.9489489e+00 7.0202992e-33 4.6015095e-25 2.4376935e-09
2.9519520e+00 5.9370635e-33 3.9803647e-25 2.2456419e-09
2.9549550e+00 5.0199824e-33 3.4437006e-25 2.0716016e-09
2.9579580e+00 4.2437239e-33 2.9790783e-25 1.9101617e-09
2.9609610e+00 3.5867944e-33 2.5766351e-25 1.7590501e-09
2.9639640e+00 3.0309605e-33 2.2281192e-25 1.6195356e-09
2.9669670e+00 2.5612671e-33 1.9263641e-25 1.4908438e-09
2.9699700e+00 2.1646600e-33 1.6651480e-25 1.3736406e-09
2.9729730e+00 1.8292608e-33 1.4396671e-25 1.2650985e-09
2.9759760e+00 1.5455905e-33 1.2436336e-25 1.1642982e-09
2.9789790e+00 1.3052525e-33 1.0740670e-25 1.0702981e-09
2.9819820e+00 1.1014454e-33 9.2743811e-26 9.8402637e-10
2.9849850e+00 9.2988369e-34 8.0066916e-26 9.0438141e-10
2.9879880e+00 7.8489012e-34 6.9109202e-26 8.3101900e-10
2.9909910e+00 6.6201997e-34 5.9639402e-26 7.6332227e-10
2.9939940e+00 5.5794057e-34 5.1441061e-26 7.0155824e-10
2.9969970e+00 4.7017160e-34 4.4342174e-26 6.4437559e-10
3.0000000e+00 3.9613146e-34 3.8235003e-26 5.9163865e-10
