X KDE_INF KDE_MED KDE_SUP
0.0000000e+00 6.8439147e-01 7.3007801e-01 7.7434615e-01
3.0030030e-03 6.9184969e-01 7.3746412e-01 7.8167891e-01
6.0060060e-03 6.9926229e-01 7.4487004e-01 7.8891187e-01
9.0090090e-03 7.0666082e-01 7.5213550e-01 7.9608394e-01
1.2012012e-02 7.1404339e-01 7.5939103e-01 8.0327612e-01
1.5015015e-02 7.2136579e-01 7.6656911e-01 8.1035018e-01
1.8018018e-02 7.2860927e-01 7.7370754e-01 8.1733030e-01
2.1021021e-02 7.3576301e-01 7.8080850e-01 8.2426440e-01
2.4024024e-02 7.4288157e-01 7.8784901e-01 8.3105286e-01
2.7027027e-02 7.4993000e-01 7.9481783e-01 8.3780722e-01
3.0030030e-02 7.5702509e-01 8.0165080e-01 8.4433428e-01
3.3033033e-02 7.6393623e-01 8.0849449e-01 8.5092775e-01
3.6036036e-02 7.7086577e-01 8.1526808e-01 8.5739197e-01
3.9039039e-02 7.7767787e-01 8.2190520e-01 8.6377844e-01
4.2042042e-02 7.8447716e-01 8.2849409e-01 8.7006055e-01
4.5045045e-02 7.9113815e-01 8.3501512e-01 8.7624718e-01
4.8048048e-02 7.9766115e-01 8.4139109e-01 8.8225561e-01
5.1051051e-02 8.0423112e-01 8.4766074e-01 8.8819943e-01
5.4054054e-02 8.1066834e-01 8.5384720e-01 8.9415928e-01
5.7057057e-02 8.1702134e-01 8.5997535e-01 8.9986234e-01
6.0060060e-02 8.2327129e-01 8.6607676e-01 9.0549979e-01
6.3063063e-02 8.2938889e-01 8.7194514e-01 9.1098794e-01
6.6066066e-02 8.3547440e-01 8.7768855e-01 9.1651355e-01
6.9069069e-02 8.4141690e-01 8.8334698e-01 9.2190377e-01
7.2072072e-02 8.4729514e-01 8.8892519e-01 9.2718928e-01
7.5075075e-02 8.5308691e-01 8.9438797e-01 9.3230506e-01
7.8078078e-02 8.5876845e-01 8.9973836e-01 9.3727294e-01
8.1081081e-02 8.6426111e-01 9.0501814e-01 9.4210686e-01
8.4084084e-02 8.6969071e-01 9.1006550e-01 9.4685412e-01
8.7087087e-02 8.7513715e-01 9.1506367e-01 9.5138878e-01
9.0090090e-02 8.8032465e-01 9.1993714e-01 9.5593356e-01
9.3093093e-02 8.8536779e-01 9.2464475e-01 9.6028827e-01
9.6096096e-02 8.9031069e-01 9.2925999e-01 9.6444760e-01
9.9099099e-02 8.9518403e-01 9.3372653e-01 9.6843100e-01
1.0210210e-01 8.9997682e-01 9.3815970e-01 9.7237236e-01
1.0510511e-01 9.0460471e-01 9.4237400e-01 9.7621154e-01
1.0810811e-01 9.0905427e-01 9.4655427e-01 9.7984885e-01
1.1111111e-01 9.1338242e-01 9.5050316e-01 9.8337635e-01
1.1411411e-01 9.1757517e-01 9.5431715e-01 9.8677169e-01
1.1711712e-01 9.2167958e-01 9.5798514e-01 9.9004969e-01
1.2012012e-01 9.2557692e-01 9.6144362e-01 9.9303457e-01
1.2312312e-01 9.2936355e-01 9.6476993e-01 9.9601693e-01
1.2612613e-01 9.3305981e-01 9.6801908e-01 9.9880688e-01
1.2912913e-01 9.3655394e-01 9.7104395e-01 1.0014504e+00
1.3213213e-01 9.3980660e-01 9.7399641e-01 1.0039837e+00
1.3513514e-01 9.4299281e-01 9.7680092e-01 1.0063589e+00
1.3813814e-01 9.4601070e-01 9.7951409e-01 1.0086105e+00
1.4114114e-01 9.4888464e-01 9.8199618e-01 1.0107222e+00
1.4414414e-01 9.5155720e-01 9.8436629e-01 1.0126333e+00
1.4714715e-01 9.5410990e-01 9.8647746e-01 1.0143829e+00
1.5015015e-01 9.5651376e-01 9.8851018e-01 1.0160028e+00
1.5315315e-01 9.5884414e-01 9.9030144e-01 1.0174719e+00
1.5615616e-01 9.6087425e-01 9.9195334e-01 1.0188014e+00
1.5915916e-01 9.6280385e-01 9.9348235e-01 1.0199337e+00
1.6216216e-01 9.6455249e-01 9.9488984e-01 1.0210273e+00
1.6516517e-01 9.6604236e-01 9.9603359e-01 1.0219790e+00
1.6816817e-01 9.6740955e-01 9.9707846e-01 1.0226921e+00
1.7117117e-01 9.6867019e-01 9.9798855e-01 1.0233389e+00
1.7417417e-01 9.6977813e-01 9.9874206e-01 1.0237422e+00
1.7717718e-01 9.7065331e-01 9.9931694e-01 1.0240767e+00
1.8018018e-01 9.7123611e-01 9.9973689e-01 1.0243183e+00
1.8318318e-01 9.7175479e-01 9.9994417e-01 1.0243748e+00
1.8618619e-01 9.7200559e-01 1.0000000e+00 1.0242561e+00
1.8918919e-01 9.7215854e-01 9.9988370e-01 1.0240289e+00
1.9219219e-01 9.7229369e-01 9.9970431e-01 1.0236907e+00
1.9519520e-01 9.7211582e-01 9.9928811e-01 1.0231657e+00
1.9819820e-01 9.7179942e-01 9.9874592e-01 1.0225911e+00
2.0120120e-01 9.7125984e-01 9.9803291e-01 1.0218311e+00
2.0420420e-01 9.7057347e-01 9.9711285e-01 1.0209207e+00
2.0720721e-01 9.6968266e-01 9.9611198e-01 1.0199271e+00
2.1021021e-01 9.6853576e-01 9.9492235e-01 1.0187048e+00
2.1321321e-01 9.6727504e-01 9.9356534e-01 1.0174182e+00
2.1621622e-01 9.6583188e-01 9.9200158e-01 1.0159304e+00
2.1921922e-01 9.6406556e-01 9.9039654e-01 1.0142878e+00
2.2222222e-01 9.6223825e-01 9.8865025e-01 1.0125531e+00
2.2522523e-01 9.6032686e-01 9.8673095e-01 1.0107511e+00
2.2822823e-01 9.5813043e-01 9.8462514e-01 1.0087188e+00
2.3123123e-01 9.5582005e-01 9.8239392e-01 1.0066475e+00
2.3423423e-01 9.5335143e-01 9.7998749e-01 1.0043888e+00
2.3723724e-01 9.5065799e-01 9.7746360e-01 1.0021192e+00
2.4024024e-01 9.4770197e-01 9.7481347e-01 9.9967643e-01
2.4324324e-01 9.4469578e-01 9.7199776e-01 9.9700130e-01
2.4624625e-01 9.4151769e-01 9.6907618e-01 9.9425854e-01
2.4924925e-01 9.3818281e-01 9.6591313e-01 9.9139349e-01
2.5225225e-01 9.3468600e-01 9.6260609e-01 9.8828271e-01
2.5525526e-01 9.3102862e-01 9.5928298e-01 9.8512396e-01
2.5825826e-01 9.2725404e-01 9.5573863e-01 9.8183977e-01
2.6126126e-01 9.2339786e-01 9.5203716e-01 9.7851381e-01
2.6426426e-01 9.1931443e-01 9.4825529e-01 9.7507082e-01
2.6726727e-01 9.1508098e-01 9.4428682e-01 9.7141916e-01
2.7027027e-01 9.1073805e-01 9.4016244e-01 9.6772530e-01
2.7327327e-01 9.0628561e-01 9.3595725e-01 9.6385349e-01
2.7627628e-01 9.0178375e-01 9.3160817e-01 9.5987785e-01
2.7927928e-01 8.9705737e-01 9.2721218e-01 9.5584694e-01
2.8228228e-01 8.9221281e-01 9.2271624e-01 9.5165650e-01
2.8528529e-01 8.8724633e-01 9.1798459e-01 9.4735223e-01
2.8828829e-01 8.8207562e-01 9.1326691e-01 9.4292544e-01
2.9129129e-01 8.7667040e-01 9.0837936e-01 9.3841435e-01
2.9429429e-01 8.7133528e-01 9.0341016e-01 9.3377607e-01
2.9729730e-01 8.6586521e-01 8.9827999e-01 9.2913270e-01
3.0030030e-01 8.6028207e-01 8.9299137e-01 9.2419394e-01
3.0330330e-01 8.5461694e-01 8.8762441e-01 9.1930668e-01
3.0630631e-01 8.4874419e-01 8.8213751e-01 9.1434657e-01
3.0930931e-01 8.4287191e-01 8.7652852e-01 9.0923523e-01
3.1231231e-01 8.3695506e-01 8.7084919e-01 9.0385742e-01
3.1531532e-01 8.3090088e-01 8.6510718e-01 8.9851038e-01
3.1831832e-01 8.2470834e-01 8.5927433e-01 8.9304688e-01
3.2132132e-01 8.1844229e-01 8.5339862e-01 8.8747486e-01
3.2432432e-01 8.1210495e-01 8.4737582e-01 8.8185912e-01
3.2732733e-01 8.0566528e-01 8.4126494e-01 8.7610202e-01
3.3033033e-01 7.9917442e-01 8.3502931e-01 8.7032867e-01
3.3333333e-01 7.9252079e-01 8.2882020e-01 8.6445909e-01
3.3633634e-01 7.8581213e-01 8.2246953e-01 8.5845808e-01
3.3933934e-01 7.7913471e-01 8.1602483e-01 8.5250053e-01
3.4234234e-01 7.7231090e-01 8.0956788e-01 8.4634835e-01
3.4534535e-01 7.6544706e-01 8.0301982e-01 8.4027953e-01
3.4834835e-01 7.5849006e-01 7.9636371e-01 8.3395662e-01
3.5135135e-01 7.5153399e-01 7.8974067e-01 8.2760874e-01
3.5435435e-01 7.4453408e-01 7.8298858e-01 8.2119556e-01
3.5735736e-01 7.3739517e-01 7.7616684e-01 8.1473493e-01
3.6036036e-01 7.3014537e-01 7.6929149e-01 8.0806040e-01
3.6336336e-01 7.2300542e-01 7.6236280e-01 8.0140679e-01
3.6636637e-01 7.1587288e-01 7.5534367e-01 7.9467837e-01
3.6936937e-01 7.0860034e-01 7.4835136e-01 7.8797140e-01
3.7237237e-01 7.0133918e-01 7.4125455e-01 7.8112754e-01
3.7537538e-01 6.9398130e-01 7.3413017e-01 7.7432302e-01
3.7837838e-01 6.8658683e-01 7.2702264e-01 7.6750865e-01
3.8138138e-01 6.7922908e-01 7.1985963e-01 7.6054417e-01
3.8438438e-01 6.7177791e-01 7.1262563e-01 7.5359551e-01
3.8738739e-01 6.6444345e-01 7.0539173e-01 7.4656515e-01
3.9039039e-01 6.5691344e-01 6.9807235e-01 7.3954299e-01
3.9339339e-01 6.4947856e-01 6.9074000e-01 7.3234050e-01
3.9639640e-01 6.4188198e-01 6.8335618e-01 7.2520775e-01
3.9939940e-01 6.3438359e-01 6.7599716e-01 7.1799968e-01
4.0240240e-01 6.2677565e-01 6.6868328e-01 7.1079343e-01
4.0540541e-01 6.1920063e-01 6.6128903e-01 7.0357057e-01
4.0840841e-01 6.1160295e-01 6.5385741e-01 6.9630584e-01
4.1141141e-01 6.0405116e-01 6.4640974e-01 6.8897703e-01
4.1441441e-01 5.9649027e-01 6.3894649e-01 6.8170150e-01
4.1741742e-01 5.8890976e-01 6.3146170e-01 6.7438666e-01
4.2042042e-01 5.8138051e-01 6.2404015e-01 6.6715005e-01
4.2342342e-01 5.7381397e-01 6.1656882e-01 6.5979348e-01
4.2642643e-01 5.6632852e-01 6.0910841e-01 6.5248250e-01
4.2942943e-01 5.5882933e-01 6.0162188e-01 6.4515822e-01
4.3243243e-01 5.5130790e-01 5.9415805e-01 6.3777617e-01
4.3543544e-01 5.4383712e-01 5.8671142e-01 6.3049304e-01
4.3843844e-01 5.3643358e-01 5.7933802e-01 6.2312315e-01
4.4144144e-01 5.2903578e-01 5.7191198e-01 6.1572109e-01
4.4444444e-01 5.2163830e-01 5.6449893e-01 6.0830337e-01
4.4744745e-01 5.1421195e-01 5.5706513e-01 6.0102773e-01
4.5045045e-01 5.0686178e-01 5.4965157e-01 5.9373052e-01
4.5345345e-01 4.9951789e-01 5.4231415e-01 5.8645364e-01
4.5645646e-01 4.9224825e-01 5.3505068e-01 5.7919940e-01
4.5945946e-01 4.8497266e-01 5.2773020e-01 5.7193929e-01
4.6246246e-01 4.7775706e-01 5.2047281e-01 5.6472015e-01
4.6546547e-01 4.7058143e-01 5.1327677e-01 5.5743131e-01
4.6846847e-01 4.6342872e-01 5.0606056e-01 5.5022093e-01
4.7147147e-01 4.5636078e-01 4.9888072e-01 5.4300376e-01
4.7447447e-01 4.4927879e-01 4.9177325e-01 5.3583663e-01
4.7747748e-01 4.4221837e-01 4.8462257e-01 5.2865217e-01
4.8048048e-01 4.3518383e-01 4.7754352e-01 5.2152795e-01
4.8348348e-01 4.2826827e-01 4.7043200e-01 5.1437261e-01
4.8648649e-01 4.2132560e-01 4.6338208e-01 5.0727040e-01
4.8948949e-01 4.1443379e-01 4.5638652e-01 5.0012033e-01
4.9249249e-01 4.0772038e-01 4.4941888e-01 4.9307675e-01
4.9549550e-01 4.0093784e-01 4.4252186e-01 4.8609950e-01
4.9849850e-01 3.9412923e-01 4.3567311e-01 4.7917105e-01
5.0150150e-01 3.8744892e-01 4.2883617e-01 4.7225485e-01
5.0450450e-01 3.8082349e-01 4.2211145e-01 4.6531560e-01
5.0750751e-01 3.7425710e-01 4.1531480e-01 4.5852425e-01
5.1051051e-01 3.6776316e-01 4.0872082e-01 4.5173698e-01
5.1351351e-01 3.6133500e-01 4.0204620e-01 4.4504050e-01
5.1651652e-01 3.5495807e-01 3.9551547e-01 4.3836463e-01
5.1951952e-01 3.4859079e-01 3.8892967e-01 4.3172607e-01
5.2252252e-01 3.4239035e-01 3.8245982e-01 4.2514557e-01
5.2552553e-01 3.3621023e-01 3.7603351e-01 4.1856504e-01
5.2852853e-01 3.3002962e-01 3.6966026e-01 4.1203589e-01
5.3153153e-01 3.2398568e-01 3.6337077e-01 4.0558091e-01
5.3453453e-01 3.1796090e-01 3.5708802e-01 3.9912081e-01
5.3753754e-01 3.1204972e-01 3.5087544e-01 3.9276224e-01
5.4054054e-01 3.0618896e-01 3.4472753e-01 3.8650666e-01
5.4354354e-01 3.0033441e-01 3.3862092e-01 3.8020624e-01
5.4654655e-01 2.9461761e-01 3.3261970e-01 3.7404231e-01
5.4954955e-01 2.8896323e-01 3.2664901e-01 3.6791125e-01
5.5255255e-01 2.8331378e-01 3.2076173e-01 3.6186443e-01
5.5555556e-01 2.7771265e-01 3.1497690e-01 3.5587023e-01
5.5855856e-01 2.7219678e-01 3.0925767e-01 3.4992584e-01
5.6156156e-01 2.6678550e-01 3.0359278e-01 3.4408599e-01
5.6456456e-01 2.6141033e-01 2.9796339e-01 3.3818510e-01
5.6756757e-01 2.5610904e-01 2.9243570e-01 3.3231005e-01
5.7057057e-01 2.5088822e-01 2.8696235e-01 3.2657605e-01
5.7357357e-01 2.4572291e-01 2.8153808e-01 3.2094602e-01
5.7657658e-01 2.4067245e-01 2.7616479e-01 3.1534876e-01
5.7957958e-01 2.3565728e-01 2.7091257e-01 3.0989336e-01
5.8258258e-01 2.3072985e-01 2.6566780e-01 3.0440641e-01
5.8558559e-01 2.2588420e-01 2.6050686e-01 2.9895490e-01
5.8858859e-01 2.2106654e-01 2.5538220e-01 2.9357084e-01
5.9159159e-01 2.1638577e-01 2.5035324e-01 2.8825853e-01
5.9459459e-01 2.1169538e-01 2.4537253e-01 2.8292447e-01
5.9759760e-01 2.0710695e-01 2.4046725e-01 2.7768064e-01
6.0060060e-01 2.0256239e-01 2.3558537e-01 2.7255324e-01
6.0360360e-01 1.9811597e-01 2.3082501e-01 2.6746310e-01
6.0660661e-01 1.9371503e-01 2.2616973e-01 2.6244323e-01
6.0960961e-01 1.8937630e-01 2.2149210e-01 2.5748485e-01
6.1261261e-01 1.8514651e-01 2.1690970e-01 2.5264541e-01
6.1561562e-01 1.8097319e-01 2.1236451e-01 2.4779523e-01
6.1861862e-01 1.7685118e-01 2.0793159e-01 2.4304615e-01
6.2162162e-01 1.7279455e-01 2.0357085e-01 2.3837821e-01
6.2462462e-01 1.6883814e-01 1.9923250e-01 2.3375199e-01
6.2762763e-01 1.6492453e-01 1.9498381e-01 2.2920270e-01
6.3063063e-01 1.6106329e-01 1.9078387e-01 2.2471064e-01
6.3363363e-01 1.5728769e-01 1.8665901e-01 2.2026305e-01
6.3663664e-01 1.5355128e-01 1.8259538e-01 2.1590076e-01
6.3963964e-01 1.4985955e-01 1.7859455e-01 2.1161219e-01
6.4264264e-01 1.4622065e-01 1.7468640e-01 2.0735912e-01
6.4564565e-01 1.4267327e-01 1.7081529e-01 2.0317210e-01
6.4864865e-01 1.3920393e-01 1.6701658e-01 1.9905159e-01
6.5165165e-01 1.3584117e-01 1.6327823e-01 1.9496339e-01
6.5465465e-01 1.3244890e-01 1.5961235e-01 1.9092394e-01
6.5765766e-01 1.2915833e-01 1.5597385e-01 1.8697236e-01
6.6066066e-01 1.2596172e-01 1.5243702e-01 1.8309242e-01
6.6366366e-01 1.2283193e-01 1.4895341e-01 1.7927387e-01
6.6666667e-01 1.1976298e-01 1.4553056e-01 1.7549566e-01
6.6966967e-01 1.1673324e-01 1.4213580e-01 1.7183760e-01
6.7267267e-01 1.1378491e-01 1.3884160e-01 1.6820136e-01
6.7567568e-01 1.1089903e-01 1.3555376e-01 1.6462977e-01
6.7867868e-01 1.0804369e-01 1.3238060e-01 1.6109718e-01
6.8168168e-01 1.0524945e-01 1.2924279e-01 1.5761850e-01
6.8468468e-01 1.0251042e-01 1.2615973e-01 1.5422635e-01
6.8768769e-01 9.9813112e-02 1.2311201e-01 1.5085515e-01
6.9069069e-01 9.7206255e-02 1.2014927e-01 1.4758227e-01
6.9369369e-01 9.4638743e-02 1.1723476e-01 1.4434327e-01
6.9669670e-01 9.2124650e-02 1.1441928e-01 1.4112195e-01
6.9969970e-01 8.9647329e-02 1.1163311e-01 1.3800606e-01
7.0270270e-01 8.7200058e-02 1.0886804e-01 1.3492886e-01
7.0570571e-01 8.4845926e-02 1.0616927e-01 1.3187860e-01
7.0870871e-01 8.2534222e-02 1.0353651e-01 1.2889912e-01
7.1171171e-01 8.0233118e-02 1.0095666e-01 1.2595335e-01
7.1471471e-01 7.8023682e-02 9.8437832e-02 1.2305938e-01
7.1771772e-01 7.5834626e-02 9.5954384e-02 1.2023109e-01
7.2072072e-01 7.3704453e-02 9.3530172e-02 1.1747289e-01
7.2372372e-01 7.1651327e-02 9.1141725e-02 1.1476913e-01
7.2672673e-01 6.9661224e-02 8.8804563e-02 1.1214397e-01
7.2972973e-01 6.7693360e-02 8.6516419e-02 1.0951911e-01
7.3273273e-01 6.5763284e-02 8.4270522e-02 1.0694878e-01
7.3573574e-01 6.3882190e-02 8.2058133e-02 1.0443279e-01
7.3873874e-01 6.2024519e-02 7.9920817e-02 1.0200290e-01
7.4174174e-01 6.0229153e-02 7.7804494e-02 9.9556417e-02
7.4474474e-01 5.8489748e-02 7.5735331e-02 9.7185874e-02
7.4774775e-01 5.6795782e-02 7.3739286e-02 9.4853598e-02
7.5075075e-01 5.5132627e-02 7.1791696e-02 9.2564400e-02
7.5375375e-01 5.3510059e-02 6.9872095e-02 9.0334685e-02
7.5675676e-01 5.1927837e-02 6.8001943e-02 8.8166436e-02
7.5975976e-01 5.0370551e-02 6.6177735e-02 8.6007919e-02
7.6276276e-01 4.8848940e-02 6.4380985e-02 8.3909354e-02
7.6576577e-01 4.7375160e-02 6.2636563e-02 8.1828302e-02
7.6876877e-01 4.5939134e-02 6.0928654e-02 7.9789030e-02
7.7177177e-01 4.4542391e-02 5.9255343e-02 7.7796135e-02
7.7477477e-01 4.3189928e-02 5.7597514e-02 7.5841411e-02
7.7777778e-01 4.1850594e-02 5.5991882e-02 7.3934616e-02
7.8078078e-01 4.0559342e-02 5.4445783e-02 7.2068144e-02
7.8378378e-01 3.9298456e-02 5.2922922e-02 7.0223149e-02
7.8678679e-01 3.8064947e-02 5.1439182e-02 6.8436654e-02
7.8978979e-01 3.6859937e-02 4.9978610e-02 6.6695009e-02
7.9279279e-01 3.5707270e-02 4.8558224e-02 6.4982654e-02
7.9579580e-01 3.4573302e-02 4.7169460e-02 6.3312215e-02
7.9879880e-01 3.3462139e-02 4.5820500e-02 6.1680955e-02
8.0180180e-01 3.2393714e-02 4.4489056e-02 6.0083542e-02
8.0480480e-01 3.1353815e-02 4.3203724e-02 5.8500950e-02
8.0780781e-01 3.0344778e-02 4.1943250e-02 5.6959250e-02
8.1081081e-01 2.9362748e-02 4.0731854e-02 5.5483791e-02
8.1381381e-01 2.8402060e-02 3.9546745e-02 5.4017215e-02
8.1681682e-01 2.7455598e-02 3.8382084e-02 5.2571456e-02
8.1981982e-01 2.6560300e-02 3.7243372e-02 5.1177866e-02
8.2282282e-01 2.5687400e-02 3.6140374e-02 4.9816580e-02
8.2582583e-01 2.4837827e-02 3.5072819e-02 4.8476188e-02
8.2882883e-01 2.4009357e-02 3.4029553e-02 4.7164487e-02
8.3183183e-01 2.3217548e-02 3.3012360e-02 4.5895030e-02
8.3483483e-01 2.2431639e-02 3.2014972e-02 4.4642823e-02
8.3783784e-01 2.1669811e-02 3.1044881e-02 4.3431966e-02
8.4084084e-01 2.0923629e-02 3.0093041e-02 4.2230076e-02
8.4384384e-01 2.0198600e-02 2.9179973e-02 4.1054040e-02
8.4684685e-01 1.9496155e-02 2.8285817e-02 3.9936699e-02
8.4984985e-01 1.8816015e-02 2.7414567e-02 3.8820721e-02
8.5285285e-01 1.8165551e-02 2.6568716e-02 3.7744974e-02
8.5585586e-01 1.7536684e-02 2.5745049e-02 3.6686682e-02
8.5885886e-01 1.6926676e-02 2.4946252e-02 3.5642711e-02
8.6186186e-01 1.6330494e-02 2.4167555e-02 3.4622600e-02
8.6486486e-01 1.5753612e-02 2.3410992e-02 3.3650201e-02
8.6786787e-01 1.5193879e-02 2.2676329e-02 3.2691484e-02
8.7087087e-01 1.4654808e-02 2.1958627e-02 3.1756247e-02
8.7387387e-01 1.4125937e-02 2.1261354e-02 3.0827375e-02
8.7687688e-01 1.3615878e-02 2.0584679e-02 2.9935048e-02
8.7987988e-01 1.3124559e-02 1.9932136e-02 2.9070137e-02
8.8288288e-01 1.2647797e-02 1.9289150e-02 2.8219244e-02
8.8588589e-01 1.2185485e-02 1.8664407e-02 2.7402804e-02
8.8888889e-01 1.1741246e-02 1.8064879e-02 2.6596173e-02
8.9189189e-01 1.1309762e-02 1.7474628e-02 2.5811664e-02
8.9489489e-01 1.0886939e-02 1.6908787e-02 2.5035635e-02
8.9789790e-01 1.0484141e-02 1.6353024e-02 2.4281284e-02
9.0090090e-01 1.0092779e-02 1.5815606e-02 2.3554940e-02
9.0390390e-01 9.7112570e-03 1.5295659e-02 2.2835299e-02
9.0690691e-01 9.3462408e-03 1.4784372e-02 2.2140006e-02
9.0990991e-01 8.9895897e-03 1.4290536e-02 2.1466266e-02
9.1291291e-01 8.6427447e-03 1.3813032e-02 2.0814308e-02
9.1591592e-01 8.3110714e-03 1.3349898e-02 2.0188926e-02
9.1891892e-01 7.9891745e-03 1.2899134e-02 1.9563451e-02
9.2192192e-01 7.6765433e-03 1.2463384e-02 1.8953753e-02
9.2492492e-01 7.3764490e-03 1.2039507e-02 1.8373436e-02
9.2792793e-01 7.0901766e-03 1.1630965e-02 1.7808095e-02
9.3093093e-01 6.8168117e-03 1.1238330e-02 1.7259364e-02
9.3393393e-01 6.5477428e-03 1.0851596e-02 1.6722204e-02
9.3693694e-01 6.2892956e-03 1.0476449e-02 1.6196259e-02
9.3993994e-01 6.0394250e-03 1.0117627e-02 1.5680484e-02
9.4294294e-01 5.7978425e-03 9.7703748e-03 1.5185207e-02
9.4594595e-01 5.5634383e-03 9.4305066e-03 1.4695946e-02
9.4894895e-01 5.3396795e-03 9.1012649e-03 1.4227323e-02
9.5195195e-01 5.1233415e-03 8.7826490e-03 1.3771646e-02
9.5495495e-01 4.9156817e-03 8.4730686e-03 1.3331253e-02
9.5795796e-01 4.7158046e-03 8.1736879e-03 1.2910084e-02
9.6096096e-01 4.5231859e-03 7.8850245e-03 1.2487574e-02
9.6396396e-01 4.3384616e-03 7.6044052e-03 1.2083240e-02
9.6696697e-01 4.1607923e-03 7.3335898e-03 1.1685516e-02
9.6996997e-01 3.9903490e-03 7.0715859e-03 1.1304762e-02
9.7297297e-01 3.8232785e-03 6.8198004e-03 1.0936419e-02
9.7597598e-01 3.6637766e-03 6.5727733e-03 1.0569728e-02
9.7897898e-01 3.5099226e-03 6.3346987e-03 1.0213360e-02
9.8198198e-01 3.3604440e-03 6.1066216e-03 9.8692907e-03
9.8498498e-01 3.2201354e-03 5.8858758e-03 9.5402167e-03
9.8798799e-01 3.0825982e-03 5.6707079e-03 9.2146749e-03
9.9099099e-01 2.9511808e-03 5.4628546e-03 8.9034688e-03
9.9399399e-01 2.8241373e-03 5.2622099e-03 8.6005063e-03
9.9699700e-01 2.7019933e-03 5.0681358e-03 8.3055227e-03
1.0000000e+00 2.5847591e-03 4.8785081e-03 8.0202649e-03
1.0030030e+00 2.4736783e-03 4.6967580e-03 7.7401176e-03
1.0060060e+00 2.3658766e-03 4.5201213e-03 7.4734776e-03
1.0090090e+00 2.2615518e-03 4.3504139e-03 7.2160548e-03
1.0120120e+00 2.1619594e-03 4.1883753e-03 6.9632195e-03
1.0150150e+00 2.0661951e-03 4.0293069e-03 6.7225772e-03
1.0180180e+00 1.9757511e-03 3.8767042e-03 6.4864579e-03
1.0210210e+00 1.8886896e-03 3.7283937e-03 6.2625767e-03
1.0240240e+00 1.8050751e-03 3.5871089e-03 6.0392052e-03
1.0270270e+00 1.7241584e-03 3.4495727e-03 5.8268812e-03
1.0300300e+00 1.6464755e-03 3.3158295e-03 5.6189364e-03
1.0330330e+00 1.5721236e-03 3.1857527e-03 5.4179459e-03
1.0360360e+00 1.5017822e-03 3.0635184e-03 5.2206114e-03
1.0390390e+00 1.4343902e-03 2.9438431e-03 5.0300993e-03
1.0420420e+00 1.3702886e-03 2.8283229e-03 4.8453365e-03
1.0450450e+00 1.3076173e-03 2.7176942e-03 4.6664040e-03
1.0480480e+00 1.2488328e-03 2.6123845e-03 4.4972581e-03
1.0510511e+00 1.1913168e-03 2.5093427e-03 4.3334131e-03
1.0540541e+00 1.1355775e-03 2.4106291e-03 4.1729223e-03
1.0570571e+00 1.0827605e-03 2.3147468e-03 4.0188732e-03
1.0600601e+00 1.0329333e-03 2.2219251e-03 3.8701512e-03
1.0630631e+00 9.8570625e-04 2.1326098e-03 3.7262691e-03
1.0660661e+00 9.3981308e-04 2.0466941e-03 3.5868841e-03
1.0690691e+00 8.9544547e-04 1.9639287e-03 3.4516867e-03
1.0720721e+00 8.5327531e-04 1.8842236e-03 3.3205372e-03
1.0750751e+00 8.1329053e-04 1.8076006e-03 3.1946929e-03
1.0780781e+00 7.7464436e-04 1.7341177e-03 3.0723607e-03
1.0810811e+00 7.3814811e-04 1.6629353e-03 2.9558396e-03
1.0840841e+00 7.0308083e-04 1.5942260e-03 2.8425518e-03
1.0870871e+00 6.6967400e-04 1.5285281e-03 2.7334706e-03
1.0900901e+00 6.3773632e-04 1.4651755e-03 2.6291806e-03
1.0930931e+00 6.0661844e-04 1.4046319e-03 2.5275441e-03
1.0960961e+00 5.7697053e-04 1.3456321e-03 2.4289903e-03
1.0990991e+00 5.4906491e-04 1.2887318e-03 2.3327018e-03
1.1021021e+00 5.2203525e-04 1.2345682e-03 2.2411055e-03
1.1051051e+00 4.9642811e-04 1.1828179e-03 2.1523237e-03
1.1081081e+00 4.7218022e-04 1.1326524e-03 2.0672662e-03
1.1111111e+00 4.4910969e-04 1.0840957e-03 1.9856187e-03
1.1141141e+00 4.2694709e-04 1.0378522e-03 1.9062390e-03
1.1171171e+00 4.0577814e-04 9.9313110e-04 1.8299825e-03
1.1201201e+00 3.8570489e-04 9.5141534e-04 1.7569730e-03
1.1231231e+00 3.6677605e-04 9.1106643e-04 1.6864666e-03
1.1261261e+00 3.4813884e-04 8.7192603e-04 1.6181360e-03
1.1291291e+00 3.3061360e-04 8.3391344e-04 1.5531735e-03
1.1321321e+00 3.1389232e-04 7.9757351e-04 1.4899717e-03
1.1351351e+00 2.9791220e-04 7.6292739e-04 1.4294590e-03
1.1381381e+00 2.8278850e-04 7.2910385e-04 1.3707130e-03
1.1411411e+00 2.6856382e-04 6.9741426e-04 1.3138459e-03
1.1441441e+00 2.5497526e-04 6.6669125e-04 1.2598369e-03
1.1471471e+00 2.4202596e-04 6.3762359e-04 1.2081482e-03
1.1501502e+00 2.2968618e-04 6.0969667e-04 1.1579553e-03
1.1531532e+00 2.1798265e-04 5.8225016e-04 1.1093357e-03
1.1561562e+00 2.0670902e-04 5.5652208e-04 1.0626948e-03
1.1591592e+00 1.9602786e-04 5.3187338e-04 1.0175662e-03
1.1621622e+00 1.8563967e-04 5.0793683e-04 9.7498856e-04
1.1651652e+00 1.7589932e-04 4.8507060e-04 9.3396720e-04
1.1681682e+00 1.6661408e-04 4.6303230e-04 8.9338722e-04
1.1711712e+00 1.5795741e-04 4.4213531e-04 8.5546855e-04
1.1741742e+00 1.4974342e-04 4.2176078e-04 8.1892672e-04
1.1771772e+00 1.4182542e-04 4.0255880e-04 7.8368106e-04
1.1801802e+00 1.3415714e-04 3.8398584e-04 7.4983085e-04
1.1831832e+00 1.2691708e-04 3.6637331e-04 7.1703978e-04
1.1861862e+00 1.2011133e-04 3.4945883e-04 6.8579637e-04
1.1891892e+00 1.1375015e-04 3.3320890e-04 6.5595114e-04
1.1921922e+00 1.0766861e-04 3.1775353e-04 6.2699091e-04
1.1951952e+00 1.0190171e-04 3.0278766e-04 5.9960764e-04
1.1981982e+00 9.6324882e-05 2.8866381e-04 5.7280274e-04
1.2012012e+00 9.1099718e-05 2.7519278e-04 5.4749894e-04
1.2042042e+00 8.6142784e-05 2.6217605e-04 5.2294447e-04
1.2072072e+00 8.1514848e-05 2.4975398e-04 4.9970994e-04
1.2102102e+00 7.7079057e-05 2.3782446e-04 4.7715029e-04
1.2132132e+00 7.2812190e-05 2.2643673e-04 4.5574934e-04
1.2162162e+00 6.8763855e-05 2.1567612e-04 4.3537761e-04
1.2192192e+00 6.4995433e-05 2.0525408e-04 4.1581125e-04
1.2222222e+00 6.1365968e-05 1.9544648e-04 3.9681897e-04
1.2252252e+00 5.7904775e-05 1.8597614e-04 3.7882819e-04
1.2282282e+00 5.4665177e-05 1.7702703e-04 3.6153813e-04
1.2312312e+00 5.1621571e-05 1.6841802e-04 3.4495235e-04
1.2342342e+00 4.8677067e-05 1.6018028e-04 3.2935630e-04
1.2372372e+00 4.5926762e-05 1.5233803e-04 3.1432753e-04
1.2402402e+00 4.3323536e-05 1.4490058e-04 3.0006244e-04
1.2432432e+00 4.0899279e-05 1.3777680e-04 2.8613145e-04
1.2462462e+00 3.8561345e-05 1.3094883e-04 2.7285500e-04
1.2492492e+00 3.6368926e-05 1.2441490e-04 2.6001678e-04
1.2522523e+00 3.4286453e-05 1.1822954e-04 2.4770195e-04
1.2552553e+00 3.2284161e-05 1.1238064e-04 2.3586108e-04
1.2582583e+00 3.0430225e-05 1.0679057e-04 2.2460165e-04
1.2612613e+00 2.8677661e-05 1.0144469e-04 2.1386733e-04
1.2642643e+00 2.7005730e-05 9.6304945e-05 2.0364500e-04
1.2672673e+00 2.5453640e-05 9.1458292e-05 1.9383009e-04
1.2702703e+00 2.3974305e-05 8.6787953e-05 1.8447092e-04
1.2732733e+00 2.2565223e-05 8.2318590e-05 1.7559442e-04
1.2762763e+00 2.1233956e-05 7.8121662e-05 1.6710970e-04
1.2792793e+00 1.9981318e-05 7.4100426e-05 1.5906816e-04
1.2822823e+00 1.8800066e-05 7.0322398e-05 1.5124625e-04
1.2852853e+00 1.7690701e-05 6.6713396e-05 1.4394181e-04
1.2882883e+00 1.6646149e-05 6.3258679e-05 1.3684773e-04
1.2912913e+00 1.5665116e-05 5.9993650e-05 1.3012349e-04
1.2942943e+00 1.4730923e-05 5.6910772e-05 1.2369932e-04
1.2972973e+00 1.3842524e-05 5.3929142e-05 1.1759747e-04
1.3003003e+00 1.3012289e-05 5.1088418e-05 1.1173711e-04
1.3033033e+00 1.2226425e-05 4.8438513e-05 1.0620330e-04
1.3063063e+00 1.1495528e-05 4.5876726e-05 1.0086617e-04
1.3093093e+00 1.0794827e-05 4.3447298e-05 9.5813469e-05
1.3123123e+00 1.0142281e-05 4.1161792e-05 9.0986444e-05
1.3153153e+00 9.5266158e-06 3.8968033e-05 8.6423257e-05
1.3183183e+00 8.9448129e-06 3.6907334e-05 8.1988994e-05
1.3213213e+00 8.3887485e-06 3.4935809e-05 7.7813786e-05
1.3243243e+00 7.8788120e-06 3.3071364e-05 7.3776655e-05
1.3273273e+00 7.3946883e-06 3.1298657e-05 6.9980493e-05
1.3303303e+00 6.9331291e-06 2.9600676e-05 6.6380461e-05
1.3333333e+00 6.5015793e-06 2.7990035e-05 6.2975507e-05
1.3363363e+00 6.0957708e-06 2.6461835e-05 5.9739795e-05
1.3393393e+00 5.7126744e-06 2.5024708e-05 5.6594882e-05
1.3423423e+00 5.3571924e-06 2.3674040e-05 5.3628000e-05
1.3453453e+00 5.0215751e-06 2.2365910e-05 5.0832920e-05
1.3483483e+00 4.7082123e-06 2.1142536e-05 4.8166132e-05
1.3513514e+00 4.4139863e-06 1.9989148e-05 4.5642907e-05
1.3543544e+00 4.1383275e-06 1.8884303e-05 4.3209640e-05
1.3573574e+00 3.8758750e-06 1.7838329e-05 4.0946061e-05
1.3603604e+00 3.6317175e-06 1.6838867e-05 3.8768875e-05
1.3633634e+00 3.4009815e-06 1.5898442e-05 3.6696930e-05
1.3663664e+00 3.1852335e-06 1.5012766e-05 3.4730236e-05
1.3693694e+00 2.9826675e-06 1.4164907e-05 3.2871346e-05
1.3723724e+00 2.7897641e-06 1.3357155e-05 3.1099918e-05
1.3753754e+00 2.6095933e-06 1.2606446e-05 2.9429358e-05
1.3783784e+00 2.4423864e-06 1.1892071e-05 2.7828459e-05
1.3813814e+00 2.2842763e-06 1.1210905e-05 2.6308623e-05
1.3843844e+00 2.1362147e-06 1.0574700e-05 2.4881369e-05
1.3873874e+00 1.9984395e-06 9.9721524e-06 2.3516130e-05
1.3903904e+00 1.8685290e-06 9.4024372e-06 2.2221956e-05
1.3933934e+00 1.7474837e-06 8.8594997e-06 2.0985537e-05
1.3963964e+00 1.6339008e-06 8.3500188e-06 1.9815816e-05
1.3993994e+00 1.5271357e-06 7.8680008e-06 1.8718297e-05
1.4024024e+00 1.4258728e-06 7.4130027e-06 1.7677449e-05
1.4054054e+00 1.3322135e-06 6.9766292e-06 1.6698385e-05
1.4084084e+00 1.2440790e-06 6.5704077e-06 1.5767219e-05
1.4114114e+00 1.1626572e-06 6.1869709e-06 1.4883188e-05
1.4144144e+00 1.0861096e-06 5.8224706e-06 1.4052700e-05
1.4174174e+00 1.0134411e-06 5.4794188e-06 1.3260112e-05
1.4204204e+00 9.4584436e-07 5.1552510e-06 1.2504516e-05
1.4234234e+00 8.8275944e-07 4.8497294e-06 1.1796071e-05
1.4264264e+00 8.2366516e-07 4.5610659e-06 1.1119882e-05
1.4294294e+00 7.6784901e-07 4.2898242e-06 1.0478843e-05
1.4324324e+00 7.1597893e-07 4.0335994e-06 9.8766316e-06
1.4354354e+00 6.6796151e-07 3.7905006e-06 9.3051445e-06
1.4384384e+00 6.2236412e-07 3.5634237e-06 8.7688223e-06
1.4414414e+00 5.7963581e-07 3.3511031e-06 8.2597406e-06
1.4444444e+00 5.4059356e-07 3.1474493e-06 7.7797772e-06
1.4474474e+00 5.0319181e-07 2.9562001e-06 7.3262828e-06
1.4504505e+00 4.6900060e-07 2.7751614e-06 6.8977532e-06
1.4534535e+00 4.3663085e-07 2.6054250e-06 6.4926136e-06
1.4564565e+00 4.0638080e-07 2.4453987e-06 6.1141818e-06
1.4594595e+00 3.7819532e-07 2.2939236e-06 5.7538936e-06
1.4624625e+00 3.5193624e-07 2.1517320e-06 5.4165224e-06
1.4654655e+00 3.2758311e-07 2.0188579e-06 5.0966382e-06
1.4684685e+00 3.0473497e-07 1.8940233e-06 4.7954174e-06
1.4714715e+00 2.8365474e-07 1.7761016e-06 4.5081733e-06
1.4744745e+00 2.6384850e-07 1.6655538e-06 4.2396256e-06
1.4774775e+00 2.4526340e-07 1.5615186e-06 3.9842511e-06
1.4804805e+00 2.2797991e-07 1.4630306e-06 3.7437843e-06
1.4834835e+00 2.1190129e-07 1.3715202e-06 3.5176176e-06
1.4864865e+00 1.9683350e-07 1.2859214e-06 3.3045835e-06
1.4894895e+00 1.8304860e-07 1.2047048e-06 3.1071656e-06
1.4924925e+00 1.7004829e-07 1.1286002e-06 2.9199378e-06
1.4954955e+00 1.5785021e-07 1.0578134e-06 2.7416992e-06
1.4984985e+00 1.4667099e-07 9.9056902e-07 2.5756766e-06
1.5015015e+00 1.3623598e-07 9.2785885e-07 2.4184787e-06
1.5045045e+00 1.2652634e-07 8.6849670e-07 2.2694814e-06
1.5075075e+00 1.1737289e-07 8.1310872e-07 2.1298505e-06
1.5105105e+00 1.0890541e-07 7.6082371e-07 1.9972119e-06
1.5135135e+00 1.0105656e-07 7.1181421e-07 1.8730984e-06
1.5165165e+00 9.3783914e-08 6.6612068e-07 1.7580647e-06
1.5195195e+00 8.7031841e-08 6.2300720e-07 1.6484841e-06
1.5225225e+00 8.0720298e-08 5.8264920e-07 1.5454690e-06
1.5255255e+00 7.4894279e-08 5.4456430e-07 1.4479541e-06
1.5285285e+00 6.9414941e-08 5.0899557e-07 1.3572605e-06
1.5315315e+00 6.4309899e-08 4.7554096e-07 1.2711474e-06
1.5345345e+00 5.9563028e-08 4.4410932e-07 1.1907613e-06
1.5375375e+00 5.5198513e-08 4.1478051e-07 1.1151209e-06
1.5405405e+00 5.1122556e-08 3.8741388e-07 1.0448072e-06
1.5435435e+00 4.7351506e-08 3.6168841e-07 9.7826100e-07
1.5465465e+00 4.3834760e-08 3.3769095e-07 9.1544489e-07
1.5495495e+00 4.0584802e-08 3.1523965e-07 8.5681845e-07
1.5525526e+00 3.7546872e-08 2.9432254e-07 8.0186690e-07
1.5555556e+00 3.4759227e-08 2.7443326e-07 7.5021310e-07
1.5585586e+00 3.2142664e-08 2.5596333e-07 7.0194925e-07
1.5615616e+00 2.9728195e-08 2.3870710e-07 6.5612586e-07
1.5645646e+00 2.7496885e-08 2.2257197e-07 6.1336880e-07
1.5675676e+00 2.5427316e-08 2.0749898e-07 5.7348727e-07
1.5705706e+00 2.3513384e-08 1.9343941e-07 5.3565267e-07
1.5735736e+00 2.1752025e-08 1.8030432e-07 5.0056791e-07
1.5765766e+00 2.0111528e-08 1.6802989e-07 4.6755220e-07
1.5795796e+00 1.8579535e-08 1.5659992e-07 4.3675036e-07
1.5825826e+00 1.7158097e-08 1.4587267e-07 4.0775923e-07
1.5855856e+00 1.5842780e-08 1.3588018e-07 3.8090075e-07
1.5885886e+00 1.4637764e-08 1.2651597e-07 3.5547820e-07
1.5915916e+00 1.3509475e-08 1.1780089e-07 3.3171332e-07
1.5945946e+00 1.2466836e-08 1.0960145e-07 3.0966096e-07
1.5975976e+00 1.1506613e-08 1.0200469e-07 2.8880503e-07
1.6006006e+00 1.0633993e-08 9.4915362e-08 2.6950372e-07
1.6036036e+00 9.8071800e-09 8.8306146e-08 2.5130893e-07
1.6066066e+00 9.0469562e-09 8.2065559e-08 2.3438599e-07
1.6096096e+00 8.3422644e-09 7.6311054e-08 2.1849497e-07
1.6126126e+00 7.6946528e-09 7.0961053e-08 2.0359225e-07
1.6156156e+00 7.0928763e-09 6.5963674e-08 1.8967382e-07
1.6186186e+00 6.5376857e-09 6.1311447e-08 1.7670838e-07
1.6216216e+00 6.0213445e-09 5.6961854e-08 1.6460038e-07
1.6246246e+00 5.5467037e-09 5.2922234e-08 1.5325972e-07
1.6276276e+00 5.1077499e-09 4.9122051e-08 1.4267621e-07
1.6306306e+00 4.7038827e-09 4.5598422e-08 1.3284432e-07
1.6336336e+00 4.3317788e-09 4.2321263e-08 1.2368827e-07
1.6366366e+00 3.9883366e-09 3.9285014e-08 1.1517032e-07
1.6396396e+00 3.6720113e-09 3.6466103e-08 1.0719332e-07
1.6426426e+00 3.3783519e-09 3.3837555e-08 9.9758234e-08
1.6456456e+00 3.1083565e-09 3.1393796e-08 9.2807645e-08
1.6486486e+00 2.8616587e-09 2.9123339e-08 8.6342580e-08
1.6516517e+00 2.6320347e-09 2.7012435e-08 8.0312423e-08
1.6546547e+00 2.4216036e-09 2.5051877e-08 7.4661081e-08
1.6576577e+00 2.2274044e-09 2.3220720e-08 6.9393647e-08
1.6606607e+00 2.0475792e-09 2.1525391e-08 6.4515646e-08
1.6636637e+00 1.8828712e-09 1.9947648e-08 5.9960783e-08
1.6666667e+00 1.7312073e-09 1.8487523e-08 5.5680128e-08
1.6696697e+00 1.5904804e-09 1.7133882e-08 5.1694589e-08
1.6726727e+00 1.4606252e-09 1.5872559e-08 4.7984722e-08
1.6756757e+00 1.3411607e-09 1.4702968e-08 4.4518827e-08
1.6786787e+00 1.2320558e-09 1.3604668e-08 4.1332160e-08
1.6816817e+00 1.1305232e-09 1.2585959e-08 3.8353703e-08
1.6846847e+00 1.0377160e-09 1.1652244e-08 3.5600038e-08
1.6876877e+00 9.5216103e-10 1.0775643e-08 3.3040617e-08
1.6906907e+00 8.7343605e-10 9.9681993e-09 3.0635608e-08
1.6936937e+00 8.0156500e-10 9.2210565e-09 2.8416327e-08
1.6966967e+00 7.3587688e-10 8.5209128e-09 2.6347589e-08
1.6996997e+00 6.7500435e-10 7.8750603e-09 2.4424343e-08
1.7027027e+00 6.1924983e-10 7.2776702e-09 2.2644812e-08
1.7057057e+00 5.6739980e-10 6.7245994e-09 2.0998663e-08
1.7087087e+00 5.2010385e-10 6.2128611e-09 1.9449817e-08
1.7117117e+00 4.7659073e-10 5.7380053e-09 1.8012536e-08
1.7147147e+00 4.3668334e-10 5.2982019e-09 1.6674375e-08
1.7177177e+00 4.0007307e-10 4.8925944e-09 1.5433495e-08
1.7207207e+00 3.6622567e-10 4.5179548e-09 1.4291341e-08
1.7237237e+00 3.3541292e-10 4.1706758e-09 1.3236352e-08
1.7267267e+00 3.0711525e-10 3.8500506e-09 1.2255069e-08
1.7297297e+00 2.8148407e-10 3.5535243e-09 1.1341570e-08
1.7327327e+00 2.5766570e-10 3.2778870e-09 1.0493010e-08
1.7357357e+00 2.3580587e-10 3.0240751e-09 9.7035768e-09
1.7387387e+00 2.1562205e-10 2.7882295e-09 8.9716493e-09
1.7417417e+00 1.9719012e-10 2.5698400e-09 8.2970087e-09
1.7447447e+00 1.8037035e-10 2.3694506e-09 7.6682756e-09
1.7477477e+00 1.6492530e-10 2.1833804e-09 7.0885058e-09
1.7507508e+00 1.5072839e-10 2.0114822e-09 6.5485247e-09
1.7537538e+00 1.3775291e-10 1.8537282e-09 6.0503689e-09
1.7567568e+00 1.2585290e-10 1.7080585e-09 5.5880204e-09
1.7597598e+00 1.1503124e-10 1.5726861e-09 5.1595953e-09
1.7627628e+00 1.0505733e-10 1.4482512e-09 4.7633485e-09
1.7657658e+00 9.5999715e-11 1.3332475e-09 4.3970424e-09
1.7687688e+00 8.7758985e-11 1.2275730e-09 4.0553320e-09
1.7717718e+00 8.0088210e-11 1.1299132e-09 3.7430267e-09
1.7747748e+00 7.3049392e-11 1.0400496e-09 3.4527278e-09
1.7777778e+00 6.6695868e-11 9.5613889e-10 3.1849831e-09
1.7807808e+00 6.0849657e-11 8.7987980e-10 2.9376430e-09
1.7837838e+00 5.5506885e-11 8.0922318e-10 2.7076376e-09
1.7867868e+00 5.0659137e-11 7.4407733e-10 2.4967621e-09
1.7897898e+00 4.6229837e-11 6.8422996e-10 2.3014333e-09
1.7927928e+00 4.2139838e-11 6.2886442e-10 2.1208697e-09
1.7957958e+00 3.8422350e-11 5.7770169e-10 1.9541355e-09
1.7987988e+00 3.5038059e-11 5.3075193e-10 1.8005644e-09
1.8018018e+00 3.1944590e-11 4.8709485e-10 1.6583425e-09
1.8048048e+00 2.9104600e-11 4.4740645e-10 1.5270197e-09
1.8078078e+00 2.6520687e-11 4.1084391e-10 1.4056953e-09
1.8108108e+00 2.4164755e-11 3.7720119e-10 1.2935581e-09
1.8138138e+00 2.1999234e-11 3.4632091e-10 1.1908623e-09
1.8168168e+00 2.0032556e-11 3.1785933e-10 1.0956132e-09
1.8198198e+00 1.8237777e-11 2.9164910e-10 1.0069156e-09
1.8228228e+00 1.6578181e-11 2.6758162e-10 9.2634342e-10
1.8258258e+00 1.5084899e-11 2.4553879e-10 8.5150755e-10
1.8288288e+00 1.3715294e-11 2.2502210e-10 7.8302243e-10
1.8318318e+00 1.2479546e-11 2.0630631e-10 7.1952429e-10
1.8348348e+00 1.1346820e-11 1.8910356e-10 6.6073352e-10
1.8378378e+00 1.0313827e-11 1.7320645e-10 6.0713874e-10
1.8408408e+00 9.3701773e-12 1.5886582e-10 5.5800597e-10
1.8438438e+00 8.5096581e-12 1.4554157e-10 5.1243338e-10
1.8468468e+00 7.7278402e-12 1.3323074e-10 4.7057578e-10
1.8498498e+00 7.0202475e-12 1.2200152e-10 4.3201034e-10
1.8528529e+00 6.3753242e-12 1.1163049e-10 3.9636650e-10
1.8558559e+00 5.7923114e-12 1.0212180e-10 3.6385102e-10
1.8588589e+00 5.2593742e-12 9.3456549e-11 3.3389532e-10
1.8618619e+00 4.7736993e-12 8.5509246e-11 3.0625002e-10
1.8648649e+00 4.3311993e-12 7.8244094e-11 2.8087679e-10
1.8678679e+00 3.9274087e-12 7.1596146e-11 2.5757223e-10
1.8708709e+00 3.5589335e-12 6.5461037e-11 2.3623922e-10
1.8738739e+00 3.2283243e-12 5.9898384e-11 2.1661630e-10
1.8768769e+00 2.9261722e-12 5.4751131e-11 1.9857957e-10
1.8798799e+00 2.6521155e-12 5.0050849e-11 1.8199984e-10
1.8828829e+00 2.4029141e-12 4.5717978e-11 1.6673761e-10
1.8858859e+00 2.1782594e-12 4.1759622e-11 1.5274271e-10
1.8888889e+00 1.9749972e-12 3.8168543e-11 1.3983741e-10
1.8918919e+00 1.7905736e-12 3.4857034e-11 1.2804384e-10
1.8948949e+00 1.6212927e-12 3.1822225e-11 1.1721363e-10
1.8978979e+00 1.4676196e-12 2.9037329e-11 1.0726897e-10
1.9009009e+00 1.3282579e-12 2.6503891e-11 9.8145922e-11
1.9039039e+00 1.2031482e-12 2.4176068e-11 8.9791879e-11
1.9069069e+00 1.0886106e-12 2.2044258e-11 8.2139682e-11
1.9099099e+00 9.8437535e-13 2.0114324e-11 7.5150115e-11
1.9129129e+00 8.9061189e-13 1.8341895e-11 6.8716108e-11
1.9159159e+00 8.0592902e-13 1.6723651e-11 6.2827543e-11
1.9189189e+00 7.2929145e-13 1.5244374e-11 5.7422906e-11
1.9219219e+00 6.5974344e-13 1.3887736e-11 5.2472724e-11
1.9249249e+00 5.9663941e-13 1.2656415e-11 4.7895625e-11
1.9279279e+00 5.3941863e-13 1.1529914e-11 4.3764233e-11
1.9309309e+00 4.8747251e-13 1.0500411e-11 3.9937965e-11
1.9339339e+00 4.3998314e-13 9.5599881e-12 3.6474806e-11
1.9369369e+00 3.9761364e-13 8.7016107e-12 3.3305039e-11
1.9399399e+00 3.5911336e-13 7.9221189e-12 3.0395473e-11
1.9429429e+00 3.2465206e-13 7.2097296e-12 2.7750369e-11
1.9459459e+00 2.9324684e-13 6.5572162e-12 2.5331657e-11
1.9489489e+00 2.6489908e-13 5.9647096e-12 2.3108333e-11
1.9519520e+00 2.3913546e-13 5.4255901e-12 2.1084342e-11
1.9549550e+00 2.1572331e-13 4.9339040e-12 1.9220392e-11
1.9579580e+00 1.9461228e-13 4.4854244e-12 1.7529872e-11
1.9609610e+00 1.7558312e-13 4.0759840e-12 1.5977209e-11
1.9639640e+00 1.5849968e-13 3.7069792e-12 1.4556094e-11
1.9669670e+00 1.4310372e-13 3.3679954e-12 1.3262343e-11
1.9699700e+00 1.2900079e-13 3.0598145e-12 1.2080202e-11
1.9729730e+00 1.1625166e-13 2.7790981e-12 1.1003414e-11
1.9759760e+00 1.0479132e-13 2.5231324e-12 1.0026149e-11
1.9789790e+00 9.4405022e-14 2.2914163e-12 9.1306153e-12
1.9819820e+00 8.4990524e-14 2.0801323e-12 8.3118286e-12
1.9849850e+00 7.6559011e-14 1.8883847e-12 7.5617209e-12
1.9879880e+00 6.8908209e-14 1.7128959e-12 6.8806031e-12
1.9909910e+00 6.2095267e-14 1.5536859e-12 6.2571646e-12
1.9939940e+00 5.5918582e-14 1.4093982e-12 5.6928038e-12
1.9969970e+00 5.0353680e-14 1.2788728e-12 5.1779236e-12
2.0000000e+00 4.5323869e-14 1.1589790e-12 4.7076195e-12
2.0030030e+00 4.0769857e-14 1.0507561e-12 4.2790424e-12
2.0060060e+00 3.6643665e-14 9.5262124e-13 3.8885853e-12
2.0090090e+00 3.2940593e-14 8.6361096e-13 3.5328312e-12
2.0120120e+00 2.9621851e-14 7.8284769e-13 3.2097007e-12
2.0150150e+00 2.6623247e-14 7.0927870e-13 2.9152609e-12
2.0180180e+00 2.3915787e-14 6.4228163e-13 2.6480042e-12
2.0210210e+00 2.1486141e-14 5.8158737e-13 2.4053187e-12
2.0240240e+00 1.9290961e-14 5.2640549e-13 2.1827107e-12
2.0270270e+00 1.7323306e-14 4.7688933e-13 1.9804614e-12
2.0300300e+00 1.5553918e-14 4.3178844e-13 1.7980853e-12
2.0330330e+00 1.3965377e-14 3.9062775e-13 1.6300243e-12
2.0360360e+00 1.2531751e-14 3.5337392e-13 1.4785899e-12
2.0390390e+00 1.1240400e-14 3.1953644e-13 1.3407095e-12
2.0420420e+00 1.0085786e-14 2.8911922e-13 1.2159161e-12
2.0450450e+00 9.0568506e-15 2.6137925e-13 1.1028949e-12
2.0480480e+00 8.1317459e-15 2.3624912e-13 9.9990657e-13
2.0510511e+00 7.3003403e-15 2.1362781e-13 9.0647556e-13
2.0540541e+00 6.5485928e-15 1.9312143e-13 8.2159166e-13
2.0570571e+00 5.8721003e-15 1.7445095e-13 7.4390012e-13
2.0600601e+00 5.2642238e-15 1.5762892e-13 6.7353290e-13
2.0630631e+00 4.7171109e-15 1.4238203e-13 6.0977202e-13
2.0660661e+00 4.2227436e-15 1.2852425e-13 5.5246715e-13
2.0690691e+00 3.7806202e-15 1.1603414e-13 5.0052424e-13
2.0720721e+00 3.3861974e-15 1.0479610e-13 4.5281469e-13
2.0750751e+00 3.0328775e-15 9.4565739e-14 4.0981220e-13
2.0780781e+00 2.7150636e-15 8.5279888e-14 3.7052141e-13
2.0810811e+00 2.4298982e-15 7.6892945e-14 3.3511153e-13
2.0840841e+00 2.1736992e-15 6.9314075e-14 3.0299303e-13
2.0870871e+00 1.9467198e-15 6.2533476e-14 2.7394939e-13
2.0900901e+00 1.7435808e-15 5.6348207e-14 2.4764255e-13
2.0930931e+00 1.5612537e-15 5.0789043e-14 2.2377450e-13
2.0960961e+00 1.3968677e-15 4.5753499e-14 2.0210588e-13
2.0990991e+00 1.2481213e-15 4.1232239e-14 1.8257547e-13
2.1021021e+00 1.1160443e-15 3.7152639e-14 1.6498457e-13
2.1051051e+00 9.9837293e-16 3.3465505e-14 1.4887746e-13
2.1081081e+00 8.9130776e-16 3.0133476e-14 1.3439264e-13
2.1111111e+00 7.9553242e-16 2.7137106e-14 1.2135034e-13
2.1141141e+00 7.0978521e-16 2.4418194e-14 1.0947653e-13
2.1171171e+00 6.3317933e-16 2.1972833e-14 9.8795177e-14
2.1201201e+00 5.6508656e-16 1.9761831e-14 8.9105179e-14
2.1231231e+00 5.0434186e-16 1.7773190e-14 8.0365779e-14
2.1261261e+00 4.4973967e-16 1.5979911e-14 7.2476314e-14
2.1291291e+00 4.0098115e-16 1.4371519e-14 6.5352465e-14
2.1321321e+00 3.5806827e-16 1.2919016e-14 5.8898638e-14
2.1351351e+00 3.1933338e-16 1.1609323e-14 5.3089196e-14
2.1381381e+00 2.8447594e-16 1.0431786e-14 4.7838404e-14
2.1411411e+00 2.5332912e-16 9.3722732e-15 4.3114693e-14
2.1441441e+00 2.2555120e-16 8.4191714e-15 3.8819710e-14
2.1471471e+00 2.0108175e-16 7.5614138e-15 3.4979260e-14
2.1501502e+00 1.7905204e-16 6.7910770e-15 3.1499399e-14
2.1531532e+00 1.5947693e-16 6.0961319e-15 2.8356984e-14
2.1561562e+00 1.4214274e-16 5.4748627e-15 2.5513699e-14
2.1591592e+00 1.2665019e-16 4.9127231e-15 2.2955931e-14
2.1621622e+00 1.1282201e-16 4.4084591e-15 2.0656507e-14
2.1651652e+00 1.0047787e-16 3.9550333e-15 1.8600372e-14
2.1681682e+00 8.9404872e-17 3.5470295e-15 1.6731729e-14
2.1711712e+00 7.9546133e-17 3.1811629e-15 1.5046010e-14
2.1741742e+00 7.0759280e-17 2.8525657e-15 1.3524427e-14
2.1771772e+00 6.2910575e-17 2.5562311e-15 1.2152381e-14
2.1801802e+00 5.5992376e-17 2.2905119e-15 1.0918503e-14
2.1831832e+00 4.9843624e-17 2.0534328e-15 9.8135536e-15
2.1861862e+00 4.4321711e-17 1.8406290e-15 8.8165949e-15
2.1891892e+00 3.9393717e-17 1.6494458e-15 7.9232829e-15
2.1921922e+00 3.4998274e-17 1.4772418e-15 7.1131743e-15
2.1951952e+00 3.1096409e-17 1.3232548e-15 6.3845138e-15
2.1981982e+00 2.7645631e-17 1.1854102e-15 5.7278608e-15
2.2012012e+00 2.4581218e-17 1.0606845e-15 5.1386596e-15
2.2042042e+00 2.1841547e-17 9.4874569e-16 4.6113884e-15
2.2072072e+00 1.9402275e-17 8.4875560e-16 4.1348779e-15
2.2102102e+00 1.7222253e-17 7.5928650e-16 3.7066320e-15
2.2132132e+00 1.5282391e-17 6.7882859e-16 3.3236515e-15
2.2162162e+00 1.3564444e-17 6.0707391e-16 2.9801898e-15
2.2192192e+00 1.2028944e-17 5.4270334e-16 2.6719820e-15
2.2222222e+00 1.0668505e-17 4.8544413e-16 2.3954116e-15
2.2252252e+00 9.4638822e-18 4.3384848e-16 2.1468998e-15
2.2282282e+00 8.3906780e-18 3.8745202e-16 1.9222729e-15
2.2312312e+00 7.4394739e-18 3.4631338e-16 1.7224330e-15
2.2342342e+00 6.5993149e-18 3.0932198e-16 1.5411782e-15
2.2372372e+00 5.8477367e-18 2.7618703e-16 1.3792904e-15
2.2402402e+00 5.1799424e-18 2.4653455e-16 1.2350658e-15
2.2432432e+00 4.5895467e-18 2.2004093e-16 1.1059349e-15
2.2462462e+00 4.0679797e-18 1.9644263e-16 9.8982026e-16
2.2492492e+00 3.6053249e-18 1.7532628e-16 8.8549618e-16
2.2522523e+00 3.1934088e-18 1.5633364e-16 7.9253437e-16
2.2552553e+00 2.8268022e-18 1.3941885e-16 7.0871668e-16
2.2582583e+00 2.5023601e-18 1.2429089e-16 6.3370170e-16
2.2612613e+00 2.2141202e-18 1.1080319e-16 5.6629127e-16
2.2642643e+00 1.9579513e-18 9.8730126e-17 5.0614935e-16
2.2672673e+00 1.7310844e-18 8.7950808e-17 4.5220268e-16
2.2702703e+00 1.5304751e-18 7.8376202e-17 4.0387516e-16
2.2732733e+00 1.3523928e-18 6.9789713e-17 3.6101644e-16
2.2762763e+00 1.1954244e-18 6.2143611e-17 3.2233615e-16
2.2792793e+00 1.0574753e-18 5.5323044e-17 2.8780829e-16
2.2822823e+00 9.3450151e-19 4.9254103e-17 2.5691448e-16
2.2852853e+00 8.2537407e-19 4.3844541e-17 2.2940887e-16
2.2882883e+00 7.2883093e-19 3.9020160e-17 2.0480293e-16
2.2912913e+00 6.4340725e-19 3.4709000e-17 1.8277768e-16
2.2942943e+00 5.6770286e-19 3.0861430e-17 1.6313198e-16
2.2972973e+00 5.0094660e-19 2.7442562e-17 1.4548491e-16
2.3003003e+00 4.4186480e-19 2.4405664e-17 1.2968578e-16
2.3033033e+00 3.8987655e-19 2.1703714e-17 1.1559622e-16
2.3063063e+00 3.4393774e-19 1.9283543e-17 1.0304870e-16
2.3093093e+00 3.0345294e-19 1.7141570e-17 9.1846091e-17
2.3123123e+00 2.6754156e-19 1.5231676e-17 8.1791796e-17
2.3153153e+00 2.3584865e-19 1.3526278e-17 7.2852564e-17
2.3183183e+00 2.0794329e-19 1.2014151e-17 6.4871759e-17
2.3213213e+00 1.8340456e-19 1.0671441e-17 5.7744836e-17
2.3243243e+00 1.6164504e-19 9.4785794e-18 5.1407508e-17
2.3273273e+00 1.4248444e-19 8.4130657e-18 4.5737187e-17
2.3303303e+00 1.2565413e-19 7.4663941e-18 4.0721536e-17
2.3333333e+00 1.1076195e-19 6.6254140e-18 3.6247624e-17
2.3363363e+00 9.7630118e-20 5.8779675e-18 3.2236355e-17
2.3393393e+00 8.5920716e-20 5.2135044e-18 2.8683988e-17
2.3423423e+00 7.5592226e-20 4.6221606e-18 2.5499240e-17
2.3453453e+00 6.6492398e-20 4.0993583e-18 2.2663469e-17
2.3483483e+00 5.8477423e-20 3.6339982e-18 2.0133776e-17
2.3513514e+00 5.1421491e-20 3.2206933e-18 1.7887218e-17
2.3543544e+00 4.5219260e-20 2.8536008e-18 1.5893255e-17
2.3573574e+00 3.9754963e-20 2.5280448e-18 1.4121377e-17
2.3603604e+00 3.4947094e-20 2.2402710e-18 1.2537316e-17
2.3633634e+00 3.0716567e-20 1.9848499e-18 1.1138133e-17
2.3663664e+00 2.6995463e-20 1.7578903e-18 9.8934659e-18
2.3693694e+00 2.3721550e-20 1.5560952e-18 8.7836930e-18
2.3723724e+00 2.0840138e-20 1.3774721e-18 7.7965060e-18
2.3753754e+00 1.8309973e-20 1.2186169e-18 6.9179685e-18
2.3783784e+00 1.6075916e-20 1.0785335e-18 6.1381759e-18
2.3813814e+00 1.4112625e-20 9.5436263e-19 5.4427983e-18
2.3843844e+00 1.2384370e-20 8.4413010e-19 4.8250730e-18
2.3873874e+00 1.0873041e-20 7.4638433e-19 4.2783486e-18
2.3903904e+00 9.5328195e-21 6.5948234e-19 3.7916237e-18
2.3933934e+00 8.3548871e-21 5.8278869e-19 3.3603860e-18
2.3963964e+00 7.3260638e-21 5.1476566e-19 2.9796535e-18
2.3993994e+00 6.4232102e-21 4.5464999e-19 2.6418233e-18
2.4024024e+00 5.6258631e-21 4.0151083e-19 2.3403511e-18
2.4054054e+00 4.9290007e-21 3.5440445e-19 2.0737278e-18
2.4084084e+00 4.3179303e-21 3.1306895e-19 1.8363235e-18
2.4114114e+00 3.7836470e-21 2.7643245e-19 1.6253261e-18
2.4144144e+00 3.3134516e-21 2.4389430e-19 1.4379925e-18
2.4174174e+00 2.9042430e-21 2.1505307e-19 1.2718474e-18
2.4204204e+00 2.5446933e-21 1.8971786e-19 1.1251555e-18
2.4234234e+00 2.2284341e-21 1.6741075e-19 9.9526789e-19
2.4264264e+00 1.9508489e-21 1.4767629e-19 8.8046232e-19
2.4294294e+00 1.7071650e-21 1.3025144e-19 7.7836912e-19
2.4324324e+00 1.4945093e-21 1.1483612e-19 6.8803514e-19
2.4354354e+00 1.3079517e-21 1.0123488e-19 6.0774851e-19
2.4384384e+00 1.1448385e-21 8.9237647e-20 5.3713165e-19
2.4414414e+00 1.0009152e-21 7.8648060e-20 4.7460506e-19
2.4444444e+00 8.7469270e-22 6.9254259e-20 4.1942993e-19
2.4474474e+00 7.6463216e-22 6.0976036e-20 3.7044667e-19
2.4504505e+00 6.6844541e-22 5.3682220e-20 3.2728578e-19
2.4534535e+00 5.8416139e-22 4.7285454e-20 2.8895254e-19
2.4564565e+00 5.1051850e-22 4.1621081e-20 2.5505297e-19
2.4594595e+00 4.4593838e-22 3.6641020e-20 2.2503478e-19
2.4624625e+00 3.8945073e-22 3.2229037e-20 1.9860221e-19
2.4654655e+00 3.3994586e-22 2.8347930e-20 1.7518744e-19
2.4684685e+00 2.9661501e-22 2.4928592e-20 1.5452514e-19
2.4714715e+00 2.5864792e-22 2.1933110e-20 1.3626110e-19
2.4744745e+00 2.2546267e-22 1.9280835e-20 1.2010155e-19
2.4774775e+00 1.9657375e-22 1.6937382e-20 1.0582171e-19
2.4804805e+00 1.7148350e-22 1.4880306e-20 9.3309473e-20
2.4834835e+00 1.4955181e-22 1.3074239e-20 8.2207917e-20
2.4864865e+00 1.3045700e-22 1.1490092e-20 7.2417637e-20
2.4894895e+00 1.1375980e-22 1.0087703e-20 6.3762559e-20
2.4924925e+00 9.9116163e-23 8.8555201e-21 5.6128774e-20
2.4954955e+00 8.6381857e-23 7.7705780e-21 4.9398078e-20
2.4984985e+00 7.5242959e-23 6.8209721e-21 4.3468272e-20
2.5015015e+00 6.5560015e-23 5.9857043e-21 3.8251629e-20
2.5045045e+00 5.7087136e-23 5.2529259e-21 3.3651629e-20
2.5075075e+00 4.9702885e-23 4.6094993e-21 2.9596710e-20
2.5105105e+00 4.3301962e-23 4.0430881e-21 2.6031694e-20
2.5135135e+00 3.7676970e-23 3.5459741e-21 2.2881749e-20
2.5165165e+00 3.2825378e-23 3.1080177e-21 2.0115946e-20
2.5195195e+00 2.8586001e-23 2.7256053e-21 1.7681188e-20
2.5225225e+00 2.4880258e-23 2.3872026e-21 1.5532118e-20
2.5255255e+00 2.1633667e-23 2.0912794e-21 1.3645610e-20
2.5285285e+00 1.8806558e-23 1.8324164e-21 1.1986314e-20
2.5315315e+00 1.6348008e-23 1.6053221e-21 1.0525849e-20
2.5345345e+00 1.4206285e-23 1.4051016e-21 9.2433527e-21
2.5375375e+00 1.2342158e-23 1.2298869e-21 8.1184273e-21
2.5405405e+00 1.0725927e-23 1.0761947e-21 7.1286272e-21
2.5435435e+00 9.3246808e-24 9.4210434e-22 6.2550580e-21
2.5465465e+00 8.1007050e-24 8.2402308e-22 5.4880376e-21
2.5495495e+00 7.0308907e-24 7.2063771e-22 4.8125825e-21
2.5525526e+00 6.1008789e-24 6.3009579e-22 4.2196751e-21
2.5555556e+00 5.2919591e-24 5.5120877e-22 3.6989533e-21
2.5585586e+00 4.5953587e-24 4.8200252e-22 3.2424239e-21
2.5615616e+00 3.9866415e-24 4.2151719e-22 2.8416291e-21
2.5645646e+00 3.4569091e-24 3.6842400e-22 2.4892017e-21
2.5675676e+00 3.0002807e-24 3.2197472e-22 2.1806595e-21
2.5705706e+00 2.6016093e-24 2.8130062e-22 1.9097589e-21
2.5735736e+00 2.2539466e-24 2.4575796e-22 1.6721826e-21
2.5765766e+00 1.9542362e-24 2.1462081e-22 1.4643106e-21
2.5795796e+00 1.6934600e-24 1.8743045e-22 1.2819894e-21
2.5825826e+00 1.4669767e-24 1.6364854e-22 1.1219127e-21
2.5855856e+00 1.2703713e-24 1.4286919e-22 9.8178856e-22
2.5885886e+00 1.0999355e-24 1.2472176e-22 8.5888156e-22
2.5915916e+00 9.5280058e-25 1.0880423e-22 7.5107728e-22
2.5945946e+00 8.2548868e-25 9.4920436e-23 6.5640007e-22
2.5975976e+00 7.1483111e-25 8.2785542e-23 5.7406129e-22
2.6006006e+00 6.1844218e-25 7.2199879e-23 5.0190262e-22
2.6036036e+00 5.3517129e-25 6.2943208e-23 4.3860955e-22
2.6066066e+00 4.6278514e-25 5.4865206e-23 3.8323343e-22
2.6096096e+00 4.0022509e-25 4.7799383e-23 3.3482052e-22
2.6126126e+00 3.4615720e-25 4.1629282e-23 2.9251729e-22
2.6156156e+00 2.9939301e-25 3.6252849e-23 2.5541314e-22
2.6186186e+00 2.5890918e-25 3.1573532e-23 2.2303330e-22
2.6216216e+00 2.2385590e-25 2.7495428e-23 1.9483064e-22
2.6246246e+00 1.9352946e-25 2.3929163e-23 1.7010410e-22
2.6276276e+00 1.6722967e-25 2.0820618e-23 1.4844506e-22
2.6306306e+00 1.4452024e-25 1.8127732e-23 1.2952984e-22
2.6336336e+00 1.2477776e-25 1.5771813e-23 1.1303284e-22
2.6366366e+00 1.0778297e-25 1.3714676e-23 9.8621580e-23
2.6396396e+00 9.3086187e-26 1.1927419e-23 8.6019114e-23
2.6426426e+00 8.0358827e-26 1.0368940e-23 7.5017373e-23
2.6456456e+00 6.9352434e-26 9.0141111e-24 6.5393297e-23
2.6486486e+00 5.9805913e-26 7.8340635e-24 5.6976953e-23
2.6516517e+00 5.1514892e-26 6.8070411e-24 4.9631546e-23
2.6546547e+00 4.4405063e-26 5.9157212e-24 4.3245174e-23
2.6576577e+00 3.8306332e-26 5.1407970e-24 3.7677817e-23
2.6606607e+00 3.3038598e-26 4.4649095e-24 3.2815096e-23
2.6636637e+00 2.8467711e-26 3.8758077e-24 2.8574159e-23
2.6666667e+00 2.4526778e-26 3.3648469e-24 2.4871365e-23
2.6696697e+00 2.1133253e-26 2.9209852e-24 2.1644136e-23
2.6726727e+00 1.8206386e-26 2.5353196e-24 1.8840953e-23
2.6756757e+00 1.5682392e-26 2.1987201e-24 1.6396517e-23
2.6786787e+00 1.3504686e-26 1.9065587e-24 1.4268996e-23
2.6816817e+00 1.1627539e-26 1.6531559e-24 1.2408093e-23
2.6846847e+00 1.0008434e-26 1.4328121e-24 1.0789430e-23
2.6876877e+00 8.6154734e-27 1.2424652e-24 9.3841089e-24
2.6906907e+00 7.4129243e-27 1.0768783e-24 8.1618662e-24
2.6936937e+00 6.3766708e-27 9.3331468e-25 7.0925651e-24
2.6966967e+00 5.4837522e-27 8.0869030e-25 6.1654428e-24
2.6996997e+00 4.7119945e-27 7.0076150e-25 5.3532235e-24
2.7027027e+00 4.0476988e-27 6.0685263e-25 4.6476679e-24
2.7057057e+00 3.4771361e-27 5.2533771e-25 4.0373728e-24
2.7087087e+00 2.9867821e-27 4.5475094e-25 3.5062394e-24
2.7117117e+00 2.5668527e-27 3.9380975e-25 3.0423205e-24
2.7147147e+00 2.2065011e-27 3.4077080e-25 2.6409684e-24
2.7177177e+00 1.8948932e-27 2.9489473e-25 2.2918800e-24
2.7207207e+00 1.6281709e-27 2.5521705e-25 1.9891085e-24
2.7237237e+00 1.3987214e-27 2.2081647e-25 1.7253575e-24
2.7267267e+00 1.2015262e-27 1.9097793e-25 1.4970983e-24
2.7297297e+00 1.0319304e-27 1.6518668e-25 1.2986811e-24
2.7327327e+00 8.8579326e-28 1.4276605e-25 1.1251210e-24
2.7357357e+00 7.6002906e-28 1.2332067e-25 9.7540943e-25
2.7387387e+00 6.5199364e-28 1.0656506e-25 8.4486431e-25
2.7417417e+00 5.5920604e-28 9.2097520e-26 7.3124647e-25
2.7447447e+00 4.7952988e-28 7.9588648e-26 6.3301628e-25
2.7477477e+00 4.1094437e-28 6.8741640e-26 5.4793326e-25
2.7507508e+00 3.5200701e-28 5.9348184e-26 4.7462826e-25
2.7537538e+00 3.0169635e-28 5.1252368e-26 4.1088157e-25
2.7567568e+00 2.5843694e-28 4.4229583e-26 3.5557999e-25
2.7597598e+00 2.2114184e-28 3.8171380e-26 3.0760961e-25
2.7627628e+00 1.8933605e-28 3.2944047e-26 2.6603606e-25
2.7657658e+00 1.6211673e-28 2.8404027e-26 2.3015285e-25
2.7687688e+00 1.3871748e-28 2.4480363e-26 1.9898513e-25
2.7717718e+00 1.1868598e-28 2.1106393e-26 1.7197499e-25
2.7747748e+00 1.0156679e-28 1.8189914e-26 1.4861387e-25
2.7777778e+00 8.6941179e-29 1.5677409e-26 1.2842736e-25
2.7807808e+00 7.4354610e-29 1.3515159e-26 1.1096796e-25
2.7837838e+00 6.3626579e-29 1.1648422e-26 9.5853397e-26
2.7867868e+00 5.4348554e-29 1.0031142e-26 8.2747573e-26
2.7897898e+00 4.6497412e-29 8.6361396e-27 7.1471172e-26
2.7927928e+00 3.9776165e-29 7.4339006e-27 6.1735029e-26
2.7957958e+00 3.4019824e-29 6.4005584e-27 5.3278826e-26
2.7987988e+00 2.9090839e-29 5.5069076e-27 4.5988968e-26
2.8018018e+00 2.4858713e-29 4.7399305e-27 3.9664689e-26
2.8048048e+00 2.1238548e-29 4.0790971e-27 3.4212506e-26
2.8078078e+00 1.8125724e-29 3.5081665e-27 2.9506853e-26
2.8108108e+00 1.5475031e-29 3.0170166e-27 2.5449382e-26
2.8138138e+00 1.3204452e-29 2.5949287e-27 2.1936506e-26
2.8168168e+00 1.1267578e-29 2.2305851e-27 1.8905224e-26
2.8198198e+00 9.6137995e-30 1.9170075e-27 1.6294311e-26
2.8228228e+00 8.2060868e-30 1.6477925e-27 1.4042497e-26
2.8258258e+00 7.0034723e-30 1.4156267e-27 1.2103949e-26
2.8288288e+00 5.9756469e-30 1.2150433e-27 1.0425111e-26
2.8318318e+00 5.0978326e-30 1.0430290e-27 8.9820941e-27
2.8348348e+00 4.3480510e-30 8.9517602e-28 7.7379353e-27
2.8378378e+00 3.7073606e-30 7.6859756e-28 6.6620047e-27
2.8408408e+00 3.1596512e-30 6.5974451e-28 5.7325966e-27
2.8438438e+00 2.6913224e-30 5.6624983e-28 4.9320016e-27
2.8468468e+00 2.2935890e-30 4.8578341e-28 4.2442096e-27
2.8498498e+00 1.9528420e-30 4.1687279e-28 3.6494557e-27
2.8528529e+00 1.6624707e-30 3.5754332e-28 3.1366850e-27
2.8558559e+00 1.4159679e-30 3.0660483e-28 2.6974813e-27
2.8588589e+00 1.2050166e-30 2.6290404e-28 2.3191161e-27
2.8618619e+00 1.0252204e-30 2.2533551e-28 1.9925444e-27
2.8648649e+00 8.7211004e-31 1.9303627e-28 1.7120400e-27
2.8678679e+00 7.4184646e-31 1.6539768e-28 1.4717666e-27
2.8708709e+00 6.3082885e-31 1.4164922e-28 1.2639018e-27
2.8738739e+00 5.3621512e-31 1.2132028e-28 1.0854612e-27
2.8768769e+00 4.5584472e-31 1.0385080e-28 9.3175266e-28
2.8798799e+00 3.8745670e-31 8.8879885e-29 7.9970307e-28
2.8828829e+00 3.2925757e-31 7.6074420e-29 6.8634699e-28
2.8858859e+00 2.7978480e-31 6.5098575e-29 5.8874619e-28
2.8888889e+00 2.3771945e-31 5.5713563e-29 5.0496008e-28
2.8918919e+00 2.0184954e-31 4.7666511e-29 4.3303039e-28
2.8948949e+00 1.7137978e-31 4.0768984e-29 3.7121075e-28
2.8978979e+00 1.4548967e-31 3.4859409e-29 3.1827633e-28
2.9009009e+00 1.2350215e-31 2.9805703e-29 2.7291547e-28
2.9039039e+00 1.0482119e-31 2.5472698e-29 2.3402962e-28
2.9069069e+00 8.8947630e-32 2.1774249e-29 2.0050504e-28
2.9099099e+00 7.5477890e-32 1.8607184e-29 1.7166582e-28
2.9129129e+00 6.4045156e-32 1.5902621e-29 1.4697569e-28
2.9159159e+00 5.4335647e-32 1.3583949e-29 1.2590344e-28
2.9189189e+00 4.6080555e-32 1.1596610e-29 1.0774855e-28
2.9219219e+00 3.9040449e-32 9.9023485e-30 9.2246354e-29
2.9249249e+00 3.3092348e-32 8.4546392e-30 7.8905244e-29
2.9279279e+00 2.8046942e-32 7.2162522e-30 6.7526360e-29
2.9309309e+00 2.3763562e-32 6.1578705e-30 5.7757526e-29
2.9339339e+00 2.0119672e-32 5.2539791e-30 4.9402057e-29
2.9369369e+00 1.7029009e-32 4.4799568e-30 4.2235973e-29
2.9399399e+00 1.4413246e-32 3.8196037e-30 3.6118790e-29
2.9429429e+00 1.2199386e-32 3.2551372e-30 3.0879461e-29
2.9459459e+00 1.0326356e-32 2.7741521e-30 2.6393133e-29
2.9489489e+00 8.7372140e-33 2.3638261e-30 2.2562767e-29
2.9519520e+00 7.3915275e-33 2.0149699e-30 1.9283552e-29
2.9549550e+00 6.2567252e-33 1.7167817e-30 1.6468040e-29
2.9579580e+00 5.2936010e-33 1.4623577e-30 1.4060549e-29
2.9609610e+00 4.4754981e-33 1.2449408e-30 1.2003611e-29
2.9639640e+00 3.7860025e-33 1.0603554e-30 1.0244775e-29
2.9669670e+00 3.2004567e-33 9.0294630e-31 8.7438963e-30
2.9699700e+00 2.7061166e-33 7.6850944e-31 7.4639615e-30
2.9729730e+00 2.2876825e-33 6.5410894e-31 6.3686814e-30
2.9759760e+00 1.9328880e-33 5.5665424e-31 5.4346753e-30
2.9789790e+00 1.6327068e-33 4.7349734e-31 4.6346041e-30
2.9819820e+00 1.3790684e-33 4.0270955e-31 3.9516942e-30
2.9849850e+00 1.1646702e-33 3.4242752e-31 3.3699413e-30
2.9879880e+00 9.8341150e-34 2.9093848e-31 2.8733903e-30
2.9909910e+00 8.3019997e-34 2.4717084e-31 2.4484837e-30
2.9939940e+00 7.0026472e-34 2.1010483e-31 2.0869290e-30
2.9969970e+00 5.9024071e-34 1.7855539e-31 1.7786491e-30
3.0000000e+00 4.9759695e-34 1.5167293e-31 1.5145559e-30
