X KDE_INF KDE_MED KDE_SUP
-2.5000000e+01 6.5122251e-03 1.0210936e-02 1.4588138e-02
-2.4984985e+01 6.6755554e-03 1.0456120e-02 1.4927340e-02
-2.4969970e+01 6.8418271e-03 1.0706399e-02 1.5275725e-02
-2.4954955e+01 7.0119086e-03 1.0962350e-02 1.5631063e-02
-2.4939940e+01 7.1848118e-03 1.1222189e-02 1.5989278e-02
-2.4924925e+01 7.3607879e-03 1.1487135e-02 1.6356753e-02
-2.4909910e+01 7.5458795e-03 1.1757067e-02 1.6731045e-02
-2.4894895e+01 7.7300581e-03 1.2033776e-02 1.7108368e-02
-2.4879880e+01 7.9170459e-03 1.2315768e-02 1.7495564e-02
-2.4864865e+01 8.1101285e-03 1.2604610e-02 1.7892709e-02
-2.4849850e+01 8.3072750e-03 1.2899310e-02 1.8296871e-02
-2.4834835e+01 8.5094435e-03 1.3196805e-02 1.8713817e-02
-2.4819820e+01 8.7138671e-03 1.3500101e-02 1.9132517e-02
-2.4804805e+01 8.9268643e-03 1.3811388e-02 1.9556344e-02
-2.4789790e+01 9.1425602e-03 1.4132012e-02 1.9992012e-02
-2.4774775e+01 9.3639758e-03 1.4456745e-02 2.0437696e-02
-2.4759760e+01 9.5881712e-03 1.4786268e-02 2.0889975e-02
-2.4744745e+01 9.8188964e-03 1.5122244e-02 2.1346918e-02
-2.4729730e+01 1.0056082e-02 1.5467894e-02 2.1817612e-02
-2.4714715e+01 1.0295708e-02 1.5818247e-02 2.2297481e-02
-2.4699700e+01 1.0535474e-02 1.6175090e-02 2.2782896e-02
-2.4684685e+01 1.0785473e-02 1.6540628e-02 2.3278671e-02
-2.4669670e+01 1.1037710e-02 1.6912193e-02 2.3782239e-02
-2.4654655e+01 1.1298755e-02 1.7287932e-02 2.4293464e-02
-2.4639640e+01 1.1564513e-02 1.7674077e-02 2.4818409e-02
-2.4624625e+01 1.1836113e-02 1.8063275e-02 2.5351986e-02
-2.4609610e+01 1.2109290e-02 1.8466923e-02 2.5894581e-02
-2.4594595e+01 1.2393101e-02 1.8874268e-02 2.6445269e-02
-2.4579580e+01 1.2679454e-02 1.9289641e-02 2.7006879e-02
-2.4564565e+01 1.2967688e-02 1.9709286e-02 2.7574509e-02
-2.4549550e+01 1.3268709e-02 2.0140539e-02 2.8150540e-02
-2.4534535e+01 1.3568683e-02 2.0580603e-02 2.8743223e-02
-2.4519520e+01 1.3877349e-02 2.1020667e-02 2.9347197e-02
-2.4504505e+01 1.4195722e-02 2.1476814e-02 2.9959824e-02
-2.4489489e+01 1.4517852e-02 2.1940919e-02 3.0584670e-02
-2.4474474e+01 1.4847853e-02 2.2418237e-02 3.1216475e-02
-2.4459459e+01 1.5184586e-02 2.2898136e-02 3.1856779e-02
-2.4444444e+01 1.5525702e-02 2.3382469e-02 3.2505679e-02
-2.4429429e+01 1.5868439e-02 2.3876009e-02 3.3171854e-02
-2.4414414e+01 1.6221382e-02 2.4372757e-02 3.3852005e-02
-2.4399399e+01 1.6587414e-02 2.4882952e-02 3.4536618e-02
-2.4384384e+01 1.6950940e-02 2.5407101e-02 3.5244028e-02
-2.4369369e+01 1.7333230e-02 2.5941469e-02 3.5960840e-02
-2.4354354e+01 1.7717733e-02 2.6487840e-02 3.6695314e-02
-2.4339339e+01 1.8107046e-02 2.7042573e-02 3.7435679e-02
-2.4324324e+01 1.8501414e-02 2.7598804e-02 3.8189389e-02
-2.4309309e+01 1.8907358e-02 2.8165476e-02 3.8942105e-02
-2.4294294e+01 1.9312836e-02 2.8747092e-02 3.9715192e-02
-2.4279279e+01 1.9733446e-02 2.9339015e-02 4.0499219e-02
-2.4264264e+01 2.0165817e-02 2.9945500e-02 4.1295338e-02
-2.4249249e+01 2.0608904e-02 3.0553091e-02 4.2094216e-02
-2.4234234e+01 2.1052505e-02 3.1175151e-02 4.2918251e-02
-2.4219219e+01 2.1503791e-02 3.1804645e-02 4.3748006e-02
-2.4204204e+01 2.1957596e-02 3.2449516e-02 4.4606842e-02
-2.4189189e+01 2.2427123e-02 3.3101252e-02 4.5468294e-02
-2.4174174e+01 2.2899556e-02 3.3769830e-02 4.6340816e-02
-2.4159159e+01 2.3386886e-02 3.4438964e-02 4.7239160e-02
-2.4144144e+01 2.3874816e-02 3.5121461e-02 4.8130613e-02
-2.4129129e+01 2.4373334e-02 3.5820324e-02 4.9049087e-02
-2.4114114e+01 2.4881073e-02 3.6527833e-02 4.9987473e-02
-2.4099099e+01 2.5395725e-02 3.7244725e-02 5.0941832e-02
-2.4084084e+01 2.5928166e-02 3.7975496e-02 5.1915774e-02
-2.4069069e+01 2.6454534e-02 3.8719885e-02 5.2900535e-02
-2.4054054e+01 2.7000400e-02 3.9470018e-02 5.3888975e-02
-2.4039039e+01 2.7549369e-02 4.0234246e-02 5.4893617e-02
-2.4024024e+01 2.8109792e-02 4.1002519e-02 5.5911497e-02
-2.4009009e+01 2.8680256e-02 4.1786502e-02 5.6943172e-02
-2.3993994e+01 2.9272450e-02 4.2593292e-02 5.7993593e-02
-2.3978979e+01 2.9861798e-02 4.3404679e-02 5.9056267e-02
-2.3963964e+01 3.0475400e-02 4.4227231e-02 6.0131733e-02
-2.3948949e+01 3.1087213e-02 4.5062388e-02 6.1225858e-02
-2.3933934e+01 3.1709298e-02 4.5923799e-02 6.2324180e-02
-2.3918919e+01 3.2337316e-02 4.6790506e-02 6.3437586e-02
-2.3903904e+01 3.2982083e-02 4.7658365e-02 6.4559710e-02
-2.3888889e+01 3.3621624e-02 4.8558867e-02 6.5708391e-02
-2.3873874e+01 3.4281415e-02 4.9469659e-02 6.6877286e-02
-2.3858859e+01 3.4956724e-02 5.0385588e-02 6.8059293e-02
-2.3843844e+01 3.5645541e-02 5.1312600e-02 6.9254077e-02
-2.3828829e+01 3.6347651e-02 5.2258479e-02 7.0462821e-02
-2.3813814e+01 3.7068255e-02 5.3204649e-02 7.1716079e-02
-2.3798799e+01 3.7788167e-02 5.4170354e-02 7.2967025e-02
-2.3783784e+01 3.8522419e-02 5.5152865e-02 7.4233178e-02
-2.3768769e+01 3.9271576e-02 5.6149307e-02 7.5506240e-02
-2.3753754e+01 4.0016852e-02 5.7164560e-02 7.6803466e-02
-2.3738739e+01 4.0792912e-02 5.8187561e-02 7.8127525e-02
-2.3723724e+01 4.1554199e-02 5.9235551e-02 7.9458722e-02
-2.3708709e+01 4.2336693e-02 6.0292794e-02 8.0801581e-02
-2.3693694e+01 4.3139047e-02 6.1356718e-02 8.2192628e-02
-2.3678679e+01 4.3960010e-02 6.2441701e-02 8.3593453e-02
-2.3663664e+01 4.4787317e-02 6.3540485e-02 8.5001867e-02
-2.3648649e+01 4.5624961e-02 6.4669858e-02 8.6418622e-02
-2.3633634e+01 4.6470399e-02 6.5799834e-02 8.7866222e-02
-2.3618619e+01 4.7348684e-02 6.6947002e-02 8.9343937e-02
-2.3603604e+01 4.8211249e-02 6.8100093e-02 9.0831093e-02
-2.3588589e+01 4.9102212e-02 6.9281384e-02 9.2322420e-02
-2.3573574e+01 4.9987110e-02 7.0479411e-02 9.3847979e-02
-2.3558559e+01 5.0923001e-02 7.1695544e-02 9.5390865e-02
-2.3543544e+01 5.1873397e-02 7.2914958e-02 9.6945095e-02
-2.3528529e+01 5.2818743e-02 7.4164074e-02 9.8500402e-02
-2.3513514e+01 5.3782091e-02 7.5414982e-02 1.0008703e-01
-2.3498498e+01 5.4730876e-02 7.6693961e-02 1.0168208e-01
-2.3483483e+01 5.5700637e-02 7.7972390e-02 1.0332767e-01
-2.3468468e+01 5.6697456e-02 7.9277276e-02 1.0497248e-01
-2.3453453e+01 5.7690413e-02 8.0595371e-02 1.0663514e-01
-2.3438438e+01 5.8707099e-02 8.1933112e-02 1.0831002e-01
-2.3423423e+01 5.9739197e-02 8.3294989e-02 1.0999628e-01
-2.3408408e+01 6.0796888e-02 8.4659084e-02 1.1171284e-01
-2.3393393e+01 6.1855682e-02 8.6068199e-02 1.1347254e-01
-2.3378378e+01 6.2923422e-02 8.7473980e-02 1.1518847e-01
-2.3363363e+01 6.3990847e-02 8.8898343e-02 1.1694659e-01
-2.3348348e+01 6.5111947e-02 9.0342876e-02 1.1875026e-01
-2.3333333e+01 6.6240803e-02 9.1811341e-02 1.2058906e-01
-2.3318318e+01 6.7373307e-02 9.3277192e-02 1.2241324e-01
-2.3303303e+01 6.8522682e-02 9.4780586e-02 1.2427238e-01
-2.3288288e+01 6.9680372e-02 9.6293521e-02 1.2615236e-01
-2.3273273e+01 7.0885158e-02 9.7832224e-02 1.2806871e-01
-2.3258258e+01 7.2072484e-02 9.9393340e-02 1.2998603e-01
-2.3243243e+01 7.3302955e-02 1.0096161e-01 1.3193610e-01
-2.3228228e+01 7.4529334e-02 1.0255359e-01 1.3393331e-01
-2.3213213e+01 7.5781429e-02 1.0415938e-01 1.3592898e-01
-2.3198198e+01 7.7037672e-02 1.0579129e-01 1.3791420e-01
-2.3183183e+01 7.8318856e-02 1.0743005e-01 1.3993711e-01
-2.3168168e+01 7.9615314e-02 1.0909343e-01 1.4199678e-01
-2.3153153e+01 8.0926172e-02 1.1075303e-01 1.4410100e-01
-2.3138138e+01 8.2274583e-02 1.1246827e-01 1.4618361e-01
-2.3123123e+01 8.3623245e-02 1.1417317e-01 1.4827488e-01
-2.3108108e+01 8.4962298e-02 1.1591739e-01 1.5043739e-01
-2.3093093e+01 8.6356393e-02 1.1769100e-01 1.5255754e-01
-2.3078078e+01 8.7740584e-02 1.1947856e-01 1.5477671e-01
-2.3063063e+01 8.9161587e-02 1.2126170e-01 1.5697599e-01
-2.3048048e+01 9.0599747e-02 1.2304661e-01 1.5919722e-01
-2.3033033e+01 9.2059350e-02 1.2485476e-01 1.6143838e-01
-2.3018018e+01 9.3523392e-02 1.2670601e-01 1.6367439e-01
-2.3003003e+01 9.5025906e-02 1.2857703e-01 1.6593987e-01
-2.2987988e+01 9.6543821e-02 1.3047849e-01 1.6824088e-01
-2.2972973e+01 9.8107093e-02 1.3237242e-01 1.7054019e-01
-2.2957958e+01 9.9671742e-02 1.3433151e-01 1.7289799e-01
-2.2942943e+01 1.0125015e-01 1.3629585e-01 1.7525084e-01
-2.2927928e+01 1.0282587e-01 1.3827927e-01 1.7764815e-01
-2.2912913e+01 1.0443325e-01 1.4027544e-01 1.8008223e-01
-2.2897898e+01 1.0607285e-01 1.4229334e-01 1.8251011e-01
-2.2882883e+01 1.0769514e-01 1.4432630e-01 1.8493212e-01
-2.2867868e+01 1.0931865e-01 1.4636793e-01 1.8738488e-01
-2.2852853e+01 1.1100805e-01 1.4844403e-01 1.8991940e-01
-2.2837838e+01 1.1268386e-01 1.5051743e-01 1.9241781e-01
-2.2822823e+01 1.1440086e-01 1.5264999e-01 1.9500620e-01
-2.2807808e+01 1.1612587e-01 1.5474283e-01 1.9755361e-01
-2.2792793e+01 1.1788632e-01 1.5691461e-01 2.0014677e-01
-2.2777778e+01 1.1963387e-01 1.5905477e-01 2.0272445e-01
-2.2762763e+01 1.2138920e-01 1.6122193e-01 2.0535982e-01
-2.2747748e+01 1.2318496e-01 1.6342128e-01 2.0800302e-01
-2.2732733e+01 1.2497411e-01 1.6565872e-01 2.1065229e-01
-2.2717718e+01 1.2679563e-01 1.6791468e-01 2.1329944e-01
-2.2702703e+01 1.2864273e-01 1.7017536e-01 2.1600816e-01
-2.2687688e+01 1.3052481e-01 1.7248210e-01 2.1870217e-01
-2.2672673e+01 1.3238057e-01 1.7483887e-01 2.2141686e-01
-2.2657658e+01 1.3429484e-01 1.7714903e-01 2.2421348e-01
-2.2642643e+01 1.3625165e-01 1.7948357e-01 2.2699218e-01
-2.2627628e+01 1.3816527e-01 1.8180873e-01 2.2979556e-01
-2.2612613e+01 1.4014088e-01 1.8417823e-01 2.3261966e-01
-2.2597598e+01 1.4210971e-01 1.8659546e-01 2.3549679e-01
-2.2582583e+01 1.4409985e-01 1.8905545e-01 2.3837315e-01
-2.2567568e+01 1.4611571e-01 1.9152891e-01 2.4125581e-01
-2.2552553e+01 1.4813465e-01 1.9403000e-01 2.4416997e-01
-2.2537538e+01 1.5016970e-01 1.9646173e-01 2.4706909e-01
-2.2522523e+01 1.5229919e-01 1.9895575e-01 2.4998849e-01
-2.2507508e+01 1.5441154e-01 2.0148675e-01 2.5296788e-01
-2.2492492e+01 1.5655587e-01 2.0403997e-01 2.5588973e-01
-2.2477477e+01 1.5868417e-01 2.0656836e-01 2.5883088e-01
-2.2462462e+01 1.6086033e-01 2.0915172e-01 2.6185257e-01
-2.2447447e+01 1.6303593e-01 2.1175376e-01 2.6490563e-01
-2.2432432e+01 1.6527681e-01 2.1439875e-01 2.6791480e-01
-2.2417417e+01 1.6750485e-01 2.1702426e-01 2.7101744e-01
-2.2402402e+01 1.6978919e-01 2.1972560e-01 2.7412328e-01
-2.2387387e+01 1.7207663e-01 2.2243397e-01 2.7727653e-01
-2.2372372e+01 1.7433372e-01 2.2514283e-01 2.8043454e-01
-2.2357357e+01 1.7664203e-01 2.2782518e-01 2.8353973e-01
-2.2342342e+01 1.7894653e-01 2.3060470e-01 2.8663786e-01
-2.2327327e+01 1.8124361e-01 2.3335214e-01 2.8982780e-01
-2.2312312e+01 1.8358936e-01 2.3614312e-01 2.9302438e-01
-2.2297297e+01 1.8595284e-01 2.3899560e-01 2.9627468e-01
-2.2282282e+01 1.8839974e-01 2.4181329e-01 2.9956200e-01
-2.2267267e+01 1.9087386e-01 2.4456685e-01 3.0282684e-01
-2.2252252e+01 1.9330857e-01 2.4738393e-01 3.0606546e-01
-2.2237237e+01 1.9577538e-01 2.5028135e-01 3.0932611e-01
-2.2222222e+01 1.9832101e-01 2.5321683e-01 3.1260900e-01
-2.2207207e+01 2.0079464e-01 2.5616307e-01 3.1589043e-01
-2.2192192e+01 2.0325542e-01 2.5908626e-01 3.1923131e-01
-2.2177177e+01 2.0581740e-01 2.6204955e-01 3.2263092e-01
-2.2162162e+01 2.0833854e-01 2.6507302e-01 3.2601690e-01
-2.2147147e+01 2.1086970e-01 2.6801611e-01 3.2941464e-01
-2.2132132e+01 2.1341904e-01 2.7099412e-01 3.3277427e-01
-2.2117117e+01 2.1602556e-01 2.7404780e-01 3.3621421e-01
-2.2102102e+01 2.1863911e-01 2.7705081e-01 3.3960052e-01
-2.2087087e+01 2.2128626e-01 2.8011398e-01 3.4299993e-01
-2.2072072e+01 2.2391831e-01 2.8318167e-01 3.4643379e-01
-2.2057057e+01 2.2656050e-01 2.8630918e-01 3.4990341e-01
-2.2042042e+01 2.2929818e-01 2.8944826e-01 3.5341145e-01
-2.2027027e+01 2.3202729e-01 2.9264273e-01 3.5688423e-01
-2.2012012e+01 2.3475146e-01 2.9584126e-01 3.6044803e-01
-2.1996997e+01 2.3761280e-01 2.9898826e-01 3.6400522e-01
-2.1981982e+01 2.4046202e-01 3.0216280e-01 3.6765592e-01
-2.1966967e+01 2.4328998e-01 3.0539865e-01 3.7130632e-01
-2.1951952e+01 2.4611630e-01 3.0861810e-01 3.7495970e-01
-2.1936937e+01 2.4902826e-01 3.1186235e-01 3.7860815e-01
-2.1921922e+01 2.5187478e-01 3.1511556e-01 3.8221832e-01
-2.1906907e+01 2.5474915e-01 3.1834992e-01 3.8590482e-01
-2.1891892e+01 2.5771713e-01 3.2156541e-01 3.8965058e-01
-2.1876877e+01 2.6060119e-01 3.2488610e-01 3.9330684e-01
-2.1861862e+01 2.6351659e-01 3.2823176e-01 3.9704780e-01
-2.1846847e+01 2.6648723e-01 3.3164016e-01 4.0077431e-01
-2.1831832e+01 2.6946794e-01 3.3493131e-01 4.0443333e-01
-2.1816817e+01 2.7246621e-01 3.3830289e-01 4.0810744e-01
-2.1801802e+01 2.7546389e-01 3.4169827e-01 4.1194167e-01
-2.1786787e+01 2.7854821e-01 3.4511604e-01 4.1568869e-01
-2.1771772e+01 2.8159600e-01 3.4855823e-01 4.1942361e-01
-2.1756757e+01 2.8464232e-01 3.5198348e-01 4.2312838e-01
-2.1741742e+01 2.8762370e-01 3.5545087e-01 4.2692165e-01
-2.1726727e+01 2.9066575e-01 3.5888041e-01 4.3071445e-01
-2.1711712e+01 2.9382157e-01 3.6235768e-01 4.3458970e-01
-2.1696697e+01 2.9693498e-01 3.6585091e-01 4.3838493e-01
-2.1681682e+01 3.0016379e-01 3.6939916e-01 4.4223497e-01
-2.1666667e+01 3.0331981e-01 3.7289360e-01 4.4615217e-01
-2.1651652e+01 3.0650579e-01 3.7642413e-01 4.4998429e-01
-2.1636637e+01 3.0968625e-01 3.8001296e-01 4.5382381e-01
-2.1621622e+01 3.1283309e-01 3.8360848e-01 4.5770682e-01
-2.1606607e+01 3.1613763e-01 3.8717623e-01 4.6162889e-01
-2.1591592e+01 3.1938149e-01 3.9069561e-01 4.6561860e-01
-2.1576577e+01 3.2266272e-01 3.9423694e-01 4.6947054e-01
-2.1561562e+01 3.2583846e-01 3.9779961e-01 4.7348986e-01
-2.1546547e+01 3.2916325e-01 4.0144158e-01 4.7743013e-01
-2.1531532e+01 3.3249450e-01 4.0510248e-01 4.8128616e-01
-2.1516517e+01 3.3583131e-01 4.0875855e-01 4.8529087e-01
-2.1501502e+01 3.3915729e-01 4.1235439e-01 4.8920163e-01
-2.1486486e+01 3.4249623e-01 4.1601472e-01 4.9324391e-01
-2.1471471e+01 3.4595373e-01 4.1972294e-01 4.9731912e-01
-2.1456456e+01 3.4935970e-01 4.2350754e-01 5.0127620e-01
-2.1441441e+01 3.5269347e-01 4.2726430e-01 5.0534099e-01
-2.1426426e+01 3.5603774e-01 4.3100144e-01 5.0933067e-01
-2.1411411e+01 3.5947083e-01 4.3479303e-01 5.1331848e-01
-2.1396396e+01 3.6295108e-01 4.3857011e-01 5.1725517e-01
-2.1381381e+01 3.6642506e-01 4.4236519e-01 5.2118155e-01
-2.1366366e+01 3.6987829e-01 4.4607407e-01 5.2512203e-01
-2.1351351e+01 3.7326429e-01 4.4984206e-01 5.2910597e-01
-2.1336336e+01 3.7681000e-01 4.5358979e-01 5.3314166e-01
-2.1321321e+01 3.8036373e-01 4.5744461e-01 5.3721229e-01
-2.1306306e+01 3.8384251e-01 4.6129877e-01 5.4121848e-01
-2.1291291e+01 3.8738915e-01 4.6506070e-01 5.4537149e-01
-2.1276276e+01 3.9095637e-01 4.6885779e-01 5.4928907e-01
-2.1261261e+01 3.9457765e-01 4.7264194e-01 5.5329802e-01
-2.1246246e+01 3.9809546e-01 4.7648688e-01 5.5732189e-01
-2.1231231e+01 4.0166368e-01 4.8019273e-01 5.6127741e-01
-2.1216216e+01 4.0524317e-01 4.8402969e-01 5.6530177e-01
-2.1201201e+01 4.0887563e-01 4.8784317e-01 5.6942094e-01
-2.1186186e+01 4.1248723e-01 4.9169303e-01 5.7343961e-01
-2.1171171e+01 4.1602751e-01 4.9553319e-01 5.7740257e-01
-2.1156156e+01 4.1967830e-01 4.9936354e-01 5.8148643e-01
-2.1141141e+01 4.2330062e-01 5.0317706e-01 5.8553474e-01
-2.1126126e+01 4.2688151e-01 5.0707796e-01 5.8960116e-01
-2.1111111e+01 4.3062914e-01 5.1100159e-01 5.9360667e-01
-2.1096096e+01 4.3431337e-01 5.1487958e-01 5.9766100e-01
-2.1081081e+01 4.3802532e-01 5.1872478e-01 6.0179023e-01
-2.1066066e+01 4.4173907e-01 5.2265329e-01 6.0578941e-01
-2.1051051e+01 4.4539852e-01 5.2651487e-01 6.0986082e-01
-2.1036036e+01 4.4908177e-01 5.3037912e-01 6.1395910e-01
-2.1021021e+01 4.5281793e-01 5.3430691e-01 6.1814330e-01
-2.1006006e+01 4.5655657e-01 5.3821182e-01 6.2214040e-01
-2.0990991e+01 4.6032456e-01 5.4214815e-01 6.2612939e-01
-2.0975976e+01 4.6404352e-01 5.4607559e-01 6.2997384e-01
-2.0960961e+01 4.6778892e-01 5.4994887e-01 6.3401610e-01
-2.0945946e+01 4.7156460e-01 5.5385973e-01 6.3795282e-01
-2.0930931e+01 4.7528314e-01 5.5772711e-01 6.4186324e-01
-2.0915916e+01 4.7909953e-01 5.6163530e-01 6.4578053e-01
-2.0900901e+01 4.8277789e-01 5.6568179e-01 6.4988694e-01
-2.0885886e+01 4.8663252e-01 5.6950664e-01 6.5395367e-01
-2.0870871e+01 4.9036694e-01 5.7355501e-01 6.5797216e-01
-2.0855856e+01 4.9418498e-01 5.7737008e-01 6.6195250e-01
-2.0840841e+01 4.9794518e-01 5.8119915e-01 6.6596646e-01
-2.0825826e+01 5.0174950e-01 5.8511563e-01 6.7000829e-01
-2.0810811e+01 5.0556319e-01 5.8902433e-01 6.7400244e-01
-2.0795796e+01 5.0921055e-01 5.9288067e-01 6.7789515e-01
-2.0780781e+01 5.1302006e-01 5.9678060e-01 6.8180169e-01
-2.0765766e+01 5.1670784e-01 6.0064355e-01 6.8572835e-01
-2.0750751e+01 5.2045792e-01 6.0450082e-01 6.8962920e-01
-2.0735736e+01 5.2419474e-01 6.0841810e-01 6.9363466e-01
-2.0720721e+01 5.2809858e-01 6.1237513e-01 6.9749226e-01
-2.0705706e+01 5.3190711e-01 6.1631188e-01 7.0144421e-01
-2.0690691e+01 5.3578215e-01 6.2007016e-01 7.0538903e-01
-2.0675676e+01 5.3954021e-01 6.2402960e-01 7.0934989e-01
-2.0660661e+01 5.4323699e-01 6.2782696e-01 7.1315675e-01
-2.0645646e+01 5.4689878e-01 6.3171305e-01 7.1702904e-01
-2.0630631e+01 5.5063675e-01 6.3558549e-01 7.2096435e-01
-2.0615616e+01 5.5437597e-01 6.3944661e-01 7.2479043e-01
-2.0600601e+01 5.5818962e-01 6.4328308e-01 7.2866889e-01
-2.0585586e+01 5.6198396e-01 6.4712219e-01 7.3263321e-01
-2.0570571e+01 5.6580059e-01 6.5100086e-01 7.3651257e-01
-2.0555556e+01 5.6965483e-01 6.5498451e-01 7.4041205e-01
-2.0540541e+01 5.7353036e-01 6.5886115e-01 7.4416202e-01
-2.0525526e+01 5.7739644e-01 6.6271416e-01 7.4805500e-01
-2.0510511e+01 5.8122165e-01 6.6646309e-01 7.5186659e-01
-2.0495495e+01 5.8495868e-01 6.7023380e-01 7.5576478e-01
-2.0480480e+01 5.8879816e-01 6.7405111e-01 7.5951637e-01
-2.0465465e+01 5.9258277e-01 6.7787686e-01 7.6330837e-01
-2.0450450e+01 5.9628647e-01 6.8174445e-01 7.6703058e-01
-2.0435435e+01 6.0007695e-01 6.8561232e-01 7.7070647e-01
-2.0420420e+01 6.0387665e-01 6.8933289e-01 7.7439205e-01
-2.0405405e+01 6.0765400e-01 6.9320674e-01 7.7815031e-01
-2.0390390e+01 6.1134039e-01 6.9695282e-01 7.8184502e-01
-2.0375375e+01 6.1502169e-01 7.0079224e-01 7.8556787e-01
-2.0360360e+01 6.1882503e-01 7.0448869e-01 7.8928389e-01
-2.0345345e+01 6.2260281e-01 7.0818287e-01 7.9290583e-01
-2.0330330e+01 6.2617665e-01 7.1196371e-01 7.9655357e-01
-2.0315315e+01 6.2990660e-01 7.1565537e-01 8.0023382e-01
-2.0300300e+01 6.3365551e-01 7.1926088e-01 8.0387784e-01
-2.0285285e+01 6.3738139e-01 7.2295122e-01 8.0760793e-01
-2.0270270e+01 6.4116363e-01 7.2652881e-01 8.1122308e-01
-2.0255255e+01 6.4495558e-01 7.3034527e-01 8.1474271e-01
-2.0240240e+01 6.4873173e-01 7.3400777e-01 8.1814930e-01
-2.0225225e+01 6.5250016e-01 7.3761201e-01 8.2164666e-01
-2.0210210e+01 6.5606201e-01 7.4119684e-01 8.2522524e-01
-2.0195195e+01 6.5974984e-01 7.4484289e-01 8.2869373e-01
-2.0180180e+01 6.6344377e-01 7.4841411e-01 8.3201125e-01
-2.0165165e+01 6.6713418e-01 7.5197535e-01 8.3523690e-01
-2.0150150e+01 6.7075367e-01 7.5557614e-01 8.3857377e-01
-2.0135135e+01 6.7431216e-01 7.5912706e-01 8.4198159e-01
-2.0120120e+01 6.7804644e-01 7.6267475e-01 8.4538102e-01
-2.0105105e+01 6.8150280e-01 7.6628249e-01 8.4878370e-01
-2.0090090e+01 6.8507446e-01 7.6983119e-01 8.5209898e-01
-2.0075075e+01 6.8865294e-01 7.7336614e-01 8.5549282e-01
-2.0060060e+01 6.9230675e-01 7.7690409e-01 8.5889863e-01
-2.0045045e+01 6.9573312e-01 7.8038212e-01 8.6200243e-01
-2.0030030e+01 6.9917059e-01 7.8384083e-01 8.6524611e-01
-2.0015015e+01 7.0279439e-01 7.8731823e-01 8.6854545e-01
-2.0000000e+01 7.0636876e-01 7.9068944e-01 8.7176198e-01
-1.9984985e+01 7.0990770e-01 7.9412094e-01 8.7487732e-01
-1.9969970e+01 7.1339541e-01 7.9760236e-01 8.7821658e-01
-1.9954955e+01 7.1689302e-01 8.0112170e-01 8.8142575e-01
-1.9939940e+01 7.2053351e-01 8.0432472e-01 8.8448623e-01
-1.9924925e+01 7.2399596e-01 8.0764933e-01 8.8746354e-01
-1.9909910e+01 7.2746111e-01 8.1089344e-01 8.9060714e-01
-1.9894895e+01 7.3089035e-01 8.1415809e-01 8.9363940e-01
-1.9879880e+01 7.3442397e-01 8.1739233e-01 8.9666036e-01
-1.9864865e+01 7.3778369e-01 8.2055781e-01 8.9957637e-01
-1.9849850e+01 7.4100694e-01 8.2377932e-01 9.0258761e-01
-1.9834835e+01 7.4430573e-01 8.2693184e-01 9.0557141e-01
-1.9819820e+01 7.4772220e-01 8.3016676e-01 9.0851346e-01
-1.9804805e+01 7.5095503e-01 8.3334161e-01 9.1153624e-01
-1.9789790e+01 7.5420438e-01 8.3649421e-01 9.1458898e-01
-1.9774775e+01 7.5745500e-01 8.3950444e-01 9.1738590e-01
-1.9759760e+01 7.6064541e-01 8.4263085e-01 9.2034261e-01
-1.9744745e+01 7.6379683e-01 8.4566045e-01 9.2322228e-01
-1.9729730e+01 7.6710148e-01 8.4868254e-01 9.2615968e-01
-1.9714715e+01 7.7027871e-01 8.5170355e-01 9.2896527e-01
-1.9699700e+01 7.7355394e-01 8.5475845e-01 9.3170109e-01
-1.9684685e+01 7.7664749e-01 8.5766474e-01 9.3435781e-01
-1.9669670e+01 7.7979276e-01 8.6056898e-01 9.3707967e-01
-1.9654655e+01 7.8280737e-01 8.6350807e-01 9.3979401e-01
-1.9639640e+01 7.8591047e-01 8.6632030e-01 9.4260275e-01
-1.9624625e+01 7.8898555e-01 8.6925729e-01 9.4522720e-01
-1.9609610e+01 7.9200976e-01 8.7208814e-01 9.4784395e-01
-1.9594595e+01 7.9496220e-01 8.7490638e-01 9.5030912e-01
-1.9579580e+01 7.9786496e-01 8.7767902e-01 9.5291644e-01
-1.9564565e+01 8.0088704e-01 8.8038979e-01 9.5543147e-01
-1.9549550e+01 8.0394435e-01 8.8303809e-01 9.5797481e-01
-1.9534535e+01 8.0671126e-01 8.8577024e-01 9.6047411e-01
-1.9519520e+01 8.0967791e-01 8.8838681e-01 9.6283755e-01
-1.9504505e+01 8.1243162e-01 8.9101093e-01 9.6520938e-01
-1.9489489e+01 8.1536882e-01 8.9367700e-01 9.6767455e-01
-1.9474474e+01 8.1818678e-01 8.9633251e-01 9.7013850e-01
-1.9459459e+01 8.2105038e-01 8.9889613e-01 9.7259214e-01
-1.9444444e+01 8.2370481e-01 9.0144763e-01 9.7489032e-01
-1.9429429e+01 8.2633463e-01 9.0395034e-01 9.7714869e-01
-1.9414414e+01 8.2902745e-01 9.0646825e-01 9.7942395e-01
-1.9399399e+01 8.3175111e-01 9.0889828e-01 9.8169424e-01
-1.9384384e+01 8.3433866e-01 9.1128829e-01 9.8379025e-01
-1.9369369e+01 8.3693010e-01 9.1371805e-01 9.8596236e-01
-1.9354354e+01 8.3963721e-01 9.1605496e-01 9.8817201e-01
-1.9339339e+01 8.4219707e-01 9.1848100e-01 9.9030112e-01
-1.9324324e+01 8.4467405e-01 9.2081250e-01 9.9242286e-01
-1.9309309e+01 8.4733467e-01 9.2319838e-01 9.9449003e-01
-1.9294294e+01 8.4981519e-01 9.2550688e-01 9.9647351e-01
-1.9279279e+01 8.5229313e-01 9.2764126e-01 9.9860129e-01
-1.9264264e+01 8.5474885e-01 9.2987917e-01 1.0006069e+00
-1.9249249e+01 8.5719236e-01 9.3205528e-01 1.0026577e+00
-1.9234234e+01 8.5947031e-01 9.3410565e-01 1.0045969e+00
-1.9219219e+01 8.6184342e-01 9.3627800e-01 1.0065203e+00
-1.9204204e+01 8.6414380e-01 9.3841018e-01 1.0083862e+00
-1.9189189e+01 8.6640665e-01 9.4047975e-01 1.0102809e+00
-1.9174174e+01 8.6849288e-01 9.4242685e-01 1.0122150e+00
-1.9159159e+01 8.7087117e-01 9.4433355e-01 1.0139712e+00
-1.9144144e+01 8.7303388e-01 9.4630073e-01 1.0158215e+00
-1.9129129e+01 8.7510785e-01 9.4826952e-01 1.0175335e+00
-1.9114114e+01 8.7707607e-01 9.5010931e-01 1.0191794e+00
-1.9099099e+01 8.7910857e-01 9.5195210e-01 1.0209112e+00
-1.9084084e+01 8.8103250e-01 9.5374793e-01 1.0226503e+00
-1.9069069e+01 8.8304942e-01 9.5564570e-01 1.0242786e+00
-1.9054054e+01 8.8490798e-01 9.5740906e-01 1.0258912e+00
-1.9039039e+01 8.8673168e-01 9.5903543e-01 1.0274066e+00
-1.9024024e+01 8.8875335e-01 9.6063858e-01 1.0289765e+00
-1.9009009e+01 8.9059553e-01 9.6231880e-01 1.0305748e+00
-1.8993994e+01 8.9241712e-01 9.6398282e-01 1.0320193e+00
-1.8978979e+01 8.9420513e-01 9.6564633e-01 1.0335133e+00
-1.8963964e+01 8.9573978e-01 9.6725320e-01 1.0349413e+00
-1.8948949e+01 8.9734669e-01 9.6874964e-01 1.0363008e+00
-1.8933934e+01 8.9913509e-01 9.7029402e-01 1.0375962e+00
-1.8918919e+01 9.0076373e-01 9.7173521e-01 1.0388484e+00
-1.8903904e+01 9.0234038e-01 9.7323420e-01 1.0400650e+00
-1.8888889e+01 9.0376207e-01 9.7455362e-01 1.0414460e+00
-1.8873874e+01 9.0525621e-01 9.7595511e-01 1.0425501e+00
-1.8858859e+01 9.0684532e-01 9.7720335e-01 1.0438289e+00
-1.8843844e+01 9.0828368e-01 9.7841532e-01 1.0451120e+00
-1.8828829e+01 9.0964406e-01 9.7965473e-01 1.0460926e+00
-1.8813814e+01 9.1107087e-01 9.8088544e-01 1.0470821e+00
-1.8798799e+01 9.1228598e-01 9.8197784e-01 1.0481224e+00
-1.8783784e+01 9.1357493e-01 9.8307995e-01 1.0492109e+00
-1.8768769e+01 9.1484248e-01 9.8414793e-01 1.0501116e+00
-1.8753754e+01 9.1604236e-01 9.8516496e-01 1.0510597e+00
-1.8738739e+01 9.1730794e-01 9.8624881e-01 1.0520574e+00
-1.8723724e+01 9.1848073e-01 9.8726342e-01 1.0529810e+00
-1.8708709e+01 9.1946876e-01 9.8813738e-01 1.0538751e+00
-1.8693694e+01 9.2041847e-01 9.8906456e-01 1.0546566e+00
-1.8678679e+01 9.2128422e-01 9.8991493e-01 1.0555827e+00
-1.8663664e+01 9.2185476e-01 9.9091142e-01 1.0562164e+00
-1.8648649e+01 9.2256221e-01 9.9153982e-01 1.0570728e+00
-1.8633634e+01 9.2367957e-01 9.9244302e-01 1.0577095e+00
-1.8618619e+01 9.2438681e-01 9.9319371e-01 1.0585670e+00
-1.8603604e+01 9.2516304e-01 9.9390543e-01 1.0592885e+00
-1.8588589e+01 9.2591283e-01 9.9444998e-01 1.0599620e+00
-1.8573574e+01 9.2651348e-01 9.9501811e-01 1.0607373e+00
-1.8558559e+01 9.2726465e-01 9.9561832e-01 1.0613274e+00
-1.8543544e+01 9.2774636e-01 9.9628697e-01 1.0618985e+00
-1.8528529e+01 9.2812300e-01 9.9673576e-01 1.0623588e+00
-1.8513514e+01 9.2872122e-01 9.9719921e-01 1.0629351e+00
-1.8498498e+01 9.2909887e-01 9.9767779e-01 1.0633614e+00
-1.8483483e+01 9.2938212e-01 9.9802953e-01 1.0637417e+00
-1.8468468e+01 9.2974305e-01 9.9842215e-01 1.0640284e+00
-1.8453453e+01 9.2982023e-01 9.9869749e-01 1.0641968e+00
-1.8438438e+01 9.2996390e-01 9.9895203e-01 1.0644252e+00
-1.8423423e+01 9.3021572e-01 9.9930592e-01 1.0646188e+00
-1.8408408e+01 9.3023328e-01 9.9947590e-01 1.0648097e+00
-1.8393393e+01 9.3039726e-01 9.9964526e-01 1.0649339e+00
-1.8378378e+01 9.3048345e-01 9.9971177e-01 1.0652245e+00
-1.8363363e+01 9.3057343e-01 9.9980237e-01 1.0653259e+00
-1.8348348e+01 9.3044234e-01 9.9993535e-01 1.0652621e+00
-1.8333333e+01 9.3042921e-01 9.9993748e-01 1.0653880e+00
-1.8318318e+01 9.3025431e-01 1.0000000e+00 1.0654110e+00
-1.8303303e+01 9.3019695e-01 9.9991006e-01 1.0654234e+00
-1.8288288e+01 9.2998275e-01 9.9975565e-01 1.0653214e+00
-1.8273273e+01 9.2980870e-01 9.9948094e-01 1.0650480e+00
-1.8258258e+01 9.2955043e-01 9.9932256e-01 1.0649198e+00
-1.8243243e+01 9.2918497e-01 9.9917287e-01 1.0649304e+00
-1.8228228e+01 9.2883041e-01 9.9889226e-01 1.0647734e+00
-1.8213213e+01 9.2845372e-01 9.9864789e-01 1.0644885e+00
-1.8198198e+01 9.2806792e-01 9.9834360e-01 1.0641990e+00
-1.8183183e+01 9.2755780e-01 9.9799574e-01 1.0638773e+00
-1.8168168e+01 9.2703159e-01 9.9752282e-01 1.0636739e+00
-1.8153153e+01 9.2661632e-01 9.9705503e-01 1.0634277e+00
-1.8138138e+01 9.2595890e-01 9.9655586e-01 1.0629664e+00
-1.8123123e+01 9.2532081e-01 9.9601163e-01 1.0626008e+00
-1.8108108e+01 9.2461969e-01 9.9544360e-01 1.0623074e+00
-1.8093093e+01 9.2402162e-01 9.9487333e-01 1.0618370e+00
-1.8078078e+01 9.2324807e-01 9.9418141e-01 1.0612186e+00
-1.8063063e+01 9.2246958e-01 9.9350644e-01 1.0605978e+00
-1.8048048e+01 9.2152906e-01 9.9272425e-01 1.0598669e+00
-1.8033033e+01 9.2071951e-01 9.9195084e-01 1.0592443e+00
-1.8018018e+01 9.1976183e-01 9.9118232e-01 1.0586689e+00
-1.8003003e+01 9.1876730e-01 9.9035549e-01 1.0579870e+00
-1.7987988e+01 9.1777507e-01 9.8948542e-01 1.0571920e+00
-1.7972973e+01 9.1675903e-01 9.8860056e-01 1.0564699e+00
-1.7957958e+01 9.1573543e-01 9.8754396e-01 1.0557017e+00
-1.7942943e+01 9.1460269e-01 9.8645048e-01 1.0549155e+00
-1.7927928e+01 9.1354029e-01 9.8538921e-01 1.0541128e+00
-1.7912913e+01 9.1230139e-01 9.8440951e-01 1.0532590e+00
-1.7897898e+01 9.1105401e-01 9.8323712e-01 1.0524045e+00
-1.7882883e+01 9.0983314e-01 9.8201922e-01 1.0514771e+00
-1.7867868e+01 9.0856651e-01 9.8081236e-01 1.0504671e+00
-1.7852853e+01 9.0704590e-01 9.7952632e-01 1.0494764e+00
-1.7837838e+01 9.0558158e-01 9.7834356e-01 1.0482467e+00
-1.7822823e+01 9.0404242e-01 9.7697625e-01 1.0471076e+00
-1.7807808e+01 9.0259223e-01 9.7567334e-01 1.0459434e+00
-1.7792793e+01 9.0114870e-01 9.7432387e-01 1.0448022e+00
-1.7777778e+01 8.9946825e-01 9.7283269e-01 1.0435697e+00
-1.7762763e+01 8.9772353e-01 9.7143397e-01 1.0422108e+00
-1.7747748e+01 8.9599971e-01 9.6996263e-01 1.0410610e+00
-1.7732733e+01 8.9431793e-01 9.6839468e-01 1.0396786e+00
-1.7717718e+01 8.9257010e-01 9.6687040e-01 1.0382886e+00
-1.7702703e+01 8.9055337e-01 9.6520459e-01 1.0371359e+00
-1.7687688e+01 8.8868395e-01 9.6354857e-01 1.0356979e+00
-1.7672673e+01 8.8690101e-01 9.6183348e-01 1.0342361e+00
-1.7657658e+01 8.8499933e-01 9.6015738e-01 1.0328257e+00
-1.7642643e+01 8.8309404e-01 9.5847795e-01 1.0313029e+00
-1.7627628e+01 8.8103252e-01 9.5675894e-01 1.0296991e+00
-1.7612613e+01 8.7896488e-01 9.5486501e-01 1.0281947e+00
-1.7597598e+01 8.7685837e-01 9.5303137e-01 1.0266458e+00
-1.7582583e+01 8.7490221e-01 9.5116935e-01 1.0248903e+00
-1.7567568e+01 8.7277204e-01 9.4915459e-01 1.0231770e+00
-1.7552553e+01 8.7063406e-01 9.4724453e-01 1.0214343e+00
-1.7537538e+01 8.6851442e-01 9.4531756e-01 1.0196807e+00
-1.7522523e+01 8.6633550e-01 9.4322457e-01 1.0179434e+00
-1.7507508e+01 8.6411735e-01 9.4123806e-01 1.0160812e+00
-1.7492492e+01 8.6179770e-01 9.3906118e-01 1.0141114e+00
-1.7477477e+01 8.5950821e-01 9.3689929e-01 1.0120267e+00
-1.7462462e+01 8.5716907e-01 9.3479351e-01 1.0100692e+00
-1.7447447e+01 8.5477603e-01 9.3261963e-01 1.0080998e+00
-1.7432432e+01 8.5241560e-01 9.3043353e-01 1.0061055e+00
-1.7417417e+01 8.4999709e-01 9.2812698e-01 1.0039693e+00
-1.7402402e+01 8.4752815e-01 9.2593964e-01 1.0018582e+00
-1.7387387e+01 8.4503176e-01 9.2373925e-01 9.9979260e-01
-1.7372372e+01 8.4250344e-01 9.2143998e-01 9.9757607e-01
-1.7357357e+01 8.3992106e-01 9.1923153e-01 9.9534409e-01
-1.7342342e+01 8.3741379e-01 9.1681514e-01 9.9304201e-01
-1.7327327e+01 8.3491046e-01 9.1437554e-01 9.9064912e-01
-1.7312312e+01 8.3230364e-01 9.1191027e-01 9.8844758e-01
-1.7297297e+01 8.2963475e-01 9.0935661e-01 9.8593899e-01
-1.7282282e+01 8.2686621e-01 9.0683760e-01 9.8371062e-01
-1.7267267e+01 8.2406966e-01 9.0422020e-01 9.8126064e-01
-1.7252252e+01 8.2126391e-01 9.0154821e-01 9.7889309e-01
-1.7237237e+01 8.1836724e-01 8.9894468e-01 9.7632444e-01
-1.7222222e+01 8.1559316e-01 8.9627148e-01 9.7373604e-01
-1.7207207e+01 8.1275256e-01 8.9357865e-01 9.7126219e-01
-1.7192192e+01 8.0967561e-01 8.9085310e-01 9.6873234e-01
-1.7177177e+01 8.0663551e-01 8.8798537e-01 9.6615291e-01
-1.7162162e+01 8.0351041e-01 8.8517848e-01 9.6346225e-01
-1.7147147e+01 8.0047785e-01 8.8229322e-01 9.6085559e-01
-1.7132132e+01 7.9741764e-01 8.7941483e-01 9.5816423e-01
-1.7117117e+01 7.9435009e-01 8.7651453e-01 9.5552191e-01
-1.7102102e+01 7.9133765e-01 8.7369128e-01 9.5282240e-01
-1.7087087e+01 7.8831206e-01 8.7068163e-01 9.4999258e-01
-1.7072072e+01 7.8510366e-01 8.6763500e-01 9.4732033e-01
-1.7057057e+01 7.8195511e-01 8.6472124e-01 9.4459308e-01
-1.7042042e+01 7.7894552e-01 8.6162891e-01 9.4171440e-01
-1.7027027e+01 7.7566139e-01 8.5853009e-01 9.3870525e-01
-1.7012012e+01 7.7240777e-01 8.5539869e-01 9.3598922e-01
-1.6996997e+01 7.6938722e-01 8.5233048e-01 9.3319872e-01
-1.6981982e+01 7.6611170e-01 8.4917806e-01 9.3020652e-01
-1.6966967e+01 7.6287398e-01 8.4621279e-01 9.2728483e-01
-1.6951952e+01 7.5951031e-01 8.4295890e-01 9.2419413e-01
-1.6936937e+01 7.5615587e-01 8.3970340e-01 9.2109488e-01
-1.6921922e+01 7.5280444e-01 8.3649298e-01 9.1798304e-01
-1.6906907e+01 7.4950163e-01 8.3331788e-01 9.1489179e-01
-1.6891892e+01 7.4616818e-01 8.2996862e-01 9.1153622e-01
-1.6876877e+01 7.4273709e-01 8.2655413e-01 9.0833266e-01
-1.6861862e+01 7.3925243e-01 8.2324088e-01 9.0509936e-01
-1.6846847e+01 7.3583531e-01 8.1997467e-01 9.0196066e-01
-1.6831832e+01 7.3246311e-01 8.1658995e-01 8.9877651e-01
-1.6816817e+01 7.2897687e-01 8.1320391e-01 8.9546603e-01
-1.6801802e+01 7.2545061e-01 8.0984687e-01 8.9241403e-01
-1.6786787e+01 7.2195488e-01 8.0640558e-01 8.8901853e-01
-1.6771772e+01 7.1846067e-01 8.0290776e-01 8.8564866e-01
-1.6756757e+01 7.1489961e-01 7.9942481e-01 8.8225810e-01
-1.6741742e+01 7.1130123e-01 7.9590025e-01 8.7892280e-01
-1.6726727e+01 7.0777896e-01 7.9246465e-01 8.7545389e-01
-1.6711712e+01 7.0427267e-01 7.8904989e-01 8.7198490e-01
-1.6696697e+01 7.0066124e-01 7.8557473e-01 8.6851875e-01
-1.6681682e+01 6.9703027e-01 7.8198554e-01 8.6506310e-01
-1.6666667e+01 6.9332526e-01 7.7840305e-01 8.6171645e-01
-1.6651652e+01 6.8961691e-01 7.7480262e-01 8.5818097e-01
-1.6636637e+01 6.8587622e-01 7.7124409e-01 8.5471393e-01
-1.6621622e+01 6.8241999e-01 7.6762253e-01 8.5129925e-01
-1.6606607e+01 6.7874329e-01 7.6387690e-01 8.4755408e-01
-1.6591592e+01 6.7490992e-01 7.6023027e-01 8.4392574e-01
-1.6576577e+01 6.7131059e-01 7.5661296e-01 8.4027872e-01
-1.6561562e+01 6.6772505e-01 7.5281997e-01 8.3677084e-01
-1.6546547e+01 6.6389925e-01 7.4909521e-01 8.3317412e-01
-1.6531532e+01 6.6024631e-01 7.4526253e-01 8.2950249e-01
-1.6516517e+01 6.5663957e-01 7.4152123e-01 8.2564328e-01
-1.6501502e+01 6.5278548e-01 7.3783842e-01 8.2202777e-01
-1.6486486e+01 6.4904366e-01 7.3401691e-01 8.1836026e-01
-1.6471471e+01 6.4530800e-01 7.3028734e-01 8.1467153e-01
-1.6456456e+01 6.4146664e-01 7.2649735e-01 8.1087482e-01
-1.6441441e+01 6.3765214e-01 7.2265521e-01 8.0709988e-01
-1.6426426e+01 6.3389828e-01 7.1873182e-01 8.0327905e-01
-1.6411411e+01 6.3002562e-01 7.1487934e-01 7.9942744e-01
-1.6396396e+01 6.2629834e-01 7.1093614e-01 7.9554623e-01
-1.6381381e+01 6.2246930e-01 7.0714071e-01 7.9180013e-01
-1.6366366e+01 6.1865567e-01 7.0320762e-01 7.8800594e-01
-1.6351351e+01 6.1483621e-01 6.9935967e-01 7.8410587e-01
-1.6336336e+01 6.1108257e-01 6.9549883e-01 7.8016633e-01
-1.6321321e+01 6.0710247e-01 6.9162527e-01 7.7616908e-01
-1.6306306e+01 6.0316994e-01 6.8769672e-01 7.7227119e-01
-1.6291291e+01 5.9926803e-01 6.8382585e-01 7.6841129e-01
-1.6276276e+01 5.9548048e-01 6.7994664e-01 7.6447550e-01
-1.6261261e+01 5.9165813e-01 6.7601945e-01 7.6060233e-01
-1.6246246e+01 5.8792156e-01 6.7211812e-01 7.5664394e-01
-1.6231231e+01 5.8404412e-01 6.6817030e-01 7.5266670e-01
-1.6216216e+01 5.8026594e-01 6.6426091e-01 7.4870771e-01
-1.6201201e+01 5.7641621e-01 6.6037012e-01 7.4454063e-01
-1.6186186e+01 5.7263572e-01 6.5643000e-01 7.4043338e-01
-1.6171171e+01 5.6877272e-01 6.5242191e-01 7.3636376e-01
-1.6156156e+01 5.6481375e-01 6.4845809e-01 7.3252016e-01
-1.6141141e+01 5.6090500e-01 6.4452776e-01 7.2840577e-01
-1.6126126e+01 5.5699904e-01 6.4048390e-01 7.2427666e-01
-1.6111111e+01 5.5303705e-01 6.3650555e-01 7.2023781e-01
-1.6096096e+01 5.4923901e-01 6.3233608e-01 7.1618530e-01
-1.6081081e+01 5.4532235e-01 6.2828014e-01 7.1216642e-01
-1.6066066e+01 5.4139717e-01 6.2424013e-01 7.0804120e-01
-1.6051051e+01 5.3746238e-01 6.2017384e-01 7.0391529e-01
-1.6036036e+01 5.3349498e-01 6.1614285e-01 6.9988937e-01
-1.6021021e+01 5.2975394e-01 6.1215439e-01 6.9589330e-01
-1.6006006e+01 5.2587060e-01 6.0813480e-01 6.9174867e-01
-1.5990991e+01 5.2193903e-01 6.0414001e-01 6.8774571e-01
-1.5975976e+01 5.1809388e-01 6.0010035e-01 6.8370156e-01
-1.5960961e+01 5.1412424e-01 5.9612518e-01 6.7963805e-01
-1.5945946e+01 5.1023044e-01 5.9205391e-01 6.7559928e-01
-1.5930931e+01 5.0633648e-01 5.8804593e-01 6.7144270e-01
-1.5915916e+01 5.0261422e-01 5.8397038e-01 6.6733924e-01
-1.5900901e+01 4.9882275e-01 5.8002757e-01 6.6324805e-01
-1.5885886e+01 4.9503214e-01 5.7601768e-01 6.5910060e-01
-1.5870871e+01 4.9124181e-01 5.7201198e-01 6.5502092e-01
-1.5855856e+01 4.8751411e-01 5.6801187e-01 6.5088869e-01
-1.5840841e+01 4.8386426e-01 5.6398452e-01 6.4680545e-01
-1.5825826e+01 4.7991439e-01 5.6000696e-01 6.4257424e-01
-1.5810811e+01 4.7608301e-01 5.5599736e-01 6.3837370e-01
-1.5795796e+01 4.7223445e-01 5.5200941e-01 6.3426534e-01
-1.5780781e+01 4.6824323e-01 5.4802957e-01 6.3008998e-01
-1.5765766e+01 4.6445282e-01 5.4406155e-01 6.2607728e-01
-1.5750751e+01 4.6073016e-01 5.4003307e-01 6.2192809e-01
-1.5735736e+01 4.5678455e-01 5.3603063e-01 6.1769804e-01
-1.5720721e+01 4.5307757e-01 5.3207768e-01 6.1343002e-01
-1.5705706e+01 4.4927532e-01 5.2816562e-01 6.0908325e-01
-1.5690691e+01 4.4541160e-01 5.2426841e-01 6.0494336e-01
-1.5675676e+01 4.4179139e-01 5.2031190e-01 6.0094881e-01
-1.5660661e+01 4.3810984e-01 5.1635162e-01 5.9685726e-01
-1.5645646e+01 4.3433839e-01 5.1242984e-01 5.9278235e-01
-1.5630631e+01 4.3060525e-01 5.0856410e-01 5.8857414e-01
-1.5615616e+01 4.2698549e-01 5.0464098e-01 5.8441401e-01
-1.5600601e+01 4.2323118e-01 5.0078950e-01 5.8033759e-01
-1.5585586e+01 4.1955052e-01 4.9692255e-01 5.7624057e-01
-1.5570571e+01 4.1581592e-01 4.9304621e-01 5.7217967e-01
-1.5555556e+01 4.1215740e-01 4.8914142e-01 5.6803122e-01
-1.5540541e+01 4.0855400e-01 4.8538824e-01 5.6395922e-01
-1.5525526e+01 4.0495939e-01 4.8153373e-01 5.5985110e-01
-1.5510511e+01 4.0129519e-01 4.7768339e-01 5.5575592e-01
-1.5495495e+01 3.9768578e-01 4.7382626e-01 5.5157097e-01
-1.5480480e+01 3.9403444e-01 4.7003378e-01 5.4756514e-01
-1.5465465e+01 3.9039603e-01 4.6617079e-01 5.4360551e-01
-1.5450450e+01 3.8680476e-01 4.6230370e-01 5.3946526e-01
-1.5435435e+01 3.8324306e-01 4.5837539e-01 5.3551234e-01
-1.5420420e+01 3.7973057e-01 4.5450510e-01 5.3145431e-01
-1.5405405e+01 3.7614308e-01 4.5069823e-01 5.2725658e-01
-1.5390390e+01 3.7259478e-01 4.4689432e-01 5.2324080e-01
-1.5375375e+01 3.6905483e-01 4.4311730e-01 5.1922237e-01
-1.5360360e+01 3.6560985e-01 4.3929521e-01 5.1536664e-01
-1.5345345e+01 3.6207835e-01 4.3552839e-01 5.1144119e-01
-1.5330330e+01 3.5849972e-01 4.3176002e-01 5.0756294e-01
-1.5315315e+01 3.5498258e-01 4.2808464e-01 5.0354703e-01
-1.5300300e+01 3.5150317e-01 4.2440706e-01 4.9961793e-01
-1.5285285e+01 3.4811676e-01 4.2069086e-01 4.9571668e-01
-1.5270270e+01 3.4474896e-01 4.1700554e-01 4.9176670e-01
-1.5255255e+01 3.4144280e-01 4.1331966e-01 4.8778954e-01
-1.5240240e+01 3.3807973e-01 4.0965629e-01 4.8390457e-01
-1.5225225e+01 3.3465749e-01 4.0592557e-01 4.7994725e-01
-1.5210210e+01 3.3126146e-01 4.0226092e-01 4.7616117e-01
-1.5195195e+01 3.2792299e-01 3.9867463e-01 4.7224777e-01
-1.5180180e+01 3.2461157e-01 3.9507033e-01 4.6841226e-01
-1.5165165e+01 3.2133678e-01 3.9145066e-01 4.6440886e-01
-1.5150150e+01 3.1807228e-01 3.8784009e-01 4.6051841e-01
-1.5135135e+01 3.1473994e-01 3.8422687e-01 4.5667573e-01
-1.5120120e+01 3.1140936e-01 3.8061888e-01 4.5292256e-01
-1.5105105e+01 3.0823369e-01 3.7707390e-01 4.4914787e-01
-1.5090090e+01 3.0504678e-01 3.7361650e-01 4.4544520e-01
-1.5075075e+01 3.0185038e-01 3.7018786e-01 4.4177103e-01
-1.5060060e+01 2.9872685e-01 3.6670122e-01 4.3806023e-01
-1.5045045e+01 2.9564126e-01 3.6321238e-01 4.3434029e-01
-1.5030030e+01 2.9252051e-01 3.5971753e-01 4.3071037e-01
-1.5015015e+01 2.8938162e-01 3.5628391e-01 4.2705936e-01
-1.5000000e+01 2.8630985e-01 3.5280066e-01 4.2332506e-01
-1.4984985e+01 2.8318237e-01 3.4931160e-01 4.1964713e-01
-1.4969970e+01 2.8012051e-01 3.4595536e-01 4.1588620e-01
-1.4954955e+01 2.7707200e-01 3.4259519e-01 4.1222418e-01
-1.4939940e+01 2.7410181e-01 3.3917810e-01 4.0855661e-01
-1.4924925e+01 2.7110080e-01 3.3584896e-01 4.0486912e-01
-1.4909910e+01 2.6807627e-01 3.3260936e-01 4.0134215e-01
-1.4894895e+01 2.6509780e-01 3.2929862e-01 3.9786791e-01
-1.4879880e+01 2.6222176e-01 3.2596402e-01 3.9428553e-01
-1.4864865e+01 2.5923868e-01 3.2273693e-01 3.9078457e-01
-1.4849850e+01 2.5631892e-01 3.1951124e-01 3.8727443e-01
-1.4834835e+01 2.5344611e-01 3.1634342e-01 3.8378811e-01
-1.4819820e+01 2.5063835e-01 3.1316677e-01 3.8031087e-01
-1.4804805e+01 2.4777561e-01 3.0999126e-01 3.7689080e-01
-1.4789790e+01 2.4496982e-01 3.0679369e-01 3.7340744e-01
-1.4774775e+01 2.4220522e-01 3.0363058e-01 3.7004355e-01
-1.4759760e+01 2.3942954e-01 3.0050389e-01 3.6661545e-01
-1.4744745e+01 2.3672885e-01 2.9740642e-01 3.6327066e-01
-1.4729730e+01 2.3398294e-01 2.9430594e-01 3.5980156e-01
-1.4714715e+01 2.3129259e-01 2.9120471e-01 3.5643033e-01
-1.4699700e+01 2.2863675e-01 2.8810922e-01 3.5320628e-01
-1.4684685e+01 2.2596548e-01 2.8507787e-01 3.4983995e-01
-1.4669670e+01 2.2323825e-01 2.8201591e-01 3.4655894e-01
-1.4654655e+01 2.2066301e-01 2.7896241e-01 3.4327176e-01
-1.4639640e+01 2.1800975e-01 2.7603490e-01 3.4005086e-01
-1.4624625e+01 2.1541107e-01 2.7303427e-01 3.3685604e-01
-1.4609610e+01 2.1279499e-01 2.7007614e-01 3.3362801e-01
-1.4594595e+01 2.1023052e-01 2.6711098e-01 3.3041486e-01
-1.4579580e+01 2.0768677e-01 2.6420567e-01 3.2712391e-01
-1.4564565e+01 2.0517512e-01 2.6138017e-01 3.2398555e-01
-1.4549550e+01 2.0267066e-01 2.5843839e-01 3.2087363e-01
-1.4534535e+01 2.0015567e-01 2.5563828e-01 3.1767197e-01
-1.4519520e+01 1.9767372e-01 2.5279902e-01 3.1457859e-01
-1.4504505e+01 1.9521669e-01 2.4998120e-01 3.1146914e-01
-1.4489489e+01 1.9276128e-01 2.4724294e-01 3.0836284e-01
-1.4474474e+01 1.9034557e-01 2.4449661e-01 3.0527164e-01
-1.4459459e+01 1.8792697e-01 2.4173466e-01 3.0219008e-01
-1.4444444e+01 1.8556004e-01 2.3898596e-01 2.9917151e-01
-1.4429429e+01 1.8321716e-01 2.3629501e-01 2.9620061e-01
-1.4414414e+01 1.8088554e-01 2.3367061e-01 2.9322847e-01
-1.4399399e+01 1.7854461e-01 2.3100078e-01 2.9023945e-01
-1.4384384e+01 1.7624257e-01 2.2843087e-01 2.8736763e-01
-1.4369369e+01 1.7404110e-01 2.2579418e-01 2.8445260e-01
-1.4354354e+01 1.7174413e-01 2.2316346e-01 2.8155727e-01
-1.4339339e+01 1.6952899e-01 2.2057771e-01 2.7878275e-01
-1.4324324e+01 1.6730901e-01 2.1802480e-01 2.7588549e-01
-1.4309309e+01 1.6513829e-01 2.1548469e-01 2.7307145e-01
-1.4294294e+01 1.6290832e-01 2.1303589e-01 2.7023887e-01
-1.4279279e+01 1.6078140e-01 2.1049016e-01 2.6756489e-01
-1.4264264e+01 1.5860431e-01 2.0809373e-01 2.6485116e-01
-1.4249249e+01 1.5652798e-01 2.0559433e-01 2.6212311e-01
-1.4234234e+01 1.5444483e-01 2.0318850e-01 2.5936391e-01
-1.4219219e+01 1.5235858e-01 2.0079575e-01 2.5665459e-01
-1.4204204e+01 1.5031687e-01 1.9841039e-01 2.5395404e-01
-1.4189189e+01 1.4821303e-01 1.9604514e-01 2.5131582e-01
-1.4174174e+01 1.4618740e-01 1.9366661e-01 2.4858981e-01
-1.4159159e+01 1.4422086e-01 1.9133179e-01 2.4600339e-01
-1.4144144e+01 1.4222385e-01 1.8898114e-01 2.4349641e-01
-1.4129129e+01 1.4028564e-01 1.8672383e-01 2.4088735e-01
-1.4114114e+01 1.3835166e-01 1.8447912e-01 2.3833298e-01
-1.4099099e+01 1.3634921e-01 1.8227909e-01 2.3573224e-01
-1.4084084e+01 1.3443514e-01 1.8007927e-01 2.3332260e-01
-1.4069069e+01 1.3254489e-01 1.7789078e-01 2.3081485e-01
-1.4054054e+01 1.3074211e-01 1.7564055e-01 2.2828657e-01
-1.4039039e+01 1.2894681e-01 1.7345801e-01 2.2580840e-01
-1.4024024e+01 1.2712941e-01 1.7135964e-01 2.2333273e-01
-1.4009009e+01 1.2536810e-01 1.6925214e-01 2.2089480e-01
-1.3993994e+01 1.2361208e-01 1.6710974e-01 2.1852749e-01
-1.3978979e+01 1.2185313e-01 1.6502840e-01 2.1611852e-01
-1.3963964e+01 1.2010871e-01 1.6296365e-01 2.1372463e-01
-1.3948949e+01 1.1835331e-01 1.6093776e-01 2.1135125e-01
-1.3933934e+01 1.1661867e-01 1.5891361e-01 2.0905284e-01
-1.3918919e+01 1.1493584e-01 1.5691896e-01 2.0677309e-01
-1.3903904e+01 1.1327884e-01 1.5492146e-01 2.0456377e-01
-1.3888889e+01 1.1161303e-01 1.5291464e-01 2.0234876e-01
-1.3873874e+01 1.0997352e-01 1.5095193e-01 2.0012305e-01
-1.3858859e+01 1.0832156e-01 1.4905280e-01 1.9794696e-01
-1.3843844e+01 1.0672695e-01 1.4717621e-01 1.9575029e-01
-1.3828829e+01 1.0509829e-01 1.4528465e-01 1.9353423e-01
-1.3813814e+01 1.0355271e-01 1.4337320e-01 1.9153413e-01
-1.3798799e+01 1.0202634e-01 1.4150565e-01 1.8946723e-01
-1.3783784e+01 1.0049046e-01 1.3967576e-01 1.8735090e-01
-1.3768769e+01 9.9033724e-02 1.3794968e-01 1.8526937e-01
-1.3753754e+01 9.7532159e-02 1.3617650e-01 1.8319139e-01
-1.3738739e+01 9.6199242e-02 1.3436958e-01 1.8114213e-01
-1.3723724e+01 9.4725056e-02 1.3258166e-01 1.7904356e-01
-1.3708709e+01 9.3267658e-02 1.3088054e-01 1.7697315e-01
-1.3693694e+01 9.1843785e-02 1.2913206e-01 1.7500937e-01
-1.3678679e+01 9.0454724e-02 1.2741076e-01 1.7302869e-01
-1.3663664e+01 8.9028566e-02 1.2568764e-01 1.7103351e-01
-1.3648649e+01 8.7645976e-02 1.2400607e-01 1.6911218e-01
-1.3633634e+01 8.6262591e-02 1.2234562e-01 1.6711216e-01
-1.3618619e+01 8.4905598e-02 1.2073181e-01 1.6526522e-01
-1.3603604e+01 8.3552072e-02 1.1911086e-01 1.6343524e-01
-1.3588589e+01 8.2235853e-02 1.1753930e-01 1.6147986e-01
-1.3573574e+01 8.0937504e-02 1.1592847e-01 1.5966574e-01
-1.3558559e+01 7.9625508e-02 1.1435333e-01 1.5778709e-01
-1.3543544e+01 7.8383990e-02 1.1283185e-01 1.5596593e-01
-1.3528529e+01 7.7150782e-02 1.1127236e-01 1.5419735e-01
-1.3513514e+01 7.5925408e-02 1.0973690e-01 1.5245505e-01
-1.3498498e+01 7.4729036e-02 1.0826008e-01 1.5069845e-01
-1.3483483e+01 7.3531929e-02 1.0682553e-01 1.4901665e-01
-1.3468468e+01 7.2316409e-02 1.0537516e-01 1.4738285e-01
-1.3453453e+01 7.1159171e-02 1.0394752e-01 1.4566119e-01
-1.3438438e+01 6.9992141e-02 1.0254225e-01 1.4398210e-01
-1.3423423e+01 6.8887189e-02 1.0116761e-01 1.4233627e-01
-1.3408408e+01 6.7722171e-02 9.9802251e-02 1.4066520e-01
-1.3393393e+01 6.6649547e-02 9.8426027e-02 1.3914986e-01
-1.3378378e+01 6.5567211e-02 9.7074246e-02 1.3752841e-01
-1.3363363e+01 6.4539184e-02 9.5717767e-02 1.3603494e-01
-1.3348348e+01 6.3475007e-02 9.4398476e-02 1.3451474e-01
-1.3333333e+01 6.2452311e-02 9.3074789e-02 1.3294241e-01
-1.3318318e+01 6.1434106e-02 9.1786294e-02 1.3136027e-01
-1.3303303e+01 6.0407867e-02 9.0491638e-02 1.2985078e-01
-1.3288288e+01 5.9379207e-02 8.9229289e-02 1.2837287e-01
-1.3273273e+01 5.8384082e-02 8.7969714e-02 1.2694174e-01
-1.3258258e+01 5.7382591e-02 8.6713094e-02 1.2543598e-01
-1.3243243e+01 5.6394706e-02 8.5462986e-02 1.2404751e-01
-1.3228228e+01 5.5434586e-02 8.4232185e-02 1.2271340e-01
-1.3213213e+01 5.4506912e-02 8.3015961e-02 1.2137089e-01
-1.3198198e+01 5.3585043e-02 8.1842991e-02 1.1999324e-01
-1.3183183e+01 5.2665959e-02 8.0642048e-02 1.1859762e-01
-1.3168168e+01 5.1749673e-02 7.9512511e-02 1.1723271e-01
-1.3153153e+01 5.0886925e-02 7.8375017e-02 1.1591028e-01
-1.3138138e+01 5.0037733e-02 7.7266539e-02 1.1463859e-01
-1.3123123e+01 4.9189111e-02 7.6189518e-02 1.1335166e-01
-1.3108108e+01 4.8343290e-02 7.5101370e-02 1.1210941e-01
-1.3093093e+01 4.7510475e-02 7.4046368e-02 1.1079089e-01
-1.3078078e+01 4.6699654e-02 7.2980483e-02 1.0951574e-01
-1.3063063e+01 4.5869354e-02 7.1939912e-02 1.0819486e-01
-1.3048048e+01 4.5065058e-02 7.0954529e-02 1.0700409e-01
-1.3033033e+01 4.4269274e-02 6.9939962e-02 1.0581816e-01
-1.3018018e+01 4.3489379e-02 6.8904010e-02 1.0466189e-01
-1.3003003e+01 4.2718803e-02 6.7889054e-02 1.0350973e-01
-1.2987988e+01 4.1997710e-02 6.6887802e-02 1.0227326e-01
-1.2972973e+01 4.1253488e-02 6.5914098e-02 1.0111505e-01
-1.2957958e+01 4.0486421e-02 6.4972385e-02 9.9944006e-02
-1.2942943e+01 3.9741230e-02 6.4020489e-02 9.8822598e-02
-1.2927928e+01 3.9034526e-02 6.3063523e-02 9.7768930e-02
-1.2912913e+01 3.8335709e-02 6.2119887e-02 9.6732824e-02
-1.2897898e+01 3.7649065e-02 6.1197069e-02 9.5621767e-02
-1.2882883e+01 3.6974163e-02 6.0286761e-02 9.4568080e-02
-1.2867868e+01 3.6316881e-02 5.9425216e-02 9.3477674e-02
-1.2852853e+01 3.5660864e-02 5.8522808e-02 9.2421646e-02
-1.2837838e+01 3.5023558e-02 5.7682094e-02 9.1421298e-02
-1.2822823e+01 3.4379551e-02 5.6801054e-02 9.0396474e-02
-1.2807808e+01 3.3741854e-02 5.5981833e-02 8.9380277e-02
-1.2792793e+01 3.3130795e-02 5.5169340e-02 8.8343580e-02
-1.2777778e+01 3.2538708e-02 5.4324687e-02 8.7420492e-02
-1.2762763e+01 3.1923845e-02 5.3532480e-02 8.6450414e-02
-1.2747748e+01 3.1315548e-02 5.2714679e-02 8.5554420e-02
-1.2732733e+01 3.0732490e-02 5.1933879e-02 8.4710843e-02
-1.2717718e+01 3.0143021e-02 5.1140738e-02 8.3835783e-02
-1.2702703e+01 2.9608860e-02 5.0395241e-02 8.2969333e-02
-1.2687688e+01 2.9052509e-02 4.9621847e-02 8.1987165e-02
-1.2672673e+01 2.8503663e-02 4.8901782e-02 8.1095765e-02
-1.2657658e+01 2.7963180e-02 4.8184102e-02 8.0248805e-02
-1.2642643e+01 2.7426474e-02 4.7435979e-02 7.9375890e-02
-1.2627628e+01 2.6895641e-02 4.6723239e-02 7.8556815e-02
-1.2612613e+01 2.6394227e-02 4.6050124e-02 7.7720140e-02
-1.2597598e+01 2.5867972e-02 4.5375941e-02 7.6900865e-02
-1.2582583e+01 2.5379103e-02 4.4667027e-02 7.6045279e-02
-1.2567568e+01 2.4912953e-02 4.3961488e-02 7.5273281e-02
-1.2552553e+01 2.4436572e-02 4.3301009e-02 7.4531561e-02
-1.2537538e+01 2.3961264e-02 4.2633525e-02 7.3759053e-02
-1.2522523e+01 2.3499617e-02 4.1976173e-02 7.3001841e-02
-1.2507508e+01 2.3064851e-02 4.1318287e-02 7.2263791e-02
-1.2492492e+01 2.2616577e-02 4.0672807e-02 7.1475883e-02
-1.2477477e+01 2.2173684e-02 4.0044295e-02 7.0823423e-02
-1.2462462e+01 2.1735822e-02 3.9413512e-02 7.0128644e-02
-1.2447447e+01 2.1314566e-02 3.8790727e-02 6.9448970e-02
-1.2432432e+01 2.0892362e-02 3.8157794e-02 6.8808143e-02
-1.2417417e+01 2.0471302e-02 3.7535717e-02 6.8171091e-02
-1.2402402e+01 2.0070344e-02 3.6920770e-02 6.7575248e-02
-1.2387387e+01 1.9657913e-02 3.6333835e-02 6.6961906e-02
-1.2372372e+01 1.9265943e-02 3.5759321e-02 6.6377999e-02
-1.2357357e+01 1.8889167e-02 3.5195619e-02 6.5844358e-02
-1.2342342e+01 1.8518970e-02 3.4628918e-02 6.5263984e-02
-1.2327327e+01 1.8133460e-02 3.4073089e-02 6.4647940e-02
-1.2312312e+01 1.7774630e-02 3.3524896e-02 6.4114827e-02
-1.2297297e+01 1.7423554e-02 3.2981157e-02 6.3524601e-02
-1.2282282e+01 1.7072306e-02 3.2462833e-02 6.2970404e-02
-1.2267267e+01 1.6719430e-02 3.1932220e-02 6.2469497e-02
-1.2252252e+01 1.6391753e-02 3.1425887e-02 6.1898244e-02
-1.2237237e+01 1.6059754e-02 3.0898830e-02 6.1362321e-02
-1.2222222e+01 1.5730401e-02 3.0374249e-02 6.0865259e-02
-1.2207207e+01 1.5407969e-02 2.9876252e-02 6.0327338e-02
-1.2192192e+01 1.5085067e-02 2.9396243e-02 5.9865007e-02
-1.2177177e+01 1.4760858e-02 2.8915401e-02 5.9391087e-02
-1.2162162e+01 1.4450914e-02 2.8433021e-02 5.8916527e-02
-1.2147147e+01 1.4156872e-02 2.7951599e-02 5.8435702e-02
-1.2132132e+01 1.3866094e-02 2.7476114e-02 5.7979582e-02
-1.2117117e+01 1.3575793e-02 2.7020184e-02 5.7549328e-02
-1.2102102e+01 1.3298512e-02 2.6589579e-02 5.7156516e-02
-1.2087087e+01 1.3010423e-02 2.6159939e-02 5.6752855e-02
-1.2072072e+01 1.2737245e-02 2.5735630e-02 5.6391662e-02
-1.2057057e+01 1.2469503e-02 2.5327356e-02 5.5977633e-02
-1.2042042e+01 1.2206780e-02 2.4892545e-02 5.5567254e-02
-1.2027027e+01 1.1949808e-02 2.4481753e-02 5.5152356e-02
-1.2012012e+01 1.1695734e-02 2.4075133e-02 5.4749297e-02
-1.1996997e+01 1.1453379e-02 2.3666933e-02 5.4406903e-02
-1.1981982e+01 1.1213816e-02 2.3291532e-02 5.4036902e-02
-1.1966967e+01 1.0972246e-02 2.2898052e-02 5.3614749e-02
-1.1951952e+01 1.0743645e-02 2.2508024e-02 5.3257154e-02
-1.1936937e+01 1.0506610e-02 2.2120635e-02 5.2900873e-02
-1.1921922e+01 1.0271624e-02 2.1753373e-02 5.2556891e-02
-1.1906907e+01 1.0066556e-02 2.1394243e-02 5.2209883e-02
-1.1891892e+01 9.8391633e-03 2.1014460e-02 5.1927738e-02
-1.1876877e+01 9.6240847e-03 2.0687202e-02 5.1617798e-02
-1.1861862e+01 9.4109357e-03 2.0336322e-02 5.1323608e-02
-1.1846847e+01 9.2058052e-03 1.9980960e-02 5.1008486e-02
-1.1831832e+01 9.0016677e-03 1.9628432e-02 5.0747321e-02
-1.1816817e+01 8.7942649e-03 1.9297478e-02 5.0404350e-02
-1.1801802e+01 8.6003096e-03 1.8953481e-02 5.0176614e-02
-1.1786787e+01 8.4093921e-03 1.8615613e-02 4.9916201e-02
-1.1771772e+01 8.2114841e-03 1.8300173e-02 4.9639203e-02
-1.1756757e+01 8.0256725e-03 1.7977789e-02 4.9376683e-02
-1.1741742e+01 7.8470137e-03 1.7667023e-02 4.9158899e-02
-1.1726727e+01 7.6662658e-03 1.7361258e-02 4.8915974e-02
-1.1711712e+01 7.4994587e-03 1.7049023e-02 4.8668949e-02
-1.1696697e+01 7.3278597e-03 1.6739971e-02 4.8435383e-02
-1.1681682e+01 7.1651844e-03 1.6464536e-02 4.8199260e-02
-1.1666667e+01 7.0039020e-03 1.6175420e-02 4.7938705e-02
-1.1651652e+01 6.8395480e-03 1.5879184e-02 4.7672669e-02
-1.1636637e+01 6.6915304e-03 1.5611091e-02 4.7446647e-02
-1.1621622e+01 6.5408709e-03 1.5329346e-02 4.7211372e-02
-1.1606607e+01 6.3921823e-03 1.5065610e-02 4.7010737e-02
-1.1591592e+01 6.2488984e-03 1.4803865e-02 4.6767696e-02
-1.1576577e+01 6.1028382e-03 1.4562908e-02 4.6526072e-02
-1.1561562e+01 5.9553514e-03 1.4310648e-02 4.6372603e-02
-1.1546547e+01 5.8147738e-03 1.4059639e-02 4.6192214e-02
-1.1531532e+01 5.6785335e-03 1.3810380e-02 4.5971329e-02
-1.1516517e+01 5.5449061e-03 1.3550020e-02 4.5781553e-02
-1.1501502e+01 5.4153487e-03 1.3296433e-02 4.5620078e-02
-1.1486486e+01 5.2842243e-03 1.3047843e-02 4.5421678e-02
-1.1471471e+01 5.1605840e-03 1.2816217e-02 4.5246241e-02
-1.1456456e+01 5.0386632e-03 1.2580098e-02 4.5081956e-02
-1.1441441e+01 4.9172025e-03 1.2343115e-02 4.4921836e-02
-1.1426426e+01 4.8038029e-03 1.2114497e-02 4.4767823e-02
-1.1411411e+01 4.6945832e-03 1.1882864e-02 4.4616659e-02
-1.1396396e+01 4.5895897e-03 1.1669025e-02 4.4460740e-02
-1.1381381e+01 4.4830254e-03 1.1467797e-02 4.4274681e-02
-1.1366366e+01 4.3732681e-03 1.1268663e-02 4.4137570e-02
-1.1351351e+01 4.2708215e-03 1.1060701e-02 4.3959161e-02
-1.1336336e+01 4.1734466e-03 1.0857474e-02 4.3815880e-02
-1.1321321e+01 4.0776255e-03 1.0670466e-02 4.3688090e-02
-1.1306306e+01 3.9776913e-03 1.0476215e-02 4.3571052e-02
-1.1291291e+01 3.8829090e-03 1.0273461e-02 4.3456767e-02
-1.1276276e+01 3.7903673e-03 1.0089076e-02 4.3289992e-02
-1.1261261e+01 3.6943883e-03 9.9015802e-03 4.3176657e-02
-1.1246246e+01 3.6065223e-03 9.7168759e-03 4.3061607e-02
-1.1231231e+01 3.5166516e-03 9.5479444e-03 4.2912997e-02
-1.1216216e+01 3.4403498e-03 9.3688924e-03 4.2777497e-02
-1.1201201e+01 3.3572921e-03 9.2046839e-03 4.2645132e-02
-1.1186186e+01 3.2808236e-03 9.0399993e-03 4.2516199e-02
-1.1171171e+01 3.2026883e-03 8.8644580e-03 4.2362934e-02
-1.1156156e+01 3.1246964e-03 8.7068541e-03 4.2269755e-02
-1.1141141e+01 3.0497670e-03 8.5470748e-03 4.2161395e-02
-1.1126126e+01 2.9761700e-03 8.3860293e-03 4.2070872e-02
-1.1111111e+01 2.9027438e-03 8.2196703e-03 4.2007679e-02
-1.1096096e+01 2.8332655e-03 8.0617287e-03 4.1912292e-02
-1.1081081e+01 2.7667216e-03 7.9126113e-03 4.1851766e-02
-1.1066066e+01 2.6957531e-03 7.7647958e-03 4.1758998e-02
-1.1051051e+01 2.6312458e-03 7.6138821e-03 4.1704434e-02
-1.1036036e+01 2.5671508e-03 7.4656489e-03 4.1609558e-02
-1.1021021e+01 2.5057693e-03 7.3211249e-03 4.1544421e-02
-1.1006006e+01 2.4448757e-03 7.1847461e-03 4.1446042e-02
-1.0990991e+01 2.3808197e-03 7.0421422e-03 4.1354429e-02
-1.0975976e+01 2.3221673e-03 6.9114616e-03 4.1266828e-02
-1.0960961e+01 2.2641611e-03 6.7833517e-03 4.1185920e-02
-1.0945946e+01 2.2079922e-03 6.6553762e-03 4.1137716e-02
-1.0930931e+01 2.1521719e-03 6.5255938e-03 4.1092761e-02
-1.0915916e+01 2.0973419e-03 6.4135282e-03 4.1036934e-02
-1.0900901e+01 2.0440433e-03 6.2941775e-03 4.0964596e-02
-1.0885886e+01 1.9940479e-03 6.1704078e-03 4.0906087e-02
-1.0870871e+01 1.9448337e-03 6.0571113e-03 4.0845979e-02
-1.0855856e+01 1.8948103e-03 5.9468761e-03 4.0823400e-02
-1.0840841e+01 1.8510003e-03 5.8392036e-03 4.0757509e-02
-1.0825826e+01 1.8065340e-03 5.7255530e-03 4.0692770e-02
-1.0810811e+01 1.7585813e-03 5.6174503e-03 4.0607874e-02
-1.0795796e+01 1.7150014e-03 5.5147241e-03 4.0543072e-02
-1.0780781e+01 1.6710053e-03 5.4092076e-03 4.0469633e-02
-1.0765766e+01 1.6285698e-03 5.3158014e-03 4.0436590e-02
-1.0750751e+01 1.5885538e-03 5.2169078e-03 4.0385436e-02
-1.0735736e+01 1.5493960e-03 5.1323993e-03 4.0318084e-02
-1.0720721e+01 1.5121742e-03 5.0338344e-03 4.0302727e-02
-1.0705706e+01 1.4716219e-03 4.9363523e-03 4.0220445e-02
-1.0690691e+01 1.4366981e-03 4.8429693e-03 4.0165216e-02
-1.0675676e+01 1.3998686e-03 4.7460069e-03 4.0108764e-02
-1.0660661e+01 1.3612277e-03 4.6509046e-03 4.0099260e-02
-1.0645646e+01 1.3283298e-03 4.5593062e-03 4.0030812e-02
-1.0630631e+01 1.2961689e-03 4.4698620e-03 3.9987252e-02
-1.0615616e+01 1.2637811e-03 4.3942915e-03 3.9935523e-02
-1.0600601e+01 1.2305274e-03 4.3182684e-03 3.9858812e-02
-1.0585586e+01 1.1974836e-03 4.2431824e-03 3.9785646e-02
-1.0570571e+01 1.1727389e-03 4.1602376e-03 3.9727677e-02
-1.0555556e+01 1.1416438e-03 4.0897944e-03 3.9705394e-02
-1.0540541e+01 1.1127582e-03 4.0185735e-03 3.9675530e-02
-1.0525526e+01 1.0836137e-03 3.9384386e-03 3.9636716e-02
-1.0510511e+01 1.0571685e-03 3.8715768e-03 3.9588171e-02
-1.0495495e+01 1.0329753e-03 3.8015502e-03 3.9552641e-02
-1.0480480e+01 1.0078422e-03 3.7329849e-03 3.9472046e-02
-1.0465465e+01 9.8212793e-04 3.6648611e-03 3.9429580e-02
-1.0450450e+01 9.5782766e-04 3.5925301e-03 3.9379687e-02
-1.0435435e+01 9.3226508e-04 3.5317174e-03 3.9358422e-02
-1.0420420e+01 9.1158815e-04 3.4650343e-03 3.9346131e-02
-1.0405405e+01 8.8482534e-04 3.4087069e-03 3.9279625e-02
-1.0390390e+01 8.6198557e-04 3.3427575e-03 3.9233665e-02
-1.0375375e+01 8.3841898e-04 3.2729797e-03 3.9198300e-02
-1.0360360e+01 8.1714775e-04 3.2034706e-03 3.9158343e-02
-1.0345345e+01 7.9533285e-04 3.1435980e-03 3.9129079e-02
-1.0330330e+01 7.7489668e-04 3.0879190e-03 3.9077128e-02
-1.0315315e+01 7.5590275e-04 3.0408943e-03 3.9045973e-02
-1.0300300e+01 7.3610158e-04 2.9860726e-03 3.8987093e-02
-1.0285285e+01 7.1653591e-04 2.9361427e-03 3.8936162e-02
-1.0270270e+01 6.9815685e-04 2.8888779e-03 3.8916308e-02
-1.0255255e+01 6.7916577e-04 2.8332216e-03 3.8897042e-02
-1.0240240e+01 6.6193616e-04 2.7846788e-03 3.8878571e-02
-1.0225225e+01 6.4516724e-04 2.7366577e-03 3.8848660e-02
-1.0210210e+01 6.2968945e-04 2.6910478e-03 3.8799137e-02
-1.0195195e+01 6.1353516e-04 2.6363897e-03 3.8758283e-02
-1.0180180e+01 5.9787095e-04 2.6004641e-03 3.8760292e-02
-1.0165165e+01 5.8250996e-04 2.5583575e-03 3.8747436e-02
-1.0150150e+01 5.6772119e-04 2.5097207e-03 3.8704401e-02
-1.0135135e+01 5.5227267e-04 2.4676114e-03 3.8666279e-02
-1.0120120e+01 5.3761016e-04 2.4256448e-03 3.8622434e-02
-1.0105105e+01 5.2293052e-04 2.3855383e-03 3.8614212e-02
-1.0090090e+01 5.1012600e-04 2.3470890e-03 3.8588996e-02
-1.0075075e+01 4.9755644e-04 2.3098183e-03 3.8595204e-02
-1.0060060e+01 4.8471000e-04 2.2792693e-03 3.8581425e-02
-1.0045045e+01 4.7174065e-04 2.2389839e-03 3.8600737e-02
-1.0030030e+01 4.5888031e-04 2.1970929e-03 3.8581082e-02
-1.0015015e+01 4.4759682e-04 2.1643741e-03 3.8535407e-02
-1.0000000e+01 4.3648316e-04 2.1408421e-03 3.8480477e-02
