X KDE_INF KDE_MED KDE_SUP
-4.0000000e+00 7.3813176e-09 3.5564870e-07 1.0534999e-02
-3.9919920e+00 8.2266148e-09 3.8737288e-07 1.0737658e-02
-3.9839840e+00 9.1589773e-09 4.2225653e-07 1.0887972e-02
-3.9759760e+00 1.0186404e-08 4.5901284e-07 1.1039396e-02
-3.9679680e+00 1.1342705e-08 4.9936431e-07 1.1128498e-02
-3.9599600e+00 1.2617774e-08 5.4160218e-07 1.1268490e-02
-3.9519520e+00 1.4026394e-08 5.8866902e-07 1.1444067e-02
-3.9439439e+00 1.5599392e-08 6.4019525e-07 1.1649573e-02
-3.9359359e+00 1.7339068e-08 6.9155866e-07 1.1809518e-02
-3.9279279e+00 1.9241089e-08 7.5282955e-07 1.1894080e-02
-3.9199199e+00 2.1386409e-08 8.1324798e-07 1.2031130e-02
-3.9119119e+00 2.3732512e-08 8.8318180e-07 1.2135165e-02
-3.9039039e+00 2.6340041e-08 9.6021832e-07 1.2410265e-02
-3.8958959e+00 2.9211235e-08 1.0359767e-06 1.2553533e-02
-3.8878879e+00 3.2357017e-08 1.1283283e-06 1.2709230e-02
-3.8798799e+00 3.5841633e-08 1.2299080e-06 1.2784965e-02
-3.8718719e+00 3.9680534e-08 1.3275163e-06 1.3002945e-02
-3.8638639e+00 4.3910701e-08 1.4395150e-06 1.3227584e-02
-3.8558559e+00 4.8588304e-08 1.5627853e-06 1.3472426e-02
-3.8478478e+00 5.3771973e-08 1.6971443e-06 1.3720348e-02
-3.8398398e+00 5.9409330e-08 1.8387327e-06 1.3863330e-02
-3.8318318e+00 6.5660422e-08 1.9975294e-06 1.4067031e-02
-3.8238238e+00 7.2539119e-08 2.1566512e-06 1.4184138e-02
-3.8158158e+00 8.0116194e-08 2.3157140e-06 1.4466523e-02
-3.8078078e+00 8.8559973e-08 2.4948344e-06 1.4652589e-02
-3.7997998e+00 9.7750850e-08 2.7109435e-06 1.4868208e-02
-3.7917918e+00 1.0780882e-07 2.9362584e-06 1.5128982e-02
-3.7837838e+00 1.1901083e-07 3.1876122e-06 1.5422392e-02
-3.7757758e+00 1.3120402e-07 3.4373114e-06 1.5720166e-02
-3.7677678e+00 1.4446146e-07 3.7126673e-06 1.5900785e-02
-3.7597598e+00 1.5912883e-07 4.0092197e-06 1.6026768e-02
-3.7517518e+00 1.7520619e-07 4.3406926e-06 1.6319609e-02
-3.7437437e+00 1.9320832e-07 4.6851567e-06 1.6503822e-02
-3.7357357e+00 2.1260881e-07 5.0854169e-06 1.6708941e-02
-3.7277277e+00 2.3402798e-07 5.5073386e-06 1.6931626e-02
-3.7197197e+00 2.5726322e-07 5.9775138e-06 1.7093924e-02
-3.7117117e+00 2.8255794e-07 6.4589605e-06 1.7270644e-02
-3.7037037e+00 3.1037445e-07 6.9599585e-06 1.7391055e-02
-3.6956957e+00 3.4089233e-07 7.5322221e-06 1.7553008e-02
-3.6876877e+00 3.7440700e-07 8.1145510e-06 1.7775570e-02
-3.6796797e+00 4.1165674e-07 8.7863845e-06 1.7965969e-02
-3.6716717e+00 4.5128835e-07 9.4865840e-06 1.8193776e-02
-3.6636637e+00 4.9516454e-07 1.0221903e-05 1.8492188e-02
-3.6556557e+00 5.4276083e-07 1.1076172e-05 1.8580346e-02
-3.6476476e+00 5.9493565e-07 1.1901683e-05 1.8732432e-02
-3.6396396e+00 6.5253230e-07 1.2790645e-05 1.8878517e-02
-3.6316316e+00 7.1456631e-07 1.3738321e-05 1.9043032e-02
-3.6236236e+00 7.8194995e-07 1.4759301e-05 1.9217548e-02
-3.6156156e+00 8.5703960e-07 1.5936668e-05 1.9414738e-02
-3.6076076e+00 9.3582511e-07 1.7155470e-05 1.9527787e-02
-3.5995996e+00 1.0236735e-06 1.8432139e-05 1.9821151e-02
-3.5915916e+00 1.1196298e-06 1.9828373e-05 2.0046966e-02
-3.5835836e+00 1.2255365e-06 2.1166872e-05 2.0304398e-02
-3.5755756e+00 1.3418866e-06 2.2774315e-05 2.0418206e-02
-3.5675676e+00 1.4617427e-06 2.4444464e-05 2.0643026e-02
-3.5595596e+00 1.5949039e-06 2.6113520e-05 2.0769737e-02
-3.5515516e+00 1.7411120e-06 2.8107169e-05 2.1095290e-02
-3.5435435e+00 1.8998356e-06 3.0116516e-05 2.1307885e-02
-3.5355355e+00 2.0783386e-06 3.2198804e-05 2.1539820e-02
-3.5275275e+00 2.2687564e-06 3.4517125e-05 2.1744815e-02
-3.5195195e+00 2.4743627e-06 3.6910240e-05 2.1942223e-02
-3.5115115e+00 2.6952005e-06 3.9604872e-05 2.2226962e-02
-3.5035035e+00 2.9286858e-06 4.2383351e-05 2.2447622e-02
-3.4954955e+00 3.1855986e-06 4.5390465e-05 2.2692592e-02
-3.4874875e+00 3.4604460e-06 4.8250777e-05 2.2850328e-02
-3.4794795e+00 3.7742684e-06 5.1689259e-05 2.3035806e-02
-3.4714715e+00 4.1100035e-06 5.5497124e-05 2.3265479e-02
-3.4634635e+00 4.4726113e-06 5.9229702e-05 2.3459625e-02
-3.4554555e+00 4.8631211e-06 6.3196915e-05 2.3676320e-02
-3.4474474e+00 5.2853817e-06 6.7718750e-05 2.3931289e-02
-3.4394394e+00 5.7422809e-06 7.2420808e-05 2.4219628e-02
-3.4314314e+00 6.2430408e-06 7.7516175e-05 2.4325155e-02
-3.4234234e+00 6.7796717e-06 8.2521645e-05 2.4478111e-02
-3.4154154e+00 7.3585023e-06 8.8272816e-05 2.4689145e-02
-3.4074074e+00 7.9852852e-06 9.4073062e-05 2.5004874e-02
-3.3993994e+00 8.6463437e-06 1.0053211e-04 2.5179286e-02
-3.3913914e+00 9.3612494e-06 1.0729998e-04 2.5482933e-02
-3.3833834e+00 1.0144781e-05 1.1473946e-04 2.5660136e-02
-3.3753754e+00 1.0980507e-05 1.2263852e-04 2.5913839e-02
-3.3673674e+00 1.1885527e-05 1.3082218e-04 2.6154204e-02
-3.3593594e+00 1.2846121e-05 1.3890879e-04 2.6355607e-02
-3.3513514e+00 1.3872463e-05 1.4706840e-04 2.6533758e-02
-3.3433433e+00 1.5021377e-05 1.5676141e-04 2.6731698e-02
-3.3353353e+00 1.6235581e-05 1.6663651e-04 2.7072938e-02
-3.3273273e+00 1.7538626e-05 1.7713372e-04 2.7267600e-02
-3.3193193e+00 1.8970832e-05 1.8843248e-04 2.7444014e-02
-3.3113113e+00 2.0507527e-05 2.0075627e-04 2.7616458e-02
-3.3033033e+00 2.2123914e-05 2.1413901e-04 2.7797600e-02
-3.2952953e+00 2.3893134e-05 2.2674968e-04 2.7997955e-02
-3.2872873e+00 2.5769649e-05 2.4031867e-04 2.8111959e-02
-3.2792793e+00 2.7826378e-05 2.5589818e-04 2.8143992e-02
-3.2712713e+00 3.0021571e-05 2.7158433e-04 2.8333539e-02
-3.2632633e+00 3.2311007e-05 2.8872191e-04 2.8496467e-02
-3.2552553e+00 3.4798860e-05 3.0741314e-04 2.8726729e-02
-3.2472472e+00 3.7457308e-05 3.2598591e-04 2.8790945e-02
-3.2392392e+00 4.0291728e-05 3.4638972e-04 2.8999782e-02
-3.2312312e+00 4.3359857e-05 3.6627703e-04 2.9156368e-02
-3.2232232e+00 4.6618401e-05 3.8786160e-04 2.9367731e-02
-3.2152152e+00 5.0191239e-05 4.1176547e-04 2.9624564e-02
-3.2072072e+00 5.3811750e-05 4.3725460e-04 2.9908161e-02
-3.1991992e+00 5.7867761e-05 4.6413377e-04 3.0215998e-02
-3.1911912e+00 6.2007497e-05 4.9222563e-04 3.0461846e-02
-3.1831832e+00 6.6659056e-05 5.2188760e-04 3.0774601e-02
-3.1751752e+00 7.1526801e-05 5.5264428e-04 3.0915320e-02
-3.1671672e+00 7.6769503e-05 5.8599119e-04 3.1292480e-02
-3.1591592e+00 8.2367479e-05 6.2045877e-04 3.1639185e-02
-3.1511512e+00 8.8264616e-05 6.5930646e-04 3.1917566e-02
-3.1431431e+00 9.4705239e-05 6.9832675e-04 3.2195428e-02
-3.1351351e+00 1.0147983e-04 7.3944225e-04 3.2388668e-02
-3.1271271e+00 1.0860686e-04 7.8102863e-04 3.2718050e-02
-3.1191191e+00 1.1635717e-04 8.2531341e-04 3.3008735e-02
-3.1111111e+00 1.2461593e-04 8.6640720e-04 3.3204824e-02
-3.1031031e+00 1.3312494e-04 9.1317286e-04 3.3419086e-02
-3.0950951e+00 1.4231100e-04 9.6398683e-04 3.3649410e-02
-3.0870871e+00 1.5168091e-04 1.0174353e-03 3.3852060e-02
-3.0790791e+00 1.6230828e-04 1.0774008e-03 3.4140409e-02
-3.0710711e+00 1.7355716e-04 1.1384969e-03 3.4465034e-02
-3.0630631e+00 1.8486968e-04 1.2013513e-03 3.4780723e-02
-3.0550551e+00 1.9758419e-04 1.2661828e-03 3.5091967e-02
-3.0470470e+00 2.1093332e-04 1.3340595e-03 3.5369422e-02
-3.0390390e+00 2.2537249e-04 1.4069996e-03 3.5720735e-02
-3.0310310e+00 2.4037721e-04 1.4812531e-03 3.5899267e-02
-3.0230230e+00 2.5621084e-04 1.5592857e-03 3.6069862e-02
-3.0150150e+00 2.7284947e-04 1.6403852e-03 3.6253109e-02
-3.0070070e+00 2.9083461e-04 1.7258030e-03 3.6531757e-02
-2.9989990e+00 3.0993659e-04 1.8140052e-03 3.6868907e-02
-2.9909910e+00 3.3022693e-04 1.9059765e-03 3.7144877e-02
-2.9829830e+00 3.5152600e-04 2.0026734e-03 3.7487016e-02
-2.9749750e+00 3.7349272e-04 2.1039131e-03 3.7804250e-02
-2.9669670e+00 3.9695225e-04 2.2098107e-03 3.8138230e-02
-2.9589590e+00 4.2235508e-04 2.3223694e-03 3.8424705e-02
-2.9509510e+00 4.4950172e-04 2.4407074e-03 3.8827579e-02
-2.9429429e+00 4.7691542e-04 2.5648194e-03 3.9063505e-02
-2.9349349e+00 5.0737176e-04 2.6849834e-03 3.9435050e-02
-2.9269269e+00 5.3874196e-04 2.8187786e-03 3.9744047e-02
-2.9189189e+00 5.7158451e-04 2.9641405e-03 3.9985568e-02
-2.9109109e+00 6.0687601e-04 3.1139828e-03 4.0338104e-02
-2.9029029e+00 6.4318876e-04 3.2641635e-03 4.0626729e-02
-2.8948949e+00 6.8169211e-04 3.4126650e-03 4.0883379e-02
-2.8868869e+00 7.2205151e-04 3.5741393e-03 4.1149438e-02
-2.8788789e+00 7.6489228e-04 3.7405494e-03 4.1459827e-02
-2.8708709e+00 8.1010926e-04 3.9072354e-03 4.1688592e-02
-2.8628629e+00 8.5726269e-04 4.0900959e-03 4.2009117e-02
-2.8548549e+00 9.0629170e-04 4.2801212e-03 4.2237908e-02
-2.8468468e+00 9.5946604e-04 4.4781475e-03 4.2569071e-02
-2.8388388e+00 1.0153372e-03 4.6835140e-03 4.2853835e-02
-2.8308308e+00 1.0737828e-03 4.8992156e-03 4.3127143e-02
-2.8228228e+00 1.1341466e-03 5.1164334e-03 4.3633143e-02
-2.8148148e+00 1.1987842e-03 5.3339004e-03 4.4113790e-02
-2.8068068e+00 1.2670783e-03 5.5645463e-03 4.4410140e-02
-2.7987988e+00 1.3378867e-03 5.8199686e-03 4.4760922e-02
-2.7907908e+00 1.4140067e-03 6.0678923e-03 4.5098286e-02
-2.7827828e+00 1.4919575e-03 6.3390478e-03 4.5501714e-02
-2.7747748e+00 1.5756487e-03 6.6111923e-03 4.5894706e-02
-2.7667668e+00 1.6612681e-03 6.9092469e-03 4.6316632e-02
-2.7587588e+00 1.7508580e-03 7.2134286e-03 4.6644557e-02
-2.7507508e+00 1.8456227e-03 7.5282032e-03 4.7015841e-02
-2.7427427e+00 1.9413049e-03 7.8702001e-03 4.7358974e-02
-2.7347347e+00 2.0432780e-03 8.2101899e-03 4.7633142e-02
-2.7267267e+00 2.1495217e-03 8.5577910e-03 4.7919522e-02
-2.7187187e+00 2.2623376e-03 8.9218241e-03 4.8304263e-02
-2.7107107e+00 2.3794676e-03 9.3096367e-03 4.8738178e-02
-2.7027027e+00 2.5022320e-03 9.7012279e-03 4.9073826e-02
-2.6946947e+00 2.6331921e-03 1.0097452e-02 4.9402721e-02
-2.6866867e+00 2.7677698e-03 1.0523650e-02 4.9900320e-02
-2.6786787e+00 2.9048182e-03 1.0923963e-02 5.0291737e-02
-2.6706707e+00 3.0560032e-03 1.1351478e-02 5.0780048e-02
-2.6626627e+00 3.2038819e-03 1.1802406e-02 5.1302333e-02
-2.6546547e+00 3.3586682e-03 1.2258512e-02 5.1692235e-02
-2.6466466e+00 3.5245819e-03 1.2734557e-02 5.2243920e-02
-2.6386386e+00 3.6954656e-03 1.3224458e-02 5.2769373e-02
-2.6306306e+00 3.8780279e-03 1.3743666e-02 5.3329104e-02
-2.6226226e+00 4.0730510e-03 1.4269972e-02 5.3972446e-02
-2.6146146e+00 4.2675148e-03 1.4813601e-02 5.4662518e-02
-2.6066066e+00 4.4682108e-03 1.5350617e-02 5.5385553e-02
-2.5985986e+00 4.6820260e-03 1.5929936e-02 5.6079458e-02
-2.5905906e+00 4.8968528e-03 1.6523741e-02 5.6949144e-02
-2.5825826e+00 5.1284761e-03 1.7138718e-02 5.7752321e-02
-2.5745746e+00 5.3592933e-03 1.7750283e-02 5.8614369e-02
-2.5665666e+00 5.6059151e-03 1.8349743e-02 5.9329304e-02
-2.5585586e+00 5.8583499e-03 1.9026457e-02 6.0239032e-02
-2.5505506e+00 6.1129011e-03 1.9715235e-02 6.1064658e-02
-2.5425425e+00 6.3869778e-03 2.0389021e-02 6.1919520e-02
-2.5345345e+00 6.6757883e-03 2.1138705e-02 6.2733488e-02
-2.5265265e+00 6.9648130e-03 2.1866535e-02 6.3662473e-02
-2.5185185e+00 7.2688679e-03 2.2607017e-02 6.4774845e-02
-2.5105105e+00 7.5798127e-03 2.3353555e-02 6.5841484e-02
-2.5025025e+00 7.9041137e-03 2.4156188e-02 6.6949630e-02
-2.4944945e+00 8.2377990e-03 2.4959283e-02 6.8015436e-02
-2.4864865e+00 8.5912469e-03 2.5795608e-02 6.9155857e-02
-2.4784785e+00 8.9469337e-03 2.6684768e-02 7.0254638e-02
-2.4704705e+00 9.3219714e-03 2.7546105e-02 7.1353058e-02
-2.4624625e+00 9.7118282e-03 2.8433476e-02 7.2647646e-02
-2.4544545e+00 1.0103279e-02 2.9337702e-02 7.3832776e-02
-2.4464464e+00 1.0521553e-02 3.0243502e-02 7.4944883e-02
-2.4384384e+00 1.0942866e-02 3.1194928e-02 7.6106700e-02
-2.4304304e+00 1.1393085e-02 3.2175396e-02 7.7462440e-02
-2.4224224e+00 1.1834513e-02 3.3175036e-02 7.8803249e-02
-2.4144144e+00 1.2307284e-02 3.4202528e-02 8.0250344e-02
-2.4064064e+00 1.2797564e-02 3.5234919e-02 8.1743217e-02
-2.3983984e+00 1.3274458e-02 3.6283293e-02 8.3186309e-02
-2.3903904e+00 1.3796522e-02 3.7281807e-02 8.4558950e-02
-2.3823824e+00 1.4308476e-02 3.8329080e-02 8.6102210e-02
-2.3743744e+00 1.4822427e-02 3.9450337e-02 8.7657399e-02
-2.3663664e+00 1.5360344e-02 4.0638780e-02 8.9205714e-02
-2.3583584e+00 1.5942224e-02 4.1785252e-02 9.0856522e-02
-2.3503504e+00 1.6513081e-02 4.2932095e-02 9.2539124e-02
-2.3423423e+00 1.7125463e-02 4.4143920e-02 9.4159373e-02
-2.3343343e+00 1.7736376e-02 4.5362368e-02 9.5831969e-02
-2.3263263e+00 1.8360045e-02 4.6575123e-02 9.7440987e-02
-2.3183183e+00 1.8993822e-02 4.7857600e-02 9.8979020e-02
-2.3103103e+00 1.9661385e-02 4.9086597e-02 1.0069080e-01
-2.3023023e+00 2.0334321e-02 5.0318215e-02 1.0242441e-01
-2.2942943e+00 2.1026983e-02 5.1596928e-02 1.0418560e-01
-2.2862863e+00 2.1724908e-02 5.2849162e-02 1.0602071e-01
-2.2782783e+00 2.2444675e-02 5.4164009e-02 1.0789863e-01
-2.2702703e+00 2.3191788e-02 5.5552901e-02 1.0977614e-01
-2.2622623e+00 2.3951237e-02 5.6943905e-02 1.1167331e-01
-2.2542543e+00 2.4746092e-02 5.8302629e-02 1.1349394e-01
-2.2462462e+00 2.5515216e-02 5.9791987e-02 1.1537563e-01
-2.2382382e+00 2.6355491e-02 6.1223215e-02 1.1735222e-01
-2.2302302e+00 2.7261986e-02 6.2663275e-02 1.1953530e-01
-2.2222222e+00 2.8154186e-02 6.4197165e-02 1.2160430e-01
-2.2142142e+00 2.9093873e-02 6.5781863e-02 1.2382517e-01
-2.2062062e+00 2.9981233e-02 6.7306758e-02 1.2591683e-01
-2.1981982e+00 3.0933419e-02 6.8874713e-02 1.2816454e-01
-2.1901902e+00 3.1833118e-02 7.0496940e-02 1.3021764e-01
-2.1821822e+00 3.2834761e-02 7.2079865e-02 1.3238459e-01
-2.1741742e+00 3.3792013e-02 7.3773827e-02 1.3453181e-01
-2.1661662e+00 3.4818314e-02 7.5481971e-02 1.3684017e-01
-2.1581582e+00 3.5803775e-02 7.7197418e-02 1.3909768e-01
-2.1501502e+00 3.6816210e-02 7.8946179e-02 1.4127397e-01
-2.1421421e+00 3.7833436e-02 8.0663949e-02 1.4373813e-01
-2.1341341e+00 3.8944998e-02 8.2482457e-02 1.4604379e-01
-2.1261261e+00 4.0083947e-02 8.4230287e-02 1.4841892e-01
-2.1181181e+00 4.1182728e-02 8.5959813e-02 1.5087427e-01
-2.1101101e+00 4.2369765e-02 8.7704751e-02 1.5313702e-01
-2.1021021e+00 4.3521913e-02 8.9573379e-02 1.5552948e-01
-2.0940941e+00 4.4712604e-02 9.1461467e-02 1.5809727e-01
-2.0860861e+00 4.5948797e-02 9.3292240e-02 1.6067987e-01
-2.0780781e+00 4.7225934e-02 9.5340795e-02 1.6306125e-01
-2.0700701e+00 4.8490393e-02 9.7175340e-02 1.6565678e-01
-2.0620621e+00 4.9778631e-02 9.9174438e-02 1.6840811e-01
-2.0540541e+00 5.1116017e-02 1.0117456e-01 1.7100727e-01
-2.0460460e+00 5.2472491e-02 1.0325328e-01 1.7354249e-01
-2.0380380e+00 5.3854732e-02 1.0534859e-01 1.7598443e-01
-2.0300300e+00 5.5350870e-02 1.0731333e-01 1.7874246e-01
-2.0220220e+00 5.6744686e-02 1.0939431e-01 1.8138731e-01
-2.0140140e+00 5.8148346e-02 1.1157803e-01 1.8423460e-01
-2.0060060e+00 5.9568060e-02 1.1368951e-01 1.8699452e-01
-1.9979980e+00 6.1014002e-02 1.1579193e-01 1.8964422e-01
-1.9899900e+00 6.2447736e-02 1.1799725e-01 1.9255936e-01
-1.9819820e+00 6.4033757e-02 1.2027572e-01 1.9546873e-01
-1.9739740e+00 6.5537678e-02 1.2260328e-01 1.9839552e-01
-1.9659660e+00 6.7072449e-02 1.2491439e-01 2.0106319e-01
-1.9579580e+00 6.8654624e-02 1.2730878e-01 2.0374781e-01
-1.9499499e+00 7.0258269e-02 1.2955565e-01 2.0655041e-01
-1.9419419e+00 7.1841326e-02 1.3193003e-01 2.0941138e-01
-1.9339339e+00 7.3418771e-02 1.3433897e-01 2.1225182e-01
-1.9259259e+00 7.5086365e-02 1.3669926e-01 2.1511107e-01
-1.9179179e+00 7.6752122e-02 1.3908133e-01 2.1781244e-01
-1.9099099e+00 7.8484094e-02 1.4156875e-01 2.2084045e-01
-1.9019019e+00 8.0296746e-02 1.4407463e-01 2.2358693e-01
-1.8938939e+00 8.2192473e-02 1.4651085e-01 2.2669391e-01
-1.8858859e+00 8.4018588e-02 1.4887815e-01 2.2967720e-01
-1.8778779e+00 8.5900799e-02 1.5132670e-01 2.3265195e-01
-1.8698699e+00 8.7839651e-02 1.5386520e-01 2.3587902e-01
-1.8618619e+00 8.9752902e-02 1.5623418e-01 2.3906338e-01
-1.8538539e+00 9.1687714e-02 1.5882144e-01 2.4209606e-01
-1.8458458e+00 9.3598408e-02 1.6131019e-01 2.4517542e-01
-1.8378378e+00 9.5630940e-02 1.6384522e-01 2.4821269e-01
-1.8298298e+00 9.7717085e-02 1.6631679e-01 2.5122234e-01
-1.8218218e+00 9.9780718e-02 1.6892978e-01 2.5435174e-01
-1.8138138e+00 1.0184836e-01 1.7155769e-01 2.5740881e-01
-1.8058058e+00 1.0405120e-01 1.7420279e-01 2.6053156e-01
-1.7977978e+00 1.0624598e-01 1.7690744e-01 2.6349658e-01
-1.7897898e+00 1.0843282e-01 1.7953280e-01 2.6644639e-01
-1.7817818e+00 1.1042675e-01 1.8217281e-01 2.6953999e-01
-1.7737738e+00 1.1247928e-01 1.8493794e-01 2.7279684e-01
-1.7657658e+00 1.1467193e-01 1.8766895e-01 2.7594160e-01
-1.7577578e+00 1.1681649e-01 1.9040538e-01 2.7900928e-01
-1.7497497e+00 1.1906511e-01 1.9327436e-01 2.8223729e-01
-1.7417417e+00 1.2132380e-01 1.9607695e-01 2.8541455e-01
-1.7337337e+00 1.2361490e-01 1.9887926e-01 2.8866969e-01
-1.7257257e+00 1.2612207e-01 2.0165340e-01 2.9185675e-01
-1.7177177e+00 1.2861755e-01 2.0459345e-01 2.9516630e-01
-1.7097097e+00 1.3088087e-01 2.0740369e-01 2.9819456e-01
-1.7017017e+00 1.3325227e-01 2.1028081e-01 3.0141856e-01
-1.6936937e+00 1.3570079e-01 2.1311654e-01 3.0466233e-01
-1.6856857e+00 1.3817259e-01 2.1607545e-01 3.0807851e-01
-1.6776777e+00 1.4076718e-01 2.1907156e-01 3.1141292e-01
-1.6696697e+00 1.4326681e-01 2.2203269e-01 3.1495673e-01
-1.6616617e+00 1.4583843e-01 2.2511934e-01 3.1859088e-01
-1.6536537e+00 1.4844660e-01 2.2810711e-01 3.2188329e-01
-1.6456456e+00 1.5108129e-01 2.3098122e-01 3.2508184e-01
-1.6376376e+00 1.5360150e-01 2.3407874e-01 3.2844428e-01
-1.6296296e+00 1.5633351e-01 2.3729450e-01 3.3182967e-01
-1.6216216e+00 1.5891849e-01 2.4032569e-01 3.3520938e-01
-1.6136136e+00 1.6182471e-01 2.4347971e-01 3.3878142e-01
-1.6056056e+00 1.6451455e-01 2.4647524e-01 3.4218113e-01
-1.5975976e+00 1.6725094e-01 2.4953996e-01 3.4569326e-01
-1.5895896e+00 1.7007166e-01 2.5247972e-01 3.4936608e-01
-1.5815816e+00 1.7293501e-01 2.5575424e-01 3.5286952e-01
-1.5735736e+00 1.7567479e-01 2.5880039e-01 3.5630888e-01
-1.5655656e+00 1.7878174e-01 2.6219554e-01 3.5985729e-01
-1.5575576e+00 1.8152661e-01 2.6538146e-01 3.6299515e-01
-1.5495495e+00 1.8425648e-01 2.6852306e-01 3.6665168e-01
-1.5415415e+00 1.8704308e-01 2.7176152e-01 3.7023137e-01
-1.5335335e+00 1.8996769e-01 2.7522417e-01 3.7394437e-01
-1.5255255e+00 1.9291457e-01 2.7859909e-01 3.7776384e-01
-1.5175175e+00 1.9586670e-01 2.8199528e-01 3.8148608e-01
-1.5095095e+00 1.9897295e-01 2.8552873e-01 3.8520765e-01
-1.5015015e+00 2.0192526e-01 2.8881022e-01 3.8907520e-01
-1.4934935e+00 2.0487724e-01 2.9215240e-01 3.9288272e-01
-1.4854855e+00 2.0785985e-01 2.9561831e-01 3.9657035e-01
-1.4774775e+00 2.1076978e-01 2.9894598e-01 4.0018687e-01
-1.4694695e+00 2.1384127e-01 3.0222147e-01 4.0388324e-01
-1.4614615e+00 2.1682767e-01 3.0559767e-01 4.0761337e-01
-1.4534535e+00 2.1996698e-01 3.0901915e-01 4.1145982e-01
-1.4454454e+00 2.2305887e-01 3.1249410e-01 4.1527234e-01
-1.4374374e+00 2.2600828e-01 3.1618059e-01 4.1908125e-01
-1.4294294e+00 2.2906941e-01 3.1977116e-01 4.2298040e-01
-1.4214214e+00 2.3222921e-01 3.2340464e-01 4.2672810e-01
-1.4134134e+00 2.3551805e-01 3.2707968e-01 4.3076467e-01
-1.4054054e+00 2.3876792e-01 3.3070871e-01 4.3461217e-01
-1.3973974e+00 2.4201157e-01 3.3434355e-01 4.3862596e-01
-1.3893894e+00 2.4538159e-01 3.3799849e-01 4.4262650e-01
-1.3813814e+00 2.4869358e-01 3.4166590e-01 4.4683815e-01
-1.3733734e+00 2.5211362e-01 3.4541148e-01 4.5110684e-01
-1.3653654e+00 2.5548499e-01 3.4933913e-01 4.5517861e-01
-1.3573574e+00 2.5879681e-01 3.5309532e-01 4.5921896e-01
-1.3493493e+00 2.6208103e-01 3.5677910e-01 4.6337779e-01
-1.3413413e+00 2.6540207e-01 3.6050426e-01 4.6771609e-01
-1.3333333e+00 2.6891557e-01 3.6431357e-01 4.7192780e-01
-1.3253253e+00 2.7230805e-01 3.6807944e-01 4.7627964e-01
-1.3173173e+00 2.7579622e-01 3.7198817e-01 4.8054280e-01
-1.3093093e+00 2.7944054e-01 3.7601836e-01 4.8490871e-01
-1.3013013e+00 2.8303598e-01 3.7998405e-01 4.8933080e-01
-1.2932933e+00 2.8641966e-01 3.8391895e-01 4.9361827e-01
-1.2852853e+00 2.9005814e-01 3.8799351e-01 4.9826292e-01
-1.2772773e+00 2.9366511e-01 3.9203852e-01 5.0264513e-01
-1.2692693e+00 2.9741325e-01 3.9603380e-01 5.0690336e-01
-1.2612613e+00 3.0058016e-01 4.0013656e-01 5.1122205e-01
-1.2532533e+00 3.0439771e-01 4.0416832e-01 5.1566825e-01
-1.2452452e+00 3.0808517e-01 4.0823419e-01 5.2022677e-01
-1.2372372e+00 3.1194494e-01 4.1225354e-01 5.2495420e-01
-1.2292292e+00 3.1574615e-01 4.1647050e-01 5.2960462e-01
-1.2212212e+00 3.1933055e-01 4.2074532e-01 5.3406746e-01
-1.2132132e+00 3.2293942e-01 4.2505268e-01 5.3870118e-01
-1.2052052e+00 3.2673348e-01 4.2919557e-01 5.4304618e-01
-1.1971972e+00 3.3045851e-01 4.3348053e-01 5.4778723e-01
-1.1891892e+00 3.3410764e-01 4.3765967e-01 5.5255160e-01
-1.1811812e+00 3.3787587e-01 4.4183089e-01 5.5735653e-01
-1.1731732e+00 3.4187088e-01 4.4624705e-01 5.6203581e-01
-1.1651652e+00 3.4590373e-01 4.5075378e-01 5.6655301e-01
-1.1571572e+00 3.4985114e-01 4.5508331e-01 5.7139445e-01
-1.1491491e+00 3.5386244e-01 4.5949271e-01 5.7641146e-01
-1.1411411e+00 3.5768890e-01 4.6386705e-01 5.8126742e-01
-1.1331331e+00 3.6156073e-01 4.6807508e-01 5.8617252e-01
-1.1251251e+00 3.6532903e-01 4.7249986e-01 5.9074744e-01
-1.1171171e+00 3.6903928e-01 4.7673465e-01 5.9542804e-01
-1.1091091e+00 3.7305318e-01 4.8115226e-01 6.0004201e-01
-1.1011011e+00 3.7696346e-01 4.8553153e-01 6.0486791e-01
-1.0930931e+00 3.8069405e-01 4.9012669e-01 6.0997821e-01
-1.0850851e+00 3.8457543e-01 4.9448468e-01 6.1507517e-01
-1.0770771e+00 3.8825128e-01 4.9875770e-01 6.1974125e-01
-1.0690691e+00 3.9220484e-01 5.0315323e-01 6.2412287e-01
-1.0610611e+00 3.9637732e-01 5.0766472e-01 6.2882896e-01
-1.0530531e+00 4.0039978e-01 5.1214017e-01 6.3383467e-01
-1.0450450e+00 4.0442947e-01 5.1663735e-01 6.3877388e-01
-1.0370370e+00 4.0833508e-01 5.2092356e-01 6.4389615e-01
-1.0290290e+00 4.1213442e-01 5.2545103e-01 6.4886835e-01
-1.0210210e+00 4.1595474e-01 5.2994967e-01 6.5397524e-01
-1.0130130e+00 4.2009503e-01 5.3429240e-01 6.5884016e-01
-1.0050050e+00 4.2435902e-01 5.3886638e-01 6.6383954e-01
-9.9699700e-01 4.2858954e-01 5.4341930e-01 6.6868723e-01
-9.8898899e-01 4.3266959e-01 5.4805185e-01 6.7344225e-01
-9.8098098e-01 4.3690379e-01 5.5262445e-01 6.7847211e-01
-9.7297297e-01 4.4084676e-01 5.5732636e-01 6.8365875e-01
-9.6496496e-01 4.4519157e-01 5.6189936e-01 6.8836033e-01
-9.5695696e-01 4.4993032e-01 5.6621167e-01 6.9349976e-01
-9.4894895e-01 4.5413924e-01 5.7094090e-01 6.9855919e-01
-9.4094094e-01 4.5830862e-01 5.7547701e-01 7.0334864e-01
-9.3293293e-01 4.6257207e-01 5.7998529e-01 7.0838628e-01
-9.2492492e-01 4.6691567e-01 5.8460038e-01 7.1323255e-01
-9.1691692e-01 4.7111877e-01 5.8918294e-01 7.1842752e-01
-9.0890891e-01 4.7523887e-01 5.9388158e-01 7.2330638e-01
-9.0090090e-01 4.7956398e-01 5.9840641e-01 7.2805816e-01
-8.9289289e-01 4.8402435e-01 6.0311530e-01 7.3287317e-01
-8.8488488e-01 4.8840015e-01 6.0782302e-01 7.3768692e-01
-8.7687688e-01 4.9259458e-01 6.1245761e-01 7.4244931e-01
-8.6886887e-01 4.9704670e-01 6.1708527e-01 7.4711171e-01
-8.6086086e-01 5.0168964e-01 6.2151180e-01 7.5219335e-01
-8.5285285e-01 5.0613503e-01 6.2606922e-01 7.5693262e-01
-8.4484484e-01 5.1028697e-01 6.3065838e-01 7.6174114e-01
-8.3683684e-01 5.1453521e-01 6.3528819e-01 7.6635229e-01
-8.2882883e-01 5.1874842e-01 6.3991377e-01 7.7101930e-01
-8.2082082e-01 5.2274056e-01 6.4455678e-01 7.7567112e-01
-8.1281281e-01 5.2685145e-01 6.4915103e-01 7.8032351e-01
-8.0480480e-01 5.3098941e-01 6.5349691e-01 7.8475044e-01
-7.9679680e-01 5.3516314e-01 6.5778671e-01 7.8889276e-01
-7.8878879e-01 5.3920229e-01 6.6238597e-01 7.9339566e-01
-7.8078078e-01 5.4301268e-01 6.6680121e-01 7.9789082e-01
-7.7277277e-01 5.4691558e-01 6.7133023e-01 8.0226167e-01
-7.6476476e-01 5.5127677e-01 6.7579166e-01 8.0684513e-01
-7.5675676e-01 5.5542786e-01 6.7999760e-01 8.1130741e-01
-7.4874875e-01 5.5924071e-01 6.8436840e-01 8.1582459e-01
-7.4074074e-01 5.6352036e-01 6.8874132e-01 8.2028001e-01
-7.3273273e-01 5.6765237e-01 6.9304576e-01 8.2467235e-01
-7.2472472e-01 5.7177101e-01 6.9724479e-01 8.2904786e-01
-7.1671672e-01 5.7597798e-01 7.0144095e-01 8.3339651e-01
-7.0870871e-01 5.8034560e-01 7.0554129e-01 8.3787889e-01
-7.0070070e-01 5.8486598e-01 7.0988433e-01 8.4232551e-01
-6.9269269e-01 5.8879726e-01 7.1437218e-01 8.4631566e-01
-6.8468468e-01 5.9297984e-01 7.1859724e-01 8.5036963e-01
-6.7667668e-01 5.9700534e-01 7.2283739e-01 8.5469567e-01
-6.6866867e-01 6.0100999e-01 7.2692857e-01 8.5900883e-01
-6.6066066e-01 6.0502821e-01 7.3102373e-01 8.6303833e-01
-6.5265265e-01 6.0867683e-01 7.3524362e-01 8.6715770e-01
-6.4464464e-01 6.1228365e-01 7.3936335e-01 8.7142187e-01
-6.3663664e-01 6.1608524e-01 7.4319056e-01 8.7547949e-01
-6.2862863e-01 6.1979624e-01 7.4720722e-01 8.7956924e-01
-6.2062062e-01 6.2362833e-01 7.5126690e-01 8.8345347e-01
-6.1261261e-01 6.2744134e-01 7.5533785e-01 8.8683871e-01
-6.0460460e-01 6.3110936e-01 7.5928570e-01 8.9071907e-01
-5.9659660e-01 6.3510971e-01 7.6323984e-01 8.9498652e-01
-5.8858859e-01 6.3858753e-01 7.6713796e-01 8.9862710e-01
-5.8058058e-01 6.4226764e-01 7.7102807e-01 9.0233737e-01
-5.7257257e-01 6.4583638e-01 7.7509598e-01 9.0627365e-01
-5.6456456e-01 6.4965822e-01 7.7884409e-01 9.1033151e-01
-5.5655656e-01 6.5351976e-01 7.8247745e-01 9.1424768e-01
-5.4854855e-01 6.5710663e-01 7.8615730e-01 9.1779050e-01
-5.4054054e-01 6.6084186e-01 7.8979612e-01 9.2120846e-01
-5.3253253e-01 6.6448321e-01 7.9345754e-01 9.2479993e-01
-5.2452452e-01 6.6791428e-01 7.9710988e-01 9.2836212e-01
-5.1651652e-01 6.7142093e-01 8.0067132e-01 9.3170763e-01
-5.0850851e-01 6.7479056e-01 8.0407421e-01 9.3567160e-01
-5.0050050e-01 6.7819808e-01 8.0756641e-01 9.3930953e-01
-4.9249249e-01 6.8162477e-01 8.1104237e-01 9.4262042e-01
-4.8448448e-01 6.8487021e-01 8.1438170e-01 9.4578364e-01
-4.7647648e-01 6.8827376e-01 8.1797605e-01 9.4929339e-01
-4.6846847e-01 6.9177278e-01 8.2104039e-01 9.5278562e-01
-4.6046046e-01 6.9503630e-01 8.2419440e-01 9.5639018e-01
-4.5245245e-01 6.9840578e-01 8.2744164e-01 9.5965481e-01
-4.4444444e-01 7.0127644e-01 8.3056328e-01 9.6304299e-01
-4.3643644e-01 7.0464664e-01 8.3378097e-01 9.6633388e-01
-4.2842843e-01 7.0777004e-01 8.3717202e-01 9.6960691e-01
-4.2042042e-01 7.1101280e-01 8.4006824e-01 9.7277549e-01
-4.1241241e-01 7.1395791e-01 8.4302761e-01 9.7609904e-01
-4.0440440e-01 7.1699735e-01 8.4600582e-01 9.7908799e-01
-3.9639640e-01 7.2016940e-01 8.4903476e-01 9.8193897e-01
-3.8838839e-01 7.2318563e-01 8.5215929e-01 9.8508405e-01
-3.8038038e-01 7.2614510e-01 8.5500220e-01 9.8781308e-01
-3.7237237e-01 7.2930582e-01 8.5777923e-01 9.9097986e-01
-3.6436436e-01 7.3213607e-01 8.6082391e-01 9.9407820e-01
-3.5635636e-01 7.3481604e-01 8.6359319e-01 9.9676097e-01
-3.4834835e-01 7.3780317e-01 8.6635582e-01 9.9945115e-01
-3.4034034e-01 7.4076954e-01 8.6926325e-01 1.0024577e+00
-3.3233233e-01 7.4372062e-01 8.7179226e-01 1.0051620e+00
-3.2432432e-01 7.4620478e-01 8.7445785e-01 1.0075710e+00
-3.1631632e-01 7.4898980e-01 8.7721507e-01 1.0103546e+00
-3.0830831e-01 7.5172717e-01 8.7984611e-01 1.0127280e+00
-3.0030030e-01 7.5449561e-01 8.8228125e-01 1.0152574e+00
-2.9229229e-01 7.5724926e-01 8.8478924e-01 1.0179968e+00
-2.8428428e-01 7.6001903e-01 8.8715329e-01 1.0207633e+00
-2.7627628e-01 7.6224221e-01 8.8962909e-01 1.0232191e+00
-2.6826827e-01 7.6462972e-01 8.9207179e-01 1.0255106e+00
-2.6026026e-01 7.6712755e-01 8.9466070e-01 1.0279679e+00
-2.5225225e-01 7.6968325e-01 8.9690613e-01 1.0301973e+00
-2.4424424e-01 7.7216788e-01 8.9919024e-01 1.0325252e+00
-2.3623624e-01 7.7450066e-01 9.0159828e-01 1.0348548e+00
-2.2822823e-01 7.7674823e-01 9.0397410e-01 1.0368795e+00
-2.2022022e-01 7.7894231e-01 9.0606711e-01 1.0391399e+00
-2.1221221e-01 7.8086244e-01 9.0827868e-01 1.0412757e+00
-2.0420420e-01 7.8306436e-01 9.1054527e-01 1.0433265e+00
-1.9619620e-01 7.8545871e-01 9.1291177e-01 1.0455632e+00
-1.8818819e-01 7.8786342e-01 9.1506359e-01 1.0475429e+00
-1.8018018e-01 7.9043135e-01 9.1722039e-01 1.0495122e+00
-1.7217217e-01 7.9261835e-01 9.1918358e-01 1.0514196e+00
-1.6416416e-01 7.9481723e-01 9.2182483e-01 1.0530565e+00
-1.5615616e-01 7.9691403e-01 9.2413893e-01 1.0545601e+00
-1.4814815e-01 7.9880080e-01 9.2612346e-01 1.0560896e+00
-1.4014014e-01 8.0073531e-01 9.2794133e-01 1.0579278e+00
-1.3213213e-01 8.0274913e-01 9.3003391e-01 1.0594453e+00
-1.2412412e-01 8.0494545e-01 9.3211932e-01 1.0613050e+00
-1.1611612e-01 8.0675826e-01 9.3430096e-01 1.0627892e+00
-1.0810811e-01 8.0876304e-01 9.3626420e-01 1.0646145e+00
-1.0010010e-01 8.1090386e-01 9.3811252e-01 1.0663766e+00
-9.2092092e-02 8.1291868e-01 9.3980238e-01 1.0675020e+00
-8.4084084e-02 8.1491928e-01 9.4137197e-01 1.0695211e+00
-7.6076076e-02 8.1690520e-01 9.4342126e-01 1.0709260e+00
-6.8068068e-02 8.1882233e-01 9.4506612e-01 1.0723751e+00
-6.0060060e-02 8.2098210e-01 9.4686090e-01 1.0736778e+00
-5.2052052e-02 8.2308878e-01 9.4892331e-01 1.0752423e+00
-4.4044044e-02 8.2518811e-01 9.5059688e-01 1.0766656e+00
-3.6036036e-02 8.2689407e-01 9.5214345e-01 1.0782100e+00
-2.8028028e-02 8.2862446e-01 9.5353591e-01 1.0799497e+00
-2.0020020e-02 8.3040951e-01 9.5534086e-01 1.0814964e+00
-1.2012012e-02 8.3206495e-01 9.5680007e-01 1.0827593e+00
-4.0040040e-03 8.3348448e-01 9.5857184e-01 1.0840878e+00
4.0040040e-03 8.3487242e-01 9.6011395e-01 1.0854304e+00
1.2012012e-02 8.3668838e-01 9.6156885e-01 1.0869568e+00
2.0020020e-02 8.3811636e-01 9.6297360e-01 1.0879921e+00
2.8028028e-02 8.3994498e-01 9.6444150e-01 1.0888855e+00
3.6036036e-02 8.4151468e-01 9.6601758e-01 1.0904779e+00
4.4044044e-02 8.4296636e-01 9.6750859e-01 1.0917736e+00
5.2052052e-02 8.4486501e-01 9.6904029e-01 1.0930668e+00
6.0060060e-02 8.4640516e-01 9.7011510e-01 1.0940200e+00
6.8068068e-02 8.4809496e-01 9.7137492e-01 1.0948740e+00
7.6076076e-02 8.4968531e-01 9.7249461e-01 1.0962156e+00
8.4084084e-02 8.5133185e-01 9.7373605e-01 1.0975875e+00
9.2092092e-02 8.5293748e-01 9.7506862e-01 1.0988687e+00
1.0010010e-01 8.5428589e-01 9.7674344e-01 1.0999608e+00
1.0810811e-01 8.5572572e-01 9.7792272e-01 1.1012019e+00
1.1611612e-01 8.5716510e-01 9.7933708e-01 1.1026730e+00
1.2412412e-01 8.5834262e-01 9.8070784e-01 1.1039394e+00
1.3213213e-01 8.5972889e-01 9.8188614e-01 1.1052419e+00
1.4014014e-01 8.6079014e-01 9.8320563e-01 1.1064891e+00
1.4814815e-01 8.6203338e-01 9.8424850e-01 1.1077342e+00
1.5615616e-01 8.6304340e-01 9.8557016e-01 1.1087888e+00
1.6416416e-01 8.6388385e-01 9.8661377e-01 1.1101541e+00
1.7217217e-01 8.6487666e-01 9.8806798e-01 1.1112949e+00
1.8018018e-01 8.6577866e-01 9.8917525e-01 1.1121630e+00
1.8818819e-01 8.6641950e-01 9.9024866e-01 1.1135612e+00
1.9619620e-01 8.6707609e-01 9.9117956e-01 1.1143610e+00
2.0420420e-01 8.6786852e-01 9.9191909e-01 1.1154742e+00
2.1221221e-01 8.6875616e-01 9.9264298e-01 1.1162934e+00
2.2022022e-01 8.6954711e-01 9.9342831e-01 1.1171286e+00
2.2822823e-01 8.6997463e-01 9.9411970e-01 1.1179714e+00
2.3623624e-01 8.7067517e-01 9.9478551e-01 1.1188365e+00
2.4424424e-01 8.7135059e-01 9.9522499e-01 1.1197748e+00
2.5225225e-01 8.7203579e-01 9.9580107e-01 1.1207585e+00
2.6026026e-01 8.7244413e-01 9.9637065e-01 1.1213011e+00
2.6826827e-01 8.7274539e-01 9.9678969e-01 1.1220343e+00
2.7627628e-01 8.7279586e-01 9.9729430e-01 1.1226854e+00
2.8428428e-01 8.7290278e-01 9.9784573e-01 1.1233458e+00
2.9229229e-01 8.7311571e-01 9.9829218e-01 1.1240078e+00
3.0030030e-01 8.7343239e-01 9.9877723e-01 1.1246177e+00
3.0830831e-01 8.7355987e-01 9.9904858e-01 1.1250745e+00
3.1631632e-01 8.7384448e-01 9.9943675e-01 1.1254635e+00
3.2432432e-01 8.7388007e-01 9.9960026e-01 1.1254729e+00
3.3233233e-01 8.7384691e-01 9.9990179e-01 1.1257729e+00
3.4034034e-01 8.7359644e-01 9.9986871e-01 1.1261836e+00
3.4834835e-01 8.7342185e-01 9.9998820e-01 1.1263638e+00
3.5635636e-01 8.7297440e-01 1.0000000e+00 1.1267768e+00
3.6436436e-01 8.7232265e-01 9.9986596e-01 1.1269596e+00
3.7237237e-01 8.7165041e-01 9.9984008e-01 1.1269873e+00
3.8038038e-01 8.7127380e-01 9.9965650e-01 1.1270393e+00
3.8838839e-01 8.7052296e-01 9.9956929e-01 1.1269915e+00
3.9639640e-01 8.6993179e-01 9.9906836e-01 1.1273009e+00
4.0440440e-01 8.6911677e-01 9.9845017e-01 1.1274630e+00
4.1241241e-01 8.6835521e-01 9.9788709e-01 1.1274435e+00
4.2042042e-01 8.6722589e-01 9.9732891e-01 1.1273339e+00
4.2842843e-01 8.6612983e-01 9.9654726e-01 1.1267649e+00
4.3643644e-01 8.6530242e-01 9.9566580e-01 1.1261510e+00
4.4444444e-01 8.6392516e-01 9.9472417e-01 1.1258105e+00
4.5245245e-01 8.6267735e-01 9.9391890e-01 1.1247664e+00
4.6046046e-01 8.6086712e-01 9.9301502e-01 1.1240475e+00
4.6846847e-01 8.5967969e-01 9.9199727e-01 1.1230899e+00
4.7647648e-01 8.5800036e-01 9.9039285e-01 1.1218838e+00
4.8448448e-01 8.5629455e-01 9.8930942e-01 1.1208182e+00
4.9249249e-01 8.5448755e-01 9.8783852e-01 1.1197133e+00
5.0050050e-01 8.5267099e-01 9.8640409e-01 1.1186223e+00
5.0850851e-01 8.5084444e-01 9.8461092e-01 1.1170012e+00
5.1651652e-01 8.4879852e-01 9.8260921e-01 1.1157184e+00
5.2452452e-01 8.4707022e-01 9.8050588e-01 1.1140475e+00
5.3253253e-01 8.4503053e-01 9.7840671e-01 1.1122167e+00
5.4054054e-01 8.4267167e-01 9.7629726e-01 1.1103002e+00
5.4854855e-01 8.3998583e-01 9.7414250e-01 1.1085718e+00
5.5655656e-01 8.3765615e-01 9.7191799e-01 1.1065505e+00
5.6456456e-01 8.3505641e-01 9.6912970e-01 1.1044230e+00
5.7257257e-01 8.3202462e-01 9.6673199e-01 1.1024574e+00
5.8058058e-01 8.2927241e-01 9.6410869e-01 1.0997109e+00
5.8858859e-01 8.2636275e-01 9.6122169e-01 1.0971370e+00
5.9659660e-01 8.2323006e-01 9.5821580e-01 1.0942562e+00
6.0460460e-01 8.2051611e-01 9.5530513e-01 1.0915734e+00
6.1261261e-01 8.1721695e-01 9.5199207e-01 1.0888247e+00
6.2062062e-01 8.1390620e-01 9.4891004e-01 1.0858619e+00
6.2862863e-01 8.1033146e-01 9.4573421e-01 1.0827994e+00
6.3663664e-01 8.0668824e-01 9.4219802e-01 1.0795038e+00
6.4464464e-01 8.0313103e-01 9.3839441e-01 1.0762483e+00
6.5265265e-01 7.9940105e-01 9.3426853e-01 1.0726308e+00
6.6066066e-01 7.9561769e-01 9.3055501e-01 1.0688285e+00
6.6866867e-01 7.9179047e-01 9.2651251e-01 1.0650094e+00
6.7667668e-01 7.8759763e-01 9.2225922e-01 1.0609137e+00
6.8468468e-01 7.8367035e-01 9.1798538e-01 1.0569027e+00
6.9269269e-01 7.7897564e-01 9.1359405e-01 1.0528567e+00
7.0070070e-01 7.7431650e-01 9.0932548e-01 1.0487842e+00
7.0870871e-01 7.6979309e-01 9.0498215e-01 1.0441396e+00
7.1671672e-01 7.6515485e-01 9.0037088e-01 1.0396001e+00
7.2472472e-01 7.6037800e-01 8.9529992e-01 1.0346768e+00
7.3273273e-01 7.5538328e-01 8.9057537e-01 1.0295699e+00
7.4074074e-01 7.5047629e-01 8.8549906e-01 1.0246557e+00
7.4874875e-01 7.4537757e-01 8.8027405e-01 1.0196870e+00
7.5675676e-01 7.3996135e-01 8.7495527e-01 1.0150885e+00
7.6476476e-01 7.3462101e-01 8.6945944e-01 1.0097349e+00
7.7277277e-01 7.2931230e-01 8.6400300e-01 1.0044612e+00
7.8078078e-01 7.2392195e-01 8.5846539e-01 9.9865958e-01
7.8878879e-01 7.1817061e-01 8.5274731e-01 9.9287775e-01
7.9679680e-01 7.1249113e-01 8.4690201e-01 9.8681750e-01
8.0480480e-01 7.0669914e-01 8.4105532e-01 9.8098637e-01
8.1281281e-01 7.0104220e-01 8.3512492e-01 9.7461320e-01
8.2082082e-01 6.9507106e-01 8.2887711e-01 9.6822028e-01
8.2882883e-01 6.8912146e-01 8.2261756e-01 9.6204223e-01
8.3683684e-01 6.8298419e-01 8.1597659e-01 9.5560489e-01
8.4484484e-01 6.7685894e-01 8.0938537e-01 9.4871932e-01
8.5285285e-01 6.7021816e-01 8.0292315e-01 9.4185818e-01
8.6086086e-01 6.6391896e-01 7.9636241e-01 9.3509286e-01
8.6886887e-01 6.5737857e-01 7.8944166e-01 9.2816074e-01
8.7687688e-01 6.5095663e-01 7.8261899e-01 9.2092001e-01
8.8488488e-01 6.4478148e-01 7.7570749e-01 9.1361767e-01
8.9289289e-01 6.3844388e-01 7.6856195e-01 9.0647893e-01
9.0090090e-01 6.3151983e-01 7.6146534e-01 8.9898435e-01
9.0890891e-01 6.2502397e-01 7.5406467e-01 8.9122680e-01
9.1691692e-01 6.1802868e-01 7.4687319e-01 8.8358342e-01
9.2492492e-01 6.1143848e-01 7.3948607e-01 8.7585943e-01
9.3293293e-01 6.0431034e-01 7.3205273e-01 8.6784914e-01
9.4094094e-01 5.9714227e-01 7.2458012e-01 8.6011363e-01
9.4894895e-01 5.9010977e-01 7.1694166e-01 8.5202827e-01
9.5695696e-01 5.8289477e-01 7.0907182e-01 8.4382249e-01
9.6496496e-01 5.7586579e-01 7.0141475e-01 8.3571962e-01
9.7297297e-01 5.6863493e-01 6.9365832e-01 8.2726613e-01
9.8098098e-01 5.6151411e-01 6.8569681e-01 8.1878679e-01
9.8898899e-01 5.5448090e-01 6.7764892e-01 8.1048656e-01
9.9699700e-01 5.4719926e-01 6.6963027e-01 8.0214952e-01
1.0050050e+00 5.3977691e-01 6.6162363e-01 7.9344213e-01
1.0130130e+00 5.3235600e-01 6.5355457e-01 7.8482080e-01
1.0210210e+00 5.2505318e-01 6.4540880e-01 7.7610071e-01
1.0290290e+00 5.1772588e-01 6.3727797e-01 7.6728030e-01
1.0370370e+00 5.1041733e-01 6.2919475e-01 7.5808640e-01
1.0450450e+00 5.0307791e-01 6.2091158e-01 7.4910149e-01
1.0530531e+00 4.9560609e-01 6.1270141e-01 7.3987722e-01
1.0610611e+00 4.8829446e-01 6.0444570e-01 7.3074585e-01
1.0690691e+00 4.8064615e-01 5.9607586e-01 7.2149126e-01
1.0770771e+00 4.7302366e-01 5.8794822e-01 7.1264383e-01
1.0850851e+00 4.6558779e-01 5.7962026e-01 7.0368832e-01
1.0930931e+00 4.5785711e-01 5.7123978e-01 6.9450859e-01
1.1011011e+00 4.5064699e-01 5.6288612e-01 6.8532209e-01
1.1091091e+00 4.4327166e-01 5.5455083e-01 6.7597678e-01
1.1171171e+00 4.3599835e-01 5.4633046e-01 6.6665787e-01
1.1251251e+00 4.2854959e-01 5.3789837e-01 6.5748731e-01
1.1331331e+00 4.2124021e-01 5.2966013e-01 6.4806381e-01
1.1411411e+00 4.1402210e-01 5.2124686e-01 6.3873160e-01
1.1491491e+00 4.0654419e-01 5.1279378e-01 6.2941349e-01
1.1571572e+00 3.9924054e-01 5.0449470e-01 6.2020124e-01
1.1651652e+00 3.9200435e-01 4.9629401e-01 6.1066030e-01
1.1731732e+00 3.8477285e-01 4.8811331e-01 6.0171043e-01
1.1811812e+00 3.7754988e-01 4.7987568e-01 5.9245940e-01
1.1891892e+00 3.7044749e-01 4.7178901e-01 5.8315939e-01
1.1971972e+00 3.6320112e-01 4.6337838e-01 5.7381036e-01
1.2052052e+00 3.5609844e-01 4.5511601e-01 5.6456772e-01
1.2132132e+00 3.4904140e-01 4.4697772e-01 5.5541610e-01
1.2212212e+00 3.4206156e-01 4.3896317e-01 5.4613098e-01
1.2292292e+00 3.3501478e-01 4.3092880e-01 5.3704249e-01
1.2372372e+00 3.2812276e-01 4.2293764e-01 5.2795971e-01
1.2452452e+00 3.2132501e-01 4.1507879e-01 5.1887687e-01
1.2532533e+00 3.1464206e-01 4.0735779e-01 5.0977038e-01
1.2612613e+00 3.0791191e-01 3.9951601e-01 5.0083154e-01
1.2692693e+00 3.0129132e-01 3.9179314e-01 4.9177067e-01
1.2772773e+00 2.9471479e-01 3.8408013e-01 4.8269961e-01
1.2852853e+00 2.8818270e-01 3.7642639e-01 4.7393490e-01
1.2932933e+00 2.8176592e-01 3.6893532e-01 4.6502910e-01
1.3013013e+00 2.7549163e-01 3.6128123e-01 4.5630827e-01
1.3093093e+00 2.6924512e-01 3.5368474e-01 4.4760615e-01
1.3173173e+00 2.6295362e-01 3.4630352e-01 4.3907496e-01
1.3253253e+00 2.5663260e-01 3.3896382e-01 4.3039146e-01
1.3333333e+00 2.5058179e-01 3.3170760e-01 4.2172690e-01
1.3413413e+00 2.4463611e-01 3.2455635e-01 4.1336791e-01
1.3493493e+00 2.3865668e-01 3.1735725e-01 4.0501277e-01
1.3573574e+00 2.3289458e-01 3.1024946e-01 3.9676308e-01
1.3653654e+00 2.2731053e-01 3.0325790e-01 3.8852875e-01
1.3733734e+00 2.2164648e-01 2.9627464e-01 3.8047150e-01
1.3813814e+00 2.1598231e-01 2.8939367e-01 3.7243514e-01
1.3893894e+00 2.1050401e-01 2.8260400e-01 3.6445712e-01
1.3973974e+00 2.0516041e-01 2.7594210e-01 3.5664914e-01
1.4054054e+00 1.9982264e-01 2.6938028e-01 3.4872975e-01
1.4134134e+00 1.9465853e-01 2.6295331e-01 3.4094422e-01
1.4214214e+00 1.8956559e-01 2.5656867e-01 3.3322558e-01
1.4294294e+00 1.8444490e-01 2.5031525e-01 3.2578740e-01
1.4374374e+00 1.7940031e-01 2.4411768e-01 3.1823878e-01
1.4454454e+00 1.7440571e-01 2.3798312e-01 3.1093190e-01
1.4534535e+00 1.6951942e-01 2.3199702e-01 3.0358582e-01
1.4614615e+00 1.6486999e-01 2.2604902e-01 2.9634432e-01
1.4694695e+00 1.6010517e-01 2.2026685e-01 2.8930276e-01
1.4774775e+00 1.5558649e-01 2.1455368e-01 2.8222338e-01
1.4854855e+00 1.5106178e-01 2.0884196e-01 2.7538063e-01
1.4934935e+00 1.4670806e-01 2.0320152e-01 2.6849933e-01
1.5015015e+00 1.4239310e-01 1.9762238e-01 2.6177874e-01
1.5095095e+00 1.3819708e-01 1.9217449e-01 2.5506828e-01
1.5175175e+00 1.3405875e-01 1.8689421e-01 2.4849390e-01
1.5255255e+00 1.3002236e-01 1.8172799e-01 2.4208334e-01
1.5335335e+00 1.2605414e-01 1.7658696e-01 2.3579530e-01
1.5415415e+00 1.2208773e-01 1.7157522e-01 2.2955048e-01
1.5495495e+00 1.1828123e-01 1.6666799e-01 2.2348609e-01
1.5575576e+00 1.1454488e-01 1.6183632e-01 2.1740080e-01
1.5655656e+00 1.1090281e-01 1.5706022e-01 2.1158286e-01
1.5735736e+00 1.0731412e-01 1.5242664e-01 2.0582545e-01
1.5815816e+00 1.0390955e-01 1.4795523e-01 2.0010901e-01
1.5895896e+00 1.0054101e-01 1.4351512e-01 1.9465462e-01
1.5975976e+00 9.7189080e-02 1.3913279e-01 1.8929800e-01
1.6056056e+00 9.3979098e-02 1.3489271e-01 1.8400357e-01
1.6136136e+00 9.0844701e-02 1.3072485e-01 1.7872208e-01
1.6216216e+00 8.7743462e-02 1.2663937e-01 1.7348508e-01
1.6296296e+00 8.4782048e-02 1.2263949e-01 1.6848095e-01
1.6376376e+00 8.1860378e-02 1.1869855e-01 1.6348825e-01
1.6456456e+00 7.9090131e-02 1.1485680e-01 1.5859766e-01
1.6536537e+00 7.6379969e-02 1.1115887e-01 1.5387906e-01
1.6616617e+00 7.3740554e-02 1.0751018e-01 1.4925642e-01
1.6696697e+00 7.1119586e-02 1.0398015e-01 1.4474998e-01
1.6776777e+00 6.8575153e-02 1.0057580e-01 1.4026325e-01
1.6856857e+00 6.6122263e-02 9.7207533e-02 1.3591559e-01
1.6936937e+00 6.3705038e-02 9.4002681e-02 1.3167316e-01
1.7017017e+00 6.1388351e-02 9.0811211e-02 1.2756104e-01
1.7097097e+00 5.9129840e-02 8.7683970e-02 1.2355930e-01
1.7177177e+00 5.6926944e-02 8.4637070e-02 1.1959487e-01
1.7257257e+00 5.4787171e-02 8.1693688e-02 1.1570188e-01
1.7337337e+00 5.2702888e-02 7.8824026e-02 1.1192548e-01
1.7417417e+00 5.0681973e-02 7.6052364e-02 1.0823800e-01
1.7497497e+00 4.8742572e-02 7.3362416e-02 1.0471092e-01
1.7577578e+00 4.6843024e-02 7.0766543e-02 1.0116932e-01
1.7657658e+00 4.5035375e-02 6.8194575e-02 9.7753761e-02
1.7737738e+00 4.3256817e-02 6.5688138e-02 9.4423294e-02
1.7817818e+00 4.1561269e-02 6.3256625e-02 9.1168638e-02
1.7897898e+00 3.9899233e-02 6.0905909e-02 8.8017312e-02
1.7977978e+00 3.8296727e-02 5.8640868e-02 8.4956762e-02
1.8058058e+00 3.6739979e-02 5.6431061e-02 8.1960508e-02
1.8138138e+00 3.5203738e-02 5.4279878e-02 7.9067992e-02
1.8218218e+00 3.3757581e-02 5.2214721e-02 7.6248392e-02
1.8298298e+00 3.2347268e-02 5.0203499e-02 7.3505188e-02
1.8378378e+00 3.0975409e-02 4.8260515e-02 7.0806743e-02
1.8458458e+00 2.9687586e-02 4.6381541e-02 6.8219785e-02
1.8538539e+00 2.8425422e-02 4.4538494e-02 6.5689701e-02
1.8618619e+00 2.7206041e-02 4.2765434e-02 6.3245528e-02
1.8698699e+00 2.6043789e-02 4.1049592e-02 6.0864670e-02
1.8778779e+00 2.4902776e-02 3.9383652e-02 5.8565035e-02
1.8858859e+00 2.3837207e-02 3.7771767e-02 5.6328964e-02
1.8938939e+00 2.2797657e-02 3.6220983e-02 5.4169431e-02
1.9019019e+00 2.1791839e-02 3.4742336e-02 5.2091430e-02
1.9099099e+00 2.0802998e-02 3.3295911e-02 5.0078632e-02
1.9179179e+00 1.9878876e-02 3.1887853e-02 4.8112421e-02
1.9259259e+00 1.8981269e-02 3.0534415e-02 4.6210251e-02
1.9339339e+00 1.8122525e-02 2.9243731e-02 4.4354974e-02
1.9419419e+00 1.7288083e-02 2.7976167e-02 4.2577673e-02
1.9499499e+00 1.6489489e-02 2.6769561e-02 4.0843039e-02
1.9579580e+00 1.5724257e-02 2.5611736e-02 3.9174630e-02
1.9659660e+00 1.4986058e-02 2.4507730e-02 3.7582568e-02
1.9739740e+00 1.4284641e-02 2.3431767e-02 3.6034965e-02
1.9819820e+00 1.3608020e-02 2.2394334e-02 3.4540489e-02
1.9899900e+00 1.2952032e-02 2.1400611e-02 3.3090093e-02
1.9979980e+00 1.2332454e-02 2.0435499e-02 3.1711896e-02
2.0060060e+00 1.1734600e-02 1.9521089e-02 3.0367691e-02
2.0140140e+00 1.1164030e-02 1.8627547e-02 2.9055573e-02
2.0220220e+00 1.0615446e-02 1.7779113e-02 2.7813911e-02
2.0300300e+00 1.0095955e-02 1.6958011e-02 2.6605908e-02
2.0380380e+00 9.6016534e-03 1.6176546e-02 2.5429459e-02
2.0460460e+00 9.1242372e-03 1.5420590e-02 2.4309992e-02
2.0540541e+00 8.6638459e-03 1.4698297e-02 2.3227591e-02
2.0620621e+00 8.2255332e-03 1.4003683e-02 2.2196008e-02
2.0700701e+00 7.8044990e-03 1.3340574e-02 2.1194418e-02
2.0780781e+00 7.4066306e-03 1.2701399e-02 2.0249742e-02
2.0860861e+00 7.0226405e-03 1.2087064e-02 1.9335945e-02
2.0940941e+00 6.6541996e-03 1.1507126e-02 1.8444339e-02
2.1021021e+00 6.3075742e-03 1.0948679e-02 1.7600867e-02
2.1101101e+00 5.9794418e-03 1.0406691e-02 1.6780058e-02
2.1181181e+00 5.6613837e-03 9.8926209e-03 1.5995280e-02
2.1261261e+00 5.3556959e-03 9.3996736e-03 1.5237178e-02
2.1341341e+00 5.0679340e-03 8.9323079e-03 1.4519534e-02
2.1421421e+00 4.7976811e-03 8.4875020e-03 1.3833814e-02
2.1501502e+00 4.5377153e-03 8.0599033e-03 1.3173295e-02
2.1581582e+00 4.2887010e-03 7.6489597e-03 1.2538589e-02
2.1661662e+00 4.0539354e-03 7.2588642e-03 1.1933268e-02
2.1741742e+00 3.8335404e-03 6.8856221e-03 1.1347449e-02
2.1821822e+00 3.6217656e-03 6.5287241e-03 1.0793995e-02
2.1901902e+00 3.4210094e-03 6.1894389e-03 1.0262518e-02
2.1981982e+00 3.2305833e-03 5.8624451e-03 9.7472383e-03
2.2062062e+00 3.0497786e-03 5.5511455e-03 9.2653917e-03
2.2142142e+00 2.8781916e-03 5.2560139e-03 8.7960664e-03
2.2222222e+00 2.7161025e-03 4.9753534e-03 8.3473525e-03
2.2302302e+00 2.5618589e-03 4.7092290e-03 7.9287495e-03
2.2382382e+00 2.4130351e-03 4.4549185e-03 7.5204390e-03
2.2462462e+00 2.2731984e-03 4.2138084e-03 7.1313229e-03
2.2542543e+00 2.1397069e-03 3.9823878e-03 6.7623671e-03
2.2622623e+00 2.0143016e-03 3.7639617e-03 6.4103152e-03
2.2702703e+00 1.8962639e-03 3.5577144e-03 6.0729503e-03
2.2782783e+00 1.7844998e-03 3.3594300e-03 5.7505063e-03
2.2862863e+00 1.6790957e-03 3.1716917e-03 5.4449394e-03
2.2942943e+00 1.5791202e-03 2.9926749e-03 5.1560194e-03
2.3023023e+00 1.4837564e-03 2.8228292e-03 4.8799272e-03
2.3103103e+00 1.3947308e-03 2.6624243e-03 4.6146104e-03
2.3183183e+00 1.3102544e-03 2.5099684e-03 4.3639187e-03
2.3263263e+00 1.2303280e-03 2.3653438e-03 4.1266851e-03
2.3343343e+00 1.1553016e-03 2.2298290e-03 3.8990456e-03
2.3423423e+00 1.0836437e-03 2.1002090e-03 3.6833991e-03
2.3503504e+00 1.0165767e-03 1.9775209e-03 3.4799085e-03
2.3583584e+00 9.5326388e-04 1.8613237e-03 3.2859127e-03
2.3663664e+00 8.9325236e-04 1.7516596e-03 3.1001447e-03
2.3743744e+00 8.3676834e-04 1.6489133e-03 2.9253468e-03
2.3823824e+00 7.8376469e-04 1.5505659e-03 2.7591657e-03
2.3903904e+00 7.3391420e-04 1.4579151e-03 2.6019968e-03
2.3983984e+00 6.8694842e-04 1.3695515e-03 2.4518860e-03
2.4064064e+00 6.4259841e-04 1.2867698e-03 2.3110225e-03
2.4144144e+00 6.0088784e-04 1.2082766e-03 2.1759869e-03
2.4224224e+00 5.6242381e-04 1.1341639e-03 2.0479550e-03
2.4304304e+00 5.2572582e-04 1.0644394e-03 1.9270993e-03
2.4384384e+00 4.9114546e-04 9.9855116e-04 1.8133006e-03
2.4464464e+00 4.5858989e-04 9.3661899e-04 1.7054089e-03
2.4544545e+00 4.2825775e-04 8.7874324e-04 1.6040422e-03
2.4624625e+00 3.9978383e-04 8.2400297e-04 1.5069831e-03
2.4704705e+00 3.7314673e-04 7.7212807e-04 1.4165841e-03
2.4784785e+00 3.4809945e-04 7.2331647e-04 1.3307328e-03
2.4864865e+00 3.2447505e-04 6.7746822e-04 1.2494911e-03
2.4944945e+00 3.0247777e-04 6.3395305e-04 1.1727649e-03
2.5025025e+00 2.8176904e-04 5.9308438e-04 1.1001095e-03
2.5105105e+00 2.6217861e-04 5.5459807e-04 1.0314149e-03
2.5185185e+00 2.4417856e-04 5.1894597e-04 9.6749721e-04
2.5265265e+00 2.2723993e-04 4.8508741e-04 9.0712517e-04
2.5345345e+00 2.1148884e-04 4.5319513e-04 8.5008729e-04
2.5425425e+00 1.9683761e-04 4.2333474e-04 7.9608669e-04
2.5505506e+00 1.8296174e-04 3.9533212e-04 7.4542951e-04
2.5585586e+00 1.7004860e-04 3.6906270e-04 6.9775338e-04
2.5665666e+00 1.5803872e-04 3.4435089e-04 6.5298573e-04
2.5745746e+00 1.4674710e-04 3.2113857e-04 6.1101588e-04
2.5825826e+00 1.3627621e-04 2.9948702e-04 5.7125400e-04
2.5905906e+00 1.2649104e-04 2.7931740e-04 5.3392682e-04
2.5985986e+00 1.1729045e-04 2.6033697e-04 4.9904152e-04
2.6066066e+00 1.0883497e-04 2.4257746e-04 4.6600962e-04
2.6146146e+00 1.0093660e-04 2.2576222e-04 4.3499626e-04
2.6226226e+00 9.3577017e-05 2.1019090e-04 4.0615957e-04
2.6306306e+00 8.6759004e-05 1.9552649e-04 3.7910868e-04
2.6386386e+00 8.0432191e-05 1.8193807e-04 3.5378942e-04
2.6466466e+00 7.4458126e-05 1.6917856e-04 3.2992574e-04
2.6546547e+00 6.8846219e-05 1.5730865e-04 3.0762752e-04
2.6626627e+00 6.3701148e-05 1.4625198e-04 2.8685154e-04
2.6706707e+00 5.8948769e-05 1.3589233e-04 2.6727249e-04
2.6786787e+00 5.4529716e-05 1.2618288e-04 2.4902567e-04
2.6866867e+00 5.0410203e-05 1.1716925e-04 2.3195414e-04
2.6946947e+00 4.6600764e-05 1.0869098e-04 2.1590964e-04
2.7027027e+00 4.3036776e-05 1.0084125e-04 2.0095277e-04
2.7107107e+00 3.9739459e-05 9.3526026e-05 1.8691814e-04
2.7187187e+00 3.6702234e-05 8.6726796e-05 1.7379362e-04
2.7267267e+00 3.3855402e-05 8.0397403e-05 1.6160221e-04
2.7347347e+00 3.1216020e-05 7.4502640e-05 1.5032733e-04
2.7427427e+00 2.8766775e-05 6.8980686e-05 1.3962267e-04
2.7507508e+00 2.6519736e-05 6.3861161e-05 1.2968698e-04
2.7587588e+00 2.4429571e-05 5.9102744e-05 1.2040931e-04
2.7667668e+00 2.2500887e-05 5.4696508e-05 1.1171632e-04
2.7747748e+00 2.0724925e-05 5.0597348e-05 1.0368794e-04
2.7827828e+00 1.9069501e-05 4.6782723e-05 9.6138968e-05
2.7907908e+00 1.7563879e-05 4.3244179e-05 8.9103598e-05
2.7987988e+00 1.6155424e-05 3.9967418e-05 8.2554584e-05
2.8068068e+00 1.4841954e-05 3.6930177e-05 7.6481918e-05
2.8148148e+00 1.3647548e-05 3.4080449e-05 7.0855688e-05
2.8228228e+00 1.2541039e-05 3.1460236e-05 6.5606795e-05
2.8308308e+00 1.1530277e-05 2.9027087e-05 6.0696566e-05
2.8388388e+00 1.0583382e-05 2.6773123e-05 5.6130157e-05
2.8468468e+00 9.7180710e-06 2.4701852e-05 5.1921094e-05
2.8548549e+00 8.9086847e-06 2.2771170e-05 4.8012279e-05
2.8628629e+00 8.1682577e-06 2.0980918e-05 4.4371439e-05
2.8708709e+00 7.4884397e-06 1.9327342e-05 4.0982046e-05
2.8788789e+00 6.8570799e-06 1.7791300e-05 3.7847717e-05
2.8868869e+00 6.2826199e-06 1.6370538e-05 3.4912275e-05
2.8948949e+00 5.7538611e-06 1.5062758e-05 3.2204277e-05
2.9029029e+00 5.2702201e-06 1.3856263e-05 2.9718367e-05
2.9109109e+00 4.8249536e-06 1.2739603e-05 2.7420800e-05
2.9189189e+00 4.4158555e-06 1.1714563e-05 2.5301392e-05
2.9269269e+00 4.0358755e-06 1.0763373e-05 2.3328116e-05
2.9349349e+00 3.6886766e-06 9.8886663e-06 2.1504959e-05
2.9429429e+00 3.3688074e-06 9.0777253e-06 1.9805108e-05
2.9509510e+00 3.0770444e-06 8.3358132e-06 1.8237487e-05
2.9589590e+00 2.8092036e-06 7.6504380e-06 1.6785242e-05
2.9669670e+00 2.5636686e-06 7.0152755e-06 1.5453385e-05
2.9749750e+00 2.3384835e-06 6.4317873e-06 1.4214963e-05
2.9829830e+00 2.1328591e-06 5.8938448e-06 1.3062980e-05
2.9909910e+00 1.9450163e-06 5.3983837e-06 1.2008949e-05
2.9989990e+00 1.7736285e-06 4.9437857e-06 1.1036194e-05
3.0070070e+00 1.6174795e-06 4.5268312e-06 1.0136806e-05
3.0150150e+00 1.4738998e-06 4.1445061e-06 9.3078913e-06
3.0230230e+00 1.3423236e-06 3.7912698e-06 8.5392063e-06
3.0310310e+00 1.2214065e-06 3.4664309e-06 7.8276782e-06
3.0390390e+00 1.1108896e-06 3.1697344e-06 7.1838097e-06
3.0470470e+00 1.0101736e-06 2.8963138e-06 6.5895481e-06
3.0550551e+00 9.1883264e-07 2.6468642e-06 6.0385517e-06
3.0630631e+00 8.3556101e-07 2.4168938e-06 5.5327175e-06
3.0710711e+00 7.5930669e-07 2.2073342e-06 5.0650683e-06
3.0790791e+00 6.8994862e-07 2.0144275e-06 4.6353165e-06
3.0870871e+00 6.2571487e-07 1.8385976e-06 4.2397884e-06
3.0950951e+00 5.6881026e-07 1.6768385e-06 3.8806475e-06
3.1031031e+00 5.1581178e-07 1.5284569e-06 3.5501073e-06
3.1111111e+00 4.6799242e-07 1.3933711e-06 3.2476681e-06
3.1191191e+00 4.2421798e-07 1.2691357e-06 2.9696187e-06
3.1271271e+00 3.8489660e-07 1.1557675e-06 2.7139867e-06
3.1351351e+00 3.4885640e-07 1.0521676e-06 2.4765451e-06
3.1431431e+00 3.1596077e-07 9.5742847e-07 2.2582900e-06
3.1511512e+00 2.8614276e-07 8.7099613e-07 2.0616391e-06
3.1591592e+00 2.5903559e-07 7.9245502e-07 1.8798088e-06
3.1671672e+00 2.3443602e-07 7.2041854e-07 1.7151749e-06
3.1751752e+00 2.1194330e-07 6.5483497e-07 1.5635431e-06
3.1831832e+00 1.9158796e-07 5.9470684e-07 1.4255897e-06
3.1911912e+00 1.7301572e-07 5.4025195e-07 1.2991030e-06
3.1991992e+00 1.5638141e-07 4.9068668e-07 1.1833404e-06
3.2072072e+00 1.4131476e-07 4.4531199e-07 1.0773202e-06
3.2152152e+00 1.2764683e-07 4.0427933e-07 9.8023900e-07
3.2232232e+00 1.1517450e-07 3.6653886e-07 8.9152290e-07
3.2312312e+00 1.0386497e-07 3.3226931e-07 8.1073251e-07
3.2392392e+00 9.3667231e-08 3.0112918e-07 7.3662614e-07
3.2472472e+00 8.4570678e-08 2.7272177e-07 6.6914735e-07
3.2552553e+00 7.6211608e-08 2.4693351e-07 6.0776670e-07
3.2632633e+00 6.8639368e-08 2.2350042e-07 5.5202501e-07
3.2712713e+00 6.1847080e-08 2.0238005e-07 5.0104563e-07
3.2792793e+00 5.5665616e-08 1.8312269e-07 4.5458024e-07
3.2872873e+00 5.0103150e-08 1.6563981e-07 4.1235012e-07
3.2952953e+00 4.5110310e-08 1.4971386e-07 3.7431011e-07
3.3033033e+00 4.0561901e-08 1.3531386e-07 3.3909146e-07
3.3113113e+00 3.6486106e-08 1.2223046e-07 3.0727700e-07
3.3193193e+00 3.2790718e-08 1.1037879e-07 2.7834909e-07
3.3273273e+00 2.9461799e-08 9.9690240e-08 2.5207278e-07
3.3353353e+00 2.6451352e-08 8.9977494e-08 2.2830090e-07
3.3433433e+00 2.3730513e-08 8.1156503e-08 2.0661992e-07
3.3513514e+00 2.1297639e-08 7.3197931e-08 1.8684545e-07
3.3593594e+00 1.9106610e-08 6.6008448e-08 1.6893466e-07
3.3673674e+00 1.7136150e-08 5.9501164e-08 1.5279397e-07
3.3753754e+00 1.5360567e-08 5.3589059e-08 1.3807286e-07
3.3833834e+00 1.3749238e-08 4.8250136e-08 1.2461319e-07
3.3913914e+00 1.2310198e-08 4.3427949e-08 1.1254194e-07
3.3993994e+00 1.1021602e-08 3.9075524e-08 1.0159205e-07
3.4074074e+00 9.8648971e-09 3.5160345e-08 9.1648847e-08
3.4154154e+00 8.8274947e-09 3.1627303e-08 8.2660548e-08
3.4234234e+00 7.8945859e-09 2.8437714e-08 7.4513855e-08
3.4314314e+00 7.0576228e-09 2.5552593e-08 6.7119985e-08
3.4394394e+00 6.3141105e-09 2.2958249e-08 6.0513535e-08
3.4474474e+00 5.6431405e-09 2.0619854e-08 5.4511724e-08
3.4554555e+00 5.0414590e-09 1.8507461e-08 4.9117180e-08
3.4634635e+00 4.4993182e-09 1.6608000e-08 4.4230207e-08
3.4714715e+00 4.0137594e-09 1.4893907e-08 3.9774418e-08
3.4794795e+00 3.5811521e-09 1.3358029e-08 3.5769337e-08
3.4874875e+00 3.1949011e-09 1.1968900e-08 3.2149952e-08
3.4954955e+00 2.8497463e-09 1.0717206e-08 2.8884706e-08
3.5035035e+00 2.5391714e-09 9.6030151e-09 2.5948120e-08
3.5115115e+00 2.2623810e-09 8.5966132e-09 2.3308210e-08
3.5195195e+00 2.0134590e-09 7.6912297e-09 2.0943605e-08
3.5275275e+00 1.7930724e-09 6.8811998e-09 1.8804719e-08
3.5355355e+00 1.5947839e-09 6.1522054e-09 1.6870406e-08
3.5435435e+00 1.4185267e-09 5.5037431e-09 1.5137530e-08
3.5515516e+00 1.2608786e-09 4.9211777e-09 1.3574097e-08
3.5595596e+00 1.1199107e-09 4.3968504e-09 1.2168336e-08
3.5675676e+00 9.9552641e-10 3.9255687e-09 1.0905198e-08
3.5755756e+00 8.8421140e-10 3.5028608e-09 9.7615276e-09
3.5835836e+00 7.8503783e-10 3.1266124e-09 8.7355351e-09
3.5915916e+00 6.9676423e-10 2.7901579e-09 7.8148319e-09
3.5995996e+00 6.1772683e-10 2.4887423e-09 6.9917734e-09
3.6076076e+00 5.4767391e-10 2.2184272e-09 6.2516949e-09
3.6156156e+00 4.8564754e-10 1.9770024e-09 5.5917479e-09
3.6236236e+00 4.3035196e-10 1.7607406e-09 4.9997014e-09
3.6316316e+00 3.8124347e-10 1.5689515e-09 4.4660877e-09
3.6396396e+00 3.3757212e-10 1.3977235e-09 3.9884902e-09
3.6476476e+00 2.9879289e-10 1.2444529e-09 3.5629898e-09
3.6556557e+00 2.6438481e-10 1.1068114e-09 3.1818541e-09
3.6636637e+00 2.3377089e-10 9.8431614e-10 2.8388182e-09
3.6716717e+00 2.0667735e-10 8.7499375e-10 2.5312622e-09
3.6796797e+00 1.8276109e-10 7.7772145e-10 2.2576650e-09
3.6876877e+00 1.6155092e-10 6.9114440e-10 2.0125861e-09
3.6956957e+00 1.4268878e-10 6.1374841e-10 1.7937218e-09
3.7037037e+00 1.2598419e-10 5.4489218e-10 1.5970529e-09
3.7117117e+00 1.1118844e-10 4.8375695e-10 1.4213439e-09
3.7197197e+00 9.8109584e-11 4.2922026e-10 1.2654969e-09
3.7277277e+00 8.6545971e-11 3.8053802e-10 1.1254438e-09
3.7357357e+00 7.6311361e-11 3.3729447e-10 1.0005859e-09
3.7437437e+00 6.7246596e-11 2.9894268e-10 8.8979213e-10
3.7517518e+00 5.9288451e-11 2.6471286e-10 7.9074398e-10
3.7597598e+00 5.2225364e-11 2.3435103e-10 7.0281268e-10
3.7677678e+00 4.5963248e-11 2.0744636e-10 6.2385546e-10
3.7757758e+00 4.0439821e-11 1.8370096e-10 5.5382565e-10
3.7837838e+00 3.5584019e-11 1.6243239e-10 4.9124634e-10
3.7917918e+00 3.1305065e-11 1.4362815e-10 4.3540629e-10
3.7997998e+00 2.7519584e-11 1.2689522e-10 3.8591727e-10
3.8078078e+00 2.4199108e-11 1.1208356e-10 3.4222092e-10
3.8158158e+00 2.1268023e-11 9.8937155e-11 3.0332857e-10
3.8238238e+00 1.8693663e-11 8.7360399e-11 2.6867988e-10
3.8318318e+00 1.6407267e-11 7.7113112e-11 2.3791101e-10
3.8398398e+00 1.4406750e-11 6.8063183e-11 2.1054520e-10
3.8478478e+00 1.2641297e-11 6.0020451e-11 1.8627789e-10
3.8558559e+00 1.1083689e-11 5.2920343e-11 1.6480408e-10
3.8638639e+00 9.7245820e-12 4.6669575e-11 1.4574483e-10
3.8718719e+00 8.5154080e-12 4.1130732e-11 1.2878402e-10
3.8798799e+00 7.4600782e-12 3.6238206e-11 1.1369086e-10
3.8878879e+00 6.5319918e-12 3.1905159e-11 1.0047622e-10
3.8958959e+00 5.7209200e-12 2.8097629e-11 8.8722833e-11
3.9039039e+00 5.0037832e-12 2.4691748e-11 7.8315067e-11
3.9119119e+00 4.3797084e-12 2.1710377e-11 6.9095184e-11
3.9199199e+00 3.8312887e-12 1.9083930e-11 6.0981106e-11
3.9279279e+00 3.3483348e-12 1.6767608e-11 5.3761594e-11
3.9359359e+00 2.9251573e-12 1.4730350e-11 4.7378734e-11
3.9439439e+00 2.5567190e-12 1.2934900e-11 4.1731895e-11
3.9519520e+00 2.2332466e-12 1.1350471e-11 3.6798113e-11
3.9599600e+00 1.9478509e-12 9.9596232e-12 3.2385806e-11
3.9679680e+00 1.6992878e-12 8.7318178e-12 2.8508439e-11
3.9759760e+00 1.4847015e-12 7.6576162e-12 2.5087797e-11
3.9839840e+00 1.2945493e-12 6.7118506e-12 2.2063389e-11
3.9919920e+00 1.1276577e-12 5.8793272e-12 1.9397947e-11
4.0000000e+00 9.8277378e-13 5.1509835e-12 1.7047649e-11
