X KDE_INF KDE_MED KDE_SUP
-4.0000000e+00 1.2383546e-12 5.8650148e-11 1.1693870e-10
-3.9949950e+00 1.4476654e-12 6.7439784e-11 1.3445870e-10
-3.9899900e+00 1.6914284e-12 7.7504526e-11 1.5451946e-10
-3.9849850e+00 1.9751555e-12 8.9022919e-11 1.7747662e-10
-3.9799800e+00 2.3052138e-12 1.0219755e-10 2.0373368e-10
-3.9749750e+00 2.6889541e-12 1.1725816e-10 2.3374818e-10
-3.9699700e+00 3.1348577e-12 1.3446510e-10 2.6803864e-10
-3.9649650e+00 3.6527044e-12 1.5411329e-10 3.0719233e-10
-3.9599600e+00 4.2537650e-12 1.7653653e-10 3.5187396e-10
-3.9549550e+00 4.9510205e-12 2.0211247e-10 4.0283549e-10
-3.9499499e+00 5.7594130e-12 2.3126808e-10 4.6092704e-10
-3.9449449e+00 6.6961317e-12 2.6448579e-10 5.2710911e-10
-3.9399399e+00 7.7809394e-12 3.0231042e-10 6.0246633e-10
-3.9349349e+00 9.0365436e-12 3.4535682e-10 6.8822267e-10
-3.9299299e+00 1.0489021e-11 3.9431846e-10 7.8575859e-10
-3.9249249e+00 1.2168297e-11 4.4997707e-10 8.9663006e-10
-3.9199199e+00 1.4108699e-11 5.1321328e-10 1.0225898e-09
-3.9149149e+00 1.6349573e-11 5.8501857e-10 1.1656112e-09
-3.9099099e+00 1.8935996e-11 6.6650852e-10 1.3279142e-09
-3.9049049e+00 2.1919578e-11 7.5893761e-10 1.5119953e-09
-3.8998999e+00 2.5359374e-11 8.6371568e-10 1.7206598e-09
-3.8948949e+00 2.9322915e-11 9.8242615e-10 1.9570583e-09
-3.8898899e+00 3.3887386e-11 1.1168464e-09 2.2247269e-09
-3.8848849e+00 3.9140945e-11 1.2689702e-09 2.5276323e-09
-3.8798799e+00 4.5184227e-11 1.4410329e-09 2.8702210e-09
-3.8748749e+00 5.2132039e-11 1.6355389e-09 3.2574750e-09
-3.8698699e+00 6.0115281e-11 1.8552926e-09 3.6949722e-09
-3.8648649e+00 6.9283111e-11 2.1034323e-09 4.1889543e-09
-3.8598599e+00 7.9805385e-11 2.3834678e-09 4.7464014e-09
-3.8548549e+00 9.1875422e-11 2.6993220e-09 5.3751149e-09
-3.8498498e+00 1.0571310e-10 3.0553770e-09 6.0838081e-09
-3.8448448e+00 1.2156838e-10 3.4565245e-09 6.8822075e-09
-3.8398398e+00 1.3972522e-10 3.9082223e-09 7.7811640e-09
-3.8348348e+00 1.6050601e-10 4.4165555e-09 8.7927748e-09
-3.8298298e+00 1.8427659e-10 4.9883047e-09 9.9305190e-09
-3.8248248e+00 2.1145179e-10 5.6310209e-09 1.1209406e-08
-3.8198198e+00 2.4250178e-10 6.3531081e-09 1.2646139e-08
-3.8148148e+00 2.7795908e-10 7.1639132e-09 1.4259294e-08
-3.8098098e+00 3.1842648e-10 8.0738263e-09 1.6069519e-08
-3.8048048e+00 3.6458589e-10 9.0943892e-09 1.8099748e-08
-3.7997998e+00 4.1720827e-10 1.0238416e-08 2.0375442e-08
-3.7947948e+00 4.7716475e-10 1.1520124e-08 2.2924847e-08
-3.7897898e+00 5.4543900e-10 1.2955277e-08 2.5779280e-08
-3.7847848e+00 6.2314113e-10 1.4561345e-08 2.8973443e-08
-3.7797798e+00 7.1152318e-10 1.6357674e-08 3.2545762e-08
-3.7747748e+00 8.1199638e-10 1.8365676e-08 3.6538764e-08
-3.7697698e+00 9.2615047e-10 2.0609035e-08 4.0999482e-08
-3.7647648e+00 1.0557751e-09 2.3113929e-08 4.5979902e-08
-3.7597598e+00 1.2028840e-09 2.5909282e-08 5.1537449e-08
-3.7547548e+00 1.3697411e-09 2.9027022e-08 5.7735515e-08
-3.7497497e+00 1.5588907e-09 3.2502378e-08 6.4644036e-08
-3.7447447e+00 1.7731902e-09 3.6374196e-08 7.2340121e-08
-3.7397397e+00 2.0158477e-09 4.0685281e-08 8.0908731e-08
-3.7347347e+00 2.2904581e-09 4.5482774e-08 9.0443424e-08
-3.7297297e+00 2.6010543e-09 5.0818557e-08 1.0104716e-07
-3.7247247e+00 2.9521535e-09 5.6749694e-08 1.1283316e-07
-3.7197197e+00 3.3488186e-09 6.3338910e-08 1.2592587e-07
-3.7147147e+00 3.7966989e-09 7.0655109e-08 1.4046200e-07
-3.7097097e+00 4.3021268e-09 7.8773933e-08 1.5659159e-07
-3.7047047e+00 4.8721737e-09 8.7778371e-08 1.7447925e-07
-3.6996997e+00 5.5147375e-09 9.7759415e-08 1.9430544e-07
-3.6946947e+00 6.2386334e-09 1.0881677e-07 2.1626786e-07
-3.6896897e+00 7.0536942e-09 1.2105960e-07 2.4058300e-07
-3.6846847e+00 7.9708814e-09 1.3460740e-07 2.6748773e-07
-3.6796797e+00 9.0024067e-09 1.4959082e-07 2.9724108e-07
-3.6746747e+00 1.0161866e-08 1.6615268e-07 3.3012614e-07
-3.6696697e+00 1.1464389e-08 1.8444895e-07 3.6645204e-07
-3.6646647e+00 1.2926798e-08 2.0464990e-07 4.0655621e-07
-3.6596597e+00 1.4567788e-08 2.2694126e-07 4.5080668e-07
-3.6546547e+00 1.6408122e-08 2.5152550e-07 4.9960460e-07
-3.6496496e+00 1.8470846e-08 2.7862321e-07 5.5338697e-07
-3.6446446e+00 2.0781521e-08 3.0847454e-07 6.1262950e-07
-3.6396396e+00 2.3368484e-08 3.4134080e-07 6.7784972e-07
-3.6346346e+00 2.6263125e-08 3.7750610e-07 7.4961030e-07
-3.6296296e+00 2.9500200e-08 4.1727919e-07 8.2852257e-07
-3.6246246e+00 3.3118162e-08 4.6099534e-07 9.1525033e-07
-3.6196196e+00 3.7159528e-08 5.0901836e-07 1.0105138e-06
-3.6146146e+00 4.1671284e-08 5.6174287e-07 1.1150941e-06
-3.6096096e+00 4.6705317e-08 6.1959648e-07 1.2298374e-06
-3.6046046e+00 5.2318890e-08 6.8304243e-07 1.3556605e-06
-3.5995996e+00 5.8575161e-08 7.5258204e-07 1.4935553e-06
-3.5945946e+00 6.5543744e-08 8.2875752e-07 1.6445945e-06
-3.5895896e+00 7.3301323e-08 9.1215533e-07 1.8099377e-06
-3.5845846e+00 8.1932311e-08 1.0034086e-06 1.9908372e-06
-3.5795796e+00 9.1529573e-08 1.1032006e-06 2.1886448e-06
-3.5745746e+00 1.0219521e-07 1.2122688e-06 2.4048187e-06
-3.5695696e+00 1.1404139e-07 1.3314085e-06 2.6409305e-06
-3.5645646e+00 1.2719129e-07 1.4614760e-06 2.8986732e-06
-3.5595596e+00 1.4178006e-07 1.6033935e-06 3.1798693e-06
-3.5545546e+00 1.5795591e-07 1.7581530e-06 3.4864795e-06
-3.5495495e+00 1.7588127e-07 1.9268215e-06 3.8206114e-06
-3.5445445e+00 1.9573399e-07 2.1105449e-06 4.1845304e-06
-3.5395395e+00 2.1770877e-07 2.3105542e-06 4.5806662e-06
-3.5345345e+00 2.4201854e-07 2.5281699e-06 5.0116274e-06
-3.5295295e+00 2.6889615e-07 2.7648078e-06 5.4802103e-06
-3.5245245e+00 2.9859677e-07 3.0219854e-06 5.9894102e-06
-3.5195195e+00 3.3139792e-07 3.3013273e-06 6.5424341e-06
-3.5145145e+00 3.6760103e-07 3.6045721e-06 7.1427135e-06
-3.5095095e+00 4.0753782e-07 3.9335788e-06 7.7939169e-06
-3.5045045e+00 4.5156728e-07 4.2903341e-06 8.4999640e-06
-3.4994995e+00 5.0008103e-07 4.6769592e-06 9.2650393e-06
-3.4944945e+00 5.5350519e-07 5.0957179e-06 1.0093608e-05
-3.4894895e+00 6.1230311e-07 5.5490240e-06 1.0990429e-05
-3.4844845e+00 6.7697823e-07 6.0394496e-06 1.1960576e-05
-3.4794795e+00 7.4807728e-07 6.5697338e-06 1.3009446e-05
-3.4744745e+00 8.2619352e-07 7.1427910e-06 1.4142784e-05
-3.4694695e+00 9.1197032e-07 7.7617204e-06 1.5366697e-05
-3.4644645e+00 1.0061049e-06 8.4298148e-06 1.6687674e-05
-3.4594595e+00 1.1093523e-06 9.1505709e-06 1.8112600e-05
-3.4544545e+00 1.2225299e-06 9.9276997e-06 1.9648783e-05
-3.4494494e+00 1.3465213e-06 1.0765132e-05 2.1303968e-05
-3.4444444e+00 1.4822819e-06 1.1667038e-05 2.3086359e-05
-3.4394394e+00 1.6308433e-06 1.2637828e-05 2.5004640e-05
-3.4344344e+00 1.7933192e-06 1.3682170e-05 2.7067997e-05
-3.4294294e+00 1.9709107e-06 1.4805001e-05 2.9286138e-05
-3.4244244e+00 2.1649123e-06 1.6011532e-05 3.1669317e-05
-3.4194194e+00 2.3767185e-06 1.7307269e-05 3.4228355e-05
-3.4144144e+00 2.6078304e-06 1.8698010e-05 3.6974663e-05
-3.4094094e+00 2.8598623e-06 2.0189876e-05 3.9920266e-05
-3.4044044e+00 3.1345498e-06 2.1789310e-05 4.3077825e-05
-3.3993994e+00 3.4337568e-06 2.3503093e-05 4.6460662e-05
-3.3943944e+00 3.7594843e-06 2.5338365e-05 5.0082782e-05
-3.3893894e+00 4.1138787e-06 2.7302604e-05 5.3958897e-05
-3.3843844e+00 4.4992404e-06 2.9403693e-05 5.8104451e-05
-3.3793794e+00 4.9180337e-06 3.1649869e-05 6.2535641e-05
-3.3743744e+00 5.3728964e-06 3.4049779e-05 6.7269443e-05
-3.3693694e+00 5.8666498e-06 3.6612495e-05 7.2323633e-05
-3.3643644e+00 6.4023096e-06 3.9347523e-05 7.7716810e-05
-3.3593594e+00 6.9830970e-06 4.2264757e-05 8.3468421e-05
-3.3543544e+00 7.6124499e-06 4.5374553e-05 8.9598777e-05
-3.3493493e+00 8.2940352e-06 4.8687789e-05 9.6129095e-05
-3.3443443e+00 9.0316995e-06 5.2215752e-05 1.0308158e-04
-3.3393393e+00 9.8296937e-06 5.5970148e-05 1.1047902e-04
-3.3343343e+00 1.0692389e-05 5.9963332e-05 1.1834541e-04
-3.3293293e+00 1.1624410e-05 6.4207912e-05 1.2670592e-04
-3.3243243e+00 1.2630894e-05 6.8717331e-05 1.3558625e-04
-3.3193193e+00 1.3717209e-05 7.3505136e-05 1.4501335e-04
-3.3143143e+00 1.4888766e-05 7.8585742e-05 1.5501521e-04
-3.3093093e+00 1.6151702e-05 8.3973976e-05 1.6562085e-04
-3.3043043e+00 1.7512188e-05 8.9685331e-05 1.7686003e-04
-3.2992993e+00 1.8977023e-05 9.5735647e-05 1.8876381e-04
-3.2942943e+00 2.0553293e-05 1.0214131e-04 2.0136427e-04
-3.2892893e+00 2.2248488e-05 1.0891934e-04 2.1469455e-04
-3.2842843e+00 2.4070519e-05 1.1608736e-04 2.2878879e-04
-3.2792793e+00 2.6027734e-05 1.2366343e-04 2.4368219e-04
-3.2742743e+00 2.8128939e-05 1.3166680e-04 2.5941098e-04
-3.2692693e+00 3.0383410e-05 1.4011505e-04 2.7601245e-04
-3.2642643e+00 3.2800916e-05 1.4903000e-04 2.9352491e-04
-3.2592593e+00 3.5391734e-05 1.5842973e-04 3.1198766e-04
-3.2542543e+00 3.8166668e-05 1.6833865e-04 3.3144104e-04
-3.2492492e+00 4.1137066e-05 1.7877341e-04 3.5192635e-04
-3.2442442e+00 4.4314837e-05 1.8975785e-04 3.7348584e-04
-3.2392392e+00 4.7712473e-05 2.0131519e-04 3.9616272e-04
-3.2342342e+00 5.1343061e-05 2.1346994e-04 4.2001572e-04
-3.2292292e+00 5.5220301e-05 2.2624199e-04 4.4506226e-04
-3.2242242e+00 5.9358528e-05 2.3966432e-04 4.7136126e-04
-3.2192192e+00 6.3772723e-05 2.5375322e-04 4.9895931e-04
-3.2142142e+00 6.8478532e-05 2.6852787e-04 5.2790637e-04
-3.2092092e+00 7.3492278e-05 2.8404573e-04 5.5824717e-04
-3.2042042e+00 7.8830982e-05 3.0028474e-04 5.9002989e-04
-3.1991992e+00 8.4512370e-05 3.1738294e-04 6.2332400e-04
-3.1941942e+00 9.0554893e-05 3.3519474e-04 6.5814430e-04
-3.1891892e+00 9.6977733e-05 3.5386005e-04 6.9456164e-04
-3.1841842e+00 1.0380082e-04 3.7334760e-04 7.3262178e-04
-3.1791792e+00 1.1104484e-04 3.9374564e-04 7.7238228e-04
-3.1741742e+00 1.1873124e-04 4.1506118e-04 8.1388697e-04
-3.1691692e+00 1.2688224e-04 4.3734748e-04 8.5721622e-04
-3.1641642e+00 1.3552084e-04 4.6057392e-04 9.0237772e-04
-3.1591592e+00 1.4467084e-04 4.8493490e-04 9.4950444e-04
-3.1541542e+00 1.5435679e-04 5.1018522e-04 9.9852843e-04
-3.1491491e+00 1.6460407e-04 5.3655449e-04 1.0495865e-03
-3.1441441e+00 1.7543881e-04 5.6402066e-04 1.1026811e-03
-3.1391391e+00 1.8688797e-04 5.9247992e-04 1.1579290e-03
-3.1341341e+00 1.9897924e-04 6.2225631e-04 1.2153541e-03
-3.1291291e+00 2.1174113e-04 6.5305127e-04 1.2749782e-03
-3.1241241e+00 2.2520289e-04 6.8503293e-04 1.3368021e-03
-3.1191191e+00 2.3939454e-04 7.1824202e-04 1.4010589e-03
-3.1141141e+00 2.5434683e-04 7.5267683e-04 1.4675937e-03
-3.1091091e+00 2.7009125e-04 7.8846238e-04 1.5365136e-03
-3.1041041e+00 2.8665999e-04 8.2548625e-04 1.6080575e-03
-3.0990991e+00 3.0409228e-04 8.6399069e-04 1.6822756e-03
-3.0940941e+00 3.2242903e-04 9.0418443e-04 1.7591655e-03
-3.0890891e+00 3.4169439e-04 9.4576548e-04 1.8394165e-03
-3.0840841e+00 3.6190377e-04 9.8889284e-04 1.9222231e-03
-3.0790791e+00 3.8310675e-04 1.0359106e-03 2.0077075e-03
-3.0740741e+00 4.0534481e-04 1.0837381e-03 2.0953132e-03
-3.0690691e+00 4.2865339e-04 1.1333040e-03 2.1850805e-03
-3.0640641e+00 4.5306820e-04 1.1857435e-03 2.2776548e-03
-3.0590591e+00 4.7862228e-04 1.2408548e-03 2.3735279e-03
-3.0540541e+00 5.0537396e-04 1.2983720e-03 2.4718814e-03
-3.0490490e+00 5.3336428e-04 1.3610886e-03 2.5734219e-03
-3.0440440e+00 5.6261817e-04 1.4241895e-03 2.6774311e-03
-3.0390390e+00 5.9317505e-04 1.4984724e-03 2.7831362e-03
-3.0340340e+00 6.2507455e-04 1.5745278e-03 2.8918691e-03
-3.0290290e+00 6.5835653e-04 1.6564684e-03 3.0039273e-03
-3.0240240e+00 6.9302756e-04 1.7407342e-03 3.1183602e-03
-3.0190190e+00 7.2914692e-04 1.8293414e-03 3.2369875e-03
-3.0140140e+00 7.6676118e-04 1.9214407e-03 3.3585219e-03
-3.0090090e+00 8.0590950e-04 2.0171089e-03 3.4830226e-03
-3.0040040e+00 8.4663086e-04 2.1164212e-03 3.6118333e-03
-2.9989990e+00 8.8896399e-04 2.2078145e-03 3.7468688e-03
-2.9939940e+00 9.3294729e-04 2.2924890e-03 3.8841692e-03
-2.9889890e+00 9.7863560e-04 2.3790918e-03 4.0246127e-03
-2.9839840e+00 1.0261037e-03 2.4664812e-03 4.1694099e-03
-2.9789790e+00 1.0753178e-03 2.5556428e-03 4.3174389e-03
-2.9739740e+00 1.1262547e-03 2.6460361e-03 4.4725501e-03
-2.9689690e+00 1.1770512e-03 2.7379562e-03 4.6280993e-03
-2.9639640e+00 1.2295678e-03 2.8344501e-03 4.7879709e-03
-2.9589590e+00 1.2834589e-03 2.9317438e-03 4.9501040e-03
-2.9539540e+00 1.3387579e-03 3.0325466e-03 5.1176617e-03
-2.9489489e+00 1.3952937e-03 3.1379955e-03 5.2840889e-03
-2.9439439e+00 1.4549960e-03 3.2517881e-03 5.4554290e-03
-2.9389389e+00 1.5174390e-03 3.3706248e-03 5.6299666e-03
-2.9339339e+00 1.5806510e-03 3.4855844e-03 5.8040897e-03
-2.9289289e+00 1.6458454e-03 3.6022208e-03 5.9804519e-03
-2.9239239e+00 1.7138575e-03 3.7217314e-03 6.1502252e-03
-2.9189189e+00 1.7836606e-03 3.8457660e-03 6.3155583e-03
-2.9139139e+00 1.8544892e-03 3.9719525e-03 6.4928911e-03
-2.9089089e+00 1.9278810e-03 4.0999930e-03 6.6670730e-03
-2.9039039e+00 2.0024720e-03 4.2358991e-03 6.8386981e-03
-2.8988989e+00 2.0797972e-03 4.3710832e-03 7.0165134e-03
-2.8938939e+00 2.1581406e-03 4.5037965e-03 7.2049455e-03
-2.8888889e+00 2.2382596e-03 4.6387613e-03 7.3936955e-03
-2.8838839e+00 2.3203583e-03 4.7720550e-03 7.5903073e-03
-2.8788789e+00 2.4047627e-03 4.9076595e-03 7.7895965e-03
-2.8738739e+00 2.4793212e-03 5.0425692e-03 7.9931414e-03
-2.8688689e+00 2.5522320e-03 5.1771551e-03 8.2079802e-03
-2.8638639e+00 2.6263625e-03 5.3091254e-03 8.4259314e-03
-2.8588589e+00 2.6967888e-03 5.4470483e-03 8.6440961e-03
-2.8538539e+00 2.7692480e-03 5.5843620e-03 8.8722673e-03
-2.8488488e+00 2.8434871e-03 5.7188751e-03 9.1053517e-03
-2.8438438e+00 2.9102582e-03 5.8547753e-03 9.3475825e-03
-2.8388388e+00 2.9744941e-03 5.9866593e-03 9.5885506e-03
-2.8338338e+00 3.0374594e-03 6.1243328e-03 9.8284015e-03
-2.8288288e+00 3.1123183e-03 6.2626190e-03 1.0065959e-02
-2.8238238e+00 3.1815490e-03 6.4029181e-03 1.0295089e-02
-2.8188188e+00 3.2438211e-03 6.5458707e-03 1.0522080e-02
-2.8138138e+00 3.3139934e-03 6.6886550e-03 1.0741315e-02
-2.8088088e+00 3.3867797e-03 6.8310227e-03 1.0965418e-02
-2.8038038e+00 3.4663347e-03 6.9807666e-03 1.1178836e-02
-2.7987988e+00 3.5537527e-03 7.1319343e-03 1.1396882e-02
-2.7937938e+00 3.6435420e-03 7.2842283e-03 1.1615944e-02
-2.7887888e+00 3.7349176e-03 7.4306959e-03 1.1849876e-02
-2.7837838e+00 3.8285568e-03 7.5865066e-03 1.2076931e-02
-2.7787788e+00 3.9264415e-03 7.7492403e-03 1.2305853e-02
-2.7737738e+00 4.0223883e-03 7.9089498e-03 1.2529885e-02
-2.7687688e+00 4.1188369e-03 8.0838917e-03 1.2762989e-02
-2.7637638e+00 4.2219063e-03 8.2521305e-03 1.2986722e-02
-2.7587588e+00 4.3357201e-03 8.4239717e-03 1.3211367e-02
-2.7537538e+00 4.4455344e-03 8.5899481e-03 1.3430275e-02
-2.7487487e+00 4.5636658e-03 8.7558296e-03 1.3660614e-02
-2.7437437e+00 4.6835152e-03 8.9254374e-03 1.3888358e-02
-2.7387387e+00 4.8015842e-03 9.0915291e-03 1.4107503e-02
-2.7337337e+00 4.9346329e-03 9.2611631e-03 1.4331633e-02
-2.7287287e+00 5.0635778e-03 9.4276672e-03 1.4552709e-02
-2.7237237e+00 5.1988218e-03 9.5950968e-03 1.4774763e-02
-2.7187187e+00 5.3315264e-03 9.7579286e-03 1.5007008e-02
-2.7137137e+00 5.4664487e-03 9.9222768e-03 1.5225941e-02
-2.7087087e+00 5.6051659e-03 1.0087494e-02 1.5446651e-02
-2.7037037e+00 5.7498765e-03 1.0255987e-02 1.5666263e-02
-2.6986987e+00 5.8918115e-03 1.0419929e-02 1.5882213e-02
-2.6936937e+00 6.0364787e-03 1.0586677e-02 1.6105251e-02
-2.6886887e+00 6.1775215e-03 1.0755808e-02 1.6312769e-02
-2.6836837e+00 6.3097449e-03 1.0932909e-02 1.6514799e-02
-2.6786787e+00 6.4434083e-03 1.1101058e-02 1.6721938e-02
-2.6736737e+00 6.5763953e-03 1.1275083e-02 1.6929138e-02
-2.6686687e+00 6.7090618e-03 1.1449672e-02 1.7137702e-02
-2.6636637e+00 6.8573368e-03 1.1637759e-02 1.7358347e-02
-2.6586587e+00 7.0013421e-03 1.1813963e-02 1.7569972e-02
-2.6536537e+00 7.1524957e-03 1.2003057e-02 1.7788100e-02
-2.6486486e+00 7.2990710e-03 1.2189226e-02 1.7996214e-02
-2.6436436e+00 7.4499979e-03 1.2369010e-02 1.8204608e-02
-2.6386386e+00 7.5970873e-03 1.2549263e-02 1.8407123e-02
-2.6336336e+00 7.7493515e-03 1.2726783e-02 1.8625030e-02
-2.6286286e+00 7.9034108e-03 1.2908158e-02 1.8837672e-02
-2.6236236e+00 8.0571366e-03 1.3090946e-02 1.9046702e-02
-2.6186186e+00 8.2207235e-03 1.3269715e-02 1.9253933e-02
-2.6136136e+00 8.3779729e-03 1.3454014e-02 1.9463572e-02
-2.6086086e+00 8.5452818e-03 1.3649216e-02 1.9673350e-02
-2.6036036e+00 8.7258844e-03 1.3833638e-02 1.9896650e-02
-2.5985986e+00 8.8895523e-03 1.4023605e-02 2.0113581e-02
-2.5935936e+00 9.0643014e-03 1.4217978e-02 2.0329194e-02
-2.5885886e+00 9.2465832e-03 1.4422957e-02 2.0537497e-02
-2.5835836e+00 9.4245188e-03 1.4620143e-02 2.0750815e-02
-2.5785786e+00 9.5989291e-03 1.4825369e-02 2.0969835e-02
-2.5735736e+00 9.7785782e-03 1.5028473e-02 2.1194498e-02
-2.5685686e+00 9.9671170e-03 1.5231087e-02 2.1418806e-02
-2.5635636e+00 1.0152627e-02 1.5439032e-02 2.1644413e-02
-2.5585586e+00 1.0357281e-02 1.5659278e-02 2.1861432e-02
-2.5535536e+00 1.0542824e-02 1.5878430e-02 2.2094709e-02
-2.5485485e+00 1.0741969e-02 1.6098175e-02 2.2342958e-02
-2.5435435e+00 1.0940314e-02 1.6318041e-02 2.2600318e-02
-2.5385385e+00 1.1152254e-02 1.6546054e-02 2.2832429e-02
-2.5335335e+00 1.1369318e-02 1.6773816e-02 2.3092345e-02
-2.5285285e+00 1.1586936e-02 1.7007800e-02 2.3343956e-02
-2.5235235e+00 1.1804885e-02 1.7259371e-02 2.3608235e-02
-2.5185185e+00 1.2024848e-02 1.7508066e-02 2.3887131e-02
-2.5135135e+00 1.2262555e-02 1.7763972e-02 2.4162786e-02
-2.5085085e+00 1.2508937e-02 1.8041590e-02 2.4449604e-02
-2.5035035e+00 1.2750510e-02 1.8307201e-02 2.4730771e-02
-2.4984985e+00 1.2988814e-02 1.8583232e-02 2.5023651e-02
-2.4934935e+00 1.3248130e-02 1.8853066e-02 2.5323616e-02
-2.4884885e+00 1.3515362e-02 1.9131292e-02 2.5651983e-02
-2.4834835e+00 1.3775263e-02 1.9419798e-02 2.5963046e-02
-2.4784785e+00 1.4050493e-02 1.9704080e-02 2.6274467e-02
-2.4734735e+00 1.4319563e-02 1.9999247e-02 2.6607239e-02
-2.4684685e+00 1.4592039e-02 2.0316776e-02 2.6961669e-02
-2.4634635e+00 1.4889315e-02 2.0633943e-02 2.7330778e-02
-2.4584585e+00 1.5189096e-02 2.0959055e-02 2.7691594e-02
-2.4534535e+00 1.5496454e-02 2.1301124e-02 2.8056399e-02
-2.4484484e+00 1.5817840e-02 2.1658657e-02 2.8440990e-02
-2.4434434e+00 1.6148937e-02 2.2024722e-02 2.8827039e-02
-2.4384384e+00 1.6494005e-02 2.2403089e-02 2.9220661e-02
-2.4334334e+00 1.6852884e-02 2.2787447e-02 2.9663224e-02
-2.4284284e+00 1.7221908e-02 2.3176873e-02 3.0108871e-02
-2.4234234e+00 1.7608833e-02 2.3584421e-02 3.0553776e-02
-2.4184184e+00 1.7993703e-02 2.4010515e-02 3.1012945e-02
-2.4134134e+00 1.8390077e-02 2.4447280e-02 3.1498641e-02
-2.4084084e+00 1.8791743e-02 2.4891227e-02 3.1993307e-02
-2.4034034e+00 1.9223139e-02 2.5368178e-02 3.2488974e-02
-2.3983984e+00 1.9657984e-02 2.5853370e-02 3.3010681e-02
-2.3933934e+00 2.0115658e-02 2.6344997e-02 3.3538776e-02
-2.3883884e+00 2.0585517e-02 2.6858704e-02 3.4100097e-02
-2.3833834e+00 2.1056872e-02 2.7395797e-02 3.4676019e-02
-2.3783784e+00 2.1561334e-02 2.7949063e-02 3.5265262e-02
-2.3733734e+00 2.2070259e-02 2.8532288e-02 3.5891785e-02
-2.3683684e+00 2.2618079e-02 2.9109654e-02 3.6533438e-02
-2.3633634e+00 2.3196520e-02 2.9724261e-02 3.7199227e-02
-2.3583584e+00 2.3760681e-02 3.0348224e-02 3.7868877e-02
-2.3533534e+00 2.4357541e-02 3.0994347e-02 3.8575169e-02
-2.3483483e+00 2.4971360e-02 3.1669736e-02 3.9288992e-02
-2.3433433e+00 2.5631003e-02 3.2379506e-02 4.0036531e-02
-2.3383383e+00 2.6293199e-02 3.3099010e-02 4.0820040e-02
-2.3333333e+00 2.6985370e-02 3.3843635e-02 4.1626020e-02
-2.3283283e+00 2.7706276e-02 3.4616959e-02 4.2443976e-02
-2.3233233e+00 2.8457529e-02 3.5411700e-02 4.3295252e-02
-2.3183183e+00 2.9220378e-02 3.6237655e-02 4.4175838e-02
-2.3133133e+00 3.0012823e-02 3.7083549e-02 4.5089481e-02
-2.3083083e+00 3.0832379e-02 3.7974203e-02 4.6012397e-02
-2.3033033e+00 3.1681132e-02 3.8878400e-02 4.6985924e-02
-2.2982983e+00 3.2550281e-02 3.9824597e-02 4.7995816e-02
-2.2932933e+00 3.3466136e-02 4.0802776e-02 4.9028574e-02
-2.2882883e+00 3.4432630e-02 4.1813848e-02 5.0083949e-02
-2.2832833e+00 3.5393783e-02 4.2861064e-02 5.1209834e-02
-2.2782783e+00 3.6390400e-02 4.3931946e-02 5.2332580e-02
-2.2732733e+00 3.7443048e-02 4.5053692e-02 5.3529379e-02
-2.2682683e+00 3.8507009e-02 4.6203696e-02 5.4738224e-02
-2.2632633e+00 3.9631877e-02 4.7388155e-02 5.6018964e-02
-2.2582583e+00 4.0787612e-02 4.8631982e-02 5.7316994e-02
-2.2532533e+00 4.1976473e-02 4.9917670e-02 5.8665536e-02
-2.2482482e+00 4.3188687e-02 5.1241815e-02 6.0041887e-02
-2.2432432e+00 4.4455523e-02 5.2588158e-02 6.1491564e-02
-2.2382382e+00 4.5782776e-02 5.3983061e-02 6.2985932e-02
-2.2332332e+00 4.7133807e-02 5.5440380e-02 6.4532905e-02
-2.2282282e+00 4.8527802e-02 5.6904719e-02 6.6124264e-02
-2.2232232e+00 4.9971695e-02 5.8448170e-02 6.7759570e-02
-2.2182182e+00 5.1470656e-02 6.0031685e-02 6.9462300e-02
-2.2132132e+00 5.3005102e-02 6.1682176e-02 7.1199120e-02
-2.2082082e+00 5.4572940e-02 6.3361941e-02 7.2978981e-02
-2.2032032e+00 5.6197427e-02 6.5114309e-02 7.4835608e-02
-2.1981982e+00 5.7904082e-02 6.6900887e-02 7.6736160e-02
-2.1931932e+00 5.9664954e-02 6.8774598e-02 7.8669124e-02
-2.1881882e+00 6.1482091e-02 7.0679351e-02 8.0678943e-02
-2.1831832e+00 6.3346064e-02 7.2655049e-02 8.2727784e-02
-2.1781782e+00 6.5275664e-02 7.4676517e-02 8.4861842e-02
-2.1731732e+00 6.7256473e-02 7.6764209e-02 8.7054037e-02
-2.1681682e+00 6.9282745e-02 7.8886964e-02 8.9297983e-02
-2.1631632e+00 7.1349376e-02 8.1102640e-02 9.1620514e-02
-2.1581582e+00 7.3489403e-02 8.3369907e-02 9.4010410e-02
-2.1531532e+00 7.5700926e-02 8.5711590e-02 9.6458799e-02
-2.1481481e+00 7.8011536e-02 8.8124578e-02 9.9007438e-02
-2.1431431e+00 8.0363586e-02 9.0596288e-02 1.0162622e-01
-2.1381381e+00 8.2770464e-02 9.3159268e-02 1.0431040e-01
-2.1331331e+00 8.5266263e-02 9.5792924e-02 1.0705665e-01
-2.1281281e+00 8.7822756e-02 9.8471297e-02 1.0990642e-01
-2.1231231e+00 9.0460025e-02 1.0123842e-01 1.1282730e-01
-2.1181181e+00 9.3144000e-02 1.0407075e-01 1.1581862e-01
-2.1131131e+00 9.5949642e-02 1.0698256e-01 1.1891177e-01
-2.1081081e+00 9.8802658e-02 1.0994859e-01 1.2205626e-01
-2.1031031e+00 1.0170294e-01 1.1302050e-01 1.2529839e-01
-2.0980981e+00 1.0471010e-01 1.1618477e-01 1.2862217e-01
-2.0930931e+00 1.0781495e-01 1.1942660e-01 1.3199591e-01
-2.0880881e+00 1.1097659e-01 1.2275235e-01 1.3547720e-01
-2.0830831e+00 1.1421546e-01 1.2614486e-01 1.3903545e-01
-2.0780781e+00 1.1754976e-01 1.2965255e-01 1.4268923e-01
-2.0730731e+00 1.2098380e-01 1.3324636e-01 1.4644246e-01
-2.0680681e+00 1.2448806e-01 1.3690989e-01 1.5027376e-01
-2.0630631e+00 1.2808015e-01 1.4068452e-01 1.5425140e-01
-2.0580581e+00 1.3173233e-01 1.4451018e-01 1.5823832e-01
-2.0530531e+00 1.3550665e-01 1.4848406e-01 1.6235019e-01
-2.0480480e+00 1.3933004e-01 1.5252429e-01 1.6654630e-01
-2.0430430e+00 1.4329163e-01 1.5665685e-01 1.7085486e-01
-2.0380380e+00 1.4734580e-01 1.6090084e-01 1.7529430e-01
-2.0330330e+00 1.5144460e-01 1.6525035e-01 1.7980159e-01
-2.0280280e+00 1.5565403e-01 1.6966600e-01 1.8441357e-01
-2.0230230e+00 1.6000511e-01 1.7417739e-01 1.8915434e-01
-2.0180180e+00 1.6445884e-01 1.7880880e-01 1.9394768e-01
-2.0130130e+00 1.6899360e-01 1.8351497e-01 1.9885931e-01
-2.0080080e+00 1.7363489e-01 1.8832879e-01 2.0389922e-01
-2.0030030e+00 1.7837947e-01 1.9325578e-01 2.0901978e-01
-1.9979980e+00 1.8323365e-01 1.9825264e-01 2.1419532e-01
-1.9929930e+00 1.8817236e-01 2.0338229e-01 2.1951804e-01
-1.9879880e+00 1.9321913e-01 2.0860594e-01 2.2486840e-01
-1.9829830e+00 1.9836717e-01 2.1396542e-01 2.3038433e-01
-1.9779780e+00 2.0359668e-01 2.1937677e-01 2.3602123e-01
-1.9729730e+00 2.0892893e-01 2.2489601e-01 2.4179112e-01
-1.9679680e+00 2.1434243e-01 2.3052968e-01 2.4767579e-01
-1.9629630e+00 2.1991359e-01 2.3633660e-01 2.5364904e-01
-1.9579580e+00 2.2557186e-01 2.4219445e-01 2.5968389e-01
-1.9529530e+00 2.3131843e-01 2.4818353e-01 2.6586399e-01
-1.9479479e+00 2.3713823e-01 2.5426600e-01 2.7211151e-01
-1.9429429e+00 2.4313703e-01 2.6046110e-01 2.7849236e-01
-1.9379379e+00 2.4919660e-01 2.6672953e-01 2.8494177e-01
-1.9329329e+00 2.5537256e-01 2.7309595e-01 2.9149900e-01
-1.9279279e+00 2.6164056e-01 2.7956871e-01 2.9814836e-01
-1.9229229e+00 2.6803644e-01 2.8615267e-01 3.0491861e-01
-1.9179179e+00 2.7452288e-01 2.9284446e-01 3.1178942e-01
-1.9129129e+00 2.8111341e-01 2.9961632e-01 3.1877730e-01
-1.9079079e+00 2.8785027e-01 3.0654876e-01 3.2585774e-01
-1.9029029e+00 2.9465325e-01 3.1357362e-01 3.3299807e-01
-1.8978979e+00 3.0154644e-01 3.2063562e-01 3.4023518e-01
-1.8928929e+00 3.0851401e-01 3.2782674e-01 3.4755697e-01
-1.8878879e+00 3.1561019e-01 3.3512329e-01 3.5503469e-01
-1.8828829e+00 3.2279174e-01 3.4251596e-01 3.6251460e-01
-1.8778779e+00 3.3004166e-01 3.4999057e-01 3.7016828e-01
-1.8728729e+00 3.3737809e-01 3.5755522e-01 3.7791973e-01
-1.8678679e+00 3.4488916e-01 3.6520478e-01 3.8573610e-01
-1.8628629e+00 3.5249806e-01 3.7292305e-01 3.9364425e-01
-1.8578579e+00 3.6012621e-01 3.8076979e-01 4.0160405e-01
-1.8528529e+00 3.6790828e-01 3.8870905e-01 4.0968253e-01
-1.8478478e+00 3.7578451e-01 3.9674434e-01 4.1788429e-01
-1.8428428e+00 3.8367202e-01 4.0480119e-01 4.2610055e-01
-1.8378378e+00 3.9165603e-01 4.1296495e-01 4.3447829e-01
-1.8328328e+00 3.9973521e-01 4.2120065e-01 4.4287203e-01
-1.8278278e+00 4.0790977e-01 4.2950545e-01 4.5133755e-01
-1.8228228e+00 4.1619213e-01 4.3785676e-01 4.5991788e-01
-1.8178178e+00 4.2444793e-01 4.4632673e-01 4.6848097e-01
-1.8128128e+00 4.3281055e-01 4.5486281e-01 4.7712744e-01
-1.8078078e+00 4.4130116e-01 4.6342644e-01 4.8587198e-01
-1.8028028e+00 4.4980948e-01 4.7209110e-01 4.9460892e-01
-1.7977978e+00 4.5838547e-01 4.8078321e-01 5.0341439e-01
-1.7927928e+00 4.6699838e-01 4.8953101e-01 5.1230292e-01
-1.7877878e+00 4.7567482e-01 4.9836030e-01 5.2122303e-01
-1.7827828e+00 4.8439725e-01 5.0720623e-01 5.3021366e-01
-1.7777778e+00 4.9320821e-01 5.1614578e-01 5.3924362e-01
-1.7727728e+00 5.0202748e-01 5.2506191e-01 5.4831783e-01
-1.7677678e+00 5.1095043e-01 5.3405632e-01 5.5741961e-01
-1.7627628e+00 5.1981863e-01 5.4310576e-01 5.6654426e-01
-1.7577578e+00 5.2876037e-01 5.5213269e-01 5.7567911e-01
-1.7527528e+00 5.3772167e-01 5.6123785e-01 5.8485114e-01
-1.7477477e+00 5.4667865e-01 5.7035630e-01 5.9405385e-01
-1.7427427e+00 5.5569255e-01 5.7944191e-01 6.0322203e-01
-1.7377377e+00 5.6474958e-01 5.8855161e-01 6.1244624e-01
-1.7327327e+00 5.7385969e-01 5.9768477e-01 6.2165204e-01
-1.7277277e+00 5.8284449e-01 6.0682680e-01 6.3084899e-01
-1.7227227e+00 5.9189188e-01 6.1594163e-01 6.4006450e-01
-1.7177177e+00 6.0098626e-01 6.2506083e-01 6.4918810e-01
-1.7127127e+00 6.1004882e-01 6.3420623e-01 6.5836162e-01
-1.7077077e+00 6.1917887e-01 6.4329868e-01 6.6753146e-01
-1.7027027e+00 6.2826907e-01 6.5245205e-01 6.7670996e-01
-1.6976977e+00 6.3735035e-01 6.6154686e-01 6.8582797e-01
-1.6926927e+00 6.4631232e-01 6.7061833e-01 6.9485596e-01
-1.6876877e+00 6.5527657e-01 6.7961915e-01 7.0387210e-01
-1.6826827e+00 6.6420543e-01 6.8861586e-01 7.1288832e-01
-1.6776777e+00 6.7315028e-01 6.9756034e-01 7.2179252e-01
-1.6726727e+00 6.8203563e-01 7.0642330e-01 7.3073827e-01
-1.6676677e+00 6.9087923e-01 7.1531151e-01 7.3964491e-01
-1.6626627e+00 6.9965536e-01 7.2412200e-01 7.4847379e-01
-1.6576577e+00 7.0834331e-01 7.3287864e-01 7.5718012e-01
-1.6526527e+00 7.1700901e-01 7.4151024e-01 7.6584794e-01
-1.6476476e+00 7.2563236e-01 7.5010687e-01 7.7442495e-01
-1.6426426e+00 7.3418198e-01 7.5865463e-01 7.8290111e-01
-1.6376376e+00 7.4267987e-01 7.6709954e-01 7.9129771e-01
-1.6326326e+00 7.5109433e-01 7.7545048e-01 7.9962772e-01
-1.6276276e+00 7.5942679e-01 7.8372947e-01 8.0787442e-01
-1.6226226e+00 7.6767681e-01 7.9191466e-01 8.1600580e-01
-1.6176176e+00 7.7578214e-01 7.9998853e-01 8.2403356e-01
-1.6126126e+00 7.8379989e-01 8.0797760e-01 8.3195094e-01
-1.6076076e+00 7.9173472e-01 8.1585373e-01 8.3979015e-01
-1.6026026e+00 7.9956901e-01 8.2360732e-01 8.4747841e-01
-1.5975976e+00 8.0719436e-01 8.3118976e-01 8.5519069e-01
-1.5925926e+00 8.1473255e-01 8.3869912e-01 8.6267887e-01
-1.5875876e+00 8.2222043e-01 8.4611195e-01 8.7003965e-01
-1.5825826e+00 8.2955989e-01 8.5338919e-01 8.7722958e-01
-1.5775776e+00 8.3682110e-01 8.6049985e-01 8.8434016e-01
-1.5725726e+00 8.4392099e-01 8.6753913e-01 8.9127594e-01
-1.5675676e+00 8.5078201e-01 8.7437554e-01 8.9804656e-01
-1.5625626e+00 8.5763266e-01 8.8112831e-01 9.0467062e-01
-1.5575576e+00 8.6433738e-01 8.8766024e-01 9.1110709e-01
-1.5525526e+00 8.7080865e-01 8.9409669e-01 9.1753724e-01
-1.5475475e+00 8.7720037e-01 9.0030732e-01 9.2368128e-01
-1.5425425e+00 8.8334611e-01 9.0641516e-01 9.2967967e-01
-1.5375375e+00 8.8937085e-01 9.1232987e-01 9.3556004e-01
-1.5325325e+00 8.9519728e-01 9.1809727e-01 9.4128659e-01
-1.5275275e+00 9.0089756e-01 9.2366755e-01 9.4679613e-01
-1.5225225e+00 9.0635424e-01 9.2898980e-01 9.5212667e-01
-1.5175175e+00 9.1166532e-01 9.3420097e-01 9.5725309e-01
-1.5125125e+00 9.1675336e-01 9.3927161e-01 9.6223024e-01
-1.5075075e+00 9.2169344e-01 9.4415236e-01 9.6692478e-01
-1.5025025e+00 9.2650234e-01 9.4880984e-01 9.7154844e-01
-1.4974975e+00 9.3119981e-01 9.5329646e-01 9.7600623e-01
-1.4924925e+00 9.3555681e-01 9.5757443e-01 9.8023402e-01
-1.4874875e+00 9.3978228e-01 9.6168764e-01 9.8424101e-01
-1.4824825e+00 9.4378440e-01 9.6557586e-01 9.8804837e-01
-1.4774775e+00 9.4753264e-01 9.6930697e-01 9.9166549e-01
-1.4724725e+00 9.5110675e-01 9.7285480e-01 9.9506276e-01
-1.4674675e+00 9.5447160e-01 9.7619857e-01 9.9819743e-01
-1.4624625e+00 9.5767187e-01 9.7922282e-01 1.0011726e+00
-1.4574575e+00 9.6058695e-01 9.8210093e-01 1.0039030e+00
-1.4524525e+00 9.6332719e-01 9.8481101e-01 1.0064886e+00
-1.4474474e+00 9.6580869e-01 9.8724832e-01 1.0088139e+00
-1.4424424e+00 9.6812148e-01 9.8951452e-01 1.0110436e+00
-1.4374374e+00 9.7020003e-01 9.9156427e-01 1.0130481e+00
-1.4324324e+00 9.7202044e-01 9.9342901e-01 1.0147479e+00
-1.4274274e+00 9.7365750e-01 9.9502628e-01 1.0162418e+00
-1.4224224e+00 9.7504142e-01 9.9645167e-01 1.0175368e+00
-1.4174174e+00 9.7618594e-01 9.9763460e-01 1.0185960e+00
-1.4124124e+00 9.7713425e-01 9.9852453e-01 1.0195047e+00
-1.4074074e+00 9.7787277e-01 9.9922201e-01 1.0202253e+00
-1.4024024e+00 9.7835215e-01 9.9968758e-01 1.0206437e+00
-1.3973974e+00 9.7867504e-01 9.9993765e-01 1.0208270e+00
-1.3923924e+00 9.7870389e-01 1.0000000e+00 1.0208216e+00
-1.3873874e+00 9.7857518e-01 9.9976186e-01 1.0206702e+00
-1.3823824e+00 9.7812936e-01 9.9932219e-01 1.0202698e+00
-1.3773774e+00 9.7746013e-01 9.9868638e-01 1.0196465e+00
-1.3723724e+00 9.7655586e-01 9.9787410e-01 1.0188626e+00
-1.3673674e+00 9.7546780e-01 9.9678132e-01 1.0177949e+00
-1.3623624e+00 9.7406147e-01 9.9544803e-01 1.0165590e+00
-1.3573574e+00 9.7250972e-01 9.9392138e-01 1.0150595e+00
-1.3523524e+00 9.7076181e-01 9.9216702e-01 1.0133512e+00
-1.3473473e+00 9.6874480e-01 9.9018673e-01 1.0114576e+00
-1.3423423e+00 9.6647290e-01 9.8805940e-01 1.0092531e+00
-1.3373373e+00 9.6395829e-01 9.8569616e-01 1.0068589e+00
-1.3323323e+00 9.6129065e-01 9.8307281e-01 1.0043867e+00
-1.3273273e+00 9.5835422e-01 9.8027202e-01 1.0016156e+00
-1.3223223e+00 9.5521621e-01 9.7727271e-01 9.9865387e-01
-1.3173173e+00 9.5187800e-01 9.7405006e-01 9.9555361e-01
-1.3123123e+00 9.4836487e-01 9.7057723e-01 9.9210313e-01
-1.3073073e+00 9.4458216e-01 9.6691216e-01 9.8857169e-01
-1.3023023e+00 9.4065047e-01 9.6305435e-01 9.8488921e-01
-1.2972973e+00 9.3646701e-01 9.5896431e-01 9.8094468e-01
-1.2922923e+00 9.3213035e-01 9.5472587e-01 9.7674282e-01
-1.2872873e+00 9.2754531e-01 9.5025788e-01 9.7235551e-01
-1.2822823e+00 9.2278695e-01 9.4554013e-01 9.6783429e-01
-1.2772773e+00 9.1778325e-01 9.4071493e-01 9.6302836e-01
-1.2722723e+00 9.1265249e-01 9.3574885e-01 9.5805779e-01
-1.2672673e+00 9.0730101e-01 9.3047738e-01 9.5294872e-01
-1.2622623e+00 9.0175311e-01 9.2503388e-01 9.4764852e-01
-1.2572573e+00 8.9603341e-01 9.1945632e-01 9.4218595e-01
-1.2522523e+00 8.9010039e-01 9.1362345e-01 9.3647991e-01
-1.2472472e+00 8.8401148e-01 9.0767014e-01 9.3066061e-01
-1.2422422e+00 8.7774401e-01 9.0151132e-01 9.2466108e-01
-1.2372372e+00 8.7124034e-01 8.9514898e-01 9.1845196e-01
-1.2322322e+00 8.6462912e-01 8.8866513e-01 9.1209295e-01
-1.2272272e+00 8.5793283e-01 8.8201367e-01 9.0561472e-01
-1.2222222e+00 8.5104543e-01 8.7524211e-01 8.9887293e-01
-1.2172172e+00 8.4394779e-01 8.6820919e-01 8.9205512e-01
-1.2122122e+00 8.3677709e-01 8.6115974e-01 8.8503101e-01
-1.2072072e+00 8.2944612e-01 8.5396571e-01 8.7788722e-01
-1.2022022e+00 8.2196985e-01 8.4655111e-01 8.7058800e-01
-1.1971972e+00 8.1437223e-01 8.3905377e-01 8.6319316e-01
-1.1921922e+00 8.0664139e-01 8.3144610e-01 8.5551835e-01
-1.1871872e+00 7.9881365e-01 8.2363309e-01 8.4782385e-01
-1.1821822e+00 7.9076925e-01 8.1569821e-01 8.3999436e-01
-1.1771772e+00 7.8268874e-01 8.0761787e-01 8.3205242e-01
-1.1721722e+00 7.7448176e-01 7.9945752e-01 8.2399380e-01
-1.1671672e+00 7.6617801e-01 7.9118481e-01 8.1578673e-01
-1.1621622e+00 7.5774977e-01 7.8279266e-01 8.0752962e-01
-1.1571572e+00 7.4921656e-01 7.7434103e-01 7.9904365e-01
-1.1521522e+00 7.4063624e-01 7.6571434e-01 7.9046528e-01
-1.1471471e+00 7.3189449e-01 7.5699851e-01 7.8182058e-01
-1.1421421e+00 7.2311466e-01 7.4820002e-01 7.7312677e-01
-1.1371371e+00 7.1420449e-01 7.3939217e-01 7.6428330e-01
-1.1321321e+00 7.0524047e-01 7.3045483e-01 7.5533136e-01
-1.1271271e+00 6.9628360e-01 7.2144226e-01 7.4635635e-01
-1.1221221e+00 6.8724019e-01 7.1238824e-01 7.3737519e-01
-1.1171171e+00 6.7812786e-01 7.0321207e-01 7.2820354e-01
-1.1121121e+00 6.6895032e-01 6.9404371e-01 7.1901288e-01
-1.1071071e+00 6.5977706e-01 6.8479466e-01 7.0976936e-01
-1.1021021e+00 6.5059356e-01 6.7551611e-01 7.0039728e-01
-1.0970971e+00 6.4131644e-01 6.6616331e-01 6.9103209e-01
-1.0920921e+00 6.3200515e-01 6.5678829e-01 6.8158656e-01
-1.0870871e+00 6.2267990e-01 6.4734563e-01 6.7208069e-01
-1.0820821e+00 6.1331866e-01 6.3786940e-01 6.6257671e-01
-1.0770771e+00 6.0394995e-01 6.2842081e-01 6.5304253e-01
-1.0720721e+00 5.9452636e-01 6.1892157e-01 6.4347562e-01
-1.0670671e+00 5.8511932e-01 6.0940779e-01 6.3392142e-01
-1.0620621e+00 5.7573739e-01 5.9983987e-01 6.2427634e-01
-1.0570571e+00 5.6626727e-01 5.9032114e-01 6.1463169e-01
-1.0520521e+00 5.5688261e-01 5.8084035e-01 6.0500536e-01
-1.0470470e+00 5.4747107e-01 5.7134039e-01 5.9539748e-01
-1.0420420e+00 5.3803626e-01 5.6183259e-01 5.8579674e-01
-1.0370370e+00 5.2865974e-01 5.5233663e-01 5.7613467e-01
-1.0320320e+00 5.1932698e-01 5.4288561e-01 5.6652976e-01
-1.0270270e+00 5.0994306e-01 5.3341260e-01 5.5692340e-01
-1.0220220e+00 5.0065390e-01 5.2401694e-01 5.4737737e-01
-1.0170170e+00 4.9141430e-01 5.1461716e-01 5.3787688e-01
-1.0120120e+00 4.8221948e-01 5.0521227e-01 5.2835833e-01
-1.0070070e+00 4.7305105e-01 4.9588593e-01 5.1890727e-01
-1.0020020e+00 4.6387282e-01 4.8654529e-01 5.0944347e-01
-9.9699700e-01 4.5487873e-01 4.7727690e-01 5.0001837e-01
-9.9199199e-01 4.4587449e-01 4.6807595e-01 4.9069038e-01
-9.8698699e-01 4.3694231e-01 4.5890275e-01 4.8138471e-01
-9.8198198e-01 4.2804507e-01 4.4980786e-01 4.7217340e-01
-9.7697698e-01 4.1924993e-01 4.4079656e-01 4.6299641e-01
-9.7197197e-01 4.1045534e-01 4.3183456e-01 4.5383675e-01
-9.6696697e-01 4.0176292e-01 4.2296348e-01 4.4473969e-01
-9.6196196e-01 3.9316063e-01 4.1415780e-01 4.3577659e-01
-9.5695696e-01 3.8455153e-01 4.0538001e-01 4.2689365e-01
-9.5195195e-01 3.7609141e-01 3.9670449e-01 4.1804171e-01
-9.4694695e-01 3.6771032e-01 3.8812208e-01 4.0926793e-01
-9.4194194e-01 3.5940836e-01 3.7962670e-01 4.0058004e-01
-9.3693694e-01 3.5117943e-01 3.7122075e-01 3.9190683e-01
-9.3193193e-01 3.4306968e-01 3.6291999e-01 3.8338148e-01
-9.2692693e-01 3.3506165e-01 3.5466817e-01 3.7498034e-01
-9.2192192e-01 3.2710392e-01 3.4650607e-01 3.6661680e-01
-9.1691692e-01 3.1924905e-01 3.3847441e-01 3.5838284e-01
-9.1191191e-01 3.1147016e-01 3.3051704e-01 3.5024097e-01
-9.0690691e-01 3.0386346e-01 3.2265633e-01 3.4212235e-01
-9.0190190e-01 2.9636829e-01 3.1491373e-01 3.3419353e-01
-8.9689690e-01 2.8897994e-01 3.0725695e-01 3.2635399e-01
-8.9189189e-01 2.8163707e-01 2.9972641e-01 3.1858306e-01
-8.8688689e-01 2.7444346e-01 2.9232359e-01 3.1088734e-01
-8.8188188e-01 2.6732276e-01 2.8498926e-01 3.0331741e-01
-8.7687688e-01 2.6034792e-01 2.7776141e-01 2.9585291e-01
-8.7187187e-01 2.5346940e-01 2.7064452e-01 2.8850866e-01
-8.6686687e-01 2.4670477e-01 2.6361830e-01 2.8127860e-01
-8.6186186e-01 2.4003465e-01 2.5669670e-01 2.7416132e-01
-8.5685686e-01 2.3343320e-01 2.4992918e-01 2.6713214e-01
-8.5185185e-01 2.2700173e-01 2.4324122e-01 2.6024308e-01
-8.4684685e-01 2.2068160e-01 2.3667707e-01 2.5344207e-01
-8.4184184e-01 2.1443048e-01 2.3026083e-01 2.4676917e-01
-8.3683684e-01 2.0835714e-01 2.2395442e-01 2.4016804e-01
-8.3183183e-01 2.0240390e-01 2.1773352e-01 2.3375547e-01
-8.2682683e-01 1.9656079e-01 2.1161921e-01 2.2742063e-01
-8.2182182e-01 1.9080882e-01 2.0563180e-01 2.2119291e-01
-8.1681682e-01 1.8519208e-01 1.9977242e-01 2.1510022e-01
-8.1181181e-01 1.7968858e-01 1.9399294e-01 2.0909378e-01
-8.0680681e-01 1.7427263e-01 1.8835279e-01 2.0324037e-01
-8.0180180e-01 1.6896734e-01 1.8283597e-01 1.9745318e-01
-7.9679680e-01 1.6379073e-01 1.7742189e-01 1.9180777e-01
-7.9179179e-01 1.5871912e-01 1.7211796e-01 1.8628125e-01
-7.8678679e-01 1.5376295e-01 1.6694666e-01 1.8084884e-01
-7.8178178e-01 1.4892060e-01 1.6189656e-01 1.7553304e-01
-7.7677678e-01 1.4421461e-01 1.5693602e-01 1.7032475e-01
-7.7177177e-01 1.3960313e-01 1.5206543e-01 1.6524078e-01
-7.6676677e-01 1.3511796e-01 1.4731803e-01 1.6029397e-01
-7.6176176e-01 1.3073252e-01 1.4271222e-01 1.5541778e-01
-7.5675676e-01 1.2644278e-01 1.3818688e-01 1.5068891e-01
-7.5175175e-01 1.2223878e-01 1.3375942e-01 1.4603144e-01
-7.4674675e-01 1.1815689e-01 1.2943674e-01 1.4148635e-01
-7.4174174e-01 1.1418014e-01 1.2524376e-01 1.3706990e-01
-7.3673674e-01 1.1029556e-01 1.2116533e-01 1.3276040e-01
-7.3173173e-01 1.0651699e-01 1.1717480e-01 1.2856874e-01
-7.2672673e-01 1.0284357e-01 1.1329420e-01 1.2446726e-01
-7.2172172e-01 9.9270799e-02 1.0950553e-01 1.2047299e-01
-7.1671672e-01 9.5776673e-02 1.0582759e-01 1.1658481e-01
-7.1171171e-01 9.2387755e-02 1.0222069e-01 1.1277373e-01
-7.0670671e-01 8.9078771e-02 9.8717250e-02 1.0905746e-01
-7.0170170e-01 8.5879120e-02 9.5315058e-02 1.0546431e-01
-6.9669670e-01 8.2759287e-02 9.2009527e-02 1.0195659e-01
-6.9169169e-01 7.9733962e-02 8.8782883e-02 9.8525859e-02
-6.8668669e-01 7.6807570e-02 8.5654548e-02 9.5214406e-02
-6.8168168e-01 7.3973287e-02 8.2611993e-02 9.1985155e-02
-6.7667668e-01 7.1212540e-02 7.9645290e-02 8.8822676e-02
-6.7167167e-01 6.8537754e-02 7.6773153e-02 8.5784950e-02
-6.6666667e-01 6.5922954e-02 7.4002141e-02 8.2808385e-02
-6.6166166e-01 6.3411167e-02 7.1305040e-02 7.9930934e-02
-6.5665666e-01 6.0971895e-02 6.8696729e-02 7.7126092e-02
-6.5165165e-01 5.8592501e-02 6.6170613e-02 7.4410088e-02
-6.4664665e-01 5.6300403e-02 6.3719421e-02 7.1779241e-02
-6.4164164e-01 5.4096016e-02 6.1318297e-02 6.9203605e-02
-6.3663664e-01 5.1952932e-02 5.9006221e-02 6.6707894e-02
-6.3163163e-01 4.9892944e-02 5.6777846e-02 6.4301624e-02
-6.2662663e-01 4.7884283e-02 5.4600043e-02 6.1969494e-02
-6.2162162e-01 4.5941908e-02 5.2509665e-02 5.9696105e-02
-6.1661662e-01 4.4069657e-02 5.0478805e-02 5.7513906e-02
-6.1161161e-01 4.2263932e-02 4.8507567e-02 5.5394334e-02
-6.0660661e-01 4.0509901e-02 4.6611231e-02 5.3340038e-02
-6.0160160e-01 3.8815184e-02 4.4769909e-02 5.1347197e-02
-5.9659660e-01 3.7182768e-02 4.2990274e-02 4.9418365e-02
-5.9159159e-01 3.5622006e-02 4.1288664e-02 4.7545524e-02
-5.8658659e-01 3.4099473e-02 3.9629353e-02 4.5726682e-02
-5.8158158e-01 3.2637603e-02 3.8022901e-02 4.3970661e-02
-5.7657658e-01 3.1229115e-02 3.6480902e-02 4.2283887e-02
-5.7157157e-01 2.9857254e-02 3.4992854e-02 4.0658267e-02
-5.6656657e-01 2.8550720e-02 3.3558532e-02 3.9086605e-02
-5.6156156e-01 2.7294492e-02 3.2174698e-02 3.7563979e-02
-5.5655656e-01 2.6082647e-02 3.0824329e-02 3.6091216e-02
-5.5155155e-01 2.4919491e-02 2.9533198e-02 3.4677226e-02
-5.4654655e-01 2.3797505e-02 2.8286580e-02 3.3319437e-02
-5.4154154e-01 2.2723280e-02 2.7090121e-02 3.1993938e-02
-5.3653654e-01 2.1691245e-02 2.5934378e-02 3.0714907e-02
-5.3153153e-01 2.0693394e-02 2.4825024e-02 2.9483845e-02
-5.2652653e-01 1.9732255e-02 2.3756745e-02 2.8310795e-02
-5.2152152e-01 1.8812986e-02 2.2723511e-02 2.7178214e-02
-5.1651652e-01 1.7930386e-02 2.1727578e-02 2.6088568e-02
-5.1151151e-01 1.7081463e-02 2.0775872e-02 2.5026202e-02
-5.0650651e-01 1.6266660e-02 1.9861620e-02 2.4003983e-02
-5.0150150e-01 1.5484233e-02 1.8981122e-02 2.3035843e-02
-4.9649650e-01 1.4738421e-02 1.8136632e-02 2.2095937e-02
-4.9149149e-01 1.4025551e-02 1.7328744e-02 2.1197920e-02
-4.8648649e-01 1.3338083e-02 1.6540604e-02 2.0323692e-02
-4.8148148e-01 1.2677745e-02 1.5796617e-02 1.9483522e-02
-4.7647648e-01 1.2054681e-02 1.5079350e-02 1.8686235e-02
-4.7147147e-01 1.1454196e-02 1.4395835e-02 1.7915857e-02
-4.6646647e-01 1.0875604e-02 1.3732259e-02 1.7163113e-02
-4.6146146e-01 1.0327780e-02 1.3098572e-02 1.6437937e-02
-4.5645646e-01 9.7991838e-03 1.2492792e-02 1.5747233e-02
-4.5145145e-01 9.2975710e-03 1.1908565e-02 1.5085551e-02
-4.4644645e-01 8.8134888e-03 1.1350153e-02 1.4450671e-02
-4.4144144e-01 8.3525481e-03 1.0815533e-02 1.3830187e-02
-4.3643644e-01 7.9135325e-03 1.0304092e-02 1.3243464e-02
-4.3143143e-01 7.4967172e-03 9.8165739e-03 1.2674281e-02
-4.2642643e-01 7.0970385e-03 9.3474031e-03 1.2136368e-02
-4.2142142e-01 6.7164187e-03 8.8996091e-03 1.1612222e-02
-4.1641642e-01 6.3526686e-03 8.4746195e-03 1.1114119e-02
-4.1141141e-01 6.0068338e-03 8.0608835e-03 1.0630771e-02
-4.0640641e-01 5.6769247e-03 7.6711277e-03 1.0171122e-02
-4.0140140e-01 5.3624850e-03 7.2956088e-03 9.7268478e-03
-3.9639640e-01 5.0622787e-03 6.9373456e-03 9.3033818e-03
-3.9139139e-01 4.7758260e-03 6.5936075e-03 8.8950835e-03
-3.8638639e-01 4.5052435e-03 6.2673798e-03 8.5067289e-03
-3.8138138e-01 4.2463812e-03 5.9563459e-03 8.1335291e-03
-3.7637638e-01 4.0019191e-03 5.6599638e-03 7.7727216e-03
-3.7137137e-01 3.7707128e-03 5.3763931e-03 7.4235004e-03
-3.6636637e-01 3.5505843e-03 5.1072572e-03 7.0909641e-03
-3.6136136e-01 3.3414135e-03 4.8478846e-03 6.7731575e-03
-3.5635636e-01 3.1440309e-03 4.6024181e-03 6.4681674e-03
-3.5135135e-01 2.9555544e-03 4.3673359e-03 6.1760170e-03
-3.4634635e-01 2.7773459e-03 4.1434249e-03 5.8967780e-03
-3.4134134e-01 2.6085414e-03 3.9299592e-03 5.6290353e-03
-3.3633634e-01 2.4489595e-03 3.7279098e-03 5.3715325e-03
-3.3133133e-01 2.2978391e-03 3.5352310e-03 5.1253933e-03
-3.2632633e-01 2.1552022e-03 3.3530873e-03 4.8898502e-03
-3.2132132e-01 2.0206861e-03 3.1790261e-03 4.6638466e-03
-3.1631632e-01 1.8935752e-03 3.0140797e-03 4.4476000e-03
-3.1131131e-01 1.7732429e-03 2.8575689e-03 4.2406179e-03
-3.0630631e-01 1.6601427e-03 2.7090892e-03 4.0422717e-03
-3.0130130e-01 1.5539627e-03 2.5669896e-03 3.8525984e-03
-2.9629630e-01 1.4539725e-03 2.4332009e-03 3.6709390e-03
-2.9129129e-01 1.3599255e-03 2.3050070e-03 3.4973949e-03
-2.8628629e-01 1.2707314e-03 2.1841853e-03 3.3295217e-03
-2.8128128e-01 1.1867738e-03 2.0684941e-03 3.1700277e-03
-2.7627628e-01 1.1082085e-03 1.9590277e-03 3.0175735e-03
-2.7127127e-01 1.0347986e-03 1.8547543e-03 2.8720368e-03
-2.6626627e-01 9.6578943e-04 1.7556654e-03 2.7328870e-03
-2.6126126e-01 9.0080724e-04 1.6617774e-03 2.5994679e-03
-2.5625626e-01 8.3976549e-04 1.5724829e-03 2.4720043e-03
-2.5125125e-01 7.8215537e-04 1.4875770e-03 2.3505998e-03
-2.4624625e-01 7.2834191e-04 1.4071583e-03 2.2336104e-03
-2.4124124e-01 6.7787421e-04 1.3310852e-03 2.1222863e-03
-2.3623624e-01 6.3088689e-04 1.2585732e-03 2.0159265e-03
-2.3123123e-01 5.8692872e-04 1.1898139e-03 1.9144334e-03
-2.2622623e-01 5.4565050e-04 1.1242946e-03 1.8176982e-03
-2.2122122e-01 5.0701399e-04 1.0622839e-03 1.7249766e-03
-2.1621622e-01 4.7085727e-04 1.0032301e-03 1.6363715e-03
-2.1121121e-01 4.3712237e-04 9.4726989e-04 1.5517834e-03
-2.0620621e-01 4.0569402e-04 8.9432120e-04 1.4714549e-03
-2.0120120e-01 3.7630409e-04 8.4414882e-04 1.3946471e-03
-1.9619620e-01 3.4890044e-04 7.9647801e-04 1.3214211e-03
-1.9119119e-01 3.2323118e-04 7.5116051e-04 1.2515899e-03
-1.8618619e-01 2.9942216e-04 7.0837010e-04 1.1848350e-03
-1.8118118e-01 2.7718555e-04 6.6790500e-04 1.1212259e-03
-1.7617618e-01 2.5650157e-04 6.2951369e-04 1.0610671e-03
-1.7117117e-01 2.3718820e-04 5.9319512e-04 1.0036137e-03
-1.6616617e-01 2.1935553e-04 5.5878262e-04 9.4890644e-04
-1.6116116e-01 2.0261773e-04 5.2623659e-04 8.9688599e-04
-1.5615616e-01 1.8709546e-04 4.9532619e-04 8.4748950e-04
-1.5115115e-01 1.7272639e-04 4.6612048e-04 8.0037639e-04
-1.4614615e-01 1.5942114e-04 4.3858104e-04 7.5554247e-04
-1.4114114e-01 1.4701129e-04 4.1249547e-04 7.1306527e-04
-1.3613614e-01 1.3559461e-04 3.8791739e-04 6.7267599e-04
-1.3113113e-01 1.2499996e-04 3.6454264e-04 6.3439675e-04
-1.2612613e-01 1.1511946e-04 3.4252075e-04 5.9801876e-04
-1.2112112e-01 1.0603566e-04 3.2172040e-04 5.6346767e-04
-1.1611612e-01 9.7570654e-05 3.0204341e-04 5.3069023e-04
-1.1111111e-01 8.9755890e-05 2.8354097e-04 4.9967421e-04
-1.0610611e-01 8.2509218e-05 2.6604387e-04 4.7026666e-04
-1.0110110e-01 7.5835546e-05 2.4951768e-04 4.4234448e-04
-9.6096096e-02 6.9641807e-05 2.3398818e-04 4.1598258e-04
-9.1091091e-02 6.3949029e-05 2.1933933e-04 3.9099348e-04
-8.6086086e-02 5.8686782e-05 2.0549669e-04 3.6735180e-04
-8.1081081e-02 5.3844539e-05 1.9244986e-04 3.4498802e-04
-7.6076076e-02 4.9382413e-05 1.8018746e-04 3.2389316e-04
-7.1071071e-02 4.5259443e-05 1.6865007e-04 3.0390348e-04
-6.6066066e-02 4.1444658e-05 1.5778143e-04 2.8506244e-04
-6.1061061e-02 3.7930686e-05 1.4756469e-04 2.6725358e-04
-5.6056056e-02 3.4718603e-05 1.3796213e-04 2.5043965e-04
-5.1051051e-02 3.1744403e-05 1.2892021e-04 2.3458961e-04
-4.6046046e-02 2.9008983e-05 1.2044668e-04 2.1964402e-04
-4.1041041e-02 2.6513324e-05 1.1246940e-04 2.0557198e-04
-3.6036036e-02 2.4207621e-05 1.0497284e-04 1.9230780e-04
-3.1031031e-02 2.2092716e-05 9.7932852e-05 1.7981345e-04
-2.6026026e-02 2.0156192e-05 9.1332705e-05 1.6807168e-04
-2.1021021e-02 1.8377459e-05 8.5148885e-05 1.5701021e-04
-1.6016016e-02 1.6755360e-05 7.9348380e-05 1.4662633e-04
-1.1011011e-02 1.5271431e-05 7.3911363e-05 1.3685095e-04
-6.0060060e-03 1.3907446e-05 6.8816917e-05 1.2767070e-04
-1.0010010e-03 1.2660390e-05 6.4048167e-05 1.1905906e-04
4.0040040e-03 1.1514648e-05 5.9585325e-05 1.1096973e-04
9.0090090e-03 1.0469741e-05 5.5416800e-05 1.0338450e-04
1.4014014e-02 9.5111695e-06 5.1516243e-05 9.6268847e-05
1.9019019e-02 8.6406581e-06 4.7870608e-05 8.9601317e-05
2.4024024e-02 7.8484275e-06 4.4456122e-05 8.3358324e-05
2.9029029e-02 7.1226001e-06 4.1270991e-05 7.7512490e-05
3.4034034e-02 6.4593891e-06 3.8299505e-05 7.2042338e-05
3.9039039e-02 5.8567447e-06 3.5523910e-05 6.6924202e-05
4.4044044e-02 5.3065208e-06 3.2936232e-05 6.2138462e-05
4.9049049e-02 4.8061354e-06 3.0522457e-05 5.7668548e-05
5.4054054e-02 4.3515455e-06 2.8273638e-05 5.3495504e-05
5.9059059e-02 3.9365709e-06 2.6177083e-05 4.9601455e-05
6.4064064e-02 3.5610451e-06 2.4225852e-05 4.5969394e-05
6.9069069e-02 3.2194736e-06 2.2408597e-05 4.2584156e-05
7.4074074e-02 2.9076896e-06 2.0718791e-05 3.9427944e-05
7.9079079e-02 2.6258054e-06 1.9147970e-05 3.6485644e-05
8.4084084e-02 2.3701327e-06 1.7689166e-05 3.3747733e-05
8.9089089e-02 2.1374373e-06 1.6333729e-05 3.1197708e-05
9.4094094e-02 1.9268049e-06 1.5073607e-05 2.8826786e-05
9.9099099e-02 1.7367644e-06 1.3904832e-05 2.6623523e-05
1.0410410e-01 1.5642016e-06 1.2820647e-05 2.4576927e-05
1.0910911e-01 1.4078877e-06 1.1815882e-05 2.2674322e-05
1.1411411e-01 1.2668644e-06 1.0884144e-05 2.0909749e-05
1.1911912e-01 1.1394309e-06 1.0021771e-05 1.9272237e-05
1.2412412e-01 1.0238903e-06 9.2230469e-06 1.7754756e-05
1.2912913e-01 9.1945517e-07 8.4841338e-06 1.6348179e-05
1.3413413e-01 8.2555574e-07 7.8008122e-06 1.5046124e-05
1.3913914e-01 7.4128444e-07 7.1688447e-06 1.3840095e-05
1.4414414e-01 6.6492476e-07 6.5848057e-06 1.2724134e-05
1.4914915e-01 5.9623612e-07 6.0453054e-06 1.1692328e-05
1.5415415e-01 5.3414703e-07 5.5472194e-06 1.0738057e-05
1.5915916e-01 4.7841243e-07 5.0878102e-06 9.8570883e-06
1.6416416e-01 4.2833496e-07 4.6641054e-06 9.0445780e-06
1.6916917e-01 3.8337787e-07 4.2736150e-06 8.2942775e-06
1.7417417e-01 3.4280058e-07 3.9141706e-06 7.6021747e-06
1.7917918e-01 3.0628070e-07 3.5828232e-06 6.9642971e-06
1.8418418e-01 2.7367601e-07 3.2781374e-06 6.3767838e-06
1.8918919e-01 2.4449405e-07 2.9977713e-06 5.8355086e-06
1.9419419e-01 2.1821067e-07 2.7400580e-06 5.3374923e-06
1.9919920e-01 1.9470299e-07 2.5031976e-06 4.8795801e-06
2.0420420e-01 1.7356633e-07 2.2857384e-06 4.4585846e-06
2.0920921e-01 1.5466231e-07 2.0860887e-06 4.0718632e-06
2.1421421e-01 1.3768844e-07 1.9029410e-06 3.7167660e-06
2.1921922e-01 1.2263413e-07 1.7349969e-06 3.3908643e-06
2.2422422e-01 1.0917324e-07 1.5811032e-06 3.0918911e-06
2.2922923e-01 9.7089474e-08 1.4400644e-06 2.8177341e-06
2.3423423e-01 8.6283924e-08 1.3109657e-06 2.5666071e-06
2.3923924e-01 7.6661119e-08 1.1928556e-06 2.3366581e-06
2.4424424e-01 6.8067029e-08 1.0847994e-06 2.1261782e-06
2.4924925e-01 6.0434614e-08 9.8605058e-07 1.9336309e-06
2.5425425e-01 5.3607317e-08 8.9582809e-07 1.7576235e-06
2.5925926e-01 4.7535586e-08 8.1347578e-07 1.5967972e-06
2.6426426e-01 4.2123928e-08 7.3828151e-07 1.4499193e-06
2.6926927e-01 3.7319766e-08 6.6969966e-07 1.3158568e-06
2.7427427e-01 3.3015224e-08 6.0716395e-07 1.1935814e-06
2.7927928e-01 2.9203308e-08 5.5017954e-07 1.0820761e-06
2.8428428e-01 2.5829067e-08 4.9829367e-07 9.8047126e-07
2.8928929e-01 2.2830145e-08 4.5107241e-07 8.8792258e-07
2.9429429e-01 2.0175808e-08 4.0810972e-07 8.0369138e-07
2.9929930e-01 1.7799790e-08 3.6904742e-07 7.2706395e-07
3.0430430e-01 1.5713632e-08 3.3354928e-07 6.5739640e-07
3.0930931e-01 1.3861463e-08 3.0131418e-07 5.9409672e-07
3.1431431e-01 1.2223249e-08 2.7205234e-07 5.3659154e-07
3.1931932e-01 1.0767069e-08 2.4550539e-07 4.8440511e-07
3.2432432e-01 9.4824372e-09 2.2143163e-07 4.3704903e-07
3.2932933e-01 8.3472712e-09 1.9961315e-07 3.9410911e-07
3.3433433e-01 7.3416804e-09 1.7985084e-07 3.5520664e-07
3.3933934e-01 6.4593244e-09 1.6195752e-07 3.1997563e-07
3.4434434e-01 5.6754845e-09 1.4576861e-07 2.8808377e-07
3.4934935e-01 4.9862204e-09 1.3113206e-07 2.5923487e-07
3.5435435e-01 4.3768021e-09 1.1790004e-07 2.3315058e-07
3.5935936e-01 3.8393497e-09 1.0594586e-07 2.0957792e-07
3.6436436e-01 3.3673338e-09 9.5156603e-08 1.8828378e-07
3.6936937e-01 2.9520495e-09 8.5419403e-08 1.6906569e-07
3.7437437e-01 2.5855541e-09 7.6639949e-08 1.5172813e-07
3.7937938e-01 2.2638775e-09 6.8726073e-08 1.3609535e-07
3.8438438e-01 1.9809203e-09 6.1595147e-08 1.2200675e-07
3.8938939e-01 1.7331300e-09 5.5176637e-08 1.0931830e-07
3.9439439e-01 1.5158529e-09 4.9400798e-08 9.7897282e-08
3.9939940e-01 1.3253063e-09 4.4205351e-08 8.7622821e-08
4.0440440e-01 1.1573693e-09 3.9535165e-08 7.8382503e-08
4.0940941e-01 1.0100404e-09 3.5339471e-08 7.0080860e-08
4.1441441e-01 8.8156054e-10 3.1571793e-08 6.2625023e-08
4.1941942e-01 7.6899099e-10 2.8191652e-08 5.5931859e-08
4.2442442e-01 6.7035674e-10 2.5159687e-08 4.9927105e-08
4.2942943e-01 5.8414993e-10 2.2442135e-08 4.4542969e-08
4.3443443e-01 5.0841796e-10 2.0007289e-08 3.9718369e-08
4.3943944e-01 4.4259411e-10 1.7827139e-08 3.5397054e-08
4.4444444e-01 3.8471056e-10 1.5875836e-08 3.1528841e-08
4.4944945e-01 3.3461692e-10 1.4130810e-08 2.8068208e-08
4.5445445e-01 2.9074651e-10 1.2570895e-08 2.4973908e-08
4.5945946e-01 2.5253386e-10 1.1177051e-08 2.2208548e-08
4.6446446e-01 2.1919058e-10 9.9325224e-09 1.9738888e-08
4.6946947e-01 1.9017580e-10 8.8217156e-09 1.7534447e-08
4.7447447e-01 1.6485286e-10 7.8309779e-09 1.5567736e-08
4.7947948e-01 1.4289375e-10 6.9478241e-09 1.3814144e-08
4.8448448e-01 1.2374131e-10 6.1610126e-09 1.2251383e-08
4.8948949e-01 1.0707930e-10 5.4603453e-09 1.0859634e-08
4.9449449e-01 9.2647772e-11 4.8366523e-09 9.6208412e-09
4.9949950e-01 8.0147094e-11 4.2819248e-09 8.5187503e-09
5.0450450e-01 6.9206582e-11 3.7888005e-09 7.5388189e-09
5.0950951e-01 5.9785847e-11 3.3506456e-09 6.6679620e-09
5.1451451e-01 5.1597018e-11 2.9615787e-09 5.8944959e-09
5.1951952e-01 4.4520465e-11 2.6163000e-09 5.2079325e-09
5.2452452e-01 3.8397189e-11 2.3100260e-09 4.5988447e-09
5.2952953e-01 3.3104882e-11 2.0385000e-09 4.0588122e-09
5.3453453e-01 2.8519692e-11 1.7979230e-09 3.5802339e-09
5.3953954e-01 2.4567489e-11 1.5848840e-09 3.1563713e-09
5.4454454e-01 2.1155002e-11 1.3963447e-09 2.7811821e-09
5.4954955e-01 1.8194499e-11 1.2295578e-09 2.4492595e-09
5.5455455e-01 1.5647828e-11 1.0821149e-09 2.1557807e-09
5.5955956e-01 1.3455117e-11 9.5184090e-10 1.8964389e-09
5.6456456e-01 1.1562136e-11 8.3679330e-10 1.6673983e-09
5.6956957e-01 9.9303360e-12 7.3526048e-10 1.4652164e-09
5.7457457e-01 8.5209352e-12 6.4570259e-10 1.2868431e-09
5.7957958e-01 7.3114744e-12 5.6674303e-10 1.1295784e-09
5.8458458e-01 6.2719143e-12 4.9717110e-10 9.9099366e-10
5.8958959e-01 5.3733122e-12 4.3589935e-10 8.6894048e-10
5.9459459e-01 4.6035195e-12 3.8197579e-10 7.6150556e-10
5.9959960e-01 3.9412769e-12 3.3453517e-10 6.6698731e-10
6.0460460e-01 3.3715403e-12 2.9283221e-10 5.8388366e-10
6.0960961e-01 2.8841734e-12 2.5619062e-10 5.1085591e-10
6.1461461e-01 2.4657640e-12 2.2400998e-10 4.4672014e-10
6.1961962e-01 2.1057568e-12 1.9576651e-10 3.9042150e-10
6.2462462e-01 1.7979875e-12 1.7099211e-10 3.4103385e-10
6.2962963e-01 1.5347928e-12 1.4927158e-10 2.9773236e-10
6.3463463e-01 1.3089569e-12 1.3023920e-10 2.5978762e-10
6.3963964e-01 1.1153939e-12 1.1357158e-10 2.2655548e-10
6.4464464e-01 9.5062623e-13 9.8982768e-11 1.9746657e-10
6.4964965e-01 8.0941075e-13 8.6221460e-11 1.7201912e-10
6.5465465e-01 6.8884860e-13 7.5064375e-11 1.4976978e-10
6.5965966e-01 5.8590824e-13 6.5315644e-11 1.3032660e-10
6.6466466e-01 4.9821868e-13 5.6802651e-11 1.1334555e-10
6.6966967e-01 4.2343826e-13 4.9371713e-11 9.8523932e-11
6.7467467e-01 3.5947006e-13 4.2890020e-11 8.5593087e-11
6.7967968e-01 3.0509249e-13 3.7238857e-11 7.4319209e-11
6.8468468e-01 2.5894296e-13 3.2314638e-11 6.4495198e-11
6.8968969e-01 2.1967396e-13 2.8026457e-11 5.5939355e-11
6.9469469e-01 1.8625319e-13 2.4293991e-11 4.8492052e-11
6.9969970e-01 1.5774100e-13 2.1047085e-11 4.2013313e-11
7.0470470e-01 1.3354310e-13 1.8224284e-11 3.6380325e-11
7.0970971e-01 1.1302722e-13 1.5771452e-11 3.1485410e-11
7.1471471e-01 9.5571519e-14 1.3641431e-11 2.7234210e-11
7.1971972e-01 8.0750237e-14 1.1792603e-11 2.3544213e-11
7.2472472e-01 6.8203932e-14 1.0188753e-11 2.0343023e-11
7.2972973e-01 5.7606354e-14 8.7982481e-12 1.7567521e-11
7.3473473e-01 4.8637190e-14 7.5934388e-12 1.5162414e-11
7.3973974e-01 4.1041731e-14 6.5500254e-12 1.3079453e-11
7.4474474e-01 3.4593146e-14 5.6469077e-12 1.1276491e-11
7.4974975e-01 2.9162906e-14 4.8656745e-12 9.7167445e-12
7.5475475e-01 2.4569157e-14 4.1901985e-12 8.3681766e-12
7.5975976e-01 2.0678063e-14 3.6065567e-12 7.2028315e-12
7.6476476e-01 1.7395629e-14 3.1025169e-12 6.1963976e-12
7.6976977e-01 1.4622710e-14 2.6674487e-12 5.3276807e-12
7.7477477e-01 1.2291554e-14 2.2921550e-12 4.5782546e-12
7.7977978e-01 1.0329651e-14 1.9685734e-12 3.9321015e-12
7.8478478e-01 8.6784790e-15 1.6897632e-12 3.3752983e-12
7.8978979e-01 7.2829242e-15 1.4496445e-12 2.8957603e-12
7.9479479e-01 6.1111787e-15 1.2429690e-12 2.4829955e-12
7.9979980e-01 5.1225481e-15 1.0651798e-12 2.1279039e-12
8.0480480e-01 4.2907315e-15 9.1232362e-13 1.8225980e-12
8.0980981e-01 3.5948691e-15 7.8097662e-13 1.5602440e-12
8.1481481e-01 3.0069444e-15 6.6817457e-13 1.3349252e-12
8.1981982e-01 2.5168156e-15 5.7135355e-13 1.1415216e-12
8.2482482e-01 2.1049599e-15 4.8829552e-13 9.7560512e-13
8.2982983e-01 1.7584381e-15 4.1708649e-13 8.3334729e-13
8.3483483e-01 1.4690389e-15 3.5606567e-13 7.1144519e-13
8.3983984e-01 1.2267458e-15 3.0380765e-13 6.0704315e-13
8.4484484e-01 1.0234033e-15 2.5907604e-13 5.1767813e-13
8.4984985e-01 8.5333248e-16 2.2081080e-13 4.4122834e-13
8.5485485e-01 7.1159091e-16 1.8809440e-13 3.7586304e-13
8.5985986e-01 5.9290108e-16 1.6013813e-13 3.2000627e-13
8.6486486e-01 4.9389971e-16 1.3626203e-13 2.7230137e-13
8.6986987e-01 4.1083906e-16 1.1588250e-13 2.3158147e-13
8.7487487e-01 3.4187554e-16 9.8497259e-14 1.9684320e-13
8.7987988e-01 2.8426894e-16 8.3674727e-14 1.6722440e-13
8.8488488e-01 2.3611596e-16 7.1043884e-14 1.4198468e-13
8.8988989e-01 1.9611969e-16 6.0286669e-14 1.2048846e-13
8.9489489e-01 1.6282706e-16 5.1130561e-14 1.0219100e-13
8.9989990e-01 1.3507329e-16 4.3341286e-14 8.6624849e-14
9.0490490e-01 1.1199430e-16 3.6718618e-14 7.3389662e-14
9.0990991e-01 9.2810022e-17 3.1090951e-14 6.2142659e-14
9.1491491e-01 7.6866520e-17 2.6311479e-14 5.2590502e-14
9.1991992e-01 6.3639201e-17 2.2254526e-14 4.4482310e-14
9.2492492e-01 5.2664695e-17 1.8812826e-14 3.7603639e-14
9.2992993e-01 4.3540645e-17 1.5894715e-14 3.1771296e-14
9.3493493e-01 3.5960692e-17 1.3421880e-14 2.6828870e-14
9.3993994e-01 2.9705735e-17 1.1327567e-14 2.2642906e-14
9.4494494e-01 2.4529620e-17 9.5547984e-15 1.9099608e-14
9.4994995e-01 2.0243956e-17 8.0550966e-15 1.6101984e-14
9.5495495e-01 1.6700183e-17 6.7870732e-15 1.3567403e-14
9.5995996e-01 1.3767124e-17 5.7155322e-15 1.1425539e-14
9.6496496e-01 1.1341725e-17 4.8105348e-15 9.6165474e-15
9.6996997e-01 9.3395982e-18 4.0466132e-15 8.0895436e-15
9.7497497e-01 7.6859063e-18 3.4021470e-15 6.8012851e-15
9.7997998e-01 6.3229554e-18 2.8587586e-15 5.7150603e-15
9.8498498e-01 5.1986775e-18 2.4008431e-15 4.7996889e-15
9.8998999e-01 4.2731126e-18 2.0151781e-15 4.0287266e-15
9.9499499e-01 3.5109784e-18 1.6905392e-15 3.3797527e-15
1.0000000e+00 2.8825258e-18 1.4174236e-15 2.8337693e-15
