X KDE_INF KDE_MED KDE_SUP
5.0000000e+00 6.5943914e-15 1.0158480e-13 2.7657985e-13
5.0240240e+00 8.8022824e-15 1.3386208e-13 3.6282329e-13
5.0480480e+00 1.1719259e-14 1.7611389e-13 4.7530378e-13
5.0720721e+00 1.5579603e-14 2.3129372e-13 6.2193526e-13
5.0960961e+00 2.0683203e-14 3.0320559e-13 8.1232196e-13
5.1201201e+00 2.7419720e-14 3.9689481e-13 1.0586479e-12
5.1441441e+00 3.6309197e-14 5.1890002e-13 1.3776514e-12
5.1681682e+00 4.7981883e-14 6.7743182e-13 1.7908233e-12
5.1921922e+00 6.3312484e-14 8.8324223e-13 2.3252696e-12
5.2162162e+00 8.3416666e-14 1.1501135e-12 3.0160905e-12
5.2402402e+00 1.0974070e-13 1.4947544e-12 3.9012661e-12
5.2642643e+00 1.4415643e-13 1.9391380e-12 5.0429495e-12
5.2882883e+00 1.8908269e-13 2.5118318e-12 6.5060351e-12
5.3123123e+00 2.4768664e-13 3.2487984e-12 8.3867744e-12
5.3363363e+00 3.2390767e-13 4.1969838e-12 1.0790573e-11
5.3603604e+00 4.2295523e-13 5.4145734e-12 1.3873103e-11
5.3843844e+00 5.5175691e-13 6.9782058e-12 1.7807915e-11
5.4084084e+00 7.1836020e-13 8.9814759e-12 2.2827612e-11
5.4324324e+00 9.3385952e-13 1.1534334e-11 2.9214730e-11
5.4564565e+00 1.2121541e-12 1.4794082e-11 3.7319796e-11
5.4804805e+00 1.5710359e-12 1.8941235e-11 4.7628302e-11
5.5045045e+00 2.0331403e-12 2.4230994e-11 6.0664674e-11
5.5285285e+00 2.6272713e-12 3.0915664e-11 7.7170293e-11
5.5525526e+00 3.3899810e-12 3.9417412e-11 9.8026813e-11
5.5765766e+00 4.3675865e-12 5.0195651e-11 1.2426904e-10
5.6006006e+00 5.6187239e-12 6.3828890e-11 1.5738779e-10
5.6246246e+00 7.2235331e-12 8.0998398e-11 1.9908920e-10
5.6486486e+00 9.2647053e-12 1.0267205e-10 2.5147440e-10
5.6726727e+00 1.1864923e-11 1.2991110e-10 3.1705828e-10
5.6966967e+00 1.5172236e-11 1.6402848e-10 3.9939625e-10
5.7207207e+00 1.9390727e-11 2.0686994e-10 5.0182032e-10
5.7447447e+00 2.4721814e-11 2.6037922e-10 6.2978786e-10
5.7687688e+00 3.1474863e-11 3.2748224e-10 7.8903059e-10
5.7927928e+00 4.0055426e-11 4.1102675e-10 9.8844645e-10
5.8168168e+00 5.0853690e-11 5.1511000e-10 1.2348578e-09
5.8408408e+00 6.4479091e-11 6.4509533e-10 1.5407786e-09
5.8648649e+00 8.1593350e-11 8.0675379e-10 1.9201350e-09
5.8888889e+00 1.0309609e-10 1.0070934e-09 2.3896859e-09
5.9129129e+00 1.3009074e-10 1.2549352e-09 2.9690519e-09
5.9369369e+00 1.6394112e-10 1.5623421e-09 3.6836224e-09
5.9609610e+00 2.0625927e-10 1.9427065e-09 4.5641790e-09
5.9849850e+00 2.5933516e-10 2.4108496e-09 5.6442232e-09
6.0090090e+00 3.2539709e-10 2.9865979e-09 6.9633710e-09
6.0330330e+00 4.0747799e-10 3.6937273e-09 8.5926099e-09
6.0570571e+00 5.0950222e-10 4.5630117e-09 1.0585954e-08
6.0810811e+00 6.3612057e-10 5.6286566e-09 1.3033031e-08
6.1051051e+00 7.9302021e-10 6.9353130e-09 1.5985309e-08
6.1291291e+00 9.8736924e-10 8.5255494e-09 1.9590285e-08
6.1531532e+00 1.2290070e-09 1.0464878e-08 2.3976983e-08
6.1771772e+00 1.5272003e-09 1.2831945e-08 2.9293952e-08
6.2012012e+00 1.8944079e-09 1.5701035e-08 3.5773437e-08
6.2252252e+00 2.3440827e-09 1.9190853e-08 4.3586635e-08
6.2492492e+00 2.8961715e-09 2.3424090e-08 5.3068323e-08
6.2732733e+00 3.5729551e-09 2.8561475e-08 6.4492747e-08
6.2972973e+00 4.4047662e-09 3.4770486e-08 7.8269144e-08
6.3213213e+00 5.4196816e-09 4.2238359e-08 9.4822565e-08
6.3453453e+00 6.6561161e-09 5.1209663e-08 1.1472284e-07
6.3693694e+00 8.1624336e-09 6.2039728e-08 1.3863300e-07
6.3933934e+00 9.9971464e-09 7.5083684e-08 1.6725865e-07
6.4174174e+00 1.2222799e-08 9.0732343e-08 2.0150318e-07
6.4414414e+00 1.4921644e-08 1.0949843e-07 2.4238687e-07
6.4654655e+00 1.8189220e-08 1.3177631e-07 2.9111302e-07
6.4894895e+00 2.2139249e-08 1.5843919e-07 3.4944835e-07
6.5135135e+00 2.6915955e-08 1.9034223e-07 4.1843697e-07
6.5375375e+00 3.2665020e-08 2.2810857e-07 5.0045285e-07
6.5615616e+00 3.9585075e-08 2.7317909e-07 5.9785655e-07
6.5855856e+00 4.7979194e-08 3.2652916e-07 7.1254316e-07
6.6096096e+00 5.7963464e-08 3.8959111e-07 8.4900630e-07
6.6336336e+00 6.9920945e-08 4.6421755e-07 1.0094750e-06
6.6576577e+00 8.4219338e-08 5.5237900e-07 1.1978245e-06
6.6816817e+00 1.0129032e-07 6.5600917e-07 1.4192922e-06
6.7057057e+00 1.2164348e-07 7.7838612e-07 1.6807905e-06
6.7297297e+00 1.4595496e-07 9.2235284e-07 1.9857346e-06
6.7537538e+00 1.7475657e-07 1.0907472e-06 2.3437279e-06
6.7777778e+00 2.0892966e-07 1.2884210e-06 2.7621924e-06
6.8018018e+00 2.4941278e-07 1.5190969e-06 3.2534027e-06
6.8258258e+00 2.9729618e-07 1.7877041e-06 3.8261036e-06
6.8498498e+00 3.5384416e-07 2.1025994e-06 4.4927038e-06
6.8738739e+00 4.2071694e-07 2.4701406e-06 5.2626610e-06
6.8978979e+00 4.9923072e-07 2.8976434e-06 6.1573590e-06
6.9219219e+00 5.9151277e-07 3.3924039e-06 7.1966706e-06
6.9459459e+00 6.9980734e-07 3.9691163e-06 8.3938022e-06
6.9699700e+00 8.2678858e-07 4.6353941e-06 9.7786275e-06
6.9939940e+00 9.7673610e-07 5.3987206e-06 1.1377831e-05
7.0180180e+00 1.1506329e-06 6.2786574e-06 1.3210812e-05
7.0420420e+00 1.3532718e-06 7.2979973e-06 1.5330491e-05
7.0660661e+00 1.5906918e-06 8.4655639e-06 1.7740801e-05
7.0900901e+00 1.8652505e-06 9.8145357e-06 2.0517060e-05
7.1141141e+00 2.1837531e-06 1.1350830e-05 2.3706798e-05
7.1381381e+00 2.5528286e-06 1.3112776e-05 2.7331790e-05
7.1621622e+00 2.9800201e-06 1.5132621e-05 3.1482939e-05
7.1861862e+00 3.4747049e-06 1.7441513e-05 3.6194411e-05
7.2102102e+00 4.0441654e-06 2.0053373e-05 4.1588081e-05
7.2342342e+00 4.6999528e-06 2.3040740e-05 4.7640410e-05
7.2582583e+00 5.4540482e-06 2.6420473e-05 5.4506360e-05
7.2822823e+00 6.3223609e-06 3.0263654e-05 6.2304055e-05
7.3063063e+00 7.3139930e-06 3.4580319e-05 7.1085616e-05
7.3303303e+00 8.4501452e-06 3.9468183e-05 8.1000630e-05
7.3543544e+00 9.7469245e-06 4.5009972e-05 9.2130880e-05
7.3783784e+00 1.1226078e-05 5.1201168e-05 1.0477499e-04
7.4024024e+00 1.2910496e-05 5.8179931e-05 1.1899485e-04
7.4264264e+00 1.4825272e-05 6.6087864e-05 1.3486732e-04
7.4504505e+00 1.6999783e-05 7.4854182e-05 1.5260478e-04
7.4744745e+00 1.9469379e-05 8.4654225e-05 1.7233658e-04
7.4984985e+00 2.2263526e-05 9.5553200e-05 1.9447848e-04
7.5225225e+00 2.5427239e-05 1.0764872e-04 2.1900092e-04
7.5465465e+00 2.8984018e-05 1.2115691e-04 2.4636575e-04
7.5705706e+00 3.2985483e-05 1.3624170e-04 2.7680101e-04
7.5945946e+00 3.7485431e-05 1.5297829e-04 3.1046190e-04
7.6186186e+00 4.2546366e-05 1.7152926e-04 3.4754792e-04
7.6426426e+00 4.8227686e-05 1.9195508e-04 3.8886228e-04
7.6666667e+00 5.4610499e-05 2.1464227e-04 4.3385318e-04
7.6906907e+00 6.1692462e-05 2.3975086e-04 4.8344464e-04
7.7147147e+00 6.9577682e-05 2.6751790e-04 5.3826322e-04
7.7387387e+00 7.8348739e-05 2.9802926e-04 5.9860114e-04
7.7627628e+00 8.8132847e-05 3.3106374e-04 6.6488144e-04
7.7867868e+00 9.8967955e-05 3.6770085e-04 7.3695074e-04
7.8108108e+00 1.1104179e-04 4.0747468e-04 8.1569314e-04
7.8348348e+00 1.2434365e-04 4.5125171e-04 9.0198328e-04
7.8588589e+00 1.3906284e-04 4.9918386e-04 9.9586976e-04
7.8828829e+00 1.5528041e-04 5.5092205e-04 1.0968850e-03
7.9069069e+00 1.7312361e-04 6.0792802e-04 1.2065455e-03
7.9309309e+00 1.9262827e-04 6.6921006e-04 1.3261718e-03
7.9549550e+00 2.1409900e-04 7.3598074e-04 1.4560235e-03
7.9789790e+00 2.3763104e-04 8.0756667e-04 1.5962622e-03
8.0030030e+00 2.6334296e-04 8.8550963e-04 1.7458550e-03
8.0270270e+00 2.9146752e-04 9.6889753e-04 1.9077330e-03
8.0510511e+00 3.2208036e-04 1.0592490e-03 2.0814877e-03
8.0750751e+00 3.5551989e-04 1.1568958e-03 2.2681929e-03
8.0990991e+00 3.9146929e-04 1.2615306e-03 2.4668080e-03
8.1231231e+00 4.3096313e-04 1.3734923e-03 2.6785329e-03
8.1471471e+00 4.7390180e-04 1.4934766e-03 2.9057116e-03
8.1711712e+00 5.1975874e-04 1.6219684e-03 3.1480380e-03
8.1951952e+00 5.6937875e-04 1.7586234e-03 3.4068849e-03
8.2192192e+00 6.2264173e-04 1.9049806e-03 3.6802900e-03
8.2432432e+00 6.8037484e-04 2.0599579e-03 3.9709297e-03
8.2672673e+00 7.4172225e-04 2.2260981e-03 4.2771558e-03
8.2912913e+00 8.0775864e-04 2.4020189e-03 4.5985503e-03
8.3153153e+00 8.7842977e-04 2.5886949e-03 4.9386994e-03
8.3393393e+00 9.5380381e-04 2.7864000e-03 5.2944581e-03
8.3633634e+00 1.0342627e-03 2.9949798e-03 5.6728708e-03
8.3873874e+00 1.1210151e-03 3.2137191e-03 6.0671428e-03
8.4114114e+00 1.2112393e-03 3.4430664e-03 6.4826968e-03
8.4354354e+00 1.3084382e-03 3.6857612e-03 6.9119077e-03
8.4594595e+00 1.4107836e-03 3.9410584e-03 7.3593680e-03
8.4834835e+00 1.5190525e-03 4.2052614e-03 7.8202187e-03
8.5075075e+00 1.6327892e-03 4.4804867e-03 8.2989251e-03
8.5315315e+00 1.7538350e-03 4.7679527e-03 8.8024376e-03
8.5555556e+00 1.8798187e-03 5.0675884e-03 9.3149340e-03
8.5795796e+00 2.0125048e-03 5.3773614e-03 9.8417783e-03
8.6036036e+00 2.1484046e-03 5.6977221e-03 1.0394923e-02
8.6276276e+00 2.2922707e-03 6.0309234e-03 1.0960508e-02
8.6516517e+00 2.4428547e-03 6.3700788e-03 1.1535294e-02
8.6756757e+00 2.5991342e-03 6.7179957e-03 1.2121082e-02
8.6996997e+00 2.7635130e-03 7.0761043e-03 1.2722244e-02
8.7237237e+00 2.9313547e-03 7.4456294e-03 1.3329364e-02
8.7477477e+00 3.1054010e-03 7.8201726e-03 1.3949165e-02
8.7717718e+00 3.2856309e-03 8.2048926e-03 1.4564682e-02
8.7957958e+00 3.4717552e-03 8.5948762e-03 1.5177251e-02
8.8198198e+00 3.6636921e-03 8.9880532e-03 1.5800380e-02
8.8438438e+00 3.8562651e-03 9.3871844e-03 1.6431471e-02
8.8678679e+00 4.0540139e-03 9.7921636e-03 1.7069749e-02
8.8918919e+00 4.2537098e-03 1.0198216e-02 1.7708189e-02
8.9159159e+00 4.4618813e-03 1.0596237e-02 1.8341392e-02
8.9399399e+00 4.6676913e-03 1.1002991e-02 1.8958955e-02
8.9639640e+00 4.8771422e-03 1.1402995e-02 1.9558350e-02
8.9879880e+00 5.0868571e-03 1.1804415e-02 2.0169290e-02
9.0120120e+00 5.2972647e-03 1.2204334e-02 2.0768919e-02
9.0360360e+00 5.5104410e-03 1.2601103e-02 2.1361558e-02
9.0600601e+00 5.7195531e-03 1.2991303e-02 2.1906464e-02
9.0840841e+00 5.9348157e-03 1.3382388e-02 2.2450003e-02
9.1081081e+00 6.1481256e-03 1.3756984e-02 2.2984351e-02
9.1321321e+00 6.3527608e-03 1.4125033e-02 2.3524665e-02
9.1561562e+00 6.5471444e-03 1.4487772e-02 2.4039962e-02
9.1801802e+00 6.7375223e-03 1.4830217e-02 2.4542647e-02
9.2042042e+00 6.9174893e-03 1.5165844e-02 2.5052628e-02
9.2282282e+00 7.0971831e-03 1.5481140e-02 2.5540577e-02
9.2522523e+00 7.2705837e-03 1.5781264e-02 2.5994518e-02
9.2762763e+00 7.4419508e-03 1.6075657e-02 2.6498120e-02
9.3003003e+00 7.5958983e-03 1.6328978e-02 2.6969601e-02
9.3243243e+00 7.7507103e-03 1.6546007e-02 2.7450268e-02
9.3483483e+00 7.8993766e-03 1.6725269e-02 2.7911507e-02
9.3723724e+00 8.0356329e-03 1.6859413e-02 2.8354192e-02
9.3963964e+00 8.1610057e-03 1.7002445e-02 2.8790550e-02
9.4204204e+00 8.2383107e-03 1.7152418e-02 2.9190399e-02
9.4444444e+00 8.2723423e-03 1.7294616e-02 2.9616495e-02
9.4684685e+00 8.3059787e-03 1.7474861e-02 3.0012434e-02
9.4924925e+00 8.3482141e-03 1.7644399e-02 3.0436816e-02
9.5165165e+00 8.3796796e-03 1.7876473e-02 3.0828729e-02
9.5405405e+00 8.4185862e-03 1.8089804e-02 3.1176211e-02
9.5645646e+00 8.4435772e-03 1.8274169e-02 3.1486807e-02
9.5885886e+00 8.4696885e-03 1.8451447e-02 3.1726829e-02
9.6126126e+00 8.4904861e-03 1.8576830e-02 3.1869620e-02
9.6366366e+00 8.5030973e-03 1.8711198e-02 3.1900831e-02
9.6606607e+00 8.5337596e-03 1.8844620e-02 3.1944767e-02
9.6846847e+00 8.5890517e-03 1.8941650e-02 3.1905897e-02
9.7087087e+00 8.6616221e-03 1.9048937e-02 3.1881806e-02
9.7327327e+00 8.7378337e-03 1.9158970e-02 3.1861715e-02
9.7567568e+00 8.8038291e-03 1.9267797e-02 3.1854892e-02
9.7807808e+00 8.9028211e-03 1.9388879e-02 3.1791261e-02
9.8048048e+00 9.0028204e-03 1.9472941e-02 3.1775403e-02
9.8288288e+00 9.0915946e-03 1.9578356e-02 3.1799277e-02
9.8528529e+00 9.1861427e-03 1.9657511e-02 3.1752498e-02
9.8768769e+00 9.3058504e-03 1.9727454e-02 3.1783050e-02
9.9009009e+00 9.4405045e-03 1.9776850e-02 3.1775347e-02
9.9249249e+00 9.6163462e-03 1.9834276e-02 3.1794520e-02
9.9489489e+00 9.8214766e-03 1.9884657e-02 3.1779968e-02
9.9729730e+00 1.0034254e-02 1.9931519e-02 3.1764545e-02
9.9969970e+00 1.0248866e-02 1.9980919e-02 3.1743462e-02
1.0021021e+01 1.0408532e-02 2.0064153e-02 3.1746770e-02
1.0045045e+01 1.0584745e-02 2.0125789e-02 3.1753673e-02
1.0069069e+01 1.0728517e-02 2.0211453e-02 3.1744223e-02
1.0093093e+01 1.0867755e-02 2.0307742e-02 3.1805829e-02
1.0117117e+01 1.0988129e-02 2.0391419e-02 3.1886035e-02
1.0141141e+01 1.1110307e-02 2.0495998e-02 3.1956258e-02
1.0165165e+01 1.1216004e-02 2.0582029e-02 3.2046303e-02
1.0189189e+01 1.1296875e-02 2.0683197e-02 3.2160750e-02
1.0213213e+01 1.1405898e-02 2.0803674e-02 3.2272843e-02
1.0237237e+01 1.1516987e-02 2.0925684e-02 3.2440019e-02
1.0261261e+01 1.1646455e-02 2.1087021e-02 3.2651319e-02
1.0285285e+01 1.1767175e-02 2.1220200e-02 3.2917864e-02
1.0309309e+01 1.1847782e-02 2.1375520e-02 3.3138163e-02
1.0333333e+01 1.1986087e-02 2.1516731e-02 3.3362406e-02
1.0357357e+01 1.2128484e-02 2.1662065e-02 3.3646650e-02
1.0381381e+01 1.2276743e-02 2.1873739e-02 3.3916393e-02
1.0405405e+01 1.2424929e-02 2.2100636e-02 3.4216031e-02
1.0429429e+01 1.2552715e-02 2.2300008e-02 3.4533561e-02
1.0453453e+01 1.2706263e-02 2.2526340e-02 3.4858725e-02
1.0477477e+01 1.2859515e-02 2.2808148e-02 3.5202273e-02
1.0501502e+01 1.3035677e-02 2.3072693e-02 3.5565083e-02
1.0525526e+01 1.3205420e-02 2.3334273e-02 3.5933327e-02
1.0549550e+01 1.3382489e-02 2.3627758e-02 3.6333578e-02
1.0573574e+01 1.3537974e-02 2.3928075e-02 3.6714324e-02
1.0597598e+01 1.3764024e-02 2.4252146e-02 3.7157515e-02
1.0621622e+01 1.3970047e-02 2.4593181e-02 3.7590088e-02
1.0645646e+01 1.4202344e-02 2.4958881e-02 3.8019036e-02
1.0669670e+01 1.4448823e-02 2.5323707e-02 3.8515836e-02
1.0693694e+01 1.4714868e-02 2.5683751e-02 3.9001795e-02
1.0717718e+01 1.4965750e-02 2.6086731e-02 3.9483496e-02
1.0741742e+01 1.5244676e-02 2.6468754e-02 3.9955833e-02
1.0765766e+01 1.5563351e-02 2.6848951e-02 4.0507903e-02
1.0789790e+01 1.5906617e-02 2.7240617e-02 4.1038338e-02
1.0813814e+01 1.6243499e-02 2.7651552e-02 4.1601245e-02
1.0837838e+01 1.6595286e-02 2.8096500e-02 4.2153474e-02
1.0861862e+01 1.6947665e-02 2.8611259e-02 4.2714783e-02
1.0885886e+01 1.7334567e-02 2.9074221e-02 4.3250342e-02
1.0909910e+01 1.7689682e-02 2.9572488e-02 4.3919336e-02
1.0933934e+01 1.8071742e-02 3.0079855e-02 4.4550297e-02
1.0957958e+01 1.8466079e-02 3.0613325e-02 4.5225006e-02
1.0981982e+01 1.8905659e-02 3.1156021e-02 4.5850310e-02
1.1006006e+01 1.9377544e-02 3.1695836e-02 4.6511972e-02
1.1030030e+01 1.9853561e-02 3.2271938e-02 4.7165789e-02
1.1054054e+01 2.0373533e-02 3.2884224e-02 4.7803133e-02
1.1078078e+01 2.0885810e-02 3.3495337e-02 4.8520628e-02
1.1102102e+01 2.1423912e-02 3.4145118e-02 4.9192224e-02
1.1126126e+01 2.1939615e-02 3.4803374e-02 4.9927313e-02
1.1150150e+01 2.2520577e-02 3.5483166e-02 5.0715793e-02
1.1174174e+01 2.3137099e-02 3.6189653e-02 5.1534484e-02
1.1198198e+01 2.3794544e-02 3.6915552e-02 5.2361294e-02
1.1222222e+01 2.4468048e-02 3.7677014e-02 5.3207753e-02
1.1246246e+01 2.5146125e-02 3.8478802e-02 5.4051573e-02
1.1270270e+01 2.5881163e-02 3.9306564e-02 5.4962971e-02
1.1294294e+01 2.6652795e-02 4.0158497e-02 5.5946255e-02
1.1318318e+01 2.7456511e-02 4.1057565e-02 5.6953513e-02
1.1342342e+01 2.8294668e-02 4.1970318e-02 5.7992742e-02
1.1366366e+01 2.9128420e-02 4.2961578e-02 5.9064185e-02
1.1390390e+01 3.0021722e-02 4.3941260e-02 6.0202832e-02
1.1414414e+01 3.0947057e-02 4.5006169e-02 6.1373921e-02
1.1438438e+01 3.1920020e-02 4.6125709e-02 6.2604442e-02
1.1462462e+01 3.2945265e-02 4.7260682e-02 6.3834830e-02
1.1486486e+01 3.3984655e-02 4.8458305e-02 6.5145721e-02
1.1510511e+01 3.5061656e-02 4.9716848e-02 6.6510000e-02
1.1534535e+01 3.6250696e-02 5.1031437e-02 6.7916750e-02
1.1558559e+01 3.7458516e-02 5.2392706e-02 6.9421582e-02
1.1582583e+01 3.8686213e-02 5.3810196e-02 7.0960041e-02
1.1606607e+01 3.9998251e-02 5.5282319e-02 7.2642947e-02
1.1630631e+01 4.1373978e-02 5.6799924e-02 7.4389779e-02
1.1654655e+01 4.2775522e-02 5.8381471e-02 7.6167136e-02
1.1678679e+01 4.4280806e-02 6.0016926e-02 7.8039738e-02
1.1702703e+01 4.5781263e-02 6.1787460e-02 7.9971933e-02
1.1726727e+01 4.7331289e-02 6.3613929e-02 8.1994746e-02
1.1750751e+01 4.8941279e-02 6.5488582e-02 8.4008625e-02
1.1774775e+01 5.0669775e-02 6.7486985e-02 8.6274647e-02
1.1798799e+01 5.2413698e-02 6.9543264e-02 8.8482169e-02
1.1822823e+01 5.4275855e-02 7.1650021e-02 9.0797882e-02
1.1846847e+01 5.6253571e-02 7.3833755e-02 9.3196203e-02
1.1870871e+01 5.8221072e-02 7.6159702e-02 9.5750373e-02
1.1894895e+01 6.0331818e-02 7.8535586e-02 9.8394092e-02
1.1918919e+01 6.2523627e-02 8.1001654e-02 1.0117420e-01
1.1942943e+01 6.4824194e-02 8.3564023e-02 1.0405570e-01
1.1966967e+01 6.7202249e-02 8.6287791e-02 1.0703942e-01
1.1990991e+01 6.9681794e-02 8.9035942e-02 1.1012860e-01
1.2015015e+01 7.2234646e-02 9.1949572e-02 1.1333695e-01
1.2039039e+01 7.4849346e-02 9.4919049e-02 1.1661223e-01
1.2063063e+01 7.7558394e-02 9.7988941e-02 1.1999555e-01
1.2087087e+01 8.0383132e-02 1.0111230e-01 1.2358300e-01
1.2111111e+01 8.3343054e-02 1.0434378e-01 1.2725456e-01
1.2135135e+01 8.6394309e-02 1.0772240e-01 1.3101274e-01
1.2159159e+01 8.9497562e-02 1.1122724e-01 1.3488441e-01
1.2183183e+01 9.2703090e-02 1.1481082e-01 1.3880609e-01
1.2207207e+01 9.6031028e-02 1.1851804e-01 1.4295729e-01
1.2231231e+01 9.9455552e-02 1.2239265e-01 1.4718382e-01
1.2255255e+01 1.0301399e-01 1.2631079e-01 1.5160339e-01
1.2279279e+01 1.0667354e-01 1.3042115e-01 1.5607901e-01
1.2303303e+01 1.1049522e-01 1.3455883e-01 1.6067390e-01
1.2327327e+01 1.1430136e-01 1.3887866e-01 1.6546500e-01
1.2351351e+01 1.1825237e-01 1.4335824e-01 1.7035828e-01
1.2375375e+01 1.2243397e-01 1.4804593e-01 1.7543094e-01
1.2399399e+01 1.2671362e-01 1.5277747e-01 1.8043652e-01
1.2423423e+01 1.3112497e-01 1.5763235e-01 1.8569592e-01
1.2447447e+01 1.3565779e-01 1.6255226e-01 1.9111405e-01
1.2471471e+01 1.4027010e-01 1.6762523e-01 1.9665567e-01
1.2495495e+01 1.4499206e-01 1.7279028e-01 2.0241389e-01
1.2519520e+01 1.4980366e-01 1.7818144e-01 2.0824662e-01
1.2543544e+01 1.5487025e-01 1.8372434e-01 2.1423277e-01
1.2567568e+01 1.6003154e-01 1.8938008e-01 2.2029227e-01
1.2591592e+01 1.6538705e-01 1.9518537e-01 2.2661899e-01
1.2615616e+01 1.7082271e-01 2.0108932e-01 2.3310404e-01
1.2639640e+01 1.7646245e-01 2.0713945e-01 2.3963446e-01
1.2663664e+01 1.8223514e-01 2.1339928e-01 2.4628091e-01
1.2687688e+01 1.8809254e-01 2.1972681e-01 2.5300550e-01
1.2711712e+01 1.9417567e-01 2.2614363e-01 2.6002155e-01
1.2735736e+01 2.0040864e-01 2.3277886e-01 2.6717445e-01
1.2759760e+01 2.0685247e-01 2.3955674e-01 2.7443132e-01
1.2783784e+01 2.1321179e-01 2.4652393e-01 2.8188796e-01
1.2807808e+01 2.1996601e-01 2.5363457e-01 2.8944715e-01
1.2831832e+01 2.2674357e-01 2.6074907e-01 2.9714022e-01
1.2855856e+01 2.3357017e-01 2.6811554e-01 3.0490258e-01
1.2879880e+01 2.4052381e-01 2.7554230e-01 3.1291075e-01
1.2903904e+01 2.4772938e-01 2.8327840e-01 3.2108994e-01
1.2927928e+01 2.5500200e-01 2.9109166e-01 3.2935407e-01
1.2951952e+01 2.6233416e-01 2.9899014e-01 3.3779124e-01
1.2975976e+01 2.6995182e-01 3.0704613e-01 3.4649702e-01
1.3000000e+01 2.7764954e-01 3.1516013e-01 3.5505775e-01
1.3024024e+01 2.8544692e-01 3.2347674e-01 3.6393251e-01
1.3048048e+01 2.9339216e-01 3.3183235e-01 3.7282409e-01
1.3072072e+01 3.0136738e-01 3.4028735e-01 3.8205610e-01
1.3096096e+01 3.0945046e-01 3.4894362e-01 3.9121178e-01
1.3120120e+01 3.1768456e-01 3.5777788e-01 4.0040816e-01
1.3144144e+01 3.2599498e-01 3.6660227e-01 4.0987004e-01
1.3168168e+01 3.3455345e-01 3.7558161e-01 4.1937058e-01
1.3192192e+01 3.4316852e-01 3.8469499e-01 4.2906086e-01
1.3216216e+01 3.5175474e-01 3.9387815e-01 4.3867962e-01
1.3240240e+01 3.6041625e-01 4.0308773e-01 4.4842647e-01
1.3264264e+01 3.6910464e-01 4.1247850e-01 4.5833722e-01
1.3288288e+01 3.7806670e-01 4.2198432e-01 4.6830967e-01
1.3312312e+01 3.8692228e-01 4.3144459e-01 4.7822851e-01
1.3336336e+01 3.9587385e-01 4.4095465e-01 4.8819845e-01
1.3360360e+01 4.0485722e-01 4.5059732e-01 4.9833853e-01
1.3384384e+01 4.1397557e-01 4.6021512e-01 5.0853035e-01
1.3408408e+01 4.2318605e-01 4.6976691e-01 5.1861647e-01
1.3432432e+01 4.3217654e-01 4.7947391e-01 5.2874507e-01
1.3456456e+01 4.4130787e-01 4.8914867e-01 5.3885572e-01
1.3480480e+01 4.5046108e-01 4.9892038e-01 5.4899726e-01
1.3504505e+01 4.5952411e-01 5.0861128e-01 5.5909503e-01
1.3528529e+01 4.6858634e-01 5.1831861e-01 5.6933478e-01
1.3552553e+01 4.7766724e-01 5.2800973e-01 5.7946456e-01
1.3576577e+01 4.8681662e-01 5.3764222e-01 5.8965278e-01
1.3600601e+01 4.9574294e-01 5.4720729e-01 5.9959986e-01
1.3624625e+01 5.0477455e-01 5.5664607e-01 6.0959715e-01
1.3648649e+01 5.1357781e-01 5.6605103e-01 6.1938906e-01
1.3672673e+01 5.2252977e-01 5.7538466e-01 6.2934204e-01
1.3696697e+01 5.3116815e-01 5.8465943e-01 6.3905611e-01
1.3720721e+01 5.3987566e-01 5.9373293e-01 6.4868665e-01
1.3744745e+01 5.4850269e-01 6.0270891e-01 6.5820795e-01
1.3768769e+01 5.5699929e-01 6.1160334e-01 6.6743026e-01
1.3792793e+01 5.6535785e-01 6.2037266e-01 6.7664073e-01
1.3816817e+01 5.7358231e-01 6.2898969e-01 6.8556718e-01
1.3840841e+01 5.8190664e-01 6.3743858e-01 6.9457111e-01
1.3864865e+01 5.9000611e-01 6.4584518e-01 7.0310977e-01
1.3888889e+01 5.9794151e-01 6.5413729e-01 7.1174513e-01
1.3912913e+01 6.0559970e-01 6.6232252e-01 7.2009408e-01
1.3936937e+01 6.1318730e-01 6.7042791e-01 7.2822415e-01
1.3960961e+01 6.2076469e-01 6.7829857e-01 7.3615538e-01
1.3984985e+01 6.2818557e-01 6.8595303e-01 7.4380007e-01
1.4009009e+01 6.3554370e-01 6.9345474e-01 7.5141047e-01
1.4033033e+01 6.4285354e-01 7.0069731e-01 7.5903219e-01
1.4057057e+01 6.4975520e-01 7.0797896e-01 7.6626476e-01
1.4081081e+01 6.5654726e-01 7.1503148e-01 7.7347227e-01
1.4105105e+01 6.6335161e-01 7.2186758e-01 7.8058127e-01
1.4129129e+01 6.7005080e-01 7.2866513e-01 7.8741685e-01
1.4153153e+01 6.7661382e-01 7.3538071e-01 7.9416659e-01
1.4177177e+01 6.8291742e-01 7.4186568e-01 8.0062646e-01
1.4201201e+01 6.8920551e-01 7.4825314e-01 8.0689228e-01
1.4225225e+01 6.9517138e-01 7.5454911e-01 8.1294620e-01
1.4249249e+01 7.0122534e-01 7.6050947e-01 8.1893632e-01
1.4273273e+01 7.0701717e-01 7.6654842e-01 8.2504857e-01
1.4297297e+01 7.1273494e-01 7.7240668e-01 8.3069631e-01
1.4321321e+01 7.1833810e-01 7.7808460e-01 8.3596345e-01
1.4345345e+01 7.2401765e-01 7.8365544e-01 8.4140040e-01
1.4369369e+01 7.2956561e-01 7.8898290e-01 8.4686651e-01
1.4393393e+01 7.3493308e-01 7.9420578e-01 8.5212457e-01
1.4417417e+01 7.4001359e-01 7.9926555e-01 8.5726577e-01
1.4441441e+01 7.4511170e-01 8.0434847e-01 8.6234158e-01
1.4465465e+01 7.5010366e-01 8.0936090e-01 8.6752223e-01
1.4489489e+01 7.5498971e-01 8.1430995e-01 8.7227374e-01
1.4513514e+01 7.5995144e-01 8.1920511e-01 8.7713554e-01
1.4537538e+01 7.6486185e-01 8.2397620e-01 8.8185656e-01
1.4561562e+01 7.6958294e-01 8.2860373e-01 8.8669434e-01
1.4585586e+01 7.7426986e-01 8.3310550e-01 8.9129538e-01
1.4609610e+01 7.7888313e-01 8.3760147e-01 8.9608621e-01
1.4633634e+01 7.8357634e-01 8.4219480e-01 9.0091590e-01
1.4657658e+01 7.8813535e-01 8.4668679e-01 9.0539787e-01
1.4681682e+01 7.9248055e-01 8.5115954e-01 9.0988360e-01
1.4705706e+01 7.9690663e-01 8.5544330e-01 9.1419474e-01
1.4729730e+01 8.0119320e-01 8.5972631e-01 9.1853716e-01
1.4753754e+01 8.0532934e-01 8.6404183e-01 9.2301361e-01
1.4777778e+01 8.0954372e-01 8.6828439e-01 9.2743748e-01
1.4801802e+01 8.1364993e-01 8.7270883e-01 9.3172514e-01
1.4825826e+01 8.1782438e-01 8.7684628e-01 9.3593223e-01
1.4849850e+01 8.2192179e-01 8.8094404e-01 9.4006149e-01
1.4873874e+01 8.2599112e-01 8.8501666e-01 9.4435611e-01
1.4897898e+01 8.2986846e-01 8.8892996e-01 9.4859274e-01
1.4921922e+01 8.3392234e-01 8.9302651e-01 9.5284949e-01
1.4945946e+01 8.3788913e-01 8.9707134e-01 9.5709826e-01
1.4969970e+01 8.4179361e-01 9.0084204e-01 9.6125329e-01
1.4993994e+01 8.4569666e-01 9.0483102e-01 9.6519890e-01
1.5018018e+01 8.4956453e-01 9.0869966e-01 9.6915381e-01
1.5042042e+01 8.5335326e-01 9.1262583e-01 9.7331308e-01
1.5066066e+01 8.5704629e-01 9.1638838e-01 9.7730485e-01
1.5090090e+01 8.6081015e-01 9.2018662e-01 9.8127267e-01
1.5114114e+01 8.6417439e-01 9.2390094e-01 9.8503108e-01
1.5138138e+01 8.6777332e-01 9.2740372e-01 9.8876021e-01
1.5162162e+01 8.7120612e-01 9.3098545e-01 9.9253610e-01
1.5186186e+01 8.7438219e-01 9.3456483e-01 9.9630849e-01
1.5210210e+01 8.7782672e-01 9.3799286e-01 9.9987491e-01
1.5234234e+01 8.8103683e-01 9.4131728e-01 1.0034789e+00
1.5258258e+01 8.8420122e-01 9.4452615e-01 1.0065346e+00
1.5282282e+01 8.8714784e-01 9.4785294e-01 1.0098205e+00
1.5306306e+01 8.9014616e-01 9.5104370e-01 1.0130451e+00
1.5330330e+01 8.9308723e-01 9.5399177e-01 1.0161683e+00
1.5354354e+01 8.9589017e-01 9.5688683e-01 1.0189874e+00
1.5378378e+01 8.9846340e-01 9.5971002e-01 1.0217314e+00
1.5402402e+01 9.0083814e-01 9.6225953e-01 1.0242882e+00
1.5426426e+01 9.0308566e-01 9.6475100e-01 1.0271049e+00
1.5450450e+01 9.0530525e-01 9.6710030e-01 1.0296469e+00
1.5474474e+01 9.0758366e-01 9.6939138e-01 1.0319815e+00
1.5498498e+01 9.0961191e-01 9.7164005e-01 1.0342446e+00
1.5522523e+01 9.1142589e-01 9.7364308e-01 1.0363864e+00
1.5546547e+01 9.1325485e-01 9.7550088e-01 1.0383330e+00
1.5570571e+01 9.1509469e-01 9.7733332e-01 1.0403564e+00
1.5594595e+01 9.1674579e-01 9.7915017e-01 1.0421931e+00
1.5618619e+01 9.1824511e-01 9.8079861e-01 1.0439661e+00
1.5642643e+01 9.1975637e-01 9.8212232e-01 1.0453868e+00
1.5666667e+01 9.2097777e-01 9.8342175e-01 1.0468409e+00
1.5690691e+01 9.2217357e-01 9.8447771e-01 1.0480643e+00
1.5714715e+01 9.2323772e-01 9.8557302e-01 1.0492759e+00
1.5738739e+01 9.2415604e-01 9.8643665e-01 1.0502886e+00
1.5762763e+01 9.2497155e-01 9.8735499e-01 1.0508120e+00
1.5786787e+01 9.2567668e-01 9.8799452e-01 1.0515874e+00
1.5810811e+01 9.2626900e-01 9.8856053e-01 1.0521294e+00
1.5834835e+01 9.2656281e-01 9.8900568e-01 1.0527827e+00
1.5858859e+01 9.2710008e-01 9.8929134e-01 1.0529883e+00
1.5882883e+01 9.2730493e-01 9.8966869e-01 1.0531958e+00
1.5906907e+01 9.2752452e-01 9.9003356e-01 1.0532107e+00
1.5930931e+01 9.2769824e-01 9.9023902e-01 1.0533280e+00
1.5954955e+01 9.2766193e-01 9.9016327e-01 1.0532266e+00
1.5978979e+01 9.2770821e-01 9.9009417e-01 1.0531031e+00
1.6003003e+01 9.2762643e-01 9.8998651e-01 1.0528978e+00
1.6027027e+01 9.2738729e-01 9.8972290e-01 1.0527216e+00
1.6051051e+01 9.2711915e-01 9.8945405e-01 1.0521828e+00
1.6075075e+01 9.2712148e-01 9.8928565e-01 1.0516545e+00
1.6099099e+01 9.2665927e-01 9.8907474e-01 1.0512379e+00
1.6123123e+01 9.2641733e-01 9.8881022e-01 1.0509008e+00
1.6147147e+01 9.2612564e-01 9.8827976e-01 1.0504875e+00
1.6171171e+01 9.2577245e-01 9.8783150e-01 1.0497858e+00
1.6195195e+01 9.2539847e-01 9.8733450e-01 1.0492872e+00
1.6219219e+01 9.2524693e-01 9.8682552e-01 1.0487020e+00
1.6243243e+01 9.2498493e-01 9.8630122e-01 1.0481220e+00
1.6267267e+01 9.2470107e-01 9.8578445e-01 1.0476811e+00
1.6291291e+01 9.2435757e-01 9.8536390e-01 1.0473418e+00
1.6315315e+01 9.2416226e-01 9.8510476e-01 1.0470111e+00
1.6339339e+01 9.2387509e-01 9.8467804e-01 1.0465136e+00
1.6363363e+01 9.2388745e-01 9.8436685e-01 1.0460347e+00
1.6387387e+01 9.2386397e-01 9.8412099e-01 1.0458628e+00
1.6411411e+01 9.2383390e-01 9.8398009e-01 1.0457342e+00
1.6435435e+01 9.2383305e-01 9.8394528e-01 1.0455593e+00
1.6459459e+01 9.2394751e-01 9.8393853e-01 1.0454642e+00
1.6483483e+01 9.2394380e-01 9.8395728e-01 1.0454464e+00
1.6507508e+01 9.2406779e-01 9.8404127e-01 1.0455394e+00
1.6531532e+01 9.2425931e-01 9.8423901e-01 1.0458408e+00
1.6555556e+01 9.2459432e-01 9.8438031e-01 1.0458320e+00
1.6579580e+01 9.2483314e-01 9.8459629e-01 1.0460661e+00
1.6603604e+01 9.2527103e-01 9.8492462e-01 1.0461592e+00
1.6627628e+01 9.2574362e-01 9.8535138e-01 1.0464192e+00
1.6651652e+01 9.2616407e-01 9.8582156e-01 1.0468089e+00
1.6675676e+01 9.2650293e-01 9.8640720e-01 1.0475088e+00
1.6699700e+01 9.2726216e-01 9.8711727e-01 1.0480973e+00
1.6723724e+01 9.2785728e-01 9.8771083e-01 1.0489007e+00
1.6747748e+01 9.2844598e-01 9.8844124e-01 1.0497323e+00
1.6771772e+01 9.2911606e-01 9.8920372e-01 1.0506817e+00
1.6795796e+01 9.2977442e-01 9.9016500e-01 1.0515209e+00
1.6819820e+01 9.3046590e-01 9.9089345e-01 1.0525267e+00
1.6843844e+01 9.3107104e-01 9.9184121e-01 1.0538185e+00
1.6867868e+01 9.3183090e-01 9.9272468e-01 1.0548137e+00
1.6891892e+01 9.3246137e-01 9.9365562e-01 1.0559519e+00
1.6915916e+01 9.3307402e-01 9.9446502e-01 1.0571192e+00
1.6939940e+01 9.3376956e-01 9.9539278e-01 1.0582346e+00
1.6963964e+01 9.3426954e-01 9.9622772e-01 1.0592571e+00
1.6987988e+01 9.3484556e-01 9.9692015e-01 1.0603544e+00
1.7012012e+01 9.3542833e-01 9.9775188e-01 1.0614947e+00
1.7036036e+01 9.3578226e-01 9.9830631e-01 1.0622174e+00
1.7060060e+01 9.3615313e-01 9.9890470e-01 1.0629847e+00
1.7084084e+01 9.3640253e-01 9.9923505e-01 1.0636452e+00
1.7108108e+01 9.3643862e-01 9.9971316e-01 1.0640747e+00
1.7132132e+01 9.3637951e-01 9.9990338e-01 1.0643274e+00
1.7156156e+01 9.3637082e-01 1.0000000e+00 1.0645810e+00
1.7180180e+01 9.3639897e-01 9.9995333e-01 1.0645275e+00
1.7204204e+01 9.3601336e-01 9.9980694e-01 1.0643574e+00
1.7228228e+01 9.3549216e-01 9.9946701e-01 1.0639364e+00
1.7252252e+01 9.3484150e-01 9.9904224e-01 1.0634239e+00
1.7276276e+01 9.3410855e-01 9.9822365e-01 1.0629495e+00
1.7300300e+01 9.3309445e-01 9.9731048e-01 1.0623183e+00
1.7324324e+01 9.3184868e-01 9.9606820e-01 1.0611806e+00
1.7348348e+01 9.3056954e-01 9.9476544e-01 1.0599165e+00
1.7372372e+01 9.2891930e-01 9.9325083e-01 1.0582393e+00
1.7396396e+01 9.2698901e-01 9.9125355e-01 1.0563628e+00
1.7420420e+01 9.2464136e-01 9.8913579e-01 1.0543568e+00
1.7444444e+01 9.2222625e-01 9.8670036e-01 1.0520590e+00
1.7468468e+01 9.1985310e-01 9.8405318e-01 1.0493843e+00
1.7492492e+01 9.1691448e-01 9.8116983e-01 1.0466080e+00
1.7516517e+01 9.1391094e-01 9.7803417e-01 1.0433215e+00
1.7540541e+01 9.1097473e-01 9.7479187e-01 1.0397761e+00
1.7564565e+01 9.0739403e-01 9.7108580e-01 1.0361132e+00
1.7588589e+01 9.0358630e-01 9.6710971e-01 1.0320177e+00
1.7612613e+01 8.9947445e-01 9.6291017e-01 1.0276353e+00
1.7636637e+01 8.9536907e-01 9.5851562e-01 1.0234280e+00
1.7660661e+01 8.9099312e-01 9.5403205e-01 1.0185692e+00
1.7684685e+01 8.8629151e-01 9.4926222e-01 1.0134872e+00
1.7708709e+01 8.8123076e-01 9.4415814e-01 1.0082052e+00
1.7732733e+01 8.7617828e-01 9.3895978e-01 1.0027314e+00
1.7756757e+01 8.7086677e-01 9.3341304e-01 9.9702377e-01
1.7780781e+01 8.6513144e-01 9.2757076e-01 9.9091021e-01
1.7804805e+01 8.5948304e-01 9.2153323e-01 9.8471546e-01
1.7828829e+01 8.5373518e-01 9.1534483e-01 9.7826210e-01
1.7852853e+01 8.4775984e-01 9.0895713e-01 9.7171549e-01
1.7876877e+01 8.4143683e-01 9.0250391e-01 9.6483335e-01
1.7900901e+01 8.3526434e-01 8.9587008e-01 9.5772930e-01
1.7924925e+01 8.2873670e-01 8.8896559e-01 9.5054774e-01
1.7948949e+01 8.2208832e-01 8.8187471e-01 9.4337415e-01
1.7972973e+01 8.1516444e-01 8.7469133e-01 9.3586400e-01
1.7996997e+01 8.0808579e-01 8.6744970e-01 9.2818867e-01
1.8021021e+01 8.0108809e-01 8.6020846e-01 9.2041990e-01
1.8045045e+01 7.9392040e-01 8.5262006e-01 9.1253234e-01
1.8069069e+01 7.8665183e-01 8.4499845e-01 9.0465746e-01
1.8093093e+01 7.7949577e-01 8.3739036e-01 8.9684311e-01
1.8117117e+01 7.7210766e-01 8.2971757e-01 8.8867508e-01
1.8141141e+01 7.6473192e-01 8.2196984e-01 8.8063667e-01
1.8165165e+01 7.5723922e-01 8.1411336e-01 8.7255044e-01
1.8189189e+01 7.4957349e-01 8.0638243e-01 8.6463474e-01
1.8213213e+01 7.4192244e-01 7.9856184e-01 8.5637348e-01
1.8237237e+01 7.3419595e-01 7.9080441e-01 8.4825141e-01
1.8261261e+01 7.2655829e-01 7.8295201e-01 8.4015639e-01
1.8285285e+01 7.1898944e-01 7.7489129e-01 8.3211096e-01
1.8309309e+01 7.1135280e-01 7.6697639e-01 8.2416340e-01
1.8333333e+01 7.0355381e-01 7.5906591e-01 8.1596711e-01
1.8357357e+01 6.9581046e-01 7.5108247e-01 8.0789637e-01
1.8381381e+01 6.8810595e-01 7.4318302e-01 7.9975063e-01
1.8405405e+01 6.8045528e-01 7.3537410e-01 7.9177962e-01
1.8429429e+01 6.7278733e-01 7.2747862e-01 7.8371372e-01
1.8453453e+01 6.6504023e-01 7.1964429e-01 7.7567036e-01
1.8477477e+01 6.5727709e-01 7.1183340e-01 7.6761132e-01
1.8501502e+01 6.4965487e-01 7.0410902e-01 7.5974719e-01
1.8525526e+01 6.4200318e-01 6.9636879e-01 7.5199692e-01
1.8549550e+01 6.3433221e-01 6.8874050e-01 7.4411004e-01
1.8573574e+01 6.2678382e-01 6.8103015e-01 7.3634950e-01
1.8597598e+01 6.1937403e-01 6.7341094e-01 7.2873476e-01
1.8621622e+01 6.1203822e-01 6.6586729e-01 7.2063621e-01
1.8645646e+01 6.0469740e-01 6.5827706e-01 7.1316121e-01
1.8669670e+01 5.9722312e-01 6.5090043e-01 7.0563529e-01
1.8693694e+01 5.8992768e-01 6.4338167e-01 6.9807803e-01
1.8717718e+01 5.8266079e-01 6.3593418e-01 6.9051960e-01
1.8741742e+01 5.7558768e-01 6.2868186e-01 6.8304188e-01
1.8765766e+01 5.6841554e-01 6.2133088e-01 6.7549851e-01
1.8789790e+01 5.6133662e-01 6.1415423e-01 6.6819826e-01
1.8813814e+01 5.5432269e-01 6.0689482e-01 6.6072671e-01
1.8837838e+01 5.4749528e-01 5.9974693e-01 6.5343681e-01
1.8861862e+01 5.4063173e-01 5.9264413e-01 6.4612688e-01
1.8885886e+01 5.3361631e-01 5.8550431e-01 6.3881486e-01
1.8909910e+01 5.2680204e-01 5.7852525e-01 6.3152050e-01
1.8933934e+01 5.2004222e-01 5.7151972e-01 6.2408901e-01
1.8957958e+01 5.1341613e-01 5.6466296e-01 6.1690508e-01
1.8981982e+01 5.0686240e-01 5.5783266e-01 6.0982558e-01
1.9006006e+01 5.0038964e-01 5.5110889e-01 6.0273002e-01
1.9030030e+01 4.9383443e-01 5.4431811e-01 5.9572640e-01
1.9054054e+01 4.8746208e-01 5.3752686e-01 5.8890245e-01
1.9078078e+01 4.8122616e-01 5.3099940e-01 5.8187821e-01
1.9102102e+01 4.7498091e-01 5.2430270e-01 5.7488247e-01
1.9126126e+01 4.6886396e-01 5.1774601e-01 5.6825399e-01
1.9150150e+01 4.6265916e-01 5.1107408e-01 5.6148029e-01
1.9174174e+01 4.5660896e-01 5.0458401e-01 5.5465511e-01
1.9198198e+01 4.5052577e-01 4.9831638e-01 5.4775272e-01
1.9222222e+01 4.4459974e-01 4.9220956e-01 5.4122488e-01
1.9246246e+01 4.3875906e-01 4.8600013e-01 5.3483726e-01
1.9270270e+01 4.3299545e-01 4.7995150e-01 5.2844684e-01
1.9294294e+01 4.2735474e-01 4.7387336e-01 5.2209961e-01
1.9318318e+01 4.2177565e-01 4.6791498e-01 5.1591303e-01
1.9342342e+01 4.1620472e-01 4.6199862e-01 5.0972395e-01
1.9366366e+01 4.1079308e-01 4.5612216e-01 5.0367805e-01
1.9390390e+01 4.0532184e-01 4.5053709e-01 4.9777251e-01
1.9414414e+01 4.0012056e-01 4.4483228e-01 4.9184554e-01
1.9438438e+01 3.9481787e-01 4.3944945e-01 4.8605386e-01
1.9462462e+01 3.8948163e-01 4.3399613e-01 4.8034932e-01
1.9486486e+01 3.8442210e-01 4.2863172e-01 4.7483242e-01
1.9510511e+01 3.7953191e-01 4.2350690e-01 4.6935323e-01
1.9534535e+01 3.7454416e-01 4.1830558e-01 4.6397150e-01
1.9558559e+01 3.6981665e-01 4.1320818e-01 4.5864655e-01
1.9582583e+01 3.6508874e-01 4.0822532e-01 4.5337989e-01
1.9606607e+01 3.6051497e-01 4.0343056e-01 4.4818371e-01
1.9630631e+01 3.5601831e-01 3.9868528e-01 4.4317653e-01
1.9654655e+01 3.5146155e-01 3.9389833e-01 4.3832785e-01
1.9678679e+01 3.4710827e-01 3.8934316e-01 4.3351765e-01
1.9702703e+01 3.4286952e-01 3.8482908e-01 4.2888772e-01
1.9726727e+01 3.3869873e-01 3.8057392e-01 4.2421344e-01
1.9750751e+01 3.3460503e-01 3.7633195e-01 4.1978762e-01
1.9774775e+01 3.3046713e-01 3.7217118e-01 4.1540993e-01
1.9798799e+01 3.2647685e-01 3.6797186e-01 4.1120913e-01
1.9822823e+01 3.2264626e-01 3.6389769e-01 4.0704240e-01
1.9846847e+01 3.1884489e-01 3.5991582e-01 4.0285747e-01
1.9870871e+01 3.1506523e-01 3.5600510e-01 3.9898079e-01
1.9894895e+01 3.1148270e-01 3.5214473e-01 3.9500430e-01
1.9918919e+01 3.0797553e-01 3.4845822e-01 3.9107523e-01
1.9942943e+01 3.0439645e-01 3.4481380e-01 3.8735360e-01
1.9966967e+01 3.0110995e-01 3.4125518e-01 3.8362169e-01
1.9990991e+01 2.9777260e-01 3.3781784e-01 3.7995940e-01
2.0015015e+01 2.9450452e-01 3.3447799e-01 3.7637306e-01
2.0039039e+01 2.9131272e-01 3.3106452e-01 3.7282237e-01
2.0063063e+01 2.8818487e-01 3.2769246e-01 3.6931643e-01
2.0087087e+01 2.8523722e-01 3.2458637e-01 3.6616570e-01
2.0111111e+01 2.8228748e-01 3.2146504e-01 3.6298170e-01
2.0135135e+01 2.7934944e-01 3.1846682e-01 3.5977618e-01
2.0159159e+01 2.7660898e-01 3.1560603e-01 3.5671764e-01
2.0183183e+01 2.7375980e-01 3.1261899e-01 3.5345283e-01
2.0207207e+01 2.7109601e-01 3.0977682e-01 3.5053402e-01
2.0231231e+01 2.6842248e-01 3.0702837e-01 3.4766717e-01
2.0255255e+01 2.6604272e-01 3.0429221e-01 3.4475474e-01
2.0279279e+01 2.6354029e-01 3.0170094e-01 3.4187351e-01
2.0303303e+01 2.6114074e-01 2.9905218e-01 3.3925334e-01
2.0327327e+01 2.5877940e-01 2.9647284e-01 3.3653005e-01
2.0351351e+01 2.5647011e-01 2.9410266e-01 3.3397762e-01
2.0375375e+01 2.5429146e-01 2.9177562e-01 3.3134368e-01
2.0399399e+01 2.5209272e-01 2.8946496e-01 3.2876279e-01
2.0423423e+01 2.5003920e-01 2.8724640e-01 3.2638421e-01
2.0447447e+01 2.4804411e-01 2.8509860e-01 3.2399310e-01
2.0471471e+01 2.4598914e-01 2.8297271e-01 3.2169903e-01
2.0495495e+01 2.4403400e-01 2.8087927e-01 3.1941494e-01
2.0519520e+01 2.4224031e-01 2.7893280e-01 3.1733568e-01
2.0543544e+01 2.4049255e-01 2.7698219e-01 3.1512255e-01
2.0567568e+01 2.3880692e-01 2.7503996e-01 3.1313567e-01
2.0591592e+01 2.3707285e-01 2.7322728e-01 3.1120091e-01
2.0615616e+01 2.3540185e-01 2.7141847e-01 3.0929495e-01
2.0639640e+01 2.3372564e-01 2.6959687e-01 3.0742623e-01
2.0663664e+01 2.3221690e-01 2.6789912e-01 3.0579840e-01
2.0687688e+01 2.3066540e-01 2.6627440e-01 3.0404124e-01
2.0711712e+01 2.2913239e-01 2.6464011e-01 3.0242461e-01
2.0735736e+01 2.2772831e-01 2.6304764e-01 3.0073117e-01
2.0759760e+01 2.2620648e-01 2.6148744e-01 2.9925688e-01
2.0783784e+01 2.2491718e-01 2.6006960e-01 2.9776584e-01
2.0807808e+01 2.2345810e-01 2.5866077e-01 2.9635956e-01
2.0831832e+01 2.2206716e-01 2.5728237e-01 2.9503587e-01
2.0855856e+01 2.2075759e-01 2.5593215e-01 2.9362509e-01
2.0879880e+01 2.1950461e-01 2.5468418e-01 2.9228203e-01
2.0903904e+01 2.1823933e-01 2.5352147e-01 2.9107113e-01
2.0927928e+01 2.1689710e-01 2.5219725e-01 2.8988831e-01
2.0951952e+01 2.1576835e-01 2.5097833e-01 2.8864141e-01
2.0975976e+01 2.1449568e-01 2.4981313e-01 2.8750435e-01
2.1000000e+01 2.1333605e-01 2.4861791e-01 2.8624928e-01
2.1024024e+01 2.1217911e-01 2.4751732e-01 2.8514900e-01
2.1048048e+01 2.1110819e-01 2.4632826e-01 2.8409905e-01
2.1072072e+01 2.0990841e-01 2.4516359e-01 2.8290923e-01
2.1096096e+01 2.0866411e-01 2.4398435e-01 2.8172245e-01
2.1120120e+01 2.0741559e-01 2.4286807e-01 2.8064511e-01
2.1144144e+01 2.0625078e-01 2.4165519e-01 2.7943188e-01
2.1168168e+01 2.0504049e-01 2.4045291e-01 2.7826031e-01
2.1192192e+01 2.0373281e-01 2.3931554e-01 2.7708749e-01
2.1216216e+01 2.0249453e-01 2.3814874e-01 2.7575057e-01
2.1240240e+01 2.0126642e-01 2.3686533e-01 2.7445098e-01
2.1264264e+01 1.9990043e-01 2.3551002e-01 2.7317061e-01
2.1288288e+01 1.9865360e-01 2.3416089e-01 2.7185035e-01
2.1312312e+01 1.9738865e-01 2.3281353e-01 2.7039883e-01
2.1336336e+01 1.9607327e-01 2.3136325e-01 2.6889343e-01
2.1360360e+01 1.9474136e-01 2.2995364e-01 2.6742878e-01
2.1384384e+01 1.9330402e-01 2.2846375e-01 2.6588851e-01
2.1408408e+01 1.9181586e-01 2.2689423e-01 2.6433594e-01
2.1432432e+01 1.9020875e-01 2.2536991e-01 2.6278920e-01
2.1456456e+01 1.8856458e-01 2.2374616e-01 2.6117855e-01
2.1480480e+01 1.8691706e-01 2.2207368e-01 2.5933839e-01
2.1504505e+01 1.8519715e-01 2.2034192e-01 2.5743165e-01
2.1528529e+01 1.8349565e-01 2.1855972e-01 2.5538817e-01
2.1552553e+01 1.8179787e-01 2.1667722e-01 2.5335893e-01
2.1576577e+01 1.8005591e-01 2.1481161e-01 2.5129172e-01
2.1600601e+01 1.7828308e-01 2.1281682e-01 2.4903848e-01
2.1624625e+01 1.7637112e-01 2.1065635e-01 2.4700548e-01
2.1648649e+01 1.7442498e-01 2.0851039e-01 2.4464843e-01
2.1672673e+01 1.7232160e-01 2.0629140e-01 2.4229155e-01
2.1696697e+01 1.7036801e-01 2.0401154e-01 2.3982863e-01
2.1720721e+01 1.6819355e-01 2.0162342e-01 2.3727626e-01
2.1744745e+01 1.6611066e-01 1.9926574e-01 2.3463848e-01
2.1768769e+01 1.6384853e-01 1.9674396e-01 2.3198380e-01
2.1792793e+01 1.6153629e-01 1.9425562e-01 2.2915135e-01
2.1816817e+01 1.5907736e-01 1.9171477e-01 2.2639361e-01
2.1840841e+01 1.5657765e-01 1.8909179e-01 2.2342533e-01
2.1864865e+01 1.5423078e-01 1.8645412e-01 2.2062109e-01
2.1888889e+01 1.5171370e-01 1.8369053e-01 2.1756790e-01
2.1912913e+01 1.4925894e-01 1.8091276e-01 2.1443438e-01
2.1936937e+01 1.4673199e-01 1.7811435e-01 2.1140415e-01
2.1960961e+01 1.4420777e-01 1.7529014e-01 2.0816746e-01
2.1984985e+01 1.4158681e-01 1.7244019e-01 2.0499089e-01
2.2009009e+01 1.3906906e-01 1.6943432e-01 2.0172448e-01
2.2033033e+01 1.3643304e-01 1.6642489e-01 1.9841259e-01
2.2057057e+01 1.3380373e-01 1.6340479e-01 1.9511628e-01
2.2081081e+01 1.3115716e-01 1.6038131e-01 1.9171475e-01
2.2105105e+01 1.2841535e-01 1.5731478e-01 1.8828312e-01
2.2129129e+01 1.2566036e-01 1.5423011e-01 1.8493322e-01
2.2153153e+01 1.2291463e-01 1.5114052e-01 1.8157924e-01
2.2177177e+01 1.2013210e-01 1.4805930e-01 1.7808071e-01
2.2201201e+01 1.1748010e-01 1.4498395e-01 1.7463182e-01
2.2225225e+01 1.1469410e-01 1.4190096e-01 1.7122217e-01
2.2249249e+01 1.1193140e-01 1.3879785e-01 1.6778323e-01
2.2273273e+01 1.0926397e-01 1.3575514e-01 1.6440890e-01
2.2297297e+01 1.0661255e-01 1.3265027e-01 1.6103589e-01
2.2321321e+01 1.0403333e-01 1.2961033e-01 1.5759845e-01
2.2345345e+01 1.0136055e-01 1.2663872e-01 1.5422399e-01
2.2369369e+01 9.8770880e-02 1.2366063e-01 1.5075677e-01
2.2393393e+01 9.6219922e-02 1.2060668e-01 1.4732923e-01
2.2417417e+01 9.3678777e-02 1.1761124e-01 1.4398521e-01
2.2441441e+01 9.1215770e-02 1.1467787e-01 1.4069954e-01
2.2465465e+01 8.8762395e-02 1.1184641e-01 1.3728130e-01
2.2489489e+01 8.6287846e-02 1.0905840e-01 1.3407667e-01
2.2513514e+01 8.3906147e-02 1.0621003e-01 1.3085903e-01
2.2537538e+01 8.1588824e-02 1.0348298e-01 1.2775127e-01
2.2561562e+01 7.9309199e-02 1.0078337e-01 1.2462965e-01
2.2585586e+01 7.7031588e-02 9.8148353e-02 1.2156563e-01
2.2609610e+01 7.4831257e-02 9.5603138e-02 1.1848912e-01
2.2633634e+01 7.2631252e-02 9.3087033e-02 1.1561245e-01
2.2657658e+01 7.0530470e-02 9.0597952e-02 1.1270379e-01
2.2681682e+01 6.8514969e-02 8.8203756e-02 1.0986934e-01
2.2705706e+01 6.6556582e-02 8.5800667e-02 1.0712839e-01
2.2729730e+01 6.4649199e-02 8.3521630e-02 1.0452348e-01
2.2753754e+01 6.2761715e-02 8.1282514e-02 1.0191802e-01
2.2777778e+01 6.0913693e-02 7.9114325e-02 9.9502125e-02
2.2801802e+01 5.9143694e-02 7.7013681e-02 9.7143208e-02
2.2825826e+01 5.7385686e-02 7.5008543e-02 9.4753716e-02
2.2849850e+01 5.5717685e-02 7.3091173e-02 9.2536895e-02
2.2873874e+01 5.4135504e-02 7.1206000e-02 9.0387189e-02
2.2897898e+01 5.2618654e-02 6.9419267e-02 8.8326529e-02
2.2921922e+01 5.1098685e-02 6.7698794e-02 8.6341263e-02
2.2945946e+01 4.9651762e-02 6.6011994e-02 8.4435316e-02
2.2969970e+01 4.8281882e-02 6.4421703e-02 8.2689061e-02
2.2993994e+01 4.6912502e-02 6.2895762e-02 8.0909590e-02
2.3018018e+01 4.5605597e-02 6.1451908e-02 7.9287970e-02
2.3042042e+01 4.4330198e-02 6.0057622e-02 7.7761398e-02
2.3066066e+01 4.3117807e-02 5.8730216e-02 7.6208667e-02
2.3090090e+01 4.1986029e-02 5.7437889e-02 7.4828588e-02
2.3114114e+01 4.0878570e-02 5.6212568e-02 7.3520277e-02
2.3138138e+01 3.9836405e-02 5.5074559e-02 7.2233304e-02
2.3162162e+01 3.8801414e-02 5.3919004e-02 7.0952888e-02
2.3186186e+01 3.7816262e-02 5.2811084e-02 6.9798328e-02
2.3210210e+01 3.6860701e-02 5.1765666e-02 6.8728607e-02
2.3234234e+01 3.5935035e-02 5.0797484e-02 6.7788328e-02
2.3258258e+01 3.5083210e-02 4.9884230e-02 6.6850552e-02
2.3282282e+01 3.4275001e-02 4.9005592e-02 6.5975485e-02
2.3306306e+01 3.3429228e-02 4.8151777e-02 6.5145319e-02
2.3330330e+01 3.2637987e-02 4.7371945e-02 6.4395636e-02
2.3354354e+01 3.1868478e-02 4.6607186e-02 6.3645857e-02
2.3378378e+01 3.1147958e-02 4.5898157e-02 6.2905834e-02
2.3402402e+01 3.0431119e-02 4.5197002e-02 6.2196981e-02
2.3426426e+01 2.9750380e-02 4.4504228e-02 6.1505948e-02
2.3450450e+01 2.9060253e-02 4.3846203e-02 6.0851347e-02
2.3474474e+01 2.8431890e-02 4.3214420e-02 6.0267791e-02
2.3498498e+01 2.7773192e-02 4.2570409e-02 5.9709142e-02
2.3522523e+01 2.7185109e-02 4.1960343e-02 5.9121501e-02
2.3546547e+01 2.6643452e-02 4.1382802e-02 5.8500378e-02
2.3570571e+01 2.6108910e-02 4.0814302e-02 5.7875585e-02
2.3594595e+01 2.5559595e-02 4.0181648e-02 5.7279238e-02
2.3618619e+01 2.5063451e-02 3.9606299e-02 5.6728109e-02
2.3642643e+01 2.4537620e-02 3.9036713e-02 5.6117626e-02
2.3666667e+01 2.4001359e-02 3.8447681e-02 5.5508405e-02
2.3690691e+01 2.3499840e-02 3.7886940e-02 5.4878076e-02
2.3714715e+01 2.2961600e-02 3.7317865e-02 5.4279113e-02
2.3738739e+01 2.2465001e-02 3.6731033e-02 5.3664746e-02
2.3762763e+01 2.1974280e-02 3.6168505e-02 5.2989208e-02
2.3786787e+01 2.1424960e-02 3.5605506e-02 5.2333029e-02
2.3810811e+01 2.0907527e-02 3.5040424e-02 5.1676264e-02
2.3834835e+01 2.0383024e-02 3.4459955e-02 5.0956435e-02
2.3858859e+01 1.9858367e-02 3.3861704e-02 5.0301201e-02
2.3882883e+01 1.9343276e-02 3.3292512e-02 4.9573969e-02
2.3906907e+01 1.8834436e-02 3.2686844e-02 4.8847085e-02
2.3930931e+01 1.8373627e-02 3.2063714e-02 4.8070905e-02
2.3954955e+01 1.7891913e-02 3.1431682e-02 4.7282106e-02
2.3978979e+01 1.7434840e-02 3.0757929e-02 4.6454903e-02
2.4003003e+01 1.7009881e-02 3.0076726e-02 4.5587586e-02
2.4027027e+01 1.6571343e-02 2.9406350e-02 4.4718544e-02
2.4051051e+01 1.6076645e-02 2.8717797e-02 4.3818036e-02
2.4075075e+01 1.5592239e-02 2.8023227e-02 4.2896589e-02
2.4099099e+01 1.5113125e-02 2.7292423e-02 4.1995855e-02
2.4123123e+01 1.4593615e-02 2.6576723e-02 4.1057761e-02
2.4147147e+01 1.4083302e-02 2.5861611e-02 4.0138324e-02
2.4171171e+01 1.3585974e-02 2.5140769e-02 3.9182918e-02
2.4195195e+01 1.3084486e-02 2.4435754e-02 3.8204166e-02
2.4219219e+01 1.2624804e-02 2.3714019e-02 3.7237805e-02
2.4243243e+01 1.2140477e-02 2.2989212e-02 3.6257567e-02
2.4267267e+01 1.1674730e-02 2.2261716e-02 3.5267198e-02
2.4291291e+01 1.1194962e-02 2.1527591e-02 3.4243491e-02
2.4315315e+01 1.0740086e-02 2.0804277e-02 3.3211726e-02
2.4339339e+01 1.0273505e-02 2.0075711e-02 3.2186727e-02
2.4363363e+01 9.8025604e-03 1.9333250e-02 3.1170896e-02
2.4387387e+01 9.3650679e-03 1.8609555e-02 3.0200157e-02
2.4411411e+01 8.9358429e-03 1.7882449e-02 2.9178445e-02
2.4435435e+01 8.5132550e-03 1.7185417e-02 2.8171973e-02
2.4459459e+01 8.1225467e-03 1.6489326e-02 2.7172447e-02
2.4483483e+01 7.7292750e-03 1.5781019e-02 2.6171273e-02
2.4507508e+01 7.3526485e-03 1.5104641e-02 2.5184192e-02
2.4531532e+01 6.9843041e-03 1.4441362e-02 2.4199633e-02
2.4555556e+01 6.6288724e-03 1.3795151e-02 2.3222847e-02
2.4579580e+01 6.2714506e-03 1.3155989e-02 2.2256460e-02
2.4603604e+01 5.9315347e-03 1.2522978e-02 2.1308162e-02
2.4627628e+01 5.5992470e-03 1.1922454e-02 2.0400833e-02
2.4651652e+01 5.2801598e-03 1.1332477e-02 1.9515696e-02
2.4675676e+01 4.9643359e-03 1.0764916e-02 1.8625898e-02
2.4699700e+01 4.6715943e-03 1.0200640e-02 1.7771963e-02
2.4723724e+01 4.3820559e-03 9.6554917e-03 1.6926317e-02
2.4747748e+01 4.1098239e-03 9.1340625e-03 1.6082320e-02
2.4771772e+01 3.8400950e-03 8.6181982e-03 1.5276673e-02
2.4795796e+01 3.5849571e-03 8.1200379e-03 1.4493896e-02
2.4819820e+01 3.3481368e-03 7.6531141e-03 1.3746493e-02
2.4843844e+01 3.1239717e-03 7.1997063e-03 1.3017206e-02
2.4867868e+01 2.8960864e-03 6.7663890e-03 1.2302232e-02
2.4891892e+01 2.6891735e-03 6.3457889e-03 1.1618154e-02
2.4915916e+01 2.4933211e-03 5.9476854e-03 1.0941415e-02
2.4939940e+01 2.3078679e-03 5.5650759e-03 1.0297301e-02
2.4963964e+01 2.1349701e-03 5.1979243e-03 9.6879375e-03
2.4987988e+01 1.9703635e-03 4.8557111e-03 9.0926504e-03
2.5012012e+01 1.8151162e-03 4.5253835e-03 8.5282006e-03
2.5036036e+01 1.6721915e-03 4.2113741e-03 7.9967424e-03
2.5060060e+01 1.5376472e-03 3.9152228e-03 7.4889649e-03
2.5084084e+01 1.4114769e-03 3.6324302e-03 7.0087424e-03
2.5108108e+01 1.2922100e-03 3.3641426e-03 6.5439734e-03
2.5132132e+01 1.1832390e-03 3.1114924e-03 6.0994944e-03
2.5156156e+01 1.0831384e-03 2.8751254e-03 5.6787779e-03
2.5180180e+01 9.8805020e-04 2.6538480e-03 5.2806377e-03
2.5204204e+01 8.9917270e-04 2.4451448e-03 4.9040062e-03
2.5228228e+01 8.1662490e-04 2.2519456e-03 4.5509200e-03
2.5252252e+01 7.4257918e-04 2.0670550e-03 4.2137548e-03
2.5276276e+01 6.7314909e-04 1.8963680e-03 3.9014080e-03
2.5300300e+01 6.1010381e-04 1.7364555e-03 3.6064514e-03
2.5324324e+01 5.5150440e-04 1.5903335e-03 3.3282890e-03
2.5348348e+01 4.9739145e-04 1.4540563e-03 3.0681901e-03
2.5372372e+01 4.4889656e-04 1.3265196e-03 2.8227724e-03
2.5396396e+01 4.0442792e-04 1.2087378e-03 2.5965541e-03
2.5420420e+01 3.6412212e-04 1.0994738e-03 2.3847713e-03
2.5444444e+01 3.2739383e-04 9.9930464e-04 2.1829617e-03
2.5468468e+01 2.9329477e-04 9.0634771e-04 1.9978647e-03
2.5492492e+01 2.6256774e-04 8.2076511e-04 1.8267849e-03
2.5516517e+01 2.3429415e-04 7.4212995e-04 1.6686260e-03
2.5540541e+01 2.0913666e-04 6.7048296e-04 1.5223963e-03
2.5564565e+01 1.8633998e-04 6.0549815e-04 1.3883450e-03
2.5588589e+01 1.6578636e-04 5.4480696e-04 1.2627356e-03
2.5612613e+01 1.4733894e-04 4.9020663e-04 1.1480421e-03
2.5636637e+01 1.3086125e-04 4.4047400e-04 1.0412880e-03
2.5660661e+01 1.1578731e-04 3.9505134e-04 9.4148490e-04
2.5684685e+01 1.0223366e-04 3.5386126e-04 8.5206153e-04
2.5708709e+01 9.0276517e-05 3.1618326e-04 7.6984730e-04
2.5732733e+01 7.9526937e-05 2.8216157e-04 6.9460378e-04
2.5756757e+01 6.9902348e-05 2.5165077e-04 6.2510102e-04
2.5780781e+01 6.1527475e-05 2.2412176e-04 5.6198270e-04
2.5804805e+01 5.3995037e-05 1.9935954e-04 5.0526756e-04
2.5828829e+01 4.7274681e-05 1.7702214e-04 4.5329432e-04
2.5852853e+01 4.1410299e-05 1.5686967e-04 4.0597017e-04
2.5876877e+01 3.6153079e-05 1.3866562e-04 3.6317079e-04
2.5900901e+01 3.1516787e-05 1.2250639e-04 3.2441181e-04
2.5924925e+01 2.7416285e-05 1.0809434e-04 2.8944013e-04
2.5948949e+01 2.3842073e-05 9.5205035e-05 2.5812150e-04
2.5972973e+01 2.0709428e-05 8.3765618e-05 2.3004299e-04
2.5996997e+01 1.7944800e-05 7.3564456e-05 2.0439916e-04
2.6021021e+01 1.5530370e-05 6.4572438e-05 1.8129532e-04
2.6045045e+01 1.3449406e-05 5.6600170e-05 1.6047540e-04
2.6069069e+01 1.1613799e-05 4.9546455e-05 1.4198895e-04
2.6093093e+01 1.0017791e-05 4.3347773e-05 1.2540444e-04
2.6117117e+01 8.6251021e-06 3.7821479e-05 1.1069714e-04
2.6141141e+01 7.4162751e-06 3.2933230e-05 9.7417576e-05
2.6165165e+01 6.3715538e-06 2.8683785e-05 8.5585909e-05
2.6189189e+01 5.4599019e-06 2.4893862e-05 7.5207712e-05
2.6213213e+01 4.6690050e-06 2.1572543e-05 6.6016628e-05
2.6237237e+01 3.9935085e-06 1.8671327e-05 5.7769323e-05
2.6261261e+01 3.4058673e-06 1.6143382e-05 5.0440756e-05
2.6285285e+01 2.9025889e-06 1.3943350e-05 4.4013852e-05
2.6309309e+01 2.4698598e-06 1.2027298e-05 3.8395952e-05
2.6333333e+01 2.0949341e-06 1.0354881e-05 3.3471038e-05
2.6357357e+01 1.7781417e-06 8.9017841e-06 2.9088829e-05
2.6381381e+01 1.5096824e-06 7.6262036e-06 2.5250516e-05
2.6405405e+01 1.2794458e-06 6.5320466e-06 2.1896494e-05
2.6429429e+01 1.0810690e-06 5.5927831e-06 1.8974089e-05
2.6453453e+01 9.1008419e-07 4.7794793e-06 1.6388312e-05
2.6477477e+01 7.6719179e-07 4.0807763e-06 1.4131371e-05
2.6501502e+01 6.4515944e-07 3.4760642e-06 1.2166411e-05
2.6525526e+01 5.4124078e-07 2.9569815e-06 1.0470610e-05
2.6549550e+01 4.5338456e-07 2.5113825e-06 9.0002394e-06
2.6573574e+01 3.7937611e-07 2.1326606e-06 7.7327049e-06
2.6597598e+01 3.1723704e-07 1.8076894e-06 6.6291518e-06
2.6621622e+01 2.6442461e-07 1.5306757e-06 5.6754705e-06
2.6645646e+01 2.2017356e-07 1.2917005e-06 4.8468644e-06
2.6669670e+01 1.8287097e-07 1.0893506e-06 4.1386004e-06
2.6693694e+01 1.5184649e-07 9.1863547e-07 3.5251917e-06
2.6717718e+01 1.2597315e-07 7.7283566e-07 2.9989131e-06
2.6741742e+01 1.0440099e-07 6.4985781e-07 2.5497634e-06
2.6765766e+01 8.6256458e-08 5.4552025e-07 2.1661411e-06
2.6789790e+01 7.1140059e-08 4.5730471e-07 1.8344080e-06
2.6813814e+01 5.8585551e-08 3.8284330e-07 1.5536602e-06
2.6837838e+01 4.8296862e-08 3.1988606e-07 1.3114473e-06
2.6861862e+01 3.9686363e-08 2.6687375e-07 1.1074339e-06
2.6885886e+01 3.2491311e-08 2.2229779e-07 9.3320764e-07
2.6909910e+01 2.6705177e-08 1.8487833e-07 7.8510760e-07
2.6933934e+01 2.1879969e-08 1.5340894e-07 6.5924821e-07
2.6957958e+01 1.7856051e-08 1.2715642e-07 5.5344150e-07
2.6981982e+01 1.4564112e-08 1.0511134e-07 4.6324983e-07
2.7006006e+01 1.1875294e-08 8.6882582e-08 3.8753635e-07
2.7030030e+01 9.6661397e-09 7.1633021e-08 3.2377961e-07
2.7054054e+01 7.8486963e-09 5.9075184e-08 2.7024893e-07
2.7078078e+01 6.3563260e-09 4.8614747e-08 2.2499511e-07
2.7102102e+01 5.1487811e-09 3.9933930e-08 1.8693490e-07
2.7126126e+01 4.1614070e-09 3.2756629e-08 1.5511616e-07
2.7150150e+01 3.3587334e-09 2.6858302e-08 1.2849169e-07
2.7174174e+01 2.7092767e-09 2.1967098e-08 1.0645284e-07
2.7198198e+01 2.1791376e-09 1.7965737e-08 8.8003577e-08
2.7222222e+01 1.7546717e-09 1.4668101e-08 7.2559333e-08
2.7246246e+01 1.4087607e-09 1.1950954e-08 5.9862071e-08
2.7270270e+01 1.1285105e-09 9.7080590e-09 4.9261368e-08
2.7294294e+01 9.0302629e-10 7.8837315e-09 4.0451887e-08
2.7318318e+01 7.2080836e-10 6.3926457e-09 3.3190366e-08
2.7342342e+01 5.7501401e-10 5.1738453e-09 2.7193310e-08
2.7366366e+01 4.5818105e-10 4.1782088e-09 2.2222944e-08
2.7390390e+01 3.6445221e-10 3.3708698e-09 1.8182471e-08
2.7414414e+01 2.8953806e-10 2.7215484e-09 1.4843920e-08
2.7438438e+01 2.2961102e-10 2.1879313e-09 1.2091527e-08
2.7462462e+01 1.8188135e-10 1.7573330e-09 9.8201950e-09
2.7486486e+01 1.4376175e-10 1.4080822e-09 7.9692211e-09
2.7510511e+01 1.1354252e-10 1.1277976e-09 6.4706316e-09
2.7534535e+01 8.9528388e-11 9.0318159e-10 5.2329852e-09
2.7558559e+01 7.0494907e-11 7.2161264e-10 4.2298890e-09
2.7582583e+01 5.5415499e-11 5.7569929e-10 3.4179292e-09
2.7606607e+01 4.3505998e-11 4.5860322e-10 2.7567698e-09
2.7630631e+01 3.4112668e-11 3.6440563e-10 2.2172101e-09
2.7654655e+01 2.6758911e-11 2.8918315e-10 1.7807916e-09
2.7678679e+01 2.0938005e-11 2.2945486e-10 1.4309011e-09
2.7702703e+01 1.6361039e-11 1.8150493e-10 1.1470750e-09
2.7726727e+01 1.2752362e-11 1.4351584e-10 9.1725100e-10
2.7750751e+01 9.9230165e-12 1.1313493e-10 7.3319316e-10
2.7774775e+01 7.7151049e-12 8.9275133e-11 5.8501145e-10
2.7798799e+01 5.9919175e-12 7.0282107e-11 4.6573623e-10
2.7822823e+01 4.6453919e-12 5.5245709e-11 3.7071605e-10
2.7846847e+01 3.5926721e-12 4.3317342e-11 2.9453247e-10
2.7870871e+01 2.7763980e-12 3.3927523e-11 2.3345402e-10
2.7894895e+01 2.1427206e-12 2.6572692e-11 1.8492461e-10
2.7918919e+01 1.6486466e-12 2.0757501e-11 1.4614392e-10
2.7942943e+01 1.2657067e-12 1.6180009e-11 1.1559574e-10
2.7966967e+01 9.7229398e-13 1.2594256e-11 9.1034055e-11
2.7990991e+01 7.4466426e-13 9.8057158e-12 7.1723574e-11
2.8015015e+01 5.7025578e-13 7.6100014e-12 5.6387007e-11
2.8039039e+01 4.3601667e-13 5.8983839e-12 4.4299398e-11
2.8063063e+01 3.3332470e-13 4.5632271e-12 3.4721115e-11
2.8087087e+01 2.5382757e-13 3.5255353e-12 2.7149197e-11
2.8111111e+01 1.9328752e-13 2.7223978e-12 2.1172877e-11
2.8135135e+01 1.4677846e-13 2.1001902e-12 1.6536427e-11
2.8159159e+01 1.1141565e-13 1.6189973e-12 1.2876789e-11
2.8183183e+01 8.4372602e-14 1.2442097e-12 1.0019683e-11
2.8207207e+01 6.3763318e-14 9.5588194e-13 7.7853324e-12
2.8231231e+01 4.8128055e-14 7.3289415e-13 6.0381319e-12
2.8255255e+01 3.6319564e-14 5.6021990e-13 4.6746305e-12
2.8279279e+01 2.7369001e-14 4.2793343e-13 3.6148776e-12
2.8303303e+01 2.0573354e-14 3.2651188e-13 2.7908540e-12
2.8327327e+01 1.5433677e-14 2.4866005e-13 2.1508733e-12
2.8351351e+01 1.1561122e-14 1.8911036e-13 1.6573029e-12
2.8375375e+01 8.6469202e-15 1.4373469e-13 1.2746084e-12
2.8399399e+01 6.4771615e-15 1.0916364e-13 9.7990961e-13
2.8423423e+01 4.8366142e-15 8.2680299e-14 7.5113428e-13
2.8447447e+01 3.5993903e-15 6.2520334e-14 5.7575655e-13
2.8471471e+01 2.6794925e-15 4.7209147e-14 4.4046726e-13
2.8495495e+01 1.9933276e-15 3.5590027e-14 3.3611921e-13
2.8519520e+01 1.4789237e-15 2.6760419e-14 2.5612687e-13
2.8543544e+01 1.0950113e-15 2.0111939e-14 1.9493975e-13
2.8567568e+01 8.0940513e-16 1.5092433e-14 1.4801258e-13
2.8591592e+01 5.9861970e-16 1.1319683e-14 1.1228334e-13
2.8615616e+01 4.4118415e-16 8.4665331e-15 8.5107184e-14
2.8639640e+01 3.2518630e-16 6.3265145e-15 6.4506508e-14
2.8663664e+01 2.3917993e-16 4.7219623e-15 4.8716335e-14
2.8687688e+01 1.7550776e-16 3.5182268e-15 3.6727279e-14
2.8711712e+01 1.2860919e-16 2.6154880e-15 2.7673876e-14
2.8735736e+01 9.3996496e-17 1.9412582e-15 2.0827780e-14
2.8759760e+01 6.8688065e-17 1.4401143e-15 1.5664503e-14
2.8783784e+01 5.0159068e-17 1.0647413e-15 1.1733962e-14
2.8807808e+01 3.6578941e-17 7.8781225e-16 8.7779394e-15
2.8831832e+01 2.6606452e-17 5.8216884e-16 6.5719536e-15
2.8855856e+01 1.9317232e-17 4.2861112e-16 4.8989893e-15
2.8879880e+01 1.4006748e-17 3.1533895e-16 3.6492501e-15
2.8903904e+01 1.0147212e-17 2.3179585e-16 2.7155192e-15
2.8927928e+01 7.3437410e-18 1.6988211e-16 2.0173622e-15
2.8951952e+01 5.3037394e-18 1.2449053e-16 1.4973566e-15
2.8975976e+01 3.8268678e-18 9.1116377e-17 1.1097654e-15
2.9000000e+01 2.7559834e-18 6.6569902e-17 8.2073444e-16
