X KDE_INF KDE_MED KDE_SUP
-3.0000000e+00 4.7742908e-03 1.4322872e-02 2.8645745e-02
-2.9949950e+00 4.7729837e-03 1.4318951e-02 2.8637902e-02
-2.9899900e+00 4.7690647e-03 1.4307194e-02 2.8614388e-02
-2.9849850e+00 4.7625400e-03 1.4287620e-02 2.8575240e-02
-2.9799800e+00 4.7534206e-03 1.4260262e-02 2.8520524e-02
-2.9749750e+00 4.7417212e-03 1.4225164e-02 2.8450327e-02
-2.9699700e+00 4.7274611e-03 1.4182383e-02 2.8364767e-02
-2.9649650e+00 4.7106635e-03 1.4131990e-02 2.8263981e-02
-2.9599600e+00 4.6913558e-03 1.4074067e-02 2.8148135e-02
-2.9549550e+00 4.6695694e-03 1.4008708e-02 2.8017416e-02
-2.9499499e+00 4.6453396e-03 1.3936019e-02 2.7872038e-02
-2.9449449e+00 4.6187055e-03 1.3856117e-02 2.7712233e-02
-2.9399399e+00 4.5897101e-03 1.3769130e-02 2.7538260e-02
-2.9349349e+00 4.5583997e-03 1.3675199e-02 2.7350398e-02
-2.9299299e+00 4.5248244e-03 1.3574473e-02 2.7148946e-02
-2.9249249e+00 4.4890374e-03 1.3467112e-02 2.6934224e-02
-2.9199199e+00 4.4510952e-03 1.3353286e-02 2.6706571e-02
-2.9149149e+00 4.4110576e-03 1.3233173e-02 2.6466345e-02
-2.9099099e+00 4.3689868e-03 1.3106960e-02 2.6213921e-02
-2.9049049e+00 4.3249483e-03 1.2974845e-02 2.5949690e-02
-2.8998999e+00 4.2790097e-03 1.2837029e-02 2.5674058e-02
-2.8948949e+00 4.2312413e-03 1.2693724e-02 2.5387448e-02
-2.8898899e+00 4.1817156e-03 1.2545147e-02 2.5090294e-02
-2.8848849e+00 4.1305070e-03 1.2391521e-02 2.4783042e-02
-2.8798799e+00 4.0776919e-03 1.2233076e-02 2.4466151e-02
-2.8748749e+00 4.0233482e-03 1.2070045e-02 2.4140089e-02
-2.8698699e+00 3.9675555e-03 1.1902667e-02 2.3805333e-02
-2.8648649e+00 3.9103945e-03 1.1731183e-02 2.3462367e-02
-2.8598599e+00 3.8519470e-03 1.1555841e-02 2.3111682e-02
-2.8548549e+00 3.7922958e-03 1.1376887e-02 2.2753775e-02
-2.8498498e+00 3.7315243e-03 1.1194573e-02 2.2389146e-02
-2.8448448e+00 3.6697166e-03 1.1009150e-02 2.2018300e-02
-2.8398398e+00 3.6069568e-03 1.0820870e-02 2.1641741e-02
-2.8348348e+00 3.5433295e-03 1.0629988e-02 2.1259977e-02
-2.8298298e+00 3.4789188e-03 1.0436757e-02 2.0873513e-02
-2.8248248e+00 3.4138091e-03 1.0241427e-02 2.0482855e-02
-2.8198198e+00 3.3480839e-03 1.0044252e-02 2.0088504e-02
-2.8148148e+00 3.2818265e-03 9.8454795e-03 1.9690959e-02
-2.8098098e+00 3.2151191e-03 9.6453574e-03 1.9290715e-02
-2.8048048e+00 3.1480433e-03 9.4441298e-03 1.8888260e-02
-2.7997998e+00 3.0806793e-03 9.2420378e-03 1.8484076e-02
-2.7947948e+00 3.0131063e-03 9.0393189e-03 1.8078638e-02
-2.7897898e+00 2.9454021e-03 8.8362063e-03 1.7672413e-02
-2.7847848e+00 2.8776429e-03 8.6329288e-03 1.7265858e-02
-2.7797798e+00 2.8099034e-03 8.4297102e-03 1.6859420e-02
-2.7747748e+00 2.7422563e-03 8.2267689e-03 1.6453538e-02
-2.7697698e+00 2.6747726e-03 8.0243179e-03 1.6048636e-02
-2.7647648e+00 2.6075213e-03 7.8225640e-03 1.5645128e-02
-2.7597598e+00 2.5405693e-03 7.6217079e-03 1.5243416e-02
-2.7547548e+00 2.4739811e-03 7.4219435e-03 1.4843887e-02
-2.7497497e+00 2.4078193e-03 7.2234581e-03 1.4446916e-02
-2.7447447e+00 2.3421440e-03 7.0264320e-03 1.4052864e-02
-2.7397397e+00 2.2770127e-03 6.8310382e-03 1.3662076e-02
-2.7347347e+00 2.2124806e-03 6.6374422e-03 1.3274884e-02
-2.7297297e+00 2.1486005e-03 6.4458020e-03 1.2891603e-02
-2.7247247e+00 2.0854225e-03 6.2562680e-03 1.2512535e-02
-2.7197197e+00 2.0229941e-03 6.0689827e-03 1.2137964e-02
-2.7147147e+00 1.9613601e-03 5.8840809e-03 1.1768160e-02
-2.7097097e+00 1.9005628e-03 5.7016893e-03 1.1403376e-02
-2.7047047e+00 1.8406418e-03 5.5219267e-03 1.1043851e-02
-2.6996997e+00 1.7816341e-03 5.3449040e-03 1.0689805e-02
-2.6946947e+00 1.7235740e-03 5.1707240e-03 1.0341444e-02
-2.6896897e+00 1.6664931e-03 4.9994818e-03 9.9989582e-03
-2.6846847e+00 1.6104204e-03 4.8312647e-03 9.6625222e-03
-2.6796797e+00 1.5553825e-03 4.6661525e-03 9.3322945e-03
-2.6746747e+00 1.5014031e-03 4.5042161e-03 9.0084184e-03
-2.6696697e+00 1.4485036e-03 4.3455197e-03 8.6910221e-03
-2.6646647e+00 1.3967029e-03 4.1901204e-03 8.3802191e-03
-2.6596597e+00 1.3460173e-03 4.0380679e-03 8.0761080e-03
-2.6546547e+00 1.2964610e-03 3.8894041e-03 7.7787748e-03
-2.6496496e+00 1.2480455e-03 3.7441646e-03 7.4882947e-03
-2.6446446e+00 1.2007803e-03 3.6023761e-03 7.2047323e-03
-2.6396396e+00 1.1546727e-03 3.4640656e-03 6.9281945e-03
-2.6346346e+00 1.1097276e-03 3.3292455e-03 6.6587064e-03
-2.6296296e+00 1.0659482e-03 3.1979431e-03 6.3963935e-03
-2.6246246e+00 1.0233353e-03 3.0701340e-03 6.1414738e-03
-2.6196196e+00 9.8188810e-04 2.9458352e-03 5.8951343e-03
-2.6146146e+00 9.4160386e-04 2.8250292e-03 5.6627995e-03
-2.6096096e+00 9.0247805e-04 2.7077212e-03 5.4471114e-03
-2.6046046e+00 8.6450454e-04 2.5938903e-03 5.2569879e-03
-2.5995996e+00 8.2767554e-04 2.4835467e-03 5.1054150e-03
-2.5945946e+00 7.9198175e-04 2.3766566e-03 4.9982233e-03
-2.5895896e+00 7.5741239e-04 2.2731144e-03 4.8931737e-03
-2.5845846e+00 7.2395551e-04 2.1730121e-03 4.7848255e-03
-2.5795796e+00 6.9159779e-04 2.0763230e-03 4.7292003e-03
-2.5745746e+00 6.6032479e-04 1.9829479e-03 4.6222491e-03
-2.5695696e+00 6.3012088e-04 1.8930545e-03 4.4108172e-03
-2.5645646e+00 6.0097011e-04 1.8067141e-03 4.2067522e-03
-2.5595596e+00 5.7285418e-04 1.7233763e-03 4.0099318e-03
-2.5545546e+00 5.4575491e-04 1.6441048e-03 3.8202274e-03
-2.5495495e+00 5.1965323e-04 1.5688752e-03 3.6375052e-03
-2.5445445e+00 4.9452953e-04 1.4973221e-03 3.4616268e-03
-2.5395395e+00 4.7036328e-04 1.4292630e-03 3.2924500e-03
-2.5345345e+00 4.4713378e-04 1.3648627e-03 3.1298321e-03
-2.5295295e+00 4.2482040e-04 1.3053672e-03 2.9736426e-03
-2.5245245e+00 4.0339953e-04 1.2521515e-03 2.8238133e-03
-2.5195195e+00 3.8285084e-04 1.2039749e-03 2.6807325e-03
-2.5145145e+00 3.6315112e-04 1.1637516e-03 2.5474361e-03
-2.5095095e+00 3.4427811e-04 1.1274111e-03 2.4323232e-03
-2.5045045e+00 3.2621044e-04 1.0957471e-03 2.3474347e-03
-2.4994995e+00 3.0892351e-04 1.0732894e-03 2.2899282e-03
-2.4944945e+00 2.9239412e-04 1.0492993e-03 2.2470165e-03
-2.4894895e+00 2.7660256e-04 1.0282080e-03 2.2121661e-03
-2.4844845e+00 2.6152703e-04 1.0070901e-03 2.0914157e-03
-2.4794795e+00 2.4713808e-04 9.8808696e-04 1.9761741e-03
-2.4744745e+00 2.3342298e-04 9.3312998e-04 1.8662628e-03
-2.4694695e+00 2.2034790e-04 8.8074725e-04 1.7615317e-03
-2.4644645e+00 2.0790276e-04 8.3084998e-04 1.6622920e-03
-2.4594595e+00 1.9607077e-04 7.8335047e-04 1.5821007e-03
-2.4544545e+00 1.8483943e-04 7.3816215e-04 1.5377623e-03
-2.4494494e+00 1.7417131e-04 6.9519977e-04 1.5199855e-03
-2.4444444e+00 1.6405950e-04 6.5437942e-04 1.4723537e-03
-2.4394394e+00 1.5443773e-04 6.1561875e-04 1.3851507e-03
-2.4344344e+00 1.4532559e-04 5.7883693e-04 1.3107041e-03
-2.4294294e+00 1.3672549e-04 5.4395487e-04 1.2821822e-03
-2.4244244e+00 1.2859002e-04 5.1089512e-04 1.2720298e-03
-2.4194194e+00 1.2092354e-04 4.7958205e-04 1.2036279e-03
-2.4144144e+00 1.1372478e-04 4.4994214e-04 1.1796111e-03
-2.4094094e+00 1.0705263e-04 4.2190349e-04 1.1602276e-03
-2.4044044e+00 1.0074175e-04 3.9539668e-04 1.1288432e-03
-2.3993994e+00 9.4816180e-05 3.7035483e-04 1.1119523e-03
-2.3943944e+00 8.9457522e-05 3.4671269e-04 1.1069180e-03
-2.3893894e+00 8.4403984e-05 3.2441252e-04 1.0977801e-03
-2.3843844e+00 7.9687696e-05 3.0339162e-04 1.1019089e-03
-2.3793794e+00 7.5375865e-05 2.8360801e-04 1.1070842e-03
-2.3743744e+00 7.1651943e-05 2.6502153e-04 1.1235212e-03
-2.3693694e+00 6.8014933e-05 2.4761002e-04 1.1313968e-03
-2.3643644e+00 6.4940753e-05 2.3143792e-04 1.1534383e-03
-2.3593594e+00 6.2221246e-05 2.1655093e-04 1.1771504e-03
-2.3543544e+00 6.0176797e-05 2.0304767e-04 1.2038200e-03
-2.3493493e+00 5.8253027e-05 1.9173290e-04 1.2230737e-03
-2.3443443e+00 5.6892353e-05 1.8180452e-04 1.2500440e-03
-2.3393393e+00 5.5929603e-05 1.7516297e-04 1.2788325e-03
-2.3343343e+00 5.5457339e-05 1.7013533e-04 1.2969115e-03
-2.3293293e+00 5.4930481e-05 1.6553920e-04 1.3229146e-03
-2.3243243e+00 5.4845367e-05 1.6212594e-04 1.3512033e-03
-2.3193193e+00 5.6132087e-05 1.5081549e-04 1.3875534e-03
-2.3143143e+00 5.5981205e-05 1.3995341e-04 1.4215347e-03
-2.3093093e+00 5.1920756e-05 1.2980344e-04 1.4542371e-03
-2.3043043e+00 4.8128468e-05 1.2032756e-04 1.4908688e-03
-2.2992993e+00 4.4588788e-05 1.1149823e-04 1.5286943e-03
-2.2942943e+00 4.1286871e-05 1.0331893e-04 1.5632843e-03
-2.2892893e+00 3.8208674e-05 9.5828013e-05 1.5957035e-03
-2.2842843e+00 3.5340814e-05 8.9415764e-05 1.6323611e-03
-2.2792793e+00 3.2670750e-05 8.4245083e-05 1.6794160e-03
-2.2742743e+00 3.0186410e-05 8.0591684e-05 1.7200428e-03
-2.2692693e+00 2.7876810e-05 7.7882625e-05 1.7696038e-03
-2.2642643e+00 2.5731119e-05 7.6260094e-05 1.8120451e-03
-2.2592593e+00 2.3738580e-05 7.1182754e-05 1.8593756e-03
-2.2542543e+00 2.1891257e-05 6.5633712e-05 1.8968507e-03
-2.2492492e+00 2.0181990e-05 6.0574841e-05 1.9405735e-03
-2.2442442e+00 1.8603810e-05 5.6274966e-05 1.9837953e-03
-2.2392392e+00 1.7145843e-05 5.3705541e-05 2.0322318e-03
-2.2342342e+00 1.5805247e-05 5.2314865e-05 2.0699135e-03
-2.2292292e+00 1.4580481e-05 5.0564843e-05 2.1246358e-03
-2.2242242e+00 1.3459065e-05 4.6560617e-05 2.1796922e-03
-2.2192192e+00 1.2455729e-05 4.3734058e-05 2.2291144e-03
-2.2142142e+00 1.1556444e-05 4.2248758e-05 2.2833075e-03
-2.2092092e+00 1.0773195e-05 4.1064283e-05 2.3331438e-03
-2.2042042e+00 1.0161099e-05 3.8581838e-05 2.3934069e-03
-2.1991992e+00 9.6559719e-06 3.7692624e-05 2.4464478e-03
-2.1941942e+00 9.3247225e-06 3.6023744e-05 2.4907560e-03
-2.1891892e+00 9.1033915e-06 3.5582262e-05 2.5507970e-03
-2.1841842e+00 8.8863079e-06 3.4795977e-05 2.6060168e-03
-2.1791792e+00 8.8696324e-06 3.4750194e-05 2.6584228e-03
-2.1741742e+00 8.2916272e-06 3.5203342e-05 2.7229084e-03
-2.1691692e+00 7.5765513e-06 3.5790297e-05 2.7819542e-03
-2.1641642e+00 6.9240427e-06 3.6707377e-05 2.8389272e-03
-2.1591592e+00 6.3370539e-06 3.7939555e-05 2.8915626e-03
-2.1541542e+00 5.8181018e-06 3.9594327e-05 2.9422820e-03
-2.1491491e+00 5.3582315e-06 4.1499155e-05 2.9943452e-03
-2.1441441e+00 4.9685669e-06 4.3577387e-05 3.0538714e-03
-2.1391391e+00 4.6840324e-06 4.5898682e-05 3.1110151e-03
-2.1341341e+00 4.4509354e-06 4.8503298e-05 3.1774110e-03
-2.1291291e+00 4.3070054e-06 5.1181027e-05 3.2283360e-03
-2.1241241e+00 4.2174111e-06 5.4323604e-05 3.2827608e-03
-2.1191191e+00 3.9643155e-06 5.7974180e-05 3.3440832e-03
-2.1141141e+00 3.6359086e-06 6.1659524e-05 3.4064583e-03
-2.1091091e+00 3.3806986e-06 6.5491719e-05 3.4601772e-03
-2.1041041e+00 3.2061777e-06 6.9797181e-05 3.5130397e-03
-2.0990991e+00 3.1100884e-06 7.4484800e-05 3.5625459e-03
-2.0940941e+00 3.0350287e-06 7.9247214e-05 3.6132294e-03
-2.0890891e+00 2.7994316e-06 8.4373860e-05 3.6751396e-03
-2.0840841e+00 2.6454756e-06 8.9878448e-05 3.7386102e-03
-2.0790791e+00 2.5478698e-06 9.5798416e-05 3.7891493e-03
-2.0740741e+00 2.4544191e-06 1.0208902e-04 3.8512360e-03
-2.0690691e+00 2.3244049e-06 1.0830287e-04 3.8991126e-03
-2.0640641e+00 2.2751193e-06 1.1523418e-04 3.9452325e-03
-2.0590591e+00 2.1782112e-06 1.2262614e-04 3.9860862e-03
-2.0540541e+00 2.1281159e-06 1.3041683e-04 4.0388542e-03
-2.0490490e+00 2.0940458e-06 1.3844175e-04 4.0921135e-03
-2.0440440e+00 2.0806314e-06 1.4676871e-04 4.1354017e-03
-2.0390390e+00 2.0918714e-06 1.5576572e-04 4.1828506e-03
-2.0340340e+00 2.1297561e-06 1.6556100e-04 4.2437754e-03
-2.0290290e+00 2.1912880e-06 1.7545434e-04 4.2817602e-03
-2.0240240e+00 2.2757451e-06 1.8652859e-04 4.3341451e-03
-2.0190190e+00 2.3927079e-06 1.9690130e-04 4.3806630e-03
-2.0140140e+00 2.5461996e-06 2.0943323e-04 4.4186429e-03
-2.0090090e+00 2.7135888e-06 2.2189364e-04 4.4616635e-03
-2.0040040e+00 2.9123273e-06 2.3466361e-04 4.5072185e-03
-1.9989990e+00 3.1354701e-06 2.4785296e-04 4.5394748e-03
-1.9939940e+00 3.3808134e-06 2.6230930e-04 4.5734479e-03
-1.9889890e+00 3.6588995e-06 2.7745174e-04 4.6117573e-03
-1.9839840e+00 3.9683645e-06 2.9218433e-04 4.6460146e-03
-1.9789790e+00 4.3099289e-06 3.0816035e-04 4.6693017e-03
-1.9739740e+00 4.6826355e-06 3.2526427e-04 4.6980572e-03
-1.9689690e+00 5.0958766e-06 3.4307904e-04 4.7206433e-03
-1.9639640e+00 5.5371517e-06 3.6146119e-04 4.7438112e-03
-1.9589590e+00 6.0233968e-06 3.7960615e-04 4.7643644e-03
-1.9539540e+00 6.5563964e-06 3.9996686e-04 4.7789416e-03
-1.9489489e+00 7.1413174e-06 4.2172120e-04 4.8081987e-03
-1.9439439e+00 7.8004018e-06 4.4593237e-04 4.8479651e-03
-1.9389389e+00 8.5097032e-06 4.6964617e-04 4.8967421e-03
-1.9339339e+00 9.2658827e-06 4.9581401e-04 4.9590785e-03
-1.9289289e+00 1.0095979e-05 5.2232916e-04 5.0223400e-03
-1.9239239e+00 1.1023330e-05 5.4917409e-04 5.0900792e-03
-1.9189189e+00 1.1999661e-05 5.7843921e-04 5.1660860e-03
-1.9139139e+00 1.3064675e-05 6.0720487e-04 5.2194217e-03
-1.9089089e+00 1.4241413e-05 6.3646693e-04 5.2938062e-03
-1.9039039e+00 1.5470638e-05 6.6864480e-04 5.3760873e-03
-1.8988989e+00 1.6792718e-05 7.0079543e-04 5.4700924e-03
-1.8938939e+00 1.8188661e-05 7.3283231e-04 5.5480917e-03
-1.8888889e+00 1.9775249e-05 7.6732582e-04 5.6420179e-03
-1.8838839e+00 2.1454965e-05 8.0162589e-04 5.7395034e-03
-1.8788789e+00 2.3286790e-05 8.3647228e-04 5.8369134e-03
-1.8738739e+00 2.5260797e-05 8.7282669e-04 5.9429453e-03
-1.8688689e+00 2.7397908e-05 9.1271023e-04 6.0497291e-03
-1.8638639e+00 2.9667151e-05 9.5175733e-04 6.1587127e-03
-1.8588589e+00 3.2058852e-05 9.9412930e-04 6.2476845e-03
-1.8538539e+00 3.4704154e-05 1.0355778e-03 6.3302018e-03
-1.8488488e+00 3.7508044e-05 1.0798751e-03 6.4333025e-03
-1.8438438e+00 4.0634277e-05 1.1231899e-03 6.5438121e-03
-1.8388388e+00 4.3995548e-05 1.1711648e-03 6.6467836e-03
-1.8338338e+00 4.7517754e-05 1.2179213e-03 6.7541691e-03
-1.8288288e+00 5.1284652e-05 1.2699095e-03 6.8503120e-03
-1.8238238e+00 5.5399861e-05 1.3209396e-03 6.9604656e-03
-1.8188188e+00 5.9849907e-05 1.3717205e-03 7.0513616e-03
-1.8138138e+00 6.4420791e-05 1.4279690e-03 7.1520445e-03
-1.8088088e+00 6.9407190e-05 1.4793493e-03 7.2458193e-03
-1.8038038e+00 7.4532615e-05 1.5340207e-03 7.3663016e-03
-1.7987988e+00 8.0055451e-05 1.5915117e-03 7.4712175e-03
-1.7937938e+00 8.5875955e-05 1.6516265e-03 7.5616829e-03
-1.7887888e+00 9.2431186e-05 1.7076933e-03 7.6742857e-03
-1.7837838e+00 9.9161185e-05 1.7665335e-03 7.7864355e-03
-1.7787788e+00 1.0646625e-04 1.8240634e-03 7.8910849e-03
-1.7737738e+00 1.1375077e-04 1.8904914e-03 7.9883457e-03
-1.7687688e+00 1.2200962e-04 1.9550154e-03 8.0893805e-03
-1.7637638e+00 1.3030602e-04 2.0243816e-03 8.1860666e-03
-1.7587588e+00 1.3931484e-04 2.0966421e-03 8.2951910e-03
-1.7537538e+00 1.4925511e-04 2.1647479e-03 8.3879332e-03
-1.7487487e+00 1.5989898e-04 2.2303521e-03 8.5035000e-03
-1.7437437e+00 1.7081775e-04 2.3044855e-03 8.6168964e-03
-1.7387387e+00 1.8285304e-04 2.3818249e-03 8.7361096e-03
-1.7337337e+00 1.9568474e-04 2.4586609e-03 8.8300972e-03
-1.7287287e+00 2.0883229e-04 2.5358790e-03 8.9068884e-03
-1.7237237e+00 2.2180049e-04 2.6158720e-03 8.9997392e-03
-1.7187187e+00 2.3674111e-04 2.6930778e-03 9.0819918e-03
-1.7137137e+00 2.5206417e-04 2.7766244e-03 9.1988096e-03
-1.7087087e+00 2.6781755e-04 2.8561227e-03 9.3053778e-03
-1.7037037e+00 2.8495842e-04 2.9499506e-03 9.3894993e-03
-1.6986987e+00 3.0348741e-04 3.0383363e-03 9.4914413e-03
-1.6936937e+00 3.2327308e-04 3.1204975e-03 9.5664995e-03
-1.6886887e+00 3.4371792e-04 3.2086126e-03 9.6525198e-03
-1.6836837e+00 3.6582607e-04 3.2895843e-03 9.7428650e-03
-1.6786787e+00 3.8806652e-04 3.3791441e-03 9.8354994e-03
-1.6736737e+00 4.1200006e-04 3.4659872e-03 9.9498082e-03
-1.6686687e+00 4.3624258e-04 3.5552790e-03 1.0058450e-02
-1.6636637e+00 4.6281710e-04 3.6459846e-03 1.0184487e-02
-1.6586587e+00 4.9127506e-04 3.7382062e-03 1.0306695e-02
-1.6536537e+00 5.2129223e-04 3.8319263e-03 1.0419540e-02
-1.6486486e+00 5.5309918e-04 3.9339099e-03 1.0548552e-02
-1.6436436e+00 5.8386249e-04 4.0272081e-03 1.0668008e-02
-1.6386386e+00 6.1834467e-04 4.1166216e-03 1.0808391e-02
-1.6336336e+00 6.5323594e-04 4.2115285e-03 1.0946763e-02
-1.6286286e+00 6.8961463e-04 4.3015548e-03 1.1097124e-02
-1.6236236e+00 7.2657237e-04 4.4022839e-03 1.1239457e-02
-1.6186186e+00 7.6716207e-04 4.4881237e-03 1.1392671e-02
-1.6136136e+00 8.1068127e-04 4.5856116e-03 1.1544565e-02
-1.6086086e+00 8.5460650e-04 4.6836703e-03 1.1692507e-02
-1.6036036e+00 9.0086897e-04 4.7704259e-03 1.1829725e-02
-1.5985986e+00 9.4598859e-04 4.8543010e-03 1.1981087e-02
-1.5935936e+00 9.9426892e-04 4.9374454e-03 1.2137609e-02
-1.5885886e+00 1.0451801e-03 5.0316388e-03 1.2293628e-02
-1.5835836e+00 1.0981847e-03 5.1428727e-03 1.2451105e-02
-1.5785786e+00 1.1553721e-03 5.2455207e-03 1.2627062e-02
-1.5735736e+00 1.2151506e-03 5.3514440e-03 1.2788522e-02
-1.5685686e+00 1.2790826e-03 5.4636452e-03 1.2958820e-02
-1.5635636e+00 1.3451491e-03 5.5827678e-03 1.3153020e-02
-1.5585586e+00 1.4071515e-03 5.6948360e-03 1.3307903e-02
-1.5535536e+00 1.4773987e-03 5.8183499e-03 1.3471777e-02
-1.5485485e+00 1.5512648e-03 5.9488876e-03 1.3639714e-02
-1.5435435e+00 1.6187408e-03 6.0790811e-03 1.3808229e-02
-1.5385385e+00 1.6873786e-03 6.2000415e-03 1.3979376e-02
-1.5335335e+00 1.7686006e-03 6.3457390e-03 1.4155236e-02
-1.5285285e+00 1.8486975e-03 6.4920072e-03 1.4340682e-02
-1.5235235e+00 1.9362091e-03 6.6363778e-03 1.4528811e-02
-1.5185185e+00 2.0242495e-03 6.7765893e-03 1.4715195e-02
-1.5135135e+00 2.1157556e-03 6.9190460e-03 1.4909251e-02
-1.5085085e+00 2.2099799e-03 7.0578603e-03 1.5087273e-02
-1.5035035e+00 2.3086016e-03 7.2248699e-03 1.5314755e-02
-1.4984985e+00 2.4086911e-03 7.3858534e-03 1.5499670e-02
-1.4934935e+00 2.5082997e-03 7.5583832e-03 1.5725866e-02
-1.4884885e+00 2.6113860e-03 7.7202457e-03 1.5937881e-02
-1.4834835e+00 2.7174858e-03 7.8919505e-03 1.6161371e-02
-1.4784785e+00 2.8355757e-03 8.0682141e-03 1.6395895e-02
-1.4734735e+00 2.9526187e-03 8.2359668e-03 1.6619125e-02
-1.4684685e+00 3.0715385e-03 8.4257720e-03 1.6834463e-02
-1.4634635e+00 3.1960719e-03 8.6238659e-03 1.7060307e-02
-1.4584585e+00 3.3190442e-03 8.8063823e-03 1.7301062e-02
-1.4534535e+00 3.4404316e-03 9.0041715e-03 1.7561322e-02
-1.4484484e+00 3.5765061e-03 9.1920921e-03 1.7800986e-02
-1.4434434e+00 3.7134082e-03 9.3885345e-03 1.8038812e-02
-1.4384384e+00 3.8491907e-03 9.5871662e-03 1.8300761e-02
-1.4334334e+00 3.9963697e-03 9.8014256e-03 1.8548167e-02
-1.4284284e+00 4.1456154e-03 1.0011897e-02 1.8839447e-02
-1.4234234e+00 4.2923763e-03 1.0219712e-02 1.9126509e-02
-1.4184184e+00 4.4389238e-03 1.0437469e-02 1.9397052e-02
-1.4134134e+00 4.5781233e-03 1.0659677e-02 1.9673300e-02
-1.4084084e+00 4.7281136e-03 1.0871210e-02 1.9951103e-02
-1.4034034e+00 4.8936680e-03 1.1086449e-02 2.0215125e-02
-1.3983984e+00 5.0473419e-03 1.1322393e-02 2.0526153e-02
-1.3933934e+00 5.2065670e-03 1.1558634e-02 2.0834638e-02
-1.3883884e+00 5.3622235e-03 1.1780928e-02 2.1125098e-02
-1.3833834e+00 5.5360054e-03 1.2016850e-02 2.1418594e-02
-1.3783784e+00 5.7006575e-03 1.2264825e-02 2.1727322e-02
-1.3733734e+00 5.8899994e-03 1.2511489e-02 2.2049886e-02
-1.3683684e+00 6.0836821e-03 1.2767867e-02 2.2371944e-02
-1.3633634e+00 6.2705509e-03 1.3035720e-02 2.2703153e-02
-1.3583584e+00 6.4713811e-03 1.3298164e-02 2.3046472e-02
-1.3533534e+00 6.6723184e-03 1.3570804e-02 2.3408853e-02
-1.3483483e+00 6.8694094e-03 1.3854668e-02 2.3751724e-02
-1.3433433e+00 7.0750040e-03 1.4132742e-02 2.4103324e-02
-1.3383383e+00 7.2973070e-03 1.4414024e-02 2.4458790e-02
-1.3333333e+00 7.5174010e-03 1.4704496e-02 2.4820093e-02
-1.3283283e+00 7.7209218e-03 1.5007266e-02 2.5179875e-02
-1.3233233e+00 7.9446340e-03 1.5306453e-02 2.5541653e-02
-1.3183183e+00 8.1682472e-03 1.5606118e-02 2.5913223e-02
-1.3133133e+00 8.4131906e-03 1.5917489e-02 2.6316332e-02
-1.3083083e+00 8.6558882e-03 1.6235572e-02 2.6710348e-02
-1.3033033e+00 8.8886182e-03 1.6538828e-02 2.7103009e-02
-1.2982983e+00 9.1488674e-03 1.6867785e-02 2.7520766e-02
-1.2932933e+00 9.4128298e-03 1.7206262e-02 2.7906172e-02
-1.2882883e+00 9.6712439e-03 1.7554224e-02 2.8331989e-02
-1.2832833e+00 9.9404934e-03 1.7897698e-02 2.8740110e-02
-1.2782783e+00 1.0214939e-02 1.8241873e-02 2.9170144e-02
-1.2732733e+00 1.0496712e-02 1.8609697e-02 2.9579894e-02
-1.2682683e+00 1.0770837e-02 1.8973254e-02 3.0007543e-02
-1.2632633e+00 1.1040299e-02 1.9337837e-02 3.0418749e-02
-1.2582583e+00 1.1315905e-02 1.9717269e-02 3.0884455e-02
-1.2532533e+00 1.1601978e-02 2.0089636e-02 3.1304778e-02
-1.2482482e+00 1.1891266e-02 2.0470377e-02 3.1795324e-02
-1.2432432e+00 1.2192694e-02 2.0847789e-02 3.2249288e-02
-1.2382382e+00 1.2492996e-02 2.1269392e-02 3.2716512e-02
-1.2332332e+00 1.2804181e-02 2.1659436e-02 3.3205951e-02
-1.2282282e+00 1.3115574e-02 2.2076879e-02 3.3713768e-02
-1.2232232e+00 1.3459491e-02 2.2490190e-02 3.4196947e-02
-1.2182182e+00 1.3807333e-02 2.2911655e-02 3.4666180e-02
-1.2132132e+00 1.4143224e-02 2.3332056e-02 3.5178652e-02
-1.2082082e+00 1.4484433e-02 2.3787559e-02 3.5662037e-02
-1.2032032e+00 1.4823953e-02 2.4209636e-02 3.6192677e-02
-1.1981982e+00 1.5181710e-02 2.4647038e-02 3.6700961e-02
-1.1931932e+00 1.5512781e-02 2.5089614e-02 3.7242659e-02
-1.1881882e+00 1.5869008e-02 2.5560771e-02 3.7750370e-02
-1.1831832e+00 1.6246179e-02 2.6042569e-02 3.8278456e-02
-1.1781782e+00 1.6598938e-02 2.6511904e-02 3.8845058e-02
-1.1731732e+00 1.6995285e-02 2.6982396e-02 3.9370365e-02
-1.1681682e+00 1.7377299e-02 2.7439732e-02 3.9927642e-02
-1.1631632e+00 1.7765386e-02 2.7922081e-02 4.0518912e-02
-1.1581582e+00 1.8161748e-02 2.8421086e-02 4.1096354e-02
-1.1531532e+00 1.8582739e-02 2.8917290e-02 4.1662179e-02
-1.1481481e+00 1.8971687e-02 2.9435177e-02 4.2257205e-02
-1.1431431e+00 1.9375579e-02 2.9964334e-02 4.2838388e-02
-1.1381381e+00 1.9803890e-02 3.0474503e-02 4.3434242e-02
-1.1331331e+00 2.0208847e-02 3.0998078e-02 4.4081945e-02
-1.1281281e+00 2.0638139e-02 3.1521985e-02 4.4675861e-02
-1.1231231e+00 2.1066895e-02 3.2065390e-02 4.5289839e-02
-1.1181181e+00 2.1493760e-02 3.2610618e-02 4.5895101e-02
-1.1131131e+00 2.1946656e-02 3.3167710e-02 4.6549865e-02
-1.1081081e+00 2.2401679e-02 3.3701805e-02 4.7198105e-02
-1.1031031e+00 2.2837472e-02 3.4258759e-02 4.7827624e-02
-1.0980981e+00 2.3325127e-02 3.4831769e-02 4.8463149e-02
-1.0930931e+00 2.3767015e-02 3.5386670e-02 4.9110049e-02
-1.0880881e+00 2.4245464e-02 3.5977635e-02 4.9758455e-02
-1.0830831e+00 2.4723125e-02 3.6554315e-02 5.0420233e-02
-1.0780781e+00 2.5193392e-02 3.7123976e-02 5.1110327e-02
-1.0730731e+00 2.5691403e-02 3.7716804e-02 5.1794763e-02
-1.0680681e+00 2.6185881e-02 3.8324824e-02 5.2499000e-02
-1.0630631e+00 2.6693527e-02 3.8921584e-02 5.3197529e-02
-1.0580581e+00 2.7196931e-02 3.9508127e-02 5.3907826e-02
-1.0530531e+00 2.7696869e-02 4.0123573e-02 5.4608415e-02
-1.0480480e+00 2.8216324e-02 4.0756052e-02 5.5306331e-02
-1.0430430e+00 2.8747610e-02 4.1366011e-02 5.6034180e-02
-1.0380380e+00 2.9275189e-02 4.1999286e-02 5.6715551e-02
-1.0330330e+00 2.9796479e-02 4.2653447e-02 5.7475908e-02
-1.0280280e+00 3.0344012e-02 4.3294350e-02 5.8189665e-02
-1.0230230e+00 3.0902272e-02 4.3921286e-02 5.8945029e-02
-1.0180180e+00 3.1453475e-02 4.4586227e-02 5.9705699e-02
-1.0130130e+00 3.2008628e-02 4.5251184e-02 6.0456351e-02
-1.0080080e+00 3.2577767e-02 4.5907354e-02 6.1186986e-02
-1.0030030e+00 3.3113182e-02 4.6601823e-02 6.1978470e-02
-9.9799800e-01 3.3721079e-02 4.7284008e-02 6.2744639e-02
-9.9299299e-01 3.4330094e-02 4.7978165e-02 6.3523259e-02
-9.8798799e-01 3.4918927e-02 4.8670024e-02 6.4278233e-02
-9.8298298e-01 3.5526656e-02 4.9362248e-02 6.5047295e-02
-9.7797798e-01 3.6122947e-02 5.0049289e-02 6.5799255e-02
-9.7297297e-01 3.6742430e-02 5.0783243e-02 6.6591454e-02
-9.6796797e-01 3.7369507e-02 5.1494774e-02 6.7368910e-02
-9.6296296e-01 3.8014913e-02 5.2200614e-02 6.8219172e-02
-9.5795796e-01 3.8652838e-02 5.2961919e-02 6.9048556e-02
-9.5295295e-01 3.9309672e-02 5.3701530e-02 6.9927462e-02
-9.4794795e-01 3.9963091e-02 5.4437066e-02 7.0773803e-02
-9.4294294e-01 4.0613860e-02 5.5173974e-02 7.1591338e-02
-9.3793794e-01 4.1313718e-02 5.5933568e-02 7.2418969e-02
-9.3293293e-01 4.2001487e-02 5.6710207e-02 7.3218389e-02
-9.2792793e-01 4.2653932e-02 5.7462974e-02 7.4080632e-02
-9.2292292e-01 4.3328804e-02 5.8267605e-02 7.4945932e-02
-9.1791792e-01 4.4034575e-02 5.9065236e-02 7.5836839e-02
-9.1291291e-01 4.4742820e-02 5.9842657e-02 7.6713812e-02
-9.0790791e-01 4.5438222e-02 6.0664544e-02 7.7595930e-02
-9.0290290e-01 4.6125467e-02 6.1484746e-02 7.8473795e-02
-8.9789790e-01 4.6839441e-02 6.2284700e-02 7.9418421e-02
-8.9289289e-01 4.7551537e-02 6.3113259e-02 8.0322648e-02
-8.8788789e-01 4.8273245e-02 6.3941132e-02 8.1232576e-02
-8.8288288e-01 4.9039309e-02 6.4770370e-02 8.2153680e-02
-8.7787788e-01 4.9766875e-02 6.5648437e-02 8.3077282e-02
-8.7287287e-01 5.0528806e-02 6.6473658e-02 8.4070939e-02
-8.6786787e-01 5.1258462e-02 6.7353743e-02 8.5028083e-02
-8.6286286e-01 5.2013504e-02 6.8193121e-02 8.5988355e-02
-8.5785786e-01 5.2870458e-02 6.9026261e-02 8.6909117e-02
-8.5285285e-01 5.3666530e-02 6.9893540e-02 8.7916877e-02
-8.4784785e-01 5.4474632e-02 7.0771396e-02 8.8887850e-02
-8.4284284e-01 5.5326529e-02 7.1678214e-02 8.9864251e-02
-8.3783784e-01 5.6145482e-02 7.2564421e-02 9.0925594e-02
-8.3283283e-01 5.6959131e-02 7.3477980e-02 9.1949337e-02
-8.2782783e-01 5.7819620e-02 7.4461101e-02 9.2941271e-02
-8.2282282e-01 5.8647762e-02 7.5394365e-02 9.3970941e-02
-8.1781782e-01 5.9545152e-02 7.6329220e-02 9.5080621e-02
-8.1281281e-01 6.0407530e-02 7.7317067e-02 9.6134761e-02
-8.0780781e-01 6.1277607e-02 7.8289585e-02 9.7160544e-02
-8.0280280e-01 6.2140110e-02 7.9309291e-02 9.8209649e-02
-7.9779780e-01 6.3069848e-02 8.0302507e-02 9.9308944e-02
-7.9279279e-01 6.3991261e-02 8.1340312e-02 1.0044892e-01
-7.8778779e-01 6.4924714e-02 8.2392568e-02 1.0153636e-01
-7.8278278e-01 6.5852240e-02 8.3446515e-02 1.0269144e-01
-7.7777778e-01 6.6797836e-02 8.4509892e-02 1.0382710e-01
-7.7277277e-01 6.7777461e-02 8.5546191e-02 1.0500070e-01
-7.6776777e-01 6.8743535e-02 8.6616080e-02 1.0616852e-01
-7.6276276e-01 6.9748460e-02 8.7702227e-02 1.0737930e-01
-7.5775776e-01 7.0767032e-02 8.8797833e-02 1.0857292e-01
-7.5275275e-01 7.1793635e-02 8.9879835e-02 1.0976876e-01
-7.4774775e-01 7.2826998e-02 9.0982075e-02 1.1095177e-01
-7.4274274e-01 7.3890851e-02 9.2128736e-02 1.1220743e-01
-7.3773774e-01 7.4984873e-02 9.3277517e-02 1.1345352e-01
-7.3273273e-01 7.6045328e-02 9.4461971e-02 1.1477388e-01
-7.2772773e-01 7.7132850e-02 9.5663285e-02 1.1611008e-01
-7.2272272e-01 7.8221468e-02 9.6888234e-02 1.1734344e-01
-7.1771772e-01 7.9308617e-02 9.8080162e-02 1.1866647e-01
-7.1271271e-01 8.0425217e-02 9.9342413e-02 1.1998064e-01
-7.0770771e-01 8.1582592e-02 1.0057727e-01 1.2130936e-01
-7.0270270e-01 8.2767628e-02 1.0183726e-01 1.2272474e-01
-6.9769770e-01 8.3961197e-02 1.0310091e-01 1.2411291e-01
-6.9269269e-01 8.5199917e-02 1.0436288e-01 1.2550463e-01
-6.8768769e-01 8.6420110e-02 1.0567579e-01 1.2690288e-01
-6.8268268e-01 8.7604373e-02 1.0699652e-01 1.2838674e-01
-6.7767768e-01 8.8862776e-02 1.0834922e-01 1.2984540e-01
-6.7267267e-01 9.0103085e-02 1.0973270e-01 1.3126278e-01
-6.6766767e-01 9.1406523e-02 1.1112531e-01 1.3274373e-01
-6.6266266e-01 9.2745770e-02 1.1255791e-01 1.3422490e-01
-6.5765766e-01 9.4058701e-02 1.1396178e-01 1.3575611e-01
-6.5265265e-01 9.5425466e-02 1.1543313e-01 1.3726249e-01
-6.4764765e-01 9.6761251e-02 1.1685878e-01 1.3885622e-01
-6.4264264e-01 9.8113709e-02 1.1835463e-01 1.4043429e-01
-6.3763764e-01 9.9519072e-02 1.1981519e-01 1.4209463e-01
-6.3263263e-01 1.0093519e-01 1.2132599e-01 1.4372482e-01
-6.2762763e-01 1.0230332e-01 1.2290115e-01 1.4529551e-01
-6.2262262e-01 1.0377395e-01 1.2443729e-01 1.4691994e-01
-6.1761762e-01 1.0520172e-01 1.2604365e-01 1.4859291e-01
-6.1261261e-01 1.0669754e-01 1.2762164e-01 1.5028076e-01
-6.0760761e-01 1.0820972e-01 1.2925525e-01 1.5202187e-01
-6.0260260e-01 1.0968316e-01 1.3094286e-01 1.5369006e-01
-5.9759760e-01 1.1121973e-01 1.3259254e-01 1.5541243e-01
-5.9259259e-01 1.1281835e-01 1.3426118e-01 1.5715874e-01
-5.8758759e-01 1.1438596e-01 1.3594617e-01 1.5898098e-01
-5.8258258e-01 1.1598152e-01 1.3764979e-01 1.6079513e-01
-5.7757758e-01 1.1764148e-01 1.3937346e-01 1.6266888e-01
-5.7257257e-01 1.1933004e-01 1.4112177e-01 1.6457032e-01
-5.6756757e-01 1.2103866e-01 1.4293238e-01 1.6649360e-01
-5.6256256e-01 1.2275512e-01 1.4473410e-01 1.6840921e-01
-5.5755756e-01 1.2451034e-01 1.4656651e-01 1.7037497e-01
-5.5255255e-01 1.2625919e-01 1.4841954e-01 1.7234751e-01
-5.4754755e-01 1.2807632e-01 1.5030457e-01 1.7430747e-01
-5.4254254e-01 1.2988118e-01 1.5219452e-01 1.7635990e-01
-5.3753754e-01 1.3167420e-01 1.5414816e-01 1.7841315e-01
-5.3253253e-01 1.3346754e-01 1.5610047e-01 1.8046798e-01
-5.2752753e-01 1.3535213e-01 1.5805355e-01 1.8258292e-01
-5.2252252e-01 1.3726128e-01 1.6004970e-01 1.8472639e-01
-5.1751752e-01 1.3917789e-01 1.6204864e-01 1.8694690e-01
-5.1251251e-01 1.4113634e-01 1.6412577e-01 1.8910052e-01
-5.0750751e-01 1.4311006e-01 1.6617635e-01 1.9128391e-01
-5.0250250e-01 1.4509626e-01 1.6830340e-01 1.9349817e-01
-4.9749750e-01 1.4713005e-01 1.7037288e-01 1.9571938e-01
-4.9249249e-01 1.4916556e-01 1.7254303e-01 1.9801861e-01
-4.8748749e-01 1.5127535e-01 1.7476885e-01 2.0033803e-01
-4.8248248e-01 1.5335927e-01 1.7698102e-01 2.0269472e-01
-4.7747748e-01 1.5547038e-01 1.7919242e-01 2.0496109e-01
-4.7247247e-01 1.5754752e-01 1.8148066e-01 2.0734786e-01
-4.6746747e-01 1.5974913e-01 1.8377069e-01 2.0974468e-01
-4.6246246e-01 1.6196723e-01 1.8607132e-01 2.1214290e-01
-4.5745746e-01 1.6414194e-01 1.8843841e-01 2.1459756e-01
-4.5245245e-01 1.6633335e-01 1.9086153e-01 2.1713502e-01
-4.4744745e-01 1.6859809e-01 1.9325209e-01 2.1963406e-01
-4.4244244e-01 1.7086533e-01 1.9569732e-01 2.2215615e-01
-4.3743744e-01 1.7322260e-01 1.9814400e-01 2.2473281e-01
-4.3243243e-01 1.7559203e-01 2.0069411e-01 2.2732315e-01
-4.2742743e-01 1.7803236e-01 2.0326225e-01 2.2998674e-01
-4.2242242e-01 1.8046703e-01 2.0580943e-01 2.3263707e-01
-4.1741742e-01 1.8291179e-01 2.0840204e-01 2.3533852e-01
-4.1241241e-01 1.8536095e-01 2.1098395e-01 2.3813965e-01
-4.0740741e-01 1.8783876e-01 2.1364114e-01 2.4093080e-01
-4.0240240e-01 1.9035316e-01 2.1629827e-01 2.4379550e-01
-3.9739740e-01 1.9295452e-01 2.1898022e-01 2.4659643e-01
-3.9239239e-01 1.9551532e-01 2.2170077e-01 2.4944807e-01
-3.8738739e-01 1.9821192e-01 2.2442576e-01 2.5232221e-01
-3.8238238e-01 2.0090156e-01 2.2719707e-01 2.5517388e-01
-3.7737738e-01 2.0358545e-01 2.3001186e-01 2.5807360e-01
-3.7237237e-01 2.0630560e-01 2.3289125e-01 2.6102993e-01
-3.6736737e-01 2.0907603e-01 2.3572557e-01 2.6404689e-01
-3.6236236e-01 2.1185069e-01 2.3864583e-01 2.6707945e-01
-3.5735736e-01 2.1465908e-01 2.4159888e-01 2.7013741e-01
-3.5235235e-01 2.1750289e-01 2.4454610e-01 2.7319961e-01
-3.4734735e-01 2.2032141e-01 2.4747108e-01 2.7623344e-01
-3.4234234e-01 2.2311375e-01 2.5044656e-01 2.7936989e-01
-3.3733734e-01 2.2596164e-01 2.5348774e-01 2.8255424e-01
-3.3233233e-01 2.2886285e-01 2.5658070e-01 2.8574951e-01
-3.2732733e-01 2.3179558e-01 2.5967038e-01 2.8899230e-01
-3.2232232e-01 2.3476611e-01 2.6277330e-01 2.9218795e-01
-3.1731732e-01 2.3780046e-01 2.6590706e-01 2.9549944e-01
-3.1231231e-01 2.4083542e-01 2.6909171e-01 2.9884051e-01
-3.0730731e-01 2.4391305e-01 2.7232139e-01 3.0214464e-01
-3.0230230e-01 2.4697726e-01 2.7556400e-01 3.0552078e-01
-2.9729730e-01 2.5009693e-01 2.7880390e-01 3.0886789e-01
-2.9229229e-01 2.5325703e-01 2.8211287e-01 3.1227098e-01
-2.8728729e-01 2.5646669e-01 2.8545171e-01 3.1573855e-01
-2.8228228e-01 2.5968334e-01 2.8882789e-01 3.1923089e-01
-2.7727728e-01 2.6290006e-01 2.9219401e-01 3.2271451e-01
-2.7227227e-01 2.6617063e-01 2.9560703e-01 3.2618298e-01
-2.6726727e-01 2.6945095e-01 2.9903470e-01 3.2966845e-01
-2.6226226e-01 2.7270897e-01 3.0251339e-01 3.3322703e-01
-2.5725726e-01 2.7595389e-01 3.0600845e-01 3.3681051e-01
-2.5225225e-01 2.7935105e-01 3.0952401e-01 3.4043438e-01
-2.4724725e-01 2.8271919e-01 3.1304369e-01 3.4407938e-01
-2.4224224e-01 2.8616958e-01 3.1660489e-01 3.4773008e-01
-2.3723724e-01 2.8962178e-01 3.2017895e-01 3.5142008e-01
-2.3223223e-01 2.9316131e-01 3.2376060e-01 3.5516180e-01
-2.2722723e-01 2.9669946e-01 3.2738008e-01 3.5893384e-01
-2.2222222e-01 3.0030914e-01 3.3111489e-01 3.6263491e-01
-2.1721722e-01 3.0392572e-01 3.3475322e-01 3.6647148e-01
-2.1221221e-01 3.0746160e-01 3.3846104e-01 3.7022851e-01
-2.0720721e-01 3.1097107e-01 3.4217483e-01 3.7412003e-01
-2.0220220e-01 3.1458663e-01 3.4598082e-01 3.7798295e-01
-1.9719720e-01 3.1824449e-01 3.4980377e-01 3.8193601e-01
-1.9219219e-01 3.2195746e-01 3.5365790e-01 3.8579206e-01
-1.8718719e-01 3.2572990e-01 3.5747300e-01 3.8970706e-01
-1.8218218e-01 3.2937565e-01 3.6129829e-01 3.9371707e-01
-1.7717718e-01 3.3312902e-01 3.6520347e-01 3.9764916e-01
-1.7217217e-01 3.3687573e-01 3.6912554e-01 4.0163461e-01
-1.6716717e-01 3.4069257e-01 3.7300660e-01 4.0571931e-01
-1.6216216e-01 3.4443074e-01 3.7690757e-01 4.0981375e-01
-1.5715716e-01 3.4831874e-01 3.8086151e-01 4.1391010e-01
-1.5215215e-01 3.5216642e-01 3.8485435e-01 4.1806120e-01
-1.4714715e-01 3.5607582e-01 3.8882985e-01 4.2221742e-01
-1.4214214e-01 3.6001353e-01 3.9286908e-01 4.2635976e-01
-1.3713714e-01 3.6397895e-01 3.9689628e-01 4.3048790e-01
-1.3213213e-01 3.6796240e-01 4.0101104e-01 4.3466099e-01
-1.2712713e-01 3.7193335e-01 4.0512799e-01 4.3887035e-01
-1.2212212e-01 3.7599218e-01 4.0923829e-01 4.4316869e-01
-1.1711712e-01 3.8005818e-01 4.1336863e-01 4.4735527e-01
-1.1211211e-01 3.8409189e-01 4.1755275e-01 4.5155520e-01
-1.0710711e-01 3.8820692e-01 4.2171368e-01 4.5581651e-01
-1.0210210e-01 3.9227227e-01 4.2584817e-01 4.6011637e-01
-9.7097097e-02 3.9641930e-01 4.3004277e-01 4.6430535e-01
-9.2092092e-02 4.0053783e-01 4.3429428e-01 4.6862719e-01
-8.7087087e-02 4.0465903e-01 4.3853980e-01 4.7291604e-01
-8.2082082e-02 4.0887731e-01 4.4274115e-01 4.7730232e-01
-7.7077077e-02 4.1300050e-01 4.4699991e-01 4.8177316e-01
-7.2072072e-02 4.1720893e-01 4.5124304e-01 4.8612543e-01
-6.7067067e-02 4.2142470e-01 4.5553357e-01 4.9055931e-01
-6.2062062e-02 4.2562826e-01 4.5986944e-01 4.9494986e-01
-5.7057057e-02 4.2983883e-01 4.6417358e-01 4.9940797e-01
-5.2052052e-02 4.3405840e-01 4.6840487e-01 5.0387043e-01
-4.7047047e-02 4.3827954e-01 4.7277664e-01 5.0826780e-01
-4.2042042e-02 4.4253368e-01 4.7704688e-01 5.1276418e-01
-3.7037037e-02 4.4681610e-01 4.8141100e-01 5.1729967e-01
-3.2032032e-02 4.5111159e-01 4.8582154e-01 5.2178322e-01
-2.7027027e-02 4.5542292e-01 4.9021977e-01 5.2633998e-01
-2.2022022e-02 4.5972535e-01 4.9466760e-01 5.3078106e-01
-1.7017017e-02 4.6408045e-01 4.9913195e-01 5.3518116e-01
-1.2012012e-02 4.6843244e-01 5.0360020e-01 5.3968858e-01
-7.0070070e-03 4.7272039e-01 5.0809907e-01 5.4420461e-01
-2.0020020e-03 4.7708084e-01 5.1254225e-01 5.4876057e-01
3.0030030e-03 4.8146751e-01 5.1697876e-01 5.5333802e-01
8.0080080e-03 4.8589334e-01 5.2142940e-01 5.5782667e-01
1.3013013e-02 4.9031778e-01 5.2591394e-01 5.6239090e-01
1.8018018e-02 4.9459378e-01 5.3040746e-01 5.6696321e-01
2.3023023e-02 4.9901231e-01 5.3492434e-01 5.7153009e-01
2.8028028e-02 5.0340857e-01 5.3947348e-01 5.7613618e-01
3.3033033e-02 5.0780228e-01 5.4398163e-01 5.8071395e-01
3.8038038e-02 5.1221907e-01 5.4850392e-01 5.8530111e-01
4.3043043e-02 5.1649776e-01 5.5294847e-01 5.8991268e-01
4.8048048e-02 5.2085162e-01 5.5750544e-01 5.9449841e-01
5.3053053e-02 5.2525089e-01 5.6203551e-01 5.9904924e-01
5.8058058e-02 5.2964705e-01 5.6658431e-01 6.0361344e-01
6.3063063e-02 5.3401178e-01 5.7105460e-01 6.0818002e-01
6.8068068e-02 5.3844675e-01 5.7551597e-01 6.1277089e-01
7.3073073e-02 5.4285095e-01 5.8000208e-01 6.1743356e-01
7.8078078e-02 5.4724824e-01 5.8454349e-01 6.2207864e-01
8.3083083e-02 5.5165508e-01 5.8899814e-01 6.2668265e-01
8.8088088e-02 5.5611279e-01 5.9350727e-01 6.3132794e-01
9.3093093e-02 5.6048834e-01 5.9800445e-01 6.3598209e-01
9.8098098e-02 5.6498537e-01 6.0255985e-01 6.4051933e-01
1.0310310e-01 5.6950145e-01 6.0705900e-01 6.4514211e-01
1.0810811e-01 5.7392234e-01 6.1151809e-01 6.4974643e-01
1.1311311e-01 5.7837120e-01 6.1604579e-01 6.5428170e-01
1.1811812e-01 5.8277466e-01 6.2051941e-01 6.5888169e-01
1.2312312e-01 5.8718304e-01 6.2498705e-01 6.6333596e-01
1.2812813e-01 5.9164833e-01 6.2946058e-01 6.6794114e-01
1.3313313e-01 5.9610823e-01 6.3380430e-01 6.7256134e-01
1.3813814e-01 6.0048830e-01 6.3826301e-01 6.7712110e-01
1.4314314e-01 6.0485889e-01 6.4268796e-01 6.8168958e-01
1.4814815e-01 6.0926234e-01 6.4714473e-01 6.8618694e-01
1.5315315e-01 6.1375375e-01 6.5161291e-01 6.9068804e-01
1.5815816e-01 6.1816185e-01 6.5604592e-01 6.9531197e-01
1.6316316e-01 6.2266415e-01 6.6049777e-01 6.9982849e-01
1.6816817e-01 6.2695710e-01 6.6494063e-01 7.0423198e-01
1.7317317e-01 6.3128589e-01 6.6938840e-01 7.0872453e-01
1.7817818e-01 6.3555313e-01 6.7381134e-01 7.1320135e-01
1.8318318e-01 6.3987926e-01 6.7817147e-01 7.1757362e-01
1.8818819e-01 6.4417418e-01 6.8256787e-01 7.2196919e-01
1.9319319e-01 6.4852542e-01 6.8692783e-01 7.2632692e-01
1.9819820e-01 6.5277868e-01 6.9129840e-01 7.3072688e-01
2.0320320e-01 6.5711725e-01 6.9556454e-01 7.3511873e-01
2.0820821e-01 6.6146378e-01 6.9993488e-01 7.3947900e-01
2.1321321e-01 6.6581358e-01 7.0434066e-01 7.4381169e-01
2.1821822e-01 6.7013647e-01 7.0862247e-01 7.4812066e-01
2.2322322e-01 6.7457156e-01 7.1290556e-01 7.5249693e-01
2.2822823e-01 6.7887877e-01 7.1727140e-01 7.5683417e-01
2.3323323e-01 6.8306892e-01 7.2156512e-01 7.6113234e-01
2.3823824e-01 6.8737440e-01 7.2599653e-01 7.6552277e-01
2.4324324e-01 6.9168400e-01 7.3030138e-01 7.6974307e-01
2.4824825e-01 6.9592108e-01 7.3458708e-01 7.7391788e-01
2.5325325e-01 7.0020718e-01 7.3883473e-01 7.7822165e-01
2.5825826e-01 7.0448229e-01 7.4303262e-01 7.8248194e-01
2.6326326e-01 7.0871338e-01 7.4733643e-01 7.8663451e-01
2.6826827e-01 7.1293662e-01 7.5164260e-01 7.9082446e-01
2.7327327e-01 7.1721808e-01 7.5586017e-01 7.9507466e-01
2.7827828e-01 7.2154402e-01 7.6006501e-01 7.9926612e-01
2.8328328e-01 7.2578033e-01 7.6427175e-01 8.0339741e-01
2.8828829e-01 7.3012727e-01 7.6858129e-01 8.0760340e-01
2.9329329e-01 7.3441147e-01 7.7274273e-01 8.1176192e-01
2.9829830e-01 7.3856868e-01 7.7692767e-01 8.1589148e-01
3.0330330e-01 7.4269983e-01 7.8116620e-01 8.2007015e-01
3.0830831e-01 7.4699472e-01 7.8531918e-01 8.2424908e-01
3.1331331e-01 7.5112055e-01 7.8950019e-01 8.2828686e-01
3.1831832e-01 7.5526819e-01 7.9364228e-01 8.3240897e-01
3.2332332e-01 7.5941930e-01 7.9780460e-01 8.3652837e-01
3.2832833e-01 7.6361327e-01 8.0189890e-01 8.4058152e-01
3.3333333e-01 7.6767414e-01 8.0606195e-01 8.4472550e-01
3.3833834e-01 7.7193564e-01 8.1027704e-01 8.4875602e-01
3.4334334e-01 7.7605000e-01 8.1437516e-01 8.5280612e-01
3.4834835e-01 7.8015266e-01 8.1844349e-01 8.5684696e-01
3.5335335e-01 7.8430194e-01 8.2252256e-01 8.6089587e-01
3.5835836e-01 7.8834010e-01 8.2665112e-01 8.6499020e-01
3.6336336e-01 7.9242888e-01 8.3069108e-01 8.6906977e-01
3.6836837e-01 7.9647959e-01 8.3471498e-01 8.7300339e-01
3.7337337e-01 8.0049131e-01 8.3864994e-01 8.7702499e-01
3.7837838e-01 8.0460572e-01 8.4261586e-01 8.8096900e-01
3.8338338e-01 8.0862024e-01 8.4661548e-01 8.8493810e-01
3.8838839e-01 8.1257007e-01 8.5067600e-01 8.8900305e-01
3.9339339e-01 8.1656504e-01 8.5471335e-01 8.9291988e-01
3.9839840e-01 8.2059863e-01 8.5872210e-01 8.9675306e-01
4.0340340e-01 8.2461069e-01 8.6269558e-01 9.0062876e-01
4.0840841e-01 8.2859442e-01 8.6655693e-01 9.0446340e-01
4.1341341e-01 8.3249856e-01 8.7046705e-01 9.0831605e-01
4.1841842e-01 8.3631105e-01 8.7433616e-01 9.1220442e-01
4.2342342e-01 8.4026291e-01 8.7810221e-01 9.1606129e-01
4.2842843e-01 8.4421008e-01 8.8184948e-01 9.1991264e-01
4.3343343e-01 8.4788683e-01 8.8569145e-01 9.2366984e-01
4.3843844e-01 8.5160004e-01 8.8939627e-01 9.2747440e-01
4.4344344e-01 8.5524853e-01 8.9318122e-01 9.3125451e-01
4.4844845e-01 8.5888619e-01 8.9685793e-01 9.3503263e-01
4.5345345e-01 8.6247068e-01 9.0058332e-01 9.3869576e-01
4.5845846e-01 8.6606648e-01 9.0433649e-01 9.4233426e-01
4.6346346e-01 8.6955700e-01 9.0795525e-01 9.4593756e-01
4.6846847e-01 8.7314874e-01 9.1145733e-01 9.4948803e-01
4.7347347e-01 8.7670938e-01 9.1498280e-01 9.5301476e-01
4.7847848e-01 8.8025808e-01 9.1848974e-01 9.5656676e-01
4.8348348e-01 8.8367453e-01 9.2201432e-01 9.6013709e-01
4.8848849e-01 8.8703879e-01 9.2543643e-01 9.6366548e-01
4.9349349e-01 8.9044846e-01 9.2881495e-01 9.6705676e-01
4.9849850e-01 8.9373009e-01 9.3221561e-01 9.7043435e-01
5.0350350e-01 8.9687070e-01 9.3541348e-01 9.7376845e-01
5.0850851e-01 9.0006592e-01 9.3854617e-01 9.7698804e-01
5.1351351e-01 9.0327850e-01 9.4169671e-01 9.8014997e-01
5.1851852e-01 9.0632864e-01 9.4479542e-01 9.8319482e-01
5.2352352e-01 9.0924048e-01 9.4788926e-01 9.8639043e-01
5.2852853e-01 9.1213801e-01 9.5090461e-01 9.8938074e-01
5.3353353e-01 9.1501690e-01 9.5379218e-01 9.9238040e-01
5.3853854e-01 9.1789152e-01 9.5662653e-01 9.9521864e-01
5.4354354e-01 9.2061599e-01 9.5937651e-01 9.9792377e-01
5.4854855e-01 9.2327752e-01 9.6207966e-01 1.0007125e+00
5.5355355e-01 9.2580061e-01 9.6469959e-01 1.0034400e+00
5.5855856e-01 9.2821778e-01 9.6721831e-01 1.0061222e+00
5.6356356e-01 9.3067595e-01 9.6970931e-01 1.0086493e+00
5.6856857e-01 9.3301073e-01 9.7212388e-01 1.0111412e+00
5.7357357e-01 9.3528790e-01 9.7444747e-01 1.0134801e+00
5.7857858e-01 9.3750222e-01 9.7668490e-01 1.0158197e+00
5.8358358e-01 9.3959801e-01 9.7880825e-01 1.0180425e+00
5.8858859e-01 9.4151069e-01 9.8090035e-01 1.0201323e+00
5.9359359e-01 9.4344697e-01 9.8281684e-01 1.0221229e+00
5.9859860e-01 9.4522217e-01 9.8466556e-01 1.0241303e+00
6.0360360e-01 9.4694173e-01 9.8638148e-01 1.0258115e+00
6.0860861e-01 9.4853022e-01 9.8804328e-01 1.0276333e+00
6.1361361e-01 9.5001373e-01 9.8962476e-01 1.0292077e+00
6.1861862e-01 9.5130761e-01 9.9104528e-01 1.0306677e+00
6.2362362e-01 9.5259315e-01 9.9245094e-01 1.0321203e+00
6.2862863e-01 9.5373298e-01 9.9366674e-01 1.0333517e+00
6.3363363e-01 9.5478800e-01 9.9489526e-01 1.0345074e+00
6.3863864e-01 9.5569837e-01 9.9594715e-01 1.0355867e+00
6.4364364e-01 9.5659260e-01 9.9681540e-01 1.0365579e+00
6.4864865e-01 9.5742208e-01 9.9757768e-01 1.0374406e+00
6.5365365e-01 9.5815201e-01 9.9835074e-01 1.0381715e+00
6.5865866e-01 9.5876224e-01 9.9898580e-01 1.0386810e+00
6.6366366e-01 9.5914294e-01 9.9945942e-01 1.0392481e+00
6.6866867e-01 9.5937795e-01 9.9976924e-01 1.0395316e+00
6.7367367e-01 9.5955004e-01 9.9999166e-01 1.0396769e+00
6.7867868e-01 9.5975764e-01 1.0000000e+00 1.0397261e+00
6.8368368e-01 9.5969900e-01 9.9993453e-01 1.0398091e+00
6.8868869e-01 9.5955716e-01 9.9974581e-01 1.0397175e+00
6.9369369e-01 9.5926181e-01 9.9958367e-01 1.0393831e+00
6.9869870e-01 9.5863090e-01 9.9907584e-01 1.0388639e+00
7.0370370e-01 9.5807399e-01 9.9856343e-01 1.0382976e+00
7.0870871e-01 9.5731714e-01 9.9784339e-01 1.0376437e+00
7.1371371e-01 9.5652529e-01 9.9703950e-01 1.0369819e+00
7.1871872e-01 9.5549680e-01 9.9612997e-01 1.0361070e+00
7.2372372e-01 9.5441712e-01 9.9502696e-01 1.0349826e+00
7.2872873e-01 9.5318966e-01 9.9369598e-01 1.0338647e+00
7.3373373e-01 9.5172457e-01 9.9236326e-01 1.0325926e+00
7.3873874e-01 9.5021277e-01 9.9084846e-01 1.0310873e+00
7.4374374e-01 9.4858451e-01 9.8915217e-01 1.0294171e+00
7.4874875e-01 9.4665755e-01 9.8738412e-01 1.0277060e+00
7.5375375e-01 9.4475727e-01 9.8550536e-01 1.0257653e+00
7.5875876e-01 9.4281066e-01 9.8341239e-01 1.0237732e+00
7.6376376e-01 9.4053346e-01 9.8127497e-01 1.0215733e+00
7.6876877e-01 9.3821250e-01 9.7893153e-01 1.0191673e+00
7.7377377e-01 9.3572279e-01 9.7641737e-01 1.0168107e+00
7.7877878e-01 9.3304402e-01 9.7386974e-01 1.0142697e+00
7.8378378e-01 9.3024722e-01 9.7112640e-01 1.0115130e+00
7.8878879e-01 9.2731210e-01 9.6822823e-01 1.0086145e+00
7.9379379e-01 9.2422615e-01 9.6521848e-01 1.0056292e+00
7.9879880e-01 9.2108656e-01 9.6206647e-01 1.0025632e+00
8.0380380e-01 9.1794377e-01 9.5866633e-01 9.9919807e-01
8.0880881e-01 9.1458031e-01 9.5526240e-01 9.9571214e-01
8.1381381e-01 9.1110424e-01 9.5177248e-01 9.9228190e-01
8.1881882e-01 9.0744274e-01 9.4809213e-01 9.8857851e-01
8.2382382e-01 9.0356487e-01 9.4426746e-01 9.8478691e-01
8.2882883e-01 8.9959166e-01 9.4036354e-01 9.8083772e-01
8.3383383e-01 8.9548711e-01 9.3634218e-01 9.7676653e-01
8.3883884e-01 8.9140789e-01 9.3211832e-01 9.7258057e-01
8.4384384e-01 8.8713194e-01 9.2780886e-01 9.6817749e-01
8.4884885e-01 8.8259916e-01 9.2330089e-01 9.6374320e-01
8.5385385e-01 8.7796676e-01 9.1866978e-01 9.5909492e-01
8.5885886e-01 8.7329962e-01 9.1393607e-01 9.5444225e-01
8.6386386e-01 8.6854757e-01 9.0903259e-01 9.4950140e-01
8.6886887e-01 8.6361658e-01 9.0409314e-01 9.4456676e-01
8.7387387e-01 8.5863258e-01 8.9899023e-01 9.3958303e-01
8.7887888e-01 8.5355014e-01 8.9379520e-01 9.3435408e-01
8.8388388e-01 8.4823806e-01 8.8853108e-01 9.2897860e-01
8.8888889e-01 8.4275968e-01 8.8311661e-01 9.2353089e-01
8.9389389e-01 8.3726062e-01 8.7766048e-01 9.1780832e-01
8.9889890e-01 8.3171730e-01 8.7201820e-01 9.1215554e-01
9.0390390e-01 8.2600136e-01 8.6627178e-01 9.0622018e-01
9.0890891e-01 8.2015299e-01 8.6037489e-01 9.0041455e-01
9.1391391e-01 8.1430357e-01 8.5437460e-01 8.9437010e-01
9.1891892e-01 8.0828871e-01 8.4825970e-01 8.8822562e-01
9.2392392e-01 8.0229953e-01 8.4207775e-01 8.8201986e-01
9.2892893e-01 7.9615948e-01 8.3579843e-01 8.7564958e-01
9.3393393e-01 7.8991063e-01 8.2944216e-01 8.6924775e-01
9.3893894e-01 7.8349731e-01 8.2294473e-01 8.6271130e-01
9.4394394e-01 7.7694978e-01 8.1643727e-01 8.5604773e-01
9.4894895e-01 7.7034776e-01 8.0982108e-01 8.4939325e-01
9.5395395e-01 7.6370994e-01 8.0308632e-01 8.4259403e-01
9.5895896e-01 7.5697183e-01 7.9628488e-01 8.3580566e-01
9.6396396e-01 7.5023835e-01 7.8943127e-01 8.2890946e-01
9.6896897e-01 7.4335906e-01 7.8247263e-01 8.2179058e-01
9.7397397e-01 7.3639514e-01 7.7541440e-01 8.1469201e-01
9.7897898e-01 7.2946940e-01 7.6830665e-01 8.0753895e-01
9.8398398e-01 7.2230763e-01 7.6120566e-01 8.0026946e-01
9.8898899e-01 7.1527316e-01 7.5393827e-01 7.9294843e-01
9.9399399e-01 7.0805944e-01 7.4672950e-01 7.8554582e-01
9.9899900e-01 7.0080825e-01 7.3934997e-01 7.7799387e-01
1.0040040e+00 6.9351284e-01 7.3193551e-01 7.7041732e-01
1.0090090e+00 6.8608776e-01 7.2445012e-01 7.6279415e-01
1.0140140e+00 6.7869404e-01 7.1691189e-01 7.5512670e-01
1.0190190e+00 6.7121543e-01 7.0929160e-01 7.4747092e-01
1.0240240e+00 6.6378587e-01 7.0164151e-01 7.3961164e-01
1.0290290e+00 6.5628116e-01 6.9391721e-01 7.3171151e-01
1.0340340e+00 6.4872061e-01 6.8621483e-01 7.2385433e-01
1.0390390e+00 6.4118414e-01 6.7840330e-01 7.1598051e-01
1.0440440e+00 6.3355613e-01 6.7057450e-01 7.0808906e-01
1.0490490e+00 6.2587156e-01 6.6273297e-01 7.0006782e-01
1.0540541e+00 6.1805754e-01 6.5487724e-01 6.9202714e-01
1.0590591e+00 6.1038439e-01 6.4693386e-01 6.8407350e-01
1.0640641e+00 6.0270034e-01 6.3902602e-01 6.7603390e-01
1.0690691e+00 5.9496638e-01 6.3118878e-01 6.6790933e-01
1.0740741e+00 5.8716750e-01 6.2323977e-01 6.5983776e-01
1.0790791e+00 5.7936366e-01 6.1535342e-01 6.5178807e-01
1.0840841e+00 5.7165305e-01 6.0742374e-01 6.4365250e-01
1.0890891e+00 5.6378826e-01 5.9944949e-01 6.3554025e-01
1.0940941e+00 5.5597525e-01 5.9146259e-01 6.2744795e-01
1.0990991e+00 5.4808031e-01 5.8342549e-01 6.1926182e-01
1.1041041e+00 5.4039236e-01 5.7546006e-01 6.1104207e-01
1.1091091e+00 5.3258916e-01 5.6739636e-01 6.0280281e-01
1.1141141e+00 5.2474566e-01 5.5938692e-01 5.9466798e-01
1.1191191e+00 5.1692930e-01 5.5140316e-01 5.8646966e-01
1.1241241e+00 5.0920706e-01 5.4347474e-01 5.7824095e-01
1.1291291e+00 5.0145370e-01 5.3547431e-01 5.7000878e-01
1.1341341e+00 4.9365879e-01 5.2748492e-01 5.6180455e-01
1.1391391e+00 4.8598728e-01 5.1956458e-01 5.5360939e-01
1.1441441e+00 4.7822742e-01 5.1163474e-01 5.4545472e-01
1.1491491e+00 4.7054886e-01 5.0378029e-01 5.3734686e-01
1.1541542e+00 4.6291199e-01 4.9584867e-01 5.2927439e-01
1.1591592e+00 4.5527432e-01 4.8805902e-01 5.2113487e-01
1.1641642e+00 4.4777710e-01 4.8025976e-01 5.1311567e-01
1.1691692e+00 4.4029384e-01 4.7245773e-01 5.0511192e-01
1.1741742e+00 4.3273303e-01 4.6467419e-01 4.9706593e-01
1.1791792e+00 4.2528396e-01 4.5701050e-01 4.8918274e-01
1.1841842e+00 4.1788111e-01 4.4931489e-01 4.8128208e-01
1.1891892e+00 4.1051003e-01 4.4168272e-01 4.7334774e-01
1.1941942e+00 4.0314203e-01 4.3408759e-01 4.6559767e-01
1.1991992e+00 3.9578979e-01 4.2653775e-01 4.5781108e-01
1.2042042e+00 3.8850771e-01 4.1902959e-01 4.5004657e-01
1.2092092e+00 3.8126107e-01 4.1160011e-01 4.4237266e-01
1.2142142e+00 3.7411233e-01 4.0418348e-01 4.3472462e-01
1.2192192e+00 3.6709087e-01 3.9684699e-01 4.2722056e-01
1.2242242e+00 3.6004718e-01 3.8956303e-01 4.1971375e-01
1.2292292e+00 3.5303923e-01 3.8231407e-01 4.1218810e-01
1.2342342e+00 3.4616740e-01 3.7519399e-01 4.0472593e-01
1.2392392e+00 3.3935009e-01 3.6808658e-01 3.9740060e-01
1.2442442e+00 3.3256948e-01 3.6108724e-01 3.9006299e-01
1.2492492e+00 3.2586016e-01 3.5406723e-01 3.8279740e-01
1.2542543e+00 3.1914762e-01 3.4713359e-01 3.7559768e-01
1.2592593e+00 3.1266878e-01 3.4025699e-01 3.6846631e-01
1.2642643e+00 3.0615706e-01 3.3351586e-01 3.6142526e-01
1.2692693e+00 2.9972046e-01 3.2682290e-01 3.5445011e-01
1.2742743e+00 2.9337406e-01 3.2021186e-01 3.4754219e-01
1.2792793e+00 2.8704209e-01 3.1361261e-01 3.4063229e-01
1.2842843e+00 2.8083195e-01 3.0705918e-01 3.3381425e-01
1.2892893e+00 2.7472490e-01 3.0063394e-01 3.2712938e-01
1.2942943e+00 2.6866015e-01 2.9426133e-01 3.2048708e-01
1.2992993e+00 2.6271212e-01 2.8800791e-01 3.1392722e-01
1.3043043e+00 2.5684664e-01 2.8180641e-01 3.0746213e-01
1.3093093e+00 2.5102014e-01 2.7572578e-01 3.0110147e-01
1.3143143e+00 2.4526340e-01 2.6969933e-01 2.9477615e-01
1.3193193e+00 2.3959491e-01 2.6376897e-01 2.8859693e-01
1.3243243e+00 2.3409818e-01 2.5783344e-01 2.8240977e-01
1.3293293e+00 2.2859090e-01 2.5201735e-01 2.7630873e-01
1.3343343e+00 2.2314300e-01 2.4632194e-01 2.7040814e-01
1.3393393e+00 2.1780840e-01 2.4064430e-01 2.6445795e-01
1.3443443e+00 2.1255261e-01 2.3510729e-01 2.5857958e-01
1.3493493e+00 2.0733994e-01 2.2961260e-01 2.5289218e-01
1.3543544e+00 2.0222548e-01 2.2421506e-01 2.4721816e-01
1.3593594e+00 1.9722831e-01 2.1891666e-01 2.4161582e-01
1.3643644e+00 1.9223205e-01 2.1368171e-01 2.3609247e-01
1.3693694e+00 1.8737303e-01 2.0855727e-01 2.3066250e-01
1.3743744e+00 1.8255892e-01 2.0350239e-01 2.2531971e-01
1.3793794e+00 1.7787480e-01 1.9851725e-01 2.2007391e-01
1.3843844e+00 1.7324604e-01 1.9361117e-01 2.1486708e-01
1.3893894e+00 1.6870715e-01 1.8875419e-01 2.0976583e-01
1.3943944e+00 1.6425250e-01 1.8402054e-01 2.0473973e-01
1.3993994e+00 1.5985986e-01 1.7937125e-01 1.9978132e-01
1.4044044e+00 1.5554952e-01 1.7480818e-01 1.9492932e-01
1.4094094e+00 1.5136557e-01 1.7031615e-01 1.9015238e-01
1.4144144e+00 1.4720969e-01 1.6592392e-01 1.8548721e-01
1.4194194e+00 1.4319612e-01 1.6159264e-01 1.8088459e-01
1.4244244e+00 1.3920961e-01 1.5732295e-01 1.7640110e-01
1.4294294e+00 1.3536726e-01 1.5316630e-01 1.7199290e-01
1.4344344e+00 1.3154250e-01 1.4905146e-01 1.6766154e-01
1.4394394e+00 1.2780740e-01 1.4502907e-01 1.6339335e-01
1.4444444e+00 1.2417897e-01 1.4110285e-01 1.5922785e-01
1.4494494e+00 1.2058030e-01 1.3723626e-01 1.5512238e-01
1.4544545e+00 1.1709627e-01 1.3345039e-01 1.5108252e-01
1.4594595e+00 1.1363506e-01 1.2976787e-01 1.4710246e-01
1.4644645e+00 1.1031462e-01 1.2614233e-01 1.4324013e-01
1.4694695e+00 1.0704035e-01 1.2260138e-01 1.3942002e-01
1.4744745e+00 1.0379852e-01 1.1914859e-01 1.3567288e-01
1.4794795e+00 1.0063007e-01 1.1574548e-01 1.3203326e-01
1.4844845e+00 9.7545024e-02 1.1243049e-01 1.2846477e-01
1.4894895e+00 9.4528098e-02 1.0917171e-01 1.2495886e-01
1.4944945e+00 9.1593386e-02 1.0599463e-01 1.2152563e-01
1.4994995e+00 8.8709085e-02 1.0286381e-01 1.1813296e-01
1.5045045e+00 8.5905019e-02 9.9814302e-02 1.1484800e-01
1.5095095e+00 8.3157019e-02 9.6845416e-02 1.1164389e-01
1.5145145e+00 8.0507353e-02 9.3947964e-02 1.0848896e-01
1.5195195e+00 7.7901891e-02 9.1118149e-02 1.0539515e-01
1.5245245e+00 7.5356450e-02 8.8364667e-02 1.0240311e-01
1.5295295e+00 7.2890745e-02 8.5656144e-02 9.9446525e-02
1.5345345e+00 7.0490657e-02 8.3023636e-02 9.6554936e-02
1.5395395e+00 6.8138212e-02 8.0442346e-02 9.3730384e-02
1.5445445e+00 6.5855363e-02 7.7933682e-02 9.0962092e-02
1.5495495e+00 6.3633054e-02 7.5469314e-02 8.8270423e-02
1.5545546e+00 6.1459232e-02 7.3063246e-02 8.5648216e-02
1.5595596e+00 5.9358710e-02 7.0726852e-02 8.3091973e-02
1.5645646e+00 5.7310376e-02 6.8461238e-02 8.0582674e-02
1.5695696e+00 5.5292860e-02 6.6225894e-02 7.8139663e-02
1.5745746e+00 5.3336993e-02 6.4049236e-02 7.5733165e-02
1.5795796e+00 5.1453513e-02 6.1957234e-02 7.3415569e-02
1.5845846e+00 4.9628454e-02 5.9899943e-02 7.1127555e-02
1.5895896e+00 4.7869410e-02 5.7883660e-02 6.8893818e-02
1.5945946e+00 4.6145039e-02 5.5929203e-02 6.6719578e-02
1.5995996e+00 4.4438763e-02 5.4030349e-02 6.4605628e-02
1.6046046e+00 4.2788873e-02 5.2197040e-02 6.2558700e-02
1.6096096e+00 4.1213491e-02 5.0403634e-02 6.0543522e-02
1.6146146e+00 3.9679458e-02 4.8657604e-02 5.8561363e-02
1.6196196e+00 3.8184345e-02 4.6975794e-02 5.6659646e-02
1.6246246e+00 3.6744818e-02 4.5327146e-02 5.4812455e-02
1.6296296e+00 3.5346599e-02 4.3717571e-02 5.3004705e-02
1.6346346e+00 3.3996765e-02 4.2145841e-02 5.1222746e-02
1.6396396e+00 3.2681940e-02 4.0639298e-02 4.9504644e-02
1.6446446e+00 3.1407708e-02 3.9164204e-02 4.7815706e-02
1.6496496e+00 3.0190285e-02 3.7749444e-02 4.6190239e-02
1.6546547e+00 2.8992731e-02 3.6370690e-02 4.4597463e-02
1.6596597e+00 2.7823209e-02 3.5034984e-02 4.3041548e-02
1.6646647e+00 2.6700512e-02 3.3734855e-02 4.1543127e-02
1.6696697e+00 2.5615957e-02 3.2467745e-02 4.0070382e-02
1.6746747e+00 2.4571448e-02 3.1240456e-02 3.8648341e-02
1.6796797e+00 2.3565882e-02 3.0046337e-02 3.7279774e-02
1.6846847e+00 2.2582789e-02 2.8879029e-02 3.5923893e-02
1.6896897e+00 2.1643049e-02 2.7763296e-02 3.4630940e-02
1.6946947e+00 2.0740460e-02 2.6683533e-02 3.3371992e-02
1.6996997e+00 1.9862930e-02 2.5634529e-02 3.2144339e-02
1.7047047e+00 1.9018859e-02 2.4624902e-02 3.0952164e-02
1.7097097e+00 1.8205290e-02 2.3650763e-02 2.9801961e-02
1.7147147e+00 1.7418924e-02 2.2700201e-02 2.8666922e-02
1.7197197e+00 1.6659469e-02 2.1778610e-02 2.7572883e-02
1.7247247e+00 1.5926548e-02 2.0887824e-02 2.6521428e-02
1.7297297e+00 1.5228710e-02 2.0030290e-02 2.5497198e-02
1.7347347e+00 1.4555541e-02 1.9206882e-02 2.4506942e-02
1.7397397e+00 1.3910616e-02 1.8418574e-02 2.3555509e-02
1.7447447e+00 1.3286877e-02 1.7649149e-02 2.2632544e-02
1.7497497e+00 1.2684314e-02 1.6905155e-02 2.1731333e-02
1.7547548e+00 1.2106443e-02 1.6186250e-02 2.0864801e-02
1.7597598e+00 1.1554587e-02 1.5493834e-02 2.0019027e-02
1.7647648e+00 1.1022862e-02 1.4827539e-02 1.9198812e-02
1.7697698e+00 1.0510283e-02 1.4181516e-02 1.8412525e-02
1.7747748e+00 1.0017657e-02 1.3561374e-02 1.7649733e-02
1.7797798e+00 9.5453416e-03 1.2961324e-02 1.6911847e-02
1.7847848e+00 9.0939821e-03 1.2387490e-02 1.6199256e-02
1.7897898e+00 8.6545294e-03 1.1832408e-02 1.5513010e-02
1.7947948e+00 8.2358422e-03 1.1293969e-02 1.4850382e-02
1.7997998e+00 7.8364612e-03 1.0784190e-02 1.4213859e-02
1.8048048e+00 7.4528598e-03 1.0291001e-02 1.3599426e-02
1.8098098e+00 7.0853384e-03 9.8184970e-03 1.3004285e-02
1.8148148e+00 6.7336129e-03 9.3646724e-03 1.2429298e-02
1.8198198e+00 6.3950415e-03 8.9269711e-03 1.1878822e-02
1.8248248e+00 6.0734876e-03 8.5062449e-03 1.1349224e-02
1.8298298e+00 5.7681198e-03 8.1013964e-03 1.0832180e-02
1.8348348e+00 5.4716804e-03 7.7131001e-03 1.0339243e-02
1.8398398e+00 5.1913610e-03 7.3428479e-03 9.8620616e-03
1.8448448e+00 4.9239365e-03 6.9861754e-03 9.4085730e-03
1.8498498e+00 4.6689823e-03 6.6475118e-03 8.9697075e-03
1.8548549e+00 4.4245671e-03 6.3177232e-03 8.5483699e-03
1.8598599e+00 4.1922182e-03 6.0027250e-03 8.1444746e-03
1.8648649e+00 3.9689797e-03 5.7018618e-03 7.7552823e-03
1.8698699e+00 3.7555044e-03 5.4129305e-03 7.3830616e-03
1.8748749e+00 3.5533898e-03 5.1385816e-03 7.0232972e-03
1.8798799e+00 3.3596261e-03 4.8759432e-03 6.6801062e-03
1.8848849e+00 3.1748604e-03 4.6248960e-03 6.3505937e-03
1.8898899e+00 3.0009039e-03 4.3859255e-03 6.0324998e-03
1.8948949e+00 2.8339971e-03 4.1576513e-03 5.7291056e-03
1.8998999e+00 2.6753006e-03 3.9401280e-03 5.4406530e-03
1.9049049e+00 2.5252337e-03 3.7321950e-03 5.1647932e-03
1.9099099e+00 2.3816954e-03 3.5326719e-03 4.9002012e-03
1.9149149e+00 2.2454677e-03 3.3423806e-03 4.6482604e-03
1.9199199e+00 2.1165188e-03 3.1616689e-03 4.4076532e-03
1.9249249e+00 1.9945098e-03 2.9893455e-03 4.1750447e-03
1.9299299e+00 1.8790349e-03 2.8265154e-03 3.9536356e-03
1.9349349e+00 1.7688295e-03 2.6699595e-03 3.7429260e-03
1.9399399e+00 1.6650357e-03 2.5208700e-03 3.5423415e-03
1.9449449e+00 1.5661057e-03 2.3791040e-03 3.3492054e-03
1.9499499e+00 1.4721627e-03 2.2450102e-03 3.1657334e-03
1.9549550e+00 1.3832924e-03 2.1169935e-03 2.9916825e-03
1.9599600e+00 1.2997663e-03 1.9955095e-03 2.8257998e-03
1.9649650e+00 1.2208780e-03 1.8802866e-03 2.6690640e-03
1.9699700e+00 1.1460476e-03 1.7705536e-03 2.5199112e-03
1.9749750e+00 1.0763128e-03 1.6667144e-03 2.3772803e-03
1.9799800e+00 1.0096092e-03 1.5686398e-03 2.2408196e-03
1.9849850e+00 9.4685931e-04 1.4753942e-03 2.1128120e-03
1.9899900e+00 8.8694697e-04 1.3874535e-03 1.9904865e-03
1.9949950e+00 8.3056285e-04 1.3036986e-03 1.8745479e-03
2.0000000e+00 7.7704118e-04 1.2246173e-03 1.7652810e-03
