X KDE_INF KDE_MED KDE_SUP
5.0000000e+00 1.3117021e-04 7.6187049e-03 1.5414474e-02
5.0240240e+00 1.3707305e-04 7.7885695e-03 1.5749599e-02
5.0480480e+00 1.4330131e-04 7.9602632e-03 1.6091516e-02
5.0720721e+00 1.4988974e-04 8.1341267e-03 1.6440959e-02
5.0960961e+00 1.5659187e-04 8.3124629e-03 1.6791767e-02
5.1201201e+00 1.6356659e-04 8.4920768e-03 1.7145816e-02
5.1441441e+00 1.7085014e-04 8.6727533e-03 1.7505414e-02
5.1681682e+00 1.7835480e-04 8.8574325e-03 1.7871495e-02
5.1921922e+00 1.8616811e-04 9.0450014e-03 1.8243148e-02
5.2162162e+00 1.9433044e-04 9.2357311e-03 1.8619128e-02
5.2402402e+00 2.0267298e-04 9.4281372e-03 1.8999616e-02
5.2642643e+00 2.1151731e-04 9.6236007e-03 1.9385232e-02
5.2882883e+00 2.2087897e-04 9.8204200e-03 1.9774398e-02
5.3123123e+00 2.3053913e-04 1.0020054e-02 2.0167790e-02
5.3363363e+00 2.4045973e-04 1.0222588e-02 2.0563426e-02
5.3603604e+00 2.5084362e-04 1.0426447e-02 2.0967938e-02
5.3843844e+00 2.6164281e-04 1.0632559e-02 2.1376578e-02
5.4084084e+00 2.7285728e-04 1.0840079e-02 2.1788245e-02
5.4324324e+00 2.8447826e-04 1.1051246e-02 2.2202332e-02
5.4564565e+00 2.9642674e-04 1.1264022e-02 2.2621359e-02
5.4804805e+00 3.0900647e-04 1.1481130e-02 2.3045536e-02
5.5045045e+00 3.2214498e-04 1.1699119e-02 2.3473523e-02
5.5285285e+00 3.3557374e-04 1.1920182e-02 2.3906356e-02
5.5525526e+00 3.4960360e-04 1.2142762e-02 2.4346227e-02
5.5765766e+00 3.6409317e-04 1.2366413e-02 2.4786703e-02
5.6006006e+00 3.7929422e-04 1.2593641e-02 2.5229521e-02
5.6246246e+00 3.9495491e-04 1.2825928e-02 2.5678335e-02
5.6486486e+00 4.1123261e-04 1.3056442e-02 2.6129226e-02
5.6726727e+00 4.2836495e-04 1.3288243e-02 2.6584978e-02
5.6966967e+00 4.4610838e-04 1.3522790e-02 2.7045885e-02
5.7207207e+00 4.6435433e-04 1.3760083e-02 2.7509778e-02
5.7447447e+00 4.8372234e-04 1.3998534e-02 2.7975921e-02
5.7687688e+00 5.0352954e-04 1.4239502e-02 2.8447521e-02
5.7927928e+00 5.2376509e-04 1.4483269e-02 2.8920793e-02
5.8168168e+00 5.4505396e-04 1.4727794e-02 2.9397004e-02
5.8408408e+00 5.6707507e-04 1.4977876e-02 2.9876564e-02
5.8648649e+00 5.8981015e-04 1.5227910e-02 3.0358555e-02
5.8888889e+00 6.1332324e-04 1.5480075e-02 3.0847815e-02
5.9129129e+00 6.3796348e-04 1.5732751e-02 3.1335707e-02
5.9369369e+00 6.6286880e-04 1.5987022e-02 3.1827689e-02
5.9609610e+00 6.8932021e-04 1.6243514e-02 3.2325106e-02
5.9849850e+00 7.1625687e-04 1.6499549e-02 3.2823837e-02
6.0090090e+00 7.4472346e-04 1.6755422e-02 3.3318080e-02
6.0330330e+00 7.7425154e-04 1.7013771e-02 3.3819000e-02
6.0570571e+00 8.0484935e-04 1.7274630e-02 3.4321044e-02
6.0810811e+00 8.3657541e-04 1.7539264e-02 3.4827677e-02
6.1051051e+00 8.6935804e-04 1.7804463e-02 3.5336650e-02
6.1291291e+00 9.0336766e-04 1.8069756e-02 3.5852370e-02
6.1531532e+00 9.3869978e-04 1.8337282e-02 3.6362686e-02
6.1771772e+00 9.7486824e-04 1.8606088e-02 3.6884387e-02
6.2012012e+00 1.0121291e-03 1.8875881e-02 3.7401718e-02
6.2252252e+00 1.0509433e-03 1.9149497e-02 3.7923356e-02
6.2492492e+00 1.0915736e-03 1.9420447e-02 3.8438042e-02
6.2732733e+00 1.1333478e-03 1.9696840e-02 3.8958805e-02
6.2972973e+00 1.1761250e-03 1.9969375e-02 3.9482212e-02
6.3213213e+00 1.2197642e-03 2.0244238e-02 4.0004099e-02
6.3453453e+00 1.2650578e-03 2.0523366e-02 4.0529784e-02
6.3693694e+00 1.3121412e-03 2.0795750e-02 4.1048931e-02
6.3933934e+00 1.3608288e-03 2.1075973e-02 4.1575435e-02
6.4174174e+00 1.4099387e-03 2.1356354e-02 4.2107216e-02
6.4414414e+00 1.4635733e-03 2.1632950e-02 4.2635335e-02
6.4654655e+00 1.5181382e-03 2.1911138e-02 4.3158375e-02
6.4894895e+00 1.5743312e-03 2.2193080e-02 4.3685069e-02
6.5135135e+00 1.6320047e-03 2.2473007e-02 4.4210171e-02
6.5375375e+00 1.6927431e-03 2.2752235e-02 4.4735344e-02
6.5615616e+00 1.7536802e-03 2.3035419e-02 4.5261718e-02
6.5855856e+00 1.8177357e-03 2.3319193e-02 4.5790244e-02
6.6096096e+00 1.8816346e-03 2.3600564e-02 4.6317576e-02
6.6336336e+00 1.9500519e-03 2.3884598e-02 4.6848688e-02
6.6576577e+00 2.0197129e-03 2.4168572e-02 4.7376742e-02
6.6816817e+00 2.0896230e-03 2.4451659e-02 4.7901066e-02
6.7057057e+00 2.1627909e-03 2.4738461e-02 4.8412313e-02
6.7297297e+00 2.2399594e-03 2.5021646e-02 4.8934127e-02
6.7537538e+00 2.3192797e-03 2.5307995e-02 4.9451841e-02
6.7777778e+00 2.4009309e-03 2.5590220e-02 4.9969160e-02
6.8018018e+00 2.4878759e-03 2.5875996e-02 5.0481512e-02
6.8258258e+00 2.5762544e-03 2.6158375e-02 5.0998370e-02
6.8498498e+00 2.6674027e-03 2.6438370e-02 5.1506974e-02
6.8738739e+00 2.7596883e-03 2.6724261e-02 5.2011048e-02
6.8978979e+00 2.8534238e-03 2.7005098e-02 5.2523963e-02
6.9219219e+00 2.9543304e-03 2.7290771e-02 5.3036383e-02
6.9459459e+00 3.0567166e-03 2.7573217e-02 5.3545909e-02
6.9699700e+00 3.1622343e-03 2.7855323e-02 5.4053601e-02
6.9939940e+00 3.2721360e-03 2.8137462e-02 5.4561257e-02
7.0180180e+00 3.3824308e-03 2.8416869e-02 5.5081713e-02
7.0420420e+00 3.4952887e-03 2.8695760e-02 5.5590080e-02
7.0660661e+00 3.6121564e-03 2.8978697e-02 5.6093376e-02
7.0900901e+00 3.7382124e-03 2.9262706e-02 5.6593710e-02
7.1141141e+00 3.8659548e-03 2.9543474e-02 5.7084188e-02
7.1381381e+00 3.9941451e-03 2.9821979e-02 5.7584716e-02
7.1621622e+00 4.1260170e-03 3.0104958e-02 5.8076304e-02
7.1861862e+00 4.2640944e-03 3.0385033e-02 5.8584286e-02
7.2102102e+00 4.4061073e-03 3.0664037e-02 5.9069968e-02
7.2342342e+00 4.5525922e-03 3.0940975e-02 5.9567422e-02
7.2582583e+00 4.7034990e-03 3.1216859e-02 6.0046451e-02
7.2822823e+00 4.8570104e-03 3.1492967e-02 6.0527936e-02
7.3063063e+00 5.0159299e-03 3.1774191e-02 6.1013312e-02
7.3303303e+00 5.1813280e-03 3.2046611e-02 6.1473897e-02
7.3543544e+00 5.3507439e-03 3.2328987e-02 6.1944165e-02
7.3783784e+00 5.5229612e-03 3.2605161e-02 6.2410789e-02
7.4024024e+00 5.6972704e-03 3.2882442e-02 6.2870681e-02
7.4264264e+00 5.8773291e-03 3.3165213e-02 6.3325764e-02
7.4504505e+00 6.0604893e-03 3.3443449e-02 6.3784004e-02
7.4744745e+00 6.2553746e-03 3.3726076e-02 6.4231768e-02
7.4984985e+00 6.4539064e-03 3.4006575e-02 6.4688536e-02
7.5225225e+00 6.6564578e-03 3.4285733e-02 6.5127418e-02
7.5465465e+00 6.8643181e-03 3.4560713e-02 6.5562582e-02
7.5705706e+00 7.0721552e-03 3.4835931e-02 6.5999014e-02
7.5945946e+00 7.2878685e-03 3.5113744e-02 6.6424211e-02
7.6186186e+00 7.5131801e-03 3.5400377e-02 6.6863569e-02
7.6426426e+00 7.7395674e-03 3.5677809e-02 6.7288036e-02
7.6666667e+00 7.9722182e-03 3.5951973e-02 6.7722781e-02
7.6906907e+00 8.2136417e-03 3.6234900e-02 6.8144959e-02
7.7147147e+00 8.4655838e-03 3.6520321e-02 6.8574829e-02
7.7387387e+00 8.7239229e-03 3.6803553e-02 6.8992164e-02
7.7627628e+00 8.9830238e-03 3.7091437e-02 6.9417234e-02
7.7867868e+00 9.2504174e-03 3.7380887e-02 6.9822126e-02
7.8108108e+00 9.5214814e-03 3.7677934e-02 7.0224800e-02
7.8348348e+00 9.8080472e-03 3.7970819e-02 7.0636575e-02
7.8588589e+00 1.0093671e-02 3.8271322e-02 7.1048508e-02
7.8828829e+00 1.0380891e-02 3.8567818e-02 7.1475021e-02
7.9069069e+00 1.0674753e-02 3.8874344e-02 7.1893962e-02
7.9309309e+00 1.0988228e-02 3.9186774e-02 7.2308840e-02
7.9549550e+00 1.1304107e-02 3.9484080e-02 7.2723437e-02
7.9789790e+00 1.1622781e-02 3.9795867e-02 7.3127738e-02
8.0030030e+00 1.1951343e-02 4.0108029e-02 7.3537753e-02
8.0270270e+00 1.2294533e-02 4.0417177e-02 7.3929634e-02
8.0510511e+00 1.2644031e-02 4.0730680e-02 7.4326294e-02
8.0750751e+00 1.3001192e-02 4.1056936e-02 7.4725995e-02
8.0990991e+00 1.3358050e-02 4.1394215e-02 7.5126204e-02
8.1231231e+00 1.3718974e-02 4.1734873e-02 7.5533441e-02
8.1471471e+00 1.4090800e-02 4.2085785e-02 7.5958261e-02
8.1711712e+00 1.4483576e-02 4.2466066e-02 7.6383701e-02
8.1951952e+00 1.4876789e-02 4.2832448e-02 7.6785858e-02
8.2192192e+00 1.5283171e-02 4.3214997e-02 7.7212521e-02
8.2432432e+00 1.5681080e-02 4.3598360e-02 7.7645689e-02
8.2672673e+00 1.6108666e-02 4.3990239e-02 7.8070037e-02
8.2912913e+00 1.6542514e-02 4.4415429e-02 7.8499622e-02
8.3153153e+00 1.6962663e-02 4.4826844e-02 7.8927903e-02
8.3393393e+00 1.7396574e-02 4.5256882e-02 7.9345302e-02
8.3633634e+00 1.7837036e-02 4.5751592e-02 7.9811983e-02
8.3873874e+00 1.8286843e-02 4.6279955e-02 8.0257899e-02
8.4114114e+00 1.8738690e-02 4.6751452e-02 8.0746012e-02
8.4354354e+00 1.9213843e-02 4.7212183e-02 8.1247292e-02
8.4594595e+00 1.9691523e-02 4.7719359e-02 8.1738865e-02
8.4834835e+00 2.0179208e-02 4.8264895e-02 8.2159691e-02
8.5075075e+00 2.0678829e-02 4.8786451e-02 8.2665279e-02
8.5315315e+00 2.1192349e-02 4.9288511e-02 8.3150357e-02
8.5555556e+00 2.1715649e-02 4.9795744e-02 8.3737728e-02
8.5795796e+00 2.2245852e-02 5.0352718e-02 8.4261460e-02
8.6036036e+00 2.2792837e-02 5.0918453e-02 8.4775483e-02
8.6276276e+00 2.3338358e-02 5.1540496e-02 8.5394286e-02
8.6516517e+00 2.3892386e-02 5.2117703e-02 8.5980341e-02
8.6756757e+00 2.4481022e-02 5.2710336e-02 8.6554753e-02
8.6996997e+00 2.5086535e-02 5.3288249e-02 8.7126393e-02
8.7237237e+00 2.5696798e-02 5.3889506e-02 8.7606155e-02
8.7477477e+00 2.6296477e-02 5.4436649e-02 8.8132804e-02
8.7717718e+00 2.6894510e-02 5.5067045e-02 8.8651899e-02
8.7957958e+00 2.7501488e-02 5.5718933e-02 8.9220875e-02
8.8198198e+00 2.8124279e-02 5.6360038e-02 8.9802283e-02
8.8438438e+00 2.8782162e-02 5.7035216e-02 9.0323964e-02
8.8678679e+00 2.9422135e-02 5.7678607e-02 9.0867855e-02
8.8918919e+00 3.0057759e-02 5.8320863e-02 9.1492892e-02
8.9159159e+00 3.0666475e-02 5.8943309e-02 9.2134255e-02
8.9399399e+00 3.1315859e-02 5.9574275e-02 9.2786585e-02
8.9639640e+00 3.1918610e-02 6.0161545e-02 9.3469445e-02
8.9879880e+00 3.2460984e-02 6.0751286e-02 9.4238132e-02
9.0120120e+00 3.3094139e-02 6.1339956e-02 9.4954379e-02
9.0360360e+00 3.3614718e-02 6.1895895e-02 9.5679083e-02
9.0600601e+00 3.4139975e-02 6.2543571e-02 9.6410376e-02
9.0840841e+00 3.4672625e-02 6.3138224e-02 9.7178266e-02
9.1081081e+00 3.5227476e-02 6.3861648e-02 9.7896343e-02
9.1321321e+00 3.5765959e-02 6.4523132e-02 9.8664288e-02
9.1561562e+00 3.6342919e-02 6.5201051e-02 9.9415832e-02
9.1801802e+00 3.6967528e-02 6.5893227e-02 1.0022829e-01
9.2042042e+00 3.7594583e-02 6.6591317e-02 1.0103013e-01
9.2282282e+00 3.8205098e-02 6.7380875e-02 1.0174776e-01
9.2522523e+00 3.8781668e-02 6.8160704e-02 1.0256853e-01
9.2762763e+00 3.9345490e-02 6.8976994e-02 1.0339383e-01
9.3003003e+00 4.0039951e-02 6.9788136e-02 1.0426969e-01
9.3243243e+00 4.0700659e-02 7.0591065e-02 1.0518426e-01
9.3483483e+00 4.1352990e-02 7.1395732e-02 1.0608934e-01
9.3723724e+00 4.2082978e-02 7.2288269e-02 1.0707049e-01
9.3963964e+00 4.2837402e-02 7.3184151e-02 1.0798307e-01
9.4204204e+00 4.3506793e-02 7.4087632e-02 1.0891533e-01
9.4444444e+00 4.4336716e-02 7.4930377e-02 1.0991254e-01
9.4684685e+00 4.5121536e-02 7.5840563e-02 1.1093950e-01
9.4924925e+00 4.5935418e-02 7.6753502e-02 1.1193831e-01
9.5165165e+00 4.6720449e-02 7.7677056e-02 1.1301287e-01
9.5405405e+00 4.7582825e-02 7.8611938e-02 1.1400759e-01
9.5645646e+00 4.8505432e-02 7.9534263e-02 1.1508146e-01
9.5885886e+00 4.9425402e-02 8.0497745e-02 1.1615535e-01
9.6126126e+00 5.0294146e-02 8.1461439e-02 1.1725723e-01
9.6366366e+00 5.1211272e-02 8.2413302e-02 1.1846090e-01
9.6606607e+00 5.2179235e-02 8.3399876e-02 1.1966042e-01
9.6846847e+00 5.3104574e-02 8.4385846e-02 1.2079774e-01
9.7087087e+00 5.4050638e-02 8.5436413e-02 1.2201649e-01
9.7327327e+00 5.5018144e-02 8.6495848e-02 1.2319926e-01
9.7567568e+00 5.5959237e-02 8.7620972e-02 1.2435196e-01
9.7807808e+00 5.6918784e-02 8.8728871e-02 1.2556949e-01
9.8048048e+00 5.7885601e-02 8.9801992e-02 1.2683304e-01
9.8288288e+00 5.8807165e-02 9.0930919e-02 1.2808645e-01
9.8528529e+00 5.9772269e-02 9.2120698e-02 1.2942208e-01
9.8768769e+00 6.0787603e-02 9.3303982e-02 1.3078694e-01
9.9009009e+00 6.1792485e-02 9.4548386e-02 1.3226407e-01
9.9249249e+00 6.2877949e-02 9.5827324e-02 1.3365989e-01
9.9489489e+00 6.3909292e-02 9.7052790e-02 1.3509760e-01
9.9729730e+00 6.5033175e-02 9.8295116e-02 1.3651937e-01
9.9969970e+00 6.6098543e-02 9.9566330e-02 1.3795189e-01
1.0021021e+01 6.7242506e-02 1.0086400e-01 1.3950890e-01
1.0045045e+01 6.8387258e-02 1.0222166e-01 1.4102313e-01
1.0069069e+01 6.9498022e-02 1.0358194e-01 1.4249598e-01
1.0093093e+01 7.0625207e-02 1.0497051e-01 1.4408699e-01
1.0117117e+01 7.1888837e-02 1.0641618e-01 1.4580286e-01
1.0141141e+01 7.3197881e-02 1.0779438e-01 1.4746096e-01
1.0165165e+01 7.4429068e-02 1.0924881e-01 1.4913228e-01
1.0189189e+01 7.5690195e-02 1.1065691e-01 1.5089665e-01
1.0213213e+01 7.6969777e-02 1.1213594e-01 1.5254348e-01
1.0237237e+01 7.8344267e-02 1.1370410e-01 1.5426834e-01
1.0261261e+01 7.9648002e-02 1.1527004e-01 1.5605598e-01
1.0285285e+01 8.0970469e-02 1.1683333e-01 1.5790806e-01
1.0309309e+01 8.2346688e-02 1.1844221e-01 1.5971988e-01
1.0333333e+01 8.3737877e-02 1.2010791e-01 1.6162899e-01
1.0357357e+01 8.5196525e-02 1.2173234e-01 1.6357429e-01
1.0381381e+01 8.6694201e-02 1.2346753e-01 1.6548602e-01
1.0405405e+01 8.8153941e-02 1.2522951e-01 1.6739952e-01
1.0429429e+01 8.9694963e-02 1.2695289e-01 1.6952594e-01
1.0453453e+01 9.1239203e-02 1.2869115e-01 1.7159906e-01
1.0477477e+01 9.2742280e-02 1.3046001e-01 1.7377188e-01
1.0501502e+01 9.4318175e-02 1.3227587e-01 1.7595773e-01
1.0525526e+01 9.6023612e-02 1.3412797e-01 1.7806964e-01
1.0549550e+01 9.7675719e-02 1.3600679e-01 1.8018964e-01
1.0573574e+01 9.9425643e-02 1.3791840e-01 1.8244793e-01
1.0597598e+01 1.0112744e-01 1.3985536e-01 1.8470651e-01
1.0621622e+01 1.0283112e-01 1.4185363e-01 1.8692876e-01
1.0645646e+01 1.0458707e-01 1.4389999e-01 1.8910504e-01
1.0669670e+01 1.0633181e-01 1.4597875e-01 1.9132228e-01
1.0693694e+01 1.0812831e-01 1.4793252e-01 1.9363438e-01
1.0717718e+01 1.0998607e-01 1.5004022e-01 1.9607944e-01
1.0741742e+01 1.1192282e-01 1.5224290e-01 1.9846349e-01
1.0765766e+01 1.1383206e-01 1.5443775e-01 2.0092315e-01
1.0789790e+01 1.1581829e-01 1.5662255e-01 2.0342222e-01
1.0813814e+01 1.1774943e-01 1.5883337e-01 2.0596221e-01
1.0837838e+01 1.1978897e-01 1.6112543e-01 2.0853766e-01
1.0861862e+01 1.2191395e-01 1.6345603e-01 2.1117896e-01
1.0885886e+01 1.2402429e-01 1.6579753e-01 2.1374991e-01
1.0909910e+01 1.2614918e-01 1.6817954e-01 2.1642849e-01
1.0933934e+01 1.2824101e-01 1.7060995e-01 2.1915367e-01
1.0957958e+01 1.3048507e-01 1.7304743e-01 2.2180642e-01
1.0981982e+01 1.3271764e-01 1.7550786e-01 2.2467403e-01
1.1006006e+01 1.3500270e-01 1.7802602e-01 2.2745331e-01
1.1030030e+01 1.3731211e-01 1.8061861e-01 2.3030106e-01
1.1054054e+01 1.3963869e-01 1.8317090e-01 2.3320348e-01
1.1078078e+01 1.4197980e-01 1.8577535e-01 2.3622024e-01
1.1102102e+01 1.4438563e-01 1.8845333e-01 2.3913204e-01
1.1126126e+01 1.4681645e-01 1.9114682e-01 2.4206181e-01
1.1150150e+01 1.4926551e-01 1.9395238e-01 2.4505300e-01
1.1174174e+01 1.5174529e-01 1.9675321e-01 2.4801810e-01
1.1198198e+01 1.5428819e-01 1.9960876e-01 2.5110968e-01
1.1222222e+01 1.5683877e-01 2.0246013e-01 2.5420595e-01
1.1246246e+01 1.5941725e-01 2.0540753e-01 2.5737335e-01
1.1270270e+01 1.6215246e-01 2.0839221e-01 2.6059971e-01
1.1294294e+01 1.6485794e-01 2.1132610e-01 2.6392652e-01
1.1318318e+01 1.6757527e-01 2.1438384e-01 2.6723593e-01
1.1342342e+01 1.7034787e-01 2.1740342e-01 2.7057345e-01
1.1366366e+01 1.7307105e-01 2.2052824e-01 2.7395455e-01
1.1390390e+01 1.7587771e-01 2.2370504e-01 2.7741969e-01
1.1414414e+01 1.7872083e-01 2.2688683e-01 2.8084284e-01
1.1438438e+01 1.8157478e-01 2.3006326e-01 2.8431983e-01
1.1462462e+01 1.8451304e-01 2.3332336e-01 2.8775992e-01
1.1486486e+01 1.8742239e-01 2.3661847e-01 2.9129161e-01
1.1510511e+01 1.9046581e-01 2.3997759e-01 2.9495852e-01
1.1534535e+01 1.9355045e-01 2.4342792e-01 2.9860796e-01
1.1558559e+01 1.9663780e-01 2.4677909e-01 3.0219608e-01
1.1582583e+01 1.9972806e-01 2.5026197e-01 3.0585627e-01
1.1606607e+01 2.0295667e-01 2.5375193e-01 3.0963887e-01
1.1630631e+01 2.0615063e-01 2.5728262e-01 3.1344535e-01
1.1654655e+01 2.0940891e-01 2.6088519e-01 3.1731130e-01
1.1678679e+01 2.1273409e-01 2.6448248e-01 3.2130281e-01
1.1702703e+01 2.1603971e-01 2.6804638e-01 3.2519735e-01
1.1726727e+01 2.1933236e-01 2.7172085e-01 3.2923710e-01
1.1750751e+01 2.2270757e-01 2.7543000e-01 3.3326474e-01
1.1774775e+01 2.2621255e-01 2.7918292e-01 3.3725373e-01
1.1798799e+01 2.2953240e-01 2.8306798e-01 3.4126252e-01
1.1822823e+01 2.3300980e-01 2.8691694e-01 3.4542519e-01
1.1846847e+01 2.3655851e-01 2.9079031e-01 3.4950500e-01
1.1870871e+01 2.4007693e-01 2.9474239e-01 3.5376574e-01
1.1894895e+01 2.4370003e-01 2.9865999e-01 3.5806235e-01
1.1918919e+01 2.4738279e-01 3.0264855e-01 3.6225562e-01
1.1942943e+01 2.5100763e-01 3.0670581e-01 3.6662376e-01
1.1966967e+01 2.5484421e-01 3.1070090e-01 3.7106219e-01
1.1990991e+01 2.5852249e-01 3.1486252e-01 3.7545653e-01
1.2015015e+01 2.6239622e-01 3.1900601e-01 3.7995047e-01
1.2039039e+01 2.6621763e-01 3.2316411e-01 3.8454647e-01
1.2063063e+01 2.7021753e-01 3.2732119e-01 3.8912621e-01
1.2087087e+01 2.7401052e-01 3.3158057e-01 3.9358864e-01
1.2111111e+01 2.7801061e-01 3.3581565e-01 3.9817967e-01
1.2135135e+01 2.8195110e-01 3.4020195e-01 4.0285041e-01
1.2159159e+01 2.8597944e-01 3.4457314e-01 4.0763661e-01
1.2183183e+01 2.8991527e-01 3.4900629e-01 4.1247362e-01
1.2207207e+01 2.9392235e-01 3.5344493e-01 4.1724348e-01
1.2231231e+01 2.9797611e-01 3.5796283e-01 4.2207113e-01
1.2255255e+01 3.0216144e-01 3.6252835e-01 4.2694702e-01
1.2279279e+01 3.0634123e-01 3.6702257e-01 4.3171447e-01
1.2303303e+01 3.1043024e-01 3.7165703e-01 4.3664556e-01
1.2327327e+01 3.1471889e-01 3.7626886e-01 4.4147293e-01
1.2351351e+01 3.1907027e-01 3.8095191e-01 4.4645913e-01
1.2375375e+01 3.2339643e-01 3.8561585e-01 4.5138276e-01
1.2399399e+01 3.2770385e-01 3.9034724e-01 4.5643469e-01
1.2423423e+01 3.3208172e-01 3.9502416e-01 4.6153273e-01
1.2447447e+01 3.3644114e-01 3.9986805e-01 4.6659669e-01
1.2471471e+01 3.4085636e-01 4.0466863e-01 4.7179524e-01
1.2495495e+01 3.4546860e-01 4.0953934e-01 4.7687982e-01
1.2519520e+01 3.4994987e-01 4.1439245e-01 4.8207202e-01
1.2543544e+01 3.5448910e-01 4.1925519e-01 4.8743768e-01
1.2567568e+01 3.5897737e-01 4.2424693e-01 4.9272001e-01
1.2591592e+01 3.6356549e-01 4.2931016e-01 4.9803776e-01
1.2615616e+01 3.6822050e-01 4.3431670e-01 5.0342288e-01
1.2639640e+01 3.7293081e-01 4.3936559e-01 5.0870202e-01
1.2663664e+01 3.7758491e-01 4.4452715e-01 5.1426398e-01
1.2687688e+01 3.8224545e-01 4.4959615e-01 5.1966147e-01
1.2711712e+01 3.8697069e-01 4.5474412e-01 5.2509865e-01
1.2735736e+01 3.9166966e-01 4.5999939e-01 5.3057812e-01
1.2759760e+01 3.9660658e-01 4.6521312e-01 5.3625701e-01
1.2783784e+01 4.0152178e-01 4.7043217e-01 5.4179211e-01
1.2807808e+01 4.0638634e-01 4.7566724e-01 5.4724579e-01
1.2831832e+01 4.1119757e-01 4.8088371e-01 5.5279107e-01
1.2855856e+01 4.1616126e-01 4.8619574e-01 5.5846310e-01
1.2879880e+01 4.2099527e-01 4.9151294e-01 5.6420267e-01
1.2903904e+01 4.2605122e-01 4.9682367e-01 5.6984657e-01
1.2927928e+01 4.3107098e-01 5.0219545e-01 5.7546539e-01
1.2951952e+01 4.3610649e-01 5.0738113e-01 5.8117049e-01
1.2975976e+01 4.4103014e-01 5.1273552e-01 5.8680125e-01
1.3000000e+01 4.4610236e-01 5.1813196e-01 5.9260025e-01
1.3024024e+01 4.5116312e-01 5.2352236e-01 5.9832819e-01
1.3048048e+01 4.5628855e-01 5.2896175e-01 6.0405019e-01
1.3072072e+01 4.6140112e-01 5.3441580e-01 6.0978726e-01
1.3096096e+01 4.6656709e-01 5.3990370e-01 6.1563783e-01
1.3120120e+01 4.7172974e-01 5.4537086e-01 6.2138767e-01
1.3144144e+01 4.7677913e-01 5.5092648e-01 6.2713933e-01
1.3168168e+01 4.8199591e-01 5.5632059e-01 6.3307080e-01
1.3192192e+01 4.8715973e-01 5.6185534e-01 6.3900410e-01
1.3216216e+01 4.9225494e-01 5.6739390e-01 6.4478910e-01
1.3240240e+01 4.9740083e-01 5.7300822e-01 6.5064470e-01
1.3264264e+01 5.0270738e-01 5.7857029e-01 6.5654179e-01
1.3288288e+01 5.0788227e-01 5.8408677e-01 6.6243418e-01
1.3312312e+01 5.1307017e-01 5.8961672e-01 6.6824203e-01
1.3336336e+01 5.1823268e-01 5.9521213e-01 6.7407000e-01
1.3360360e+01 5.2355305e-01 6.0075148e-01 6.7995394e-01
1.3384384e+01 5.2887895e-01 6.0626291e-01 6.8577349e-01
1.3408408e+01 5.3404605e-01 6.1190796e-01 6.9174326e-01
1.3432432e+01 5.3926971e-01 6.1748150e-01 6.9757788e-01
1.3456456e+01 5.4451055e-01 6.2291618e-01 7.0321474e-01
1.3480480e+01 5.4974335e-01 6.2848856e-01 7.0915433e-01
1.3504505e+01 5.5513073e-01 6.3408891e-01 7.1508487e-01
1.3528529e+01 5.6038423e-01 6.3971257e-01 7.2088543e-01
1.3552553e+01 5.6566361e-01 6.4526487e-01 7.2681319e-01
1.3576577e+01 5.7100819e-01 6.5084164e-01 7.3260094e-01
1.3600601e+01 5.7651630e-01 6.5636657e-01 7.3842910e-01
1.3624625e+01 5.8179893e-01 6.6192402e-01 7.4424510e-01
1.3648649e+01 5.8701562e-01 6.6755122e-01 7.5015308e-01
1.3672673e+01 5.9222438e-01 6.7308696e-01 7.5601717e-01
1.3696697e+01 5.9746516e-01 6.7864545e-01 7.6175868e-01
1.3720721e+01 6.0274424e-01 6.8413023e-01 7.6744329e-01
1.3744745e+01 6.0807809e-01 6.8970202e-01 7.7331314e-01
1.3768769e+01 6.1337411e-01 6.9515515e-01 7.7896135e-01
1.3792793e+01 6.1859456e-01 7.0062597e-01 7.8450915e-01
1.3816817e+01 6.2382185e-01 7.0611848e-01 7.9006463e-01
1.3840841e+01 6.2908213e-01 7.1155696e-01 7.9578388e-01
1.3864865e+01 6.3440953e-01 7.1695316e-01 8.0157269e-01
1.3888889e+01 6.3953623e-01 7.2233833e-01 8.0706756e-01
1.3912913e+01 6.4466996e-01 7.2781598e-01 8.1271020e-01
1.3936937e+01 6.4995913e-01 7.3329634e-01 8.1822727e-01
1.3960961e+01 6.5510484e-01 7.3880235e-01 8.2371484e-01
1.3984985e+01 6.6006320e-01 7.4416747e-01 8.2927431e-01
1.4009009e+01 6.6534987e-01 7.4946922e-01 8.3464956e-01
1.4033033e+01 6.7065959e-01 7.5479941e-01 8.4019612e-01
1.4057057e+01 6.7562593e-01 7.5997370e-01 8.4552692e-01
1.4081081e+01 6.8085482e-01 7.6517299e-01 8.5072091e-01
1.4105105e+01 6.8593595e-01 7.7030860e-01 8.5604146e-01
1.4129129e+01 6.9091257e-01 7.7551623e-01 8.6131668e-01
1.4153153e+01 6.9584423e-01 7.8058989e-01 8.6655630e-01
1.4177177e+01 7.0076042e-01 7.8573183e-01 8.7176688e-01
1.4201201e+01 7.0558874e-01 7.9093175e-01 8.7686622e-01
1.4225225e+01 7.1042449e-01 7.9596177e-01 8.8200260e-01
1.4249249e+01 7.1520140e-01 8.0093838e-01 8.8724869e-01
1.4273273e+01 7.1999717e-01 8.0593235e-01 8.9229831e-01
1.4297297e+01 7.2470678e-01 8.1083589e-01 8.9725791e-01
1.4321321e+01 7.2946901e-01 8.1567618e-01 9.0222461e-01
1.4345345e+01 7.3413163e-01 8.2051344e-01 9.0720873e-01
1.4369369e+01 7.3886459e-01 8.2526018e-01 9.1200263e-01
1.4393393e+01 7.4352744e-01 8.3004213e-01 9.1691985e-01
1.4417417e+01 7.4802974e-01 8.3472918e-01 9.2172732e-01
1.4441441e+01 7.5269313e-01 8.3941550e-01 9.2633874e-01
1.4465465e+01 7.5715914e-01 8.4408524e-01 9.3115336e-01
1.4489489e+01 7.6159796e-01 8.4858614e-01 9.3570052e-01
1.4513514e+01 7.6599295e-01 8.5312257e-01 9.4022920e-01
1.4537538e+01 7.7055341e-01 8.5765290e-01 9.4471541e-01
1.4561562e+01 7.7480283e-01 8.6193320e-01 9.4912351e-01
1.4585586e+01 7.7904261e-01 8.6641435e-01 9.5350622e-01
1.4609610e+01 7.8315037e-01 8.7067101e-01 9.5777657e-01
1.4633634e+01 7.8739006e-01 8.7495908e-01 9.6224878e-01
1.4657658e+01 7.9162633e-01 8.7916933e-01 9.6641184e-01
1.4681682e+01 7.9567593e-01 8.8337794e-01 9.7046006e-01
1.4705706e+01 7.9966404e-01 8.8750232e-01 9.7455918e-01
1.4729730e+01 8.0346202e-01 8.9140062e-01 9.7854705e-01
1.4753754e+01 8.0742021e-01 8.9532947e-01 9.8255478e-01
1.4777778e+01 8.1129873e-01 8.9919539e-01 9.8647836e-01
1.4801802e+01 8.1521037e-01 9.0301605e-01 9.9013139e-01
1.4825826e+01 8.1885883e-01 9.0667871e-01 9.9412135e-01
1.4849850e+01 8.2245631e-01 9.1029414e-01 9.9774568e-01
1.4873874e+01 8.2613768e-01 9.1397550e-01 1.0015403e+00
1.4897898e+01 8.2953828e-01 9.1749195e-01 1.0051837e+00
1.4921922e+01 8.3314863e-01 9.2108742e-01 1.0087491e+00
1.4945946e+01 8.3660192e-01 9.2449614e-01 1.0120670e+00
1.4969970e+01 8.3987262e-01 9.2784272e-01 1.0154638e+00
1.4993994e+01 8.4321962e-01 9.3103711e-01 1.0188061e+00
1.5018018e+01 8.4626334e-01 9.3417741e-01 1.0219940e+00
1.5042042e+01 8.4948254e-01 9.3730326e-01 1.0252785e+00
1.5066066e+01 8.5260092e-01 9.4041457e-01 1.0281898e+00
1.5090090e+01 8.5547566e-01 9.4344004e-01 1.0312658e+00
1.5114114e+01 8.5837257e-01 9.4627276e-01 1.0339991e+00
1.5138138e+01 8.6098084e-01 9.4911956e-01 1.0367873e+00
1.5162162e+01 8.6376683e-01 9.5189648e-01 1.0395805e+00
1.5186186e+01 8.6623044e-01 9.5469188e-01 1.0422748e+00
1.5210210e+01 8.6886155e-01 9.5733046e-01 1.0447056e+00
1.5234234e+01 8.7140008e-01 9.5992371e-01 1.0472092e+00
1.5258258e+01 8.7390139e-01 9.6238539e-01 1.0496289e+00
1.5282282e+01 8.7612207e-01 9.6483813e-01 1.0521407e+00
1.5306306e+01 8.7850397e-01 9.6722902e-01 1.0544988e+00
1.5330330e+01 8.8075717e-01 9.6955385e-01 1.0567475e+00
1.5354354e+01 8.8286942e-01 9.7169648e-01 1.0587806e+00
1.5378378e+01 8.8488980e-01 9.7381988e-01 1.0608581e+00
1.5402402e+01 8.8701057e-01 9.7592110e-01 1.0628242e+00
1.5426426e+01 8.8893134e-01 9.7779817e-01 1.0648778e+00
1.5450450e+01 8.9087537e-01 9.7950702e-01 1.0666664e+00
1.5474474e+01 8.9279014e-01 9.8127989e-01 1.0685636e+00
1.5498498e+01 8.9467570e-01 9.8293939e-01 1.0703284e+00
1.5522523e+01 8.9641157e-01 9.8463203e-01 1.0718103e+00
1.5546547e+01 8.9794320e-01 9.8614684e-01 1.0734169e+00
1.5570571e+01 8.9950309e-01 9.8759374e-01 1.0748991e+00
1.5594595e+01 9.0089618e-01 9.8891180e-01 1.0763235e+00
1.5618619e+01 9.0206460e-01 9.9018731e-01 1.0773585e+00
1.5642643e+01 9.0325135e-01 9.9136264e-01 1.0784248e+00
1.5666667e+01 9.0436475e-01 9.9255411e-01 1.0794298e+00
1.5690691e+01 9.0532447e-01 9.9373536e-01 1.0803939e+00
1.5714715e+01 9.0625592e-01 9.9477889e-01 1.0814521e+00
1.5738739e+01 9.0724550e-01 9.9563137e-01 1.0825454e+00
1.5762763e+01 9.0819431e-01 9.9649954e-01 1.0834505e+00
1.5786787e+01 9.0907239e-01 9.9731838e-01 1.0842544e+00
1.5810811e+01 9.0972356e-01 9.9798713e-01 1.0849945e+00
1.5834835e+01 9.1020514e-01 9.9849894e-01 1.0855213e+00
1.5858859e+01 9.1062795e-01 9.9902402e-01 1.0859509e+00
1.5882883e+01 9.1102597e-01 9.9933733e-01 1.0863064e+00
1.5906907e+01 9.1120143e-01 9.9977760e-01 1.0866609e+00
1.5930931e+01 9.1128371e-01 9.9995755e-01 1.0867826e+00
1.5954955e+01 9.1144927e-01 1.0000000e+00 1.0868547e+00
1.5978979e+01 9.1140760e-01 9.9986590e-01 1.0868646e+00
1.6003003e+01 9.1126446e-01 9.9981009e-01 1.0868591e+00
1.6027027e+01 9.1117371e-01 9.9954189e-01 1.0866535e+00
1.6051051e+01 9.1108559e-01 9.9932967e-01 1.0866214e+00
1.6075075e+01 9.1074880e-01 9.9909384e-01 1.0862695e+00
1.6099099e+01 9.1043041e-01 9.9877500e-01 1.0858890e+00
1.6123123e+01 9.1007410e-01 9.9828466e-01 1.0854566e+00
1.6147147e+01 9.0963419e-01 9.9774022e-01 1.0848744e+00
1.6171171e+01 9.0905912e-01 9.9708385e-01 1.0844678e+00
1.6195195e+01 9.0850451e-01 9.9639321e-01 1.0836961e+00
1.6219219e+01 9.0757951e-01 9.9565078e-01 1.0829526e+00
1.6243243e+01 9.0694644e-01 9.9478921e-01 1.0819415e+00
1.6267267e+01 9.0614026e-01 9.9397975e-01 1.0810692e+00
1.6291291e+01 9.0514007e-01 9.9288488e-01 1.0801876e+00
1.6315315e+01 9.0412170e-01 9.9186603e-01 1.0791919e+00
1.6339339e+01 9.0305378e-01 9.9075318e-01 1.0781604e+00
1.6363363e+01 9.0200687e-01 9.8953804e-01 1.0767776e+00
1.6387387e+01 9.0082583e-01 9.8835537e-01 1.0753568e+00
1.6411411e+01 8.9960870e-01 9.8705716e-01 1.0740330e+00
1.6435435e+01 8.9821872e-01 9.8557750e-01 1.0725981e+00
1.6459459e+01 8.9675941e-01 9.8410871e-01 1.0710313e+00
1.6483483e+01 8.9527254e-01 9.8248055e-01 1.0693538e+00
1.6507508e+01 8.9387317e-01 9.8089618e-01 1.0675928e+00
1.6531532e+01 8.9220359e-01 9.7915147e-01 1.0657684e+00
1.6555556e+01 8.9049814e-01 9.7737278e-01 1.0639936e+00
1.6579580e+01 8.8879284e-01 9.7552439e-01 1.0620245e+00
1.6603604e+01 8.8696279e-01 9.7346241e-01 1.0601767e+00
1.6627628e+01 8.8507605e-01 9.7147014e-01 1.0580481e+00
1.6651652e+01 8.8316118e-01 9.6949966e-01 1.0557870e+00
1.6675676e+01 8.8108960e-01 9.6720598e-01 1.0536327e+00
1.6699700e+01 8.7911313e-01 9.6492260e-01 1.0514346e+00
1.6723724e+01 8.7687968e-01 9.6271982e-01 1.0490471e+00
1.6747748e+01 8.7465022e-01 9.6042518e-01 1.0466412e+00
1.6771772e+01 8.7252089e-01 9.5822730e-01 1.0440611e+00
1.6795796e+01 8.7008937e-01 9.5586029e-01 1.0417147e+00
1.6819820e+01 8.6786364e-01 9.5333126e-01 1.0390697e+00
1.6843844e+01 8.6554974e-01 9.5078500e-01 1.0365121e+00
1.6867868e+01 8.6305863e-01 9.4820271e-01 1.0336624e+00
1.6891892e+01 8.6062981e-01 9.4555289e-01 1.0309140e+00
1.6915916e+01 8.5813868e-01 9.4273535e-01 1.0279346e+00
1.6939940e+01 8.5558429e-01 9.3993671e-01 1.0250079e+00
1.6963964e+01 8.5286091e-01 9.3729253e-01 1.0218693e+00
1.6987988e+01 8.5020658e-01 9.3445527e-01 1.0189625e+00
1.7012012e+01 8.4765974e-01 9.3155759e-01 1.0157381e+00
1.7036036e+01 8.4485587e-01 9.2852524e-01 1.0125300e+00
1.7060060e+01 8.4212283e-01 9.2561998e-01 1.0095888e+00
1.7084084e+01 8.3910306e-01 9.2250930e-01 1.0065515e+00
1.7108108e+01 8.3604403e-01 9.1942136e-01 1.0030650e+00
1.7132132e+01 8.3316427e-01 9.1632699e-01 9.9973345e-01
1.7156156e+01 8.2998003e-01 9.1315087e-01 9.9644170e-01
1.7180180e+01 8.2689103e-01 9.0986720e-01 9.9292013e-01
1.7204204e+01 8.2361858e-01 9.0658549e-01 9.8945024e-01
1.7228228e+01 8.2043935e-01 9.0329196e-01 9.8588186e-01
1.7252252e+01 8.1721805e-01 9.0004096e-01 9.8242810e-01
1.7276276e+01 8.1401418e-01 8.9669150e-01 9.7879037e-01
1.7300300e+01 8.1078027e-01 8.9313596e-01 9.7512399e-01
1.7324324e+01 8.0755519e-01 8.8952023e-01 9.7141960e-01
1.7348348e+01 8.0421638e-01 8.8595338e-01 9.6799058e-01
1.7372372e+01 8.0071575e-01 8.8258215e-01 9.6425654e-01
1.7396396e+01 7.9725329e-01 8.7903355e-01 9.6062266e-01
1.7420420e+01 7.9389867e-01 8.7544776e-01 9.5691350e-01
1.7444444e+01 7.9050685e-01 8.7182914e-01 9.5301458e-01
1.7468468e+01 7.8686255e-01 8.6817693e-01 9.4911864e-01
1.7492492e+01 7.8332524e-01 8.6440877e-01 9.4503428e-01
1.7516517e+01 7.7977488e-01 8.6078704e-01 9.4123068e-01
1.7540541e+01 7.7620905e-01 8.5706734e-01 9.3729956e-01
1.7564565e+01 7.7254351e-01 8.5325217e-01 9.3334663e-01
1.7588589e+01 7.6889789e-01 8.4936478e-01 9.2924544e-01
1.7612613e+01 7.6542839e-01 8.4561053e-01 9.2533822e-01
1.7636637e+01 7.6179857e-01 8.4170786e-01 9.2128928e-01
1.7660661e+01 7.5824346e-01 8.3792039e-01 9.1734288e-01
1.7684685e+01 7.5456039e-01 8.3398291e-01 9.1321643e-01
1.7708709e+01 7.5092651e-01 8.3006764e-01 9.0922817e-01
1.7732733e+01 7.4719472e-01 8.2605908e-01 9.0510633e-01
1.7756757e+01 7.4349702e-01 8.2215381e-01 9.0103035e-01
1.7780781e+01 7.3976717e-01 8.1833976e-01 8.9691724e-01
1.7804805e+01 7.3610099e-01 8.1442936e-01 8.9278476e-01
1.7828829e+01 7.3232091e-01 8.1041272e-01 8.8860379e-01
1.7852853e+01 7.2846829e-01 8.0638741e-01 8.8446404e-01
1.7876877e+01 7.2457503e-01 8.0238317e-01 8.8010757e-01
1.7900901e+01 7.2079596e-01 7.9835174e-01 8.7611690e-01
1.7924925e+01 7.1705526e-01 7.9436457e-01 8.7207867e-01
1.7948949e+01 7.1324285e-01 7.9049046e-01 8.6800794e-01
1.7972973e+01 7.0946497e-01 7.8646579e-01 8.6373591e-01
1.7996997e+01 7.0555127e-01 7.8250038e-01 8.5933605e-01
1.8021021e+01 7.0159142e-01 7.7841967e-01 8.5523312e-01
1.8045045e+01 6.9759447e-01 7.7448482e-01 8.5111676e-01
1.8069069e+01 6.9367925e-01 7.7053508e-01 8.4682732e-01
1.8093093e+01 6.8967667e-01 7.6656516e-01 8.4269948e-01
1.8117117e+01 6.8596550e-01 7.6263927e-01 8.3867181e-01
1.8141141e+01 6.8226472e-01 7.5851166e-01 8.3450794e-01
1.8165165e+01 6.7833128e-01 7.5459954e-01 8.3019664e-01
1.8189189e+01 6.7437234e-01 7.5052473e-01 8.2592438e-01
1.8213213e+01 6.7057520e-01 7.4648148e-01 8.2171729e-01
1.8237237e+01 6.6667547e-01 7.4252467e-01 8.1751799e-01
1.8261261e+01 6.6279201e-01 7.3860870e-01 8.1339680e-01
1.8285285e+01 6.5885595e-01 7.3463123e-01 8.0943976e-01
1.8309309e+01 6.5509119e-01 7.3051039e-01 8.0527564e-01
1.8333333e+01 6.5139364e-01 7.2641025e-01 8.0107240e-01
1.8357357e+01 6.4749075e-01 7.2240337e-01 7.9702400e-01
1.8381381e+01 6.4355056e-01 7.1839719e-01 7.9292960e-01
1.8405405e+01 6.3967948e-01 7.1431033e-01 7.8897251e-01
1.8429429e+01 6.3582415e-01 7.1033353e-01 7.8500561e-01
1.8453453e+01 6.3182923e-01 7.0628428e-01 7.8091882e-01
1.8477477e+01 6.2795847e-01 7.0232986e-01 7.7698266e-01
1.8501502e+01 6.2388286e-01 6.9843586e-01 7.7314225e-01
1.8525526e+01 6.1991628e-01 6.9452970e-01 7.6916557e-01
1.8549550e+01 6.1625024e-01 6.9059925e-01 7.6545562e-01
1.8573574e+01 6.1233409e-01 6.8659768e-01 7.6161675e-01
1.8597598e+01 6.0853277e-01 6.8271129e-01 7.5771007e-01
1.8621622e+01 6.0478950e-01 6.7880860e-01 7.5388731e-01
1.8645646e+01 6.0084683e-01 6.7488992e-01 7.5009219e-01
1.8669670e+01 5.9707444e-01 6.7090140e-01 7.4624655e-01
1.8693694e+01 5.9323493e-01 6.6705658e-01 7.4257124e-01
1.8717718e+01 5.8924916e-01 6.6330227e-01 7.3885256e-01
1.8741742e+01 5.8555473e-01 6.5955238e-01 7.3493481e-01
1.8765766e+01 5.8165233e-01 6.5569581e-01 7.3107187e-01
1.8789790e+01 5.7790867e-01 6.5186351e-01 7.2736058e-01
1.8813814e+01 5.7402939e-01 6.4813396e-01 7.2362042e-01
1.8837838e+01 5.7040154e-01 6.4436874e-01 7.1988410e-01
1.8861862e+01 5.6687796e-01 6.4070954e-01 7.1631614e-01
1.8885886e+01 5.6321284e-01 6.3708965e-01 7.1273769e-01
1.8909910e+01 5.5947376e-01 6.3348098e-01 7.0904949e-01
1.8933934e+01 5.5579740e-01 6.2972150e-01 7.0544859e-01
1.8957958e+01 5.5228320e-01 6.2610365e-01 7.0205840e-01
1.8981982e+01 5.4870079e-01 6.2257656e-01 6.9831533e-01
1.9006006e+01 5.4533537e-01 6.1892566e-01 6.9467390e-01
1.9030030e+01 5.4184251e-01 6.1535504e-01 6.9122362e-01
1.9054054e+01 5.3835408e-01 6.1182954e-01 6.8761116e-01
1.9078078e+01 5.3485738e-01 6.0811796e-01 6.8416386e-01
1.9102102e+01 5.3131871e-01 6.0458204e-01 6.8077067e-01
1.9126126e+01 5.2767508e-01 6.0113713e-01 6.7735742e-01
1.9150150e+01 5.2406908e-01 5.9757988e-01 6.7391719e-01
1.9174174e+01 5.2069442e-01 5.9412251e-01 6.7056773e-01
1.9198198e+01 5.1725562e-01 5.9060944e-01 6.6723489e-01
1.9222222e+01 5.1379287e-01 5.8711792e-01 6.6398145e-01
1.9246246e+01 5.1036719e-01 5.8386602e-01 6.6050005e-01
1.9270270e+01 5.0686792e-01 5.8051632e-01 6.5727753e-01
1.9294294e+01 5.0358063e-01 5.7719109e-01 6.5410773e-01
1.9318318e+01 5.0024932e-01 5.7376898e-01 6.5076431e-01
1.9342342e+01 4.9698676e-01 5.7050158e-01 6.4772312e-01
1.9366366e+01 4.9358991e-01 5.6718765e-01 6.4453287e-01
1.9390390e+01 4.9022329e-01 5.6390251e-01 6.4125449e-01
1.9414414e+01 4.8701685e-01 5.6073990e-01 6.3820089e-01
1.9438438e+01 4.8379330e-01 5.5753847e-01 6.3522757e-01
1.9462462e+01 4.8057120e-01 5.5432189e-01 6.3224948e-01
1.9486486e+01 4.7748951e-01 5.5126232e-01 6.2913492e-01
1.9510511e+01 4.7437577e-01 5.4815120e-01 6.2611872e-01
1.9534535e+01 4.7124241e-01 5.4509914e-01 6.2324986e-01
1.9558559e+01 4.6805657e-01 5.4197866e-01 6.2022489e-01
1.9582583e+01 4.6489938e-01 5.3899262e-01 6.1722601e-01
1.9606607e+01 4.6178890e-01 5.3604203e-01 6.1404541e-01
1.9630631e+01 4.5866880e-01 5.3307959e-01 6.1118368e-01
1.9654655e+01 4.5564219e-01 5.3008297e-01 6.0835309e-01
1.9678679e+01 4.5256601e-01 5.2705271e-01 6.0537338e-01
1.9702703e+01 4.4952909e-01 5.2420926e-01 6.0249369e-01
1.9726727e+01 4.4651401e-01 5.2128075e-01 5.9967742e-01
1.9750751e+01 4.4362778e-01 5.1840607e-01 5.9680700e-01
1.9774775e+01 4.4062720e-01 5.1556126e-01 5.9398885e-01
1.9798799e+01 4.3768248e-01 5.1268611e-01 5.9126783e-01
1.9822823e+01 4.3477304e-01 5.0989451e-01 5.8853004e-01
1.9846847e+01 4.3185042e-01 5.0712059e-01 5.8575520e-01
1.9870871e+01 4.2895995e-01 5.0428641e-01 5.8301377e-01
1.9894895e+01 4.2618027e-01 5.0148004e-01 5.8041382e-01
1.9918919e+01 4.2345863e-01 4.9884427e-01 5.7762234e-01
1.9942943e+01 4.2075383e-01 4.9608735e-01 5.7505390e-01
1.9966967e+01 4.1805563e-01 4.9330987e-01 5.7236728e-01
1.9990991e+01 4.1535300e-01 4.9061397e-01 5.6970219e-01
2.0015015e+01 4.1261309e-01 4.8788139e-01 5.6707639e-01
2.0039039e+01 4.0991418e-01 4.8523167e-01 5.6456260e-01
2.0063063e+01 4.0726674e-01 4.8254127e-01 5.6194205e-01
2.0087087e+01 4.0468787e-01 4.7993096e-01 5.5931996e-01
2.0111111e+01 4.0204262e-01 4.7742159e-01 5.5668075e-01
2.0135135e+01 3.9955204e-01 4.7488284e-01 5.5419586e-01
2.0159159e+01 3.9708719e-01 4.7238090e-01 5.5162571e-01
2.0183183e+01 3.9453585e-01 4.6990056e-01 5.4920347e-01
2.0207207e+01 3.9203309e-01 4.6731307e-01 5.4655964e-01
2.0231231e+01 3.8937993e-01 4.6489076e-01 5.4402216e-01
2.0255255e+01 3.8696473e-01 4.6228189e-01 5.4142074e-01
2.0279279e+01 3.8459230e-01 4.5989354e-01 5.3889601e-01
2.0303303e+01 3.8226002e-01 4.5741104e-01 5.3648501e-01
2.0327327e+01 3.7974176e-01 4.5508411e-01 5.3416737e-01
2.0351351e+01 3.7750612e-01 4.5260657e-01 5.3169290e-01
2.0375375e+01 3.7511380e-01 4.5033684e-01 5.2925042e-01
2.0399399e+01 3.7278222e-01 4.4786412e-01 5.2691182e-01
2.0423423e+01 3.7032474e-01 4.4546302e-01 5.2455025e-01
2.0447447e+01 3.6803467e-01 4.4315616e-01 5.2203895e-01
2.0471471e+01 3.6570111e-01 4.4087997e-01 5.1963096e-01
2.0495495e+01 3.6350591e-01 4.3847567e-01 5.1725160e-01
2.0519520e+01 3.6135658e-01 4.3625421e-01 5.1503708e-01
2.0543544e+01 3.5925439e-01 4.3385065e-01 5.1254089e-01
2.0567568e+01 3.5713857e-01 4.3165480e-01 5.1024951e-01
2.0591592e+01 3.5500056e-01 4.2936761e-01 5.0805062e-01
2.0615616e+01 3.5279468e-01 4.2712910e-01 5.0577246e-01
2.0639640e+01 3.5067952e-01 4.2484939e-01 5.0338241e-01
2.0663664e+01 3.4852084e-01 4.2267089e-01 5.0099412e-01
2.0687688e+01 3.4654110e-01 4.2051859e-01 4.9882492e-01
2.0711712e+01 3.4446469e-01 4.1825913e-01 4.9646535e-01
2.0735736e+01 3.4236454e-01 4.1607347e-01 4.9404839e-01
2.0759760e+01 3.4034059e-01 4.1396112e-01 4.9174520e-01
2.0783784e+01 3.3838917e-01 4.1189451e-01 4.8959442e-01
2.0807808e+01 3.3625327e-01 4.0988195e-01 4.8739603e-01
2.0831832e+01 3.3437856e-01 4.0765769e-01 4.8505660e-01
2.0855856e+01 3.3233005e-01 4.0555513e-01 4.8282556e-01
2.0879880e+01 3.3036807e-01 4.0351265e-01 4.8067007e-01
2.0903904e+01 3.2843702e-01 4.0148830e-01 4.7824235e-01
2.0927928e+01 3.2658295e-01 3.9939910e-01 4.7602401e-01
2.0951952e+01 3.2468233e-01 3.9734503e-01 4.7382823e-01
2.0975976e+01 3.2281627e-01 3.9535093e-01 4.7149783e-01
2.1000000e+01 3.2077640e-01 3.9328029e-01 4.6927826e-01
2.1024024e+01 3.1895746e-01 3.9133006e-01 4.6715388e-01
2.1048048e+01 3.1716950e-01 3.8940203e-01 4.6501286e-01
2.1072072e+01 3.1547718e-01 3.8742805e-01 4.6303463e-01
2.1096096e+01 3.1361149e-01 3.8537394e-01 4.6091455e-01
2.1120120e+01 3.1174082e-01 3.8337376e-01 4.5887349e-01
2.1144144e+01 3.0991919e-01 3.8145365e-01 4.5691717e-01
2.1168168e+01 3.0802772e-01 3.7955340e-01 4.5485885e-01
2.1192192e+01 3.0630153e-01 3.7753603e-01 4.5284326e-01
2.1216216e+01 3.0445600e-01 3.7562323e-01 4.5060310e-01
2.1240240e+01 3.0265872e-01 3.7385768e-01 4.4867341e-01
2.1264264e+01 3.0086690e-01 3.7189336e-01 4.4661606e-01
2.1288288e+01 2.9920614e-01 3.7005975e-01 4.4452210e-01
2.1312312e+01 2.9763816e-01 3.6816239e-01 4.4251518e-01
2.1336336e+01 2.9603173e-01 3.6641093e-01 4.4042157e-01
2.1360360e+01 2.9434033e-01 3.6457004e-01 4.3827728e-01
2.1384384e+01 2.9255284e-01 3.6269560e-01 4.3638092e-01
2.1408408e+01 2.9094818e-01 3.6085410e-01 4.3438165e-01
2.1432432e+01 2.8923662e-01 3.5907079e-01 4.3227793e-01
2.1456456e+01 2.8763764e-01 3.5725656e-01 4.3021005e-01
2.1480480e+01 2.8605766e-01 3.5558945e-01 4.2825812e-01
2.1504505e+01 2.8433456e-01 3.5373074e-01 4.2629533e-01
2.1528529e+01 2.8264091e-01 3.5203539e-01 4.2433858e-01
2.1552553e+01 2.8107073e-01 3.5027010e-01 4.2242772e-01
2.1576577e+01 2.7948610e-01 3.4843928e-01 4.2044117e-01
2.1600601e+01 2.7795924e-01 3.4667211e-01 4.1843177e-01
2.1624625e+01 2.7634566e-01 3.4495721e-01 4.1665134e-01
2.1648649e+01 2.7466203e-01 3.4320441e-01 4.1479574e-01
2.1672673e+01 2.7313522e-01 3.4151778e-01 4.1300761e-01
2.1696697e+01 2.7157745e-01 3.3983927e-01 4.1118668e-01
2.1720721e+01 2.6992271e-01 3.3813262e-01 4.0931124e-01
2.1744745e+01 2.6835653e-01 3.3660026e-01 4.0748437e-01
2.1768769e+01 2.6675853e-01 3.3487549e-01 4.0578682e-01
2.1792793e+01 2.6531366e-01 3.3325496e-01 4.0388433e-01
2.1816817e+01 2.6377218e-01 3.3159113e-01 4.0219513e-01
2.1840841e+01 2.6224368e-01 3.3002861e-01 4.0040907e-01
2.1864865e+01 2.6072884e-01 3.2839741e-01 3.9862161e-01
2.1888889e+01 2.5916529e-01 3.2681333e-01 3.9698354e-01
2.1912913e+01 2.5768431e-01 3.2513598e-01 3.9530063e-01
2.1936937e+01 2.5610420e-01 3.2335934e-01 3.9364382e-01
2.1960961e+01 2.5461026e-01 3.2180925e-01 3.9187501e-01
2.1984985e+01 2.5292005e-01 3.2031937e-01 3.9012033e-01
2.2009009e+01 2.5148530e-01 3.1873355e-01 3.8864387e-01
2.2033033e+01 2.5003185e-01 3.1715902e-01 3.8698818e-01
2.2057057e+01 2.4856559e-01 3.1558065e-01 3.8541297e-01
2.2081081e+01 2.4715809e-01 3.1398135e-01 3.8380813e-01
2.2105105e+01 2.4559995e-01 3.1242011e-01 3.8225419e-01
2.2129129e+01 2.4422108e-01 3.1091803e-01 3.8042395e-01
2.2153153e+01 2.4286208e-01 3.0936038e-01 3.7874836e-01
2.2177177e+01 2.4140852e-01 3.0769402e-01 3.7715718e-01
2.2201201e+01 2.3998934e-01 3.0609602e-01 3.7547541e-01
2.2225225e+01 2.3853532e-01 3.0448155e-01 3.7392482e-01
2.2249249e+01 2.3708439e-01 3.0293824e-01 3.7228137e-01
2.2273273e+01 2.3570646e-01 3.0140729e-01 3.7072434e-01
2.2297297e+01 2.3421555e-01 2.9992759e-01 3.6919492e-01
2.2321321e+01 2.3292406e-01 2.9844065e-01 3.6765123e-01
2.2345345e+01 2.3157168e-01 2.9698678e-01 3.6615433e-01
2.2369369e+01 2.3016175e-01 2.9545885e-01 3.6444487e-01
2.2393393e+01 2.2889955e-01 2.9398108e-01 3.6298401e-01
2.2417417e+01 2.2757274e-01 2.9261602e-01 3.6144226e-01
2.2441441e+01 2.2629470e-01 2.9112177e-01 3.5990351e-01
2.2465465e+01 2.2495578e-01 2.8965789e-01 3.5839234e-01
2.2489489e+01 2.2351982e-01 2.8811130e-01 3.5698499e-01
2.2513514e+01 2.2211423e-01 2.8668786e-01 3.5539971e-01
2.2537538e+01 2.2076524e-01 2.8524947e-01 3.5393269e-01
2.2561562e+01 2.1942223e-01 2.8383258e-01 3.5244629e-01
2.2585586e+01 2.1810307e-01 2.8239089e-01 3.5094989e-01
2.2609610e+01 2.1683251e-01 2.8096169e-01 3.4962683e-01
2.2633634e+01 2.1548208e-01 2.7955968e-01 3.4823488e-01
2.2657658e+01 2.1412611e-01 2.7818896e-01 3.4679221e-01
2.2681682e+01 2.1277813e-01 2.7682163e-01 3.4541349e-01
2.2705706e+01 2.1145390e-01 2.7545522e-01 3.4397229e-01
2.2729730e+01 2.1015292e-01 2.7402355e-01 3.4260246e-01
2.2753754e+01 2.0880513e-01 2.7269700e-01 3.4110929e-01
2.2777778e+01 2.0749223e-01 2.7143167e-01 3.3984257e-01
2.2801802e+01 2.0618382e-01 2.7010881e-01 3.3839718e-01
2.2825826e+01 2.0488263e-01 2.6869063e-01 3.3697039e-01
2.2849850e+01 2.0379456e-01 2.6731618e-01 3.3565238e-01
2.2873874e+01 2.0249635e-01 2.6593058e-01 3.3411218e-01
2.2897898e+01 2.0122715e-01 2.6452984e-01 3.3280144e-01
2.2921922e+01 1.9987801e-01 2.6310379e-01 3.3138352e-01
2.2945946e+01 1.9870793e-01 2.6165330e-01 3.3008382e-01
2.2969970e+01 1.9752741e-01 2.6030837e-01 3.2881750e-01
2.2993994e+01 1.9627330e-01 2.5902117e-01 3.2764974e-01
2.3018018e+01 1.9503833e-01 2.5773102e-01 3.2619246e-01
2.3042042e+01 1.9375916e-01 2.5645552e-01 3.2474637e-01
2.3066066e+01 1.9252060e-01 2.5516414e-01 3.2343236e-01
2.3090090e+01 1.9119854e-01 2.5387020e-01 3.2211306e-01
2.3114114e+01 1.9000847e-01 2.5250441e-01 3.2075878e-01
2.3138138e+01 1.8873044e-01 2.5119194e-01 3.1938044e-01
2.3162162e+01 1.8749303e-01 2.4994754e-01 3.1791064e-01
2.3186186e+01 1.8638552e-01 2.4868799e-01 3.1650954e-01
2.3210210e+01 1.8520559e-01 2.4734756e-01 3.1515171e-01
2.3234234e+01 1.8402053e-01 2.4601998e-01 3.1384903e-01
2.3258258e+01 1.8279481e-01 2.4474225e-01 3.1266570e-01
2.3282282e+01 1.8159493e-01 2.4345120e-01 3.1134496e-01
2.3306306e+01 1.8044960e-01 2.4211994e-01 3.1008260e-01
2.3330330e+01 1.7927449e-01 2.4076231e-01 3.0872110e-01
2.3354354e+01 1.7801617e-01 2.3948643e-01 3.0734375e-01
2.3378378e+01 1.7682767e-01 2.3814535e-01 3.0594809e-01
2.3402402e+01 1.7561027e-01 2.3676731e-01 3.0454261e-01
2.3426426e+01 1.7451764e-01 2.3552192e-01 3.0325045e-01
2.3450450e+01 1.7330245e-01 2.3423900e-01 3.0180009e-01
2.3474474e+01 1.7202114e-01 2.3301440e-01 3.0049905e-01
2.3498498e+01 1.7085654e-01 2.3170513e-01 2.9900640e-01
2.3522523e+01 1.6966751e-01 2.3034860e-01 2.9770288e-01
2.3546547e+01 1.6840029e-01 2.2911638e-01 2.9630976e-01
2.3570571e+01 1.6726531e-01 2.2775016e-01 2.9491708e-01
2.3594595e+01 1.6622463e-01 2.2645459e-01 2.9357893e-01
2.3618619e+01 1.6513094e-01 2.2519253e-01 2.9232546e-01
2.3642643e+01 1.6400611e-01 2.2390286e-01 2.9095419e-01
2.3666667e+01 1.6288089e-01 2.2273950e-01 2.8959086e-01
2.3690691e+01 1.6177438e-01 2.2153238e-01 2.8825605e-01
2.3714715e+01 1.6068852e-01 2.2028278e-01 2.8692298e-01
2.3738739e+01 1.5950390e-01 2.1909014e-01 2.8551113e-01
2.3762763e+01 1.5837570e-01 2.1774375e-01 2.8413650e-01
2.3786787e+01 1.5727412e-01 2.1646760e-01 2.8275377e-01
2.3810811e+01 1.5619262e-01 2.1533937e-01 2.8147317e-01
2.3834835e+01 1.5504211e-01 2.1402920e-01 2.8019573e-01
2.3858859e+01 1.5385341e-01 2.1284298e-01 2.7890112e-01
2.3882883e+01 1.5274178e-01 2.1166786e-01 2.7754051e-01
2.3906907e+01 1.5159622e-01 2.1033819e-01 2.7624090e-01
2.3930931e+01 1.5037126e-01 2.0911118e-01 2.7483788e-01
2.3954955e+01 1.4921209e-01 2.0777652e-01 2.7339384e-01
2.3978979e+01 1.4807594e-01 2.0651787e-01 2.7214635e-01
2.4003003e+01 1.4692981e-01 2.0523547e-01 2.7069705e-01
2.4027027e+01 1.4581284e-01 2.0396335e-01 2.6929241e-01
2.4051051e+01 1.4475266e-01 2.0275059e-01 2.6790653e-01
2.4075075e+01 1.4364900e-01 2.0146992e-01 2.6658798e-01
2.4099099e+01 1.4245349e-01 2.0016313e-01 2.6527971e-01
2.4123123e+01 1.4131827e-01 1.9887966e-01 2.6393094e-01
2.4147147e+01 1.4020826e-01 1.9762784e-01 2.6255873e-01
2.4171171e+01 1.3911442e-01 1.9641095e-01 2.6120231e-01
2.4195195e+01 1.3804538e-01 1.9517306e-01 2.5974718e-01
2.4219219e+01 1.3694205e-01 1.9390480e-01 2.5834403e-01
2.4243243e+01 1.3575552e-01 1.9265535e-01 2.5695638e-01
2.4267267e+01 1.3450812e-01 1.9138117e-01 2.5547781e-01
2.4291291e+01 1.3336438e-01 1.9018075e-01 2.5406307e-01
2.4315315e+01 1.3213985e-01 1.8887757e-01 2.5260410e-01
2.4339339e+01 1.3105279e-01 1.8759718e-01 2.5132158e-01
2.4363363e+01 1.3002847e-01 1.8642171e-01 2.4989134e-01
2.4387387e+01 1.2895655e-01 1.8512093e-01 2.4834080e-01
2.4411411e+01 1.2780940e-01 1.8385897e-01 2.4695227e-01
2.4435435e+01 1.2677275e-01 1.8257644e-01 2.4549485e-01
2.4459459e+01 1.2572538e-01 1.8129738e-01 2.4401981e-01
2.4483483e+01 1.2462028e-01 1.7996211e-01 2.4260960e-01
2.4507508e+01 1.2350247e-01 1.7871923e-01 2.4124722e-01
2.4531532e+01 1.2237898e-01 1.7741551e-01 2.3989040e-01
2.4555556e+01 1.2134108e-01 1.7617951e-01 2.3846258e-01
2.4579580e+01 1.2031115e-01 1.7495174e-01 2.3699843e-01
2.4603604e+01 1.1923196e-01 1.7367435e-01 2.3552944e-01
2.4627628e+01 1.1824049e-01 1.7238097e-01 2.3396940e-01
2.4651652e+01 1.1718649e-01 1.7110840e-01 2.3250186e-01
2.4675676e+01 1.1602597e-01 1.6982206e-01 2.3111145e-01
2.4699700e+01 1.1498452e-01 1.6849508e-01 2.2972548e-01
2.4723724e+01 1.1397117e-01 1.6714815e-01 2.2822894e-01
2.4747748e+01 1.1290079e-01 1.6594912e-01 2.2677969e-01
2.4771772e+01 1.1184200e-01 1.6471374e-01 2.2532022e-01
2.4795796e+01 1.1089024e-01 1.6340218e-01 2.2385612e-01
2.4819820e+01 1.0983148e-01 1.6214299e-01 2.2244636e-01
2.4843844e+01 1.0872039e-01 1.6087113e-01 2.2085305e-01
2.4867868e+01 1.0767496e-01 1.5955450e-01 2.1939660e-01
2.4891892e+01 1.0663448e-01 1.5833137e-01 2.1792964e-01
2.4915916e+01 1.0549999e-01 1.5709774e-01 2.1642927e-01
2.4939940e+01 1.0437421e-01 1.5582877e-01 2.1503318e-01
2.4963964e+01 1.0339512e-01 1.5459082e-01 2.1359772e-01
2.4987988e+01 1.0238435e-01 1.5336522e-01 2.1218223e-01
2.5012012e+01 1.0135441e-01 1.5211626e-01 2.1072497e-01
2.5036036e+01 1.0027873e-01 1.5084171e-01 2.0917744e-01
2.5060060e+01 9.9255464e-02 1.4961664e-01 2.0778848e-01
2.5084084e+01 9.8240159e-02 1.4842586e-01 2.0633992e-01
2.5108108e+01 9.7155343e-02 1.4721009e-01 2.0487656e-01
2.5132132e+01 9.6207123e-02 1.4590318e-01 2.0348361e-01
2.5156156e+01 9.5184928e-02 1.4464221e-01 2.0191709e-01
2.5180180e+01 9.4165891e-02 1.4336628e-01 2.0036664e-01
2.5204204e+01 9.3067877e-02 1.4208189e-01 1.9879557e-01
2.5228228e+01 9.2046157e-02 1.4079824e-01 1.9728655e-01
2.5252252e+01 9.1123003e-02 1.3947326e-01 1.9585789e-01
2.5276276e+01 9.0054412e-02 1.3814185e-01 1.9430924e-01
2.5300300e+01 8.9093419e-02 1.3690477e-01 1.9281683e-01
2.5324324e+01 8.8108144e-02 1.3567243e-01 1.9123391e-01
2.5348348e+01 8.7080983e-02 1.3442145e-01 1.8961746e-01
2.5372372e+01 8.6145697e-02 1.3318907e-01 1.8807228e-01
2.5396396e+01 8.5170193e-02 1.3200271e-01 1.8665316e-01
2.5420420e+01 8.4139177e-02 1.3074518e-01 1.8511963e-01
2.5444444e+01 8.3107259e-02 1.2948440e-01 1.8359014e-01
2.5468468e+01 8.2030995e-02 1.2820862e-01 1.8206056e-01
2.5492492e+01 8.1096839e-02 1.2692228e-01 1.8054192e-01
2.5516517e+01 8.0141138e-02 1.2571627e-01 1.7907701e-01
2.5540541e+01 7.9215801e-02 1.2446167e-01 1.7753379e-01
2.5564565e+01 7.8262059e-02 1.2320187e-01 1.7598105e-01
2.5588589e+01 7.7343587e-02 1.2204434e-01 1.7454512e-01
2.5612613e+01 7.6375901e-02 1.2083703e-01 1.7316092e-01
2.5636637e+01 7.5436425e-02 1.1957749e-01 1.7160694e-01
2.5660661e+01 7.4443539e-02 1.1833634e-01 1.7006942e-01
2.5684685e+01 7.3477583e-02 1.1711488e-01 1.6862217e-01
2.5708709e+01 7.2527294e-02 1.1584664e-01 1.6721432e-01
2.5732733e+01 7.1559326e-02 1.1459198e-01 1.6573353e-01
2.5756757e+01 7.0690224e-02 1.1335230e-01 1.6423995e-01
2.5780781e+01 6.9801900e-02 1.1210867e-01 1.6273127e-01
2.5804805e+01 6.8928641e-02 1.1086857e-01 1.6129034e-01
2.5828829e+01 6.8062415e-02 1.0963404e-01 1.5979904e-01
2.5852853e+01 6.7176674e-02 1.0843529e-01 1.5830625e-01
2.5876877e+01 6.6263264e-02 1.0719358e-01 1.5679343e-01
2.5900901e+01 6.5372496e-02 1.0596526e-01 1.5535027e-01
2.5924925e+01 6.4466049e-02 1.0479361e-01 1.5392921e-01
2.5948949e+01 6.3607847e-02 1.0361416e-01 1.5243821e-01
2.5972973e+01 6.2761136e-02 1.0236925e-01 1.5102032e-01
2.5996997e+01 6.1922193e-02 1.0128876e-01 1.4953484e-01
2.6021021e+01 6.1069648e-02 1.0014679e-01 1.4801815e-01
2.6045045e+01 6.0183909e-02 9.9047899e-02 1.4653210e-01
2.6069069e+01 5.9336979e-02 9.7930431e-02 1.4507767e-01
2.6093093e+01 5.8495420e-02 9.6816258e-02 1.4371777e-01
2.6117117e+01 5.7658427e-02 9.5670269e-02 1.4225160e-01
2.6141141e+01 5.6827692e-02 9.4525544e-02 1.4085434e-01
2.6165165e+01 5.5972171e-02 9.3440249e-02 1.3943406e-01
2.6189189e+01 5.5134003e-02 9.2275771e-02 1.3798803e-01
2.6213213e+01 5.4302361e-02 9.1138801e-02 1.3662386e-01
2.6237237e+01 5.3444564e-02 8.9983493e-02 1.3527185e-01
2.6261261e+01 5.2607149e-02 8.8806680e-02 1.3387923e-01
2.6285285e+01 5.1818513e-02 8.7685913e-02 1.3242507e-01
2.6309309e+01 5.1071459e-02 8.6634070e-02 1.3100793e-01
2.6333333e+01 5.0292142e-02 8.5530822e-02 1.2959493e-01
2.6357357e+01 4.9503745e-02 8.4469613e-02 1.2820027e-01
2.6381381e+01 4.8750828e-02 8.3385831e-02 1.2681368e-01
2.6405405e+01 4.8011214e-02 8.2329091e-02 1.2548656e-01
2.6429429e+01 4.7208224e-02 8.1217381e-02 1.2423305e-01
2.6453453e+01 4.6376234e-02 8.0170469e-02 1.2279387e-01
2.6477477e+01 4.5574785e-02 7.9120354e-02 1.2141562e-01
2.6501502e+01 4.4817069e-02 7.8092810e-02 1.2004656e-01
2.6525526e+01 4.4099752e-02 7.7033780e-02 1.1869954e-01
2.6549550e+01 4.3324859e-02 7.6015730e-02 1.1734508e-01
2.6573574e+01 4.2624971e-02 7.4967480e-02 1.1598939e-01
2.6597598e+01 4.1882819e-02 7.3914944e-02 1.1466363e-01
2.6621622e+01 4.1193377e-02 7.2888348e-02 1.1338566e-01
2.6645646e+01 4.0533528e-02 7.1892867e-02 1.1212392e-01
2.6669670e+01 3.9800556e-02 7.0896328e-02 1.1089416e-01
2.6693694e+01 3.9146024e-02 6.9868944e-02 1.0955927e-01
2.6717718e+01 3.8458562e-02 6.8853102e-02 1.0823018e-01
2.6741742e+01 3.7813266e-02 6.7827631e-02 1.0691579e-01
2.6765766e+01 3.7118261e-02 6.6836639e-02 1.0572849e-01
2.6789790e+01 3.6420776e-02 6.5900214e-02 1.0443588e-01
2.6813814e+01 3.5753523e-02 6.4908684e-02 1.0319710e-01
2.6837838e+01 3.5109167e-02 6.3960721e-02 1.0201886e-01
2.6861862e+01 3.4455276e-02 6.2973539e-02 1.0078904e-01
2.6885886e+01 3.3828501e-02 6.2036585e-02 9.9550269e-02
2.6909910e+01 3.3170410e-02 6.1113871e-02 9.8327886e-02
2.6933934e+01 3.2545216e-02 6.0198603e-02 9.7164255e-02
2.6957958e+01 3.1929816e-02 5.9269785e-02 9.5994258e-02
2.6981982e+01 3.1324395e-02 5.8348041e-02 9.4796463e-02
2.7006006e+01 3.0704147e-02 5.7454618e-02 9.3641512e-02
2.7030030e+01 3.0069790e-02 5.6556798e-02 9.2500058e-02
2.7054054e+01 2.9493878e-02 5.5683726e-02 9.1361525e-02
2.7078078e+01 2.8904297e-02 5.4789390e-02 9.0198826e-02
2.7102102e+01 2.8332794e-02 5.3870137e-02 8.9110320e-02
2.7126126e+01 2.7757084e-02 5.2993773e-02 8.8003402e-02
2.7150150e+01 2.7199438e-02 5.2127143e-02 8.6774933e-02
2.7174174e+01 2.6645168e-02 5.1260320e-02 8.5722895e-02
2.7198198e+01 2.6088719e-02 5.0407794e-02 8.4539642e-02
2.7222222e+01 2.5551356e-02 4.9572778e-02 8.3416408e-02
2.7246246e+01 2.5002557e-02 4.8756491e-02 8.2333359e-02
2.7270270e+01 2.4455443e-02 4.7991660e-02 8.1223521e-02
2.7294294e+01 2.3949524e-02 4.7200886e-02 8.0117876e-02
2.7318318e+01 2.3423487e-02 4.6403561e-02 7.9024011e-02
2.7342342e+01 2.2904989e-02 4.5640428e-02 7.7994254e-02
2.7366366e+01 2.2411762e-02 4.4870025e-02 7.6946941e-02
2.7390390e+01 2.1911240e-02 4.4097105e-02 7.5910457e-02
2.7414414e+01 2.1426320e-02 4.3309070e-02 7.4933644e-02
2.7438438e+01 2.0942220e-02 4.2581201e-02 7.3933613e-02
2.7462462e+01 2.0479500e-02 4.1816510e-02 7.2888198e-02
2.7486486e+01 2.0033022e-02 4.1096515e-02 7.1846186e-02
2.7510511e+01 1.9573276e-02 4.0393752e-02 7.0872627e-02
2.7534535e+01 1.9121691e-02 3.9701769e-02 6.9837361e-02
2.7558559e+01 1.8696092e-02 3.8989766e-02 6.8832128e-02
2.7582583e+01 1.8262056e-02 3.8313513e-02 6.7847496e-02
2.7606607e+01 1.7830990e-02 3.7592964e-02 6.6863959e-02
2.7630631e+01 1.7416155e-02 3.6925935e-02 6.5918099e-02
2.7654655e+01 1.7009111e-02 3.6243297e-02 6.4998279e-02
2.7678679e+01 1.6596901e-02 3.5581720e-02 6.4108687e-02
2.7702703e+01 1.6182776e-02 3.4904906e-02 6.3184062e-02
2.7726727e+01 1.5789924e-02 3.4241254e-02 6.2317585e-02
2.7750751e+01 1.5389902e-02 3.3570138e-02 6.1434785e-02
2.7774775e+01 1.5027244e-02 3.2939748e-02 6.0536307e-02
2.7798799e+01 1.4662479e-02 3.2301878e-02 5.9607833e-02
2.7822823e+01 1.4308376e-02 3.1680692e-02 5.8702945e-02
2.7846847e+01 1.3951456e-02 3.1072422e-02 5.7824870e-02
2.7870871e+01 1.3599508e-02 3.0471498e-02 5.6944543e-02
2.7894895e+01 1.3261773e-02 2.9869322e-02 5.6100694e-02
2.7918919e+01 1.2918687e-02 2.9289761e-02 5.5250910e-02
2.7942943e+01 1.2591398e-02 2.8671620e-02 5.4417562e-02
2.7966967e+01 1.2276975e-02 2.8099700e-02 5.3511125e-02
2.7990991e+01 1.1957794e-02 2.7541056e-02 5.2699622e-02
2.8015015e+01 1.1648640e-02 2.6956980e-02 5.1873873e-02
2.8039039e+01 1.1346004e-02 2.6387972e-02 5.1078157e-02
2.8063063e+01 1.1050838e-02 2.5805158e-02 5.0232923e-02
2.8087087e+01 1.0762114e-02 2.5258836e-02 4.9448849e-02
2.8111111e+01 1.0476905e-02 2.4698525e-02 4.8603331e-02
2.8135135e+01 1.0193914e-02 2.4152793e-02 4.7821335e-02
2.8159159e+01 9.9248331e-03 2.3617834e-02 4.7022260e-02
2.8183183e+01 9.6565987e-03 2.3071765e-02 4.6253352e-02
2.8207207e+01 9.3994332e-03 2.2555604e-02 4.5512163e-02
2.8231231e+01 9.1452941e-03 2.2050260e-02 4.4766188e-02
2.8255255e+01 8.8911586e-03 2.1560736e-02 4.4026893e-02
2.8279279e+01 8.6530345e-03 2.1061199e-02 4.3273611e-02
2.8303303e+01 8.4118186e-03 2.0585770e-02 4.2545687e-02
2.8327327e+01 8.1748801e-03 2.0117711e-02 4.1825276e-02
2.8351351e+01 7.9462126e-03 1.9634037e-02 4.1106612e-02
2.8375375e+01 7.7232071e-03 1.9179965e-02 4.0438524e-02
2.8399399e+01 7.5154879e-03 1.8731477e-02 3.9796081e-02
2.8423423e+01 7.3041613e-03 1.8274251e-02 3.9179217e-02
2.8447447e+01 7.0919303e-03 1.7834268e-02 3.8541822e-02
2.8471471e+01 6.8856797e-03 1.7407938e-02 3.7945378e-02
2.8495495e+01 6.6835253e-03 1.6990682e-02 3.7309950e-02
2.8519520e+01 6.4907186e-03 1.6571276e-02 3.6704918e-02
2.8543544e+01 6.3071016e-03 1.6158971e-02 3.6110683e-02
2.8567568e+01 6.1226460e-03 1.5755852e-02 3.5571799e-02
2.8591592e+01 5.9458207e-03 1.5372601e-02 3.4994799e-02
2.8615616e+01 5.7681680e-03 1.4980908e-02 3.4449065e-02
2.8639640e+01 5.5959901e-03 1.4605194e-02 3.3903003e-02
2.8663664e+01 5.4337139e-03 1.4227728e-02 3.3375124e-02
2.8687688e+01 5.2709256e-03 1.3857245e-02 3.2818184e-02
2.8711712e+01 5.1145983e-03 1.3493260e-02 3.2276805e-02
2.8735736e+01 4.9563160e-03 1.3129318e-02 3.1796838e-02
2.8759760e+01 4.8083802e-03 1.2785041e-02 3.1299678e-02
2.8783784e+01 4.6619763e-03 1.2440213e-02 3.0830988e-02
2.8807808e+01 4.5186697e-03 1.2106371e-02 3.0275550e-02
2.8831832e+01 4.3769379e-03 1.1784970e-02 2.9802192e-02
2.8855856e+01 4.2370439e-03 1.1463186e-02 2.9297427e-02
2.8879880e+01 4.1041307e-03 1.1153896e-02 2.8806033e-02
2.8903904e+01 3.9781464e-03 1.0852062e-02 2.8311156e-02
2.8927928e+01 3.8536613e-03 1.0553245e-02 2.7822551e-02
2.8951952e+01 3.7274257e-03 1.0258550e-02 2.7362073e-02
2.8975976e+01 3.6068830e-03 9.9807358e-03 2.6826178e-02
2.9000000e+01 3.4891294e-03 9.7013764e-03 2.6342251e-02
