X KDE_INF KDE_MED KDE_SUP
-3.0000000e+00 1.0185856e-44 5.7475548e-36 2.0590481e-14
-2.9949950e+00 1.4177355e-44 7.7311329e-36 2.4713421e-14
-2.9899900e+00 1.9722200e-44 1.0392719e-35 2.9645764e-14
-2.9849850e+00 2.7420663e-44 1.3950081e-35 3.5531320e-14
-2.9799800e+00 3.8103335e-44 1.8714678e-35 4.2561843e-14
-2.9749750e+00 5.2921261e-44 2.5092877e-35 5.0955632e-14
-2.9699700e+00 7.3534862e-44 3.3626449e-35 6.0968664e-14
-2.9649650e+00 1.0213311e-43 4.5075088e-35 7.2887464e-14
-2.9599600e+00 1.4169982e-43 6.0399921e-35 8.7088627e-14
-2.9549550e+00 1.9646587e-43 8.0861833e-35 1.0399980e-13
-2.9499499e+00 2.7237545e-43 1.0812393e-34 1.2412692e-13
-2.9449449e+00 3.7727871e-43 1.4449823e-34 1.4806824e-13
-2.9399399e+00 5.2196725e-43 1.9303132e-34 1.7653072e-13
-2.9349349e+00 7.2174978e-43 2.5795450e-34 2.1034933e-13
-2.9299299e+00 9.9745315e-43 3.4427265e-34 2.5050961e-13
-2.9249249e+00 1.3777195e-42 4.5938486e-34 2.9817424e-13
-2.9199199e+00 1.9022449e-42 6.1267004e-34 3.5471396e-13
-2.9149149e+00 2.6250711e-42 8.1748347e-34 4.2174397e-13
-2.9099099e+00 3.6231550e-42 1.0901690e-33 5.0116638e-13
-2.9049049e+00 4.9970975e-42 1.4530186e-33 5.9521988e-13
-2.8998999e+00 6.8833027e-42 1.9355797e-33 7.0653775e-13
-2.8948949e+00 9.4762902e-42 2.5754283e-33 8.4061309e-13
-2.8898899e+00 1.3038940e-41 3.4233938e-33 9.9963406e-13
-2.8848849e+00 1.7931171e-41 4.5480673e-33 1.1880895e-12
-2.8798799e+00 2.4645491e-41 6.0389237e-33 1.4113036e-12
-2.8748749e+00 3.3855462e-41 8.0141015e-33 1.6755406e-12
-2.8698699e+00 4.6481749e-41 1.0629498e-32 1.9881662e-12
-2.8648649e+00 6.3782070e-41 1.4090725e-32 2.3578360e-12
-2.8598599e+00 8.7479195e-41 1.8668807e-32 2.7947161e-12
-2.8548549e+00 1.1993033e-40 2.4735305e-32 3.3107394e-12
-2.8498498e+00 1.6443317e-40 3.2758005e-32 3.9137100e-12
-2.8448448e+00 2.2536870e-40 4.3359079e-32 4.6200265e-12
-2.8398398e+00 3.0871684e-40 5.7353722e-32 5.4508406e-12
-2.8348348e+00 4.2265846e-40 7.5779728e-32 6.4275534e-12
-2.8298298e+00 5.7833748e-40 1.0007074e-31 7.5751478e-12
-2.8248248e+00 7.9092561e-40 1.3207599e-31 8.9227706e-12
-2.8198198e+00 1.0811580e-39 1.7422210e-31 1.0504407e-11
-2.8148148e+00 1.4774110e-39 2.2969168e-31 1.2356649e-11
-2.8098098e+00 2.0177898e-39 3.0260866e-31 1.4522375e-11
-2.8048048e+00 2.7543112e-39 3.9827618e-31 1.7086793e-11
-2.7997998e+00 3.7576175e-39 5.2422102e-31 2.0121669e-11
-2.7947948e+00 5.1235928e-39 6.8961891e-31 2.3682673e-11
-2.7897898e+00 6.9823099e-39 9.0706448e-31 2.7858693e-11
-2.7847848e+00 9.5101223e-39 1.1928349e-30 3.2753222e-11
-2.7797798e+00 1.2945999e-38 1.5677801e-30 3.8486694e-11
-2.7747748e+00 1.7613574e-38 2.0594562e-30 4.5199171e-11
-2.7697698e+00 2.3950903e-38 2.7038501e-30 5.2956033e-11
-2.7647648e+00 3.2558144e-38 3.5479320e-30 6.1964948e-11
-2.7597598e+00 4.4200408e-38 4.6529737e-30 7.2466956e-11
-2.7547548e+00 5.9935736e-38 6.0988581e-30 8.4702695e-11
-2.7497497e+00 8.1252302e-38 7.9896746e-30 9.8950438e-11
-2.7447447e+00 1.1003536e-37 1.0457373e-29 1.1553179e-10
-2.7397397e+00 1.4893313e-37 1.3676670e-29 1.3481822e-10
-2.7347347e+00 2.0147113e-37 1.7886418e-29 1.5723852e-10
-2.7297297e+00 2.7239351e-37 2.3379155e-29 1.8328739e-10
-2.7247247e+00 3.6815430e-37 3.0541945e-29 2.1353524e-10
-2.7197197e+00 4.9723229e-37 3.9877417e-29 2.4863932e-10
-2.7147147e+00 6.7116662e-37 5.2007925e-29 2.8920482e-10
-2.7097097e+00 9.0577806e-37 6.7738006e-29 3.3616212e-10
-2.7047047e+00 1.2225845e-36 8.8171791e-29 3.9053006e-10
-2.6996997e+00 1.6492719e-36 1.1478403e-28 4.5344291e-10
-2.6946947e+00 2.2217704e-36 1.4952116e-28 5.2576365e-10
-2.6896897e+00 2.9913597e-36 1.9466754e-28 5.9229839e-10
-2.6846847e+00 4.0281508e-36 2.5330685e-28 6.8734975e-10
-2.6796797e+00 5.4184623e-36 3.2914962e-28 7.9845177e-10
-2.6746747e+00 7.2818766e-36 4.2733993e-28 9.2700493e-10
-2.6696697e+00 9.7807694e-36 5.5463366e-28 1.0756670e-09
-2.6646647e+00 1.3130013e-35 7.2035092e-28 1.2474872e-09
-2.6596597e+00 1.7616505e-35 9.3456469e-28 1.4288718e-09
-2.6546547e+00 2.3644376e-35 1.2107012e-27 1.6517763e-09
-2.6496496e+00 3.1766065e-35 1.5675984e-27 1.9084114e-09
-2.6446446e+00 4.2628976e-35 2.0287954e-27 2.2037159e-09
-2.6396396e+00 5.7193772e-35 2.6252830e-27 2.5430093e-09
-2.6346346e+00 7.6547977e-35 3.3956824e-27 2.9320437e-09
-2.6296296e+00 1.0236624e-34 4.3876031e-27 3.3787447e-09
-2.6246246e+00 1.3681768e-34 5.6695698e-27 3.8913721e-09
-2.6196196e+00 1.8276379e-34 7.3218747e-27 4.4793252e-09
-2.6146146e+00 2.4400600e-34 9.4493395e-27 5.1532933e-09
-2.6096096e+00 3.2559169e-34 1.2181138e-26 5.9254260e-09
-2.6046046e+00 4.3421875e-34 1.5697799e-26 6.8095238e-09
-2.5995996e+00 5.7878740e-34 2.0204635e-26 7.8212533e-09
-2.5945946e+00 7.7120605e-34 2.5986096e-26 8.9783886e-09
-2.5895896e+00 1.0270328e-33 3.3405317e-26 1.0301083e-08
-2.5845846e+00 1.3669757e-33 4.2943841e-26 1.1812174e-08
-2.5795796e+00 1.8191066e-33 5.5136005e-26 1.3537523e-08
-2.5745746e+00 2.4209144e-33 7.0804096e-26 1.5506402e-08
-2.5695696e+00 3.2162498e-33 9.0942147e-26 1.7751920e-08
-2.5645646e+00 4.2705378e-33 1.1672942e-25 2.0311502e-08
-2.5595596e+00 5.6673208e-33 1.4960681e-25 2.3227432e-08
-2.5545546e+00 7.5168430e-33 1.9155528e-25 2.6547450e-08
-2.5495495e+00 9.9645020e-33 2.4513162e-25 3.0325423e-08
-2.5445445e+00 1.3201953e-32 3.1352203e-25 3.4622096e-08
-2.5395395e+00 1.7481680e-32 4.0108087e-25 3.9505931e-08
-2.5345345e+00 2.3136126e-32 5.1273370e-25 4.4371168e-08
-2.5295295e+00 3.0602755e-32 6.5527720e-25 5.0699426e-08
-2.5245245e+00 4.0457483e-32 8.3626828e-25 5.7898613e-08
-2.5195195e+00 5.3512861e-32 1.0670826e-24 6.6083986e-08
-2.5145145e+00 7.0722186e-32 1.3603108e-24 7.5385399e-08
-2.5095095e+00 9.3448123e-32 1.7331682e-24 8.5931897e-08
-2.5045045e+00 1.2341309e-31 2.2070172e-24 9.7965731e-08
-2.4994995e+00 1.6283160e-31 2.8088799e-24 1.1162370e-07
-2.4944945e+00 2.1487802e-31 3.5729182e-24 1.2711625e-07
-2.4894895e+00 2.8298011e-31 4.5422960e-24 1.4453280e-07
-2.4844845e+00 3.7246225e-31 5.7715205e-24 1.6255464e-07
-2.4794795e+00 4.8997177e-31 7.3293845e-24 1.8436116e-07
-2.4744745e+00 6.4420233e-31 9.3048760e-24 2.0895896e-07
-2.4694695e+00 8.4651757e-31 1.1812920e-23 2.3661603e-07
-2.4644645e+00 1.1117627e-30 1.4979225e-23 2.6778717e-07
-2.4594595e+00 1.4594217e-30 1.8980945e-23 3.0289899e-07
-2.4544545e+00 1.9155806e-30 2.4057635e-23 3.4242725e-07
-2.4494494e+00 2.5181127e-30 3.0479135e-23 3.8690226e-07
-2.4444444e+00 3.3083576e-30 3.8563849e-23 4.3691469e-07
-2.4394394e+00 4.3442248e-30 4.8780427e-23 4.9312212e-07
-2.4344344e+00 5.7013104e-30 6.1671661e-23 5.5625606e-07
-2.4294294e+00 7.4741162e-30 7.7890210e-23 6.2712986e-07
-2.4244244e+00 9.7757344e-30 9.8320154e-23 7.0664721e-07
-2.4194194e+00 1.2779997e-29 1.2404083e-22 7.9581158e-07
-2.4144144e+00 1.6698401e-29 1.5646518e-22 8.9573658e-07
-2.4094094e+00 2.1837748e-29 1.9724441e-22 1.0034514e-06
-2.4044044e+00 2.8495045e-29 2.4863872e-22 1.1288930e-06
-2.3993994e+00 3.7166179e-29 3.1325324e-22 1.2688072e-06
-2.3943944e+00 4.8495833e-29 3.9465055e-22 1.4266142e-06
-2.3893894e+00 6.3244605e-29 4.9731168e-22 1.6063574e-06
-2.3843844e+00 8.2433762e-29 6.2621733e-22 1.8113025e-06
-2.3793794e+00 1.0732059e-28 7.8761411e-22 2.0407097e-06
-2.3743744e+00 1.3959746e-28 9.9006829e-22 2.2370786e-06
-2.3693694e+00 1.8148248e-28 1.2435083e-21 2.4891741e-06
-2.3643644e+00 2.3580587e-28 1.5606866e-21 2.8003312e-06
-2.3593594e+00 3.0649339e-28 1.9577782e-21 3.1486437e-06
-2.3543544e+00 3.9820665e-28 2.4576599e-21 3.5364763e-06
-2.3493493e+00 5.1723724e-28 3.0834906e-21 3.9577212e-06
-2.3443443e+00 6.7176346e-28 3.8653351e-21 4.4244990e-06
-2.3393393e+00 8.7211387e-28 4.8402366e-21 4.9422911e-06
-2.3343343e+00 1.1315989e-27 6.0577208e-21 5.5174494e-06
-2.3293293e+00 1.4674871e-27 7.5703272e-21 6.0524858e-06
-2.3243243e+00 1.9020353e-27 9.4514842e-21 6.7656968e-06
-2.3193193e+00 2.4639128e-27 1.1802879e-20 7.5030051e-06
-2.3143143e+00 3.1841142e-27 1.4736143e-20 8.3829837e-06
-2.3093093e+00 4.1121453e-27 1.8370996e-20 9.3610474e-06
-2.3043043e+00 5.3077545e-27 2.2885777e-20 1.0445541e-05
-2.2992993e+00 6.8485077e-27 2.8514851e-20 1.1644926e-05
-2.2942943e+00 8.8279487e-27 3.5483710e-20 1.2963199e-05
-2.2892893e+00 1.1373290e-26 4.4159616e-20 1.4401133e-05
-2.2842843e+00 1.4644510e-26 5.4967486e-20 1.5989848e-05
-2.2792793e+00 1.8846297e-26 6.8416853e-20 1.7744150e-05
-2.2742743e+00 2.4240393e-26 8.5110484e-20 1.9721615e-05
-2.2692693e+00 3.1161311e-26 1.0581952e-19 2.1918178e-05
-2.2642643e+00 4.0036329e-26 1.3137988e-19 2.4342473e-05
-2.2592593e+00 5.1410900e-26 1.6289919e-19 2.7020178e-05
-2.2542543e+00 6.5980958e-26 2.0210115e-19 2.9958349e-05
-2.2492492e+00 8.4633922e-26 2.5070450e-19 3.3134053e-05
-2.2442442e+00 1.0852593e-25 3.1082656e-19 3.6626421e-05
-2.2392392e+00 1.3913365e-25 3.8515608e-19 4.0522945e-05
-2.2342342e+00 1.7817501e-25 4.7699964e-19 4.4886417e-05
-2.2292292e+00 2.2804674e-25 5.9042129e-19 4.9692554e-05
-2.2242242e+00 2.9171815e-25 7.3041323e-19 5.4983217e-05
-2.2192192e+00 3.7299128e-25 9.0310431e-19 5.9859345e-05
-2.2142142e+00 4.7702856e-25 1.1157222e-18 6.5952775e-05
-2.2092092e+00 6.1016549e-25 1.3766955e-18 7.2819949e-05
-2.2042042e+00 7.8003478e-25 1.6977843e-18 8.0377518e-05
-2.1991992e+00 9.9665159e-25 2.0926179e-18 8.7627653e-05
-2.1941942e+00 1.2715469e-24 2.5792254e-18 9.6338294e-05
-2.1891892e+00 1.6203194e-24 3.1774827e-18 1.0422285e-04
-2.1841842e+00 2.0636277e-24 3.9123767e-18 1.1439458e-04
-2.1791792e+00 2.6267879e-24 4.8099005e-18 1.2555603e-04
-2.1741742e+00 3.3430804e-24 5.8939169e-18 1.3812338e-04
-2.1691692e+00 4.2524262e-24 7.2414020e-18 1.5186589e-04
-2.1641642e+00 5.4087273e-24 8.8921009e-18 1.4728997e-04
-2.1591592e+00 6.8759606e-24 1.0912171e-17 1.3439483e-04
-2.1541542e+00 8.7284358e-24 1.3383869e-17 1.2256160e-04
-2.1491491e+00 1.1073934e-23 1.6408246e-17 1.1170913e-04
-2.1441441e+00 1.4042029e-23 2.0076905e-17 1.0176195e-04
-2.1391391e+00 1.7795912e-23 2.4574639e-17 9.2649819e-05
-2.1341341e+00 2.2546026e-23 3.0047091e-17 8.4307495e-05
-2.1291291e+00 2.8593458e-23 3.6740524e-17 7.6674374e-05
-2.1241241e+00 3.6252283e-23 4.4915610e-17 6.9694216e-05
-2.1191191e+00 4.5937460e-23 5.4856074e-17 6.3314864e-05
-2.1141141e+00 5.8083863e-23 6.6924838e-17 5.7487982e-05
-2.1091091e+00 7.3399068e-23 8.1604177e-17 5.2168805e-05
-2.1041041e+00 9.2701855e-23 9.9479513e-17 4.7315907e-05
-2.0990991e+00 1.1707343e-22 1.2129826e-16 4.2890972e-05
-2.0940941e+00 1.4763933e-22 1.4776500e-16 3.8858591e-05
-2.0890891e+00 1.8610210e-22 1.7988883e-16 3.5186061e-05
-2.0840841e+00 2.3469719e-22 2.1875557e-16 3.1843200e-05
-2.0790791e+00 2.9589363e-22 2.6596696e-16 2.8802169e-05
-2.0740741e+00 3.7250737e-22 3.2306249e-16 2.6037311e-05
-2.0690691e+00 4.6859957e-22 3.9220024e-16 2.3524994e-05
-2.0640641e+00 5.8962703e-22 4.7587362e-16 2.1243465e-05
-2.0590591e+00 7.4151846e-22 5.7708245e-16 1.9172715e-05
-2.0540541e+00 9.3231932e-22 6.9953576e-16 1.7294354e-05
-2.0490490e+00 1.1717731e-21 8.4765026e-16 1.5591485e-05
-2.0440440e+00 1.4720631e-21 1.0271582e-15 1.4048602e-05
-2.0390390e+00 1.8482970e-21 1.2439791e-15 1.2651475e-05
-2.0340340e+00 2.3165881e-21 1.5067755e-15 1.1387061e-05
-2.0290290e+00 2.9021342e-21 1.8232396e-15 1.0243410e-05
-2.0240240e+00 3.6369380e-21 2.2047249e-15 9.2095827e-06
-2.0190190e+00 4.5502989e-21 2.6621550e-15 8.2755674e-06
-2.0140140e+00 5.6951423e-21 3.1981927e-15 7.4322113e-06
-2.0090090e+00 7.1133209e-21 3.8596776e-15 6.6711508e-06
-2.0040040e+00 8.8973698e-21 4.6601341e-15 5.9847486e-06
-1.9989990e+00 1.1122779e-20 5.6255718e-15 5.3660352e-06
-1.9939940e+00 1.3889289e-20 6.7873052e-15 4.8086543e-06
-1.9889890e+00 1.7342247e-20 8.1844695e-15 4.3068133e-06
-1.9839840e+00 2.1619546e-20 9.8638428e-15 3.8552361e-06
-1.9789790e+00 2.6956050e-20 1.1875927e-14 3.4491204e-06
-1.9739740e+00 3.3550225e-20 1.4282462e-14 3.0840981e-06
-1.9689690e+00 4.1742028e-20 1.7133556e-14 2.7561982e-06
-1.9639640e+00 5.1909085e-20 2.0583084e-14 2.4618135e-06
-1.9589590e+00 6.4548271e-20 2.4736065e-14 2.1976691e-06
-1.9539540e+00 8.0159005e-20 2.9714460e-14 1.9607937e-06
-1.9489489e+00 9.9490702e-20 3.5655314e-14 1.7484932e-06
-1.9439439e+00 1.2341705e-19 4.2771881e-14 1.5583264e-06
-1.9389389e+00 1.5301368e-19 5.1242361e-14 1.3880828e-06
-1.9339339e+00 1.8960416e-19 6.1354472e-14 1.2357617e-06
-1.9289289e+00 2.3492461e-19 7.3435617e-14 1.0995540e-06
-1.9239239e+00 2.9146652e-19 8.7927302e-14 9.7782428e-07
-1.9189189e+00 3.6074511e-19 1.0522118e-13 8.6909555e-07
-1.9139139e+00 4.4606025e-19 1.2574155e-13 7.7203444e-07
-1.9089089e+00 5.5125099e-19 1.5035357e-13 6.8543815e-07
-1.9039039e+00 6.8089547e-19 1.7972818e-13 6.0822226e-07
-1.8988989e+00 8.4092658e-19 2.1458538e-13 5.3940977e-07
-1.8938939e+00 1.0391285e-18 2.5601417e-13 4.7812132e-07
-1.8888889e+00 1.2812884e-18 3.0512644e-13 4.7952792e-07
-1.8838839e+00 1.5802074e-18 3.6279313e-13 5.3861444e-07
-1.8788789e+00 1.9464970e-18 4.3181542e-13 6.0906301e-07
-1.8738739e+00 2.3971953e-18 5.1355904e-13 5.8704023e-07
-1.8688689e+00 2.9493310e-18 6.1056397e-13 5.1891833e-07
-1.8638639e+00 3.6274843e-18 7.2326996e-13 4.5845066e-07
-1.8588589e+00 4.4626763e-18 8.5716246e-13 4.0480758e-07
-1.8538539e+00 5.4873588e-18 1.0172974e-12 3.5724579e-07
-1.8488488e+00 6.7452593e-18 1.2054967e-12 3.1509974e-07
-1.8438438e+00 8.2845083e-18 1.4302352e-12 2.7777388e-07
-1.8388388e+00 1.0162642e-17 1.6962956e-12 2.4473564e-07
-1.8338338e+00 1.2455659e-17 2.0087756e-12 2.1550903e-07
-1.8288288e+00 1.5257710e-17 2.3776440e-12 1.8966892e-07
-1.8238238e+00 1.8680195e-17 2.8157343e-12 1.6683584e-07
-1.8188188e+00 2.2886001e-17 3.3284252e-12 1.4667285e-07
-1.8138138e+00 2.8023175e-17 3.9378155e-12 1.5461050e-07
-1.8088088e+00 3.4251483e-17 4.6558075e-12 1.6975973e-07
-1.8038038e+00 4.1738942e-17 5.5045731e-12 1.4899703e-07
-1.7987988e+00 5.0961199e-17 6.4977481e-12 1.3070222e-07
-1.7937938e+00 6.2187119e-17 7.6636900e-12 1.1459617e-07
-1.7887888e+00 7.5927506e-17 9.0386128e-12 1.2734299e-07
-1.7837838e+00 9.2696234e-17 1.0658549e-11 1.2528715e-07
-1.7787788e+00 1.1300450e-16 1.2551971e-11 1.3882748e-07
-1.7737738e+00 1.3774051e-16 1.4768578e-11 1.5699039e-07
-1.7687688e+00 1.6790578e-16 1.7378426e-11 1.7828035e-07
-1.7637638e+00 2.0452346e-16 2.0457202e-11 2.0231855e-07
-1.7587588e+00 2.4863862e-16 2.4046139e-11 2.2916373e-07
-1.7537538e+00 3.0216443e-16 2.8208283e-11 2.5954731e-07
-1.7487487e+00 3.6737225e-16 3.3069293e-11 2.9376053e-07
-1.7437437e+00 4.4583029e-16 3.8787302e-11 3.3347550e-07
-1.7387387e+00 5.4096398e-16 4.5476404e-11 3.7683247e-07
-1.7337337e+00 6.5577672e-16 5.3238305e-11 4.2560837e-07
-1.7287287e+00 7.9452229e-16 6.2256200e-11 4.8129871e-07
-1.7237237e+00 9.6171610e-16 7.2898334e-11 5.4379409e-07
-1.7187187e+00 1.1643770e-15 8.5358690e-11 6.1363723e-07
-1.7137137e+00 1.4084162e-15 9.9894211e-11 6.9325850e-07
-1.7087087e+00 1.7027054e-15 1.1674513e-10 7.8348368e-07
-1.7037037e+00 2.0605398e-15 1.3636327e-10 8.8316995e-07
-1.6986987e+00 2.4924851e-15 1.5913934e-10 9.9669642e-07
-1.6936937e+00 2.9973413e-15 1.8573218e-10 1.1231617e-06
-1.6886887e+00 3.6156493e-15 2.1693850e-10 1.2642449e-06
-1.6836837e+00 4.3608077e-15 2.5299339e-10 1.4221736e-06
-1.6786787e+00 5.2546220e-15 2.9417938e-10 1.5955579e-06
-1.6736737e+00 6.3281749e-15 3.4220079e-10 1.7862738e-06
-1.6686687e+00 7.6287999e-15 3.9779828e-10 2.0020477e-06
-1.6636637e+00 9.1960404e-15 4.6185506e-10 2.2437037e-06
-1.6586587e+00 1.1075058e-14 5.3593367e-10 2.5131543e-06
-1.6536537e+00 1.3331130e-14 6.2218066e-10 2.8134253e-06
-1.6486486e+00 1.6037372e-14 6.6352789e-10 3.1501385e-06
-1.6436436e+00 1.9273056e-14 5.7226912e-10 3.5161022e-06
-1.6386386e+00 2.3179449e-14 4.9329180e-10 3.9297833e-06
-1.6336336e+00 2.7806097e-14 4.2498469e-10 4.3897352e-06
-1.6286286e+00 3.3350857e-14 3.6597638e-10 4.9063127e-06
-1.6236236e+00 3.9995931e-14 3.1518286e-10 5.4899765e-06
-1.6186186e+00 4.7973961e-14 2.7210707e-10 6.1126662e-06
-1.6136136e+00 5.7537261e-14 2.4058691e-10 6.8272612e-06
-1.6086086e+00 6.8878214e-14 2.3630479e-10 7.6059557e-06
-1.6036036e+00 8.2478227e-14 2.6268912e-10 8.4776493e-06
-1.5985986e+00 9.8668804e-14 2.9485635e-10 9.4343852e-06
-1.5935936e+00 1.1781130e-13 2.5291587e-10 1.0519863e-05
-1.5885886e+00 1.4059575e-13 2.1704127e-10 1.1701912e-05
-1.5835836e+00 1.6780394e-13 1.9342479e-10 1.3023583e-05
-1.5785786e+00 2.0013393e-13 2.0229952e-10 1.4467353e-05
-1.5735736e+00 2.3844023e-13 2.0424628e-10 1.6094397e-05
-1.5685686e+00 2.8388091e-13 2.0577882e-10 1.7851446e-05
-1.5635636e+00 3.3790522e-13 2.2163999e-10 1.9860542e-05
-1.5585586e+00 4.0253736e-13 2.5198252e-10 2.2074360e-05
-1.5535536e+00 4.7845153e-13 2.9021752e-10 2.4470751e-05
-1.5485485e+00 5.6890512e-13 3.3387845e-10 2.7170099e-05
-1.5435435e+00 6.7613066e-13 3.8581624e-10 3.0067348e-05
-1.5385385e+00 8.0225496e-13 4.4577906e-10 3.3234249e-05
-1.5335335e+00 9.5141429e-13 5.1747423e-10 3.6714625e-05
-1.5285285e+00 1.1306933e-12 6.0040868e-10 4.0546531e-05
-1.5235235e+00 1.3428746e-12 6.9589601e-10 4.4750557e-05
-1.5185185e+00 1.5880869e-12 8.0848486e-10 4.9495193e-05
-1.5135135e+00 1.8815138e-12 9.3779317e-10 5.4449803e-05
-1.5085085e+00 2.2259312e-12 1.0850282e-09 6.0187079e-05
-1.5035035e+00 2.6357086e-12 1.2551519e-09 6.6226392e-05
-1.4984985e+00 3.1189272e-12 1.4529579e-09 7.2604096e-05
-1.4934935e+00 3.6835757e-12 1.6820385e-09 7.9857223e-05
-1.4884885e+00 4.3472143e-12 1.9425311e-09 8.7334117e-05
-1.4834835e+00 3.7661489e-12 2.2433998e-09 9.5950131e-05
-1.4784785e+00 3.1907747e-12 2.5924412e-09 1.0528118e-04
-1.4734735e+00 2.7096307e-12 2.9901260e-09 1.1583445e-04
-1.4684685e+00 2.5615968e-12 3.4498524e-09 1.2705204e-04
-1.4634635e+00 2.7303946e-12 3.9734823e-09 1.3896825e-04
-1.4584585e+00 3.0173452e-12 4.5815595e-09 1.5238173e-04
-1.4534535e+00 2.7594219e-12 5.2722821e-09 1.6687748e-04
-1.4484484e+00 2.3321132e-12 6.0539948e-09 1.8184072e-04
-1.4434434e+00 2.1005571e-12 6.9641473e-09 1.9917048e-04
-1.4384384e+00 2.2702075e-12 8.0154944e-09 2.1796726e-04
-1.4334334e+00 2.0975369e-12 9.2063827e-09 2.3792506e-04
-1.4284284e+00 2.0250395e-12 1.0590469e-08 2.6011068e-04
-1.4234234e+00 2.0933820e-12 1.2175977e-08 2.8331933e-04
-1.4184184e+00 2.3971477e-12 1.3966394e-08 3.0769394e-04
-1.4134134e+00 2.7481681e-12 1.6019418e-08 3.3657477e-04
-1.4084084e+00 3.1639489e-12 1.8373970e-08 3.6529899e-04
-1.4034034e+00 3.6949413e-12 2.1069232e-08 3.9758371e-04
-1.3983984e+00 4.2821328e-12 2.4108480e-08 4.3268979e-04
-1.3933934e+00 5.0086815e-12 2.7552082e-08 4.7113359e-04
-1.3883884e+00 5.8683681e-12 3.1487703e-08 5.1436786e-04
-1.3833834e+00 6.9041458e-12 3.5983820e-08 5.6043501e-04
-1.3783784e+00 8.1365599e-12 4.1101776e-08 6.0503701e-04
-1.3733734e+00 9.5983273e-12 4.6885067e-08 6.5650057e-04
-1.3683684e+00 1.1316912e-11 5.3548893e-08 7.1345773e-04
-1.3633634e+00 1.3323372e-11 6.1058751e-08 7.7293278e-04
-1.3583584e+00 1.5683549e-11 6.9707328e-08 8.3445707e-04
-1.3533534e+00 1.8365834e-11 7.9444285e-08 9.0415982e-04
-1.3483483e+00 2.1556254e-11 9.0533804e-08 9.7883105e-04
-1.3433433e+00 2.5287069e-11 1.0289000e-07 1.0558802e-03
-1.3383383e+00 2.9647378e-11 1.1704825e-07 1.1413007e-03
-1.3333333e+00 3.4742378e-11 1.3317200e-07 1.2352006e-03
-1.3283283e+00 4.0702062e-11 1.5142416e-07 1.3328729e-03
-1.3233233e+00 4.7658405e-11 1.7194454e-07 1.4391007e-03
-1.3183183e+00 5.5835118e-11 1.9543893e-07 1.5423785e-03
-1.3133133e+00 6.5142479e-11 2.2189550e-07 1.6647842e-03
-1.3083083e+00 7.5800831e-11 2.5155868e-07 1.7990491e-03
-1.3033033e+00 8.8706761e-11 2.8532349e-07 1.9380192e-03
-1.2982983e+00 1.0378686e-10 3.2252479e-07 2.0924388e-03
-1.2932933e+00 1.2061451e-10 3.6467034e-07 2.2536835e-03
-1.2882883e+00 1.4065939e-10 4.1286123e-07 2.4079365e-03
-1.2832833e+00 1.6394614e-10 4.6687820e-07 2.5868131e-03
-1.2782783e+00 1.9023080e-10 5.2729488e-07 2.7778069e-03
-1.2732733e+00 2.2154351e-10 5.9597183e-07 2.9870409e-03
-1.2682683e+00 2.5786962e-10 6.7236621e-07 3.2082097e-03
-1.2632633e+00 2.9935823e-10 7.5813491e-07 3.4349641e-03
-1.2582583e+00 3.4860516e-10 8.5451093e-07 3.6660849e-03
-1.2532533e+00 4.0509475e-10 9.6191929e-07 3.9217447e-03
-1.2482482e+00 4.7124095e-10 1.0817312e-06 4.2005426e-03
-1.2432432e+00 5.4536926e-10 1.2167968e-06 4.4975378e-03
-1.2382382e+00 6.3270646e-10 1.3681409e-06 4.8280046e-03
-1.2332332e+00 7.3251340e-10 1.5408436e-06 5.1631445e-03
-1.2282282e+00 8.4539794e-10 1.7310824e-06 5.4995471e-03
-1.2232232e+00 9.8262323e-10 1.9445581e-06 5.8665393e-03
-1.2182182e+00 1.1376610e-09 2.1809865e-06 6.2700888e-03
-1.2132132e+00 1.3163776e-09 2.4368360e-06 6.6458808e-03
-1.2082082e+00 1.5214049e-09 2.7283877e-06 7.0543417e-03
-1.2032032e+00 1.7587341e-09 3.0610655e-06 7.4899268e-03
-1.1981982e+00 2.0335395e-09 3.4215148e-06 7.9455555e-03
-1.1931932e+00 2.3541081e-09 3.8299957e-06 8.4543655e-03
-1.1881882e+00 2.7174603e-09 4.2794594e-06 8.9635405e-03
-1.1831832e+00 3.1339109e-09 4.7853058e-06 9.5070196e-03
-1.1781782e+00 3.6130692e-09 5.3544277e-06 1.0070105e-02
-1.1731732e+00 4.1694877e-09 5.9938996e-06 1.0677170e-02
-1.1681682e+00 4.7870564e-09 6.6923998e-06 1.1322253e-02
-1.1631632e+00 5.5091696e-09 7.4785096e-06 1.2012139e-02
-1.1581582e+00 6.3486705e-09 8.3398494e-06 1.2665907e-02
-1.1531532e+00 7.3001938e-09 9.2867976e-06 1.3410580e-02
-1.1481481e+00 8.4042188e-09 1.0334494e-05 1.4065201e-02
-1.1431431e+00 9.6700444e-09 1.1496549e-05 1.4845312e-02
-1.1381381e+00 1.1006595e-08 1.2784080e-05 1.5638713e-02
-1.1331331e+00 1.2589154e-08 1.4219049e-05 1.6469759e-02
-1.1281281e+00 1.4421639e-08 1.5815015e-05 1.7397279e-02
-1.1231231e+00 1.6469669e-08 1.7474722e-05 1.8333688e-02
-1.1181181e+00 1.8897339e-08 1.9424469e-05 1.9370574e-02
-1.1131131e+00 2.1627419e-08 2.1507968e-05 2.0355770e-02
-1.1081081e+00 2.4787936e-08 2.3873504e-05 2.1336036e-02
-1.1031031e+00 2.8293942e-08 2.6403803e-05 2.2319741e-02
-1.0980981e+00 3.2238617e-08 2.9252298e-05 2.3496570e-02
-1.0930931e+00 3.6848759e-08 3.2363533e-05 2.4674625e-02
-1.0880881e+00 4.2197277e-08 3.5773906e-05 2.5915516e-02
-1.0830831e+00 4.7880437e-08 3.9503035e-05 2.7230078e-02
-1.0780781e+00 5.4630447e-08 4.3666129e-05 2.8563376e-02
-1.0730731e+00 6.1765623e-08 4.8108815e-05 2.9952850e-02
-1.0680681e+00 7.0115258e-08 5.3020987e-05 3.1282976e-02
-1.0630631e+00 7.9985833e-08 5.8330243e-05 3.2699415e-02
-1.0580581e+00 9.0765698e-08 6.4078141e-05 3.4306335e-02
-1.0530531e+00 1.0319173e-07 7.0439847e-05 3.5733372e-02
-1.0480480e+00 1.1722459e-07 7.7774955e-05 3.7262405e-02
-1.0430430e+00 1.3270021e-07 8.5635389e-05 3.8996829e-02
-1.0380380e+00 1.4932120e-07 9.4075509e-05 4.0819524e-02
-1.0330330e+00 1.6965685e-07 1.0331651e-04 4.2435928e-02
-1.0280280e+00 1.9282883e-07 1.1366667e-04 4.4257880e-02
-1.0230230e+00 2.1767852e-07 1.2501051e-04 4.6184177e-02
-1.0180180e+00 2.4734717e-07 1.3719260e-04 4.7833128e-02
-1.0130130e+00 2.8059159e-07 1.5025949e-04 4.9908071e-02
-1.0080080e+00 3.1824765e-07 1.6446445e-04 5.1874613e-02
-1.0030030e+00 3.5982455e-07 1.7997131e-04 5.3924894e-02
-9.9799800e-01 4.0704207e-07 1.9673523e-04 5.5976068e-02
-9.9299299e-01 4.5579779e-07 2.1440671e-04 5.7885418e-02
-9.8798799e-01 5.1326388e-07 2.3425961e-04 6.0218914e-02
-9.8298298e-01 5.7748672e-07 2.5658650e-04 6.2858166e-02
-9.7797798e-01 6.4923980e-07 2.8061036e-04 6.5164635e-02
-9.7297297e-01 7.2355607e-07 3.0591309e-04 6.7478321e-02
-9.6796797e-01 8.1609478e-07 3.3409791e-04 6.9974728e-02
-9.6296296e-01 9.1928567e-07 3.6445051e-04 7.2067318e-02
-9.5795796e-01 1.0304038e-06 3.9762399e-04 7.4525074e-02
-9.5295295e-01 1.1622008e-06 4.3346354e-04 7.7236291e-02
-9.4794795e-01 1.2993995e-06 4.6983443e-04 7.9838835e-02
-9.4294294e-01 1.4610779e-06 5.1229601e-04 8.2493933e-02
-9.3793794e-01 1.6361488e-06 5.5749162e-04 8.5095213e-02
-9.3293293e-01 1.8360226e-06 6.0382897e-04 8.7984430e-02
-9.2792793e-01 2.0539590e-06 6.5494911e-04 9.0520987e-02
-9.2292292e-01 2.3067115e-06 7.1108299e-04 9.3072082e-02
-9.1791792e-01 2.5768112e-06 7.7191129e-04 9.6362239e-02
-9.1291291e-01 2.8768773e-06 8.3708738e-04 9.9382877e-02
-9.0790791e-01 3.2304464e-06 9.0446880e-04 1.0226300e-01
-9.0290290e-01 3.6110784e-06 9.7745898e-04 1.0555757e-01
-8.9789790e-01 4.0226689e-06 1.0592057e-03 1.0852242e-01
-8.9289289e-01 4.4897208e-06 1.1436321e-03 1.1134374e-01
-8.8788789e-01 5.0127334e-06 1.2341851e-03 1.1459085e-01
-8.8288288e-01 5.5748197e-06 1.3287225e-03 1.1793211e-01
-8.7787788e-01 6.2136184e-06 1.4334299e-03 1.2093758e-01
-8.7287287e-01 6.9258394e-06 1.5456197e-03 1.2416869e-01
-8.6786787e-01 7.7097291e-06 1.6675574e-03 1.2780153e-01
-8.6286286e-01 8.5263440e-06 1.7972413e-03 1.3100781e-01
-8.5785786e-01 9.5114965e-06 1.9352225e-03 1.3428581e-01
-8.5285285e-01 1.0590015e-05 2.0860519e-03 1.3790165e-01
-8.4784785e-01 1.1725656e-05 2.2458782e-03 1.4152528e-01
-8.4284284e-01 1.2957803e-05 2.4133354e-03 1.4442340e-01
-8.3783784e-01 1.4337390e-05 2.5937884e-03 1.4756792e-01
-8.3283283e-01 1.5919892e-05 2.7886334e-03 1.5054526e-01
-8.2782783e-01 1.7678617e-05 2.9953256e-03 1.5355734e-01
-8.2282282e-01 1.9669591e-05 3.2175591e-03 1.5655613e-01
-8.1781782e-01 2.1803061e-05 3.4467968e-03 1.6037573e-01
-8.1281281e-01 2.4093381e-05 3.6961201e-03 1.6329270e-01
-8.0780781e-01 2.6535178e-05 3.9591374e-03 1.6714751e-01
-8.0280280e-01 2.9109744e-05 4.2306532e-03 1.7112741e-01
-7.9779780e-01 3.2125669e-05 4.5190524e-03 1.7429360e-01
-7.9279279e-01 3.5637129e-05 4.8292197e-03 1.7769897e-01
-7.8778779e-01 3.9128257e-05 5.1637313e-03 1.8090366e-01
-7.8278278e-01 4.3171859e-05 5.5227858e-03 1.8450935e-01
-7.7777778e-01 4.7623127e-05 5.9049891e-03 1.8742170e-01
-7.7277277e-01 5.1695774e-05 6.2989525e-03 1.9086467e-01
-7.6776777e-01 5.6969069e-05 6.7067996e-03 1.9404392e-01
-7.6276276e-01 6.2636381e-05 7.1462070e-03 1.9802006e-01
-7.5775776e-01 6.8305685e-05 7.5970982e-03 2.0079633e-01
-7.5275275e-01 7.4530007e-05 8.0857496e-03 2.0399954e-01
-7.4774775e-01 8.1671848e-05 8.5769420e-03 2.0790952e-01
-7.4274274e-01 8.9081838e-05 9.0789237e-03 2.1100483e-01
-7.3773774e-01 9.7811421e-05 9.6200319e-03 2.1486620e-01
-7.3273273e-01 1.0698258e-04 1.0193566e-02 2.1816562e-01
-7.2772773e-01 1.1696313e-04 1.0836242e-02 2.2162739e-01
-7.2272272e-01 1.2853298e-04 1.1487238e-02 2.2414956e-01
-7.1771772e-01 1.3907129e-04 1.2140404e-02 2.2668886e-01
-7.1271271e-01 1.5006176e-04 1.2888243e-02 2.3000582e-01
-7.0770771e-01 1.6509398e-04 1.3603773e-02 2.3302964e-01
-7.0270270e-01 1.8017613e-04 1.4433671e-02 2.3678001e-01
-6.9769770e-01 1.9608634e-04 1.5269690e-02 2.3899222e-01
-6.9269269e-01 2.1243029e-04 1.6153280e-02 2.4253560e-01
-6.8768769e-01 2.3039102e-04 1.7030209e-02 2.4526568e-01
-6.8268268e-01 2.5183969e-04 1.7933715e-02 2.4822945e-01
-6.7767768e-01 2.6941102e-04 1.8919717e-02 2.5117357e-01
-6.7267267e-01 2.9135608e-04 1.9975208e-02 2.5408037e-01
-6.6766767e-01 3.1584457e-04 2.1116263e-02 2.5685038e-01
-6.6266266e-01 3.4280618e-04 2.2240303e-02 2.5925753e-01
-6.5765766e-01 3.7149687e-04 2.3428223e-02 2.6213409e-01
-6.5265265e-01 4.0170322e-04 2.4616614e-02 2.6478649e-01
-6.4764765e-01 4.3400751e-04 2.5898289e-02 2.6819954e-01
-6.4264264e-01 4.7056343e-04 2.7268569e-02 2.7104845e-01
-6.3763764e-01 5.1128682e-04 2.8637007e-02 2.7368216e-01
-6.3263263e-01 5.5434961e-04 3.0013799e-02 2.7645456e-01
-6.2762763e-01 6.0117107e-04 3.1426771e-02 2.7908265e-01
-6.2262262e-01 6.5276318e-04 3.2936234e-02 2.8142593e-01
-6.1761762e-01 7.0850244e-04 3.4614790e-02 2.8402871e-01
-6.1261261e-01 7.6574870e-04 3.6242120e-02 2.8689440e-01
-6.0760761e-01 8.2333023e-04 3.7913645e-02 2.8916349e-01
-6.0260260e-01 8.7875159e-04 3.9759559e-02 2.9125337e-01
-5.9759760e-01 9.3949361e-04 4.1631379e-02 2.9336989e-01
-5.9259259e-01 1.0033158e-03 4.3592400e-02 2.9530622e-01
-5.8758759e-01 1.0780599e-03 4.5507300e-02 2.9704646e-01
-5.8258258e-01 1.1539482e-03 4.7497662e-02 2.9868840e-01
-5.7757758e-01 1.2321450e-03 4.9619632e-02 3.0045258e-01
-5.7257257e-01 1.3234082e-03 5.1650840e-02 3.0158158e-01
-5.6756757e-01 1.4136313e-03 5.3938151e-02 3.0253372e-01
-5.6256256e-01 1.5169245e-03 5.6235885e-02 3.0380357e-01
-5.5755756e-01 1.6139138e-03 5.8469671e-02 3.0633780e-01
-5.5255255e-01 1.7202490e-03 6.0843408e-02 3.0842162e-01
-5.4754755e-01 1.8482941e-03 6.3293511e-02 3.1096605e-01
-5.4254254e-01 1.9794694e-03 6.5902786e-02 3.1392824e-01
-5.3753754e-01 2.1145406e-03 6.8779956e-02 3.1796754e-01
-5.3253253e-01 2.2437281e-03 7.1290944e-02 3.2111550e-01
-5.2752753e-01 2.4067894e-03 7.3919125e-02 3.2459770e-01
-5.2252252e-01 2.5359868e-03 7.6767733e-02 3.2814808e-01
-5.1751752e-01 2.7226200e-03 7.9558542e-02 3.3235287e-01
-5.1251251e-01 2.9186340e-03 8.2548847e-02 3.3604194e-01
-5.0750751e-01 3.1301396e-03 8.5702359e-02 3.4146810e-01
-5.0250250e-01 3.3225652e-03 8.8576359e-02 3.4689065e-01
-4.9749750e-01 3.5330914e-03 9.1990184e-02 3.5220913e-01
-4.9249249e-01 3.7296546e-03 9.5036055e-02 3.5733855e-01
-4.8748749e-01 3.9343257e-03 9.8100303e-02 3.6254500e-01
-4.8248248e-01 4.1714322e-03 1.0140518e-01 3.6714852e-01
-4.7747748e-01 4.4450270e-03 1.0455507e-01 3.7325354e-01
-4.7247247e-01 4.7002755e-03 1.0817555e-01 3.7907655e-01
-4.6746747e-01 4.9807743e-03 1.1168326e-01 3.8476442e-01
-4.6246246e-01 5.2805132e-03 1.1524108e-01 3.8953073e-01
-4.5745746e-01 5.5978599e-03 1.1863928e-01 3.9517589e-01
-4.5245245e-01 5.8999652e-03 1.2211891e-01 4.0097799e-01
-4.4744745e-01 6.2588724e-03 1.2577388e-01 4.0720866e-01
-4.4244244e-01 6.6246090e-03 1.2929667e-01 4.1346638e-01
-4.3743744e-01 6.9750992e-03 1.3318759e-01 4.2010581e-01
-4.3243243e-01 7.3942446e-03 1.3705250e-01 4.2652455e-01
-4.2742743e-01 7.8165044e-03 1.4062976e-01 4.3208340e-01
-4.2242242e-01 8.3029737e-03 1.4435185e-01 4.3761510e-01
-4.1741742e-01 8.8135235e-03 1.4838549e-01 4.4298410e-01
-4.1241241e-01 9.2601810e-03 1.5245611e-01 4.4936789e-01
-4.0740741e-01 9.7322687e-03 1.5687089e-01 4.5563154e-01
-4.0240240e-01 1.0260583e-02 1.6082911e-01 4.6212471e-01
-3.9739740e-01 1.0865602e-02 1.6455302e-01 4.6731508e-01
-3.9239239e-01 1.1494579e-02 1.6874522e-01 4.7324490e-01
-3.8738739e-01 1.2108608e-02 1.7301392e-01 4.7785199e-01
-3.8238238e-01 1.2693888e-02 1.7729503e-01 4.8394862e-01
-3.7737738e-01 1.3329356e-02 1.8156824e-01 4.8935675e-01
-3.7237237e-01 1.4118728e-02 1.8550349e-01 4.9553599e-01
-3.6736737e-01 1.4957443e-02 1.8951695e-01 5.0119783e-01
-3.6236236e-01 1.5607347e-02 1.9406555e-01 5.0641076e-01
-3.5735736e-01 1.6499541e-02 1.9829566e-01 5.1135936e-01
-3.5235235e-01 1.7366590e-02 2.0274570e-01 5.1732388e-01
-3.4734735e-01 1.8411984e-02 2.0727008e-01 5.2366617e-01
-3.4234234e-01 1.9504266e-02 2.1173241e-01 5.2901654e-01
-3.3733734e-01 2.0460741e-02 2.1598128e-01 5.3431814e-01
-3.3233233e-01 2.1566044e-02 2.1998573e-01 5.3946226e-01
-3.2732733e-01 2.2581972e-02 2.2442324e-01 5.4538957e-01
-3.2232232e-01 2.3657134e-02 2.2860724e-01 5.4938599e-01
-3.1731732e-01 2.4778076e-02 2.3326647e-01 5.5402559e-01
-3.1231231e-01 2.5951094e-02 2.3774468e-01 5.5874917e-01
-3.0730731e-01 2.7372884e-02 2.4229612e-01 5.6470440e-01
-3.0230230e-01 2.8799047e-02 2.4686301e-01 5.7037721e-01
-2.9729730e-01 3.0195733e-02 2.5118495e-01 5.7489326e-01
-2.9229229e-01 3.1782646e-02 2.5554896e-01 5.7852547e-01
-2.8728729e-01 3.3481098e-02 2.5982312e-01 5.8299800e-01
-2.8228228e-01 3.5201601e-02 2.6396556e-01 5.8690582e-01
-2.7727728e-01 3.6701595e-02 2.6802001e-01 5.9062893e-01
-2.7227227e-01 3.8724304e-02 2.7230636e-01 5.9481559e-01
-2.6726727e-01 4.0810421e-02 2.7595608e-01 5.9856061e-01
-2.6226226e-01 4.2715254e-02 2.7973328e-01 6.0235432e-01
-2.5725726e-01 4.4624619e-02 2.8363815e-01 6.0544365e-01
-2.5225225e-01 4.6646185e-02 2.8737427e-01 6.0879870e-01
-2.4724725e-01 4.8706558e-02 2.9126416e-01 6.1116674e-01
-2.4224224e-01 5.0965570e-02 2.9493617e-01 6.1429816e-01
-2.3723724e-01 5.3369495e-02 2.9888822e-01 6.1787535e-01
-2.3223223e-01 5.5863878e-02 3.0283482e-01 6.2162998e-01
-2.2722723e-01 5.8222496e-02 3.0650360e-01 6.2556514e-01
-2.2222222e-01 6.1109102e-02 3.0988626e-01 6.2941010e-01
-2.1721722e-01 6.4075659e-02 3.1305109e-01 6.3431382e-01
-2.1221221e-01 6.7052581e-02 3.1682376e-01 6.3940625e-01
-2.0720721e-01 7.0009360e-02 3.2077378e-01 6.4476518e-01
-2.0220220e-01 7.2999896e-02 3.2413164e-01 6.5013215e-01
-1.9719720e-01 7.5954082e-02 3.2796213e-01 6.5584231e-01
-1.9219219e-01 7.9193695e-02 3.3227244e-01 6.6108620e-01
-1.8718719e-01 8.2682420e-02 3.3586731e-01 6.6638265e-01
-1.8218218e-01 8.6343424e-02 3.4028497e-01 6.7152614e-01
-1.7717718e-01 9.0141957e-02 3.4453569e-01 6.7758318e-01
-1.7217217e-01 9.3748032e-02 3.4883332e-01 6.8182163e-01
-1.6716717e-01 9.7731522e-02 3.5338791e-01 6.8702306e-01
-1.6216216e-01 1.0193458e-01 3.5826851e-01 6.9335443e-01
-1.5715716e-01 1.0626804e-01 3.6347265e-01 6.9926340e-01
-1.5215215e-01 1.1100236e-01 3.6822186e-01 7.0550117e-01
-1.4714715e-01 1.1545356e-01 3.7285433e-01 7.1135082e-01
-1.4214214e-01 1.1978190e-01 3.7794247e-01 7.1745872e-01
-1.3713714e-01 1.2437620e-01 3.8282595e-01 7.2253817e-01
-1.3213213e-01 1.2911935e-01 3.8874114e-01 7.2846402e-01
-1.2712713e-01 1.3433687e-01 3.9401424e-01 7.3466020e-01
-1.2212212e-01 1.3969040e-01 3.9982566e-01 7.4014677e-01
-1.1711712e-01 1.4487316e-01 4.0572816e-01 7.4711244e-01
-1.1211211e-01 1.4999043e-01 4.1170264e-01 7.5283087e-01
-1.0710711e-01 1.5565080e-01 4.1762275e-01 7.5882743e-01
-1.0210210e-01 1.6109601e-01 4.2373104e-01 7.6460338e-01
-9.7097097e-02 1.6689879e-01 4.2954983e-01 7.7075995e-01
-9.2092092e-02 1.7310857e-01 4.3558482e-01 7.7673092e-01
-8.7087087e-02 1.7940946e-01 4.4142965e-01 7.8296971e-01
-8.2082082e-02 1.8585914e-01 4.4818053e-01 7.8898093e-01
-7.7077077e-02 1.9200012e-01 4.5469734e-01 7.9533084e-01
-7.2072072e-02 1.9822587e-01 4.6069210e-01 8.0123359e-01
-6.7067067e-02 2.0511799e-01 4.6742191e-01 8.0630777e-01
-6.2062062e-02 2.1173185e-01 4.7364451e-01 8.1282129e-01
-5.7057057e-02 2.1841300e-01 4.8066010e-01 8.2003943e-01
-5.2052052e-02 2.2503525e-01 4.8701706e-01 8.2649158e-01
-4.7047047e-02 2.3139901e-01 4.9402836e-01 8.3303582e-01
-4.2042042e-02 2.3868009e-01 5.0090721e-01 8.3985122e-01
-3.7037037e-02 2.4543578e-01 5.0831815e-01 8.4599679e-01
-3.2032032e-02 2.5289385e-01 5.1512433e-01 8.5300542e-01
-2.7027027e-02 2.5981862e-01 5.2232350e-01 8.5964175e-01
-2.2022022e-02 2.6661550e-01 5.2876805e-01 8.6549611e-01
-1.7017017e-02 2.7388562e-01 5.3618073e-01 8.7211821e-01
-1.2012012e-02 2.8099470e-01 5.4347772e-01 8.7826359e-01
-7.0070070e-03 2.8841061e-01 5.5111384e-01 8.8469619e-01
-2.0020020e-03 2.9500800e-01 5.5864505e-01 8.9157159e-01
3.0030030e-03 3.0146555e-01 5.6654398e-01 8.9835834e-01
8.0080080e-03 3.0795760e-01 5.7461380e-01 9.0533491e-01
1.3013013e-02 3.1484547e-01 5.8171858e-01 9.1228372e-01
1.8018018e-02 3.2226391e-01 5.8927404e-01 9.1839746e-01
2.3023023e-02 3.2889787e-01 5.9687054e-01 9.2601803e-01
2.8028028e-02 3.3586732e-01 6.0422119e-01 9.3366243e-01
3.3033033e-02 3.4273754e-01 6.1217701e-01 9.4191763e-01
3.8038038e-02 3.5017240e-01 6.1995132e-01 9.4862583e-01
4.3043043e-02 3.5686834e-01 6.2789224e-01 9.5554590e-01
4.8048048e-02 3.6402604e-01 6.3535458e-01 9.6382767e-01
5.3053053e-02 3.7039887e-01 6.4321491e-01 9.7081785e-01
5.8058058e-02 3.7693994e-01 6.5107703e-01 9.7788979e-01
6.3063063e-02 3.8439841e-01 6.5895688e-01 9.8683207e-01
6.8068068e-02 3.9156725e-01 6.6796478e-01 9.9491369e-01
7.3073073e-02 3.9779947e-01 6.7631621e-01 1.0037571e+00
7.8078078e-02 4.0417829e-01 6.8503021e-01 1.0115698e+00
8.3083083e-02 4.1000329e-01 6.9345549e-01 1.0196789e+00
8.8088088e-02 4.1593570e-01 7.0178308e-01 1.0282743e+00
9.3093093e-02 4.2250683e-01 7.1006770e-01 1.0371984e+00
9.8098098e-02 4.2824235e-01 7.1884900e-01 1.0468787e+00
1.0310310e-01 4.3390717e-01 7.2644760e-01 1.0559545e+00
1.0810811e-01 4.3992982e-01 7.3495370e-01 1.0655786e+00
1.1311311e-01 4.4586340e-01 7.4322004e-01 1.0749878e+00
1.1811812e-01 4.5175112e-01 7.5188556e-01 1.0842849e+00
1.2312312e-01 4.5741666e-01 7.6024318e-01 1.0936007e+00
1.2812813e-01 4.6294249e-01 7.6826573e-01 1.1033825e+00
1.3313313e-01 4.6851341e-01 7.7691717e-01 1.1134540e+00
1.3813814e-01 4.7435363e-01 7.8502275e-01 1.1222062e+00
1.4314314e-01 4.7959844e-01 7.9331853e-01 1.1315038e+00
1.4814815e-01 4.8410638e-01 8.0146478e-01 1.1415122e+00
1.5315315e-01 4.8965762e-01 8.0901905e-01 1.1510991e+00
1.5815816e-01 4.9522364e-01 8.1717896e-01 1.1598798e+00
1.6316316e-01 4.9997524e-01 8.2438435e-01 1.1690379e+00
1.6816817e-01 5.0490645e-01 8.3193064e-01 1.1805123e+00
1.7317317e-01 5.0928474e-01 8.3961382e-01 1.1901654e+00
1.7817818e-01 5.1281221e-01 8.4747025e-01 1.2003575e+00
1.8318318e-01 5.1748671e-01 8.5487615e-01 1.2096163e+00
1.8818819e-01 5.2217441e-01 8.6126888e-01 1.2194852e+00
1.9319319e-01 5.2648473e-01 8.6800259e-01 1.2292345e+00
1.9819820e-01 5.3045870e-01 8.7506776e-01 1.2390315e+00
2.0320320e-01 5.3435285e-01 8.8282967e-01 1.2473370e+00
2.0820821e-01 5.3845389e-01 8.8919607e-01 1.2561368e+00
2.1321321e-01 5.4232871e-01 8.9504444e-01 1.2652021e+00
2.1821822e-01 5.4558398e-01 9.0131897e-01 1.2742322e+00
2.2322322e-01 5.4936084e-01 9.0733669e-01 1.2823384e+00
2.2822823e-01 5.5295518e-01 9.1272190e-01 1.2904994e+00
2.3323323e-01 5.5691575e-01 9.1757339e-01 1.2979007e+00
2.3823824e-01 5.6086569e-01 9.2294834e-01 1.3064806e+00
2.4324324e-01 5.6500361e-01 9.2729894e-01 1.3133639e+00
2.4824825e-01 5.6931502e-01 9.3233698e-01 1.3215279e+00
2.5325325e-01 5.7395631e-01 9.3619456e-01 1.3301300e+00
2.5825826e-01 5.7789673e-01 9.3929460e-01 1.3370965e+00
2.6326326e-01 5.8166373e-01 9.4240862e-01 1.3444890e+00
2.6826827e-01 5.8533820e-01 9.4522526e-01 1.3518499e+00
2.7327327e-01 5.8903085e-01 9.4814330e-01 1.3576252e+00
2.7827828e-01 5.9298340e-01 9.5104628e-01 1.3634727e+00
2.8328328e-01 5.9646464e-01 9.5400200e-01 1.3692413e+00
2.8828829e-01 5.9982614e-01 9.5561373e-01 1.3740662e+00
2.9329329e-01 6.0272467e-01 9.5837256e-01 1.3789594e+00
2.9829830e-01 6.0562604e-01 9.6048834e-01 1.3832549e+00
3.0330330e-01 6.0810694e-01 9.6329703e-01 1.3868769e+00
3.0830831e-01 6.1041389e-01 9.6582687e-01 1.3912678e+00
3.1331331e-01 6.1297502e-01 9.6786234e-01 1.3920082e+00
3.1831832e-01 6.1514162e-01 9.6987463e-01 1.3934617e+00
3.2332332e-01 6.1655652e-01 9.7211058e-01 1.3941432e+00
3.2832833e-01 6.1713373e-01 9.7337458e-01 1.3952871e+00
3.3333333e-01 6.1847631e-01 9.7490459e-01 1.3941271e+00
3.3833834e-01 6.1901325e-01 9.7646097e-01 1.3913107e+00
3.4334334e-01 6.1899367e-01 9.7750131e-01 1.3877088e+00
3.4834835e-01 6.1904028e-01 9.7776267e-01 1.3868129e+00
3.5335335e-01 6.1793684e-01 9.7781241e-01 1.3841657e+00
3.5835836e-01 6.1805010e-01 9.7791261e-01 1.3818043e+00
3.6336336e-01 6.1769361e-01 9.7824884e-01 1.3788511e+00
3.6836837e-01 6.1686565e-01 9.7788053e-01 1.3758637e+00
3.7337337e-01 6.1615439e-01 9.7752447e-01 1.3728687e+00
3.7837838e-01 6.1513554e-01 9.7681334e-01 1.3707742e+00
3.8338338e-01 6.1382401e-01 9.7590149e-01 1.3674684e+00
3.8838839e-01 6.1210234e-01 9.7527477e-01 1.3645675e+00
3.9339339e-01 6.1035704e-01 9.7334208e-01 1.3610214e+00
3.9839840e-01 6.0887203e-01 9.7114061e-01 1.3587341e+00
4.0340340e-01 6.0725921e-01 9.6827477e-01 1.3551780e+00
4.0840841e-01 6.0550288e-01 9.6510707e-01 1.3512669e+00
4.1341341e-01 6.0324126e-01 9.6131935e-01 1.3463199e+00
4.1841842e-01 6.0144316e-01 9.5785585e-01 1.3421433e+00
4.2342342e-01 5.9884438e-01 9.5386966e-01 1.3371558e+00
4.2842843e-01 5.9671898e-01 9.4976996e-01 1.3317178e+00
4.3343343e-01 5.9522754e-01 9.4599044e-01 1.3256955e+00
4.3843844e-01 5.9341212e-01 9.4198726e-01 1.3196889e+00
4.4344344e-01 5.9170119e-01 9.3782417e-01 1.3129860e+00
4.4844845e-01 5.9029636e-01 9.3404861e-01 1.3050526e+00
4.5345345e-01 5.8815607e-01 9.2994479e-01 1.2985275e+00
4.5845846e-01 5.8650242e-01 9.2449190e-01 1.2908040e+00
4.6346346e-01 5.8502100e-01 9.1973313e-01 1.2836920e+00
4.6846847e-01 5.8362156e-01 9.1527461e-01 1.2750315e+00
4.7347347e-01 5.8177447e-01 9.1072729e-01 1.2684503e+00
4.7847848e-01 5.8095089e-01 9.0565874e-01 1.2590944e+00
4.8348348e-01 5.7981022e-01 9.0092406e-01 1.2508454e+00
4.8848849e-01 5.7847024e-01 8.9620665e-01 1.2420055e+00
4.9349349e-01 5.7693358e-01 8.9186004e-01 1.2329976e+00
4.9849850e-01 5.7557168e-01 8.8760543e-01 1.2244237e+00
5.0350350e-01 5.7367167e-01 8.8270216e-01 1.2153356e+00
5.0850851e-01 5.7219494e-01 8.7825119e-01 1.2065754e+00
5.1351351e-01 5.7157236e-01 8.7410953e-01 1.1972409e+00
5.1851852e-01 5.6973641e-01 8.6892189e-01 1.1880744e+00
5.2352352e-01 5.6785963e-01 8.6461485e-01 1.1798012e+00
5.2852853e-01 5.6655753e-01 8.6034406e-01 1.1717513e+00
5.3353353e-01 5.6517903e-01 8.5547236e-01 1.1634895e+00
5.3853854e-01 5.6463107e-01 8.5097583e-01 1.1560103e+00
5.4354354e-01 5.6340238e-01 8.4646286e-01 1.1478138e+00
5.4854855e-01 5.6223920e-01 8.4230934e-01 1.1399862e+00
5.5355355e-01 5.6127182e-01 8.3892872e-01 1.1325888e+00
5.5855856e-01 5.6083976e-01 8.3508714e-01 1.1249135e+00
5.6356356e-01 5.6015140e-01 8.3065093e-01 1.1184562e+00
5.6856857e-01 5.5949970e-01 8.2610542e-01 1.1116763e+00
5.7357357e-01 5.5818649e-01 8.2236985e-01 1.1046585e+00
5.7857858e-01 5.5760574e-01 8.1877676e-01 1.0979855e+00
5.8358358e-01 5.5682535e-01 8.1573695e-01 1.0923447e+00
5.8858859e-01 5.5573879e-01 8.1256460e-01 1.0866387e+00
5.9359359e-01 5.5488356e-01 8.0929900e-01 1.0807738e+00
5.9859860e-01 5.5412254e-01 8.0670258e-01 1.0764669e+00
6.0360360e-01 5.5251597e-01 8.0367758e-01 1.0729531e+00
6.0860861e-01 5.5183819e-01 8.0053408e-01 1.0694249e+00
6.1361361e-01 5.5163801e-01 7.9814419e-01 1.0651616e+00
6.1861862e-01 5.5076167e-01 7.9528582e-01 1.0621132e+00
6.2362362e-01 5.4965295e-01 7.9348951e-01 1.0595273e+00
6.2862863e-01 5.4871024e-01 7.9156142e-01 1.0572899e+00
6.3363363e-01 5.4774951e-01 7.8938888e-01 1.0549449e+00
6.3863864e-01 5.4582465e-01 7.8744160e-01 1.0532380e+00
6.4364364e-01 5.4501127e-01 7.8644695e-01 1.0519745e+00
6.4864865e-01 5.4413254e-01 7.8412042e-01 1.0516753e+00
6.5365365e-01 5.4304181e-01 7.8307187e-01 1.0504557e+00
6.5865866e-01 5.4265850e-01 7.8221578e-01 1.0499936e+00
6.6366366e-01 5.4160924e-01 7.8121827e-01 1.0501174e+00
6.6866867e-01 5.4045069e-01 7.8109230e-01 1.0504617e+00
6.7367367e-01 5.4010124e-01 7.8140947e-01 1.0517942e+00
6.7867868e-01 5.3972850e-01 7.8094695e-01 1.0530658e+00
6.8368368e-01 5.4031977e-01 7.8168208e-01 1.0547248e+00
6.8868869e-01 5.3998083e-01 7.8275935e-01 1.0570724e+00
6.9369369e-01 5.4025464e-01 7.8400011e-01 1.0605495e+00
6.9869870e-01 5.4103266e-01 7.8513547e-01 1.0631145e+00
7.0370370e-01 5.4161349e-01 7.8698141e-01 1.0664185e+00
7.0870871e-01 5.4209233e-01 7.8865716e-01 1.0701240e+00
7.1371371e-01 5.4381941e-01 7.9025992e-01 1.0732397e+00
7.1871872e-01 5.4477478e-01 7.9286339e-01 1.0777021e+00
7.2372372e-01 5.4492158e-01 7.9541136e-01 1.0829347e+00
7.2872873e-01 5.4596389e-01 7.9858827e-01 1.0881461e+00
7.3373373e-01 5.4687645e-01 8.0116109e-01 1.0926973e+00
7.3873874e-01 5.4866078e-01 8.0476785e-01 1.0985626e+00
7.4374374e-01 5.4961074e-01 8.0828816e-01 1.1038989e+00
7.4874875e-01 5.5172374e-01 8.1221661e-01 1.1098260e+00
7.5375375e-01 5.5407049e-01 8.1686201e-01 1.1147453e+00
7.5875876e-01 5.5567358e-01 8.2092321e-01 1.1217084e+00
7.6376376e-01 5.5821942e-01 8.2528058e-01 1.1279800e+00
7.6876877e-01 5.6016713e-01 8.2939959e-01 1.1346479e+00
7.7377377e-01 5.6177237e-01 8.3423662e-01 1.1411073e+00
7.7877878e-01 5.6377217e-01 8.3861408e-01 1.1478120e+00
7.8378378e-01 5.6599707e-01 8.4313151e-01 1.1544280e+00
7.8878879e-01 5.6738455e-01 8.4771351e-01 1.1619715e+00
7.9379379e-01 5.6940672e-01 8.5304257e-01 1.1685669e+00
7.9879880e-01 5.7214097e-01 8.5813913e-01 1.1752137e+00
8.0380380e-01 5.7481121e-01 8.6338966e-01 1.1830147e+00
8.0880881e-01 5.7752551e-01 8.6837316e-01 1.1908698e+00
8.1381381e-01 5.8057248e-01 8.7398030e-01 1.1981680e+00
8.1881882e-01 5.8341475e-01 8.7891187e-01 1.2049387e+00
8.2382382e-01 5.8554540e-01 8.8478788e-01 1.2108552e+00
8.2882883e-01 5.8776198e-01 8.9042362e-01 1.2184562e+00
8.3383383e-01 5.9013981e-01 8.9524942e-01 1.2265216e+00
8.3883884e-01 5.9317011e-01 9.0041697e-01 1.2336647e+00
8.4384384e-01 5.9523832e-01 9.0545873e-01 1.2406845e+00
8.4884885e-01 5.9768378e-01 9.1061290e-01 1.2486153e+00
8.5385385e-01 5.9932031e-01 9.1535336e-01 1.2559637e+00
8.5885886e-01 6.0079351e-01 9.2092348e-01 1.2624303e+00
8.6386386e-01 6.0251238e-01 9.2611340e-01 1.2690598e+00
8.6886887e-01 6.0290024e-01 9.3133080e-01 1.2769580e+00
8.7387387e-01 6.0438115e-01 9.3669937e-01 1.2834986e+00
8.7887888e-01 6.0564751e-01 9.4189275e-01 1.2904318e+00
8.8388388e-01 6.0739496e-01 9.4672277e-01 1.2971150e+00
8.8888889e-01 6.0890158e-01 9.5140989e-01 1.3035591e+00
8.9389389e-01 6.1030293e-01 9.5632896e-01 1.3093790e+00
8.9889890e-01 6.1155390e-01 9.6043041e-01 1.3162675e+00
9.0390390e-01 6.1358649e-01 9.6495871e-01 1.3225378e+00
9.0890891e-01 6.1640058e-01 9.6904944e-01 1.3286700e+00
9.1391391e-01 6.1887080e-01 9.7328875e-01 1.3337121e+00
9.1891892e-01 6.2037771e-01 9.7614725e-01 1.3407017e+00
9.2392392e-01 6.2205860e-01 9.7938243e-01 1.3455259e+00
9.2892893e-01 6.2327143e-01 9.8217567e-01 1.3503446e+00
9.3393393e-01 6.2378863e-01 9.8500011e-01 1.3553780e+00
9.3893894e-01 6.2357699e-01 9.8758893e-01 1.3601576e+00
9.4394394e-01 6.2317496e-01 9.8986853e-01 1.3650023e+00
9.4894895e-01 6.2250816e-01 9.9238486e-01 1.3692791e+00
9.5395395e-01 6.2148244e-01 9.9403834e-01 1.3739821e+00
9.5895896e-01 6.2024793e-01 9.9620803e-01 1.3778111e+00
9.6396396e-01 6.1996431e-01 9.9769335e-01 1.3810071e+00
9.6896897e-01 6.1891805e-01 9.9840988e-01 1.3831277e+00
9.7397397e-01 6.1770950e-01 9.9932883e-01 1.3855435e+00
9.7897898e-01 6.1624223e-01 1.0000000e+00 1.3860441e+00
9.8398398e-01 6.1455750e-01 9.9952847e-01 1.3870591e+00
9.8898899e-01 6.1300975e-01 9.9986097e-01 1.3875458e+00
9.9399399e-01 6.1079469e-01 9.9990742e-01 1.3885349e+00
9.9899900e-01 6.0873882e-01 9.9998067e-01 1.3904733e+00
1.0040040e+00 6.0650877e-01 9.9906764e-01 1.3926626e+00
1.0090090e+00 6.0415604e-01 9.9735885e-01 1.3945519e+00
1.0140140e+00 6.0143791e-01 9.9539343e-01 1.3967620e+00
1.0190190e+00 5.9829201e-01 9.9347232e-01 1.3977010e+00
1.0240240e+00 5.9407665e-01 9.9034687e-01 1.3983766e+00
1.0290290e+00 5.8925937e-01 9.8717424e-01 1.3983267e+00
1.0340340e+00 5.8559515e-01 9.8306273e-01 1.3978197e+00
1.0390390e+00 5.8271856e-01 9.7893413e-01 1.3954597e+00
1.0440440e+00 5.8124950e-01 9.7422836e-01 1.3919501e+00
1.0490490e+00 5.8074438e-01 9.6992732e-01 1.3872147e+00
1.0540541e+00 5.7964288e-01 9.6502393e-01 1.3814966e+00
1.0590591e+00 5.7806498e-01 9.5958600e-01 1.3750992e+00
1.0640641e+00 5.7569916e-01 9.5418760e-01 1.3679564e+00
1.0690691e+00 5.7272425e-01 9.4867039e-01 1.3605936e+00
1.0740741e+00 5.6894986e-01 9.4276014e-01 1.3523658e+00
1.0790791e+00 5.6486985e-01 9.3651808e-01 1.3434639e+00
1.0840841e+00 5.6039865e-01 9.3005924e-01 1.3332212e+00
1.0890891e+00 5.5580888e-01 9.2321111e-01 1.3238379e+00
1.0940941e+00 5.5146459e-01 9.1592444e-01 1.3132251e+00
1.0990991e+00 5.4715265e-01 9.0840410e-01 1.3016676e+00
1.1041041e+00 5.4289162e-01 9.0055553e-01 1.2906093e+00
1.1091091e+00 5.3848374e-01 8.9332816e-01 1.2792329e+00
1.1141141e+00 5.3392831e-01 8.8652753e-01 1.2688523e+00
1.1191191e+00 5.2788159e-01 8.7954654e-01 1.2600684e+00
1.1241241e+00 5.2004406e-01 8.7151825e-01 1.2497184e+00
1.1291291e+00 5.1161431e-01 8.6278923e-01 1.2400711e+00
1.1341341e+00 5.0325458e-01 8.5386061e-01 1.2292705e+00
1.1391391e+00 4.9485151e-01 8.4472229e-01 1.2174513e+00
1.1441441e+00 4.8609665e-01 8.3501080e-01 1.2060592e+00
1.1491491e+00 4.7762300e-01 8.2519021e-01 1.1924054e+00
1.1541542e+00 4.6927044e-01 8.1466142e-01 1.1792658e+00
1.1591592e+00 4.6084655e-01 8.0582174e-01 1.1674867e+00
1.1641642e+00 4.5229996e-01 7.9665396e-01 1.1557835e+00
1.1691692e+00 4.4373233e-01 7.8644004e-01 1.1432937e+00
1.1741742e+00 4.3528533e-01 7.7496857e-01 1.1311168e+00
1.1791792e+00 4.2674352e-01 7.6278207e-01 1.1170009e+00
1.1841842e+00 4.1854445e-01 7.5047775e-01 1.1027395e+00
1.1891892e+00 4.0986639e-01 7.3822131e-01 1.0873202e+00
1.1941942e+00 4.0110673e-01 7.2540982e-01 1.0727437e+00
1.1991992e+00 3.9247052e-01 7.1207933e-01 1.0579529e+00
1.2042042e+00 3.8396443e-01 6.9910157e-01 1.0425225e+00
1.2092092e+00 3.7532117e-01 6.8576321e-01 1.0268408e+00
1.2142142e+00 3.6679499e-01 6.7282932e-01 1.0110752e+00
1.2192192e+00 3.5821134e-01 6.6048091e-01 9.9404256e-01
1.2242242e+00 3.4969101e-01 6.4773434e-01 9.7837907e-01
1.2292292e+00 3.4149450e-01 6.3517615e-01 9.6262830e-01
1.2342342e+00 3.3316285e-01 6.2299719e-01 9.4589103e-01
1.2392392e+00 3.2533845e-01 6.1067064e-01 9.2877523e-01
1.2442442e+00 3.1756702e-01 5.9848844e-01 9.1184836e-01
1.2492492e+00 3.1033467e-01 5.8655181e-01 8.9443853e-01
1.2542543e+00 3.0313633e-01 5.7447458e-01 8.7700539e-01
1.2592593e+00 2.9578363e-01 5.6286051e-01 8.5955761e-01
1.2642643e+00 2.8850793e-01 5.5091425e-01 8.4241465e-01
1.2692693e+00 2.8152655e-01 5.3931529e-01 8.2542867e-01
1.2742743e+00 2.7488427e-01 5.2767207e-01 8.0813157e-01
1.2792793e+00 2.6818564e-01 5.1607609e-01 7.9096874e-01
1.2842843e+00 2.6171673e-01 5.0432414e-01 7.7376721e-01
1.2892893e+00 2.5543014e-01 4.9267431e-01 7.5676354e-01
1.2942943e+00 2.4857055e-01 4.8100795e-01 7.4012515e-01
1.2992993e+00 2.4215162e-01 4.6928803e-01 7.2367658e-01
1.3043043e+00 2.3565754e-01 4.5738855e-01 7.0711802e-01
1.3093093e+00 2.2894358e-01 4.4557097e-01 6.9103162e-01
1.3143143e+00 2.2220507e-01 4.3397388e-01 6.7503398e-01
1.3193193e+00 2.1530025e-01 4.2226065e-01 6.5845349e-01
1.3243243e+00 2.0850364e-01 4.1036245e-01 6.4226811e-01
1.3293293e+00 2.0173178e-01 3.9888087e-01 6.2608529e-01
1.3343343e+00 1.9495196e-01 3.8709005e-01 6.0976456e-01
1.3393393e+00 1.8827165e-01 3.7573722e-01 5.9372240e-01
1.3443443e+00 1.8167720e-01 3.6433595e-01 5.7839307e-01
1.3493493e+00 1.7516271e-01 3.5302900e-01 5.6270711e-01
1.3543544e+00 1.6875429e-01 3.4178689e-01 5.4709031e-01
1.3593594e+00 1.6247022e-01 3.3116106e-01 5.3118961e-01
1.3643644e+00 1.5622899e-01 3.2038938e-01 5.1597672e-01
1.3693694e+00 1.5015499e-01 3.0984892e-01 5.0097591e-01
1.3743744e+00 1.4415059e-01 2.9975629e-01 4.8601292e-01
1.3793794e+00 1.3833995e-01 2.8996614e-01 4.7152182e-01
1.3843844e+00 1.3264386e-01 2.8046617e-01 4.5715396e-01
1.3893894e+00 1.2719493e-01 2.7094541e-01 4.4285989e-01
1.3943944e+00 1.2188552e-01 2.6146572e-01 4.2907710e-01
1.3993994e+00 1.1671270e-01 2.5243731e-01 4.1555448e-01
1.4044044e+00 1.1167275e-01 2.4353369e-01 4.0207289e-01
1.4094094e+00 1.0682759e-01 2.3476614e-01 3.8896176e-01
1.4144144e+00 1.0210406e-01 2.2626025e-01 3.7598059e-01
1.4194194e+00 9.7546993e-02 2.1786434e-01 3.6353070e-01
1.4244244e+00 9.3150986e-02 2.0976449e-01 3.5124421e-01
1.4294294e+00 8.8909275e-02 2.0192123e-01 3.3901474e-01
1.4344344e+00 8.4837311e-02 1.9420468e-01 3.2713600e-01
1.4394394e+00 8.0852181e-02 1.8686244e-01 3.1546008e-01
1.4444444e+00 7.7081737e-02 1.7972657e-01 3.0406117e-01
1.4494494e+00 7.3440061e-02 1.7270974e-01 2.9297995e-01
1.4544545e+00 6.9885594e-02 1.6596929e-01 2.8231074e-01
1.4594595e+00 6.6522489e-02 1.5935376e-01 2.7183506e-01
1.4644645e+00 6.3247548e-02 1.5306356e-01 2.6160795e-01
1.4694695e+00 6.0160438e-02 1.4690602e-01 2.5154453e-01
1.4744745e+00 5.7188727e-02 1.4088321e-01 2.4171246e-01
1.4794795e+00 5.4316947e-02 1.3505275e-01 2.3225068e-01
1.4844845e+00 5.1585060e-02 1.2944106e-01 2.2302763e-01
1.4894895e+00 4.8963050e-02 1.2404737e-01 2.1422184e-01
1.4944945e+00 4.6451444e-02 1.1868352e-01 2.0563895e-01
1.4994995e+00 4.4037002e-02 1.1357116e-01 1.9720815e-01
1.5045045e+00 4.1730587e-02 1.0855834e-01 1.8901635e-01
1.5095095e+00 3.9527665e-02 1.0374199e-01 1.8107895e-01
1.5145145e+00 3.7418449e-02 9.9153875e-02 1.7338262e-01
1.5195195e+00 3.5412993e-02 9.4684408e-02 1.6599175e-01
1.5245245e+00 3.3505096e-02 9.0383503e-02 1.5885213e-01
1.5295295e+00 3.1671317e-02 8.6223310e-02 1.5193110e-01
1.5345345e+00 2.9926557e-02 8.2167099e-02 1.4521901e-01
1.5395395e+00 2.8262173e-02 7.8353297e-02 1.3873907e-01
1.5445445e+00 2.6671282e-02 7.4655859e-02 1.3247202e-01
1.5495495e+00 2.5160773e-02 7.1093319e-02 1.2630355e-01
1.5545546e+00 2.3721765e-02 6.7662058e-02 1.2046342e-01
1.5595596e+00 2.2361176e-02 6.4413759e-02 1.1489904e-01
1.5645646e+00 2.1059987e-02 6.1248394e-02 1.0947100e-01
1.5695696e+00 1.9827893e-02 5.8257201e-02 1.0430769e-01
1.5745746e+00 1.8655328e-02 5.5326910e-02 9.9296564e-02
1.5795796e+00 1.7544173e-02 5.2540052e-02 9.4470020e-02
1.5845846e+00 1.6494043e-02 4.9908684e-02 8.9800522e-02
1.5895896e+00 1.5496269e-02 4.7341586e-02 8.5383631e-02
1.5945946e+00 1.4547490e-02 4.4879421e-02 8.1140435e-02
1.5995996e+00 1.3651283e-02 4.2560061e-02 7.7033497e-02
1.6046046e+00 1.2799500e-02 4.0342459e-02 7.3140319e-02
1.6096096e+00 1.1993562e-02 3.8201987e-02 6.9388370e-02
1.6146146e+00 1.1239873e-02 3.6182148e-02 6.5814666e-02
1.6196196e+00 1.0526435e-02 3.4226057e-02 6.2414260e-02
1.6246246e+00 9.8509367e-03 3.2362400e-02 5.9088797e-02
1.6296296e+00 9.2145237e-03 3.0575382e-02 5.5935821e-02
1.6346346e+00 8.6154400e-03 2.8879651e-02 5.2927613e-02
1.6396396e+00 8.0484567e-03 2.7266383e-02 5.0067899e-02
1.6446446e+00 7.5112232e-03 2.5731416e-02 4.7322380e-02
1.6496496e+00 7.0101311e-03 2.4271640e-02 4.4714825e-02
1.6546547e+00 6.5402457e-03 2.2885609e-02 4.2222172e-02
1.6596597e+00 6.0974988e-03 2.1568401e-02 3.9845544e-02
1.6646647e+00 5.6819545e-03 2.0310359e-02 3.7577784e-02
1.6696697e+00 5.2934834e-03 1.9121707e-02 3.5441878e-02
1.6746747e+00 4.9261729e-03 1.7996164e-02 3.3386185e-02
1.6796797e+00 4.5808080e-03 1.6920717e-02 3.1447065e-02
1.6846847e+00 4.2588995e-03 1.5903473e-02 2.9606791e-02
1.6896897e+00 3.9578225e-03 1.4942306e-02 2.7857079e-02
1.6946947e+00 3.6762353e-03 1.4034933e-02 2.6180590e-02
1.6996997e+00 3.4120055e-03 1.3171537e-02 2.4610587e-02
1.7047047e+00 3.1661194e-03 1.2351555e-02 2.3126635e-02
1.7097097e+00 2.9365064e-03 1.1581839e-02 2.1711625e-02
1.7147147e+00 2.7218838e-03 1.0852024e-02 2.0362890e-02
1.7197197e+00 2.5213947e-03 1.0164382e-02 1.9112886e-02
1.7247247e+00 2.3344428e-03 9.5159743e-03 1.7919120e-02
1.7297297e+00 2.1602953e-03 8.9088405e-03 1.6782034e-02
1.7347347e+00 1.9980883e-03 8.3268705e-03 1.5721973e-02
1.7397397e+00 1.8475780e-03 7.7812372e-03 1.4717986e-02
1.7447447e+00 1.7075854e-03 7.2688788e-03 1.3773763e-02
1.7497497e+00 1.5772732e-03 6.7863492e-03 1.2878957e-02
1.7547548e+00 1.4561689e-03 6.3346889e-03 1.2037348e-02
1.7597598e+00 1.3437527e-03 5.9102850e-03 1.1244572e-02
1.7647648e+00 1.2386926e-03 5.5083465e-03 1.0494459e-02
1.7697698e+00 1.1422437e-03 5.1316938e-03 9.7908128e-03
1.7747748e+00 1.0521841e-03 4.7777058e-03 9.1306346e-03
1.7797798e+00 9.6856570e-04 4.4474609e-03 8.5096822e-03
1.7847848e+00 8.9135743e-04 4.1372141e-03 7.9270492e-03
1.7897898e+00 8.2029866e-04 3.8459936e-03 7.3804966e-03
1.7947948e+00 7.5425388e-04 3.5741483e-03 6.8658273e-03
1.7997998e+00 6.9293169e-04 3.3202160e-03 6.3837885e-03
1.8048048e+00 6.3635455e-04 3.0819620e-03 5.9359093e-03
1.8098098e+00 5.8453639e-04 2.8598210e-03 5.5141659e-03
1.8148148e+00 5.3620635e-04 2.6530048e-03 5.1180287e-03
1.8198198e+00 4.9184234e-04 2.4598652e-03 4.7485092e-03
1.8248248e+00 4.5067243e-04 2.2782383e-03 4.4025976e-03
1.8298298e+00 4.1277626e-04 2.1089401e-03 4.0809842e-03
1.8348348e+00 3.7778326e-04 1.9514731e-03 3.7786241e-03
1.8398398e+00 3.4586754e-04 1.8057649e-03 3.4996437e-03
1.8448448e+00 3.1645297e-04 1.6686735e-03 3.2378625e-03
1.8498498e+00 2.8926852e-04 1.5409561e-03 2.9950243e-03
1.8548549e+00 2.6419093e-04 1.4225262e-03 2.7684522e-03
1.8598599e+00 2.4115797e-04 1.3128158e-03 2.5582124e-03
1.8648649e+00 2.2008719e-04 1.2109978e-03 2.3632798e-03
1.8698699e+00 2.0070036e-04 1.1163701e-03 2.1810684e-03
1.8748749e+00 1.8292813e-04 1.0286076e-03 2.0122587e-03
1.8798799e+00 1.6667443e-04 9.4759812e-04 1.8558110e-03
1.8848849e+00 1.5179404e-04 8.7171336e-04 1.7104534e-03
1.8898899e+00 1.3824559e-04 8.0195282e-04 1.5752917e-03
1.8948949e+00 1.2572039e-04 7.3773205e-04 1.4507578e-03
1.8998999e+00 1.1435621e-04 6.7778492e-04 1.3345118e-03
1.9049049e+00 1.0390056e-04 6.2261771e-04 1.2274810e-03
1.9099099e+00 9.4349674e-05 5.7156591e-04 1.1284195e-03
1.9149149e+00 8.5659796e-05 5.2434979e-04 1.0365144e-03
1.9199199e+00 7.7748270e-05 4.8076835e-04 9.5117542e-04
1.9249249e+00 7.0544795e-05 4.4068477e-04 8.7265953e-04
1.9299299e+00 6.3948093e-05 4.0360645e-04 8.0070562e-04
1.9349349e+00 5.7947329e-05 3.6942020e-04 7.3425590e-04
1.9399399e+00 5.2469627e-05 3.3804350e-04 6.7269216e-04
1.9449449e+00 4.7480470e-05 3.0911630e-04 6.1606524e-04
1.9499499e+00 4.2952926e-05 2.8262229e-04 5.6388243e-04
1.9549550e+00 3.8811816e-05 2.5822358e-04 5.1567902e-04
1.9599600e+00 3.5061882e-05 2.3572785e-04 4.7109804e-04
1.9649650e+00 3.1659932e-05 2.1515584e-04 4.3056487e-04
1.9699700e+00 2.8571166e-05 1.9624305e-04 3.9304066e-04
1.9749750e+00 2.5773900e-05 1.7892078e-04 3.5877737e-04
1.9799800e+00 2.3230657e-05 1.6297219e-04 3.2731268e-04
1.9849850e+00 2.0946481e-05 1.4843669e-04 2.9836915e-04
1.9899900e+00 1.8871841e-05 1.3512795e-04 2.7192174e-04
1.9949950e+00 1.6993379e-05 1.2291918e-04 2.4779213e-04
2.0000000e+00 1.5294188e-05 1.1173921e-04 2.2557292e-04
